0 0.477238 0.833806 0.0163886 0.0690338 17401
0 0.45325 0.833863 0.0120754 0.0666497 17402
0 0.830243 0.834724 0.0174164 0.0332292 17403
0 0.71878 0.830284 0.0144867 0.0316749 17404
0 0.779259 0.778851 0.00924292 0.0442922 17405
0 0.0760377 0.901413 0.0104368 0.0665587 17406
0 0.794073 0.775294 0.00919619 0.046823 17407
0 0.843331 0.764984 0.00831471 0.0461592 17408
0 0.699745 0.794145 0.01082 0.0497542 17409
0 0.746148 0.784231 0.00957098 0.0452121 17410
0 0.929034 0.750328 0.0108747 0.0475133 17411
0 0.514563 0.808406 0.00891991 0.0406843 17412
0 0.953363 0.848888 0.0219866 0.0397434 17413
0 0.835109 0.770195 0.00747795 0.0420305 17414
0 0.757217 0.784156 0.0085475 0.045222 17415
0 0.855799 0.83151 0.0168886 0.0352417 17416
0 0.973652 0.762507 0.0186958 0.0281457 17417
0 0.354918 0.989157 0.0144366 0.0216034 17418
0 0.197921 0.915729 0.0463444 0.0318888 17419
0 0.0064307 0.751241 0.01038 0.0183462 17420
0 0.852324 0.832212 0.0241425 0.0374132 17421
0 0.322913 0.7097 0.00570383 0.0141613 17422
0 0.905153 0.972611 0.0424458 0.0419135 17423
0 0.577747 0.875215 0.0327391 0.0159668 17424
0 0.320075 0.750347 0.00809369 0.0127533 17425
0 0.369038 0.751269 0.0070353 0.0148855 17426
0 0.675728 0.816106 0.0145132 0.0178399 17427
0 0.114719 0.98188 0.0302981 0.0235423 17428
0 0.488451 0.77682 0.00795145 0.0218662 17429
0 0.0714404 0.751232 0.00753026 0.0181929 17430
0 0.894171 0.97532 0.0659285 0.0465283 17431
0 0.996042 0.810688 0.00750732 0.0218794 17432
0 0.50977 0.813024 0.00434227 0.0272151 17433
0 0.90272 0.679193 0.00630589 0.0177846 17434
0 0.679068 0.816135 0.0208206 0.0180856 17435
0 0.530078 0.738324 0.0146423 0.0115557 17436
0 0.792838 0.695216 0.0072628 0.0119533 17437
0 0.00270117 0.978749 0.00536597 0.0198524 17438
0 0.436417 0.909211 0.0188017 0.0473204 17439
0 0.391775 0.816986 0.017913 0.0539468 17440
0 0.895652 0.757354 0.00626373 0.0378845 17441
0 0.890045 0.760101 0.0074852 0.0373267 17442
0 0.00531645 0.978856 0.0105964 0.0206375 17443
0 0.0221305 0.939085 0.044187 0.0300171 17444
0 0.894642 0.758277 0.0101891 0.042621 17445
0 0.110372 0.981698 0.0216765 0.0222658 17446
0 0.109156 0.984025 0.0434499 0.0271654 17447
0 0.772857 0.812593 0.00805979 0.0146808 17448
0 0.77417 0.812465 0.0193107 0.0165236 17449
0 0.464175 0.778302 0.00897951 0.0192766 17450
0 0.00287499 0.984199 0.0056751 0.0306461 17451
0 0.540505 0.849485 0.00711994 0.0268517 17452
0 0.772735 0.812193 0.0130981 0.0152757 17453
0 0.937016 0.867023 0.0132549 0.0161947 17454
0 0.0533733 0.752517 0.00498077 0.00715603 17455
0 0.7556 0.785307 0.0120898 0.0432614 17456
0 0.77652 0.813166 0.0137774 0.0148994 17457
0 0.885898 0.979599 0.0502832 0.0385395 17458
0 0.884777 0.684466 0.00508842 0.0120463 17459
0 0.512096 0.81242 0.00803452 0.0343172 17460
0 0.936045 0.74073 0.00851212 0.0296812 17461
0 0.769933 0.8121 0.0133178 0.0156123 17462
0 0.978712 0.651615 0.00702324 0.0213506 17463
0 0.767337 0.812413 0.0077076 0.0140377 17464
0 0.921866 0.97336 0.0266411 0.041766 17465
0 0.872537 0.845998 0.0148048 0.0157932 17466
0 0.199485 0.729237 0.00843957 0.0107508 17467
0 0.102437 0.993868 0.060899 0.0095398 17468
0 0.949245 0.865476 0.0374004 0.0190976 17469
0 0.914538 0.973627 0.0409622 0.0433265 17470
0 0.948381 0.850993 0.0286467 0.0452443 17471
0 0.119232 0.984132 0.0390294 0.0244086 17472
0 0.767546 0.698206 0.00751324 0.0153397 17473
0 0.917318 0.970742 0.0152657 0.0394396 17474
0 0.89092 0.755454 0.0102507 0.0462067 17475
0 0.156111 0.73913 0.0161469 0.0102821 17476
0 0.00911653 0.978975 0.0180523 0.0220598 17477
0 0.585332 0.907325 0.0445484 0.023377 17478
0 0.693158 0.788274 0.00873013 0.0275123 17479
0 0.923883 0.977727 0.0227551 0.0324832 17480
0 0.120753 0.985945 0.0195111 0.0226573 17481
0 0.863427 0.833683 0.0337955 0.0396993 17482
0 0.0965421 0.994013 0.0484123 0.00783844 17483
0 0.00783462 0.98341 0.0155953 0.0303663 17484
0 0.585761 0.909507 0.0436201 0.019181 17485
0 0.883049 0.983735 0.0445892 0.0311171 17486
0 0.936576 0.737814 0.00991402 0.0376324 17487
0 0.955092 0.868412 0.0306522 0.0110563 17488
0 0.1248 0.986428 0.0269367 0.0216312 17489
0 0.843042 0.832599 0.0427151 0.0386203 17490
0 0.464453 0.7756 0.0105102 0.025833 17491
0 0.925559 0.98561 0.0184975 0.016856 17492
0 0.955621 0.867526 0.0530127 0.0144058 17493
