0 0.452598 0.833522 0.012754 0.0674071 None
0 0.83063 0.834961 0.0174921 0.0328654 None
0 0.843521 0.765825 0.00718117 0.0479774 None
0 0.772104 0.778796 0.00783024 0.0425464 None
0 0.565046 0.81337 0.0125127 0.0496438 None
0 0.953531 0.849901 0.0222416 0.042179 None
0 0.815634 0.770383 0.00861778 0.0516683 None
0 0.736755 0.78601 0.00809269 0.0457781 None
0 0.797066 0.774778 0.0105443 0.0496033 None
0 0.702879 0.793399 0.00945072 0.0442983 None
0 0.687916 0.796252 0.0096549 0.043729 None
0 0.754895 0.783025 0.00716934 0.045941 None
0 0.69509 0.794766 0.00813751 0.043556 None
0 0.717801 0.830049 0.0134977 0.0319292 None
0 0.939005 0.728032 0.00632401 0.0213311 None
0 0.856423 0.830973 0.0143175 0.0340278 None
0 0.0220958 0.938596 0.0441916 0.0281693 None
0 0.00491443 0.74832 0.00943409 0.0185659 None
0 0.852955 0.831461 0.0220587 0.0345818 None
0 0.115233 0.981041 0.0306701 0.022938 None
0 0.893885 0.97576 0.06674 0.0467929 None
0 0.906684 0.97235 0.0430431 0.04155 None
0 0.676948 0.815915 0.0176081 0.0175975 None
0 0.275763 0.728858 0.00572615 0.0155153 None
0 0.972592 0.763276 0.0146893 0.0253838 None
0 0.287936 0.725684 0.00781631 0.0142626 None
0 0.432281 0.91477 0.0272868 0.037738 None
0 0.198397 0.916362 0.0446431 0.0313619 None
0 0.0643583 0.742189 0.00793276 0.0298672 None
0 0.354527 0.989283 0.0153817 0.0214345 None
0 0.712939 0.830256 0.0241013 0.0329659 None
0 0.31658 0.713818 0.00579338 0.0181793 None
0 0.119955 0.982726 0.040375 0.026142 None
0 0.972586 0.670902 0.00467415 0.0155282 None
0 0.522065 0.734484 0.00816555 0.0109411 None
0 0.134567 0.736994 0.00451126 0.00957387 None
0 0.0643026 0.735689 0.00712529 0.0176351 None
0 0.0619806 0.745479 0.0134464 0.0255166 None
0 0.0023235 0.976429 0.00460524 0.0243164 None
0 0.274597 0.729231 0.00757809 0.016453 None
0 0.884312 0.980283 0.0476944 0.037796 None
0 0.420383 0.761262 0.0213579 0.0100054 None
0 0.0057738 0.975846 0.0114787 0.026157 None
0 0.427589 0.827194 0.0388293 0.013092 None
0 0.146069 0.737134 0.00707326 0.00921529 None
0 0.787953 0.783639 0.00695038 0.0327488 None
0 0.480034 0.858241 0.0335964 0.0217997 None
0 0.440811 0.919145 0.0103203 0.0246589 None
0 0.786878 0.784133 0.00603447 0.0317305 None
0 0.576678 0.875749 0.0324651 0.0139489 None
0 0.0624339 0.739086 0.011723 0.0245433 None
0 0.0994293 0.994119 0.0546407 0.0086107 None
0 0.107512 0.98377 0.0657407 0.027947 None
0 0.184253 0.734439 0.0116396 0.00903507 None
0 0.996007 0.81122 0.00757332 0.0213545 None
0 0.996201 0.815983 0.00718403 0.0118239 None
0 0.92205 0.972517 0.0268597 0.0424532 None
0 0.140964 0.736695 0.0163856 0.0107263 None
0 0.953637 0.661349 0.00454082 0.0104212 None
0 0.950091 0.855942 0.015579 0.0292738 None
0 0.97995 0.666978 0.00800896 0.0275414 None
0 0.391272 0.81735 0.0169878 0.0536689 None
0 0.104669 0.993069 0.065179 0.0101376 None
0 0.958301 0.67237 0.00708714 0.0196626 None
0 0.00604763 0.758721 0.0119772 0.00883399 None
0 0.9576 0.850086 0.0144894 0.0397359 None
0 0.428245 0.917642 0.022463 0.0317724 None
0 0.928148 0.679628 0.0057991 0.0111569 None
0 0.770699 0.812724 0.0149126 0.0154505 None
0 0.881717 0.985417 0.042532 0.0279758 None
0 0.540947 0.849365 0.00756187 0.0266439 None
0 0.0625402 0.759014 0.023742 0.00865343 None
0 0.916111 0.970095 0.0135056 0.0391883 None
0 0.418068 0.780893 0.0124808 0.0170447 None
0 0.418412 0.780056 0.00781231 0.0178216 None
0 0.97518 0.771434 0.0176422 0.0105791 None
0 0.904589 0.975586 0.0381653 0.0327891 None
0 0.420638 0.915243 0.0504191 0.0393914 None
0 0.794577 0.775696 0.0142128 0.0496304 None
0 0.0610878 0.743861 0.0183442 0.0337428 None
0 0.132987 0.737185 0.00860634 0.0108188 None
0 0.419702 0.772459 0.0188084 0.0320741 None
0 0.939395 0.736717 0.00758934 0.00668572 None
0 0.958009 0.675372 0.00887146 0.0241984 None
0 0.767837 0.812982 0.00955534 0.015083 None
0 0.989885 0.770038 0.0197857 0.00819109 None
0 0.979822 0.655897 0.00575638 0.0211607 None
0 0.983918 0.672409 0.00562515 0.0153651 None
0 0.856746 0.835215 0.0454332 0.0383352 None
0 0.863149 0.832959 0.0319317 0.0389255 None
0 0.852758 0.84887 0.0246485 0.00870226 None
0 0.935777 0.866854 0.0111004 0.0148817 None
0 0.00927591 0.976227 0.0182539 0.0283905 None
0 0.153432 0.983784 0.0178288 0.012344 None
0 0.940078 0.728267 0.00855217 0.0229889 None
0 0.30451 0.71891 0.00837841 0.00824704 None
0 0.531854 0.817325 0.0649946 0.026298 None
0 0.773275 0.812585 0.0208885 0.0171244 None
0 0.711749 0.839046 0.025696 0.0168538 None
0 0.349639 0.989337 0.0260652 0.0212048 None
0 0.879672 0.682891 0.00755234 0.0148377 None
0 0.952995 0.859118 0.0201328 0.0249415 None
0 0.524946 0.735673 0.0148697 0.0103665 None
0 0.990293 0.767919 0.0189335 0.0111788 None
0 0.372768 0.756734 0.0112486 0.00920478 None
0 0.778862 0.81463 0.00909138 0.0127126 None
0 0.780196 0.698723 0.00609169 0.0164661 None
0 0.773911 0.779472 0.0107708 0.0424398 None
0 0.127842 0.988238 0.0233884 0.0173659 None
0 0.110631 0.983321 0.0371037 0.0229009 None
0 0.27284 0.73747 0.0234773 0.00890164 None
0 0.981696 0.763077 0.0357342 0.025865 None
0 0.593041 0.90901 0.0618301 0.0211117 None
0 0.755291 0.781022 0.00999985 0.0482751 None
0 0.957069 0.670849 0.0113701 0.0291651 None
0 0.592703 0.906958 0.0620411 0.024411 None
0 0.971608 0.862404 0.0329617 0.0118256 None
0 0.98036 0.665299 0.00948563 0.0334193 None
0 0.486408 0.858066 0.0213215 0.020442 None
0 0.964317 0.850898 0.0457275 0.0445774 None
0 0.934065 0.739935 0.0203197 0.00809614 None
0 0.965575 0.862928 0.0434225 0.0129418 None
0 0.990137 0.765843 0.0192616 0.0134588 None
0 0.958162 0.667209 0.00806828 0.0183119 None
0 0.871746 0.845442 0.013101 0.0152429 None
