0 0.452845 0.833726 0.0116924 0.0675625 None
0 0.464727 0.838176 0.0149282 0.0627113 None
0 0.706823 0.791148 0.00980501 0.047604 None
0 0.830743 0.834393 0.0173872 0.033982 None
0 0.695172 0.793612 0.00964785 0.0466465 None
0 0.795225 0.775622 0.0106387 0.0497043 None
0 0.806926 0.774485 0.00870152 0.0451328 None
0 0.534139 0.817136 0.00932884 0.0409251 None
0 0.718593 0.830175 0.0145657 0.0316043 None
0 0.878598 0.758775 0.00932159 0.048448 None
0 0.75509 0.782218 0.00819664 0.0488883 None
0 0.745194 0.78491 0.0101456 0.0503749 None
0 0.844972 0.765819 0.0118649 0.0490182 None
0 0.856337 0.830446 0.0166203 0.0333281 None
0 0.338485 0.756027 0.00711279 0.0201748 None
0 0.968525 0.737979 0.00678806 0.0327786 None
0 0.276113 0.727993 0.00707078 0.0163301 None
0 0.457108 0.783421 0.0080225 0.024413 None
0 0.953531 0.849387 0.0219458 0.0413791 None
0 0.892432 0.976243 0.061915 0.0453998 None
0 0.823212 0.780568 0.00562935 0.0291867 None
0 0.0711766 0.742963 0.00716376 0.0277371 None
0 0.435177 0.913778 0.0208431 0.037561 None
0 0.957197 0.84815 0.0151009 0.0383742 None
0 0.198303 0.91584 0.0457939 0.0313299 None
0 0.960005 0.742136 0.00860825 0.0320823 None
0 0.0083066 0.747492 0.00920966 0.0184899 None
0 0.904082 0.97305 0.0386887 0.039301 None
0 0.931622 0.727857 0.00639458 0.0228882 None
0 0.319363 0.710797 0.0055479 0.0183723 None
0 0.115993 0.983526 0.0318101 0.0243039 None
0 0.354474 0.98929 0.0154917 0.0213589 None
0 0.529685 0.74041 0.00829201 0.00891775 None
0 0.974033 0.762353 0.0174191 0.027941 None
0 0.0221352 0.93848 0.0442704 0.0280701 None
0 0.77204 0.698302 0.00617409 0.0183526 None
0 0.879134 0.679182 0.00775871 0.0196211 None
0 0.00588571 0.975735 0.0117067 0.0262968 None
0 0.85404 0.831581 0.0219664 0.0362264 None
0 0.675343 0.815278 0.0155743 0.0206441 None
0 0.897321 0.678995 0.00640068 0.0207803 None
0 0.0520878 0.752046 0.00380707 0.00599433 None
0 0.109552 0.984202 0.0486509 0.0261237 None
0 0.534081 0.74076 0.0175882 0.00942264 None
0 0.788979 0.698999 0.00453844 0.016569 None
0 0.147338 0.73956 0.022142 0.00861443 None
0 0.097554 0.994394 0.0499237 0.00818753 None
0 0.883771 0.982517 0.0454166 0.0333757 None
0 0.91971 0.680642 0.00824528 0.0144591 None
0 0.714811 0.83082 0.0225636 0.0319048 None
0 0.973465 0.673646 0.00585766 0.0181986 None
0 0.102784 0.993206 0.0604998 0.00962219 None
0 0.39126 0.831895 0.0183703 0.0851291 None
0 0.00970865 0.97614 0.0193946 0.0281609 None
0 0.958707 0.757608 0.00878944 0.0240726 None
0 0.154314 0.739167 0.00824871 0.00746833 None
0 0.304388 0.729509 0.00652742 0.00992228 None
0 0.995885 0.813877 0.0078289 0.0145647 None
0 0.305473 0.730759 0.00438318 0.00786268 None
0 0.949282 0.858741 0.0133369 0.0226746 None
0 0.577531 0.875668 0.0331727 0.0142629 None
0 0.440941 0.772413 0.00827503 0.0205253 None
0 0.577496 0.875424 0.0325848 0.0139108 None
0 0.863854 0.833044 0.0326382 0.0383248 None
0 0.770797 0.812376 0.0136264 0.014915 None
0 0.109975 0.981504 0.020244 0.0223916 None
0 0.982726 0.674231 0.00533752 0.0172036 None
0 0.190086 0.734047 0.0124979 0.00836894 None
0 0.87277 0.845676 0.0141191 0.0144884 None
0 0.772811 0.812059 0.00867128 0.0145503 None
0 0.0728231 0.743635 0.0115532 0.0271803 None
0 0.123595 0.985198 0.0314757 0.0225064 None
0 0.947995 0.850693 0.0317385 0.0449251 None
0 0.313525 0.733155 0.0322748 0.00818092 None
0 0.0763002 0.739755 0.0044439 0.0116748 None
0 0.916295 0.971615 0.0131971 0.0365601 None
0 0.188175 0.734979 0.0157517 0.0101454 None
0 0.188475 0.734806 0.01583 0.0100162 None
0 0.922554 0.974945 0.0271938 0.0380948 None
0 0.958707 0.754895 0.0112476 0.0370022 None
0 0.535688 0.820587 0.0125687 0.0480648 None
0 0.981799 0.663517 0.00661945 0.0277161 None
0 0.0694807 0.742862 0.0113809 0.0280017 None
0 0.912294 0.974706 0.0483328 0.0436364 None
0 0.817976 0.776769 0.0162411 0.0201419 None
0 0.779801 0.816028 0.00774889 0.00992093 None
0 0.318601 0.712456 0.00739274 0.022641 None
0 0.77388 0.812748 0.0196925 0.016452 None
0 0.937105 0.866969 0.0134148 0.0151371 None
0 0.946287 0.859113 0.0304985 0.0290931 None
0 0.983067 0.677746 0.0054203 0.0145234 None
0 0.879662 0.985527 0.0372818 0.0279021 None
0 0.307193 0.730142 0.00877476 0.00851152 None
0 0.443572 0.773438 0.0134718 0.0221861 None
0 0.943876 0.865916 0.0260881 0.0173079 None
0 0.896969 0.678733 0.00842857 0.0225598 None
0 0.786642 0.699138 0.00909081 0.0169764 None
0 0.860842 0.845938 0.0384451 0.0157688 None
0 0.919035 0.973342 0.0198189 0.0399048 None
0 0.0105356 0.759861 0.0189837 0.00789422 None
0 0.318 0.716393 0.00739803 0.0100796 None
0 0.274601 0.73761 0.0101845 0.00663656 None
0 0.958027 0.74461 0.0128105 0.0380698 None
0 0.70742 0.832874 0.0361708 0.029226 None
