0 0.453201 0.833318 0.0117864 0.0684942 31197
0 0.830567 0.834608 0.0169918 0.0332611 31198
0 0.707326 0.790914 0.00964394 0.0463311 31199
0 0.873791 0.759509 0.00929585 0.0487164 31200
0 0.743456 0.78499 0.01087 0.0479631 31201
0 0.695742 0.793949 0.00992022 0.046403 31202
0 0.754687 0.782077 0.00861111 0.0488354 31203
0 0.804699 0.773611 0.00824509 0.0412069 31204
0 0.466295 0.845226 0.0170294 0.0498101 31205
0 0.718588 0.830096 0.0144946 0.0317949 31206
0 0.795934 0.775186 0.00874233 0.0476685 31207
0 0.0717098 0.739986 0.00692339 0.0269168 31208
0 0.538484 0.81359 0.0100248 0.0423208 31209
0 0.841846 0.766133 0.0112823 0.0478197 31210
0 0.856288 0.831127 0.016177 0.0319302 31211
0 0.340901 0.75605 0.0060236 0.021116 31212
0 0.820441 0.77874 0.00628166 0.0288276 31213
0 0.953517 0.84937 0.0219498 0.0414035 31214
0 0.974011 0.762551 0.019195 0.0274828 31215
0 0.892509 0.976243 0.0619068 0.0455048 31216
0 0.00851419 0.745979 0.00933696 0.0170936 31217
0 0.435244 0.913835 0.0207815 0.0373498 31218
0 0.957199 0.848194 0.0150864 0.0384557 31219
0 0.904123 0.973028 0.0387537 0.0391744 31220
0 0.116385 0.983438 0.032615 0.0242878 31221
0 0.274085 0.730185 0.00714331 0.0161553 31222
0 0.964872 0.743478 0.00921288 0.040015 31223
0 0.354453 0.989329 0.0155204 0.0212887 31224
0 0.198419 0.915807 0.0450036 0.0312402 31225
0 0.0221174 0.938158 0.0442349 0.0283047 31226
0 0.0661968 0.754709 0.0113377 0.00660773 31227
0 0.0057509 0.975663 0.0114582 0.0267195 31228
0 0.853882 0.832196 0.0217455 0.0353102 31229
0 0.972256 0.739661 0.00693378 0.0316806 31230
0 0.933128 0.727226 0.00627899 0.022231 31231
0 0.883911 0.984335 0.0454361 0.0295593 31232
0 0.0981214 0.994357 0.050531 0.00839318 31233
0 0.319739 0.707911 0.0069643 0.0176958 31234
0 0.107636 0.984274 0.0566582 0.0261827 31235
0 0.454002 0.78163 0.00732632 0.0240665 31236
0 0.391198 0.810631 0.0172672 0.044616 31237
0 0.885318 0.978801 0.0479973 0.0406915 31238
0 0.714642 0.830736 0.0228298 0.0322113 31239
0 0.675316 0.815205 0.0152149 0.0209534 31240
0 0.453872 0.776893 0.00723629 0.0150048 31241
0 0.534494 0.739839 0.0178505 0.0103034 31242
0 0.973099 0.674665 0.00494976 0.0159524 31243
0 0.996212 0.814126 0.00717239 0.0148763 31244
0 0.771794 0.699141 0.00670052 0.0177361 31245
0 0.534613 0.739805 0.01805 0.0104823 31246
0 0.0517586 0.751226 0.00483619 0.0057997 31247
0 0.391204 0.797596 0.00829253 0.0202518 31248
0 0.00961126 0.976165 0.0192225 0.0288152 31249
0 0.87261 0.845909 0.0141201 0.015408 31250
0 0.789775 0.698243 0.00458021 0.015595 31251
0 0.949282 0.85894 0.0133366 0.0223189 31252
0 0.301873 0.728456 0.0069046 0.0109684 31253
0 0.441309 0.768836 0.00895691 0.0165712 31254
0 0.57755 0.87544 0.032618 0.0140262 31255
0 0.191344 0.731849 0.0104181 0.00951928 31256
0 0.110059 0.981537 0.020433 0.022369 31257
0 0.577586 0.875663 0.03317 0.014387 31258
0 0.911372 0.972652 0.0236679 0.0385576 31259
0 0.770756 0.812405 0.0139316 0.0149468 31260
0 0.89685 0.684508 0.00403442 0.0121448 31261
0 0.920413 0.682818 0.00753021 0.0173272 31262
0 0.863927 0.833597 0.0324951 0.036913 31263
0 0.772183 0.812062 0.00998211 0.0146589 31264
0 0.143911 0.73737 0.0137621 0.00851339 31265
0 0.947959 0.850723 0.0319269 0.0449955 31266
0 0.273811 0.735687 0.00748353 0.00836351 31267
0 0.147049 0.737417 0.0232247 0.00901489 31268
0 0.123537 0.985352 0.031803 0.0222607 31269
0 0.937406 0.866984 0.0139847 0.015162 31270
0 0.922489 0.974851 0.027054 0.0385678 31271
0 0.0681377 0.752936 0.014254 0.0105021 31272
0 0.981858 0.678172 0.00645332 0.013708 31273
0 0.943747 0.866198 0.0258139 0.0166019 31274
0 0.895875 0.679615 0.00598373 0.0208674 31275
0 0.539632 0.823205 0.0105026 0.0627336 31276
0 0.706893 0.831321 0.0375252 0.0326833 31277
0 0.94647 0.859095 0.030905 0.0292141 31278
0 0.146554 0.736362 0.0177271 0.00865038 31279
0 0.779777 0.81629 0.00775633 0.00954675 31280
0 0.852914 0.845488 0.0260065 0.0142388 31281
0 0.311631 0.708661 0.0233615 0.0200256 31282
0 0.773753 0.812778 0.0200563 0.0165504 31283
0 0.968316 0.748854 0.014661 0.0507952 31284
0 0.840978 0.834395 0.038463 0.0351603 31285
0 0.00839836 0.748015 0.0109981 0.0171265 31286
0 0.297835 0.729136 0.00915375 0.0107378 31287
0 0.851257 0.843525 0.0211678 0.0144684 31288
0 0.860153 0.846052 0.0397825 0.0156988 31289
0 0.350162 0.989356 0.0251798 0.0212257 31290
0 0.8794 0.674852 0.00524368 0.00715909 31291
0 0.914179 0.974465 0.0444229 0.0433638 31292
0 0.191095 0.73369 0.0112818 0.0129079 31293
0 0.311018 0.713884 0.0225644 0.0091841 31294
0 0.967349 0.667551 0.00464706 0.00774536 31295
0 0.191637 0.731889 0.0116844 0.0105879 31296
0 0.153832 0.98306 0.0190115 0.0139191 31297
0 0.00639538 0.749665 0.00869941 0.0107747 31298
0 0.858772 0.845063 0.0386484 0.0161165 31299
0 0.879532 0.681298 0.00658054 0.0139321 31300
0 0.981044 0.662034 0.00551453 0.0168289 31301
0 0.46184 0.843563 0.00840244 0.0478288 31302
0 0.860298 0.795359 0.006213 0.0117381 31303
0 0.0734623 0.74005 0.0101985 0.0280663 31304
0 0.432168 0.912142 0.0257611 0.0429694 31305
