0 0.452714 0.833441 0.0134812 0.0666412 19354
0 0.477266 0.833924 0.0126713 0.0674567 19355
0 0.830238 0.834688 0.0174168 0.0333004 19356
0 0.0571181 0.904004 0.0180692 0.060731 19357
0 0.718798 0.830366 0.0145195 0.0315016 19358
0 0.842831 0.765934 0.00871849 0.047759 19359
0 0.515285 0.809562 0.0106394 0.0427748 19360
0 0.697127 0.792477 0.00999174 0.0489431 19361
0 0.794022 0.775704 0.0108943 0.0484867 19362
0 0.882761 0.757947 0.00900097 0.0483078 19363
0 0.775287 0.780359 0.0092659 0.0409036 19364
0 0.92099 0.752055 0.00965805 0.0479255 19365
0 0.905844 0.756627 0.00993862 0.0434628 19366
0 0.8297 0.766508 0.00860291 0.0365831 19367
0 0.437083 0.905152 0.0220774 0.0557841 19368
0 0.198047 0.915933 0.0460476 0.0316138 19369
0 0.755667 0.783025 0.00791798 0.047287 19370
0 0.953424 0.848688 0.0219193 0.0393046 19371
0 0.745513 0.784131 0.0103956 0.0474187 19372
0 0.484139 0.778281 0.00759487 0.0211036 19373
0 0.85576 0.830909 0.0167591 0.034295 19374
0 0.941851 0.739301 0.00709991 0.0311768 19375
0 0.354915 0.989132 0.0144389 0.021638 19376
0 0.973403 0.762534 0.0181229 0.0282159 19377
0 0.459189 0.780094 0.00455284 0.0200855 19378
0 0.852378 0.8322 0.0242531 0.0374266 19379
0 0.386603 0.751743 0.00888224 0.0161184 19380
0 0.905701 0.972505 0.0421335 0.0419807 19381
0 0.89409 0.975387 0.0653233 0.0468197 19382
0 0.00589127 0.752437 0.0114169 0.0174672 19383
0 0.577611 0.875547 0.0332281 0.0154789 19384
0 0.322765 0.752268 0.0111909 0.0167301 19385
0 0.114579 0.981608 0.0304388 0.0233707 19386
0 0.996068 0.812177 0.00745296 0.0189123 19387
0 0.323513 0.708834 0.00702009 0.0186832 19388
0 0.279867 0.728545 0.00785766 0.0108843 19389
0 0.0681859 0.738292 0.00718799 0.0192596 19390
0 0.00552086 0.97685 0.0109901 0.0240694 19391
0 0.391354 0.833049 0.0177601 0.0856827 19392
0 0.0220546 0.938956 0.0441091 0.0314724 19393
0 0.995937 0.67395 0.00770206 0.0166877 19394
0 0.38184 0.761411 0.0324261 0.0114841 19395
0 0.00262796 0.976868 0.00519994 0.0231744 19396
0 0.0719275 0.751734 0.0064002 0.0151435 19397
0 0.741134 0.783393 0.00555296 0.0376879 19398
0 0.109627 0.980955 0.0202166 0.0226668 19399
0 0.540468 0.849548 0.00723629 0.0270265 19400
0 0.952256 0.859083 0.0247808 0.0258335 19401
0 0.105027 0.983959 0.0521508 0.0273848 19402
0 0.676614 0.814946 0.0166222 0.0196808 19403
0 0.886318 0.980119 0.0511158 0.0378499 19404
0 0.198865 0.73431 0.00836582 0.0112813 19405
0 0.792836 0.696996 0.00608578 0.0132175 19406
0 0.767336 0.698293 0.00683937 0.0149215 19407
0 0.951421 0.859932 0.0185087 0.0211195 19408
0 0.976982 0.651519 0.00627613 0.0199677 19409
0 0.532385 0.736474 0.0140813 0.0103063 19410
0 0.532287 0.736441 0.0139124 0.0105752 19411
0 0.458634 0.784829 0.0242073 0.0117964 19412
0 0.280132 0.730863 0.00876002 0.0137207 19413
0 0.459875 0.780855 0.0104389 0.0191074 19414
0 0.284796 0.737866 0.0182051 0.00848999 19415
0 0.0701595 0.751691 0.00921206 0.0169879 19416
0 0.102732 0.993744 0.0610759 0.00992177 19417
0 0.936927 0.867044 0.0130955 0.0161196 19418
0 0.948665 0.850909 0.0283779 0.0449765 19419
0 0.391356 0.818384 0.0175944 0.0559879 19420
0 0.872541 0.845977 0.0148067 0.0156999 19421
0 0.117527 0.984362 0.0363137 0.0236004 19422
0 0.934842 0.726835 0.00525093 0.0178891 19423
0 0.0683394 0.744096 0.00819085 0.0310733 19424
0 0.429583 0.905381 0.0125795 0.0526649 19425
0 0.432973 0.905269 0.0211707 0.0556386 19426
0 0.793972 0.69715 0.00727158 0.0127814 19427
0 0.949007 0.865075 0.0364986 0.0194609 19428
0 0.921888 0.973897 0.026598 0.0408702 19429
0 0.76886 0.812307 0.0106563 0.0146505 19430
0 0.0091098 0.977482 0.0180239 0.0258121 19431
0 0.772536 0.812399 0.00782375 0.014809 19432
0 0.913721 0.973659 0.0425758 0.0436457 19433
0 0.900936 0.679299 0.00590267 0.0185267 19434
0 0.948552 0.866261 0.0369232 0.0170902 19435
0 0.513644 0.809004 0.00956402 0.0394155 19436
0 0.773683 0.812291 0.02011 0.0171202 19437
0 0.882762 0.984984 0.0437496 0.0289676 19438
0 0.771541 0.811951 0.0139325 0.0154521 19439
0 0.982421 0.66001 0.00682182 0.014092 19440
0 0.979732 0.654855 0.010759 0.023564 19441
0 0.884434 0.683139 0.00472279 0.00860443 19442
0 0.693936 0.789491 0.0087471 0.0396118 19443
0 0.585493 0.907321 0.0442169 0.0233185 19444
0 0.0988117 0.993974 0.0521644 0.00803206 19445
0 0.972009 0.673879 0.00729065 0.0151438 19446
0 0.917401 0.970177 0.0147396 0.0382718 19447
0 0.309756 0.717338 0.0177027 0.00883382 19448
0 0.863806 0.833551 0.0329849 0.0398268 19449
0 0.586009 0.910178 0.043063 0.0178073 19450
0 0.777643 0.813857 0.0117424 0.0139608 19451
0 0.053559 0.752906 0.00521004 0.00687239 19452
0 0.978087 0.653437 0.00965195 0.024669 19453
0 0.199158 0.732528 0.00862699 0.0109078 19454
0 0.329536 0.731808 0.00983334 0.0112796 19455
0 0.510957 0.813066 0.00452642 0.0194997 19456
0 0.120942 0.986144 0.019317 0.0223223 19457
0 0.584802 0.907457 0.0466761 0.0235742 19458
0 0.994798 0.810514 0.00997238 0.0234568 19459
0 0.0039343 0.982129 0.00778518 0.0334001 19460
0 0.946251 0.857162 0.0320034 0.0355737 19461
0 0.955806 0.868507 0.0291553 0.0107937 19462
0 0.843077 0.832704 0.0429104 0.0383874 19463
