0 0.454279 0.832885 0.012937 0.068733 26990
0 0.468933 0.836242 0.0141842 0.0657283 26991
0 0.830713 0.834464 0.017383 0.0341799 26992
0 0.843229 0.76679 0.00823421 0.0470164 26993
0 0.755372 0.783632 0.00936985 0.0466219 26994
0 0.694704 0.793819 0.00960636 0.0470513 26995
0 0.7447 0.785316 0.00811882 0.0488534 26996
0 0.706212 0.791488 0.00979662 0.0479277 26997
0 0.856008 0.763423 0.00959969 0.0500912 26998
0 0.794511 0.775558 0.0101881 0.0488441 26999
0 0.892752 0.976107 0.0616287 0.0454532 27000
0 0.718579 0.830172 0.014611 0.0316888 27001
0 0.89078 0.757011 0.00974808 0.0467697 27002
0 0.0712407 0.740807 0.00770919 0.026299 27003
0 0.465608 0.780393 0.00763245 0.0226595 27004
0 0.277767 0.728373 0.00599551 0.0146288 27005
0 0.856217 0.83057 0.0162537 0.0328037 27006
0 0.435328 0.913616 0.0212423 0.0376962 27007
0 0.198053 0.915611 0.0447879 0.0311459 27008
0 0.00857883 0.751866 0.00954958 0.0171166 27009
0 0.962326 0.736422 0.00709896 0.0317496 27010
0 0.830672 0.777291 0.00800037 0.0281816 27011
0 0.953595 0.84924 0.0218075 0.0408763 27012
0 0.527114 0.813537 0.0115548 0.0398373 27013
0 0.957177 0.848017 0.0151714 0.0380983 27014
0 0.11907 0.983859 0.037873 0.0238919 27015
0 0.33381 0.753828 0.00738025 0.018404 27016
0 0.320395 0.715188 0.00617356 0.022698 27017
0 0.811626 0.768955 0.00834694 0.0363207 27018
0 0.931512 0.727615 0.00603924 0.023843 27019
0 0.354494 0.98933 0.0150062 0.0212643 27020
0 0.0221788 0.938907 0.0440237 0.0284325 27021
0 0.944698 0.746669 0.00888023 0.0393524 27022
0 0.193034 0.734749 0.00887079 0.00869751 27023
0 0.972041 0.762557 0.0129856 0.0270928 27024
0 0.896206 0.677511 0.00833168 0.0250771 27025
0 0.529049 0.739112 0.00594082 0.0108103 27026
0 0.67812 0.815794 0.0201595 0.0196721 27027
0 0.903353 0.972923 0.0382038 0.038501 27028
0 0.85398 0.831766 0.0213127 0.0360201 27029
0 0.972344 0.672511 0.00482597 0.0174928 27030
0 0.1035 0.993715 0.0621461 0.0086358 27031
0 0.53462 0.740138 0.0167131 0.0102576 27032
0 0.769189 0.698832 0.00621777 0.0178653 27033
0 0.109551 0.984645 0.0562119 0.0254052 27034
0 0.984633 0.67791 0.00526962 0.0162994 27035
0 0.714623 0.830827 0.0230516 0.0319811 27036
0 0.278386 0.73728 0.00757685 0.00578952 27037
0 0.78882 0.697874 0.00705814 0.0199712 27038
0 0.949652 0.858543 0.0139545 0.0232496 27039
0 0.0051263 0.942808 0.0101965 0.0929911 27040
0 0.143077 0.739938 0.0102879 0.00845947 27041
0 0.00505468 0.975725 0.0100891 0.0252485 27042
0 0.945 0.741063 0.0087225 0.0299906 27043
0 0.577388 0.875275 0.0323378 0.013698 27044
0 0.112496 0.981803 0.0250843 0.0233692 27045
0 0.863901 0.833386 0.0324749 0.0380044 27046
0 0.773643 0.812486 0.00659866 0.0150058 27047
0 0.57765 0.875661 0.0327 0.0142588 27048
0 0.0950054 0.993782 0.0455996 0.00793661 27049
0 0.124625 0.985515 0.0300131 0.0218252 27050
0 0.879701 0.672272 0.00645847 0.0118678 27051
0 0.0538332 0.751446 0.00486708 0.00702616 27052
0 0.00355191 0.943401 0.00704103 0.0952176 27053
0 0.884514 0.984361 0.0451954 0.0286621 27054
0 0.995887 0.813932 0.00782528 0.0145652 27055
0 0.974469 0.763018 0.0193871 0.0279199 27056
0 0.880408 0.678823 0.00777187 0.0241355 27057
0 0.443461 0.778869 0.00518284 0.0154182 27058
0 0.978268 0.661787 0.00510521 0.0179879 27059
0 0.529793 0.738612 0.0076582 0.012933 27060
0 0.982101 0.662225 0.00631142 0.0178717 27061
0 0.87276 0.845707 0.0141441 0.0143987 27062
0 0.156959 0.740317 0.00733223 0.00746867 27063
0 0.145238 0.740201 0.0138768 0.00928887 27064
0 0.974539 0.768094 0.0187298 0.0172918 27065
0 0.00601045 0.959371 0.0119213 0.0587952 27066
0 0.947967 0.850706 0.0316681 0.0448764 27067
0 0.770321 0.81295 0.0140632 0.0148763 27068
0 0.1493 0.740321 0.0223391 0.00938941 27069
0 0.937919 0.867006 0.0150295 0.0152406 27070
0 0.524684 0.809839 0.0122566 0.0349394 27071
0 0.0100977 0.761688 0.0190632 0.00668505 27072
0 0.943692 0.866578 0.0255745 0.0157361 27073
0 0.946012 0.859435 0.0298294 0.0281865 27074
0 0.317409 0.719981 0.0121951 0.0143338 27075
0 0.864425 0.797167 0.0394478 0.0125807 27076
0 0.779572 0.816066 0.00811653 0.00995416 27077
0 0.706172 0.831345 0.0390911 0.0325741 27078
0 0.540508 0.848728 0.00808182 0.0278283 27079
0 0.31572 0.717021 0.0160279 0.0188595 27080
0 0.306501 0.717006 0.0121463 0.0114042 27081
0 0.881374 0.683618 0.00868492 0.0155309 27082
0 0.318177 0.715789 0.0108353 0.0251363 27083
0 0.853153 0.845434 0.0262541 0.0143812 27084
0 0.866274 0.799507 0.0355558 0.0116645 27085
0 0.964437 0.66782 0.00476494 0.0135532 27086
0 0.442761 0.779062 0.0096447 0.0169532 27087
0 0.776242 0.812886 0.0145721 0.0163169 27088
0 0.00192893 0.911649 0.00379309 0.0315664 27089
0 0.860657 0.845887 0.0387104 0.0156943 27090
0 0.88286 0.692737 0.0125282 0.00753691 27091
0 0.81223 0.764796 0.00947781 0.0315759 27092
0 0.391254 0.832114 0.0184879 0.0878055 27093
0 0.881369 0.679237 0.0105309 0.0265125 27094
0 0.978785 0.655355 0.00722408 0.0231979 27095
0 0.789622 0.697162 0.0103305 0.0202923 27096
0 0.131503 0.984264 0.0634726 0.0203956 27097
0 0.319209 0.72101 0.00879812 0.0200141 27098
0 0.859413 0.845618 0.0394321 0.0155192 27099
0 0.0095489 0.975815 0.0189348 0.0271115 27100
0 0.85721 0.823734 0.0160564 0.0339042 27101
0 0.981873 0.662166 0.00749588 0.0220068 27102
0 0.981292 0.771338 0.00916004 0.00959812 27103
0 0.85914 0.763084 0.0158764 0.0510603 27104
0 0.985676 0.677206 0.00667343 0.0191927 27105
0 0.44369 0.77965 0.0148198 0.0180105 27106
0 0.686342 0.836768 0.0524032 0.0160821 27107
0 0.925696 0.984382 0.0196007 0.0188863 27108
