0 0.452728 0.834665 0.0125353 0.0665097 99047
0 0.516372 0.821184 0.0126831 0.0559209 99048
0 0.37805 0.847256 0.0140562 0.0597304 99049
0 0.635369 0.805123 0.0102751 0.0482093 99050
0 0.842867 0.76444 0.00842438 0.0414229 99051
0 0.797349 0.774868 0.00897846 0.0489839 99052
0 0.718433 0.829489 0.0143894 0.0326779 99053
0 0.281614 0.903738 0.0241805 0.0756955 99054
0 0.729491 0.787039 0.00816088 0.0461004 99055
0 0.702262 0.792415 0.010733 0.0479282 99056
0 0.688913 0.794234 0.0101044 0.0479692 99057
0 0.831319 0.834982 0.016766 0.0325553 99058
0 0.956957 0.84813 0.0156252 0.0350572 99059
0 0.738118 0.784656 0.00888319 0.0494095 99060
0 0.560158 0.812313 0.010673 0.0571659 99061
0 0.948279 0.850256 0.0164234 0.0375929 99062
0 0.114555 0.982773 0.03128 0.0243283 99063
0 0.652831 0.80902 0.0070385 0.0357039 99064
0 0.929495 0.728155 0.00771904 0.0217707 99065
0 0.554024 0.817886 0.00790615 0.0453318 99066
0 0.853629 0.834108 0.0203461 0.0283081 99067
0 0.35516 0.989402 0.0149232 0.0211958 99068
0 0.475888 0.85687 0.017503 0.0243639 99069
0 0.95182 0.849709 0.0236301 0.0380907 99070
0 0.198493 0.916134 0.0434331 0.0308424 99071
0 0.50813 0.754949 0.00558949 0.0164815 99072
0 0.55697 0.816894 0.0121986 0.0536584 99073
0 0.0600801 0.729764 0.0058606 0.0142802 99074
0 0.971715 0.76244 0.0132915 0.0268672 99075
0 0.891 0.976926 0.060173 0.0440762 99076
0 0.577628 0.874989 0.0325861 0.0155251 99077
0 0.0222343 0.938486 0.0444686 0.0295639 99078
0 0.904821 0.973281 0.0387833 0.0384252 99079
0 0.974659 0.732699 0.00652599 0.0279446 99080
0 0.00575872 0.975483 0.0114515 0.0262422 99081
0 0.895225 0.682039 0.00557823 0.0178843 99082
0 0.925146 0.751278 0.00842629 0.0361718 99083
0 0.677187 0.815402 0.0187267 0.0186673 99084
0 0.974211 0.762377 0.0185568 0.0276703 99085
0 0.391107 0.815083 0.0175117 0.0501753 99086
0 0.883013 0.984624 0.0441757 0.0288735 99087
0 0.540913 0.848867 0.00754681 0.0284722 99088
0 0.0391051 0.738769 0.00771666 0.0186359 99089
0 0.940823 0.674048 0.00583172 0.0226178 99090
0 0.91528 0.671092 0.00670013 0.0120317 99091
0 0.391234 0.83219 0.0172514 0.0845413 99092
0 0.288501 0.739382 0.00849018 0.0130246 99093
0 0.481222 0.856926 0.0293209 0.0243635 99094
0 0.942942 0.852368 0.0272308 0.0410288 99095
0 0.911543 0.974286 0.04818 0.0409797 99096
0 0.0980562 0.994148 0.0515558 0.00809021 99097
0 0.917422 0.972299 0.0158569 0.0367238 99098
0 0.922297 0.973523 0.0260401 0.0391635 99099
0 0.865472 0.695779 0.00661774 0.0172743 99100
0 0.961171 0.673646 0.00586681 0.0194684 99101
0 0.853188 0.836352 0.0256773 0.0327196 99102
0 0.715686 0.82983 0.0202767 0.0333532 99103
0 0.914818 0.972162 0.0104015 0.036726 99104
0 0.786509 0.813765 0.0352118 0.0193875 99105
0 0.902413 0.682932 0.00603714 0.0107634 99106
0 0.923495 0.680715 0.00660934 0.00891156 99107
0 0.278664 0.88986 0.0174481 0.0478716 99108
0 0.936549 0.866583 0.0171627 0.014801 99109
0 0.00847653 0.975656 0.0168246 0.0274907 99110
0 0.996047 0.807639 0.00749474 0.0286206 99111
0 0.996277 0.816314 0.00704193 0.0112666 99112
0 0.860596 0.794553 0.00551643 0.0136517 99113
0 0.899583 0.975437 0.0296612 0.0329844 99114
0 0.991814 0.670748 0.00691032 0.0184516 99115
0 0.941478 0.671248 0.00585289 0.0266246 99116
0 0.119658 0.983898 0.0409724 0.0249224 99117
0 0.927078 0.750684 0.0112745 0.0413676 99118
0 0.102317 0.984492 0.0588389 0.0261617 99119
0 0.951612 0.659946 0.00402584 0.014513 99120
0 0.592832 0.907427 0.062501 0.023259 99121
0 0.866601 0.686287 0.00802498 0.0121599 99122
0 0.772619 0.813145 0.019219 0.0175554 99123
0 0.775561 0.813518 0.0165586 0.0187025 99124
0 0.486035 0.856838 0.0431921 0.0234275 99125
0 0.772051 0.812812 0.0110613 0.0172206 99126
0 0.976186 0.771459 0.0151569 0.00958099 99127
0 0.769168 0.812908 0.0123361 0.0178096 99128
0 0.866464 0.693154 0.00880127 0.022881 99129
0 0.179302 0.7297 0.0162605 0.0162191 99130
0 0.342129 0.771566 0.00485573 0.00871548 99131
0 0.278346 0.763101 0.00654268 0.0127404 99132
0 0.0635862 0.731674 0.0124455 0.0126461 99133
0 0.0622275 0.731722 0.0108 0.0175062 99134
0 0.779808 0.814258 0.0342594 0.0205855 99135
0 0.777657 0.814817 0.0121731 0.0163991 99136
0 0.960999 0.676411 0.00611649 0.0155985 99137
0 0.279733 0.887919 0.0133613 0.0436317 99138
0 0.28473 0.927215 0.0197388 0.0174121 99139
0 0.593938 0.911901 0.0602259 0.0140908 99140
0 0.947618 0.866912 0.0390652 0.0177717 99141
0 0.0625644 0.734159 0.0154518 0.0126395 99142
0 0.860741 0.846061 0.0388302 0.0161492 99143
0 0.968681 0.76279 0.0207716 0.0277912 99144
0 0.00362392 0.752353 0.00721736 0.0207509 99145
0 0.957455 0.867045 0.0589937 0.0140896 99146
0 0.872537 0.845649 0.0144028 0.0148563 99147
0 0.516556 0.720246 0.00850668 0.0103989 99148
0 0.951829 0.868802 0.0402622 0.012852 99149
0 0.966439 0.863226 0.040501 0.00943163 99150
0 0.856632 0.83798 0.0456951 0.0326191 99151
0 0.855832 0.79546 0.0155384 0.0127369 99152
