0 0.286234 0.902505 0.020098 0.0793469 None
0 0.452612 0.834503 0.0125021 0.0664475 None
0 0.702709 0.792226 0.010757 0.0487088 None
0 0.563806 0.811568 0.00991516 0.0559597 None
0 0.381337 0.845516 0.0140535 0.0675039 None
0 0.554787 0.819698 0.00973492 0.0478109 None
0 0.636742 0.804505 0.00910721 0.0490984 None
0 0.843077 0.764205 0.00834465 0.0408527 None
0 0.718467 0.829394 0.0144014 0.0329419 None
0 0.522473 0.820235 0.0156639 0.0566298 None
0 0.797263 0.775073 0.00936985 0.0505558 None
0 0.688804 0.794618 0.00993462 0.0470225 None
0 0.956925 0.848584 0.0156639 0.0362451 None
0 0.728738 0.787023 0.00858679 0.0474157 None
0 0.831322 0.834998 0.0167789 0.0325967 None
0 0.736433 0.784623 0.00880032 0.0499742 None
0 0.977694 0.733252 0.00772572 0.027773 None
0 0.11454 0.982903 0.0312461 0.0245131 None
0 0.928974 0.728666 0.00775585 0.0239081 None
0 0.926144 0.753748 0.00891037 0.0420305 None
0 0.948482 0.850255 0.0151184 0.037635 None
0 0.853559 0.834158 0.0205223 0.028402 None
0 0.391187 0.833349 0.0176735 0.0871173 None
0 0.355185 0.989402 0.0148571 0.0211962 None
0 0.474373 0.856755 0.020258 0.0241987 None
0 0.198165 0.916093 0.0442133 0.0308855 None
0 0.653801 0.805282 0.00586967 0.0302728 None
0 0.971653 0.76237 0.0135582 0.0271345 None
0 0.904817 0.972959 0.0381416 0.0381551 None
0 0.0222316 0.938525 0.0444632 0.0298048 None
0 0.890897 0.976929 0.0597981 0.0439753 None
0 0.676613 0.815347 0.0174233 0.0186679 None
0 0.577633 0.875065 0.0325823 0.0153627 None
0 0.927487 0.744076 0.0100533 0.0551132 None
0 0.00578168 0.975494 0.0114978 0.0262326 None
0 0.94505 0.850786 0.0197367 0.0386129 None
0 0.0578668 0.729079 0.00642388 0.0152056 None
0 0.974157 0.762289 0.0189358 0.0278581 None
0 0.882946 0.984674 0.0438881 0.0287123 None
0 0.0362855 0.7414 0.00678617 0.014974 None
0 0.914401 0.670816 0.00609169 0.0117016 None
0 0.391205 0.811889 0.017321 0.0437035 None
0 0.942156 0.852242 0.0264336 0.0413245 None
0 0.911165 0.974219 0.0488981 0.0408919 None
0 0.540935 0.849109 0.00747204 0.0278505 None
0 0.940507 0.674026 0.0061657 0.0215607 None
0 0.0978337 0.994179 0.0510813 0.00810479 None
0 0.106907 0.984159 0.0469972 0.0266822 None
0 0.715492 0.829678 0.0207851 0.0337626 None
0 0.922359 0.973577 0.0261934 0.0392232 None
0 0.483525 0.856852 0.0390126 0.0246667 None
0 0.853201 0.836378 0.0257317 0.0327623 None
0 0.917376 0.972258 0.0158224 0.0366033 None
0 0.951616 0.659776 0.00380249 0.0145883 None
0 0.914768 0.97215 0.0104103 0.0367133 None
0 0.0602888 0.72977 0.012115 0.0160573 None
0 0.99154 0.671061 0.00617218 0.0164987 None
0 0.864994 0.696364 0.00615196 0.0166608 None
0 0.0085324 0.975674 0.0169509 0.0275326 None
0 0.936682 0.866889 0.0171707 0.0143024 None
0 0.786949 0.813839 0.0342693 0.0193015 None
0 0.653847 0.807233 0.00767231 0.0342879 None
0 0.288522 0.738181 0.00981646 0.0144633 None
0 0.284768 0.766715 0.0185281 0.0144528 None
0 0.941521 0.670194 0.0062254 0.0261809 None
0 0.860521 0.794631 0.00539169 0.0133616 None
0 0.959523 0.673788 0.00559444 0.0174069 None
0 0.773219 0.81347 0.0211848 0.0180447 None
0 0.119674 0.983994 0.041033 0.0250281 None
0 0.855486 0.795159 0.0162428 0.0125668 None
0 0.996045 0.807588 0.00749969 0.0289022 None
0 0.923528 0.680885 0.00655937 0.00863588 None
0 0.77715 0.813601 0.0134102 0.0186347 None
0 0.0637617 0.730628 0.00765071 0.0109987 None
0 0.898603 0.975311 0.0268864 0.0323939 None
0 0.592779 0.907442 0.0626029 0.0232619 None
0 0.773898 0.812737 0.00751419 0.0168857 None
0 0.769071 0.813064 0.0127068 0.017804 None
0 0.977683 0.771453 0.0122578 0.00933465 None
0 0.776857 0.814233 0.0288881 0.0203591 None
0 0.110642 0.983783 0.0280232 0.0221524 None
0 0.515261 0.720353 0.00670605 0.0111296 None
0 0.853576 0.796435 0.0128349 0.00928819 None
0 0.860585 0.846035 0.0390491 0.016273 None
0 0.387494 0.834332 0.0246072 0.0866642 None
0 0.856338 0.837129 0.0462563 0.0350813 None
0 0.593868 0.911867 0.0603591 0.014191 None
0 0.956896 0.867815 0.0605356 0.0146678 None
0 0.866701 0.685415 0.00706291 0.0109074 None
0 0.730707 0.784885 0.0127113 0.0514343 None
0 0.872536 0.845645 0.0144157 0.0148549 None
0 0.968631 0.762592 0.0208324 0.0282781 None
0 0.996118 0.816687 0.00728569 0.0131833 None
0 0.500323 0.755042 0.00739708 0.0129684 None
0 0.577734 0.871172 0.0331146 0.0236121 None
0 0.89726 0.676266 0.00830345 0.0099801 None
