0 0.452596 0.83436 0.0126733 0.0659946 None
0 0.470197 0.826881 0.0123018 0.0546139 None
0 0.657296 0.79601 0.012134 0.0546736 None
0 0.796339 0.775311 0.00843544 0.0492271 None
0 0.554858 0.819248 0.0117859 0.050607 None
0 0.613873 0.80381 0.0108914 0.0540331 None
0 0.842126 0.76678 0.00963192 0.0452705 None
0 0.718323 0.830474 0.0139635 0.0311659 None
0 0.732235 0.785856 0.0100235 0.0508075 None
0 0.702149 0.792641 0.0114377 0.0470629 None
0 0.443446 0.891161 0.0158653 0.0839245 None
0 0.831285 0.835218 0.018861 0.0330015 None
0 0.114273 0.983276 0.0330981 0.0274065 None
0 0.0220675 0.938726 0.0441349 0.0310179 None
0 0.0181239 0.753084 0.0107145 0.021303 None
0 0.390929 0.814197 0.0180264 0.0508664 None
0 0.856763 0.830206 0.0138042 0.033479 None
0 0.198208 0.91608 0.0449504 0.03137 None
0 0.688145 0.796517 0.0105059 0.0440855 None
0 0.96609 0.748226 0.00987167 0.0374607 None
0 0.952684 0.849867 0.0239525 0.0388435 None
0 0.063778 0.740532 0.00696383 0.020932 None
0 0.955851 0.848184 0.0178547 0.0354167 None
0 0.675953 0.81552 0.0156775 0.0183275 None
0 0.475044 0.856296 0.0181184 0.0253072 None
0 0.934749 0.724617 0.00633926 0.0185204 None
0 0.366488 0.774221 0.0070684 0.0141737 None
0 0.974286 0.762052 0.0184731 0.0282695 None
0 0.355026 0.989178 0.0148238 0.0216446 None
0 0.907251 0.972887 0.0433861 0.0419179 None
0 0.43645 0.762672 0.0209111 0.0127828 None
0 0.883511 0.97939 0.0449884 0.0396057 None
0 0.00562397 0.978009 0.0111853 0.0214732 None
0 0.853117 0.83057 0.0208454 0.0358585 None
0 0.827428 0.696719 0.00576515 0.0173579 None
0 0.484212 0.8567 0.0358583 0.0247635 None
0 0.853204 0.848141 0.024774 0.00934075 None
0 0.995895 0.813461 0.00779915 0.0160087 None
0 0.921139 0.972787 0.0256489 0.0416487 None
0 0.772429 0.81381 0.0213619 0.0170281 None
0 0.690805 0.797909 0.00975313 0.0410516 None
0 0.893928 0.975238 0.0654684 0.0465264 None
0 0.951729 0.858168 0.0212198 0.0256794 None
0 0.0655052 0.740792 0.0103968 0.0237946 None
0 0.0989183 0.994188 0.0543729 0.0084593 None
0 0.692223 0.795894 0.0101658 0.0439077 None
0 0.694901 0.797321 0.00826073 0.0390128 None
0 0.0666564 0.749355 0.0113786 0.011755 None
0 0.985125 0.661541 0.0041729 0.0161371 None
0 0.319166 0.712858 0.00688019 0.0169622 None
0 0.273752 0.730394 0.00475464 0.0184374 None
0 0.851007 0.69743 0.00549717 0.0156069 None
0 0.971613 0.670056 0.00533505 0.0165761 None
0 0.487379 0.724446 0.0120171 0.0135417 None
0 0.578034 0.875423 0.0337322 0.0148224 None
0 0.928839 0.728579 0.0112322 0.00795593 None
0 0.882723 0.984883 0.0433403 0.0290838 None
0 0.577839 0.875136 0.0334187 0.0142117 None
0 0.314839 0.714164 0.00441017 0.0123181 None
0 0.973099 0.759135 0.0105574 0.0235263 None
0 0.916781 0.97217 0.0149996 0.0407393 None
0 0.769821 0.812984 0.015148 0.0160923 None
0 0.444136 0.867771 0.0134583 0.0384752 None
0 0.291114 0.725064 0.00748744 0.00892639 None
0 0.853287 0.842192 0.023155 0.0138675 None
0 0.852522 0.845289 0.0222401 0.0114261 None
0 0.340124 0.772598 0.00577106 0.0128006 None
0 0.779072 0.816531 0.00976601 0.0129744 None
0 0.319611 0.710858 0.00652552 0.0132846 None
0 0.00924597 0.978149 0.0183522 0.0233524 None
0 0.827639 0.834866 0.0127705 0.03241 None
0 0.317899 0.712355 0.00930815 0.0163018 None
0 0.101457 0.983499 0.0577678 0.0271054 None
0 0.166723 0.729254 0.0121436 0.00960507 None
0 0.169176 0.729513 0.00802493 0.00866903 None
0 0.768978 0.814165 0.024024 0.0181369 None
0 0.585377 0.913915 0.0476598 0.0114373 None
0 0.0666406 0.742546 0.0137064 0.0244217 None
0 0.889245 0.686086 0.0038662 0.0144721 None
0 0.540369 0.848666 0.00710564 0.0284987 None
0 0.928044 0.728533 0.0205111 0.00817803 None
0 0.856129 0.847242 0.0307472 0.012599 None
0 0.368079 0.774365 0.011003 0.0147539 None
0 0.593537 0.913504 0.0626621 0.0122645 None
0 0.291111 0.722147 0.00698242 0.0131541 None
0 0.854383 0.682834 0.00598183 0.0108116 None
0 0.954812 0.862483 0.0297031 0.0225138 None
0 0.971621 0.66773 0.00588646 0.0152022 None
0 0.139007 0.737543 0.00757761 0.00792982 None
0 0.293087 0.726245 0.0198995 0.00810954 None
0 0.540006 0.84563 0.00623798 0.0229309 None
0 0.706425 0.842934 0.0111054 0.00885484 None
0 0.0261139 0.760935 0.0248108 0.00822754 None
0 0.494519 0.863899 0.0154058 0.00924208 None
0 0.442611 0.911191 0.0149387 0.0439094 None
0 0.751101 0.827426 0.0271386 0.00755191 None
0 0.981245 0.762028 0.0324747 0.0280957 None
0 0.872555 0.845735 0.0146492 0.0147524 None
0 0.348979 0.77404 0.024187 0.0143767 None
0 0.603784 0.914029 0.0424922 0.010955 None
0 0.956433 0.868936 0.0276615 0.0103434 None
0 0.672759 0.815675 0.020023 0.0181037 None
0 0.0717225 0.748771 0.0236932 0.0139045 None
0 0.995756 0.802101 0.00803757 0.039495 None
0 0.894905 0.971963 0.020293 0.0323496 None
0 0.291901 0.724026 0.0156429 0.0103238 None
0 0.955805 0.866525 0.0311337 0.0147685 None
0 0.782843 0.814118 0.0132539 0.0151591 None
0 0.952264 0.861377 0.0266541 0.0251692 None
0 0.165971 0.729621 0.0164898 0.00940653 None
0 0.940715 0.728962 0.0318378 0.00995382 None
0 0.268225 0.736459 0.00986252 0.00871548 None
0 0.130116 0.982303 0.0640286 0.0270905 None
0 0.950118 0.728209 0.0270609 0.00969306 None
0 0.849676 0.697448 0.00673981 0.016082 None
