0 0.452938 0.833783 0.0127617 0.0673921 70113
0 0.249376 0.867326 0.0108809 0.0559479 70114
0 0.698036 0.796023 0.00846558 0.0439172 70115
0 0.953591 0.848734 0.0223145 0.0427402 70116
0 0.47838 0.829243 0.013541 0.0602132 70117
0 0.843624 0.763901 0.00791702 0.0439414 70118
0 0.523356 0.778006 0.00795708 0.0262578 70119
0 0.826656 0.769162 0.00957642 0.0349179 70120
0 0.873556 0.762 0.00841351 0.0400977 70121
0 0.854715 0.763684 0.00992889 0.0402724 70122
0 0.775517 0.776836 0.00680389 0.050875 70123
0 0.423691 0.909835 0.0164937 0.0496345 70124
0 0.986082 0.73739 0.00745964 0.0472119 70125
0 0.809744 0.774003 0.00879822 0.0405121 70126
0 0.795597 0.77706 0.00804224 0.0457004 70127
0 0.930861 0.731263 0.0085474 0.0302124 70128
0 0.509059 0.781545 0.00721035 0.0216281 70129
0 0.788074 0.775892 0.00876331 0.0466861 70130
0 0.683151 0.794871 0.0125565 0.0432453 70131
0 0.3912 0.817497 0.0171003 0.0544729 70132
0 0.198404 0.915884 0.045776 0.0315611 70133
0 0.00888394 0.743009 0.00805394 0.0175503 70134
0 0.830668 0.834546 0.0159672 0.0320886 70135
0 0.766305 0.696149 0.0076684 0.0148472 70136
0 0.354458 0.989288 0.0147049 0.0214232 70137
0 0.717134 0.831197 0.0129159 0.030769 70138
0 0.482871 0.80292 0.00893669 0.0348467 70139
0 0.371446 0.738438 0.00749612 0.0107044 70140
0 0.883531 0.980224 0.0453882 0.0382979 70141
0 0.828349 0.833768 0.0115582 0.030466 70142
0 0.974667 0.762921 0.0189068 0.0269077 70143
0 0.855974 0.829544 0.0163765 0.0351929 70144
0 0.715573 0.831434 0.0200901 0.0310248 70145
0 0.114706 0.982996 0.0304386 0.0244493 70146
0 0.995665 0.811869 0.00824661 0.0210746 70147
0 0.904595 0.748524 0.00839958 0.0344133 70148
0 0.965406 0.740004 0.0095274 0.0390683 70149
0 0.947122 0.741456 0.00675201 0.0311308 70150
0 0.917145 0.972789 0.018343 0.0397447 70151
0 0.331306 0.707903 0.0056694 0.0148541 70152
0 0.782157 0.694231 0.00690393 0.0126458 70153
0 0.291829 0.752877 0.00809155 0.017696 70154
0 0.0221804 0.938409 0.0443607 0.0293369 70155
0 0.675456 0.815817 0.0152798 0.0184228 70156
0 0.921199 0.973496 0.0272896 0.0412713 70157
0 0.0957503 0.994256 0.0471299 0.00828959 70158
0 0.00562412 0.98157 0.0111616 0.0142553 70159
0 0.119796 0.98504 0.0402967 0.0224908 70160
0 0.955343 0.744422 0.00931816 0.037893 70161
0 0.104278 0.984404 0.0530323 0.0258755 70162
0 0.290582 0.753457 0.0112223 0.0173474 70163
0 0.481567 0.805425 0.0105499 0.0412445 70164
0 0.00723007 0.743441 0.0116786 0.018496 70165
0 0.30066 0.742997 0.0089323 0.0137512 70166
0 0.577072 0.874867 0.033515 0.0160478 70167
0 0.109593 0.981284 0.0198805 0.0239051 70168
0 0.907979 0.973655 0.0416767 0.0412216 70169
0 0.97627 0.665941 0.0103615 0.0377611 70170
0 0.972876 0.759229 0.00990524 0.0202749 70171
0 0.954981 0.749053 0.00795708 0.0284132 70172
0 0.895234 0.976157 0.0681566 0.0447093 70173
0 0.853187 0.831675 0.0212864 0.0360996 70174
0 0.97697 0.659912 0.00662327 0.0206468 70175
0 0.770231 0.81251 0.01682 0.0161624 70176
0 0.101256 0.986636 0.0583406 0.0224282 70177
0 0.974315 0.667975 0.00668716 0.035967 70178
0 0.117543 0.985112 0.0272794 0.023751 70179
0 0.71115 0.83237 0.0274479 0.0317671 70180
0 0.506676 0.781557 0.0123789 0.0225671 70181
0 0.703912 0.832151 0.0424547 0.0324344 70182
0 0.331395 0.71541 0.0415843 0.0103105 70183
0 0.201793 0.728816 0.0101745 0.00923699 70184
0 0.880625 0.984281 0.0393459 0.0305501 70185
0 0.978013 0.652374 0.00711517 0.0169602 70186
0 0.125023 0.985632 0.0286867 0.0219182 70187
0 0.957287 0.736798 0.00755959 0.027179 70188
0 0.957864 0.847967 0.0141932 0.0385254 70189
0 0.692774 0.841835 0.032688 0.0144392 70190
0 0.963734 0.74279 0.0125111 0.0455821 70191
0 0.777602 0.777043 0.0112756 0.0514732 70192
0 0.421276 0.927104 0.0164307 0.0160563 70193
0 0.85314 0.848706 0.0255142 0.00857747 70194
0 0.00672219 0.748231 0.0122321 0.00854458 70195
0 0.901431 0.749327 0.0139357 0.0374159 70196
0 0.200503 0.729082 0.0137105 0.00996552 70197
0 0.504861 0.78589 0.0161275 0.01323 70198
0 0.294869 0.759208 0.0228631 0.00884654 70199
0 0.992723 0.659732 0.00529556 0.0123285 70200
0 0.960588 0.735617 0.00563183 0.0273668 70201
0 0.833383 0.835748 0.017662 0.031871 70202
0 0.68473 0.812422 0.0114483 0.0171507 70203
0 0.42598 0.909702 0.0234188 0.0509867 70204
0 0.295091 0.761107 0.0233726 0.00980767 70205
0 0.682468 0.785725 0.0109205 0.0282437 70206
0 0.482125 0.799973 0.0112669 0.0405389 70207
0 0.935906 0.866016 0.0116356 0.0152466 70208
0 0.540775 0.850476 0.0076787 0.0316071 70209
0 0.472797 0.819847 0.00545807 0.0262455 70210
0 0.870828 0.680456 0.00500259 0.0155621 70211
0 0.947362 0.851172 0.0344828 0.0458574 70212
0 0.589348 0.906852 0.0383154 0.0232771 70213
0 0.916312 0.975503 0.0377867 0.0431942 70214
0 0.979844 0.678099 0.00617962 0.0130545 70215
0 0.819616 0.815178 0.0159012 0.010164 70216
0 0.870328 0.676515 0.00510445 0.0101959 70217
0 0.85803 0.845083 0.0405111 0.0177344 70218
0 0.393206 0.801488 0.01332 0.0226803 70219
0 0.899323 0.7599 0.00649567 0.0184723 70220
0 0.860001 0.796195 0.00777206 0.010164 70221
0 0.107332 0.981908 0.0304075 0.0271784 70222
0 0.946354 0.865103 0.0329649 0.0186503 70223
