0 0.452789 0.833231 0.0129691 0.0681312 38138
0 0.724369 0.788619 0.00891638 0.0435264 38139
0 0.704232 0.790902 0.0101526 0.0475759 38140
0 0.718525 0.829319 0.0144555 0.032959 38141
0 0.741994 0.785308 0.00797234 0.0458811 38142
0 0.830557 0.834848 0.0174768 0.0334968 38143
0 0.823886 0.770388 0.0109402 0.0513706 38144
0 0.548009 0.812036 0.0111444 0.0486715 38145
0 0.691501 0.794977 0.00967503 0.0449392 38146
0 0.843118 0.765905 0.00674362 0.0466919 38147
0 0.755941 0.781346 0.00690155 0.0483514 38148
0 0.472095 0.854572 0.0168934 0.0320611 38149
0 0.850045 0.766718 0.00911903 0.0474079 38150
0 0.798338 0.777111 0.00799208 0.0465152 38151
0 0.953364 0.849833 0.0222849 0.0414247 38152
0 0.81613 0.780062 0.00696926 0.0343421 38153
0 0.115292 0.983261 0.0308253 0.0259481 38154
0 0.85538 0.830378 0.0159843 0.0349267 38155
0 0.434707 0.914208 0.0220993 0.0375359 38156
0 0.00877023 0.751427 0.0107527 0.0191145 38157
0 0.974684 0.763115 0.0182037 0.0257741 38158
0 0.356616 0.756814 0.00650439 0.0199453 38159
0 0.956588 0.848535 0.0159702 0.0390864 38160
0 0.794043 0.776217 0.00705681 0.0453193 38161
0 0.0701532 0.743136 0.0085102 0.0245675 38162
0 0.903367 0.972703 0.037612 0.0390754 38163
0 0.988857 0.74243 0.00696259 0.0352024 38164
0 0.355399 0.989239 0.0138142 0.0215222 38165
0 0.883381 0.985339 0.0452362 0.0274974 38166
0 0.276349 0.724308 0.00449839 0.0186011 38167
0 0.436727 0.778932 0.00792313 0.0171665 38168
0 0.891472 0.976231 0.0612877 0.0461951 38169
0 0.882458 0.682699 0.00460262 0.0184395 38170
0 0.851802 0.831855 0.0235035 0.0379018 38171
0 0.796093 0.775309 0.011264 0.0478816 38172
0 0.00979757 0.760842 0.0184896 0.0082645 38173
0 0.103117 0.98386 0.0575963 0.0274336 38174
0 0.935729 0.728778 0.00655842 0.019066 38175
0 0.997336 0.737951 0.00489006 0.040626 38176
0 0.0964341 0.993886 0.0476951 0.00870361 38177
0 0.523207 0.738795 0.00744801 0.0104516 38178
0 0.0686181 0.74344 0.0123376 0.0248891 38179
0 0.00537594 0.977452 0.0106897 0.0223612 38180
0 0.910281 0.973594 0.0487307 0.0417296 38181
0 0.140264 0.737568 0.00596595 0.00958523 38182
0 0.0674754 0.739075 0.00914952 0.0153897 38183
0 0.995576 0.813525 0.00843964 0.0161996 38184
0 0.0220813 0.938495 0.0441248 0.0279651 38185
0 0.792527 0.6964 0.00452261 0.0184262 38186
0 0.319022 0.713058 0.00551457 0.0163954 38187
0 0.110527 0.980832 0.0214251 0.0227502 38188
0 0.922252 0.973653 0.0262922 0.0414195 38189
0 0.775631 0.696726 0.0067564 0.0128013 38190
0 0.97285 0.674385 0.00446529 0.0192579 38191
0 0.885367 0.979765 0.0495613 0.0387082 38192
0 0.89789 0.68384 0.00404911 0.0130959 38193
0 0.769997 0.812793 0.015356 0.0163022 38194
0 0.935903 0.731158 0.0082695 0.0201177 38195
0 0.00981992 0.751904 0.0145001 0.0209798 38196
0 0.948304 0.723883 0.0377762 0.0128306 38197
0 0.902223 0.978995 0.0330437 0.0270116 38198
0 0.675725 0.815788 0.01516 0.0193086 38199
0 0.576825 0.875567 0.0314554 0.0133192 38200
0 0.0560328 0.751763 0.00371441 0.00945282 38201
0 0.994562 0.73864 0.0103867 0.0412113 38202
0 0.948957 0.850726 0.0304098 0.0445513 38203
0 0.992498 0.740089 0.0144192 0.0398148 38204
0 0.577233 0.87595 0.0321594 0.0136237 38205
0 0.40994 0.768466 0.00449123 0.00896098 38206
0 0.937792 0.724796 0.0113115 0.0109639 38207
0 0.120569 0.985258 0.0382467 0.0227793 38208
0 0.87221 0.845591 0.0139046 0.0155802 38209
0 0.88076 0.682095 0.00650845 0.0177098 38210
0 0.528438 0.73994 0.0189622 0.00868903 38211
0 0.772881 0.813167 0.0213228 0.0175388 38212
0 0.39147 0.832706 0.0177836 0.0872399 38213
0 0.489572 0.861955 0.0262018 0.0143851 38214
0 0.948096 0.857552 0.0311607 0.0324385 38215
0 0.189346 0.733952 0.011811 0.0110114 38216
0 0.99652 0.673714 0.00654335 0.0148727 38217
0 0.00909683 0.977368 0.0180181 0.0243537 38218
0 0.982339 0.662369 0.0102064 0.0215591 38219
0 0.125903 0.98643 0.0252469 0.0212552 38220
0 0.588081 0.907959 0.052536 0.0237654 38221
0 0.817141 0.777587 0.00891418 0.0387492 38222
0 0.968723 0.673979 0.00412979 0.0205471 38223
0 0.391528 0.812864 0.0163693 0.045912 38224
0 0.00575443 0.97175 0.0113778 0.0341709 38225
0 0.779239 0.815968 0.00838156 0.0115211 38226
0 0.919528 0.980541 0.0284052 0.0260464 38227
0 0.837876 0.8342 0.0323811 0.0357174 38228
0 0.00432197 0.972374 0.00860875 0.0318232 38229
0 0.540229 0.843025 0.0066431 0.0160004 38230
0 0.79622 0.754992 0.0102215 0.0234026 38231
0 0.988097 0.749355 0.00818424 0.0458032 38232
0 0.949264 0.85989 0.0137989 0.0206916 38233
0 0.390554 0.799093 0.007973 0.0184343 38234
0 0.981845 0.665952 0.00852699 0.0258865 38235
0 0.851913 0.846831 0.0255447 0.0116347 38236
0 0.924875 0.983862 0.0202576 0.0200022 38237
0 0.474176 0.853278 0.0129103 0.0304223 38238
0 0.144551 0.739133 0.0230875 0.0108215 38239
0 0.901929 0.982917 0.0709583 0.0324358 38240
0 0.936038 0.763535 0.054755 0.0152345 38241
