0 0.476756 0.834767 0.0147308 0.0669946 22571
0 0.455473 0.833585 0.0122314 0.0686668 22572
0 0.871978 0.759266 0.0095871 0.0486937 22573
0 0.718517 0.830753 0.0143475 0.0303172 22574
0 0.0264393 0.902486 0.0156051 0.0490889 22575
0 0.830607 0.834629 0.017186 0.0334878 22576
0 0.697498 0.792577 0.0113432 0.0482229 22577
0 0.767774 0.781104 0.00926571 0.0438395 22578
0 0.84298 0.76662 0.00855255 0.0476296 22579
0 0.793721 0.77532 0.0112896 0.0477865 22580
0 0.953531 0.849439 0.0220497 0.0411385 22581
0 0.518055 0.806591 0.00872326 0.0350223 22582
0 0.744039 0.783869 0.00859947 0.0465786 22583
0 0.907711 0.755261 0.0105854 0.046687 22584
0 0.856306 0.830239 0.0153641 0.0329095 22585
0 0.47731 0.779825 0.00816402 0.0220593 22586
0 0.921632 0.751302 0.00805206 0.0385474 22587
0 0.82092 0.770316 0.00815182 0.0392917 22588
0 0.278742 0.728806 0.00635405 0.0158049 22589
0 0.0697394 0.742652 0.00889692 0.0284517 22590
0 0.755942 0.779598 0.00751457 0.0431118 22591
0 0.0221483 0.938157 0.0442966 0.0298557 22592
0 0.836762 0.774065 0.00640984 0.0279814 22593
0 0.996052 0.809848 0.00747681 0.0238858 22594
0 0.894588 0.976252 0.0657646 0.0457425 22595
0 0.451759 0.780124 0.00718861 0.0176053 22596
0 0.14646 0.738442 0.00572791 0.0110063 22597
0 0.00897274 0.750582 0.00966898 0.0157101 22598
0 0.355091 0.988999 0.0145781 0.0220018 22599
0 0.198655 0.915922 0.0467521 0.0320591 22600
0 0.883896 0.979514 0.0444164 0.039476 22601
0 0.434137 0.911588 0.0244542 0.043122 22602
0 0.327641 0.751004 0.00872092 0.013303 22603
0 0.196857 0.733701 0.00832834 0.0105272 22604
0 0.159161 0.739186 0.00480504 0.00740696 22605
0 0.527941 0.739706 0.0050909 0.00804647 22606
0 0.906202 0.973205 0.0440557 0.04039 22607
0 0.0531375 0.752095 0.0043465 0.00772383 22608
0 0.00594795 0.97568 0.0118272 0.0252579 22609
0 0.323033 0.711436 0.00598369 0.0162177 22610
0 0.917818 0.972788 0.0180712 0.0396428 22611
0 0.972556 0.762686 0.0143822 0.0274217 22612
0 0.675959 0.815716 0.0160259 0.0186778 22613
0 0.951185 0.739389 0.00787315 0.0282481 22614
0 0.00246208 0.975777 0.00486976 0.0238922 22615
0 0.921299 0.973337 0.027372 0.0404624 22616
0 0.45198 0.785458 0.0208263 0.00863732 22617
0 0.126245 0.986008 0.0284138 0.0208286 22618
0 0.768305 0.697307 0.00792828 0.0134335 22619
0 0.715687 0.831261 0.0202721 0.0310182 22620
0 0.791393 0.697152 0.00555649 0.0165136 22621
0 0.853693 0.831349 0.0210461 0.0363332 22622
0 0.883349 0.985054 0.0431456 0.0284841 22623
0 0.283372 0.737687 0.0181094 0.00738593 22624
0 0.100427 0.994255 0.0572078 0.00777198 22625
0 0.00694742 0.751723 0.00783037 0.0132658 22626
0 0.95213 0.734212 0.008284 0.026219 22627
0 0.852914 0.846279 0.0257923 0.0132448 22628
0 0.934265 0.727296 0.0077652 0.025353 22629
0 0.577148 0.875418 0.0322161 0.0134555 22630
0 0.00899324 0.976076 0.0178515 0.0263731 22631
0 0.105223 0.989595 0.0666205 0.0167623 22632
0 0.991712 0.675304 0.00625648 0.0182158 22633
0 0.57692 0.875185 0.0322639 0.0133163 22634
0 0.118487 0.984646 0.0358768 0.0226296 22635
0 0.973742 0.75305 0.00527611 0.00924835 22636
0 0.772763 0.812902 0.00929222 0.0149338 22637
0 0.109622 0.981125 0.0190559 0.0232327 22638
0 0.105933 0.985757 0.0662853 0.0235135 22639
0 0.325776 0.730657 0.0188266 0.0102412 22640
0 0.678632 0.814656 0.0213989 0.020742 22641
0 0.944819 0.867102 0.0284241 0.0149151 22642
0 0.327433 0.754668 0.00951681 0.0156967 22643
0 0.0100276 0.760219 0.0172107 0.009768 22644
0 0.972085 0.768299 0.0145748 0.0174778 22645
0 0.540878 0.84879 0.00788221 0.0280548 22646
0 0.85234 0.843021 0.0232111 0.0153069 22647
0 0.530723 0.73996 0.011281 0.00895538 22648
0 0.937719 0.867251 0.0145451 0.0149292 22649
0 0.973533 0.67509 0.00704346 0.0167776 22650
0 0.919946 0.754528 0.010891 0.0450575 22651
0 0.148904 0.741292 0.0206765 0.0091095 22652
0 0.769031 0.812928 0.0126349 0.0154368 22653
0 0.974679 0.770792 0.018306 0.0122782 22654
0 0.906143 0.976012 0.0606758 0.0452837 22655
0 0.85979 0.845895 0.0388498 0.0165304 22656
0 0.949528 0.861068 0.0139568 0.0170849 22657
0 0.772777 0.812806 0.0211699 0.0168854 22658
0 0.790846 0.820513 0.0247364 0.00646634 22659
0 0.0661458 0.758771 0.0247912 0.00747647 22660
0 0.755808 0.782672 0.00964317 0.0482642 22661
0 0.403627 0.752522 0.00762806 0.00783149 22662
0 0.779253 0.816138 0.00815239 0.00994008 22663
0 0.752658 0.791288 0.0114849 0.0307631 22664
0 0.0617406 0.758809 0.0360774 0.00876126 22665
0 0.868488 0.845175 0.0186405 0.0160655 22666
0 0.766466 0.716266 0.0378204 0.0122586 22667
0 0.768738 0.699218 0.0085762 0.0164773 22668
0 0.00289945 0.973147 0.00572874 0.0296948 22669
0 0.862057 0.832354 0.0277954 0.0379164 22670
0 0.593763 0.913788 0.0615959 0.011539 22671
0 0.846509 0.845995 0.0401573 0.0153095 22672
0 0.00985997 0.750665 0.0138782 0.0190955 22673
0 0.0590188 0.753356 0.0181 0.0079188 22674
0 0.947647 0.850722 0.0330631 0.0460415 22675
0 0.840633 0.834998 0.0375593 0.0338938 22676
0 0.850778 0.844745 0.020985 0.0131738 22677
