0 0.484286 0.826815 0.0131372 0.0553914 78717
0 0.452129 0.833697 0.0124933 0.0657272 78718
0 0.842357 0.767012 0.00888195 0.0458293 78719
0 0.796445 0.776419 0.00837841 0.047737 78720
0 0.739419 0.784346 0.0100161 0.0487952 78721
0 0.556009 0.818366 0.0115893 0.0490055 78722
0 0.830802 0.834776 0.0175854 0.0332909 78723
0 0.630561 0.800662 0.0109827 0.0524021 78724
0 0.43693 0.898762 0.0176731 0.0646447 78725
0 0.67083 0.792744 0.00957642 0.0524336 78726
0 0.718537 0.829674 0.0144163 0.0326372 78727
0 0.0221024 0.937832 0.0442049 0.0278035 78728
0 0.11453 0.982469 0.0334513 0.0278924 78729
0 0.953535 0.851095 0.0219753 0.041233 78730
0 0.197999 0.915761 0.0459074 0.0314448 78731
0 0.0173576 0.751967 0.0106346 0.0175554 78732
0 0.704317 0.791834 0.00964336 0.0437881 78733
0 0.0659466 0.736186 0.00575699 0.0202898 78734
0 0.855571 0.829435 0.0142494 0.0334164 78735
0 0.391177 0.832627 0.0181273 0.0872881 78736
0 0.890869 0.975513 0.0590799 0.0466653 78737
0 0.291522 0.723913 0.00807734 0.0168443 78738
0 0.93507 0.727913 0.00658264 0.0229404 78739
0 0.354969 0.989118 0.0151628 0.021764 78740
0 0.475756 0.857963 0.0191792 0.0223338 78741
0 0.902926 0.972286 0.0359058 0.0404609 78742
0 0.317774 0.708862 0.00556073 0.0179993 78743
0 0.95697 0.849846 0.0154278 0.0383172 78744
0 0.853326 0.830105 0.0206985 0.0342807 78745
0 0.0953964 0.994166 0.0462955 0.00800696 78746
0 0.693995 0.795983 0.0126169 0.0482876 78747
0 0.974357 0.76247 0.0185236 0.0274261 78748
0 0.106061 0.982802 0.0496068 0.0290419 78749
0 0.910479 0.973192 0.0491852 0.0422582 78750
0 0.576459 0.813316 0.0325337 0.0106469 78751
0 0.430099 0.763302 0.0198984 0.0127879 78752
0 0.69607 0.794843 0.00988626 0.043212 78753
0 0.00566111 0.977493 0.0112872 0.021902 78754
0 0.883444 0.984895 0.0445541 0.0283115 78755
0 0.0664375 0.740988 0.00725491 0.029538 78756
0 0.715314 0.830016 0.0214604 0.0334056 78757
0 0.773336 0.813298 0.0213432 0.017238 78758
0 0.676047 0.815378 0.0114922 0.0181566 78759
0 0.974466 0.768627 0.0188242 0.0159871 78760
0 0.164491 0.727612 0.0100193 0.0102821 78761
0 0.273788 0.729822 0.0063416 0.0169598 78762
0 0.679691 0.815324 0.01829 0.0185187 78763
0 0.365353 0.772478 0.0147987 0.0112556 78764
0 0.972965 0.752228 0.00664101 0.0125253 78765
0 0.577426 0.875783 0.0331392 0.0131958 78766
0 0.577113 0.875316 0.0332598 0.0133469 78767
0 0.368241 0.772425 0.00893364 0.0110258 78768
0 0.488613 0.728969 0.00571137 0.0102068 78769
0 0.996408 0.815312 0.00676727 0.0113329 78770
0 0.884116 0.978821 0.045537 0.0394382 78771
0 0.918114 0.973195 0.0352879 0.0426849 78772
0 0.996276 0.810482 0.00703812 0.0212938 78773
0 0.162281 0.727633 0.0119891 0.0105896 78774
0 0.292782 0.724168 0.0114259 0.0162014 78775
0 0.362805 0.772935 0.0212967 0.0116014 78776
0 0.852528 0.848955 0.0257957 0.00921122 78777
0 0.974671 0.771057 0.0183268 0.0111725 78778
0 0.43333 0.898532 0.0263744 0.065931 78779
0 0.84906 0.698215 0.00567799 0.0198932 78780
0 0.950256 0.862458 0.0153526 0.0189938 78781
0 0.970111 0.743149 0.00883884 0.0277618 78782
0 0.588652 0.913675 0.0396441 0.0106042 78783
0 0.284886 0.726736 0.0060842 0.00705058 78784
0 0.0685557 0.739804 0.0114898 0.029341 78785
0 0.204185 0.896513 0.00885825 0.0106601 78786
0 0.690832 0.797824 0.0109263 0.0512716 78787
0 0.0800475 0.750522 0.00550671 0.0103288 78788
0 0.585468 0.912811 0.0467556 0.0135729 78789
0 0.94701 0.853912 0.0336395 0.0419167 78790
0 0.823748 0.697824 0.00530319 0.0158524 78791
0 0.940241 0.675139 0.0088192 0.0166812 78792
0 0.5768 0.810809 0.0339996 0.0139404 78793
0 0.781376 0.813971 0.0148172 0.0155684 78794
0 0.826435 0.812896 0.0226585 0.0123105 78795
0 0.57739 0.882063 0.0329145 0.00744985 78796
0 0.936474 0.867129 0.0123777 0.0154015 78797
0 0.141811 0.736986 0.00713181 0.00989176 78798
0 0.960853 0.85116 0.0206266 0.0408864 78799
0 0.871752 0.845311 0.0133551 0.0155908 78800
0 0.577385 0.880413 0.033217 0.010124 78801
0 0.0093679 0.977817 0.0187063 0.0234022 78802
0 0.0680182 0.752648 0.0106363 0.0121975 78803
0 0.675082 0.796379 0.0174797 0.0599477 78804
0 0.59299 0.913845 0.0304261 0.00965288 78805
0 0.856026 0.795161 0.0162273 0.0123255 78806
0 0.974552 0.750434 0.0203144 0.050155 78807
0 0.674882 0.819169 0.0157862 0.0243666 78808
0 0.42521 0.922767 0.0184246 0.0194648 78809
0 0.0992243 0.992173 0.0528884 0.0112759 78810
0 0.936758 0.727245 0.0105328 0.0237712 78811
0 0.856063 0.822732 0.0168196 0.0283183 78812
0 0.843815 0.847204 0.044305 0.0130341 78813
0 0.141942 0.735735 0.00617838 0.00903982 78814
0 0.825395 0.812984 0.0232273 0.013009 78815
0 0.97208 0.740371 0.0135748 0.0309211 78816
0 0.914355 0.969174 0.00977211 0.0346585 78817
0 0.0688626 0.748382 0.0122181 0.0174259 78818
0 0.428011 0.921102 0.0133993 0.0209298 78819
0 0.270662 0.73084 0.0128274 0.0197976 78820
0 0.710265 0.843209 0.0139542 0.0083374 78821
0 0.838064 0.835331 0.0323315 0.0340858 78822
0 0.677679 0.81838 0.0194243 0.0246599 78823
0 0.961339 0.851554 0.0380901 0.0420364 78824
0 0.362408 0.773788 0.0227872 0.0111837 78825
0 0.42824 0.761918 0.0244914 0.0168196 78826
0 0.577655 0.886534 0.0339727 0.01195 78827
0 0.972025 0.673639 0.00477085 0.0145938 78828
