0 0.452858 0.833653 0.0122381 0.0679765 34903
0 0.755195 0.781073 0.0082674 0.0488802 34904
0 0.545018 0.815092 0.0107553 0.0515866 34905
0 0.732641 0.78767 0.0084486 0.0447949 34906
0 0.859986 0.763828 0.00932579 0.0565538 34907
0 0.842847 0.766071 0.00874748 0.0460759 34908
0 0.830637 0.83466 0.0176243 0.0336029 34909
0 0.695511 0.794349 0.00915651 0.0454741 34910
0 0.828545 0.766997 0.00973473 0.0478906 34911
0 0.744302 0.78529 0.00990973 0.0456343 34912
0 0.705057 0.791475 0.0110091 0.0476919 34913
0 0.953771 0.84895 0.0219919 0.0399868 34914
0 0.799306 0.776983 0.00836735 0.0465302 34915
0 0.34975 0.755978 0.00999246 0.0226627 34916
0 0.433764 0.914659 0.0244951 0.0371636 34917
0 0.852762 0.832138 0.0222792 0.0340134 34918
0 0.936353 0.723695 0.00484962 0.0181244 34919
0 0.817475 0.780007 0.00559959 0.0306922 34920
0 0.718254 0.830305 0.0139244 0.0320333 34921
0 0.982485 0.739425 0.0132492 0.0394826 34922
0 0.472954 0.853538 0.0196446 0.0335754 34923
0 0.891708 0.976223 0.0615448 0.0459532 34924
0 0.272594 0.726983 0.00738964 0.0193325 34925
0 0.198943 0.916237 0.0464978 0.0318834 34926
0 0.00564996 0.977518 0.0112481 0.0230991 34927
0 0.00935304 0.74805 0.00993045 0.0202979 34928
0 0.712523 0.83093 0.0262087 0.0326547 34929
0 0.0713119 0.740845 0.00909801 0.0223233 34930
0 0.789903 0.699732 0.00527172 0.0159661 34931
0 0.439289 0.7761 0.00516567 0.0146362 34932
0 0.411865 0.767625 0.00463009 0.00896369 34933
0 0.773258 0.699111 0.00681477 0.0178183 34934
0 0.44741 0.776895 0.00616493 0.0154232 34935
0 0.904479 0.973129 0.0394543 0.0402391 34936
0 0.114916 0.981557 0.030248 0.0244251 34937
0 0.577734 0.875797 0.0324316 0.014743 34938
0 0.0220742 0.938659 0.0441485 0.0283081 34939
0 0.354607 0.989267 0.0160905 0.021464 34940
0 0.469404 0.854544 0.0128636 0.0313724 34941
0 0.79556 0.776311 0.00635681 0.0491041 34942
0 0.109633 0.980633 0.0198051 0.0234097 34943
0 0.319824 0.709958 0.0066443 0.0182298 34944
0 0.856233 0.831008 0.0150141 0.0328705 34945
0 0.67571 0.816599 0.0151085 0.0194556 34946
0 0.190693 0.730865 0.00974526 0.00781691 34947
0 0.753209 0.781733 0.0120306 0.0502079 34948
0 0.885173 0.979188 0.0485317 0.0397108 34949
0 0.894935 0.681493 0.00579472 0.0175395 34950
0 0.110159 0.983532 0.0461677 0.0274265 34951
0 0.446024 0.777008 0.00911407 0.0154485 34952
0 0.119682 0.984249 0.0394389 0.023642 34953
0 0.951909 0.859811 0.0180582 0.0219715 34954
0 0.974258 0.763081 0.0197083 0.0266171 34955
0 0.769785 0.812944 0.0130699 0.0157064 34956
0 0.996531 0.810942 0.00652313 0.0207586 34957
0 0.996589 0.814325 0.00640068 0.013838 34958
0 0.922213 0.973791 0.0269629 0.0413493 34959
0 0.141111 0.735314 0.0097163 0.00843879 34960
0 0.102954 0.993747 0.0616741 0.00908237 34961
0 0.858664 0.834481 0.0385197 0.038583 34962
0 0.911952 0.974855 0.0467714 0.0440701 34963
0 0.773742 0.813257 0.0196729 0.0171548 34964
0 0.680773 0.816415 0.0243236 0.019241 34965
0 0.142211 0.735871 0.0133657 0.00879805 34966
0 0.153021 0.735132 0.0159466 0.00897691 34967
0 0.802391 0.776138 0.010327 0.0446364 34968
0 0.88001 0.985029 0.0377018 0.0277225 34969
0 0.882869 0.681402 0.00946846 0.0140369 34970
0 0.98711 0.759933 0.0254654 0.0143138 34971
0 0.391152 0.831399 0.0182106 0.0848021 34972
0 0.972133 0.674461 0.00542412 0.0190751 34973
0 0.956428 0.866721 0.0284546 0.0143641 34974
0 0.921292 0.680831 0.00733871 0.0125366 34975
0 0.125691 0.985611 0.0281136 0.0205324 34976
0 0.979868 0.740707 0.0193192 0.0446165 34977
0 0.840592 0.834145 0.0384686 0.0350632 34978
0 0.736611 0.786581 0.0073925 0.0447927 34979
0 0.121921 0.986253 0.0195519 0.0211812 34980
0 0.956436 0.852233 0.0285231 0.0395047 34981
0 0.882159 0.679813 0.0106113 0.0174785 34982
0 0.824828 0.814886 0.0249535 0.0102132 34983
0 0.960065 0.849925 0.0180082 0.0405999 34984
0 0.39149 0.815059 0.0169149 0.0498569 34985
0 0.591069 0.907977 0.0581148 0.0229675 34986
0 0.392423 0.803648 0.0124853 0.0209191 34987
0 0.105482 0.983827 0.065468 0.02732 34988
0 0.818596 0.779467 0.00791626 0.0326613 34989
0 0.957528 0.868565 0.0260048 0.0104114 34990
0 0.974376 0.754645 0.00820923 0.0137173 34991
0 0.424511 0.928904 0.0150146 0.0101929 34992
0 0.92474 0.981524 0.0218758 0.0249705 34993
0 0.976071 0.770769 0.021767 0.0123949 34994
0 0.96193 0.8503 0.0397041 0.0430013 34995
0 0.0538137 0.749348 0.00465682 0.0123225 34996
0 0.987886 0.75684 0.0242271 0.0112286 34997
0 0.589616 0.911486 0.0562948 0.0159064 34998
0 0.97466 0.675828 0.0102688 0.0195694 34999
0 0.955063 0.863936 0.025457 0.0193853 35000
0 0.153507 0.983373 0.0175525 0.0132165 35001
0 0.85958 0.782426 0.0102512 0.03976 35002
0 0.350008 0.989296 0.0262732 0.0213131 35003
