0 0.797157 0.775508 0.0118312 0.0495005 57792
0 0.553641 0.816362 0.0113302 0.0545159 57793
0 0.772974 0.776947 0.010792 0.0502165 57794
0 0.636858 0.80476 0.00996561 0.0489507 57795
0 0.692498 0.796406 0.00970411 0.0457906 57796
0 0.953751 0.850017 0.0228266 0.0428489 57797
0 0.452064 0.833672 0.0129218 0.0688836 57798
0 0.830568 0.834623 0.017473 0.0334332 57799
0 0.745096 0.782378 0.0104527 0.0513448 57800
0 0.702788 0.791718 0.0101503 0.0485923 57801
0 0.736658 0.785854 0.00891056 0.0476708 57802
0 0.843038 0.763483 0.00684471 0.0395823 57803
0 0.718255 0.830768 0.0147029 0.0310474 57804
0 0.890355 0.975688 0.0577888 0.045539 57805
0 0.939844 0.728423 0.00741119 0.0210619 57806
0 0.474601 0.855439 0.0274633 0.0301938 57807
0 0.0579707 0.739828 0.00522258 0.0180272 57808
0 0.974071 0.763285 0.0200138 0.0264009 57809
0 0.856394 0.830509 0.013693 0.032273 57810
0 0.273967 0.72806 0.00612545 0.0161521 57811
0 0.00476153 0.751663 0.00857382 0.0174823 57812
0 0.434358 0.91411 0.0223219 0.0370914 57813
0 0.754872 0.789187 0.00669832 0.0336663 57814
0 0.318504 0.715423 0.00515151 0.0158142 57815
0 0.0655259 0.753365 0.00745085 0.0133202 57816
0 0.35527 0.989185 0.0136414 0.0216304 57817
0 0.109211 0.978844 0.020729 0.0269119 57818
0 0.478975 0.854856 0.0189821 0.0290561 57819
0 0.114798 0.980926 0.0327147 0.0311089 57820
0 0.676189 0.815461 0.0155352 0.0176824 57821
0 0.420554 0.761726 0.00469666 0.0109833 57822
0 0.902137 0.972944 0.0345402 0.0401852 57823
0 0.292064 0.72065 0.00629826 0.0156216 57824
0 0.00595733 0.977973 0.0118883 0.0217353 57825
0 0.391052 0.817194 0.0176594 0.0564938 57826
0 0.883311 0.984803 0.0434004 0.0280087 57827
0 0.714285 0.8313 0.0230064 0.0316291 57828
0 0.0221671 0.938999 0.0443341 0.0312356 57829
0 0.995889 0.675651 0.00701389 0.0273995 57830
0 0.852481 0.831192 0.0240646 0.0344476 57831
0 0.852575 0.848772 0.026811 0.00969781 57832
0 0.996369 0.810206 0.00683975 0.0209768 57833
0 0.407428 0.776423 0.0184408 0.0150616 57834
0 0.105133 0.981626 0.0565391 0.0317407 57835
0 0.977656 0.669152 0.00465889 0.0196769 57836
0 0.577059 0.874643 0.0327069 0.0159346 57837
0 0.417272 0.762857 0.011196 0.0119793 57838
0 0.292657 0.728438 0.00834379 0.0114943 57839
0 0.0986877 0.994069 0.0532846 0.00864478 57840
0 0.0662942 0.754426 0.0101895 0.0119178 57841
0 0.104596 0.990914 0.0677907 0.0144548 57842
0 0.884408 0.979595 0.0458447 0.0376563 57843
0 0.974584 0.770447 0.019117 0.0124117 57844
0 0.981746 0.669731 0.00548306 0.0187797 57845
0 0.48072 0.855128 0.0363093 0.0291372 57846
0 0.520447 0.730948 0.00937061 0.0104811 57847
0 0.959704 0.850317 0.0111353 0.0384847 57848
0 0.922417 0.681027 0.00643311 0.0146935 57849
0 0.851413 0.845628 0.0255238 0.0129157 57850
0 0.815587 0.696544 0.00624657 0.0124861 57851
0 0.391029 0.832353 0.0182277 0.0871301 57852
0 0.13836 0.740707 0.0163057 0.0106432 57853
0 0.481507 0.853657 0.0166167 0.0285299 57854
0 0.747885 0.782006 0.0154892 0.0510156 57855
0 0.787973 0.699392 0.0067812 0.0130785 57856
0 0.970123 0.673698 0.00519695 0.0165405 57857
0 0.0546999 0.740327 0.0123759 0.016767 57858
0 0.293181 0.730413 0.0144602 0.0105177 57859
0 0.273423 0.730519 0.00751333 0.0197277 57860
0 0.936225 0.866204 0.0113518 0.0148404 57861
0 0.862852 0.833388 0.032272 0.0387553 57862
0 0.389605 0.760063 0.00930414 0.0108929 57863
0 0.00608408 0.972214 0.0120268 0.033913 57864
0 0.855227 0.847714 0.0334446 0.0142938 57865
0 0.0646195 0.749009 0.0141784 0.0179181 57866
0 0.860186 0.795184 0.00593224 0.0129245 57867
0 0.975683 0.771343 0.0191795 0.0107369 57868
0 0.440378 0.914827 0.0109737 0.0343363 57869
0 0.989076 0.765398 0.0213827 0.0142341 57870
0 0.587822 0.913226 0.0515079 0.0118552 57871
0 0.944433 0.865434 0.0280802 0.0167023 57872
0 0.861148 0.843265 0.0339247 0.0211426 57873
0 0.884756 0.989286 0.039126 0.0187561 57874
0 0.839167 0.83441 0.034919 0.0359989 57875
0 0.760183 0.824422 0.010655 0.00623661 57876
0 0.0479299 0.740332 0.0090232 0.010221 57877
0 0.989966 0.767498 0.0196014 0.0118663 57878
0 0.986027 0.7672 0.0275335 0.0135001 57879
0 0.708062 0.785898 0.0044445 0.0129381 57880
0 0.577662 0.881989 0.0326388 0.00885722 57881
0 0.953101 0.862778 0.0225224 0.0190821 57882
0 0.00919627 0.977863 0.0182501 0.0235933 57883
0 0.912892 0.973578 0.0478123 0.0418913 57884
0 0.871696 0.845366 0.013443 0.0158383 57885
0 0.138243 0.740612 0.0164305 0.0106186 57886
0 0.967145 0.863207 0.0412672 0.0124746 57887
0 0.96358 0.85106 0.0480854 0.0447984 57888
0 0.961035 0.866297 0.0537853 0.0156264 57889
0 0.983297 0.765028 0.0329733 0.0151174 57890
0 0.574933 0.873834 0.0370911 0.0171865 57891
0 0.42186 0.914927 0.0483273 0.0394514 57892
0 0.855767 0.837437 0.0456284 0.0348687 57893
0 0.981558 0.762719 0.0357229 0.0263828 57894
0 0.121162 0.985016 0.0187318 0.024255 57895
0 0.153244 0.983501 0.0174823 0.012204 57896
