0 0.452391 0.834603 0.0123781 0.0654244 77210
0 0.841918 0.767218 0.00870037 0.0459846 77211
0 0.491754 0.826179 0.0124424 0.0551593 77212
0 0.559312 0.818493 0.011014 0.0509337 77213
0 0.63991 0.800123 0.010498 0.0528588 77214
0 0.79626 0.776263 0.00839806 0.0479199 77215
0 0.830798 0.834831 0.017568 0.0330058 77216
0 0.677408 0.789025 0.0102713 0.0460634 77217
0 0.953652 0.85086 0.0218542 0.040879 77218
0 0.742764 0.782268 0.00983276 0.0493866 77219
0 0.71842 0.829567 0.0146595 0.0327984 77220
0 0.0169433 0.751215 0.00919918 0.0179538 77221
0 0.68993 0.794901 0.00875893 0.0450385 77222
0 0.114604 0.98234 0.0334316 0.0275774 77223
0 0.0220978 0.938095 0.0441957 0.0275736 77224
0 0.93728 0.727422 0.00792294 0.0218397 77225
0 0.703495 0.790907 0.012094 0.0487344 77226
0 0.0662134 0.73332 0.00664737 0.0175239 77227
0 0.854734 0.829753 0.0169537 0.0341631 77228
0 0.273122 0.728749 0.00532246 0.0141708 77229
0 0.315411 0.710559 0.00695362 0.0211368 77230
0 0.890584 0.975425 0.0588472 0.0466739 77231
0 0.35502 0.989111 0.0150753 0.0217786 77232
0 0.434224 0.913115 0.0242184 0.0377201 77233
0 0.198588 0.915498 0.0447657 0.0320207 77234
0 0.902897 0.972297 0.0355246 0.0405394 77235
0 0.291072 0.724207 0.00825243 0.0170122 77236
0 0.475438 0.858405 0.0175197 0.0209883 77237
0 0.0954298 0.994183 0.0462735 0.00798425 77238
0 0.430277 0.912798 0.0163177 0.0359894 77239
0 0.00559078 0.979101 0.0111307 0.0182029 77240
0 0.106453 0.982824 0.0500548 0.028992 77241
0 0.910855 0.973439 0.0491226 0.042706 77242
0 0.441332 0.917661 0.00981083 0.0265164 77243
0 0.695521 0.800313 0.00800152 0.0349145 77244
0 0.43516 0.759723 0.00538807 0.0118859 77245
0 0.705569 0.789952 0.0105052 0.0473884 77246
0 0.715445 0.829922 0.0213514 0.0335422 77247
0 0.291258 0.723752 0.0113663 0.0173686 77248
0 0.883424 0.984391 0.0447384 0.0294973 77249
0 0.57717 0.875303 0.0333307 0.0132073 77250
0 0.974529 0.770296 0.018412 0.0124437 77251
0 0.973585 0.741711 0.00767441 0.0325926 77252
0 0.983332 0.66602 0.00474472 0.0176371 77253
0 0.973111 0.671742 0.00514641 0.0180983 77254
0 0.821654 0.696985 0.00472984 0.0182279 77255
0 0.920363 0.973148 0.0310169 0.042434 77256
0 0.77303 0.812818 0.0206367 0.017117 77257
0 0.883972 0.725703 0.030435 0.0105726 77258
0 0.895524 0.684276 0.00431175 0.0231523 77259
0 0.0685889 0.733876 0.0117232 0.0195201 77260
0 0.996407 0.815148 0.00676689 0.0116211 77261
0 0.848069 0.698552 0.00466003 0.0177851 77262
0 0.996277 0.810479 0.00703678 0.0212606 77263
0 0.161528 0.72812 0.0123931 0.0106574 77264
0 0.699132 0.793433 0.0139292 0.0466254 77265
0 0.852508 0.848992 0.0260015 0.00926887 77266
0 0.974202 0.750973 0.0188477 0.0507475 77267
0 0.577446 0.875751 0.0331768 0.0131819 77268
0 0.972866 0.766438 0.0148579 0.0191518 77269
0 0.942838 0.676173 0.0104641 0.0142498 77270
0 0.419687 0.761946 0.00631847 0.00980648 77271
0 0.0697569 0.739102 0.0118837 0.0100374 77272
0 0.69803 0.792316 0.0198317 0.0478138 77273
0 0.490559 0.72901 0.0075367 0.0104187 77274
0 0.826889 0.812522 0.0220264 0.0125115 77275
0 0.997273 0.671281 0.00498428 0.0155448 77276
0 0.958476 0.851357 0.0125488 0.0376248 77277
0 0.293351 0.723354 0.0150953 0.0189243 77278
0 0.390968 0.83079 0.0179878 0.0834425 77279
0 0.492318 0.818845 0.0119858 0.0403415 77280
0 0.576218 0.806403 0.0298624 0.0109192 77281
0 0.776274 0.813524 0.0227673 0.0179944 77282
0 0.137185 0.74124 0.0179543 0.0102651 77283
0 0.587919 0.913438 0.0415375 0.0115368 77284
0 0.935983 0.867136 0.0117943 0.0150833 77285
0 0.784723 0.779675 0.0169548 0.0195546 77286
0 0.701582 0.793139 0.0127577 0.0501772 77287
0 0.676783 0.817583 0.0162643 0.0139162 77288
0 0.962477 0.67113 0.00550652 0.0212001 77289
0 0.541304 0.848875 0.00698061 0.0266686 77290
0 0.577362 0.880213 0.0332596 0.0109331 77291
0 0.492098 0.729588 0.0138571 0.0129551 77292
0 0.816035 0.770535 0.0634216 0.0514526 77293
0 0.914377 0.969859 0.00969811 0.036082 77294
0 0.971123 0.74927 0.0139404 0.0483744 77295
0 0.838935 0.835471 0.0342121 0.0340966 77296
0 0.947271 0.853126 0.0342691 0.0433116 77297
0 0.00933176 0.979432 0.0186635 0.0205558 77298
0 0.953241 0.860931 0.0183044 0.0219872 77299
0 0.682448 0.791539 0.0184183 0.046049 77300
0 0.856073 0.795494 0.0198055 0.0134316 77301
0 0.939859 0.727725 0.0131737 0.0225613 77302
0 0.85602 0.821385 0.0174007 0.025867 77303
0 0.924348 0.981361 0.0227169 0.0243266 77304
0 0.843685 0.847292 0.0445805 0.0131785 77305
0 0.676108 0.817777 0.0154713 0.0142931 77306
0 0.973226 0.669986 0.0060545 0.0220227 77307
