0 0.480893 0.829866 0.0138863 0.0641766 None
0 0.453067 0.834152 0.0124861 0.0673421 None
0 0.698069 0.792706 0.00931797 0.0512075 None
0 0.197136 0.875713 0.0129516 0.0539512 None
0 0.983245 0.739398 0.0109327 0.0500749 None
0 0.788176 0.776832 0.0106359 0.0479387 None
0 0.953509 0.849146 0.0223949 0.0419766 None
0 0.678535 0.792172 0.0084486 0.0373469 None
0 0.810616 0.772854 0.00880051 0.0414907 None
0 0.777243 0.778789 0.0109008 0.0475059 None
0 0.843177 0.765077 0.0107687 0.0411114 None
0 0.826794 0.769737 0.0103277 0.0414364 None
0 0.96671 0.742223 0.00875549 0.0486806 None
0 0.717084 0.830323 0.0143727 0.0313375 None
0 0.782972 0.698345 0.00653648 0.0219379 None
0 0.864135 0.759346 0.00727406 0.0358734 None
0 0.764699 0.697458 0.00660658 0.0176392 None
0 0.423752 0.91404 0.0206621 0.0430172 None
0 0.513349 0.778725 0.00778637 0.024311 None
0 0.830361 0.834475 0.0181459 0.0329478 None
0 0.938145 0.746486 0.0107552 0.043217 None
0 0.00870621 0.748436 0.0078739 0.0168747 None
0 0.908766 0.743532 0.00852604 0.0233236 None
0 0.855684 0.830916 0.0157619 0.0324334 None
0 0.115123 0.98361 0.0312515 0.0214225 None
0 0.354925 0.989205 0.0148701 0.0215902 None
0 0.883363 0.980608 0.0447611 0.0367964 None
0 0.853242 0.8319 0.0216801 0.0341424 None
0 0.99562 0.813668 0.0083395 0.0182636 None
0 0.391415 0.813785 0.0169781 0.0461348 None
0 0.296898 0.755245 0.00709615 0.0211378 None
0 0.486142 0.770678 0.0065856 0.0221849 None
0 0.921091 0.973401 0.0255291 0.0407147 None
0 0.907228 0.973539 0.0432537 0.0396552 None
0 0.199262 0.916122 0.0457891 0.0311876 None
0 0.329872 0.712925 0.00636563 0.0180793 None
0 0.540601 0.849446 0.00704594 0.0260295 None
0 0.917976 0.972819 0.0182123 0.0396149 None
0 0.00595938 0.981602 0.0118383 0.0144338 None
0 0.00746438 0.748953 0.0111139 0.0169593 None
0 0.896154 0.975962 0.0698847 0.0444858 None
0 0.494925 0.80822 0.0111241 0.0434506 None
0 0.108005 0.98493 0.0499728 0.0245806 None
0 0.0971175 0.994195 0.0492444 0.00813582 None
0 0.960412 0.742819 0.00692139 0.0294925 None
0 0.539397 0.739752 0.00376387 0.00811022 None
0 0.296489 0.735155 0.0127256 0.0105632 None
0 0.297062 0.754537 0.00984583 0.0205994 None
0 0.0220497 0.938747 0.0440994 0.0302233 None
0 0.880384 0.984911 0.0386765 0.0286367 None
0 0.0719851 0.749932 0.00827596 0.011028 None
0 0.948007 0.851014 0.0331142 0.0457764 None
0 0.833705 0.834491 0.0186033 0.0338645 None
0 0.838182 0.835007 0.0298443 0.034344 None
0 0.577695 0.875753 0.032794 0.0146386 None
0 0.0584006 0.750904 0.0033603 0.00711772 None
0 0.86541 0.761721 0.00964546 0.0369659 None
0 0.956573 0.84876 0.0162893 0.0366364 None
0 0.67613 0.816163 0.0164881 0.0185033 None
0 0.103035 0.989077 0.0607869 0.0174059 None
0 0.367099 0.732149 0.0147174 0.0135091 None
0 0.379568 0.79628 0.00401087 0.00758497 None
0 0.486392 0.776231 0.00817575 0.0317735 None
0 0.885185 0.763147 0.00679131 0.0239319 None
0 0.96156 0.7421 0.00861588 0.0382165 None
0 0.0815801 0.749529 0.0136013 0.0125373 None
0 0.675785 0.799219 0.0149041 0.0525211 None
0 0.713572 0.831576 0.0214239 0.0334395 None
0 0.964086 0.744383 0.0131752 0.0440002 None
0 0.979481 0.736401 0.00546284 0.0372104 None
0 0.910738 0.682766 0.0048727 0.0127619 None
0 0.380162 0.796672 0.00359888 0.00889825 None
0 0.97425 0.762192 0.0149288 0.0263553 None
0 0.952886 0.661485 0.00440693 0.00951148 None
0 0.841637 0.83475 0.0451275 0.0367004 None
0 0.965545 0.743005 0.0117603 0.0523254 None
0 0.951508 0.863457 0.028083 0.0187666 None
0 0.487196 0.773293 0.00900145 0.0261671 None
0 0.972547 0.752327 0.00430832 0.00715196 None
0 0.897559 0.975617 0.0241283 0.0310674 None
0 0.995326 0.808608 0.00887966 0.0288981 None
0 0.679794 0.798239 0.0124458 0.050765 None
0 0.873963 0.985129 0.0256144 0.0271651 None
0 0.421975 0.924236 0.0154133 0.024313 None
0 0.0105219 0.749035 0.0162931 0.0153995 None
0 0.577691 0.875465 0.0326976 0.0140215 None
0 0.974157 0.765047 0.0175709 0.0227227 None
0 0.119604 0.982951 0.0409471 0.0253408 None
0 0.87291 0.673683 0.00633545 0.0101032 None
0 0.979909 0.649899 0.00778923 0.0160706 None
0 0.922675 0.982009 0.0239948 0.0240926 None
0 0.948625 0.865142 0.0367386 0.0189026 None
0 0.828726 0.837531 0.016293 0.0284617 None
0 0.683974 0.817564 0.0327396 0.0151157 None
0 0.577722 0.872477 0.0335681 0.0212584 None
0 0.391968 0.805834 0.015884 0.0306056 None
0 0.779417 0.815804 0.00823183 0.012186 None
0 0.776869 0.813043 0.0142914 0.0175273 None
