0 0.476549 0.834802 0.0155987 0.0669963 None
0 0.455065 0.833129 0.0131784 0.068826 None
0 0.71853 0.830681 0.0143311 0.0304026 None
0 0.830577 0.834635 0.0172899 0.0335253 None
0 0.696879 0.792024 0.0108404 0.0482697 None
0 0.768584 0.779425 0.00894985 0.0444778 None
0 0.79361 0.775599 0.0107233 0.0476786 None
0 0.873482 0.759007 0.0085865 0.048249 None
0 0.843307 0.766292 0.00782757 0.0460426 None
0 0.517421 0.805995 0.00888157 0.0336982 None
0 0.032367 0.904056 0.0133766 0.0516713 None
0 0.744294 0.78393 0.00875454 0.0469465 None
0 0.953527 0.849484 0.0220745 0.0411187 None
0 0.856289 0.830227 0.015346 0.0328305 None
0 0.755953 0.781565 0.00802288 0.0479189 None
0 0.479193 0.779564 0.0086771 0.0224067 None
0 0.822631 0.772444 0.00884743 0.0425544 None
0 0.0221525 0.938243 0.0442218 0.0296848 None
0 0.918515 0.755947 0.00715008 0.038834 None
0 0.278807 0.728953 0.00752783 0.0158627 None
0 0.0687915 0.74248 0.00705492 0.0283707 None
0 0.837675 0.774681 0.00595055 0.0293964 None
0 0.996061 0.809863 0.0074604 0.0238646 None
0 0.908024 0.753197 0.00669403 0.0442446 None
0 0.894555 0.976254 0.0657597 0.0456721 None
0 0.88398 0.979505 0.0446203 0.0394484 None
0 0.326998 0.750981 0.00862522 0.012637 None
0 0.454116 0.780502 0.00712433 0.0175218 None
0 0.355001 0.988984 0.0147147 0.0220322 None
0 0.00997841 0.74914 0.0063491 0.0158454 None
0 0.791033 0.697321 0.00569172 0.0170038 None
0 0.768406 0.696977 0.00807571 0.0142484 None
0 0.198717 0.915978 0.046814 0.0323381 None
0 0.0530533 0.752648 0.00496368 0.00764465 None
0 0.0730846 0.750068 0.00486438 0.015585 None
0 0.434027 0.909318 0.025441 0.0466631 None
0 0.95013 0.737391 0.00828667 0.0323775 None
0 0.917832 0.972796 0.0181318 0.03966 None
0 0.906278 0.97319 0.0441177 0.0403544 None
0 0.437811 0.908819 0.0178751 0.0452011 None
0 0.972773 0.762769 0.0149452 0.0273829 None
0 0.0065612 0.975389 0.0130491 0.0262407 None
0 0.675045 0.816041 0.0143495 0.0182724 None
0 0.921188 0.973276 0.0272078 0.0405173 None
0 0.32284 0.712204 0.00539932 0.0157961 None
0 0.196431 0.732978 0.00776594 0.00992177 None
0 0.67925 0.8158 0.0223189 0.0188236 None
0 0.85349 0.83144 0.0215263 0.0363498 None
0 0.00339649 0.975566 0.00673126 0.0250139 None
0 0.125806 0.985876 0.0270639 0.0203868 None
0 0.160021 0.73973 0.00524807 0.00747376 None
0 0.00783808 0.751049 0.0110419 0.0144587 None
0 0.326285 0.751947 0.0105198 0.014821 None
0 0.402532 0.749381 0.00782719 0.0137438 None
0 0.715685 0.831202 0.0202688 0.0310791 None
0 0.146561 0.738833 0.00548065 0.00945502 None
0 0.101477 0.994159 0.059362 0.00803392 None
0 0.973136 0.675069 0.00654755 0.0168862 None
0 0.76862 0.698978 0.00918512 0.0180878 None
0 0.88341 0.985023 0.0431084 0.0288259 None
0 0.973679 0.752971 0.00512314 0.00890384 None
0 0.322395 0.710394 0.00612373 0.0188709 None
0 0.57703 0.875408 0.0320279 0.0134471 None
0 0.117344 0.98432 0.0338091 0.0228326 None
0 0.00901487 0.975757 0.0179455 0.027416 None
0 0.105675 0.985764 0.0652439 0.0234582 None
0 0.109635 0.980414 0.0190102 0.0231744 None
0 0.853033 0.846241 0.0261723 0.0134466 None
0 0.933794 0.72749 0.00677299 0.0256678 None
0 0.773631 0.813112 0.00706844 0.0145409 None
0 0.576856 0.87518 0.0321794 0.0133206 None
0 0.992386 0.676043 0.00605087 0.015985 None
0 0.329839 0.732048 0.0135776 0.00712484 None
0 0.458143 0.784315 0.0171663 0.0109377 None
0 0.282926 0.737533 0.0163621 0.00872769 None
0 0.321528 0.711558 0.00861292 0.0158168 None
0 0.104961 0.986204 0.0659648 0.023445 None
0 0.858022 0.847448 0.0371052 0.0123556 None
0 0.934134 0.724533 0.00606956 0.02053 None
0 0.974703 0.770817 0.0182331 0.0122389 None
0 0.971652 0.769491 0.0135735 0.0151028 None
0 0.911336 0.753626 0.0093441 0.042825 None
0 0.527893 0.739523 0.0046133 0.00726454 None
0 0.883343 0.683711 0.00510139 0.00915833 None
0 0.906724 0.753069 0.00876961 0.0455427 None
0 0.768396 0.71059 0.0240647 0.00969849 None
0 0.427369 0.909283 0.014184 0.0474233 None
0 0.944658 0.866966 0.0281515 0.0150465 None
0 0.770393 0.812441 0.0152481 0.0157422 None
0 0.906134 0.975958 0.0606308 0.0453432 None
0 0.063132 0.759182 0.0405071 0.00848117 None
0 0.772744 0.812776 0.021192 0.017057 None
0 0.937475 0.867227 0.0140715 0.0149095 None
0 0.766879 0.813201 0.00849781 0.0150991 None
0 0.949305 0.860658 0.0135204 0.0177907 None
0 0.859914 0.845877 0.0388699 0.0166128 None
0 0.7515 0.793058 0.00894928 0.0271713 None
0 0.391187 0.832188 0.018162 0.0870492 None
0 0.409162 0.758452 0.0459915 0.0122608 None
0 0.329633 0.731008 0.017413 0.00908474 None
0 0.540858 0.848552 0.00778217 0.0284348 None
0 0.329466 0.730812 0.0118453 0.00848219 None
0 0.0673974 0.759368 0.0314077 0.00686934 None
0 0.865148 0.845113 0.0260069 0.0163442 None
0 0.862605 0.83245 0.0292957 0.0381058 None
0 0.305765 0.716189 0.01717 0.00908814 None
0 0.779242 0.816163 0.00818253 0.0100321 None
0 0.790971 0.820525 0.0248604 0.00655077 None
0 0.946092 0.865776 0.0206451 0.0125109 None
0 0.451748 0.784212 0.0192614 0.011408 None
0 0.947673 0.850753 0.0330574 0.0459873 None
0 0.109618 0.973542 0.0193677 0.0385578 None
0 0.280011 0.73025 0.0103487 0.0174086 None
0 0.440015 0.910414 0.0162605 0.0394514 None
0 0.819627 0.815259 0.0111851 0.00871989 None
0 0.769429 0.708973 0.0216105 0.0123216 None
0 0.685131 0.81517 0.0122418 0.0165573 None
0 0.871854 0.845385 0.0132402 0.0151835 None
0 0.593696 0.913363 0.062182 0.0122667 None
0 0.82073 0.772812 0.0127888 0.0458123 None
