0 0.647155 0.798888 0.0125198 0.0569163 None
0 0.604214 0.806124 0.010279 0.0538537 None
0 0.45216 0.834286 0.0107111 0.066036 None
0 0.842811 0.766842 0.00877838 0.0476613 None
0 0.796268 0.775962 0.00825653 0.0488281 None
0 0.718371 0.830162 0.0141337 0.0317198 None
0 0.555182 0.819062 0.0107215 0.0504688 None
0 0.463326 0.829585 0.0130245 0.055653 None
0 0.39104 0.816303 0.0182649 0.0543701 None
0 0.728509 0.785798 0.00840054 0.0507202 None
0 0.831174 0.835284 0.0188622 0.0326416 None
0 0.114361 0.98328 0.0331766 0.0274804 None
0 0.68888 0.795247 0.00962915 0.0463827 None
0 0.017804 0.753432 0.011604 0.0200328 None
0 0.701084 0.794091 0.0119331 0.0471186 None
0 0.442046 0.907381 0.0140058 0.0530879 None
0 0.856486 0.829915 0.0137115 0.0327837 None
0 0.362686 0.776279 0.00875125 0.0165103 None
0 0.198368 0.916226 0.0448187 0.0308682 None
0 0.48352 0.858595 0.0379736 0.0220813 None
0 0.952522 0.850013 0.0242832 0.0392 None
0 0.973799 0.762193 0.0197395 0.0279212 None
0 0.937738 0.724682 0.0069973 0.0162743 None
0 0.680425 0.791495 0.00784121 0.0376492 None
0 0.439065 0.870402 0.0157015 0.0358358 None
0 0.957153 0.848479 0.0154682 0.0359024 None
0 0.88365 0.979404 0.0453392 0.0396025 None
0 0.439847 0.893555 0.0175097 0.0816988 None
0 0.354962 0.989189 0.0149847 0.0216227 None
0 0.022145 0.938955 0.04429 0.0310047 None
0 0.853034 0.83059 0.0210125 0.0355659 None
0 0.00561276 0.977392 0.0111436 0.021659 None
0 0.694418 0.794991 0.00690317 0.0461366 None
0 0.474584 0.858195 0.0195355 0.021892 None
0 0.894625 0.975292 0.0666897 0.0467845 None
0 0.696461 0.794519 0.00883036 0.0483185 None
0 0.318791 0.714197 0.00788479 0.0176663 None
0 0.907037 0.972844 0.0439699 0.0420329 None
0 0.995891 0.81348 0.0078064 0.0158705 None
0 0.853185 0.848244 0.0248753 0.00920308 None
0 0.961647 0.747269 0.00597534 0.0337772 None
0 0.69912 0.793557 0.0113367 0.0480594 None
0 0.921202 0.972799 0.0259926 0.0417413 None
0 0.320201 0.71479 0.0114605 0.0168645 None
0 0.772943 0.813761 0.0212912 0.0170227 None
0 0.0609157 0.741216 0.00546799 0.0191018 None
0 0.675657 0.81511 0.0168119 0.019799 None
0 0.918118 0.972344 0.0185431 0.0407272 None
0 0.963624 0.747934 0.00994663 0.0352756 None
0 0.0989238 0.994179 0.0544008 0.00846846 None
0 0.273695 0.726601 0.00624914 0.0177104 None
0 0.994857 0.670573 0.00461407 0.0179716 None
0 0.578094 0.875437 0.0338394 0.014975 None
0 0.577939 0.875094 0.0336299 0.0146149 None
0 0.321497 0.71585 0.0134896 0.0143392 None
0 0.85256 0.697085 0.00477886 0.0185615 None
0 0.101606 0.983622 0.0575688 0.0274604 None
0 0.488757 0.723883 0.00723782 0.00965525 None
0 0.769604 0.813336 0.0145195 0.0171461 None
0 0.065801 0.750011 0.00884697 0.01028 None
0 0.853246 0.842901 0.0232819 0.0128711 None
0 0.852576 0.845321 0.02243 0.0113385 None
0 0.338543 0.770838 0.0261755 0.0196409 None
0 0.487741 0.861811 0.0293859 0.0149309 None
0 0.779002 0.816392 0.0098238 0.0131973 None
0 0.0651792 0.743404 0.0142272 0.023616 None
0 0.677968 0.813931 0.0189573 0.0223253 None
0 0.914981 0.973923 0.0372452 0.0443624 None
0 0.294464 0.725903 0.0130834 0.0105282 None
0 0.827969 0.834885 0.0133892 0.0323961 None
0 0.88225 0.984563 0.0422909 0.0295905 None
0 0.948286 0.851947 0.0355324 0.0406406 None
0 0.938937 0.863145 0.0192993 0.0221634 None
0 0.949214 0.86369 0.039489 0.0233463 None
0 0.950049 0.866057 0.039551 0.0166197 None
0 0.973347 0.671881 0.00639343 0.0157592 None
0 0.585397 0.91389 0.0476826 0.0114178 None
0 0.0087764 0.977527 0.0175528 0.023351 None
0 0.153299 0.736949 0.04676 0.0166041 None
0 0.858189 0.84716 0.0351059 0.0128137 None
0 0.768782 0.814273 0.0238782 0.0185116 None
0 0.362541 0.774925 0.0103262 0.02058 None
0 0.345378 0.772212 0.039652 0.0229747 None
0 0.935122 0.679309 0.0102272 0.0199616 None
0 0.96322 0.750502 0.00706291 0.0425285 None
0 0.676696 0.798774 0.0171201 0.0522427 None
0 0.945416 0.861022 0.0291901 0.0237413 None
0 0.540442 0.849246 0.00693436 0.0273139 None
0 0.957922 0.865538 0.0586582 0.0170247 None
0 0.593437 0.913431 0.0626801 0.0123115 None
0 0.87256 0.845743 0.0146946 0.0147288 None
0 0.985869 0.674793 0.00432091 0.0113421 None
0 0.995758 0.802365 0.00803642 0.0388079 None
0 0.961809 0.744269 0.00728035 0.0393465 None
0 0.706778 0.842814 0.0111204 0.00892266 None
0 0.778725 0.833262 0.139782 0.0393456 None
0 0.333638 0.769342 0.0176953 0.019407 None
0 0.986194 0.676938 0.00529099 0.00979546 None
0 0.933364 0.680589 0.0124187 0.0213052 None
0 0.60363 0.913848 0.0426455 0.0113456 None
0 0.775911 0.813448 0.0329807 0.0191694 None
0 0.940836 0.860706 0.0237007 0.0278085 None
0 0.130022 0.982648 0.0638492 0.0270643 None
0 0.71525 0.833596 0.0202236 0.0263301 None
0 0.11473 0.975394 0.0339919 0.0431105 None
0 0.2705 0.727872 0.0130921 0.0195889 None
0 0.275618 0.726129 0.006252 0.0174937 None
