0 0.453115 0.833929 0.0124336 0.0670495 56109
0 0.260702 0.866736 0.0126713 0.0551161 56110
0 0.953615 0.848823 0.022204 0.0429159 56111
0 0.698179 0.794345 0.00876131 0.0474708 56112
0 0.990596 0.736331 0.0093647 0.0490787 56113
0 0.479408 0.826916 0.013541 0.060201 56114
0 0.525934 0.778323 0.00827484 0.0263784 56115
0 0.874104 0.758777 0.00882759 0.0397229 56116
0 0.843452 0.763222 0.00741043 0.0423631 56117
0 0.944382 0.740396 0.00720119 0.0303867 56118
0 0.902077 0.7524 0.00903206 0.0464316 56119
0 0.789346 0.772824 0.00836363 0.0444902 56120
0 0.851762 0.76689 0.0103386 0.0447662 56121
0 0.960284 0.745442 0.00808964 0.0461075 56122
0 0.685079 0.795468 0.00988789 0.0419274 56123
0 0.79631 0.775843 0.00743999 0.0478617 56124
0 0.775436 0.776758 0.00658627 0.0505322 56125
0 0.00914718 0.74365 0.00708323 0.0182519 56126
0 0.422545 0.909827 0.01925 0.0496779 56127
0 0.512023 0.780308 0.0077096 0.0215627 56128
0 0.71716 0.830609 0.0120909 0.031839 56129
0 0.783353 0.695184 0.00680008 0.0138689 56130
0 0.8298 0.769079 0.00933571 0.0357876 56131
0 0.83079 0.83455 0.0162071 0.0320112 56132
0 0.804133 0.768592 0.00794945 0.0307739 56133
0 0.766109 0.696547 0.00717411 0.0153102 56134
0 0.929339 0.731192 0.00921364 0.0284861 56135
0 0.476421 0.796692 0.0111121 0.0293518 56136
0 0.371774 0.738576 0.00884933 0.0114221 56137
0 0.11506 0.983748 0.0303735 0.0219298 56138
0 0.828581 0.833798 0.0120419 0.0302412 56139
0 0.99568 0.811143 0.00822945 0.0224055 56140
0 0.476007 0.807621 0.0120616 0.0515347 56141
0 0.917218 0.972742 0.0181732 0.0395832 56142
0 0.291052 0.751088 0.00599318 0.0157747 56143
0 0.677644 0.815528 0.0200226 0.0185103 56144
0 0.006999 0.745247 0.0125562 0.0214367 56145
0 0.714302 0.831011 0.0208858 0.0323079 56146
0 0.883575 0.980031 0.0454655 0.0384135 56147
0 0.857162 0.828723 0.0149216 0.0368549 56148
0 0.354634 0.989181 0.0148562 0.0216387 56149
0 0.300806 0.739581 0.00747528 0.0137004 56150
0 0.853847 0.829705 0.0214718 0.0381507 56151
0 0.974347 0.668358 0.00866013 0.0361689 56152
0 0.330988 0.708914 0.00849357 0.0156633 56153
0 0.896468 0.976408 0.070808 0.0460814 56154
0 0.845636 0.763617 0.0106754 0.0434285 56155
0 0.973665 0.672322 0.00714569 0.0284231 56156
0 0.906106 0.973142 0.0406677 0.0412174 56157
0 0.921543 0.97386 0.0268459 0.0419644 56158
0 0.098076 0.994016 0.0525924 0.0086068 56159
0 0.102935 0.98524 0.0554838 0.0243578 56160
0 0.685492 0.802099 0.00883131 0.0342848 56161
0 0.540483 0.850884 0.00734215 0.0330929 56162
0 0.422899 0.901276 0.0163523 0.0330807 56163
0 0.975266 0.663127 0.00766335 0.034483 56164
0 0.958073 0.745249 0.0111818 0.0468006 56165
0 0.1978 0.915189 0.0445404 0.0309791 56166
0 0.110532 0.9816 0.0218236 0.023622 56167
0 0.576918 0.874695 0.0337235 0.0162038 56168
0 0.391448 0.817608 0.016748 0.055875 56169
0 0.770119 0.812759 0.0161143 0.0159604 56170
0 0.473879 0.815649 0.00781536 0.0367961 56171
0 0.11981 0.985064 0.0399935 0.0222126 56172
0 0.975012 0.769766 0.0200047 0.0140164 56173
0 0.00573787 0.981783 0.0113923 0.0141603 56174
0 0.95892 0.848225 0.012011 0.0387049 56175
0 0.994489 0.661252 0.00379982 0.0123232 56176
0 0.707707 0.831887 0.0345738 0.0328396 56177
0 0.977107 0.653763 0.00595207 0.0196726 56178
0 0.200187 0.727908 0.0128346 0.0108368 56179
0 0.478777 0.8191 0.0147955 0.0455219 56180
0 0.956158 0.738696 0.00700455 0.0267232 56181
0 0.373084 0.738533 0.011922 0.0123886 56182
0 0.289551 0.753755 0.0109243 0.0143073 56183
0 0.982963 0.679617 0.00576591 0.012147 56184
0 0.984729 0.70872 0.0300919 0.0109326 56185
0 0.772497 0.812941 0.0211422 0.0173848 56186
0 0.975007 0.763635 0.0192585 0.0256938 56187
0 0.99564 0.660653 0.00496368 0.0113987 56188
0 0.806062 0.768587 0.00768661 0.0311228 56189
0 0.915838 0.674623 0.00815411 0.0144638 56190
0 0.101439 0.985385 0.0588597 0.0247501 56191
0 0.799018 0.775949 0.0132869 0.0477549 56192
0 0.972963 0.752687 0.00556393 0.00684306 56193
0 0.957339 0.740372 0.00961056 0.0335293 56194
0 0.693777 0.841725 0.0330017 0.0145818 56195
0 0.681315 0.798847 0.0181086 0.0487349 56196
0 0.877026 0.985057 0.0321943 0.0287774 56197
0 0.961671 0.744489 0.00910606 0.0466356 56198
0 0.909328 0.97591 0.0553534 0.044637 56199
0 0.778252 0.776169 0.0124067 0.0507965 56200
0 0.509642 0.780917 0.0173426 0.0239478 56201
0 0.42382 0.924409 0.022333 0.0217412 56202
0 0.478405 0.810019 0.0153839 0.056525 56203
0 0.678305 0.817977 0.022575 0.0234948 56204
0 0.947326 0.851242 0.0344999 0.0457258 56205
0 0.936238 0.865692 0.0122402 0.0164446 56206
0 0.0058174 0.978565 0.0115307 0.0200022 56207
