0 0.453186 0.833552 0.0124447 0.0681763 33184
0 0.866326 0.76047 0.0101583 0.0519743 33185
0 0.695593 0.793377 0.0100699 0.0474243 33186
0 0.830636 0.834647 0.0175646 0.033591 33187
0 0.706809 0.791268 0.0110151 0.0482405 33188
0 0.542038 0.816857 0.0102722 0.0541621 33189
0 0.835078 0.76696 0.010479 0.0490031 33190
0 0.737226 0.78829 0.009727 0.0428457 33191
0 0.755728 0.781558 0.00760593 0.0486332 33192
0 0.802295 0.775446 0.00758495 0.0450762 33193
0 0.744715 0.783907 0.00887079 0.0469974 33194
0 0.468582 0.852205 0.0128693 0.035926 33195
0 0.843279 0.765817 0.0076107 0.0458388 33196
0 0.796786 0.776134 0.00721846 0.0507094 33197
0 0.953831 0.848844 0.0218937 0.0398778 33198
0 0.271828 0.731096 0.00748043 0.0164478 33199
0 0.935354 0.723708 0.0056469 0.0198763 33200
0 0.852207 0.832568 0.0233624 0.0350667 33201
0 0.718214 0.829939 0.0140019 0.0328172 33202
0 0.817524 0.780247 0.00585709 0.0304911 33203
0 0.433459 0.914813 0.0249187 0.0370541 33204
0 0.891873 0.975931 0.0614124 0.0459035 33205
0 0.0721275 0.736284 0.00606232 0.0175049 33206
0 0.855828 0.831812 0.0160683 0.033419 33207
0 0.712651 0.830616 0.025793 0.0334181 33208
0 0.790099 0.698419 0.00566187 0.0177361 33209
0 0.00997441 0.746093 0.00824822 0.0183885 33210
0 0.3451 0.755011 0.00689373 0.0186886 33211
0 0.319879 0.708883 0.00592184 0.0171341 33212
0 0.00567952 0.978565 0.0112841 0.0207737 33213
0 0.114644 0.981094 0.0298853 0.0236081 33214
0 0.0221396 0.93848 0.0442793 0.0291714 33215
0 0.90328 0.972973 0.0378986 0.0397822 33216
0 0.198529 0.916176 0.0468824 0.0319275 33217
0 0.975642 0.739008 0.0141258 0.038523 33218
0 0.354399 0.989221 0.0165847 0.0215583 33219
0 0.52751 0.739128 0.00672979 0.0122291 33220
0 0.577694 0.87575 0.0323881 0.0147678 33221
0 0.109749 0.980566 0.0201613 0.0233141 33222
0 0.675908 0.81616 0.0163975 0.0195747 33223
0 0.771837 0.700498 0.00771675 0.0215098 33224
0 0.0720719 0.73759 0.00953183 0.0176505 33225
0 0.884631 0.979191 0.0474495 0.0396359 33226
0 0.882255 0.7648 0.0265549 0.0135976 33227
0 0.973237 0.742274 0.00936623 0.0316922 33228
0 0.297139 0.727812 0.00398045 0.0102722 33229
0 0.950788 0.85995 0.0164459 0.0215312 33230
0 0.108294 0.983575 0.0473511 0.027606 33231
0 0.977611 0.6751 0.00537796 0.022363 33232
0 0.532628 0.739422 0.0171617 0.0124566 33233
0 0.922008 0.973612 0.0269875 0.0410709 33234
0 0.753943 0.782381 0.00954018 0.0486925 33235
0 0.00756613 0.746492 0.013234 0.0199478 33236
0 0.440886 0.918512 0.0101825 0.0247555 33237
0 0.190371 0.730349 0.0099143 0.0077752 33238
0 0.974459 0.76342 0.0179363 0.0257243 33239
0 0.119674 0.984324 0.0395725 0.0236527 33240
0 0.818675 0.780083 0.00816727 0.0316834 33241
0 0.102713 0.993851 0.0608802 0.00902117 33242
0 0.996526 0.81115 0.00653744 0.0202359 33243
0 0.881572 0.680969 0.00809441 0.0152321 33244
0 0.910388 0.974923 0.0498808 0.0442695 33245
0 0.922625 0.680624 0.00870228 0.0127614 33246
0 0.532757 0.739068 0.0175669 0.0134628 33247
0 0.858265 0.834144 0.0375998 0.0371565 33248
0 0.769879 0.812983 0.0132788 0.0155043 33249
0 0.301801 0.730093 0.0151729 0.0110509 33250
0 0.774857 0.813444 0.0181492 0.0173787 33251
0 0.880341 0.984745 0.0388023 0.0288937 33252
0 0.672209 0.817164 0.023095 0.0212073 33253
0 0.89503 0.6816 0.0073246 0.0159536 33254
0 0.859572 0.842233 0.037084 0.0226579 33255
0 0.777395 0.813905 0.0126759 0.0163083 33256
0 0.956374 0.866186 0.0282967 0.0153531 33257
0 0.956265 0.852124 0.0281582 0.0398037 33258
0 0.148811 0.737942 0.0292532 0.0132511 33259
0 0.143041 0.735206 0.0157054 0.00844116 33260
0 0.00584833 0.97225 0.0115526 0.0334751 33261
0 0.959981 0.849856 0.0176735 0.0406945 33262
0 0.974135 0.766576 0.0204189 0.0203313 33263
0 0.126683 0.985717 0.0263423 0.0205946 33264
0 0.887773 0.680675 0.0213877 0.0180461 33265
0 0.344816 0.755892 0.0097044 0.0198198 33266
0 0.391445 0.832473 0.0171599 0.0863508 33267
0 0.121633 0.986293 0.018778 0.0215247 33268
0 0.308627 0.716105 0.00874057 0.00698649 33269
0 0.841736 0.834017 0.0405659 0.0352727 33270
0 0.452554 0.773106 0.00384407 0.00925937 33271
0 0.915294 0.970388 0.0112537 0.0351212 33272
0 0.957294 0.868624 0.0263565 0.0103628 33273
0 0.824694 0.814928 0.0247589 0.0103661 33274
0 0.790771 0.702164 0.00707283 0.0254804 33275
0 0.776978 0.814724 0.0153645 0.0193003 33276
0 0.195147 0.731512 0.020121 0.0104582 33277
0 0.871501 0.758072 0.0198383 0.0451165 33278
0 0.200547 0.732337 0.0303372 0.0128408 33279
0 0.391527 0.811774 0.0164424 0.0440391 33280
0 0.960869 0.850122 0.0375023 0.042816 33281
0 0.0534079 0.748724 0.00481865 0.00604553 33282
