0 0.453002 0.83471 0.0126055 0.0670427 99464
0 0.554945 0.812822 0.0115521 0.0595279 99465
0 0.513957 0.821416 0.0135213 0.0549462 99466
0 0.797271 0.775127 0.00933294 0.0496857 99467
0 0.842837 0.764666 0.0084507 0.0411845 99468
0 0.376378 0.846116 0.0134212 0.0610538 99469
0 0.718437 0.82957 0.0143681 0.0324872 99470
0 0.688797 0.794215 0.00995693 0.0473914 99471
0 0.730061 0.785898 0.0074358 0.0447127 99472
0 0.702074 0.792655 0.0101471 0.0471508 99473
0 0.831309 0.83498 0.0167654 0.0325565 99474
0 0.273791 0.902648 0.0168158 0.0776972 99475
0 0.634159 0.804809 0.010082 0.0477005 99476
0 0.92945 0.728048 0.00795326 0.0218591 99477
0 0.956705 0.847906 0.0161762 0.0349436 99478
0 0.114542 0.982802 0.0312182 0.0243517 99479
0 0.652031 0.808676 0.00693474 0.033567 99480
0 0.972867 0.732552 0.0052742 0.0264064 99481
0 0.738935 0.783659 0.00796948 0.048248 99482
0 0.475689 0.856973 0.0175482 0.0244152 99483
0 0.945981 0.850147 0.0155283 0.0381605 99484
0 0.853575 0.834119 0.0203993 0.0283593 99485
0 0.3552 0.989407 0.0148199 0.0211858 99486
0 0.198612 0.916133 0.0436636 0.0305488 99487
0 0.57765 0.874808 0.0326653 0.0160102 99488
0 0.971813 0.762409 0.0134087 0.0269604 99489
0 0.890939 0.976955 0.0600304 0.0440759 99490
0 0.904677 0.973282 0.0385172 0.038385 99491
0 0.676958 0.815318 0.0183807 0.0184892 99492
0 0.736488 0.778606 0.00730572 0.0391001 99493
0 0.974217 0.762345 0.0185644 0.0278263 99494
0 0.00580318 0.975775 0.011542 0.025863 99495
0 0.940488 0.674108 0.00555496 0.0214364 99496
0 0.737229 0.783243 0.00852041 0.0487147 99497
0 0.88298 0.984683 0.0441132 0.0288213 99498
0 0.0222206 0.93859 0.0444413 0.0294074 99499
0 0.924334 0.748735 0.00765286 0.0297428 99500
0 0.513095 0.75488 0.00705891 0.0182544 99501
0 0.0606694 0.730978 0.00710222 0.0161292 99502
0 0.391203 0.832782 0.0174552 0.0853684 99503
0 0.866054 0.696255 0.00576363 0.0157256 99504
0 0.0401164 0.737561 0.00906645 0.0164015 99505
0 0.951022 0.850248 0.0283243 0.0384433 99506
0 0.895515 0.682755 0.00631561 0.0154929 99507
0 0.540673 0.849117 0.00679665 0.0282104 99508
0 0.391109 0.814519 0.0172724 0.048653 99509
0 0.923509 0.679901 0.00628281 0.0106652 99510
0 0.941614 0.852501 0.0259464 0.0430637 99511
0 0.341152 0.771693 0.00582776 0.00817735 99512
0 0.91209 0.974302 0.0470207 0.0410149 99513
0 0.917333 0.972318 0.0156902 0.0367811 99514
0 0.099127 0.994101 0.0538536 0.00818821 99515
0 0.922245 0.973511 0.0259365 0.039134 99516
0 0.484477 0.857243 0.0371599 0.0246124 99517
0 0.915609 0.671646 0.00765438 0.0112793 99518
0 0.853175 0.836349 0.0256927 0.032741 99519
0 0.924789 0.752507 0.00860939 0.0378862 99520
0 0.287988 0.739668 0.00879622 0.0134988 99521
0 0.914752 0.972146 0.0102104 0.0366835 99522
0 0.786284 0.813751 0.0355282 0.0194489 99523
0 0.860564 0.794631 0.00539932 0.0136214 99524
0 0.96028 0.673115 0.00534439 0.0195162 99525
0 0.0636651 0.731986 0.0133845 0.0183026 99526
0 0.00845501 0.975818 0.0167898 0.0272871 99527
0 0.866787 0.69395 0.00775986 0.0211877 99528
0 0.899751 0.975494 0.0303066 0.0332872 99529
0 0.592841 0.907438 0.0625968 0.0233731 99530
0 0.102073 0.984493 0.0583366 0.0262824 99531
0 0.996057 0.807645 0.00747566 0.0286657 99532
0 0.119629 0.983964 0.0408509 0.025019 99533
0 0.00470335 0.973146 0.00934979 0.0304235 99534
0 0.772939 0.813219 0.0200594 0.0178468 99535
0 0.991145 0.670581 0.00663757 0.0186032 99536
0 0.771472 0.812877 0.0123826 0.0174177 99537
0 0.769293 0.812944 0.0126589 0.0180386 99538
0 0.866781 0.688933 0.00685787 0.0158943 99539
0 0.975662 0.771488 0.0161976 0.00970985 99540
0 0.961228 0.674883 0.00435791 0.0167535 99541
0 0.927024 0.750217 0.0121777 0.0422123 99542
0 0.482299 0.856912 0.0231261 0.023986 99543
0 0.377022 0.833295 0.0126845 0.0377804 99544
0 0.777722 0.814158 0.030151 0.0204719 99545
0 0.632342 0.80328 0.0101741 0.0454178 99546
0 0.0612318 0.730688 0.00827545 0.0198212 99547
0 0.777933 0.81505 0.0115543 0.0159641 99548
0 0.948209 0.853212 0.0396851 0.04382 99549
0 0.935316 0.866823 0.0137203 0.0152171 99550
0 0.902813 0.682641 0.00579815 0.00994195 99551
0 0.968791 0.76273 0.0209019 0.0279443 99552
0 0.996106 0.816583 0.00731354 0.0134488 99553
0 0.872542 0.845662 0.0143974 0.0148827 99554
0 0.940972 0.671633 0.00659676 0.0253945 99555
0 0.593867 0.911366 0.0605938 0.0151471 99556
0 0.860704 0.846051 0.0389196 0.0162345 99557
0 0.926905 0.739075 0.0126751 0.0437837 99558
0 0.577796 0.871278 0.0331621 0.0234965 99559
0 0.0648854 0.734542 0.0126181 0.0135552 99560
0 0.923397 0.677218 0.00631447 0.0140433 99561
0 0.858822 0.839983 0.0413097 0.027318 99562
0 0.123489 0.985804 0.0326017 0.0204034 99563
0 0.893513 0.988502 0.0256611 0.0199073 99564
0 0.857033 0.836475 0.0435528 0.0374861 99565
