0 0.453218 0.833998 0.0131874 0.0669174 None
0 0.423692 0.895362 0.0166897 0.0807977 None
0 0.481102 0.831103 0.0136578 0.063956 None
0 0.699784 0.792463 0.0095314 0.0463947 None
0 0.791238 0.776134 0.00988941 0.0474782 None
0 0.955479 0.742478 0.00869484 0.0454405 None
0 0.830208 0.834594 0.0171734 0.0339606 None
0 0.801319 0.777059 0.00813427 0.0422234 None
0 0.150093 0.886627 0.0134273 0.0568783 None
0 0.993108 0.734935 0.0104465 0.0457906 None
0 0.920497 0.751322 0.0124702 0.0507236 None
0 0.718456 0.830723 0.012674 0.0307292 None
0 0.507944 0.807378 0.00974627 0.0364151 None
0 0.769324 0.778803 0.00836067 0.0466027 None
0 0.855377 0.831279 0.0161179 0.0339661 None
0 0.684296 0.797245 0.0101041 0.0432834 None
0 0.895158 0.975616 0.0654739 0.0457069 None
0 0.953842 0.848512 0.0217995 0.0380018 None
0 0.758055 0.782299 0.0105717 0.0454673 None
0 0.843704 0.765595 0.00673065 0.0450192 None
0 0.973122 0.740373 0.00921135 0.0300525 None
0 0.198421 0.915969 0.0455705 0.0316427 None
0 0.480917 0.778831 0.00559273 0.0139572 None
0 0.0220956 0.938895 0.0441826 0.0294863 None
0 0.006878 0.750793 0.0105357 0.017962 None
0 0.854324 0.766288 0.00687714 0.0398502 None
0 0.848168 0.76629 0.00879574 0.0417055 None
0 0.974696 0.763007 0.0186371 0.0274143 None
0 0.870404 0.769616 0.00694618 0.0324097 None
0 0.506893 0.776393 0.00842686 0.0165639 None
0 0.852425 0.832129 0.0216326 0.0361467 None
0 0.117153 0.983586 0.0344704 0.0268138 None
0 0.67639 0.815416 0.0164972 0.0188317 None
0 0.93538 0.729912 0.00579414 0.0172885 None
0 0.57752 0.874702 0.0334253 0.0161346 None
0 0.355258 0.989047 0.0139833 0.0219068 None
0 0.845049 0.766163 0.00814934 0.0435855 None
0 0.0062752 0.981281 0.0124577 0.0147071 None
0 0.788224 0.698716 0.00684299 0.0176329 None
0 0.32805 0.71187 0.0063673 0.0158234 None
0 0.952461 0.85881 0.020491 0.0258662 None
0 0.980603 0.662688 0.00741959 0.0391518 None
0 0.995872 0.813124 0.00784187 0.0176032 None
0 0.950526 0.859881 0.0162907 0.0226735 None
0 0.853146 0.767221 0.00836639 0.0421833 None
0 0.884166 0.979284 0.0442282 0.0381168 None
0 0.112767 0.982799 0.0264698 0.0246511 None
0 0.308214 0.753157 0.00731831 0.017857 None
0 0.0947084 0.994206 0.0450867 0.00851678 None
0 0.0560104 0.751778 0.00558121 0.00914578 None
0 0.712546 0.831182 0.0262606 0.0320155 None
0 0.92183 0.973401 0.0281105 0.0413971 None
0 0.10967 0.981575 0.0197784 0.0237971 None
0 0.00636274 0.753145 0.0125297 0.0223701 None
0 0.308086 0.753792 0.0113215 0.0182743 None
0 0.291478 0.734183 0.010017 0.010042 None
0 0.973406 0.765776 0.0164345 0.0220327 None
0 0.917707 0.97273 0.0187441 0.0399428 None
0 0.905742 0.973762 0.0438995 0.042 None
0 0.678549 0.80262 0.0212749 0.0448539 None
0 0.851488 0.845434 0.0223198 0.0133269 None
0 0.0800851 0.740644 0.00833193 0.00972222 None
0 0.577354 0.870069 0.0343943 0.0259342 None
0 0.131585 0.983492 0.0634519 0.02608 None
0 0.98661 0.673285 0.00589371 0.0233812 None
0 0.357399 0.72983 0.0125143 0.0138084 None
0 0.903876 0.673946 0.00571022 0.0122888 None
0 0.765893 0.701081 0.006703 0.0223628 None
0 0.979985 0.669852 0.00628738 0.0301492 None
0 0.157645 0.740887 0.0118086 0.00915765 None
0 0.123317 0.984715 0.0332755 0.024213 None
0 0.848578 0.833333 0.0300888 0.0360419 None
0 0.863019 0.833104 0.0346535 0.0389433 None
0 0.103791 0.984122 0.0628118 0.0277162 None
0 0.00912628 0.981164 0.0181284 0.0160848 None
0 0.131697 0.983102 0.06287 0.0178928 None
0 0.907935 0.720761 0.0614082 0.022385 None
0 0.071201 0.755502 0.00634391 0.0083391 None
0 0.850899 0.844006 0.0202515 0.0130893 None
0 0.879383 0.983583 0.0347691 0.0301063 None
0 0.530046 0.740348 0.00637274 0.00965949 None
0 0.772571 0.812618 0.0102627 0.0146378 None
0 0.843335 0.84521 0.0449804 0.0169132 None
0 0.851925 0.840035 0.0559988 0.0294491 None
0 0.59085 0.909512 0.0589785 0.0208428 None
0 0.972131 0.669009 0.00432606 0.0107164 None
0 0.984299 0.665523 0.0105408 0.0384164 None
0 0.842318 0.833199 0.042148 0.0380786 None
0 0.825041 0.785079 0.0359024 0.0178331 None
0 0.872344 0.845488 0.0145229 0.0153456 None
0 0.905316 0.677601 0.00796948 0.0183598 None
0 0.951414 0.862721 0.0193295 0.0212384 None
0 0.490704 0.862914 0.0251127 0.010355 None
0 0.588586 0.912734 0.0539539 0.0141205 None
0 0.995374 0.808727 0.00877495 0.0278785 None
0 0.936578 0.867067 0.0124737 0.0155935 None
0 0.953575 0.859274 0.0284418 0.0284275 None
0 0.0973722 0.986143 0.0511771 0.0220542 None
0 0.959385 0.848563 0.0150848 0.0368381 None
0 0.935953 0.866782 0.0114176 0.015819 None
