0 0.451855 0.834133 0.0124082 0.0667792 71716
0 0.512959 0.822095 0.0119673 0.0517893 71717
0 0.579562 0.815663 0.0108938 0.0510122 71718
0 0.842669 0.767023 0.00972366 0.0462758 71719
0 0.79659 0.774437 0.00766563 0.0476132 71720
0 0.691903 0.794726 0.00883904 0.0465034 71721
0 0.953682 0.849891 0.0224743 0.0412135 71722
0 0.71842 0.830838 0.0134933 0.0307553 71723
0 0.830845 0.834724 0.0176197 0.0334571 71724
0 0.115857 0.982838 0.0358904 0.0273977 71725
0 0.721791 0.788279 0.00894089 0.0476318 71726
0 0.474761 0.856799 0.0176056 0.0250244 71727
0 0.432046 0.914161 0.027322 0.037019 71728
0 0.671951 0.789168 0.00962667 0.0421383 71729
0 0.702872 0.78993 0.00987387 0.0512175 71730
0 0.746225 0.781365 0.0075264 0.0480238 71731
0 0.974546 0.761696 0.0184755 0.0286896 71732
0 0.355393 0.989147 0.0138901 0.0216955 1114
0 0.855952 0.829409 0.0136065 0.033079 71733
0 0.00572079 0.979343 0.0113801 0.0181481 71734
0 0.0124471 0.750145 0.0107138 0.0196089 71735
0 0.990361 0.743375 0.00839024 0.0452949 71736
0 0.197604 0.915935 0.045068 0.0313058 71737
0 0.0222066 0.938029 0.0443406 0.0296892 71738
0 0.897921 0.975121 0.0735359 0.0470428 71739
0 0.711065 0.791754 0.0094594 0.0439819 71740
0 0.841178 0.697143 0.00511971 0.0191592 71741
0 0.0680429 0.749251 0.00926847 0.0155141 71742
0 0.380083 0.776458 0.00557823 0.0159902 71743
0 0.910798 0.973288 0.0488806 0.0430786 71744
0 0.85307 0.830514 0.0222359 0.0353324 71745
0 0.0948657 0.99451 0.0469175 0.00804782 71746
0 0.938743 0.728822 0.00883732 0.0177443 71747
0 0.39106 0.812867 0.0185693 0.0501824 71748
0 0.289219 0.718033 0.00701179 0.0148417 71749
0 0.314427 0.712391 0.00761352 0.0143904 71750
0 0.500921 0.724284 0.0126537 0.0172282 71751
0 0.946959 0.677315 0.00542526 0.017464 71752
0 0.889698 0.977999 0.0578545 0.0420814 71753
0 0.101099 0.993961 0.0602109 0.00842183 71754
0 0.00970677 0.750758 0.0174036 0.0204241 71755
0 0.996371 0.812134 0.0068325 0.01761 71756
0 0.902899 0.972408 0.0334269 0.0413825 71757
0 0.972369 0.677897 0.00710793 0.0224673 71758
0 0.382014 0.776566 0.0106002 0.0159261 71759
0 0.852908 0.848139 0.0264355 0.0106105 71760
0 0.576144 0.875055 0.0365509 0.0146116 71761
0 0.675464 0.815232 0.0161283 0.0187607 71762
0 0.811921 0.698078 0.00607147 0.019047 71763
0 0.904267 0.682928 0.0044405 0.0145048 71764
0 0.0769103 0.743791 0.00634054 0.0133141 71765
0 0.957686 0.849937 0.0144117 0.0377594 71766
0 0.413834 0.762105 0.0103299 0.0122392 71767
0 0.715846 0.831125 0.0190657 0.0318914 71768
0 0.921756 0.973241 0.0278942 0.0427326 71769
0 0.977926 0.672585 0.00641747 0.016331 71770
0 0.483741 0.856604 0.0374841 0.0254523 71771
0 0.540884 0.848634 0.00743008 0.0271542 71772
0 0.411751 0.761743 0.0070776 0.0131137 71773
0 0.144796 0.735886 0.0323044 0.0129717 71774
0 0.773026 0.81282 0.0204495 0.0156738 71775
0 0.421835 0.761635 0.0261745 0.0132233 71776
0 0.269873 0.725426 0.00842867 0.0144809 71777
0 0.88298 0.979949 0.0451569 0.0385252 71778
0 0.991051 0.66857 0.00362854 0.0124561 71779
0 0.137998 0.736272 0.0179386 0.0111925 71780
0 0.673999 0.792618 0.0137821 0.0459437 71781
0 0.287725 0.717992 0.00955634 0.0165941 71782
0 0.26837 0.724955 0.00690055 0.0155699 71783
0 0.576759 0.875804 0.0357032 0.0137485 71784
0 0.00548811 0.984713 0.0109037 0.0288272 71785
0 0.102236 0.983196 0.0614495 0.0275438 71786
0 0.130734 0.982807 0.0656059 0.0271754 71787
0 0.934654 0.681927 0.00454121 0.0133036 71788
0 0.0646131 0.738348 0.00920992 0.0136948 71789
0 0.935924 0.867008 0.0115582 0.0147705 71790
0 0.953123 0.860731 0.0208326 0.0208403 71791
0 0.693495 0.820161 0.0155991 0.00958862 71792
0 0.559564 0.838463 0.00645552 0.0093177 71793
0 0.690424 0.818413 0.0190349 0.00841844 71794
0 0.778465 0.813719 0.010227 0.0145442 71795
0 0.577497 0.88024 0.0338552 0.0103343 71796
0 0.778849 0.769867 0.010297 0.00821296 71797
0 0.980832 0.665489 0.00428963 0.0132345 71798
0 0.699125 0.790693 0.0164637 0.0536109 71799
0 0.671981 0.81637 0.0249523 0.0176844 71800
0 0.973258 0.676135 0.0112295 0.0223743 71801
0 0.768051 0.75937 0.0464638 0.0150458 71802
0 0.947092 0.865543 0.0333773 0.0178406 71803
0 0.155832 0.735041 0.0107498 0.0104987 71804
0 0.859562 0.794995 0.00762367 0.0127418 71805
0 0.855551 0.847064 0.034034 0.0147552 71806
0 0.44041 0.915226 0.0109047 0.0330448 71807
0 0.844018 0.844198 0.0454111 0.0193095 71808
