0 0.797002 0.775752 0.00949688 0.0495446 None
0 0.767397 0.778546 0.0112929 0.0515116 None
0 0.550621 0.815768 0.0116175 0.0532318 None
0 0.692566 0.79506 0.00982342 0.0480765 None
0 0.953769 0.850016 0.0228371 0.0428358 None
0 0.830562 0.834671 0.0175331 0.0333981 None
0 0.451625 0.834181 0.0130186 0.0682327 None
0 0.631419 0.806831 0.0103172 0.047562 None
0 0.474663 0.854076 0.0159966 0.0290761 None
0 0.842386 0.765131 0.00862389 0.0447713 None
0 0.718266 0.830298 0.0147221 0.0319441 None
0 0.940426 0.728605 0.00777111 0.0216251 None
0 0.89039 0.975619 0.0578381 0.0456343 None
0 0.702861 0.792208 0.00964422 0.0464857 None
0 0.856299 0.830492 0.0135376 0.0315606 None
0 0.0576688 0.739465 0.00505989 0.0231059 None
0 0.991419 0.677039 0.00715027 0.0239477 None
0 0.973724 0.763422 0.0202404 0.0263106 None
0 0.676391 0.815633 0.0160195 0.0172328 None
0 0.004915 0.750494 0.00879287 0.0197254 None
0 0.355235 0.989225 0.0132766 0.0215505 None
0 0.434781 0.914033 0.0214854 0.0367405 None
0 0.199386 0.916044 0.0484383 0.0316971 None
0 0.0641017 0.751664 0.00637794 0.0130885 None
0 0.902113 0.972875 0.0347937 0.0402478 None
0 0.114568 0.981387 0.031855 0.0289442 None
0 0.736187 0.784155 0.00974827 0.0499174 None
0 0.00578538 0.979833 0.011507 0.0184089 None
0 0.39096 0.816315 0.0180708 0.0541351 None
0 0.883376 0.985166 0.0434261 0.027271 None
0 0.0221267 0.939523 0.0442535 0.0291494 None
0 0.292857 0.721746 0.00734186 0.0163774 None
0 0.852567 0.848753 0.0267796 0.00958405 None
0 0.713993 0.830688 0.0235463 0.0328217 None
0 0.397715 0.778652 0.00559316 0.016864 None
0 0.109202 0.979779 0.0204263 0.0257446 None
0 0.318337 0.717201 0.00491867 0.0147756 None
0 0.00662043 0.759537 0.0128664 0.00951945 None
0 0.996461 0.810726 0.00665207 0.0198844 None
0 0.577114 0.874672 0.0327372 0.0159915 None
0 0.852413 0.831615 0.0214413 0.0356016 None
0 0.273706 0.727605 0.00723238 0.0169679 None
0 0.42247 0.763719 0.0048069 0.0104219 None
0 0.980689 0.67338 0.00501156 0.0197542 None
0 0.738153 0.784876 0.0125256 0.0491289 None
0 0.430686 0.91476 0.0296462 0.0381131 None
0 0.977863 0.671166 0.00497589 0.0180925 None
0 0.105284 0.982203 0.0594155 0.0308701 None
0 0.407865 0.764115 0.00831595 0.0169023 None
0 0.851782 0.846012 0.0264317 0.0130398 None
0 0.750629 0.78798 0.00599632 0.0373444 None
0 0.73962 0.78728 0.00999622 0.0438059 None
0 0.39167 0.758016 0.00922933 0.013817 None
0 0.740861 0.788088 0.00726891 0.0395918 None
0 0.136936 0.741516 0.0127636 0.0104336 None
0 0.976507 0.7715 0.0150135 0.010203 None
0 0.97046 0.673125 0.0057703 0.0170475 None
0 0.39089 0.83119 0.017871 0.0849796 None
0 0.922198 0.680644 0.0092968 0.0148331 None
0 0.0717277 0.750547 0.0052175 0.0123338 None
0 0.884571 0.979596 0.0459927 0.0374376 None
0 0.102875 0.994101 0.062665 0.00925395 None
0 0.740576 0.784267 0.0127132 0.0494748 None
0 0.959739 0.850121 0.010947 0.038524 None
0 0.276521 0.727235 0.00963049 0.0171933 None
0 0.748295 0.786422 0.00936584 0.0421695 None
0 0.319093 0.717807 0.0070178 0.0150143 None
0 0.853107 0.848161 0.0289478 0.0132367 None
0 0.936035 0.866448 0.0114519 0.0146576 None
0 0.95305 0.677142 0.00620766 0.0169088 None
0 0.97197 0.754619 0.00772476 0.0104358 None
0 0.746613 0.783658 0.0071537 0.041292 None
0 0.707535 0.78581 0.00532789 0.0145922 None
0 0.541198 0.848791 0.00782032 0.0279751 None
0 0.16775 0.738996 0.0117735 0.0121328 None
0 0.745617 0.788543 0.0126783 0.0385997 None
0 0.773356 0.812453 0.0126571 0.0150587 None
0 0.860267 0.795282 0.00537758 0.0125892 None
0 0.104453 0.98299 0.0670758 0.0304243 None
0 0.519016 0.732153 0.00527496 0.00933228 None
0 0.4071 0.76772 0.0128384 0.0239319 None
0 0.425736 0.915831 0.0404037 0.0400838 None
0 0.944415 0.865753 0.0281761 0.0161728 None
0 0.8631 0.833605 0.0322292 0.0385681 None
0 0.305241 0.718671 0.0106808 0.0105125 None
0 0.760118 0.8244 0.0117579 0.00619303 None
0 0.884415 0.989139 0.0402321 0.0190626 None
0 0.978579 0.763064 0.0313562 0.0266307 None
0 0.977546 0.771314 0.0156185 0.0103136 None
0 0.170783 0.738909 0.0180982 0.0120687 None
0 0.587767 0.91331 0.0515433 0.0119988 None
0 0.97809 0.669785 0.00686035 0.0202286 None
0 0.492618 0.864895 0.0195856 0.00729133 None
0 0.898008 0.682475 0.00489502 0.0105435 None
0 0.577748 0.882412 0.0327951 0.00872125 None
0 0.119205 0.984349 0.040485 0.0249756 None
0 0.752405 0.826904 0.029874 0.0074156 None
0 0.00937021 0.979741 0.0185604 0.0200824 None
0 0.861523 0.843391 0.0338631 0.0208632 None
0 0.960176 0.866601 0.0554276 0.0152069 None
0 0.871854 0.845397 0.0139153 0.0158546 None
0 0.839323 0.834373 0.035289 0.036104 None
0 0.96748 0.863245 0.0405067 0.0121324 None
0 0.912206 0.973525 0.0493671 0.0420644 None
0 0.419024 0.764136 0.0115754 0.0120277 None
0 0.776072 0.813106 0.0141668 0.015018 None
0 0.85691 0.83426 0.0436331 0.0394389 None
0 0.574948 0.873821 0.0372365 0.0172109 None
0 0.712665 0.837895 0.0251579 0.0196769 None
0 0.980267 0.673301 0.00792465 0.0229003 None
0 0.789724 0.698524 0.0050993 0.0148538 None
0 0.577903 0.880405 0.0338965 0.0131558 None
0 0.482472 0.854753 0.0354204 0.0282367 None
0 0.974197 0.862544 0.0277912 0.0110813 None
0 0.847226 0.840313 0.0356117 0.0252686 None
0 0.901833 0.975105 0.0704292 0.0420524 None
0 0.965604 0.860416 0.0435301 0.0222883 None
0 0.577639 0.877537 0.0328632 0.0153405 None
0 0.133505 0.741663 0.0201827 0.0115248 None
0 0.963318 0.851108 0.0485142 0.0448725 None
