0 0.353317 0.847984 0.0140744 0.063366 None
0 0.842848 0.765663 0.00857563 0.0449463 None
0 0.453909 0.835347 0.011315 0.063815 None
0 0.796701 0.774822 0.00826187 0.0475764 None
0 0.522306 0.819226 0.011426 0.0592626 None
0 0.206079 0.905688 0.0189622 0.0769847 None
0 0.701815 0.792703 0.0105124 0.0456696 None
0 0.478304 0.823881 0.00993023 0.0477983 None
0 0.555282 0.818246 0.0107212 0.0495192 None
0 0.8313 0.83494 0.016819 0.0327916 None
0 0.688881 0.795422 0.0104977 0.0467173 None
0 0.73358 0.786095 0.00905733 0.0456889 None
0 0.614239 0.807806 0.00865574 0.0456241 None
0 0.742826 0.782411 0.00795174 0.0487225 None
0 0.199565 0.915226 0.0478019 0.0298686 None
0 0.114438 0.98278 0.0325994 0.0257402 None
0 0.022106 0.938389 0.0441448 0.028765 None
0 0.626929 0.81364 0.0073555 0.0356357 None
0 0.718511 0.830248 0.0133411 0.0314616 None
0 0.916636 0.747731 0.00805245 0.0307668 None
0 0.928214 0.730511 0.00787582 0.0307717 None
0 0.956253 0.849363 0.0166868 0.0377787 None
0 0.903416 0.972805 0.034766 0.0388245 None
0 0.954952 0.734577 0.00754452 0.0227776 None
0 0.391167 0.825041 0.0175016 0.0710877 None
0 0.355161 0.989365 0.0138174 0.0212701 None
0 0.890647 0.976202 0.0585976 0.0452377 None
0 0.580802 0.765333 0.0101944 0.0186323 None
0 0.946881 0.851511 0.0354553 0.0418667 None
0 0.910646 0.97335 0.0486797 0.0394023 None
0 0.928494 0.737993 0.00797272 0.0452779 None
0 0.993052 0.732357 0.00732002 0.0283702 None
0 0.477943 0.857149 0.0117572 0.0238447 None
0 0.853866 0.835392 0.0207302 0.025866 None
0 0.896708 0.684435 0.00623932 0.018841 None
0 0.475835 0.857064 0.0182718 0.0247047 None
0 0.855083 0.83468 0.0151947 0.025021 None
0 0.715478 0.830534 0.0198423 0.0325558 None
0 0.189913 0.914602 0.0280647 0.0288584 None
0 0.877684 0.697212 0.00669308 0.0195573 None
0 0.996199 0.813428 0.00719719 0.0167287 None
0 0.676907 0.815782 0.0172529 0.0176661 None
0 0.884048 0.982208 0.0452915 0.0339803 None
0 0.335113 0.773951 0.0117913 0.0179871 None
0 0.625624 0.814679 0.0107369 0.0386851 None
0 0.0960392 0.994368 0.0493125 0.00817583 None
0 0.972223 0.761961 0.0136312 0.0269124 None
0 0.231252 0.722691 0.00830984 0.0148061 None
0 0.00449115 0.747045 0.00784458 0.0137556 None
0 0.0024489 0.979002 0.00484217 0.019734 None
0 0.00573324 0.979168 0.0114558 0.0211731 None
0 0.941197 0.675846 0.0065237 0.016974 None
0 0.192821 0.992138 0.013369 0.0156965 None
0 0.973622 0.753199 0.00884399 0.0103387 None
0 0.769939 0.813189 0.0154347 0.0152378 None
0 0.922524 0.974231 0.0270046 0.0383921 None
0 0.93728 0.859986 0.0177349 0.0265898 None
0 0.0721104 0.763896 0.0537756 0.0157383 None
0 0.588063 0.91249 0.0538576 0.0137865 None
0 0.0748421 0.745814 0.00965622 0.0319543 None
0 0.773653 0.813803 0.0206077 0.0156723 None
0 0.522321 0.721882 0.0127522 0.0120806 None
0 0.577487 0.875583 0.033252 0.0132429 None
0 0.68824 0.787378 0.00948353 0.0321204 None
0 0.286463 0.732897 0.00767655 0.0153975 None
0 0.922287 0.681409 0.00553894 0.0171595 None
0 0.575854 0.773903 0.0198055 0.0107683 None
0 0.843581 0.835638 0.041551 0.0333305 None
0 0.100666 0.992893 0.0593197 0.00994958 None
0 0.973644 0.769331 0.0178627 0.0154219 None
0 0.467466 0.759334 0.0096817 0.0144389 None
0 0.86186 0.836452 0.0364677 0.032134 None
0 0.910556 0.972718 0.0173584 0.0378496 None
0 0.577069 0.87521 0.0331963 0.0132033 None
0 0.100224 0.984613 0.0621014 0.0273999 None
0 0.521677 0.723475 0.0138896 0.0102254 None
0 0.974411 0.762797 0.0183775 0.0282657 None
0 0.972816 0.674001 0.00757713 0.0142537 None
0 0.0717586 0.745587 0.0159877 0.0323461 None
0 0.711996 0.832278 0.0266961 0.0319234 None
0 0.591067 0.914011 0.0459349 0.0104631 None
0 0.994796 0.813607 0.0100357 0.017394 None
0 0.975073 0.771839 0.0178688 0.0104704 None
0 0.947254 0.858517 0.0379839 0.0327828 None
0 0.493951 0.862509 0.0179176 0.0116094 None
0 0.851888 0.834961 0.0225155 0.0312464 None
0 0.480999 0.857063 0.0220507 0.0230064 None
0 0.872626 0.845582 0.0146328 0.0150445 None
0 0.923936 0.672485 0.00746555 0.0180249 None
0 0.349543 0.840361 0.00768418 0.045776 None
0 0.483684 0.858515 0.0377117 0.0219042 None
0 0.952801 0.659442 0.00671139 0.0158252 None
0 0.189459 0.99205 0.0206701 0.0158993 None
0 0.854918 0.836192 0.0499495 0.0359719 None
0 0.407422 0.852758 0.0120235 0.0134065 None
0 0.045342 0.741608 0.00506905 0.0101951 None
0 0.925998 0.985672 0.0190819 0.0156184 None
0 0.590097 0.909434 0.0585327 0.0200436 None
0 0.85268 0.84859 0.0262856 0.010247 None
0 0.284711 0.738732 0.0150486 0.00931973 None
0 0.996438 0.672613 0.00611687 0.017665 None
0 0.875731 0.985166 0.0290516 0.0281386 None
0 0.895864 0.973491 0.020079 0.0270633 None
0 0.00966608 0.97896 0.0190745 0.0258145 None
0 0.00274944 0.972722 0.00544462 0.0328739 None
0 0.577909 0.881782 0.0337511 0.00796119 None
0 0.713079 0.840448 0.0241806 0.0145874 None
0 0.211294 0.921333 0.0208358 0.0228333 None
0 0.934066 0.761429 0.0166119 0.00775367 None
0 0.953261 0.65603 0.00771561 0.0208828 None
