0 0.7186 0.830753 0.014226 0.030068 24516
0 0.830618 0.834641 0.0172634 0.0335527 24517
0 0.455817 0.833648 0.0125795 0.067532 24518
0 0.697156 0.794585 0.00904236 0.0519379 24519
0 0.0100416 0.903222 0.0100976 0.0458362 24520
0 0.953364 0.849463 0.0223797 0.0411916 24521
0 0.842939 0.766779 0.00855751 0.0478463 24522
0 0.794133 0.775342 0.0116824 0.0497175 24523
0 0.744329 0.784095 0.00851555 0.0467258 24524
0 0.816496 0.772778 0.00851555 0.043924 24525
0 0.899297 0.755841 0.0100636 0.0468075 24526
0 0.470837 0.8334 0.0155605 0.0616108 24527
0 0.86505 0.761584 0.00849762 0.0495784 24528
0 0.763078 0.783148 0.00886164 0.0420359 24529
0 0.0695481 0.741702 0.00863022 0.0273478 24530
0 0.835878 0.775203 0.0070282 0.0307541 24531
0 0.856284 0.830107 0.0152882 0.0329512 24532
0 0.703804 0.794073 0.00799656 0.0438812 24533
0 0.521806 0.81035 0.0116632 0.0397625 24534
0 0.433814 0.913232 0.0234583 0.0384338 24535
0 0.755027 0.782591 0.0076767 0.0471873 24536
0 0.0220235 0.938955 0.0440471 0.0274546 24537
0 0.930797 0.75266 0.010656 0.0427283 24538
0 0.278604 0.729436 0.00715885 0.0174869 24539
0 0.447914 0.781324 0.00637836 0.0195435 24540
0 0.9539 0.738151 0.0101456 0.0319585 24541
0 0.995979 0.809872 0.00761795 0.0240326 24542
0 0.894463 0.976221 0.0654064 0.0454848 24543
0 0.473167 0.779308 0.00938826 0.0240043 24544
0 0.790764 0.698177 0.00668449 0.0178857 24545
0 0.355006 0.988917 0.0147351 0.0221658 24546
0 0.883562 0.983383 0.043681 0.0318397 24547
0 0.0102897 0.751619 0.00807543 0.0173837 24548
0 0.906287 0.972938 0.0440128 0.0396786 24549
0 0.540617 0.850816 0.00712643 0.0249559 24550
0 0.19879 0.916527 0.0470388 0.0315745 24551
0 0.676766 0.815719 0.0167658 0.0179623 24552
0 0.477155 0.82588 0.00776386 0.0353541 24553
0 0.330555 0.754153 0.00900846 0.0160987 24554
0 0.680182 0.815324 0.0129808 0.0178736 24555
0 0.988596 0.676366 0.00573044 0.0206501 24556
0 0.973451 0.762515 0.0161736 0.0279066 24557
0 0.00675511 0.976059 0.0134319 0.0246324 24558
0 0.125927 0.985941 0.0274405 0.0205092 24559
0 0.919253 0.973267 0.0223391 0.0404958 24560
0 0.101101 0.994298 0.0580569 0.00779012 24561
0 0.105204 0.992976 0.0662696 0.0103112 24562
0 0.769452 0.697346 0.00786495 0.0159861 24563
0 0.935003 0.726159 0.00674686 0.0254618 24564
0 0.00261571 0.976269 0.00517861 0.023437 24565
0 0.853604 0.831319 0.0211668 0.0363363 24566
0 0.577321 0.875504 0.0324166 0.013638 24567
0 0.94552 0.761932 0.0225803 0.0151722 24568
0 0.194652 0.733974 0.00870872 0.0100867 24569
0 0.769979 0.700677 0.0102774 0.023075 24570
0 0.119385 0.984641 0.0366414 0.022839 24571
0 0.322309 0.712896 0.00577564 0.0185733 24572
0 0.109487 0.980834 0.018685 0.0227539 24573
0 0.973789 0.754539 0.00595188 0.012656 24574
0 0.53336 0.739903 0.0158159 0.00854831 24575
0 0.577023 0.875265 0.0324005 0.0134471 24576
0 0.537464 0.79217 0.0514659 0.0169881 24577
0 0.973142 0.673092 0.00676994 0.0202794 24578
0 0.391356 0.831468 0.0175041 0.0840108 24579
0 0.885604 0.978687 0.0481541 0.0401364 24580
0 0.853114 0.846262 0.026292 0.0135546 24581
0 0.10594 0.985853 0.0670437 0.0235123 24582
0 0.443981 0.785847 0.0133834 0.0114546 24583
0 0.00844107 0.759691 0.0161734 0.0100171 24584
0 0.0696633 0.753116 0.0102783 0.00808546 24585
0 0.71582 0.83119 0.0200514 0.0307256 24586
0 0.852398 0.841049 0.02328 0.0193332 24587
0 0.476079 0.824501 0.00993519 0.0428887 24588
0 0.858443 0.847297 0.0378124 0.0127969 24589
0 0.475488 0.832037 0.0102148 0.0573107 24590
0 0.972357 0.765721 0.0147614 0.0223952 24591
0 0.773697 0.813059 0.00756722 0.0147341 24592
0 0.700944 0.794796 0.0136471 0.046887 24593
0 0.944865 0.866863 0.0289425 0.01539 24594
0 0.518853 0.808448 0.00755453 0.0348738 24595
0 0.528593 0.73964 0.00630875 0.00849575 24596
0 0.974792 0.770745 0.0181622 0.0120992 24597
0 0.901542 0.755585 0.0145702 0.0466183 24598
0 0.285177 0.737892 0.0225323 0.0069692 24599
0 0.766989 0.813043 0.00786114 0.015112 24600
0 0.937185 0.867263 0.0135948 0.0148621 24601
0 0.883623 0.683904 0.00568581 0.00996831 24602
0 0.446729 0.781913 0.00894156 0.0201748 24603
0 0.0628563 0.753698 0.022662 0.008058 24604
0 0.00799678 0.903438 0.0136126 0.046385 24605
0 0.864248 0.845153 0.0282253 0.0163717 24606
0 0.952778 0.857032 0.0213987 0.0271127 24607
0 0.756021 0.783188 0.0116303 0.0471183 24608
0 0.773321 0.812821 0.0199131 0.0168811 24609
0 0.771337 0.812458 0.0134222 0.015859 24610
0 0.862612 0.832469 0.0292416 0.0382582 24611
0 0.53792 0.850759 0.0127359 0.0266242 24612
0 0.109611 0.973216 0.0192765 0.038795 24613
0 0.778826 0.815243 0.00898151 0.0119449 24614
0 0.467086 0.831607 0.00860958 0.0484055 24615
0 0.540773 0.854553 0.00817709 0.0333349 24616
0 0.979846 0.659599 0.00818634 0.0142734 24617
0 0.859644 0.794977 0.00790329 0.0134894 24618
0 0.593617 0.913541 0.0625156 0.0121218 24619
0 0.790741 0.819964 0.0261105 0.00746833 24620
0 0.473837 0.834024 0.0118534 0.0619007 24621
0 0.838552 0.834983 0.0335566 0.0339762 24622
0 0.783135 0.719616 0.0496608 0.0147676 24623
0 0.795685 0.8171 0.0376924 0.011712 24624
0 0.871939 0.845395 0.0134319 0.015195 24625
0 0.854591 0.845426 0.0501057 0.0183216 24626
0 0.921564 0.67844 0.0079958 0.0120156 24627
0 0.477332 0.827923 0.00951443 0.0481057 24628
0 0.0646335 0.756835 0.0274912 0.0118749 24629
0 0.449669 0.782055 0.00998564 0.0195892 24630
0 0.577412 0.878653 0.0325462 0.0129628 24631
0 0.939211 0.764127 0.0357662 0.0201945 24632
