0 0.453101 0.833704 0.0127237 0.0687032 43702
0 0.830632 0.835014 0.0176535 0.0329332 43703
0 0.830122 0.767416 0.00946159 0.0541633 43704
0 0.843676 0.765394 0.0071022 0.0483219 43705
0 0.813927 0.770769 0.0101084 0.0494124 43706
0 0.953475 0.849879 0.022192 0.0420419 43707
0 0.556579 0.812971 0.0124689 0.0495985 43708
0 0.756231 0.782014 0.00698452 0.0476824 43709
0 0.704422 0.793651 0.00980072 0.0423723 43710
0 0.736939 0.785487 0.00870972 0.0476919 43711
0 0.473686 0.852525 0.0214802 0.0348623 43712
0 0.781093 0.779265 0.00788383 0.0446962 43713
0 0.695724 0.793064 0.00844307 0.0418094 43714
0 0.424532 0.780838 0.00807133 0.0190194 43715
0 0.797687 0.775482 0.00908871 0.0474809 43716
0 0.894043 0.975624 0.0666458 0.0470718 43717
0 0.71762 0.830506 0.013542 0.031307 43718
0 0.856259 0.831757 0.0147625 0.0324704 43719
0 0.941167 0.725752 0.00775642 0.0191732 43720
0 0.853352 0.832049 0.0210674 0.032794 43721
0 0.115132 0.980938 0.0306295 0.0229236 43722
0 0.7967 0.766145 0.00747108 0.0292918 43723
0 0.004416 0.751714 0.00849135 0.017953 43724
0 0.798368 0.782388 0.00907192 0.0345271 43725
0 0.713531 0.830649 0.0226407 0.0320692 43726
0 0.0659405 0.73335 0.00582037 0.0165029 43727
0 0.974685 0.763976 0.0189159 0.0258826 43728
0 0.796696 0.697245 0.0059514 0.0146325 43729
0 0.905692 0.972412 0.0423698 0.0404734 43730
0 0.0658722 0.735709 0.00638117 0.0217104 43731
0 0.354466 0.989273 0.0154796 0.0214544 43732
0 0.276032 0.7302 0.00510569 0.0163378 43733
0 0.677869 0.815492 0.0191879 0.0181061 43734
0 0.433351 0.914275 0.0256643 0.0377167 43735
0 0.0221284 0.938369 0.0442569 0.0281462 43736
0 0.318598 0.71265 0.00524721 0.014856 43737
0 0.274419 0.730616 0.00782566 0.0167226 43738
0 0.0658727 0.745948 0.00677769 0.0254739 43739
0 0.889547 0.98298 0.0582191 0.0318637 43740
0 0.440892 0.919301 0.0101084 0.0244449 43741
0 0.408508 0.763896 0.00290184 0.0110399 43742
0 0.673304 0.816405 0.0107121 0.0174971 43743
0 0.779421 0.698015 0.00507326 0.0143539 43744
0 0.982442 0.662889 0.0103378 0.0412004 43745
0 0.320276 0.712914 0.00890131 0.0152551 43746
0 0.00578936 0.976925 0.0115281 0.0230632 43747
0 0.526344 0.734554 0.01536 0.010131 43748
0 0.576772 0.87584 0.0316703 0.0141096 43749
0 0.526483 0.735101 0.0156199 0.00938602 43750
0 0.107258 0.983708 0.0537568 0.0276859 43751
0 0.983515 0.669734 0.00803032 0.0272339 43752
0 0.883806 0.984684 0.0459969 0.028231 43753
0 0.120065 0.982821 0.039966 0.0252645 43754
0 0.901649 0.681037 0.00375404 0.0146525 43755
0 0.422448 0.78107 0.0125959 0.0187636 43756
0 0.995984 0.811333 0.00762081 0.0213511 43757
0 0.100425 0.993985 0.0561308 0.00879381 43758
0 0.0648338 0.7424 0.0104166 0.0353539 43759
0 0.884705 0.979083 0.0480515 0.0402318 43760
0 0.99617 0.81595 0.00724678 0.0120719 43761
0 0.958974 0.850386 0.0116238 0.0384203 43762
0 0.972397 0.663032 0.00829201 0.0357732 43763
0 0.428953 0.918565 0.0217703 0.0294696 43764
0 0.0615968 0.738334 0.0059057 0.0105726 43765
0 0.982248 0.653633 0.0075222 0.0250566 43766
0 0.7727 0.813024 0.0193802 0.0154938 43767
0 0.063866 0.734725 0.0106332 0.0195838 43768
0 0.959752 0.6724 0.00640144 0.0223643 43769
0 0.921957 0.972773 0.0270214 0.0424805 43770
0 0.915059 0.973347 0.0404991 0.0445618 43771
0 0.982003 0.664438 0.00927849 0.0243935 43772
0 0.57667 0.875498 0.0318003 0.0138092 43773
0 0.0044469 0.75761 0.00886314 0.0121282 43774
0 0.951626 0.661296 0.00408039 0.0119926 43775
0 0.973425 0.668269 0.00715065 0.0279639 43776
0 0.420962 0.915259 0.0501884 0.0395121 43777
0 0.972097 0.653597 0.00679512 0.0188705 43778
0 0.420182 0.762689 0.0264456 0.0100447 43779
0 0.776871 0.813428 0.0128687 0.0153022 43780
0 0.00637682 0.759119 0.0127536 0.0127981 43781
0 0.768264 0.813022 0.0103842 0.0151467 43782
0 0.995984 0.814722 0.00756989 0.017514 43783
0 0.861671 0.834037 0.0345551 0.038009 43784
0 0.0620886 0.745748 0.0114093 0.0242625 43785
0 0.935776 0.866791 0.0111105 0.0149072 43786
0 0.0657128 0.751726 0.00743499 0.0227197 43787
0 0.00610459 0.973143 0.012081 0.031526 43788
0 0.27408 0.736363 0.00791664 0.00726047 43789
0 0.144408 0.738663 0.0129325 0.0102548 43790
0 0.102629 0.985343 0.060175 0.0252097 43791
0 0.433997 0.784461 0.0144018 0.00863156 43792
0 0.349758 0.989323 0.0257862 0.021258 43793
0 0.286334 0.726448 0.00782595 0.0111137 43794
0 0.982935 0.771747 0.0336506 0.0098348 43795
0 0.943175 0.725641 0.0118025 0.019496 43796
0 0.972178 0.763067 0.0135212 0.0270321 43797
0 0.852623 0.848269 0.0241791 0.00961422 43798
0 0.184388 0.732459 0.0102077 0.0103031 43799
0 0.860552 0.844303 0.0366377 0.0190738 43800
0 0.0571346 0.753729 0.00433718 0.00757887 43801
0 0.980538 0.771874 0.0138683 0.00999959 43802
0 0.985271 0.771579 0.0290283 0.00754768 43803
0 0.304056 0.718346 0.00768213 0.00836538 43804
0 0.185628 0.733291 0.0135987 0.0101737 43805
0 0.871684 0.845455 0.0127392 0.0151364 43806
