0 0.64843 0.798397 0.012515 0.0580685 83325
0 0.605145 0.806155 0.0115253 0.0547058 83326
0 0.452132 0.834407 0.0111347 0.066237 83327
0 0.842981 0.767077 0.00846252 0.0469555 83328
0 0.796331 0.775824 0.00812874 0.0486057 83329
0 0.554757 0.81888 0.010808 0.0500775 83330
0 0.441154 0.893532 0.0169464 0.0806793 83331
0 0.718387 0.830106 0.0139997 0.0318315 83332
0 0.391048 0.815149 0.0181773 0.0522946 83333
0 0.728642 0.785315 0.00844536 0.0521505 83334
0 0.831289 0.835221 0.0188616 0.0329865 83335
0 0.114385 0.983308 0.033188 0.0274875 83336
0 0.464616 0.828599 0.0139137 0.0579451 83337
0 0.0179317 0.753078 0.0110069 0.0201511 83338
0 0.688904 0.795093 0.00951252 0.0472534 83339
0 0.701118 0.79378 0.0118978 0.0461409 83340
0 0.198168 0.91621 0.0451585 0.0308655 83341
0 0.85677 0.830331 0.0138311 0.0335286 83342
0 0.952513 0.849954 0.024309 0.0386875 83343
0 0.0221342 0.938834 0.0442684 0.0312283 83344
0 0.973956 0.762201 0.0193518 0.0280535 83345
0 0.363568 0.775908 0.00858703 0.0163313 83346
0 0.681189 0.789488 0.00837612 0.033734 83347
0 0.00569359 0.977623 0.0113143 0.0215525 83348
0 0.69515 0.794474 0.0077035 0.0476112 83349
0 0.355002 0.989189 0.014906 0.0216227 83350
0 0.465104 0.818546 0.013477 0.0387767 83351
0 0.937138 0.72478 0.00741119 0.0166951 83352
0 0.957051 0.848671 0.0157047 0.0361447 83353
0 0.483586 0.857956 0.0376605 0.0229207 83354
0 0.963072 0.7484 0.00762215 0.034967 83355
0 0.698836 0.793649 0.00847378 0.0454624 83356
0 0.319888 0.713956 0.00964909 0.0187236 83357
0 0.674924 0.815416 0.0146828 0.0194163 83358
0 0.853057 0.830615 0.02094 0.0355659 83359
0 0.883584 0.979295 0.0451454 0.0396532 83360
0 0.47496 0.857596 0.0197878 0.0229658 83361
0 0.894371 0.975324 0.0661758 0.046698 83362
0 0.906812 0.972756 0.0434254 0.0417065 83363
0 0.853197 0.848208 0.024859 0.00922919 83364
0 0.691742 0.794633 0.0123375 0.0477359 83365
0 0.439329 0.761659 0.0223133 0.0131236 83366
0 0.995899 0.81348 0.00779095 0.0158776 83367
0 0.0644126 0.741507 0.0121188 0.024351 83368
0 0.106697 0.983588 0.0486466 0.0276691 83369
0 0.0618555 0.7403 0.00682318 0.0209981 83370
0 0.0984546 0.994221 0.0533094 0.00846676 83371
0 0.442264 0.909552 0.0144991 0.0485494 83372
0 0.99568 0.670292 0.0040863 0.0185954 83373
0 0.27361 0.728904 0.00557795 0.0187497 83374
0 0.772749 0.813806 0.0214087 0.0169752 83375
0 0.919559 0.972794 0.0226629 0.0415453 83376
0 0.852022 0.698017 0.00508156 0.0159632 83377
0 0.972907 0.672432 0.00534935 0.0169702 83378
0 0.578104 0.875469 0.0338302 0.0148831 83379
0 0.681102 0.796946 0.0102004 0.0499708 83380
0 0.577912 0.875142 0.0335821 0.0144004 83381
0 0.490139 0.723699 0.00652142 0.0107712 83382
0 0.853245 0.843801 0.0233353 0.011281 83383
0 0.968664 0.754094 0.0139046 0.0321306 83384
0 0.0647152 0.748973 0.0116703 0.0130964 83385
0 0.440371 0.872181 0.0154936 0.0385471 83386
0 0.679732 0.813267 0.0163891 0.0235007 83387
0 0.916197 0.972136 0.0137089 0.0406735 83388
0 0.829587 0.695385 0.00605965 0.0118674 83389
0 0.827095 0.834909 0.0116713 0.0322549 83390
0 0.769561 0.813337 0.0151987 0.0172323 83391
0 0.913694 0.97423 0.0392332 0.0447961 83392
0 0.77898 0.816468 0.00978279 0.0130422 83393
0 0.965177 0.748347 0.0122189 0.0352502 83394
0 0.585331 0.913908 0.0476958 0.0114465 83395
0 0.881981 0.984636 0.0417267 0.0293632 83396
0 0.950408 0.859191 0.0209879 0.0216793 83397
0 0.854994 0.847356 0.0285763 0.0123159 83398
0 0.936031 0.680549 0.00797234 0.0188271 83399
0 0.271475 0.728687 0.00964632 0.0173608 83400
0 0.949714 0.863522 0.0388075 0.023057 83401
0 0.706687 0.842847 0.011195 0.00892504 83402
0 0.492855 0.863392 0.018963 0.0111799 83403
0 0.00877792 0.977838 0.0175335 0.0232022 83404
0 0.677382 0.79869 0.0178633 0.0526767 83405
0 0.593481 0.913493 0.0628918 0.0123444 83406
0 0.169152 0.732293 0.0130915 0.00843964 83407
0 0.950958 0.865711 0.0375532 0.0166877 83408
0 0.941341 0.861995 0.0204676 0.0216441 83409
0 0.936434 0.679677 0.00673409 0.0154864 83410
0 0.947147 0.852517 0.0369556 0.0431722 83411
0 0.829544 0.695152 0.00726356 0.0148174 83412
0 0.540477 0.849173 0.00692997 0.0273351 83413
0 0.872578 0.845753 0.0147388 0.0147697 83414
0 0.959012 0.865152 0.0573734 0.0169071 83415
0 0.130277 0.982836 0.0643165 0.0265711 83416
0 0.889354 0.687447 0.00367088 0.0155097 83417
0 0.829834 0.698356 0.00557995 0.0181146 83418
0 0.768648 0.814414 0.0236223 0.0182424 83419
0 0.616532 0.828439 0.0171798 0.0106121 83420
0 0.854255 0.682895 0.00567627 0.00765822 83421
0 0.603511 0.91399 0.0430292 0.0111267 83422
0 0.153626 0.736628 0.0463635 0.016669 83423
0 0.985951 0.674826 0.00441208 0.010104 83424
0 0.995766 0.802483 0.00801811 0.0385783 83425
0 0.493625 0.724451 0.0130686 0.0117864 83426
0 0.0627104 0.739071 0.00869665 0.0242408 83427
0 0.986094 0.677081 0.00532455 0.00890113 83428
0 0.93768 0.862559 0.0157288 0.0234721 83429
0 0.853532 0.692228 0.00820427 0.0236315 83430
0 0.780352 0.815578 0.0121443 0.0145235 83431
0 0.790977 0.821294 0.0247988 0.0062639 83432
0 0.782633 0.813958 0.0144028 0.0161007 83433
0 0.962143 0.743972 0.00733147 0.0432478 83434
0 0.438645 0.866706 0.0115845 0.0278344 83435
