0 0.507996 0.822603 0.013545 0.0553033 72820
0 0.451832 0.834342 0.0125509 0.0659139 72821
0 0.842424 0.767069 0.00868759 0.0456061 72822
0 0.718622 0.830745 0.0137603 0.0308382 72823
0 0.796465 0.774714 0.00816212 0.0471988 72824
0 0.953777 0.849806 0.022431 0.0414547 72825
0 0.574615 0.815669 0.0106895 0.0475678 72826
0 0.66498 0.791056 0.00800667 0.0446866 72827
0 0.746225 0.782303 0.00791588 0.0491918 72828
0 0.830875 0.834907 0.0176865 0.0332065 72829
0 0.71647 0.788706 0.00811338 0.0480974 72830
0 0.11528 0.982997 0.034687 0.0273731 72831
0 0.987305 0.744773 0.00920982 0.0440955 72832
0 0.390725 0.811936 0.0184311 0.0453383 72833
0 0.432181 0.914157 0.0270399 0.0372157 72834
0 0.197814 0.916401 0.0448815 0.0314687 72835
0 0.474678 0.856644 0.0185406 0.0246226 72836
0 0.355443 0.989105 0.0140525 0.0217892 72837
0 0.971881 0.762154 0.0123158 0.027317 72838
0 0.856589 0.82961 0.0135542 0.032647 72839
0 0.710309 0.789863 0.00684052 0.0448625 72840
0 0.691719 0.795205 0.00779905 0.0415483 72841
0 0.011898 0.750616 0.00922244 0.0212267 72842
0 0.695215 0.789619 0.00950089 0.0522108 72843
0 0.00559465 0.97932 0.0111116 0.0178073 72844
0 0.269841 0.724955 0.00729074 0.0189334 72845
0 0.890441 0.975559 0.0586227 0.047051 72846
0 0.696855 0.790732 0.00980835 0.0485406 72847
0 0.938649 0.728442 0.00813408 0.0197125 72848
0 0.0221254 0.938411 0.0442507 0.0297646 72849
0 0.97454 0.76209 0.0179981 0.0279773 72850
0 0.314631 0.713254 0.00723944 0.0180925 72851
0 0.0637733 0.737647 0.00932267 0.0161994 72852
0 0.910625 0.973251 0.0487518 0.0431125 72853
0 0.700231 0.791674 0.00744743 0.0445031 72854
0 0.0948088 0.994439 0.0469201 0.00810513 72855
0 0.853499 0.830472 0.0194792 0.0356378 72856
0 0.708628 0.790866 0.00968485 0.0445736 72857
0 0.902877 0.972433 0.0335529 0.0415395 72858
0 0.0133554 0.750888 0.0127791 0.0224521 72859
0 0.4231 0.761711 0.0255972 0.0129901 72860
0 0.376535 0.776666 0.00541458 0.0153347 72861
0 0.413389 0.761462 0.00637836 0.0126746 72862
0 0.290407 0.719398 0.00739479 0.0168142 72863
0 0.675175 0.81414 0.0176935 0.0210103 72864
0 0.996373 0.812125 0.00682926 0.0176554 72865
0 0.377865 0.776959 0.00804987 0.0153678 72866
0 0.483433 0.856654 0.0370739 0.0250534 72867
0 0.883327 0.979604 0.0452087 0.0391883 72868
0 0.713247 0.789443 0.00672197 0.0465803 72869
0 0.691839 0.793295 0.011052 0.0472502 72870
0 0.415033 0.761837 0.00991354 0.0127794 72871
0 0.97272 0.678374 0.00610847 0.0208584 72872
0 0.85292 0.848024 0.0263491 0.0108661 72873
0 0.68968 0.820023 0.0172827 0.00820957 72874
0 0.711886 0.788708 0.00643959 0.0470425 72875
0 0.973245 0.676565 0.00762215 0.0190749 72876
0 0.99045 0.669097 0.00401249 0.0144536 72877
0 0.39075 0.83228 0.0187335 0.0863102 72878
0 0.920799 0.973279 0.0299137 0.0422473 72879
0 0.268573 0.724602 0.0102336 0.0200911 72880
0 0.576256 0.875151 0.036223 0.0145101 72881
0 0.101916 0.993482 0.0609514 0.00903982 72882
0 0.497315 0.726863 0.00689392 0.0116479 72883
0 0.158033 0.731366 0.0089514 0.0110847 72884
0 0.773155 0.812844 0.0205833 0.0157237 72885
0 0.956878 0.849805 0.0159779 0.0383955 72886
0 0.689247 0.818623 0.0183437 0.00942145 72887
0 0.13369 0.73846 0.00497577 0.00847744 72888
0 0.290683 0.723025 0.0077692 0.013128 72889
0 0.576844 0.875806 0.035556 0.0138214 72890
0 0.665958 0.798678 0.00661764 0.0508113 72891
0 0.0681564 0.749122 0.00890116 0.0128821 72892
0 0.842836 0.69665 0.00446777 0.0174667 72893
0 0.715635 0.831163 0.0197182 0.0322698 72894
0 0.813757 0.698873 0.00721779 0.0181668 72895
0 0.0107526 0.750945 0.0154459 0.0216568 72896
0 0.0783751 0.74598 0.00514483 0.0142054 72897
0 0.156475 0.731782 0.0123938 0.0126407 72898
0 0.902948 0.685315 0.00398674 0.0144328 72899
0 0.975014 0.771578 0.0176395 0.00958354 72900
0 0.540617 0.847079 0.00829315 0.0312149 72901
0 0.945604 0.677008 0.00957413 0.0165038 72902
0 0.996097 0.670025 0.00691128 0.0143896 72903
0 0.101715 0.983291 0.0604034 0.0273917 72904
0 0.778492 0.813691 0.010206 0.0145311 72905
0 0.379048 0.776853 0.0116949 0.0161151 72906
0 0.130783 0.982511 0.0657404 0.0277406 72907
0 0.744562 0.782218 0.0110308 0.0496192 72908
0 0.312674 0.715664 0.0105265 0.0142025 72909
0 0.289143 0.719692 0.00635381 0.0175059 72910
0 0.690643 0.81746 0.0159126 0.0094574 72911
0 0.577444 0.879423 0.0338891 0.0119298 72912
0 0.270236 0.728769 0.00913529 0.0262063 72913
0 0.683381 0.816534 0.0296755 0.0160665 72914
0 0.142736 0.73841 0.00910382 0.00899946 72915
0 0.953407 0.860922 0.0206572 0.0198625 72916
0 0.138811 0.738624 0.0162623 0.00987108 72917
0 0.00938752 0.979543 0.0185531 0.0196264 72918
0 0.935889 0.867004 0.0115177 0.0147234 72919
0 0.859396 0.794798 0.00721703 0.0134538 72920
0 0.718221 0.788972 0.0113482 0.048017 72921
0 0.500399 0.725559 0.013397 0.0142897 72922
0 0.996542 0.701493 0.00647469 0.0116374 72923
0 0.854687 0.847148 0.0316471 0.0146149 72924
0 0.498676 0.724206 0.0102198 0.0171499 72925
0 0.145844 0.735779 0.0336105 0.0153151 72926
0 0.440599 0.914958 0.0106462 0.0335246 72927
0 0.313107 0.713513 0.0104119 0.0194412 72928
0 0.559494 0.838724 0.00634022 0.00976664 72929
0 0.495087 0.862489 0.0160252 0.011471 72930
0 0.845372 0.845461 0.0424927 0.0166843 72931
