0 0.718108 0.787352 0.00958166 0.0495212 None
0 0.452484 0.834063 0.0124952 0.0669206 None
0 0.746739 0.781166 0.01022 0.0513816 None
0 0.702376 0.792281 0.0101748 0.0465888 None
0 0.796656 0.775965 0.00797129 0.0480125 None
0 0.953668 0.849954 0.0219456 0.0423311 None
0 0.830764 0.834749 0.0176538 0.0333808 None
0 0.692829 0.795205 0.010395 0.0479258 None
0 0.614724 0.808352 0.0103758 0.0468418 None
0 0.843077 0.765779 0.00828323 0.0437544 None
0 0.54203 0.819158 0.0126801 0.0557719 None
0 0.475577 0.853862 0.0158645 0.0303485 None
0 0.731575 0.786479 0.0102457 0.0467038 None
0 0.938697 0.728796 0.00785446 0.0210456 None
0 0.973367 0.762643 0.0172279 0.0269616 None
0 0.00471002 0.751848 0.00909557 0.0190643 None
0 0.856272 0.830145 0.0142729 0.0320363 None
0 0.718221 0.830694 0.0131018 0.0310038 None
0 0.0589124 0.740959 0.00533767 0.0266056 None
0 0.19816 0.913824 0.0457872 0.034514 None
0 0.433728 0.914091 0.0252923 0.0377255 None
0 0.314616 0.71665 0.00582399 0.018531 None
0 0.738334 0.792895 0.0069912 0.0323198 None
0 0.11455 0.981826 0.031717 0.0274275 None
0 0.3548 0.989164 0.0149682 0.0216714 None
0 0.0222847 0.938664 0.0445048 0.0295858 None
0 0.712166 0.831251 0.0259937 0.0322374 None
0 0.883535 0.981718 0.0442623 0.0353814 None
0 0.676366 0.814976 0.0166183 0.0194794 None
0 0.853957 0.831077 0.0204697 0.0336633 None
0 0.905398 0.972427 0.0369568 0.0412679 None
0 0.27572 0.729212 0.00563278 0.0164259 None
0 0.921751 0.972607 0.0271914 0.0414256 None
0 0.827771 0.696369 0.00674858 0.0152659 None
0 0.395108 0.776823 0.00738754 0.0158091 None
0 0.39823 0.760321 0.00458965 0.00882806 None
0 0.0652015 0.751024 0.00519862 0.0131621 None
0 0.43065 0.755247 0.00511675 0.0101622 None
0 0.912299 0.973139 0.0461388 0.0427901 None
0 0.996173 0.811495 0.00723972 0.0207421 None
0 0.440743 0.917316 0.0104641 0.0288761 None
0 0.895122 0.976171 0.0669087 0.0455332 None
0 0.576997 0.875847 0.0338052 0.0137136 None
0 0.135296 0.740694 0.0139597 0.00968798 None
0 0.394283 0.77749 0.0100859 0.0153846 None
0 0.138786 0.741243 0.00874002 0.0101464 None
0 0.292615 0.725091 0.00666075 0.0189567 None
0 0.798662 0.695948 0.00613956 0.0136827 None
0 0.430674 0.754888 0.00680742 0.0114929 None
0 0.00463419 0.759565 0.00917839 0.00634291 None
0 0.91478 0.971582 0.0108372 0.0406257 None
0 0.103565 0.982902 0.063923 0.0299245 None
0 0.103219 0.994155 0.062934 0.00865292 None
0 0.872397 0.845636 0.0148788 0.0158308 None
0 0.314101 0.717926 0.00736094 0.020305 None
0 0.959483 0.850219 0.0106396 0.0373515 None
0 0.852873 0.848029 0.0257668 0.0107456 None
0 0.00803647 0.980895 0.0159771 0.0156365 None
0 0.971832 0.664994 0.00663528 0.0331648 None
0 0.773424 0.812553 0.00690136 0.0147088 None
0 0.948932 0.673435 0.0158493 0.0122934 None
0 0.0061939 0.98177 0.0123055 0.0130605 None
0 0.516509 0.732337 0.0116571 0.0106805 None
0 0.861997 0.845831 0.0366217 0.0162265 None
0 0.972216 0.660401 0.00742416 0.0360781 None
0 0.395599 0.770763 0.0192475 0.0291239 None
0 0.769657 0.812626 0.0129866 0.0145586 None
0 0.972122 0.653488 0.00789452 0.0265064 None
0 0.315528 0.716878 0.00776482 0.0199032 None
0 0.134053 0.741432 0.017992 0.0114916 None
0 0.985622 0.681055 0.00911064 0.0174995 None
0 0.0647265 0.743844 0.0185587 0.0315481 None
0 0.859779 0.795206 0.00839252 0.012914 None
0 0.492896 0.863923 0.0191296 0.00880347 None
0 0.39115 0.832546 0.0185454 0.0901479 None
0 0.529081 0.826109 0.0160624 0.00744798 None
0 0.159006 0.7377 0.00732179 0.00974172 None
0 0.952159 0.861768 0.0177628 0.0199677 None
0 0.437175 0.909015 0.0227392 0.0469777 None
0 0.00967187 0.979347 0.0191727 0.0212794 None
0 0.120288 0.982882 0.0431825 0.0286251 None
0 0.841633 0.83517 0.0398022 0.0342543 None
0 0.00668223 0.979174 0.0132677 0.0185696 None
0 0.864045 0.833667 0.0330894 0.0389462 None
0 0.895698 0.97482 0.0211861 0.0285411 None
0 0.559323 0.838712 0.00567894 0.0123823 None
0 0.575889 0.881481 0.0318329 0.00666402 None
0 0.843882 0.846203 0.045129 0.0147093 None
0 0.891398 0.674083 0.00429573 0.00993754 None
