0 0.452907 0.833863 0.0127254 0.0672624 71202
0 0.249159 0.86777 0.0112419 0.0564651 71203
0 0.698039 0.796063 0.00846453 0.0438694 71204
0 0.47791 0.829519 0.0163052 0.0621335 71205
0 0.953597 0.848704 0.0222889 0.0426649 71206
0 0.826675 0.769209 0.00933342 0.0351562 71207
0 0.843627 0.763859 0.0077652 0.0438921 71208
0 0.523085 0.778194 0.00805969 0.0257724 71209
0 0.775647 0.776766 0.00707703 0.0506931 71210
0 0.809754 0.773871 0.0085968 0.0410109 71211
0 0.873659 0.762135 0.00843353 0.0387778 71212
0 0.795185 0.777243 0.00808544 0.045657 71213
0 0.423703 0.90981 0.0162001 0.0496077 71214
0 0.985974 0.737803 0.00779991 0.0476195 71215
0 0.787794 0.775926 0.00831757 0.0467738 71216
0 0.855009 0.764115 0.00944939 0.0398187 71217
0 0.39118 0.818333 0.0171212 0.056208 71218
0 0.683104 0.794813 0.012402 0.0425903 71219
0 0.198379 0.91594 0.0457697 0.0313731 71220
0 0.93084 0.73126 0.0084116 0.0300761 71221
0 0.354431 0.989282 0.0146605 0.0214353 71222
0 0.508399 0.781613 0.00675831 0.021779 71223
0 0.766334 0.696256 0.00773048 0.0151954 71224
0 0.00949667 0.742791 0.0076183 0.0172604 71225
0 0.716973 0.831198 0.0125898 0.0307366 71226
0 0.48346 0.802116 0.00855436 0.0333917 71227
0 0.830603 0.834304 0.0159702 0.0323886 71228
0 0.883499 0.980219 0.045298 0.0382651 71229
0 0.371308 0.738694 0.00820999 0.0109002 71230
0 0.114698 0.983102 0.0304087 0.0241323 71231
0 0.715745 0.831433 0.0196001 0.0309514 71232
0 0.965856 0.738243 0.010021 0.0362578 71233
0 0.0221594 0.938431 0.0443187 0.0293939 71234
0 0.331313 0.70829 0.0055069 0.0145716 71235
0 0.917203 0.972774 0.0182501 0.0397451 71236
0 0.995673 0.811882 0.00823021 0.0210375 71237
0 0.828369 0.83361 0.0116562 0.0306356 71238
0 0.782526 0.69431 0.00773964 0.0131302 71239
0 0.29147 0.752802 0.00888929 0.0183009 71240
0 0.857275 0.829625 0.015447 0.0372243 71241
0 0.974606 0.76285 0.0186684 0.026937 71242
0 0.675492 0.815871 0.0152624 0.0183212 71243
0 0.483539 0.808063 0.00893612 0.0476741 71244
0 0.921228 0.973493 0.0272223 0.0412603 71245
0 0.834036 0.834763 0.00884666 0.0293742 71246
0 0.0959573 0.994237 0.0475909 0.00830248 71247
0 0.00562079 0.981549 0.0111558 0.0142453 71248
0 0.00734356 0.743145 0.0126784 0.0179757 71249
0 0.904651 0.743546 0.00794258 0.0238597 71250
0 0.119662 0.985118 0.04001 0.0222568 71251
0 0.104086 0.984551 0.0528022 0.0255256 71252
0 0.484597 0.803278 0.00812359 0.0372638 71253
0 0.577101 0.874736 0.0334585 0.0163457 71254
0 0.301015 0.742798 0.00998635 0.0135308 71255
0 0.906881 0.973613 0.0414618 0.0404965 71256
0 0.954776 0.745386 0.00845146 0.0407413 71257
0 0.109584 0.981256 0.0198502 0.0238227 71258
0 0.904948 0.748909 0.0084713 0.034515 71259
0 0.20247 0.729068 0.00872011 0.00870989 71260
0 0.95468 0.751668 0.00691681 0.029501 71261
0 0.777718 0.776752 0.0114017 0.0511086 71262
0 0.854013 0.83075 0.0226158 0.0382745 71263
0 0.894876 0.975912 0.067387 0.0447044 71264
0 0.974385 0.669532 0.00685921 0.0358757 71265
0 0.97601 0.666589 0.00981941 0.0380842 71266
0 0.289865 0.753496 0.0124115 0.0184525 71267
0 0.992806 0.660118 0.00526581 0.0129396 71268
0 0.200596 0.729345 0.0131084 0.00960117 71269
0 0.77027 0.81255 0.0169086 0.0161441 71270
0 0.898788 0.76609 0.00616798 0.0243846 71271
0 0.947763 0.74112 0.00560627 0.0301537 71272
0 0.973141 0.753985 0.00657806 0.0102214 71273
0 0.976944 0.658733 0.00639191 0.0162278 71274
0 0.101042 0.986119 0.057826 0.0234044 71275
0 0.33157 0.715062 0.0422817 0.00984836 71276
0 0.71102 0.83239 0.0272104 0.0317544 71277
0 0.117854 0.985223 0.0255385 0.0233432 71278
0 0.0069195 0.748318 0.0127216 0.00818617 71279
0 0.965356 0.743723 0.0106403 0.0452421 71280
0 0.703536 0.832146 0.0427768 0.0324765 71281
0 0.977902 0.653233 0.0074543 0.0187634 71282
0 0.880408 0.984364 0.0388819 0.0303687 71283
0 0.957512 0.848068 0.0148808 0.0382755 71284
0 0.480043 0.826856 0.0133936 0.0626909 71285
0 0.124979 0.985656 0.0283874 0.0218163 71286
0 0.69291 0.841816 0.0327923 0.0145467 71287
0 0.901325 0.75366 0.0140438 0.0455353 71288
0 0.421077 0.92714 0.0160545 0.0159795 71289
0 0.854096 0.848869 0.0219635 0.00790761 71290
0 0.954389 0.739772 0.00862351 0.0383952 71291
0 0.684763 0.812769 0.0113573 0.0164707 71292
0 0.849306 0.842758 0.0161404 0.0152369 71293
0 0.84912 0.829953 0.0336617 0.0418369 71294
0 0.426351 0.909635 0.0243649 0.0508762 71295
0 0.294775 0.758032 0.0222437 0.0108264 71296
0 0.833322 0.835299 0.0226097 0.0331726 71297
0 0.540758 0.850641 0.00761213 0.0317908 71298
0 0.301063 0.744074 0.0121468 0.013895 71299
0 0.935897 0.866001 0.0116262 0.0152593 71300
0 0.589401 0.906836 0.0384394 0.0233107 71301
0 0.915904 0.97551 0.0386364 0.0432726 71302
0 0.951794 0.862518 0.0266346 0.0200792 71303
0 0.699162 0.841088 0.0379629 0.0147271 71304
0 0.947359 0.85123 0.0344688 0.0456821 71305
0 0.870455 0.675048 0.00539322 0.0072369 71306
0 0.958258 0.737344 0.00682297 0.0287042 71307
0 0.393189 0.801515 0.0133522 0.0227619 71308
0 0.86029 0.830356 0.0121887 0.0390028 71309
0 0.504849 0.781657 0.0150814 0.0232288 71310
0 0.295244 0.760932 0.0233995 0.0119631 71311
0 0.204099 0.729527 0.0193698 0.0096578 71312
0 0.85215 0.847145 0.0262339 0.011991 71313
0 0.107206 0.981836 0.0307305 0.0273176 71314
0 0.896516 0.977276 0.0220039 0.0337908 71315
0 0.977568 0.649234 0.00922966 0.0138336 71316
0 0.47722 0.818987 0.0149697 0.0400876 71317
0 0.860118 0.796171 0.00813808 0.0101034 71318
0 0.504779 0.786725 0.0173683 0.0122247 71319
0 0.895947 0.984745 0.0210815 0.026289 71320
