0 0.538482 0.820445 0.0126711 0.0577108 None
0 0.83076 0.834709 0.0174002 0.033531 None
0 0.452521 0.834157 0.0122084 0.0668471 None
0 0.692904 0.794823 0.0104841 0.0490251 None
0 0.953709 0.850001 0.0220045 0.0425062 None
0 0.607048 0.809949 0.0109922 0.0469779 None
0 0.842838 0.766121 0.00836258 0.0442017 None
0 0.797051 0.775681 0.00731316 0.0481734 None
0 0.710072 0.788103 0.0112478 0.0480518 None
0 0.475983 0.854194 0.0156503 0.029597 None
0 0.198036 0.915752 0.0457436 0.0308241 None
0 0.93955 0.72828 0.00773907 0.0207364 None
0 0.974056 0.762581 0.0182354 0.0267802 None
0 0.717993 0.830715 0.0131813 0.0307566 None
0 0.738901 0.785318 0.00784378 0.0464461 None
0 0.114863 0.981985 0.0309491 0.0265659 None
0 0.0601433 0.738716 0.00526654 0.0208564 None
0 0.85613 0.830156 0.0147434 0.0330319 None
0 0.433538 0.91424 0.0250128 0.0372757 None
0 0.272362 0.732176 0.00553188 0.0141388 None
0 0.700725 0.793552 0.00775623 0.0425795 None
0 0.00702893 0.748298 0.00800757 0.0186869 None
0 0.354634 0.98917 0.0153111 0.0216596 None
0 0.747045 0.784539 0.0078702 0.0419274 None
0 0.904771 0.972335 0.0370316 0.0411969 None
0 0.725821 0.788365 0.00812531 0.042652 None
0 0.313446 0.711697 0.00636435 0.0146556 None
0 0.731159 0.787521 0.00773773 0.0447883 None
0 0.0221832 0.938722 0.0443663 0.0295112 None
0 0.883458 0.984735 0.0437016 0.0293108 None
0 0.676458 0.815084 0.0165541 0.0189767 None
0 0.393642 0.776156 0.0061717 0.0172796 None
0 0.712461 0.831099 0.0248779 0.0316966 None
0 0.290242 0.727451 0.0052381 0.0197625 None
0 0.745207 0.784966 0.0104839 0.045172 None
0 0.0602444 0.742979 0.00612896 0.0297294 None
0 0.0646532 0.750921 0.00575253 0.0155831 None
0 0.072226 0.75044 0.00648532 0.012718 None
0 0.922061 0.972651 0.0268105 0.0414181 None
0 0.853157 0.831055 0.0207966 0.0356854 None
0 0.744513 0.784935 0.00740204 0.0447379 None
0 0.00578921 0.750854 0.0112879 0.0175022 None
0 0.996174 0.811529 0.00723991 0.0205838 None
0 0.577031 0.87586 0.0338985 0.0137153 None
0 0.140741 0.739779 0.00397253 0.00715213 None
0 0.895103 0.975963 0.0668655 0.0455214 None
0 0.102475 0.983114 0.0603725 0.0292572 None
0 0.101213 0.993916 0.058792 0.00881314 None
0 0.872549 0.845552 0.0152246 0.015066 None
0 0.434842 0.758291 0.00983744 0.0111133 None
0 0.00664434 0.980914 0.0132067 0.0153236 None
0 0.852846 0.847797 0.0257011 0.0111101 None
0 0.769882 0.812607 0.0135406 0.0148483 None
0 0.891095 0.672346 0.00626755 0.0100181 None
0 0.939176 0.736235 0.0091795 0.00750427 None
0 0.391311 0.832769 0.0179802 0.0874983 None
0 0.48476 0.854451 0.0339196 0.0298187 None
0 0.914603 0.971451 0.0105171 0.0405748 None
0 0.510936 0.731129 0.00445175 0.00805868 None
0 0.958987 0.850425 0.0116817 0.0383769 None
0 0.972024 0.654192 0.00926208 0.0228417 None
0 0.43485 0.908392 0.0272968 0.0488514 None
0 0.156514 0.735004 0.0119004 0.00732354 None
0 0.859938 0.794998 0.00768204 0.0127714 None
0 0.130309 0.738942 0.00536978 0.00780623 None
0 0.401177 0.762848 0.00517271 0.0131131 None
0 0.514312 0.732108 0.011346 0.0100528 None
0 0.0631896 0.744664 0.0121897 0.0294527 None
0 0.859925 0.846057 0.0409576 0.0166585 None
0 0.802396 0.696983 0.00451584 0.0162216 None
0 0.397222 0.778146 0.0272173 0.0154894 None
0 0.863961 0.833546 0.0330046 0.0391061 None
0 0.910441 0.67284 0.00568066 0.010657 None
0 0.134868 0.739712 0.0155895 0.00899929 None
0 0.950028 0.673175 0.0142256 0.00959312 None
0 0.699681 0.792943 0.00762701 0.047385 None
0 0.00935109 0.981131 0.0185143 0.0166741 None
0 0.528135 0.826845 0.0125948 0.00909831 None
0 0.119741 0.9822 0.0419979 0.0284973 None
0 0.952243 0.861677 0.0175426 0.0205185 None
0 0.575808 0.8818 0.0318663 0.00616489 None
0 0.00935161 0.757999 0.0187032 0.0143867 None
0 0.85696 0.795344 0.0181385 0.0127319 None
0 0.391362 0.811709 0.0171762 0.0431929 None
0 0.774415 0.812792 0.017314 0.0163754 None
0 0.911132 0.975374 0.0493317 0.044516 None
0 0.779341 0.815994 0.00843344 0.0104099 None
0 0.857917 0.833447 0.0447788 0.0412289 None
0 0.889475 0.98479 0.0339586 0.0273607 None
0 0.590681 0.910545 0.0582312 0.0182748 None
0 0.935979 0.866762 0.011784 0.0147824 None
0 0.737304 0.786267 0.00954409 0.0534695 None
0 0.844913 0.846314 0.0429865 0.014149 None
0 0.592605 0.913012 0.0571005 0.0138769 None
0 0.523821 0.732461 0.0299459 0.0104053 None
0 0.130588 0.73743 0.00462036 0.00986532 None
0 0.492549 0.864059 0.0200771 0.00906253 None
0 0.851714 0.844809 0.0224348 0.013247 None
0 0.577235 0.873147 0.0340462 0.0196335 None
