0 0.453038 0.833372 0.0120351 0.0677344 None
0 0.563677 0.815246 0.0106356 0.053113 None
0 0.718216 0.830265 0.0146954 0.0309318 None
0 0.805334 0.772684 0.0109371 0.0530869 None
0 0.765875 0.780288 0.00812454 0.0461246 None
0 0.752174 0.782115 0.00762758 0.0505134 None
0 0.84366 0.765693 0.00748615 0.0495221 None
0 0.692425 0.795195 0.00990963 0.0514991 None
0 0.737826 0.785516 0.0101425 0.0465756 None
0 0.831198 0.834605 0.0183807 0.0335185 None
0 0.702712 0.792286 0.0109528 0.0460242 None
0 0.953478 0.849314 0.0220356 0.0416382 None
0 0.785757 0.776251 0.0104569 0.0504654 None
0 0.796887 0.775565 0.00794544 0.0501712 None
0 0.776914 0.787679 0.00677891 0.0321781 None
0 0.67556 0.800273 0.0114492 0.0497674 None
0 0.85615 0.830365 0.0141598 0.0329461 None
0 0.480021 0.858735 0.0347979 0.0199829 None
0 0.00759692 0.748846 0.00837802 0.0185265 None
0 0.956868 0.848844 0.0154562 0.0405243 None
0 0.434167 0.914602 0.0237892 0.036441 None
0 0.973886 0.763347 0.0174597 0.0274167 None
0 0.287738 0.725093 0.00668764 0.0192247 None
0 0.854031 0.830949 0.0199768 0.0340415 None
0 0.118708 0.983678 0.037703 0.0258301 None
0 0.938058 0.728941 0.00869999 0.0223931 None
0 0.198185 0.915364 0.0459425 0.0321228 None
0 0.354951 0.989108 0.0146609 0.0217845 None
0 0.0643825 0.74179 0.0089546 0.0249371 None
0 0.890795 0.976256 0.0573814 0.045305 None
0 0.0220723 0.937882 0.0441445 0.0294544 None
0 0.884219 0.980308 0.0447929 0.0382207 None
0 0.413532 0.780813 0.0102684 0.0162208 None
0 0.902728 0.973749 0.0336786 0.0410711 None
0 0.913921 0.973104 0.010743 0.0390154 None
0 0.134893 0.739877 0.00497103 0.0102017 None
0 0.439852 0.915253 0.0122431 0.0323703 None
0 0.316068 0.710259 0.00611644 0.018408 None
0 0.00306102 0.973779 0.00607679 0.0279836 None
0 0.916561 0.756295 0.0267246 0.0120416 None
0 0.853081 0.848312 0.0247477 0.00969493 None
0 0.275658 0.730443 0.00590677 0.015549 None
0 0.577363 0.8757 0.032854 0.0146294 None
0 0.0964748 0.994269 0.0485015 0.00820855 None
0 0.995905 0.811776 0.00777855 0.0197133 None
0 0.415126 0.762329 0.00637245 0.0132772 None
0 0.183227 0.736532 0.0116113 0.00840861 None
0 0.920435 0.973677 0.0263786 0.0406935 None
0 0.911633 0.973059 0.0156593 0.0391013 None
0 0.274336 0.730304 0.00742788 0.0157406 None
0 0.540613 0.849079 0.00703373 0.0271064 None
0 0.415137 0.772289 0.0182515 0.0324466 None
0 0.0547687 0.741353 0.0103563 0.00964169 None
0 0.750739 0.781813 0.0108733 0.0519111 None
0 0.00467405 0.974046 0.00933379 0.0286219 None
0 0.00620243 0.750274 0.01229 0.0190475 None
0 0.10613 0.989891 0.0681913 0.0160984 None
0 0.777706 0.784526 0.00923729 0.0383457 None
0 0.37171 0.759695 0.004178 0.0110185 None
0 0.676815 0.808599 0.0136879 0.0324907 None
0 0.773316 0.813057 0.00598049 0.0145543 None
0 0.901819 0.974651 0.0643463 0.0435074 None
0 0.972074 0.674193 0.00619831 0.0164249 None
0 0.830172 0.775163 0.0217321 0.0135267 None
0 0.775538 0.787719 0.00992489 0.0332336 None
0 0.777709 0.81355 0.0123706 0.01478 None
0 0.109127 0.981607 0.0190875 0.0222402 None
0 0.18363 0.736241 0.0122644 0.00845371 None
0 0.776565 0.811054 0.0136436 0.0200758 None
0 0.827009 0.773941 0.0268639 0.0139506 None
0 0.677981 0.804378 0.0161318 0.0402306 None
0 0.768933 0.812984 0.0129528 0.0152924 None
0 0.898302 0.681292 0.00394669 0.0111145 None
0 0.494191 0.857549 0.0178295 0.0211839 None
0 0.131303 0.984143 0.0630904 0.0229806 None
0 0.956012 0.668724 0.00666084 0.0256604 None
0 0.861207 0.764065 0.0314369 0.0129981 None
0 0.877468 0.682506 0.00703392 0.0159476 None
0 0.93618 0.866815 0.0115784 0.0159732 None
0 0.852065 0.845138 0.0224361 0.0126797 None
0 0.857368 0.84708 0.033651 0.0143921 None
0 0.674435 0.809135 0.0130534 0.0335358 None
0 0.679427 0.815054 0.0129107 0.0189433 None
0 0.994863 0.810612 0.00983391 0.0228329 None
0 0.926779 0.67748 0.00505676 0.0154394 None
0 0.798892 0.696624 0.005268 0.0167018 None
0 0.947229 0.859927 0.00968361 0.0185428 None
0 0.126419 0.985446 0.0269617 0.0224109 None
0 0.99571 0.805055 0.00814362 0.0331753 None
