0 0.477281 0.833718 0.0165064 0.0686656 17298
0 0.453317 0.833852 0.0119146 0.066657 17299
0 0.830242 0.834698 0.0174133 0.0332747 17300
0 0.718742 0.83024 0.0145144 0.0317922 17301
0 0.794125 0.775536 0.0102764 0.0468089 17302
0 0.77971 0.780236 0.00897884 0.0403117 17303
0 0.929163 0.749834 0.0108345 0.0469455 17304
0 0.843244 0.76465 0.00838737 0.0462467 17305
0 0.699699 0.792969 0.0109185 0.047711 17306
0 0.953345 0.848939 0.0220638 0.0398366 17307
0 0.0770983 0.899852 0.0104612 0.0648278 17308
0 0.514619 0.808413 0.00868359 0.040586 17309
0 0.835532 0.770073 0.00720863 0.0381004 17310
0 0.745842 0.784394 0.00999737 0.0455794 17311
0 0.757101 0.784177 0.00857191 0.0454132 17312
0 0.973684 0.762524 0.0188789 0.0283162 17313
0 0.197985 0.915737 0.0460546 0.0317881 17314
0 0.855769 0.830901 0.0166458 0.0341885 17315
0 0.00654074 0.75118 0.00987055 0.0186708 17316
0 0.354917 0.989157 0.0144349 0.0216041 17317
0 0.32022 0.75042 0.00937042 0.0130666 17318
0 0.322928 0.709857 0.00557675 0.0136939 17319
0 0.852365 0.832273 0.0243008 0.0375885 17320
0 0.905696 0.97266 0.0416748 0.0419576 17321
0 0.577734 0.875181 0.0327388 0.0160288 17322
0 0.488291 0.777489 0.00840683 0.0215761 17323
0 0.892264 0.757712 0.0121412 0.045659 17324
0 0.67642 0.815652 0.0161943 0.0183109 17325
0 0.0709581 0.750997 0.00738153 0.0192037 17326
0 0.114721 0.981901 0.0303183 0.0234331 17327
0 0.894354 0.975295 0.0664173 0.0466331 17328
0 0.996029 0.810694 0.00753212 0.021895 17329
0 0.902546 0.679167 0.00686874 0.0180318 17330
0 0.367254 0.751682 0.0094903 0.0153456 17331
0 0.792696 0.69571 0.00715199 0.0108827 17332
0 0.0711031 0.749779 0.00924269 0.02219 17333
0 0.50964 0.812528 0.00446014 0.0266544 17334
0 0.00271236 0.979106 0.00537991 0.0186093 17335
0 0.391621 0.818724 0.017444 0.0577823 17336
0 0.0221388 0.93927 0.0441611 0.0299266 17337
0 0.889766 0.756957 0.00719376 0.0443809 17338
0 0.434837 0.90913 0.0186297 0.0473575 17339
0 0.936254 0.741259 0.00794373 0.0286908 17340
0 0.00577081 0.978974 0.0115001 0.019637 17341
0 0.884958 0.68426 0.00571823 0.0114933 17342
0 0.530041 0.738373 0.0146481 0.0115287 17343
0 0.108329 0.984065 0.0452767 0.0271257 17344
0 0.904044 0.974301 0.0561693 0.045186 17345
0 0.161511 0.73888 0.00561767 0.00846727 17346
0 0.772549 0.812558 0.00902996 0.0147344 17347
0 0.0684817 0.737591 0.00855465 0.0157413 17348
0 0.774241 0.812446 0.0192238 0.0164768 17349
0 0.0530497 0.752693 0.00493064 0.00751004 17350
0 0.889235 0.743644 0.00604286 0.0214996 17351
0 0.772706 0.812179 0.0130645 0.0153178 17352
0 0.109034 0.98119 0.0190774 0.0224304 17353
0 0.769967 0.812149 0.0132204 0.0155762 17354
0 0.93703 0.867012 0.0132788 0.0162042 17355
0 0.752216 0.792834 0.00607986 0.0281192 17356
0 0.282033 0.736698 0.0123028 0.0131087 17357
0 0.888997 0.979365 0.0561367 0.0390564 17358
0 0.464035 0.778498 0.00900745 0.0190465 17359
0 0.069002 0.742952 0.0110242 0.0258464 17360
0 0.76727 0.812422 0.00749512 0.0139394 17361
0 0.512047 0.812617 0.00781136 0.0342446 17362
0 0.872547 0.846006 0.014831 0.0158312 17363
0 0.913108 0.973587 0.0438728 0.0436469 17364
0 0.978712 0.651501 0.00696983 0.021207 17365
0 0.102276 0.993967 0.0604351 0.00930956 17366
0 0.921818 0.973228 0.0267307 0.0421166 17367
0 0.148027 0.740971 0.00459006 0.00705905 17368
0 0.754216 0.789798 0.0106263 0.0349267 17369
0 0.540581 0.849477 0.00701132 0.026925 17370
0 0.949229 0.865428 0.0372908 0.0191199 17371
0 0.680076 0.816214 0.0196543 0.0190794 17372
0 0.200056 0.730819 0.00869178 0.00812547 17373
0 0.486535 0.777694 0.0120295 0.0214498 17374
0 0.119302 0.98408 0.0391915 0.0244127 17375
0 0.00908209 0.978861 0.0180109 0.0205482 17376
0 0.948543 0.850966 0.0291172 0.0452837 17377
0 0.00287736 0.984633 0.00567746 0.029874 17378
0 0.683194 0.815752 0.0281069 0.0185547 17379
0 0.917341 0.970788 0.0152668 0.0395681 17380
0 0.69282 0.7884 0.00916004 0.0272556 17381
0 0.585856 0.90732 0.0434254 0.0233405 17382
0 0.152188 0.739676 0.0100602 0.00735033 17383
0 0.342058 0.730319 0.0128358 0.00890418 17384
0 0.767164 0.698145 0.00673542 0.0148648 17385
0 0.120649 0.985694 0.0198396 0.023162 17386
0 0.863759 0.833807 0.0332006 0.0395857 17387
0 0.0962909 0.994014 0.0478841 0.00782505 17388
0 0.437106 0.908013 0.00991802 0.0445719 17389
0 0.715816 0.830673 0.0206455 0.0322574 17390
0 0.936709 0.736706 0.00939903 0.0397002 17391
0 0.585976 0.90773 0.0432787 0.0226384 17392
0 0.465508 0.779321 0.0126143 0.0170753 17393
0 0.124784 0.986398 0.0270517 0.0216851 17394
0 0.0793827 0.899915 0.014939 0.0660124 17395
0 0.955251 0.868396 0.0303024 0.0110206 17396
0 0.754375 0.760093 0.00581417 0.00815989 17397
0 0.954927 0.867474 0.0512894 0.014358 17398
0 0.843112 0.832568 0.0429739 0.0387478 17399
0 0.464469 0.775761 0.011107 0.0252475 17400
