0 0.453151 0.83368 0.0124238 0.0682424 None
0 0.481711 0.830899 0.014666 0.0652632 None
0 0.207547 0.87441 0.0155014 0.0547326 None
0 0.698105 0.794717 0.00936089 0.0472287 None
0 0.867488 0.762571 0.00889778 0.0438251 None
0 0.424547 0.909973 0.018862 0.0485789 None
0 0.953476 0.848808 0.022316 0.0424598 None
0 0.777413 0.778832 0.00994482 0.0461243 None
0 0.516144 0.778592 0.00832996 0.024429 None
0 0.813407 0.773862 0.00884438 0.0394491 None
0 0.844249 0.765383 0.00853844 0.046766 None
0 0.942226 0.745093 0.00833874 0.0448222 None
0 0.787467 0.777078 0.0107811 0.0480818 None
0 0.717001 0.830281 0.0140556 0.031287 None
0 0.979254 0.739431 0.0106895 0.0465729 None
0 0.677532 0.791717 0.00839634 0.0372179 None
0 0.765555 0.696718 0.00758257 0.017422 None
0 0.888548 0.766846 0.00700912 0.0293221 None
0 0.491174 0.807476 0.00973682 0.0385623 None
0 0.830354 0.834565 0.0181999 0.0328274 None
0 0.115128 0.983529 0.0312351 0.0210363 None
0 0.908679 0.744309 0.00830002 0.0261068 None
0 0.821682 0.768719 0.00855331 0.0401655 None
0 0.855249 0.830787 0.0166203 0.0336077 None
0 0.354923 0.989201 0.0148916 0.0215983 None
0 0.906858 0.973258 0.0427288 0.0402444 None
0 0.00871664 0.747472 0.0111702 0.0175524 None
0 0.198644 0.915766 0.045035 0.0314362 None
0 0.883466 0.980186 0.0448328 0.0374981 None
0 0.995623 0.813647 0.00833359 0.0183331 None
0 0.391283 0.815118 0.0171235 0.0512487 None
0 0.894794 0.975983 0.0670013 0.0447754 None
0 0.782392 0.696185 0.00610037 0.0171867 None
0 0.00599717 0.981787 0.0119333 0.012363 None
0 0.852413 0.832109 0.0219889 0.0356513 None
0 0.971048 0.736366 0.00807571 0.0394118 None
0 0.295806 0.753447 0.00749617 0.0199461 None
0 0.71454 0.830807 0.0199854 0.0319716 None
0 0.540547 0.849283 0.007057 0.0262787 None
0 0.0972273 0.994204 0.0493558 0.00813683 None
0 0.921054 0.973479 0.0247513 0.0406126 None
0 0.02202 0.938835 0.0440401 0.0301714 None
0 0.675383 0.798866 0.0141263 0.0523595 None
0 0.916935 0.97283 0.0203424 0.0393985 None
0 0.102723 0.992902 0.0601227 0.010022 None
0 0.0721247 0.74854 0.0037715 0.00931532 None
0 0.577669 0.875733 0.0325384 0.0145703 None
0 0.49069 0.780989 0.00773897 0.0188215 None
0 0.94836 0.850198 0.0317514 0.0458286 None
0 0.106217 0.985178 0.0553348 0.0242544 None
0 0.48667 0.78328 0.0184202 0.0134303 None
0 0.880852 0.984673 0.0395767 0.0289481 None
0 0.958955 0.741121 0.00797615 0.0303696 None
0 0.676139 0.815908 0.0171078 0.0185611 None
0 0.817279 0.770596 0.0165777 0.0449232 None
0 0.295791 0.737854 0.0116538 0.0165141 None
0 0.834055 0.834533 0.0173805 0.0336555 None
0 0.11893 0.985332 0.0292716 0.0231108 None
0 0.940264 0.742655 0.0133858 0.0506358 None
0 0.0586881 0.749899 0.00222135 0.00453847 None
0 0.683859 0.819015 0.0329444 0.0114824 None
0 0.95209 0.861303 0.0203659 0.0198473 None
0 0.907733 0.975771 0.0553551 0.0437327 None
0 0.4233 0.925187 0.01678 0.0197245 None
0 0.709684 0.831405 0.0300619 0.0327759 None
0 0.912913 0.683379 0.00628738 0.0135279 None
0 0.202159 0.728756 0.00992804 0.00780318 None
0 0.950785 0.862013 0.0298994 0.0221232 None
0 0.678131 0.799242 0.0165823 0.0518424 None
0 0.486154 0.78142 0.0175223 0.0178253 None
0 0.00607732 0.979015 0.0119907 0.0182861 None
0 0.900259 0.974498 0.0296711 0.0354117 None
0 0.890643 0.766623 0.0116978 0.0296895 None
0 0.577608 0.875398 0.0325687 0.0139874 None
0 0.577653 0.872294 0.0335573 0.0215583 None
0 0.939673 0.742829 0.00852966 0.0492354 None
0 0.979242 0.649024 0.00565071 0.014448 None
0 0.907188 0.744926 0.0110542 0.0282406 None
0 0.687955 0.820323 0.026771 0.00877465 None
0 0.330991 0.713692 0.00490751 0.0139543 None
0 0.97323 0.766822 0.0162872 0.020098 None
0 0.995316 0.808363 0.00890007 0.0294023 None
0 0.679546 0.794771 0.0125084 0.0442512 None
0 0.587614 0.914819 0.0498974 0.0127469 None
0 0.119568 0.98297 0.0411329 0.0253031 None
0 0.874156 0.985001 0.0260372 0.0271023 None
0 0.98365 0.669809 0.00824089 0.0131629 None
0 0.971035 0.666564 0.00515652 0.0169252 None
0 0.971794 0.667725 0.00599823 0.0187098 None
0 0.949322 0.865835 0.0388279 0.0168847 None
0 0.949879 0.863778 0.0375788 0.0216595 None
0 0.947057 0.856613 0.0337734 0.0355394 None
0 0.852325 0.846412 0.0254385 0.0127245 None
0 0.975457 0.771951 0.016358 0.0110097 None
