0 0.484948 0.826855 0.0125698 0.0555372 78597
0 0.556063 0.818232 0.011764 0.049039 78598
0 0.842285 0.767022 0.00874634 0.045762 78599
0 0.452341 0.833962 0.0127265 0.0661399 78600
0 0.79634 0.776313 0.0083622 0.0476037 78601
0 0.830832 0.834846 0.0177605 0.0333218 78602
0 0.739601 0.784091 0.00981255 0.0499624 78603
0 0.434943 0.899984 0.0230885 0.0628408 78604
0 0.671405 0.790505 0.00922184 0.0475789 78605
0 0.022097 0.937888 0.044194 0.027714 78606
0 0.632083 0.801318 0.0103472 0.0533927 78607
0 0.718538 0.829665 0.0142782 0.0325812 78608
0 0.114559 0.982478 0.0335692 0.0278286 78609
0 0.0172138 0.752181 0.0100571 0.0179504 78610
0 0.198033 0.915598 0.0458441 0.0317627 78611
0 0.953612 0.850961 0.0219198 0.0409722 78612
0 0.890877 0.975484 0.0590702 0.0466156 78613
0 0.855543 0.829451 0.0142323 0.0333462 78614
0 0.70483 0.792516 0.00831184 0.0429447 78615
0 0.93513 0.72789 0.00633144 0.0221997 78616
0 0.291485 0.724359 0.00784907 0.0177216 78617
0 0.354982 0.989122 0.0151538 0.0217557 78618
0 0.065848 0.736702 0.00594935 0.0214284 78619
0 0.391221 0.832177 0.0179983 0.08643 78620
0 0.475576 0.85814 0.0191435 0.0216868 78621
0 0.902919 0.972279 0.0359495 0.0404429 78622
0 0.317708 0.708967 0.00564032 0.0174067 78623
0 0.0954636 0.994183 0.0463649 0.00798815 78624
0 0.957102 0.849435 0.0152256 0.0374791 78625
0 0.853249 0.83015 0.0209627 0.0343123 78626
0 0.576795 0.812311 0.03207 0.0086419 78627
0 0.429941 0.763218 0.0196743 0.0122999 78628
0 0.00566132 0.979111 0.011279 0.0189997 78629
0 0.693904 0.796048 0.0121219 0.0468106 78630
0 0.974267 0.76217 0.0176647 0.0278273 78631
0 0.91051 0.973257 0.049231 0.0422168 78632
0 0.164457 0.727687 0.0100906 0.0100715 78633
0 0.88348 0.984899 0.0445822 0.0283035 78634
0 0.104829 0.982838 0.05133 0.0291472 78635
0 0.702921 0.791354 0.0108159 0.0446947 78636
0 0.678433 0.815819 0.0194769 0.0182888 78637
0 0.773308 0.813321 0.0216635 0.017234 78638
0 0.674802 0.816122 0.0136185 0.0182166 78639
0 0.273745 0.729994 0.00627232 0.0180364 78640
0 0.698096 0.793044 0.00805712 0.0407654 78641
0 0.0666831 0.741048 0.00814631 0.0296714 78642
0 0.715303 0.830044 0.0215101 0.0334208 78643
0 0.577118 0.875327 0.033309 0.0132948 78644
0 0.364759 0.772647 0.0163199 0.0114288 78645
0 0.577425 0.875791 0.0331679 0.0131731 78646
0 0.973149 0.752901 0.00676689 0.0122214 78647
0 0.367691 0.772653 0.0103202 0.011043 78648
0 0.361683 0.772909 0.0226826 0.0122218 78649
0 0.6995 0.791966 0.0136225 0.0468124 78650
0 0.974484 0.770444 0.0188028 0.0124051 78651
0 0.852517 0.848971 0.0258276 0.00910492 78652
0 0.996415 0.815417 0.00675354 0.0110572 78653
0 0.884123 0.978851 0.0454308 0.0391486 78654
0 0.488633 0.72846 0.00613613 0.0102393 78655
0 0.82319 0.697507 0.00563736 0.0161509 78656
0 0.972208 0.673061 0.0047411 0.0163864 78657
0 0.950338 0.862499 0.0155033 0.0191091 78658
0 0.996281 0.81047 0.0070282 0.0212633 78659
0 0.974299 0.767638 0.0191299 0.018317 78660
0 0.284796 0.726863 0.00643225 0.00736355 78661
0 0.293209 0.724873 0.0123886 0.0170353 78662
0 0.588703 0.913705 0.0393981 0.010395 78663
0 0.141868 0.736814 0.00757809 0.0111974 78664
0 0.938451 0.675701 0.00620346 0.0154126 78665
0 0.585476 0.912924 0.0467331 0.0132511 78666
0 0.848948 0.699386 0.00531578 0.0178614 78667
0 0.778027 0.813943 0.0191992 0.0171343 78668
0 0.826415 0.812876 0.0225887 0.0122386 78669
0 0.0686674 0.739862 0.0121527 0.0301236 78670
0 0.946963 0.854257 0.0335003 0.0411774 78671
0 0.941493 0.675367 0.00809708 0.0169049 78672
0 0.97898 0.670569 0.00347176 0.0124328 78673
0 0.673498 0.796273 0.0132452 0.0595913 78674
0 0.960777 0.851079 0.0210737 0.0408752 78675
0 0.68506 0.806585 0.0135681 0.036104 78676
0 0.920261 0.973215 0.0315193 0.0418113 78677
0 0.6933 0.785361 0.0113737 0.0297811 78678
0 0.995982 0.670153 0.00516491 0.0178977 78679
0 0.577393 0.882369 0.0329312 0.00697852 78680
0 0.844194 0.847788 0.0433594 0.0117818 78681
0 0.781044 0.813913 0.0153664 0.0155119 78682
0 0.9365 0.867129 0.0124027 0.0154041 78683
0 0.956126 0.66463 0.00410481 0.0116933 78684
0 0.677946 0.818464 0.022965 0.0244344 78685
0 0.709252 0.843249 0.0125883 0.00827705 78686
0 0.391144 0.813354 0.0172507 0.0483242 78687
0 0.922495 0.978995 0.026623 0.0290298 78688
0 0.871766 0.845298 0.0133976 0.0155373 78689
0 0.099529 0.992225 0.0535834 0.01123 78690
0 0.914165 0.969941 0.0101959 0.0361762 78691
0 0.576745 0.810246 0.0328428 0.0123844 78692
0 0.00930279 0.979345 0.0186056 0.0205098 78693
0 0.825507 0.812982 0.0234451 0.0129049 78694
0 0.95989 0.851581 0.0308878 0.0401033 78695
0 0.741726 0.783801 0.0141283 0.0507941 78696
0 0.855807 0.795217 0.0156229 0.0121133 78697
0 0.840683 0.83541 0.0376774 0.0342075 78698
0 0.423707 0.92415 0.0177814 0.0180094 78699
0 0.851841 0.843862 0.022732 0.0136241 78700
0 0.942757 0.672376 0.00600433 0.0165693 78701
0 0.925293 0.983175 0.0194502 0.0200857 78702
0 0.577653 0.886351 0.034024 0.0116903 78703
0 0.85611 0.821733 0.016584 0.026329 78704
0 0.63311 0.800813 0.0148361 0.0504239 78705
0 0.970611 0.742483 0.00903091 0.0282559 78706
0 0.753281 0.828268 0.029949 0.00911662 78707
0 0.791026 0.821164 0.0221841 0.00649245 78708
0 0.944952 0.865856 0.0281332 0.0166677 78709
0 0.483787 0.859136 0.0372368 0.0200921 78710
0 0.592243 0.907601 0.0563133 0.0207706 78711
0 0.577898 0.877756 0.0337065 0.0153463 78712
0 0.578122 0.880779 0.0339502 0.0122365 78713
0 0.996241 0.814144 0.00704384 0.0185308 78714
0 0.974848 0.750249 0.0194611 0.0504686 78715
0 0.153399 0.983779 0.01765 0.0120307 78716
