0 0.452806 0.833135 0.0129044 0.0678755 39659
0 0.83051 0.834776 0.0177135 0.0336056 39660
0 0.718522 0.829813 0.0144001 0.0321587 39661
0 0.72042 0.789559 0.00974093 0.0448614 39662
0 0.740479 0.785137 0.00867672 0.0459166 39663
0 0.703584 0.790692 0.0114916 0.0470951 39664
0 0.797333 0.775732 0.00835066 0.0484779 39665
0 0.755764 0.781184 0.00734673 0.0486901 39666
0 0.82192 0.770787 0.0124893 0.0501458 39667
0 0.844571 0.765283 0.010928 0.0500234 39668
0 0.549614 0.813205 0.0112005 0.0444489 39669
0 0.790946 0.777526 0.00727262 0.0432271 39670
0 0.43467 0.914241 0.0223746 0.0375539 39671
0 0.953384 0.849678 0.022312 0.0416743 39672
0 0.473078 0.855035 0.0187059 0.0307872 39673
0 0.855346 0.830448 0.0162708 0.0347175 39674
0 0.974366 0.763444 0.0189032 0.0254106 39675
0 0.115345 0.983255 0.0310179 0.0261088 39676
0 0.521991 0.738614 0.00739346 0.0115485 39677
0 0.692178 0.79463 0.00934238 0.0438293 39678
0 0.694367 0.795919 0.0072772 0.0411903 39679
0 0.00797238 0.751201 0.00995086 0.0184109 39680
0 0.995368 0.744526 0.00881729 0.0385417 39681
0 0.277082 0.726418 0.00348778 0.0156955 39682
0 0.0668537 0.737365 0.0066957 0.0155012 39683
0 0.956505 0.848195 0.0161648 0.0390737 39684
0 0.883306 0.985422 0.0451351 0.0273505 39685
0 0.355429 0.989254 0.0137501 0.0214926 39686
0 0.318776 0.713658 0.00581713 0.0181993 39687
0 0.903388 0.972806 0.0379803 0.0390657 39688
0 0.891558 0.976266 0.0614174 0.0460921 39689
0 0.81299 0.781152 0.00623665 0.0316391 39690
0 0.0222237 0.938021 0.0443302 0.0296241 39691
0 0.851897 0.832018 0.0241062 0.0376648 39692
0 0.776634 0.6976 0.0052269 0.0155033 39693
0 0.198696 0.915845 0.0452467 0.0313092 39694
0 0.910048 0.973676 0.0489851 0.0417447 39695
0 0.995549 0.813556 0.00849114 0.016025 39696
0 0.103672 0.983833 0.0594164 0.0275736 39697
0 0.359051 0.754028 0.00496578 0.0125427 39698
0 0.0946046 0.9939 0.0446672 0.00863546 39699
0 0.0674643 0.738908 0.00798843 0.0192968 39700
0 0.435211 0.780185 0.0110594 0.0172947 39701
0 0.0691419 0.742968 0.0105519 0.0249266 39702
0 0.881956 0.683557 0.00624809 0.0187803 39703
0 0.00539738 0.978416 0.0107445 0.0206156 39704
0 0.0705891 0.745626 0.00830696 0.0199036 39705
0 0.690754 0.793303 0.0070343 0.0446018 39706
0 0.675511 0.815845 0.0148015 0.0185986 39707
0 0.922268 0.973678 0.0262136 0.0413801 39708
0 0.13985 0.74059 0.00660901 0.00782844 39709
0 0.936973 0.725633 0.00872574 0.0239214 39710
0 0.961373 0.722894 0.0437473 0.0151828 39711
0 0.793808 0.696746 0.00616741 0.0185099 39712
0 0.110219 0.980793 0.0208615 0.0227383 39713
0 0.939162 0.725702 0.0136021 0.0207916 39714
0 0.982093 0.664572 0.00970898 0.0323433 39715
0 0.898073 0.682999 0.00365372 0.0133475 39716
0 0.769954 0.812732 0.0153749 0.016442 39717
0 0.88467 0.979782 0.0481056 0.0387661 39718
0 0.966807 0.675463 0.00504646 0.0193057 39719
0 0.57725 0.875954 0.0323191 0.0137472 39720
0 0.360337 0.756678 0.00973005 0.0156725 39721
0 0.120677 0.985246 0.0386698 0.0230206 39722
0 0.983968 0.650188 0.00493183 0.0140711 39723
0 0.902131 0.977825 0.033432 0.0291626 39724
0 0.29343 0.727743 0.0104944 0.00785556 39725
0 0.948817 0.850659 0.0308323 0.0449059 39726
0 0.576897 0.875555 0.0317033 0.0136388 39727
0 0.772838 0.813118 0.0216341 0.017598 39728
0 0.923152 0.683938 0.00684109 0.0139861 39729
0 0.872238 0.845565 0.0139488 0.0157823 39730
0 0.00760297 0.760015 0.0131377 0.00552063 39731
0 0.587813 0.908024 0.0524698 0.0237722 39732
0 0.947996 0.858062 0.0314688 0.0315911 39733
0 0.126149 0.986232 0.0256742 0.0217662 39734
0 0.77926 0.816144 0.00830975 0.0110797 39735
0 0.00910547 0.978111 0.0180575 0.0230801 39736
0 0.949628 0.860044 0.0145079 0.0210534 39737
0 0.276431 0.724948 0.00482035 0.0185994 39738
0 0.919182 0.980358 0.0305695 0.0271364 39739
0 0.937191 0.72938 0.00956516 0.0227604 39740
0 0.433239 0.780731 0.0163343 0.0170013 39741
0 0.00967537 0.760973 0.0165456 0.00584615 39742
0 0.842458 0.833528 0.0416885 0.0374117 39743
0 0.983314 0.651456 0.00752792 0.0175964 39744
0 0.69616 0.792709 0.0168979 0.0472672 39745
0 0.530712 0.740418 0.0123526 0.00853475 39746
0 0.00851842 0.754223 0.0140603 0.0161177 39747
0 0.055987 0.752453 0.003952 0.00792779 39748
0 0.672607 0.81636 0.0211208 0.0199849 39749
0 0.974295 0.67594 0.00620003 0.0170305 39750
0 0.870632 0.844149 0.0172264 0.0181179 39751
0 0.993457 0.674015 0.00530071 0.0173944 39752
0 0.00491915 0.971443 0.00980704 0.0341161 39753
0 0.851728 0.846562 0.0252201 0.0122036 39754
0 0.946247 0.864124 0.0305859 0.0201716 39755
0 0.86314 0.832611 0.0332182 0.0392083 39756
0 0.00957623 0.751604 0.0150129 0.0199307 39757
0 0.973403 0.651047 0.00647507 0.0114005 39758
0 0.924878 0.984003 0.0203083 0.0199736 39759
0 0.144899 0.740557 0.0202988 0.0100121 39760
0 0.138662 0.740583 0.0128506 0.00896505 39761
0 0.525996 0.739521 0.0156206 0.0111757 39762
