0 0.452962 0.833783 0.0127858 0.0674018 68987
0 0.250143 0.866786 0.0110603 0.0556729 68988
0 0.698032 0.795967 0.00839863 0.044026 68989
0 0.953578 0.848728 0.0223227 0.0427268 68990
0 0.477937 0.829611 0.0134722 0.0596195 68991
0 0.422766 0.910138 0.0192051 0.0498413 68992
0 0.843627 0.763723 0.00792999 0.0436608 68993
0 0.826951 0.768839 0.00935059 0.036318 68994
0 0.873564 0.761565 0.00853729 0.0411028 68995
0 0.809104 0.774041 0.00793915 0.0400192 68996
0 0.775532 0.777068 0.00679913 0.0514147 68997
0 0.523641 0.778249 0.00784941 0.0255456 68998
0 0.788423 0.775719 0.00951004 0.0469693 68999
0 0.854641 0.763396 0.0101194 0.0403653 69000
0 0.986365 0.737469 0.00781231 0.0470696 69001
0 0.795442 0.776162 0.00807037 0.0464288 69002
0 0.683097 0.795576 0.0125049 0.0447698 69003
0 0.93099 0.731186 0.00866985 0.0302297 69004
0 0.198182 0.91576 0.0461075 0.031664 69005
0 0.509306 0.781877 0.00796356 0.0225288 69006
0 0.39121 0.817563 0.0170725 0.0546405 69007
0 0.830655 0.834532 0.0159225 0.0320769 69008
0 0.00873347 0.743191 0.00856614 0.0181159 69009
0 0.71709 0.831077 0.013175 0.0310879 69010
0 0.766291 0.696244 0.0075901 0.0144866 69011
0 0.947127 0.741163 0.00649948 0.0305861 69012
0 0.964556 0.742547 0.01028 0.044303 69013
0 0.828473 0.833899 0.011853 0.0307193 69014
0 0.35446 0.989283 0.014695 0.0214334 69015
0 0.855804 0.829999 0.0162361 0.0350939 69016
0 0.371504 0.738411 0.00759497 0.0106113 69017
0 0.883538 0.980195 0.0453413 0.038305 69018
0 0.482648 0.799902 0.00940819 0.0311662 69019
0 0.715354 0.831356 0.0204847 0.0312751 69020
0 0.974595 0.762824 0.0191971 0.0270245 69021
0 0.114684 0.98298 0.0304955 0.0246251 69022
0 0.995664 0.811858 0.00824947 0.0211034 69023
0 0.91719 0.97278 0.0182808 0.0397546 69024
0 0.782395 0.693754 0.00764256 0.0131557 69025
0 0.0221623 0.938443 0.0443245 0.0294366 69026
0 0.955781 0.745924 0.00825748 0.0362291 69027
0 0.292213 0.752878 0.00687561 0.0177782 69028
0 0.331285 0.707875 0.00564518 0.0145922 69029
0 0.675534 0.816051 0.014974 0.0180701 69030
0 0.0955999 0.994278 0.0467844 0.00826908 69031
0 0.300597 0.743046 0.00923262 0.0145918 69032
0 0.921439 0.973803 0.0271767 0.0420037 69033
0 0.00563095 0.981539 0.0111726 0.0142914 69034
0 0.904524 0.74297 0.00811005 0.0241735 69035
0 0.119791 0.985031 0.0403262 0.0225632 69036
0 0.482899 0.806662 0.0102099 0.0484958 69037
0 0.0071737 0.743467 0.0120946 0.0188605 69038
0 0.104029 0.984349 0.0535235 0.0260284 69039
0 0.290785 0.753699 0.0103477 0.0170517 69040
0 0.506756 0.781863 0.0136729 0.0234616 69041
0 0.906944 0.973439 0.0415075 0.0410511 69042
0 0.972433 0.759316 0.00995979 0.0204132 69043
0 0.912216 0.973086 0.0290543 0.0407544 69044
0 0.577038 0.874882 0.0335249 0.0159712 69045
0 0.109578 0.981313 0.019896 0.0239753 69046
0 0.895082 0.976057 0.0678982 0.0450173 69047
0 0.853078 0.831932 0.021513 0.0358046 69048
0 0.770072 0.812548 0.0164234 0.0161962 69049
0 0.101228 0.9874 0.0582514 0.0209432 69050
0 0.904694 0.747495 0.00886745 0.0334432 69051
0 0.959325 0.743463 0.00660629 0.0416653 69052
0 0.973175 0.674245 0.00577507 0.0245984 69053
0 0.0731623 0.745622 0.0183004 0.0180339 69054
0 0.711199 0.832288 0.0271853 0.0319782 69055
0 0.977115 0.65676 0.00626869 0.0214189 69056
0 0.683772 0.806079 0.0126656 0.0293508 69057
0 0.975942 0.665109 0.0109924 0.0393789 69058
0 0.0769463 0.744431 0.0107468 0.0169903 69059
0 0.694585 0.842546 0.0283919 0.0139592 69060
0 0.484211 0.804206 0.0102081 0.0380215 69061
0 0.70348 0.832102 0.0431574 0.0327247 69062
0 0.977653 0.653681 0.00728626 0.0201664 69063
0 0.124921 0.985626 0.0288804 0.0220086 69064
0 0.957618 0.848045 0.0146763 0.0384966 69065
0 0.777512 0.777215 0.0111138 0.0518962 69066
0 0.853103 0.848438 0.0252682 0.00886909 69067
0 0.200671 0.72868 0.0115108 0.00987718 69068
0 0.295233 0.750006 0.0212409 0.0240424 69069
0 0.833311 0.835551 0.0178066 0.0321949 69070
0 0.421146 0.927335 0.0163391 0.0157661 69071
0 0.87059 0.676356 0.00479622 0.0100672 69072
0 0.9359 0.865996 0.0116074 0.0152442 69073
0 0.901469 0.750013 0.0145657 0.0392885 69074
0 0.682724 0.787699 0.0113493 0.0321957 69075
0 0.331138 0.715476 0.0413103 0.0104482 69076
0 0.871136 0.679479 0.00447292 0.0138112 69077
0 0.955349 0.734534 0.00826378 0.0278003 69078
0 0.540754 0.850638 0.00768318 0.0316966 69079
0 0.980212 0.678235 0.00607224 0.0127114 69080
0 0.947367 0.851173 0.0344589 0.0457981 69081
0 0.294835 0.758232 0.0231779 0.010682 69082
0 0.290216 0.755911 0.0134844 0.0136129 69083
0 0.472815 0.820357 0.00529852 0.0263736 69084
0 0.916068 0.975565 0.0383224 0.0431495 69085
0 0.97728 0.654037 0.0102451 0.0229613 69086
0 0.506154 0.78936 0.0152745 0.0122418 69087
0 0.589318 0.906851 0.0384668 0.0232341 69088
0 0.899425 0.76051 0.00681648 0.0211387 69089
0 0.993613 0.660242 0.004422 0.0145501 69090
0 0.393209 0.801313 0.0132328 0.0224033 69091
0 0.857915 0.845229 0.0403414 0.0175754 69092
