0 0.647505 0.798876 0.0128088 0.0570089 83766
0 0.43904 0.893256 0.0161636 0.0813975 83767
0 0.391023 0.81657 0.0184192 0.0550385 83768
0 0.452362 0.834192 0.0109987 0.0658159 83769
0 0.602538 0.80702 0.0127339 0.0563768 83770
0 0.842814 0.766845 0.00881691 0.0475823 83771
0 0.796293 0.775967 0.00822029 0.0489346 83772
0 0.55511 0.818804 0.0106535 0.0500215 83773
0 0.718346 0.830149 0.0141178 0.0317485 83774
0 0.728387 0.785894 0.00850029 0.0509149 83775
0 0.462535 0.830275 0.0125052 0.0555349 83776
0 0.831173 0.835281 0.0188742 0.0326706 83777
0 0.114358 0.983296 0.0331465 0.0274684 83778
0 0.0171763 0.753292 0.01004 0.0198795 83779
0 0.688224 0.794769 0.00928459 0.0453325 83780
0 0.700773 0.793978 0.0131177 0.047896 83781
0 0.856492 0.829895 0.0137478 0.0328384 83782
0 0.198262 0.916349 0.0446816 0.0310913 83783
0 0.48353 0.858641 0.037833 0.0219533 83784
0 0.973867 0.762319 0.0196655 0.0276574 83785
0 0.95217 0.849978 0.0251083 0.0391154 83786
0 0.955532 0.848781 0.0185041 0.0366041 83787
0 0.0221453 0.938949 0.0442907 0.0312137 83788
0 0.937788 0.724666 0.00708923 0.0161704 83789
0 0.361921 0.776132 0.0101694 0.016361 83790
0 0.35498 0.989185 0.0149653 0.0216305 83791
0 0.883642 0.979319 0.0452698 0.0396512 83792
0 0.698282 0.793834 0.0083765 0.0461643 83793
0 0.00558352 0.977428 0.0110823 0.021579 83794
0 0.853032 0.830566 0.021043 0.0356123 83795
0 0.894116 0.975358 0.0656773 0.046757 83796
0 0.318777 0.714373 0.00724211 0.0174316 83797
0 0.906973 0.972825 0.0439224 0.0419081 83798
0 0.680309 0.791776 0.00813446 0.0381663 83799
0 0.474613 0.858247 0.0191277 0.0218346 83800
0 0.3216 0.716448 0.0134771 0.0136312 83801
0 0.995893 0.813464 0.00780296 0.0158846 83802
0 0.85319 0.848278 0.024847 0.00914001 83803
0 0.96165 0.747381 0.00597115 0.0338565 83804
0 0.694108 0.794754 0.00734062 0.0455227 83805
0 0.921235 0.972835 0.0259821 0.0417036 83806
0 0.675582 0.815372 0.016613 0.0193349 83807
0 0.0609473 0.741604 0.00504303 0.0197211 83808
0 0.772972 0.813686 0.0213881 0.01716 83809
0 0.0988375 0.99418 0.054179 0.00848762 83810
0 0.272679 0.727527 0.00823593 0.0180077 83811
0 0.963611 0.748102 0.00983391 0.0352754 83812
0 0.918095 0.972375 0.0185213 0.0407145 83813
0 0.578073 0.875411 0.0337446 0.0149082 83814
0 0.577898 0.875108 0.0335253 0.0144053 83815
0 0.294238 0.725683 0.0121341 0.0103609 83816
0 0.852676 0.697214 0.00519714 0.0189573 83817
0 0.0646619 0.743184 0.0127128 0.0230001 83818
0 0.951263 0.857095 0.0170187 0.0261581 83819
0 0.0655287 0.74964 0.00882155 0.0100491 83820
0 0.769633 0.813324 0.0146367 0.0172124 83821
0 0.852621 0.845298 0.0225273 0.011323 83822
0 0.853243 0.843359 0.0233177 0.012144 83823
0 0.488777 0.723803 0.00711021 0.00968679 83824
0 0.882502 0.98463 0.0428284 0.0294318 83825
0 0.779006 0.816436 0.00981636 0.0131171 83826
0 0.938949 0.863269 0.0194218 0.0219584 83827
0 0.101508 0.983588 0.057795 0.027279 83828
0 0.948801 0.8526 0.0295504 0.0401577 83829
0 0.540443 0.849351 0.00697479 0.0270159 83830
0 0.828059 0.834902 0.01357 0.0323947 83831
0 0.345962 0.771781 0.0411543 0.0227137 83832
0 0.950066 0.866436 0.0398191 0.0161814 83833
0 0.00882259 0.977543 0.0176452 0.0231442 83834
0 0.337547 0.770809 0.024502 0.0193149 83835
0 0.949184 0.863269 0.0390789 0.0239129 83836
0 0.270733 0.728138 0.0124516 0.0198463 83837
0 0.947223 0.859923 0.0242792 0.0239719 83838
0 0.58548 0.913904 0.0477354 0.0113922 83839
0 0.937529 0.865674 0.0161684 0.0181078 83840
0 0.440494 0.909305 0.0117455 0.0492364 83841
0 0.676756 0.798897 0.0173975 0.0524197 83842
0 0.768842 0.814215 0.0239754 0.0186432 83843
0 0.936579 0.679249 0.00782108 0.0205632 83844
0 0.831123 0.69638 0.00762405 0.0135659 83845
0 0.858457 0.847165 0.0355541 0.012796 83846
0 0.438526 0.868599 0.0153252 0.032294 83847
0 0.932826 0.680359 0.0100178 0.0212831 83848
0 0.393242 0.835406 0.0273423 0.0201923 83849
0 0.973113 0.671252 0.00604668 0.0156799 83850
0 0.962839 0.75044 0.00682335 0.0422818 83851
0 0.95799 0.865744 0.0583502 0.0167994 83852
0 0.0213377 0.753771 0.0199612 0.0212518 83853
0 0.593582 0.913406 0.0626126 0.0122155 83854
0 0.956909 0.850819 0.0245396 0.0397605 83855
0 0.706553 0.842835 0.0112146 0.00888824 83856
0 0.934573 0.679797 0.0114231 0.0222519 83857
0 0.872563 0.845751 0.0147213 0.0147305 83858
0 0.99473 0.670317 0.00453529 0.0168499 83859
0 0.294198 0.723187 0.0141053 0.0145569 83860
0 0.024726 0.761417 0.0293589 0.00921648 83861
0 0.995764 0.802242 0.00802574 0.0390637 83862
0 0.603743 0.913934 0.0425854 0.0111604 83863
0 0.46551 0.8209 0.0083478 0.0342133 83864
0 0.953463 0.868343 0.0338745 0.0118022 83865
0 0.0220506 0.759801 0.0237601 0.00981378 83866
0 0.941948 0.860459 0.0260393 0.0282652 83867
0 0.672789 0.815872 0.0169904 0.0196843 83868
0 0.00605148 0.97333 0.0119558 0.0310267 83869
0 0.1301 0.982722 0.0641639 0.0267341 83870
0 0.775733 0.813399 0.0329267 0.0192332 83871
0 0.854293 0.692353 0.00797081 0.0258048 83872
0 0.11474 0.975388 0.0339538 0.0430664 83873
0 0.715212 0.834992 0.0201186 0.0235209 83874
