0 0.718529 0.83058 0.0143797 0.0304738 24852
0 0.45568 0.833531 0.0128214 0.0679342 24853
0 0.830615 0.834657 0.0173243 0.0336216 24854
0 0.471393 0.835041 0.0180874 0.063205 24855
0 0.842782 0.766916 0.00874596 0.0475318 24856
0 0.95337 0.849457 0.0223965 0.0411709 24857
0 0.744588 0.783952 0.0086935 0.046976 24858
0 0.697363 0.796182 0.00922823 0.0504825 24859
0 0.897778 0.756 0.00999222 0.0468852 24860
0 0.794097 0.775365 0.0112524 0.0499037 24861
0 0.816017 0.77301 0.00824966 0.0441998 24862
0 0.00606648 0.904522 0.012133 0.0448073 24863
0 0.864197 0.762089 0.00907879 0.0483805 24864
0 0.834994 0.775515 0.00663872 0.0299038 24865
0 0.433841 0.913508 0.0241026 0.038042 24866
0 0.704137 0.79425 0.00869856 0.0432753 24867
0 0.522644 0.811464 0.0111463 0.0405589 24868
0 0.856301 0.830193 0.015247 0.0328908 24869
0 0.754368 0.781308 0.00848389 0.0497492 24870
0 0.0697941 0.742454 0.00860422 0.0276218 24871
0 0.471848 0.779821 0.00788593 0.0247052 24872
0 0.761466 0.781865 0.00880318 0.0409848 24873
0 0.0219418 0.939297 0.0438837 0.0265181 24874
0 0.278655 0.728957 0.00710506 0.016599 24875
0 0.446465 0.781362 0.00592861 0.0193831 24876
0 0.995971 0.809896 0.00763397 0.0239809 24877
0 0.894484 0.976218 0.0654755 0.0455361 24878
0 0.00995305 0.752021 0.00792476 0.016904 24879
0 0.790303 0.697656 0.00697069 0.01805 24880
0 0.355091 0.988947 0.0145941 0.0221061 24881
0 0.955292 0.73655 0.00950871 0.0317262 24882
0 0.883545 0.983343 0.0436424 0.0319014 24883
0 0.906316 0.972957 0.044088 0.0397447 24884
0 0.198832 0.915447 0.0467281 0.0336234 24885
0 0.331292 0.754738 0.00893412 0.016684 24886
0 0.00703807 0.976123 0.0139903 0.0245087 24887
0 0.932936 0.752177 0.00904388 0.0422865 24888
0 0.67751 0.815732 0.0189198 0.0181132 24889
0 0.680487 0.815382 0.0163574 0.0181217 24890
0 0.919475 0.973278 0.0228231 0.0405263 24891
0 0.125905 0.985946 0.0274579 0.0204993 24892
0 0.769973 0.701115 0.0110117 0.0218794 24893
0 0.987303 0.677208 0.00519562 0.0205946 24894
0 0.948828 0.761675 0.0237839 0.014787 24895
0 0.853408 0.831398 0.0216194 0.0363949 24896
0 0.321991 0.712504 0.00640116 0.020331 24897
0 0.100633 0.994308 0.0570395 0.00778029 24898
0 0.540729 0.851855 0.00731297 0.0224501 24899
0 0.391356 0.832564 0.0175317 0.0849403 24900
0 0.577233 0.875515 0.0323995 0.0136393 24901
0 0.105281 0.992871 0.0662687 0.0104919 24902
0 0.0085879 0.753025 0.0104544 0.0174252 24903
0 0.194606 0.734012 0.00901809 0.0102722 24904
0 0.11939 0.98459 0.0373282 0.0229321 24905
0 0.768989 0.698969 0.00963354 0.0173501 24906
0 0.974384 0.762345 0.0166103 0.0275579 24907
0 0.715692 0.831033 0.0202831 0.0311344 24908
0 0.533426 0.739874 0.0171453 0.00887739 24909
0 0.109535 0.980917 0.0187926 0.0229206 24910
0 0.577004 0.875266 0.032338 0.0134867 24911
0 0.063413 0.751703 0.0223729 0.00743815 24912
0 0.785406 0.719205 0.0545895 0.013127 24913
0 0.853053 0.846353 0.0262251 0.013348 24914
0 0.106037 0.985795 0.0670471 0.0235908 24915
0 0.444768 0.786353 0.0163953 0.0102629 24916
0 0.932949 0.743808 0.00962563 0.0582887 24917
0 0.973231 0.672738 0.00702209 0.020212 24918
0 0.97372 0.753085 0.0048214 0.00988651 24919
0 0.858212 0.847536 0.0375553 0.012365 24920
0 0.885729 0.97863 0.0481756 0.0401469 24921
0 0.773787 0.812943 0.00739384 0.0150111 24922
0 0.85973 0.795274 0.00768967 0.0132128 24923
0 0.476955 0.826038 0.00764437 0.0373606 24924
0 0.944871 0.866895 0.0288795 0.0153593 24925
0 0.974579 0.769457 0.018721 0.0142822 24926
0 0.883052 0.684437 0.00648537 0.0104377 24927
0 0.767213 0.812979 0.00814629 0.0151411 24928
0 0.448101 0.785948 0.0120255 0.0121372 24929
0 0.284543 0.736839 0.0233267 0.00705668 24930
0 0.768304 0.812338 0.0107834 0.0165536 24931
0 0.533038 0.739787 0.0165171 0.00881246 24932
0 0.937109 0.867265 0.0134026 0.0148081 24933
0 0.773348 0.812782 0.0197952 0.0167886 24934
0 0.771098 0.812396 0.0135963 0.0158669 24935
0 0.32115 0.727995 0.0208209 0.0101474 24936
0 0.700443 0.795498 0.014386 0.0461131 24937
0 0.864134 0.84508 0.0283752 0.016531 24938
0 0.781735 0.717765 0.0473087 0.00975121 24939
0 0.859967 0.845934 0.0388397 0.0166579 24940
0 0.150693 0.739529 0.0263673 0.0110821 24941
0 0.934525 0.725331 0.00688286 0.0247648 24942
0 0.862681 0.832472 0.0294794 0.0382835 24943
0 0.791026 0.820111 0.0261196 0.00719435 24944
0 0.778575 0.815207 0.0094449 0.0120204 24945
0 0.795839 0.81738 0.037184 0.0111282 24946
0 0.952689 0.858037 0.0211735 0.0251075 24947
0 0.146646 0.739115 0.00978527 0.00857442 24948
0 0.109608 0.97342 0.0192343 0.0385262 24949
0 0.319372 0.726932 0.0165058 0.0119188 24950
0 0.0541599 0.751076 0.00408509 0.00611352 24951
0 0.451983 0.78643 0.0213854 0.0115641 24952
0 0.593655 0.913609 0.0622738 0.0119598 24953
0 0.856459 0.824678 0.0169823 0.0348836 24954
0 0.837523 0.834994 0.0314213 0.0339912 24955
0 0.871922 0.845405 0.0134121 0.0152196 24956
0 0.0622522 0.752992 0.0210807 0.0082879 24957
0 0.898863 0.684842 0.00492115 0.00990278 24958
0 0.844833 0.845765 0.0442204 0.0160041 24959
0 0.94086 0.764246 0.0404713 0.0201333 24960
0 0.979757 0.659273 0.00821533 0.0165412 24961
0 0.57735 0.879125 0.0322962 0.0119887 24962
