0 0.539317 0.820877 0.0131366 0.0585141 64713
0 0.452498 0.834114 0.0123518 0.0668696 64714
0 0.830776 0.834719 0.0174208 0.03345 64715
0 0.692657 0.794758 0.00994682 0.0490426 64716
0 0.9537 0.849995 0.0220058 0.042492 64717
0 0.842775 0.765884 0.0085598 0.044515 64718
0 0.796956 0.775899 0.00731726 0.0480326 64719
0 0.608185 0.810312 0.0113544 0.0463311 64720
0 0.710657 0.788264 0.0107359 0.0478292 64721
0 0.701045 0.792324 0.00898418 0.0463888 64722
0 0.475921 0.854221 0.0156073 0.0295202 64723
0 0.198163 0.915925 0.0454986 0.030521 64724
0 0.114711 0.982192 0.0316136 0.0275487 64725
0 0.939664 0.728068 0.00642014 0.0207848 64726
0 0.0600162 0.737912 0.00568132 0.0191179 64727
0 0.717999 0.830798 0.0129891 0.0305313 64728
0 0.726215 0.786629 0.00782909 0.0415317 64729
0 0.974034 0.762662 0.0183851 0.0267114 64730
0 0.855772 0.830186 0.0151796 0.032604 64731
0 0.433544 0.91423 0.0250097 0.0372925 64732
0 0.74316 0.785494 0.00769567 0.0441147 64733
0 0.747478 0.784882 0.00719566 0.0419189 64734
0 0.00686185 0.748556 0.00753298 0.0177263 64735
0 0.740555 0.78551 0.0115572 0.0450924 64736
0 0.354654 0.98917 0.0152668 0.0216609 64737
0 0.313713 0.711787 0.00632148 0.0137455 64738
0 0.904882 0.972339 0.0369839 0.0412328 64739
0 0.731696 0.787216 0.00827475 0.0442151 64740
0 0.272976 0.732254 0.00549617 0.0139253 64741
0 0.0221911 0.938793 0.0443809 0.0293903 64742
0 0.0643973 0.75138 0.0056123 0.0149858 64743
0 0.0721569 0.749976 0.00621428 0.0126658 64744
0 0.88342 0.984581 0.043671 0.0296115 64745
0 0.676462 0.815057 0.0165287 0.0189906 64746
0 0.291005 0.726969 0.00550413 0.0210724 64747
0 0.738128 0.786274 0.00712814 0.0472714 64748
0 0.393608 0.776264 0.00531969 0.0170034 64749
0 0.712525 0.831286 0.0245513 0.0313917 64750
0 0.996166 0.8115 0.00725555 0.0206068 64751
0 0.922111 0.972631 0.0267382 0.0413852 64752
0 0.802095 0.697792 0.00479698 0.0158274 64753
0 0.00559579 0.751881 0.0109807 0.0151913 64754
0 0.392589 0.775825 0.0069171 0.0160063 64755
0 0.853054 0.831515 0.0213821 0.0351986 64756
0 0.577005 0.875845 0.0338638 0.0136627 64757
0 0.140914 0.740039 0.0038775 0.00747918 64758
0 0.909254 0.97385 0.0512562 0.0440752 64759
0 0.89525 0.975969 0.0671597 0.0455146 64760
0 0.101333 0.994195 0.0590485 0.00843845 64761
0 0.938969 0.73684 0.00913563 0.00693003 64762
0 0.155918 0.735308 0.0111267 0.00723216 64763
0 0.291614 0.724927 0.00771322 0.0246143 64764
0 0.510928 0.731629 0.00442657 0.00906779 64765
0 0.0589325 0.738025 0.00732679 0.019928 64766
0 0.0066632 0.980931 0.0132426 0.0153161 64767
0 0.972084 0.656154 0.00991058 0.0274116 64768
0 0.484567 0.854588 0.0343479 0.0295726 64769
0 0.433395 0.757855 0.0121639 0.0115221 64770
0 0.85279 0.847538 0.0256203 0.0114034 64771
0 0.43361 0.75693 0.00926828 0.0115604 64772
0 0.914625 0.971489 0.0104891 0.0406033 64773
0 0.87254 0.845541 0.0151932 0.0150747 64774
0 0.77164 0.812552 0.0105854 0.014895 64775
0 0.940168 0.72814 0.00865288 0.0221897 64776
0 0.959059 0.850385 0.0115437 0.0381317 64777
0 0.102571 0.983253 0.0606169 0.0294769 64778
0 0.971335 0.654333 0.00804482 0.023083 64779
0 0.745744 0.782572 0.0085846 0.047937 64780
0 0.859957 0.794974 0.00780945 0.0128898 64781
0 0.0623722 0.747438 0.0101657 0.022787 64782
0 0.434878 0.908394 0.0272514 0.0488196 64783
0 0.130257 0.73908 0.0054801 0.00781996 64784
0 0.514093 0.732152 0.0103039 0.0101542 64785
0 0.13461 0.740293 0.018893 0.00998772 64786
0 0.8312 0.694806 0.00531368 0.0130607 64787
0 0.738547 0.782614 0.0119007 0.0517968 64788
0 0.271609 0.732179 0.00761967 0.0145799 64789
0 0.102395 0.983582 0.0608801 0.0284895 64790
0 0.859907 0.846072 0.0409843 0.0170186 64791
0 0.86392 0.833668 0.0329733 0.0387956 64792
0 0.00936074 0.98114 0.0185308 0.0166589 64793
0 0.575911 0.881845 0.0321817 0.00616472 64794
0 0.391303 0.832752 0.0180014 0.0881136 64795
0 0.85186 0.845186 0.0225649 0.0127889 64796
0 0.973249 0.6601 0.00941048 0.0288381 64797
0 0.952197 0.861704 0.0176559 0.0204563 64798
0 0.39327 0.776661 0.00947523 0.0173733 64799
0 0.949571 0.672796 0.0139584 0.010286 64800
0 0.29283 0.724698 0.0206713 0.025823 64801
0 0.590533 0.910416 0.0579914 0.0184662 64802
0 0.856962 0.795344 0.0182491 0.0127623 64803
0 0.736576 0.787405 0.00781708 0.0511966 64804
0 0.983905 0.68073 0.00557785 0.0161285 64805
0 0.910381 0.672387 0.00506821 0.00985311 64806
0 0.492937 0.863994 0.0192659 0.00903558 64807
0 0.842731 0.835185 0.042091 0.0343757 64808
0 0.0570611 0.741871 0.0117847 0.0110192 64809
0 0.130524 0.737348 0.00453563 0.00984497 64810
0 0.844727 0.846387 0.0430939 0.013952 64811
0 0.592287 0.912932 0.0565025 0.0139526 64812
0 0.774559 0.812845 0.0169317 0.0163973 64813
0 0.314965 0.712049 0.00847969 0.0144067 64814
0 0.397986 0.777314 0.0279559 0.0170556 64815
0 0.996232 0.803867 0.00710106 0.0361828 64816
0 0.432231 0.756014 0.00826168 0.0130693 64817
0 0.00550585 0.748329 0.0107127 0.0210212 64818
0 0.77928 0.815998 0.00851994 0.0105547 64819
0 0.158389 0.736905 0.021246 0.00817362 64820
0 0.0613137 0.748168 0.0205403 0.0157898 64821
0 0.856327 0.833647 0.0479925 0.0410577 64822
0 0.895538 0.973702 0.0202042 0.027947 64823
0 0.523016 0.732806 0.0282038 0.0101642 64824
