0 0.453091 0.833355 0.0127563 0.0685479 None
0 0.824069 0.768594 0.00930004 0.0531565 None
0 0.736684 0.786049 0.00850725 0.046285 None
0 0.843696 0.76501 0.00715218 0.0485514 None
0 0.806715 0.772703 0.0108868 0.0500788 None
0 0.830668 0.834964 0.0174864 0.0330894 None
0 0.953518 0.84982 0.02215 0.0422136 None
0 0.755082 0.781527 0.00843849 0.0494829 None
0 0.777437 0.779354 0.0101332 0.0448398 None
0 0.796346 0.775233 0.00858622 0.0499268 None
0 0.697563 0.796557 0.0106183 0.0449734 None
0 0.703096 0.79366 0.00776997 0.0432655 None
0 0.717575 0.830214 0.0130182 0.0314033 None
0 0.474437 0.854371 0.0292167 0.0306493 None
0 0.564138 0.813777 0.0133175 0.0474196 None
0 0.797145 0.696883 0.00520325 0.0168017 None
0 0.0223284 0.938466 0.0445284 0.0286407 None
0 0.940398 0.728477 0.00680618 0.0207996 None
0 0.00428727 0.751035 0.00826608 0.0168376 None
0 0.894043 0.975623 0.0669649 0.0467624 None
0 0.856265 0.831085 0.0148045 0.0341407 None
0 0.11511 0.981001 0.0309172 0.0226383 None
0 0.906218 0.972475 0.0443935 0.04102 None
0 0.8528 0.831577 0.0225483 0.0346173 None
0 0.971623 0.763871 0.0136456 0.0246684 None
0 0.0650521 0.73543 0.00583565 0.0192398 None
0 0.198199 0.916381 0.0440572 0.0310872 None
0 0.354455 0.989296 0.015506 0.0214081 None
0 0.434065 0.914384 0.0236553 0.0373861 None
0 0.678138 0.815615 0.0202802 0.0186879 None
0 0.48092 0.853812 0.0162703 0.0300956 None
0 0.420704 0.780976 0.00796757 0.0193264 None
0 0.974164 0.764085 0.019294 0.0250941 None
0 0.276223 0.728057 0.00548115 0.0143482 None
0 0.714329 0.830189 0.0196453 0.0326131 None
0 0.421771 0.780014 0.00637093 0.0191138 None
0 0.410707 0.761329 0.00668268 0.0091468 None
0 0.576316 0.875747 0.0316071 0.0138913 None
0 0.00561564 0.976122 0.0111755 0.0245656 None
0 0.883502 0.985204 0.0457684 0.0278347 None
0 0.31772 0.713994 0.00490837 0.0156606 None
0 0.0649589 0.742582 0.00755228 0.033827 None
0 0.52591 0.73498 0.0151444 0.0100667 None
0 0.00251493 0.976331 0.0049985 0.0234623 None
0 0.419878 0.781254 0.0140884 0.0186234 None
0 0.440882 0.91918 0.0101618 0.0247291 None
0 0.00398391 0.976305 0.00793745 0.0235175 None
0 0.429229 0.91619 0.0228115 0.0342244 None
0 0.88576 0.979078 0.0509369 0.040072 None
0 0.119951 0.982906 0.0400176 0.0251831 None
0 0.134845 0.736782 0.00564997 0.00882602 None
0 0.36992 0.757342 0.00957532 0.0113875 None
0 0.105646 0.983879 0.058242 0.0274743 None
0 0.0600744 0.739917 0.0062785 0.0118364 None
0 0.560977 0.81477 0.00738239 0.0387122 None
0 0.996003 0.811232 0.00758343 0.0213303 None
0 0.996184 0.815676 0.00721817 0.0124363 None
0 0.526107 0.735081 0.0159504 0.0103465 None
0 0.0993122 0.994047 0.0540908 0.00865614 None
0 0.90142 0.681242 0.00404472 0.0137414 None
0 0.289958 0.727607 0.00682387 0.00738729 None
0 0.958924 0.672333 0.006493 0.0230004 None
0 0.95249 0.661412 0.0039772 0.00929786 None
0 0.780246 0.697879 0.00620127 0.0146168 None
0 0.922046 0.97269 0.026944 0.0423594 None
0 0.773038 0.813151 0.0202652 0.0155514 None
0 0.391565 0.83334 0.0173297 0.0856033 None
0 0.184972 0.733573 0.0116282 0.00881229 None
0 0.983736 0.669594 0.00800934 0.0248152 None
0 0.959064 0.850501 0.0115229 0.0384133 None
0 0.9849 0.667104 0.00541725 0.0250022 None
0 0.0631516 0.742961 0.012807 0.0346907 None
0 0.0628268 0.735957 0.0110196 0.0212006 None
0 0.102128 0.989938 0.0594986 0.0161235 None
0 0.98005 0.662001 0.00609779 0.0242913 None
0 0.272928 0.731381 0.00800104 0.0143107 None
0 0.420811 0.915264 0.0501855 0.0394335 None
0 0.976104 0.771653 0.0160416 0.0103826 None
0 0.981334 0.653608 0.00604248 0.0222377 None
0 0.977979 0.763866 0.0298828 0.0250699 None
0 0.287732 0.724422 0.008846 0.0118186 None
0 0.979692 0.667286 0.00703201 0.0280256 None
0 0.541121 0.849119 0.00725098 0.0269848 None
0 0.915928 0.968957 0.0126408 0.0365529 None
0 0.0046913 0.759796 0.00936378 0.00822127 None
0 0.540785 0.847704 0.00576172 0.0237006 None
0 0.486646 0.853874 0.0317972 0.0303104 None
0 0.97433 0.67393 0.00610008 0.0146301 None
0 0.935749 0.866811 0.0110542 0.0148161 None
0 0.95711 0.758765 0.0242165 0.00843421 None
0 0.421529 0.780211 0.0198287 0.0202786 None
0 0.884834 0.685888 0.0053627 0.0102759 None
0 0.711515 0.838342 0.0248449 0.0181725 None
0 0.97042 0.764348 0.0194016 0.0240996 None
0 0.349688 0.989372 0.0259174 0.021149 None
0 0.0030958 0.972854 0.00615188 0.0305454 None
0 0.111829 0.982805 0.0310342 0.023032 None
0 0.980594 0.771523 0.0127274 0.00975206 None
0 0.858691 0.83535 0.0419451 0.0377906 None
0 0.860011 0.79583 0.00657635 0.0108368 None
0 0.987462 0.681175 0.0106897 0.00594059 None
0 0.918197 0.971455 0.0182581 0.0401401 None
0 0.980608 0.65705 0.00651989 0.0277988 None
0 0.153437 0.983722 0.0177927 0.0124369 None
0 0.852705 0.848481 0.0240644 0.00919698 None
0 0.856076 0.7963 0.0168547 0.0113549 None
0 0.980992 0.663111 0.00808716 0.0369175 None
0 0.957561 0.756774 0.0261047 0.00884535 None
0 0.796763 0.696326 0.00722656 0.0183494 None
0 0.00621112 0.759793 0.0123526 0.00900506 None
0 0.985838 0.68054 0.0144609 0.00768348 None
0 0.986038 0.770795 0.027474 0.00904761 None
0 0.275241 0.736692 0.00967169 0.0108956 None
0 0.27389 0.734811 0.0104326 0.0141673 None
0 0.592954 0.910535 0.0614639 0.017884 None
0 0.953135 0.859224 0.0192532 0.0244342 None
0 0.388491 0.800571 0.0115674 0.0217694 None
0 0.862227 0.8326 0.0285551 0.0385827 None
0 0.00900976 0.9766 0.0177661 0.0265428 None
0 0.589506 0.914064 0.0554611 0.0101946 None
