0 0.479472 0.832317 0.0148352 0.0625203 None
0 0.453603 0.833725 0.0123494 0.0669183 None
0 0.42453 0.894634 0.0147165 0.0824453 None
0 0.753075 0.781983 0.00827541 0.0478319 None
0 0.136206 0.886678 0.0170045 0.0608802 None
0 0.766736 0.779512 0.0107229 0.0487495 None
0 0.830193 0.834611 0.0171352 0.033844 None
0 0.700148 0.794045 0.00889711 0.0422679 None
0 0.796581 0.776995 0.00925369 0.0449331 None
0 0.950866 0.746835 0.00948982 0.0457218 None
0 0.790838 0.776131 0.00739326 0.047062 None
0 0.501646 0.777693 0.00670548 0.019291 None
0 0.84642 0.766572 0.00932198 0.0421458 None
0 0.511907 0.8084 0.0105589 0.0374975 None
0 0.478592 0.781518 0.0074316 0.0223494 None
0 0.855418 0.831329 0.0160805 0.0337133 None
0 0.953824 0.848509 0.0218136 0.0379834 None
0 0.996108 0.733342 0.00732937 0.0461141 None
0 0.19861 0.915848 0.0463781 0.0319277 None
0 0.0221864 0.938636 0.044311 0.0290392 None
0 0.687984 0.795212 0.00894756 0.0407679 None
0 0.895931 0.975694 0.0671379 0.045557 None
0 0.718397 0.830696 0.0124344 0.0306644 None
0 0.916178 0.754444 0.0106167 0.0434462 None
0 0.326673 0.712729 0.00568628 0.0189507 None
0 0.935084 0.727019 0.00589466 0.0228524 None
0 0.859133 0.767215 0.00751038 0.0353088 None
0 0.788448 0.700066 0.00625515 0.0183689 None
0 0.00762633 0.750789 0.00870404 0.0173299 None
0 0.765246 0.699813 0.00717707 0.0216404 None
0 0.529572 0.741315 0.00462875 0.00950589 None
0 0.980239 0.73938 0.00840035 0.030857 None
0 0.117757 0.983582 0.0355703 0.0266649 None
0 0.852573 0.83216 0.0214123 0.0358024 None
0 0.0551282 0.750697 0.00471928 0.00896827 None
0 0.0062541 0.75144 0.0123312 0.0186956 None
0 0.577572 0.875058 0.033341 0.0153341 None
0 0.355274 0.98899 0.0138819 0.022021 None
0 0.00624115 0.9813 0.0123996 0.0146722 None
0 0.676604 0.815398 0.0161603 0.0185015 None
0 0.995821 0.813318 0.00794125 0.0169895 None
0 0.859774 0.764819 0.0101685 0.0403258 None
0 0.84252 0.768569 0.00576897 0.0379835 None
0 0.988176 0.678219 0.00678978 0.0133238 None
0 0.952363 0.859166 0.0203953 0.0252784 None
0 0.884233 0.979475 0.0443172 0.0380073 None
0 0.976296 0.675666 0.00601311 0.018605 None
0 0.950493 0.860293 0.0162489 0.0218635 None
0 0.904514 0.677708 0.00770645 0.0191021 None
0 0.921474 0.973343 0.028512 0.0412671 None
0 0.535704 0.741571 0.0171288 0.0101198 None
0 0.844925 0.765217 0.0104507 0.0444622 None
0 0.0943478 0.994326 0.0446095 0.00825975 None
0 0.076697 0.746646 0.0111573 0.0232605 None
0 0.917503 0.972992 0.020232 0.0407554 None
0 0.291669 0.731783 0.00583644 0.00981089 None
0 0.917435 0.75056 0.0116737 0.0492973 None
0 0.972691 0.751931 0.00591164 0.0104499 None
0 0.309516 0.753602 0.00847006 0.0133952 None
0 0.156573 0.742479 0.013721 0.0106954 None
0 0.988547 0.679301 0.00866051 0.013249 None
0 0.309654 0.756158 0.00685468 0.0170959 None
0 0.0774208 0.750736 0.0128335 0.0160853 None
0 0.131598 0.983441 0.0632779 0.0261119 None
0 0.109709 0.981575 0.0197429 0.0236111 None
0 0.298797 0.738716 0.0234658 0.00854933 None
0 0.31293 0.754479 0.0115944 0.0136844 None
0 0.974452 0.761954 0.0186152 0.0284075 None
0 0.92475 0.680968 0.00674992 0.0109779 None
0 0.920404 0.739528 0.00897198 0.0279165 None
0 0.921136 0.730537 0.00768108 0.0148415 None
0 0.852433 0.846112 0.0248005 0.0125427 None
0 0.103459 0.988417 0.0625738 0.0192447 None
0 0.308865 0.755436 0.0109284 0.0171563 None
0 0.915762 0.973831 0.0292183 0.0407088 None
0 0.919822 0.74492 0.0072773 0.0252753 None
0 0.122653 0.984634 0.034459 0.0243817 None
0 0.690362 0.794878 0.0121566 0.041588 None
0 0.712813 0.831181 0.0263474 0.0320235 None
0 0.974691 0.77004 0.01861 0.0127567 None
0 0.111228 0.98304 0.0251589 0.0252324 None
0 0.590603 0.910353 0.0584715 0.0191896 None
0 0.577384 0.870236 0.0343262 0.0255863 None
0 0.981269 0.655373 0.00810814 0.022574 None
0 0.0091177 0.981193 0.018118 0.0158637 None
0 0.863052 0.833209 0.0345324 0.0386068 None
0 0.355395 0.72953 0.0141456 0.0108059 None
0 0.975244 0.674351 0.00764656 0.0218116 None
0 0.588887 0.91275 0.0545579 0.014061 None
0 0.974306 0.767296 0.0184639 0.0181715 None
0 0.916408 0.732174 0.00833206 0.0132467 None
0 0.772395 0.812882 0.00971651 0.0140608 None
0 0.843344 0.845611 0.0448858 0.0158129 None
0 0.685845 0.798052 0.0136797 0.0465217 None
0 0.850614 0.843999 0.0196791 0.0127562 None
0 0.767256 0.787331 0.0109175 0.064034 None
0 0.316667 0.755082 0.00657969 0.0139723 None
0 0.936636 0.867069 0.012529 0.0155646 None
0 0.853309 0.843519 0.0530209 0.0221064 None
0 0.879089 0.983879 0.0340466 0.0295325 None
0 0.923951 0.719109 0.063533 0.019028 None
0 0.681649 0.799661 0.0221275 0.0491677 None
0 0.995413 0.808613 0.0086937 0.0278252 None
0 0.872305 0.845472 0.0144257 0.0152586 None
0 0.856552 0.766674 0.0122219 0.0394572 None
0 0.842388 0.833224 0.0421597 0.0380569 None
0 0.30833 0.751953 0.0115725 0.0103643 None
0 0.935952 0.866782 0.0113777 0.0157801 None
0 0.959444 0.8487 0.0151638 0.0369792 None
0 0.95138 0.863222 0.0194435 0.0202664 None
0 0.391139 0.83272 0.0178731 0.0849991 None
0 0.590849 0.907442 0.0591498 0.0242564 None
0 0.0968183 0.986545 0.0501352 0.0214623 None
0 0.850844 0.766766 0.0183601 0.0410777 None
0 0.481108 0.86313 0.0130367 0.00990804 None
0 0.493203 0.862631 0.019879 0.0112759 None
0 0.922622 0.98071 0.0255634 0.0262138 None
0 0.984939 0.690649 0.0282665 0.0125804 None
0 0.984119 0.687829 0.0253979 0.0081799 None
