0 0.594713 0.807482 0.0104925 0.056681 None
0 0.411743 0.839641 0.0115428 0.0638053 None
0 0.452408 0.834622 0.0116482 0.0653315 None
0 0.843033 0.766479 0.00840912 0.0471022 None
0 0.830845 0.835128 0.0178764 0.0326501 None
0 0.796575 0.775137 0.00857906 0.0504296 None
0 0.555606 0.815454 0.0124946 0.0573987 None
0 0.655358 0.80061 0.00813932 0.0460973 None
0 0.718099 0.830337 0.0140352 0.0312537 None
0 0.723467 0.785445 0.00769005 0.0508592 None
0 0.688821 0.795229 0.00990696 0.0464072 None
0 0.347651 0.895886 0.0131265 0.0722649 None
0 0.114562 0.982812 0.0329523 0.0277415 None
0 0.197968 0.916436 0.0453429 0.0300995 None
0 0.701343 0.795072 0.0108721 0.0490855 None
0 0.71137 0.789861 0.00810547 0.0480699 None
0 0.935116 0.75164 0.00827103 0.0403224 None
0 0.957068 0.848557 0.0152061 0.0370378 None
0 0.0221793 0.938758 0.0443587 0.0304416 None
0 0.856184 0.832602 0.0153919 0.0305288 None
0 0.971833 0.763111 0.0132301 0.0273081 None
0 0.853393 0.833046 0.0214428 0.031171 None
0 0.475503 0.857503 0.0189332 0.0231105 None
0 0.893883 0.975817 0.0648613 0.0445306 None
0 0.672915 0.799108 0.00854435 0.0223982 None
0 0.950644 0.849892 0.0281351 0.0395379 None
0 0.974636 0.763137 0.0184624 0.0271339 None
0 0.997737 0.732082 0.0040699 0.0281857 None
0 0.391245 0.832432 0.0177608 0.0850952 None
0 0.484045 0.857647 0.0367949 0.0234241 None
0 0.906437 0.9733 0.0399323 0.0394913 None
0 0.0957287 0.9941 0.0474922 0.00811378 None
0 0.917471 0.972896 0.0170933 0.0385278 None
0 0.677416 0.815306 0.0193713 0.0198564 None
0 0.355357 0.989283 0.0134776 0.0214339 None
0 0.005443 0.975898 0.0108252 0.0259776 None
0 0.883739 0.98086 0.0449287 0.0360353 None
0 0.0527015 0.742675 0.00434285 0.0146691 None
0 0.702724 0.79218 0.0105069 0.0484567 None
0 0.00328803 0.976049 0.00652078 0.0247793 None
0 0.715256 0.830767 0.0201584 0.0318456 None
0 0.920987 0.973121 0.0250439 0.0388277 None
0 0.996157 0.813547 0.00727959 0.0157932 None
0 0.577168 0.875685 0.0339292 0.0137529 None
0 0.500745 0.717836 0.00909319 0.00892419 None
0 0.852702 0.848473 0.0231451 0.00908339 None
0 0.0724804 0.751292 0.0042812 0.0113441 None
0 0.772619 0.813659 0.0204771 0.0178426 None
0 0.856526 0.695983 0.0140516 0.0203054 None
0 0.67681 0.810989 0.017358 0.0285801 None
0 0.00493924 0.756569 0.00925835 0.0129011 None
0 0.540721 0.848604 0.00732765 0.0281006 None
0 0.45172 0.761152 0.00568924 0.0149031 None
0 0.949762 0.855471 0.0275795 0.0284024 None
0 0.0505524 0.745746 0.0107455 0.0207089 None
0 0.859073 0.835528 0.0381599 0.0371818 None
0 0.862583 0.834522 0.0255255 0.0344574 None
0 0.0575457 0.745904 0.0227606 0.021601 None
0 0.00871992 0.976051 0.017318 0.0277818 None
0 0.98583 0.669236 0.00644817 0.0166896 None
0 0.577452 0.879039 0.0339989 0.0139197 None
0 0.348177 0.772887 0.00559187 0.0117323 None
0 0.892878 0.974483 0.0261997 0.0260822 None
0 0.903608 0.682614 0.00726967 0.013855 None
0 0.362072 0.900155 0.00995965 0.0239736 None
0 0.281634 0.735186 0.0136462 0.0181054 None
0 0.00388268 0.973523 0.00769013 0.0300015 None
0 0.859254 0.795045 0.0075634 0.0125 None
0 0.153473 0.983637 0.0177528 0.0123552 None
0 0.33187 0.723428 0.0182009 0.0111915 None
0 0.09959 0.992433 0.054592 0.0107788 None
0 0.991563 0.670932 0.00620022 0.0128772 None
0 0.840717 0.834893 0.0381426 0.0339534 None
0 0.853373 0.836557 0.0247711 0.0321686 None
0 0.933208 0.745802 0.0129599 0.0520467 None
0 0.060313 0.743206 0.00922403 0.0120168 None
0 0.943899 0.861306 0.0159603 0.0174028 None
0 0.995976 0.732483 0.00757542 0.0299561 None
0 0.30801 0.767878 0.0204578 0.0109199 None
0 0.878323 0.985043 0.0343285 0.0282827 None
0 0.819274 0.814762 0.00985641 0.00965712 None
0 0.946074 0.852536 0.0385155 0.0422899 None
0 0.391623 0.81256 0.0165924 0.0433946 None
0 0.431416 0.86301 0.0334118 0.0149806 None
0 0.460806 0.76216 0.00559959 0.0136898 None
0 0.360101 0.904095 0.0135975 0.0179233 None
0 0.9386 0.864454 0.0222725 0.0185852 None
0 0.895671 0.973455 0.0192924 0.0227373 None
0 0.930615 0.728227 0.00738678 0.0208325 None
0 0.959775 0.6709 0.00365868 0.00928972 None
0 0.871019 0.845254 0.0117393 0.015742 None
0 0.856443 0.795254 0.0144321 0.0130968 None
0 0.784543 0.814559 0.0307553 0.0183453 None
