0 0.500663 0.823949 0.0110244 0.0560652 None
0 0.653785 0.798016 0.0109739 0.0536891 None
0 0.452406 0.834192 0.0127258 0.0663283 None
0 0.796247 0.77674 0.00878487 0.0476844 None
0 0.567005 0.816432 0.0110227 0.0489519 None
0 0.8308 0.834787 0.0175568 0.0330129 None
0 0.953562 0.8508 0.0218418 0.0408573 None
0 0.842364 0.766576 0.00874004 0.0453457 None
0 0.745676 0.782999 0.00700378 0.0484338 None
0 0.939937 0.726565 0.00752945 0.0192939 None
0 0.718402 0.830452 0.014113 0.031134 None
0 0.981369 0.741199 0.00873318 0.0375295 None
0 0.712753 0.788852 0.00882168 0.0495789 None
0 0.691589 0.7965 0.0082654 0.0425417 None
0 0.685768 0.791794 0.00820704 0.0516988 None
0 0.114661 0.982394 0.0335157 0.0275364 None
0 0.271754 0.724008 0.00738392 0.0169963 None
0 0.0221101 0.937889 0.0442202 0.0284332 None
0 0.314556 0.714057 0.00564051 0.0174391 None
0 0.890418 0.975453 0.0584831 0.0466604 None
0 0.844907 0.698022 0.00594254 0.0198165 None
0 0.290806 0.722052 0.00724077 0.0172863 None
0 0.0649369 0.732553 0.00763235 0.0201182 None
0 0.854771 0.829633 0.0168314 0.0342 None
0 0.433846 0.914429 0.0244502 0.0363017 None
0 0.704473 0.791459 0.011802 0.0461745 None
0 0.0147506 0.748569 0.0105485 0.0163517 None
0 0.354988 0.98911 0.015159 0.02178 None
0 0.00559012 0.979151 0.0110981 0.0176378 None
0 0.750354 0.781357 0.0143003 0.0182727 None
0 0.902708 0.972295 0.0353464 0.0405307 None
0 0.701673 0.792754 0.00846367 0.0441781 None
0 0.198453 0.915665 0.0451494 0.031734 None
0 0.0953101 0.994206 0.0460933 0.0079617 None
0 0.973678 0.762732 0.0175282 0.0275187 None
0 0.475445 0.858241 0.0182666 0.0213945 None
0 0.106401 0.982868 0.0504967 0.0289129 None
0 0.0656978 0.73441 0.00956621 0.0241018 None
0 0.675454 0.815133 0.0141794 0.0189094 None
0 0.688213 0.792495 0.0130919 0.0513733 None
0 0.910671 0.973301 0.0491547 0.0425168 None
0 0.883325 0.984766 0.0444244 0.028959 None
0 0.416264 0.760864 0.00594845 0.012185 None
0 0.370603 0.77394 0.0123363 0.015741 None
0 0.715536 0.830881 0.0206239 0.0316703 None
0 0.0797049 0.747776 0.00444937 0.00830434 None
0 0.97379 0.754341 0.00571442 0.0107849 None
0 0.928741 0.682644 0.00559196 0.015644 None
0 0.438698 0.917465 0.014515 0.0293569 None
0 0.425123 0.761546 0.0214851 0.0118605 None
0 0.4328 0.760905 0.00646181 0.00904032 None
0 0.973321 0.671813 0.0048336 0.0156465 None
0 0.159502 0.729031 0.00816531 0.0088206 None
0 0.693795 0.795277 0.0125932 0.0439065 None
0 0.391306 0.812975 0.0162169 0.0479692 None
0 0.440918 0.918761 0.0101651 0.0245377 None
0 0.494253 0.728764 0.0090601 0.0118676 None
0 0.391256 0.832025 0.0168552 0.0870914 None
0 0.0667892 0.744474 0.0102186 0.020656 None
0 0.577197 0.875214 0.0333134 0.0134321 None
0 0.140693 0.740599 0.0191353 0.00952454 None
0 0.996298 0.810377 0.00699463 0.0212787 None
0 0.996422 0.815276 0.00673924 0.0112242 None
0 0.946996 0.678696 0.00450611 0.0142902 None
0 0.852505 0.848977 0.0259434 0.00929125 None
0 0.302848 0.716481 0.00851617 0.00834859 None
0 0.91984 0.973244 0.0314148 0.0425273 None
0 0.156633 0.729031 0.0156163 0.010064 None
0 0.896326 0.674323 0.00878525 0.0106863 None
0 0.140645 0.740606 0.0188509 0.00976325 None
0 0.826944 0.812404 0.0219198 0.0126485 None
0 0.577459 0.875701 0.0332116 0.0133182 None
0 0.97532 0.77092 0.0166355 0.0107113 None
0 0.0668953 0.737096 0.0121987 0.029265 None
0 0.781254 0.772386 0.0232677 0.0102997 None
0 0.941925 0.736509 0.0218174 0.00735779 None
0 0.816988 0.697809 0.00590401 0.0149955 None
0 0.965333 0.658856 0.00407906 0.015496 None
0 0.958222 0.851012 0.0130466 0.0360652 None
0 0.773849 0.813581 0.0223783 0.0180305 None
0 0.484122 0.858264 0.0357283 0.0214099 None
0 0.858322 0.691183 0.00336399 0.00792779 None
0 0.69529 0.793147 0.0166718 0.0478461 None
0 0.935925 0.867095 0.0116974 0.0150163 None
0 0.369028 0.772825 0.0164105 0.0161433 None
0 0.914337 0.969607 0.00949593 0.0354194 None
0 0.00923675 0.979555 0.0182244 0.0191098 None
0 0.947246 0.853006 0.0342396 0.0435304 None
0 0.588133 0.91343 0.040914 0.0113302 None
0 0.268633 0.728944 0.0131503 0.00848423 None
0 0.838133 0.835411 0.0325989 0.0340118 None
0 0.429854 0.914709 0.0220177 0.0364877 None
0 0.138109 0.741343 0.0264385 0.0106055 None
0 0.942356 0.678581 0.00520287 0.0130561 None
0 0.494717 0.862769 0.0156072 0.0104733 None
0 0.585386 0.912563 0.0469645 0.0141924 None
0 0.771052 0.812923 0.0158228 0.0169507 None
0 0.952587 0.863079 0.0187117 0.0181468 None
0 0.871823 0.845313 0.0134323 0.0156837 None
0 0.992442 0.761305 0.0147263 0.0102946 None
0 0.577441 0.87834 0.0337711 0.0141269 None
0 0.983237 0.664195 0.00455132 0.0104948 None
0 0.884203 0.978635 0.0453522 0.0403098 None
