0 0.420086 0.835878 0.0113237 0.0620819 None
0 0.452307 0.83453 0.0120155 0.065625 None
0 0.602056 0.805679 0.0101899 0.0582357 None
0 0.722198 0.786083 0.0112043 0.0494982 None
0 0.361113 0.899643 0.015378 0.0826375 None
0 0.830823 0.835145 0.0178375 0.0325885 None
0 0.843083 0.764749 0.00818768 0.0491394 None
0 0.79643 0.775195 0.00851984 0.0502024 None
0 0.563213 0.814236 0.0110375 0.0557319 None
0 0.659916 0.800146 0.00929794 0.0469225 None
0 0.717752 0.829493 0.0136293 0.0328646 None
0 0.554167 0.818212 0.00882759 0.0491586 None
0 0.952952 0.850105 0.0227219 0.0400457 None
0 0.689537 0.794982 0.0108965 0.0455036 None
0 0.114286 0.982754 0.0323965 0.0278059 None
0 0.856418 0.830965 0.0139553 0.0301744 None
0 0.704672 0.791097 0.00892591 0.047289 None
0 0.699219 0.79149 0.006775 0.0463599 None
0 0.484268 0.857396 0.0367495 0.0238385 None
0 0.703075 0.791646 0.00955248 0.0464176 None
0 0.939408 0.750531 0.00725594 0.0362362 None
0 0.974072 0.762542 0.0178938 0.0286546 None
0 0.91745 0.972919 0.0169731 0.038589 None
0 0.197976 0.915918 0.0448629 0.0311873 None
0 0.857662 0.70234 0.00549355 0.0298439 None
0 0.475509 0.857272 0.0186326 0.0231679 None
0 0.854241 0.831441 0.0195667 0.0313324 None
0 0.906556 0.97344 0.0396612 0.0398146 None
0 0.678197 0.809525 0.0197601 0.0295522 None
0 0.0221268 0.938757 0.0442535 0.0313236 None
0 0.893795 0.975773 0.0646198 0.0442915 None
0 0.0541372 0.74486 0.00488572 0.016726 None
0 0.706779 0.790322 0.0100767 0.0461344 None
0 0.883795 0.980134 0.0451206 0.0376041 None
0 0.0963958 0.994106 0.0487721 0.00819312 None
0 0.678101 0.806085 0.0160217 0.0357476 None
0 0.355326 0.989285 0.0134488 0.02143 None
0 0.351424 0.772227 0.00849876 0.0143305 None
0 0.0724514 0.750088 0.00611026 0.0102949 None
0 0.675763 0.807998 0.016542 0.0340719 None
0 0.00527448 0.975951 0.0104783 0.0256941 None
0 0.677547 0.799156 0.00649014 0.0215147 None
0 0.708183 0.791899 0.00890875 0.0429489 None
0 0.92173 0.973986 0.0263145 0.0403897 None
0 0.00286557 0.976048 0.00568378 0.0242449 None
0 0.0077119 0.755568 0.0108914 0.0118679 None
0 0.67541 0.813503 0.0145332 0.0222378 None
0 0.715223 0.829768 0.0194382 0.0336249 None
0 0.327995 0.720612 0.0076057 0.0112857 None
0 0.996166 0.813537 0.00726261 0.0158498 None
0 0.279735 0.732645 0.00798903 0.0162894 None
0 0.577232 0.875719 0.0339201 0.0137739 None
0 0.853346 0.846728 0.0246605 0.0122052 None
0 0.391566 0.831814 0.0176095 0.0857727 None
0 0.0107253 0.760423 0.0180686 0.00710415 None
0 0.54094 0.848406 0.00788918 0.0282888 None
0 0.849129 0.696554 0.00554447 0.0154728 None
0 0.457286 0.760039 0.0120337 0.0143226 None
0 0.959594 0.85065 0.00995083 0.0355157 None
0 0.452851 0.760747 0.0173443 0.0133401 None
0 0.00853405 0.976147 0.0169653 0.0274082 None
0 0.449169 0.762005 0.0095706 0.0109314 None
0 0.772545 0.813914 0.0204117 0.0181744 None
0 0.933325 0.728521 0.00840721 0.0234426 None
0 0.903499 0.683326 0.00628281 0.0128067 None
0 0.496206 0.718661 0.00958471 0.010218 None
0 0.908943 0.671321 0.00722885 0.00966822 None
0 0.699549 0.793863 0.00895214 0.0505822 None
0 0.00829177 0.756855 0.0140556 0.0110752 None
0 0.00407323 0.973365 0.0080873 0.0300093 None
0 0.895951 0.973928 0.0194332 0.0252516 None
0 0.881311 0.984793 0.0408421 0.0294622 None
0 0.137394 0.748144 0.0172335 0.00912645 None
0 0.859169 0.794967 0.00829468 0.0128377 None
0 0.0063427 0.973321 0.0125132 0.0316311 None
0 0.977139 0.761694 0.0248428 0.0289225 None
0 0.852186 0.844343 0.0216671 0.0130549 None
0 0.121061 0.983924 0.0381323 0.0248472 None
0 0.900087 0.972488 0.0276329 0.0323998 None
0 0.850886 0.833959 0.0258842 0.0332803 None
0 0.495447 0.862722 0.0149471 0.0115577 None
0 0.0513314 0.746382 0.0128684 0.0196291 None
0 0.871219 0.845313 0.012182 0.0159866 None
0 0.974623 0.771137 0.0191099 0.0155409 None
