0 0.496423 0.824384 0.0122725 0.0548584 None
0 0.45238 0.833912 0.0120844 0.0652391 None
0 0.744894 0.782981 0.00755806 0.0483281 None
0 0.830825 0.83482 0.0175976 0.0330204 None
0 0.796256 0.775954 0.0085619 0.0477863 None
0 0.842014 0.766998 0.00891018 0.0452562 None
0 0.953543 0.850776 0.0219055 0.040824 None
0 0.562432 0.817447 0.0112743 0.0499139 None
0 0.940116 0.726978 0.00749969 0.019073 None
0 0.646747 0.799432 0.0113543 0.0537231 None
0 0.718418 0.829816 0.0144615 0.0323381 None
0 0.0161208 0.749636 0.0098927 0.0166657 None
0 0.114696 0.982421 0.0336251 0.0275981 None
0 0.0654874 0.731167 0.00595212 0.0176254 None
0 0.890558 0.975516 0.0588921 0.0468126 None
0 0.0221081 0.937988 0.0442162 0.0280524 None
0 0.854761 0.82971 0.0168415 0.0340685 None
0 0.272155 0.725369 0.00636568 0.0179969 None
0 0.314507 0.713334 0.00731096 0.0212802 None
0 0.71097 0.790282 0.0104577 0.0465473 None
0 0.434057 0.914381 0.02386 0.0369995 None
0 0.703929 0.792246 0.00949688 0.0444712 None
0 0.354984 0.989114 0.0151269 0.021772 None
0 0.681952 0.791569 0.0099453 0.0493425 None
0 0.97678 0.741574 0.00899715 0.0318012 None
0 0.845926 0.699632 0.00683079 0.0201269 None
0 0.689902 0.796222 0.00877953 0.0434038 None
0 0.00561466 0.979301 0.011145 0.0169671 None
0 0.902939 0.97231 0.0357742 0.040556 None
0 0.291728 0.722932 0.00867424 0.0185677 None
0 0.106926 0.982875 0.0502243 0.0288642 None
0 0.0953368 0.994213 0.0461722 0.00800815 None
0 0.698644 0.79681 0.00595341 0.0389564 None
0 0.690802 0.804952 0.00710049 0.0263957 None
0 0.475552 0.858141 0.0180984 0.0219228 None
0 0.820474 0.698681 0.00653629 0.0183073 None
0 0.910802 0.973433 0.0491383 0.0426761 None
0 0.883305 0.984694 0.0445366 0.0292599 None
0 0.433196 0.760155 0.00523567 0.0114378 None
0 0.675418 0.814565 0.0165783 0.0215424 None
0 0.715276 0.830244 0.0215011 0.0329512 None
0 0.198364 0.915538 0.0452651 0.0319187 None
0 0.491384 0.729064 0.00915766 0.0130754 None
0 0.417601 0.760213 0.00591164 0.0131168 None
0 0.366232 0.773959 0.0176356 0.0147034 None
0 0.441009 0.918507 0.0100423 0.0251648 None
0 0.977207 0.749332 0.0110981 0.0482693 None
0 0.569439 0.80409 0.0221804 0.011438 None
0 0.16075 0.728349 0.00709505 0.0088423 None
0 0.577182 0.875245 0.0332803 0.0133467 None
0 0.67367 0.815948 0.013843 0.0192929 None
0 0.492547 0.729922 0.00584831 0.0118344 None
0 0.927588 0.681806 0.00479431 0.0132456 None
0 0.433466 0.760177 0.00737562 0.012922 None
0 0.974465 0.763981 0.0154907 0.0237793 None
0 0.920688 0.973177 0.0301159 0.0424796 None
0 0.646552 0.781405 0.00769176 0.0203083 None
0 0.577409 0.875713 0.0331564 0.0133345 None
0 0.291239 0.721919 0.0113101 0.0213457 None
0 0.996284 0.81042 0.00702209 0.0213409 None
0 0.420888 0.760262 0.0122565 0.0141691 None
0 0.996406 0.815039 0.00677185 0.0118232 None
0 0.973178 0.671397 0.00495186 0.0172488 None
0 0.974557 0.768907 0.0180477 0.015273 None
0 0.428927 0.761696 0.0144554 0.0116213 None
0 0.758169 0.78373 0.0232758 0.0170514 None
0 0.897169 0.68258 0.00467339 0.023985 None
0 0.679011 0.811386 0.0167141 0.0241236 None
0 0.140185 0.741157 0.0152886 0.010365 None
0 0.852495 0.848924 0.0259684 0.00943078 None
0 0.136795 0.741399 0.0125467 0.0089525 None
0 0.97411 0.75903 0.018504 0.0354753 None
0 0.0656385 0.73099 0.00793713 0.0198914 None
0 0.69801 0.800509 0.00672865 0.0345449 None
0 0.391616 0.817989 0.0177204 0.0590379 None
0 0.313181 0.712677 0.00994682 0.02117 None
0 0.0691413 0.740539 0.0161678 0.0308595 None
0 0.0678587 0.737112 0.0109263 0.0297429 None
0 0.773781 0.813337 0.0220117 0.0178491 None
0 0.700732 0.79275 0.0118496 0.0470903 None
0 0.973925 0.750967 0.018605 0.0510067 None
0 0.00457161 0.751622 0.00905326 0.00934211 None
0 0.572339 0.80383 0.0166365 0.0103295 None
0 0.42903 0.914717 0.0303915 0.0375726 None
0 0.675119 0.817654 0.0209505 0.0266134 None
0 0.897465 0.685159 0.00405006 0.0208503 None
0 0.958181 0.851022 0.0131552 0.036125 None
0 0.826911 0.812557 0.0222572 0.0124318 None
0 0.896295 0.677233 0.00674095 0.0153937 None
0 0.947237 0.852964 0.0343861 0.0438755 None
0 0.292411 0.720566 0.0105239 0.0182041 None
0 0.935961 0.867136 0.0118475 0.015097 None
0 0.771164 0.81262 0.0166084 0.0166462 None
0 0.427351 0.922161 0.0264591 0.0233973 None
0 0.914398 0.969859 0.00967369 0.0359965 None
0 0.494713 0.863145 0.0147728 0.00972968 None
0 0.686149 0.78691 0.013261 0.0366169 None
0 0.00929033 0.979515 0.0183901 0.0185323 None
0 0.871842 0.845327 0.0134794 0.0156342 None
0 0.677586 0.798471 0.0189571 0.0523804 None
0 0.587402 0.913229 0.0426138 0.0122175 None
0 0.391391 0.832064 0.0182854 0.0884547 None
0 0.577318 0.879112 0.0333979 0.0128513 None
0 0.837406 0.835419 0.0311012 0.0339611 None
0 0.161554 0.728341 0.00999598 0.00915324 None
0 0.670495 0.821012 0.0114586 0.0223341 None
0 0.856012 0.82414 0.0169367 0.0312083 None
0 0.308446 0.713356 0.0201484 0.0215688 None
