0 0.453098 0.833501 0.0123482 0.0684292 31988
0 0.707408 0.79077 0.00987778 0.0476613 31989
0 0.87177 0.761513 0.01063 0.0501601 31990
0 0.830741 0.834668 0.0176983 0.0336005 31991
0 0.695635 0.793007 0.0107685 0.047954 31992
0 0.797212 0.775427 0.0079072 0.0491774 31993
0 0.755915 0.781559 0.00752878 0.0488397 31994
0 0.539519 0.818492 0.0112218 0.049875 31995
0 0.745929 0.783501 0.0084446 0.0455522 31996
0 0.740602 0.786613 0.008214 0.0423555 31997
0 0.803188 0.77608 0.00808315 0.0438672 31998
0 0.953717 0.848936 0.0219862 0.0399923 31999
0 0.465227 0.849728 0.0169443 0.0417455 32000
0 0.818434 0.779387 0.00639877 0.0313465 32001
0 0.341307 0.755502 0.00638318 0.0211032 32002
0 0.838055 0.766795 0.00954933 0.047446 32003
0 0.319474 0.708588 0.00615625 0.0184757 32004
0 0.718157 0.830024 0.0138082 0.0326914 32005
0 0.0713735 0.740399 0.00776064 0.0249905 32006
0 0.84209 0.765559 0.0108053 0.0484545 32007
0 0.433288 0.914508 0.0252598 0.0376953 32008
0 0.854958 0.831846 0.017371 0.0348075 32009
0 0.891606 0.976259 0.0604006 0.0463474 32010
0 0.712476 0.830661 0.0259798 0.0333852 32011
0 0.788978 0.697702 0.00698757 0.0161514 32012
0 0.528192 0.739853 0.00641489 0.012764 32013
0 0.0105342 0.74518 0.00701403 0.0176636 32014
0 0.883779 0.979871 0.0444695 0.0388719 32015
0 0.967267 0.7464 0.00819778 0.0392029 32016
0 0.880525 0.681485 0.00603752 0.0181084 32017
0 0.903567 0.973188 0.0353748 0.0399302 32018
0 0.974558 0.739119 0.0112671 0.0382226 32019
0 0.00940886 0.745931 0.00955301 0.0195553 32020
0 0.454138 0.772535 0.0043644 0.013945 32021
0 0.577752 0.875025 0.0323929 0.0161233 32022
0 0.857532 0.763789 0.0211155 0.0127858 32023
0 0.114713 0.981362 0.0299437 0.0245249 32024
0 0.843637 0.765026 0.00783081 0.0475064 32025
0 0.933363 0.722942 0.00678158 0.025985 32026
0 0.675835 0.815956 0.015366 0.0193051 32027
0 0.109728 0.980393 0.0201688 0.0235772 32028
0 0.00565734 0.97736 0.0112677 0.0222883 32029
0 0.354478 0.989117 0.0163348 0.0217663 32030
0 0.973061 0.740215 0.00850048 0.0363117 32031
0 0.198144 0.916001 0.0463969 0.0319319 32032
0 0.272997 0.730884 0.00760136 0.0172543 32033
0 0.18972 0.72973 0.00761535 0.00732558 32034
0 0.851623 0.833696 0.0227205 0.0345717 32035
0 0.772148 0.700099 0.00833988 0.0235874 32036
0 0.952839 0.856076 0.0199593 0.0290656 32037
0 0.914276 0.97293 0.0135017 0.0392249 32038
0 0.921297 0.973601 0.0273043 0.0411011 32039
0 0.440955 0.918529 0.0100309 0.0254515 32040
0 0.0764109 0.738017 0.00408297 0.0163378 32041
0 0.974719 0.738932 0.0156473 0.0405219 32042
0 0.471263 0.845102 0.00859842 0.0350874 32043
0 0.105128 0.983765 0.0532093 0.0273875 32044
0 0.996521 0.811131 0.00654907 0.0203881 32045
0 0.00828431 0.746187 0.0144655 0.0203529 32046
0 0.532195 0.73934 0.014503 0.0139743 32047
0 0.679711 0.81564 0.0168455 0.0187995 32048
0 0.881748 0.984768 0.0405754 0.0295146 32049
0 0.10259 0.993615 0.060709 0.0093733 32050
0 0.119506 0.984567 0.0389958 0.0234907 32051
0 0.974362 0.767017 0.0188366 0.0190436 32052
0 0.446476 0.771575 0.00478516 0.0123888 32053
0 0.950373 0.861302 0.0156788 0.0185194 32054
0 0.302539 0.728729 0.00806704 0.0120833 32055
0 0.0220886 0.939045 0.0441771 0.0298184 32056
0 0.921734 0.681679 0.00869274 0.0149419 32057
0 0.896238 0.683443 0.0062315 0.0138448 32058
0 0.971196 0.751088 0.014835 0.0487851 32059
0 0.773671 0.812954 0.00602417 0.014996 32060
0 0.858622 0.834117 0.0382587 0.0391493 32061
0 0.429091 0.916684 0.0220272 0.0343496 32062
0 0.00576492 0.973043 0.0113867 0.031407 32063
0 0.124488 0.985931 0.0288952 0.0203722 32064
0 0.956298 0.867106 0.028639 0.0136278 32065
0 0.271064 0.730335 0.00621033 0.0159932 32066
0 0.44095 0.770101 0.00706368 0.0159988 32067
0 0.769631 0.812962 0.0126472 0.0152245 32068
0 0.976852 0.768027 0.025564 0.0182085 32069
0 0.96631 0.749281 0.0102753 0.044662 32070
0 0.776568 0.813426 0.0144886 0.0172346 32071
0 0.121568 0.986219 0.018815 0.0216183 32072
0 0.103076 0.984665 0.0614856 0.0265021 32073
0 0.0527784 0.749726 0.00500696 0.00621779 32074
0 0.907467 0.975717 0.0576738 0.0443064 32075
0 0.709939 0.79435 0.0104032 0.0443 32076
0 0.957082 0.86916 0.0268454 0.00941094 32077
0 0.190924 0.729984 0.0168236 0.00929667 32078
0 0.144997 0.735273 0.0186852 0.00845846 32079
0 0.857183 0.766376 0.0235508 0.0179843 32080
0 0.955224 0.864685 0.0259109 0.0179693 32081
0 0.861803 0.841653 0.0317852 0.0232425 32082
0 0.960376 0.849579 0.0155956 0.0386709 32083
0 0.925609 0.985102 0.0194664 0.0172073 32084
0 0.672477 0.817261 0.0207566 0.0219699 32085
