0 0.453142 0.833578 0.0124923 0.0683306 32531
0 0.830696 0.83463 0.0176577 0.0336015 32532
0 0.695466 0.792893 0.00998096 0.0480737 32533
0 0.86884 0.761106 0.00970802 0.0505985 32534
0 0.836746 0.767176 0.0093174 0.0490792 32535
0 0.706258 0.790669 0.00900459 0.0493446 32536
0 0.75574 0.781503 0.00774679 0.0492601 32537
0 0.803159 0.775628 0.00868073 0.0454108 32538
0 0.540643 0.81888 0.00958061 0.0518826 32539
0 0.842953 0.765557 0.00844498 0.0471798 32540
0 0.746032 0.783283 0.00782766 0.0461977 32541
0 0.796716 0.775314 0.00797339 0.0492923 32542
0 0.739237 0.787728 0.0102077 0.0446462 32543
0 0.953732 0.848894 0.0219795 0.0399485 32544
0 0.818197 0.780157 0.00700398 0.0310133 32545
0 0.465909 0.851751 0.0135508 0.0369495 32546
0 0.853559 0.832006 0.0203476 0.0351518 32547
0 0.0103066 0.745941 0.00752026 0.0175897 32548
0 0.772118 0.699946 0.00849514 0.021681 32549
0 0.891342 0.976143 0.0603916 0.0458211 32550
0 0.71818 0.830003 0.0139319 0.0326801 32551
0 0.4333 0.914532 0.0251083 0.0375434 32552
0 0.319628 0.708817 0.00592222 0.0178507 32553
0 0.788979 0.698393 0.00702152 0.0149319 32554
0 0.934681 0.723786 0.00575027 0.0215235 32555
0 0.712613 0.830655 0.0257825 0.0332336 32556
0 0.0716524 0.739366 0.00653485 0.0238834 32557
0 0.272563 0.730272 0.00623302 0.0171546 32558
0 0.527793 0.739891 0.00614281 0.0116011 32559
0 0.114579 0.981065 0.0298064 0.0236187 32560
0 0.970154 0.742426 0.00625153 0.0288401 32561
0 0.903814 0.973097 0.0362431 0.0399634 32562
0 0.198144 0.915998 0.046026 0.0319024 32563
0 0.675918 0.816149 0.0165687 0.01922 32564
0 0.976669 0.738485 0.011142 0.0378462 32565
0 0.0718479 0.73536 0.00538864 0.0172685 32566
0 0.453163 0.772295 0.00420055 0.0119444 32567
0 0.00570122 0.978175 0.0113395 0.0215522 32568
0 0.880684 0.680923 0.00746365 0.0178064 32569
0 0.577685 0.875774 0.0323627 0.014621 32570
0 0.343374 0.754003 0.00611935 0.0174344 32571
0 0.883661 0.979698 0.0452522 0.0389598 32572
0 0.109806 0.980567 0.0202572 0.0233365 32573
0 0.0720161 0.740441 0.00956739 0.0245694 32574
0 0.354484 0.989122 0.0163905 0.0217568 32575
0 0.297761 0.727986 0.00440121 0.0108537 32576
0 0.975396 0.738946 0.0152946 0.0396701 32577
0 0.302109 0.729687 0.0123163 0.0123028 32578
0 0.190279 0.729718 0.00931258 0.00676609 32579
0 0.0220864 0.938699 0.0441728 0.0292455 32580
0 0.974583 0.763794 0.0177734 0.0253079 32581
0 0.753906 0.782492 0.00909452 0.0484534 32582
0 0.107004 0.983559 0.0482655 0.0274906 32583
0 0.441604 0.771165 0.00686626 0.0139835 32584
0 0.440876 0.918632 0.0101646 0.0251967 32585
0 0.921993 0.973702 0.026915 0.0411141 32586
0 0.952333 0.859092 0.0189201 0.0231866 32587
0 0.344268 0.755586 0.00822892 0.020933 32588
0 0.532779 0.739886 0.0165703 0.0117462 32589
0 0.996526 0.811137 0.00653763 0.0202725 32590
0 0.470423 0.848001 0.00977507 0.0305172 32591
0 0.101942 0.993795 0.0592429 0.00891334 32592
0 0.0762866 0.739309 0.00437368 0.0134349 32593
0 0.071134 0.742196 0.01342 0.0223338 32594
0 0.140813 0.734864 0.00757847 0.00752224 32595
0 0.119517 0.984294 0.0392092 0.0234012 32596
0 0.950477 0.860985 0.0158634 0.0192032 32597
0 0.271876 0.732592 0.0086319 0.0138058 32598
0 0.0526719 0.748939 0.00442424 0.00465308 32599
0 0.87772 0.763632 0.0211159 0.0137822 32600
0 0.977699 0.674445 0.00596466 0.021882 32601
0 0.00711152 0.751024 0.0141086 0.0100915 32602
0 0.149791 0.738944 0.0285048 0.0100913 32603
0 0.442801 0.771444 0.00453911 0.0144179 32604
0 0.141262 0.736631 0.00894556 0.00849101 32605
0 0.858775 0.834111 0.0372814 0.0391849 32606
0 0.915097 0.9718 0.0111027 0.0376136 32607
0 0.344979 0.761503 0.0101685 0.0110396 32608
0 0.881806 0.984292 0.0412096 0.0301131 32609
0 0.672766 0.817372 0.0215839 0.0215897 32610
0 0.533227 0.740036 0.0176565 0.0116869 32611
0 0.429421 0.917109 0.0228259 0.0334727 32612
0 0.773596 0.812967 0.00704079 0.0152466 32613
0 0.895251 0.681898 0.0090374 0.0174719 32614
0 0.769761 0.812907 0.0129793 0.0152949 32615
0 0.956302 0.86685 0.0284866 0.0140527 32616
0 0.976885 0.76502 0.0248516 0.0237832 32617
0 0.148168 0.736257 0.0237563 0.00979716 32618
0 0.776038 0.813419 0.0156549 0.017274 32619
0 0.916602 0.974836 0.0379814 0.0437419 32620
0 0.834436 0.834258 0.0258892 0.0346975 32621
0 0.41217 0.766338 0.00496321 0.00930413 32622
0 0.00582968 0.973096 0.0115152 0.0320116 32623
0 0.274557 0.730651 0.0119594 0.0181062 32624
0 0.272836 0.736272 0.0171302 0.00795136 32625
0 0.4548 0.77254 0.00785389 0.0129954 32626
0 0.924293 0.979974 0.0226791 0.0273878 32627
0 0.192257 0.729921 0.014114 0.00777351 32628
0 0.121371 0.986318 0.0183502 0.0212584 32629
0 0.78979 0.703287 0.00918207 0.0254225 32630
0 0.743992 0.783566 0.0122816 0.0501695 32631
0 0.19105 0.730584 0.011246 0.00751411 32632
0 0.957142 0.869144 0.0266853 0.00940687 32633
0 0.304598 0.715488 0.0173676 0.00761583 32634
0 0.712886 0.797107 0.0090992 0.0408347 32635
0 0.824669 0.814978 0.0246788 0.0104011 32636
0 0.125502 0.98654 0.0271317 0.0208542 32637
0 0.444871 0.771412 0.0107021 0.0135925 32638
0 0.00732821 0.74655 0.0143819 0.0198992 32639
0 0.861374 0.839973 0.0319784 0.026512 32640
0 0.960256 0.849498 0.0159996 0.0389025 32641
