0 0.453002 0.83316 0.0126225 0.0686237 34478
0 0.54385 0.815473 0.0117267 0.0543708 34479
0 0.755534 0.781285 0.00770512 0.0483317 34480
0 0.843076 0.765732 0.00817299 0.0466436 34481
0 0.830628 0.834634 0.0175766 0.0336155 34482
0 0.733846 0.788163 0.00915985 0.0420325 34483
0 0.69558 0.794406 0.00914135 0.0452159 34484
0 0.744883 0.784617 0.00917168 0.0452867 34485
0 0.862079 0.763105 0.00943546 0.0518812 34486
0 0.705579 0.792554 0.0106409 0.0461583 34487
0 0.953766 0.848908 0.0219702 0.0399085 34488
0 0.817411 0.77971 0.0056736 0.0310062 34489
0 0.433822 0.914661 0.0243179 0.0370071 34490
0 0.852872 0.832123 0.0220619 0.0339405 34491
0 0.829946 0.765255 0.009935 0.0451367 34492
0 0.272801 0.729404 0.00566015 0.0174662 34493
0 0.718206 0.830265 0.0138884 0.0320302 34494
0 0.981036 0.738516 0.0133049 0.0377155 34495
0 0.800815 0.776713 0.0085577 0.0441635 34496
0 0.795812 0.776563 0.00721588 0.0485418 34497
0 0.936162 0.724354 0.00624199 0.0201826 34498
0 0.0712876 0.740304 0.00851768 0.0214691 34499
0 0.198881 0.916124 0.0461007 0.0318593 34500
0 0.347952 0.754442 0.00718622 0.0177016 34501
0 0.00944027 0.747768 0.00948525 0.0201135 34502
0 0.891949 0.975948 0.0615461 0.0459744 34503
0 0.46928 0.855161 0.0123604 0.0298235 34504
0 0.348534 0.755877 0.00894289 0.0213091 34505
0 0.71249 0.830939 0.0262697 0.0325718 34506
0 0.789816 0.699671 0.00560284 0.015978 34507
0 0.829683 0.771368 0.00832252 0.0331545 34508
0 0.472933 0.853917 0.0194065 0.0325016 34509
0 0.0220858 0.938656 0.0441716 0.0290432 34510
0 0.319924 0.709698 0.00704508 0.0185018 34511
0 0.00563594 0.976826 0.0112172 0.0243106 34512
0 0.114806 0.980956 0.0300909 0.023209 34513
0 0.577735 0.875755 0.0324123 0.0148438 34514
0 0.905339 0.97322 0.0418383 0.0402959 34515
0 0.439885 0.775573 0.00501938 0.0134962 34516
0 0.772489 0.700197 0.00749092 0.0198056 34517
0 0.354355 0.989242 0.016447 0.0215153 34518
0 0.109653 0.980497 0.0199123 0.0230667 34519
0 0.675795 0.816512 0.0150427 0.0191725 34520
0 0.895198 0.682231 0.00521412 0.0157501 34521
0 0.85628 0.831007 0.0149006 0.0325724 34522
0 0.742584 0.785604 0.0083683 0.0443587 34523
0 0.449183 0.775809 0.00760956 0.0140108 34524
0 0.190885 0.730697 0.010811 0.00770569 34525
0 0.3453 0.760713 0.0178963 0.0126265 34526
0 0.440077 0.917369 0.0117242 0.0282401 34527
0 0.272864 0.735858 0.0171155 0.0129347 34528
0 0.884892 0.979196 0.0479607 0.0397469 34529
0 0.800481 0.776241 0.0136787 0.046286 34530
0 0.141718 0.735241 0.00652921 0.0085846 34531
0 0.108047 0.983723 0.0545404 0.0274083 34532
0 0.119828 0.984473 0.0396539 0.0231267 34533
0 0.769728 0.812923 0.0129822 0.0157088 34534
0 0.882804 0.681179 0.0100895 0.0151415 34535
0 0.450295 0.775825 0.00640345 0.0133921 34536
0 0.477164 0.852208 0.0129002 0.0337696 34537
0 0.951822 0.859701 0.0179173 0.0221317 34538
0 0.922016 0.973613 0.0269783 0.041097 34539
0 0.412641 0.768063 0.00377102 0.0064387 34540
0 0.103973 0.993813 0.0635732 0.0091234 34541
0 0.155504 0.735226 0.0128543 0.00859206 34542
0 0.680656 0.816141 0.0226336 0.0186598 34543
0 0.907249 0.975043 0.0562023 0.0446662 34544
0 0.77385 0.813227 0.0194489 0.0171109 34545
0 0.92138 0.680783 0.00740509 0.0126404 34546
0 0.996536 0.810911 0.00651264 0.0208196 34547
0 0.751517 0.781904 0.015247 0.049546 34548
0 0.00767371 0.747751 0.0133099 0.021285 34549
0 0.858817 0.834461 0.0374384 0.0383375 34550
0 0.996592 0.814386 0.00639477 0.013717 34551
0 0.142452 0.736178 0.0106182 0.00864292 34552
0 0.974582 0.762355 0.019017 0.0275102 34553
0 0.148944 0.736029 0.0282724 0.00960965 34554
0 0.98958 0.756346 0.0205784 0.0093733 34555
0 0.442513 0.775849 0.00720539 0.0145762 34556
0 0.9748 0.768751 0.0185736 0.0151771 34557
0 0.881694 0.678992 0.009972 0.0181422 34558
0 0.125875 0.985714 0.0280372 0.0205666 34559
0 0.879756 0.985119 0.0375961 0.0282535 34560
0 0.984142 0.758967 0.0313187 0.0135374 34561
0 0.956391 0.866488 0.0283913 0.0147993 34562
0 0.105095 0.985302 0.0656508 0.0252806 34563
0 0.467353 0.853686 0.0117863 0.0300463 34564
0 0.862529 0.75182 0.00847988 0.030986 34565
0 0.841386 0.834089 0.0399944 0.0351607 34566
0 0.976395 0.770828 0.0211237 0.011665 34567
0 0.956394 0.852091 0.0283182 0.0398368 34568
0 0.974562 0.751547 0.00748558 0.0123077 34569
0 0.824699 0.81488 0.0247547 0.0101439 34570
0 0.989031 0.758708 0.0214851 0.0130925 34571
0 0.391316 0.831938 0.0174905 0.086869 34572
0 0.818551 0.779288 0.00787182 0.0327362 34573
0 0.960098 0.849757 0.0173452 0.040106 34574
0 0.97273 0.674029 0.00600815 0.0196618 34575
0 0.894859 0.680622 0.00631561 0.0185738 34576
0 0.915298 0.97033 0.0112022 0.0349755 34577
0 0.54454 0.809264 0.00991669 0.0390381 34578
0 0.424592 0.928877 0.0151144 0.010278 34579
0 0.273132 0.731474 0.0155962 0.0204966 34580
0 0.957615 0.868655 0.0258266 0.0102834 34581
0 0.313493 0.709834 0.0199836 0.0195752 34582
0 0.0973845 0.994041 0.0505336 0.00794339 34583
0 0.590923 0.907988 0.0575689 0.0229184 34584
0 0.153505 0.983389 0.0175253 0.0132177 34585
0 0.961631 0.8502 0.0391695 0.0429097 34586
