0 0.477065 0.834747 0.0155218 0.0668664 None
0 0.455463 0.833602 0.0121589 0.0686018 None
0 0.718526 0.830775 0.0143112 0.0302477 None
0 0.830602 0.834626 0.0172012 0.0334988 None
0 0.697293 0.792423 0.011167 0.0499246 None
0 0.872466 0.757918 0.00956154 0.0461794 None
0 0.768245 0.781101 0.00862999 0.0439774 None
0 0.843071 0.766575 0.00839157 0.0475101 None
0 0.793735 0.775505 0.0113363 0.048155 None
0 0.744022 0.783842 0.00867386 0.0469523 None
0 0.953532 0.849439 0.0220621 0.0410926 None
0 0.027312 0.903233 0.0162614 0.0496012 None
0 0.517727 0.806624 0.00882893 0.034181 None
0 0.92075 0.754509 0.0102833 0.044654 None
0 0.478146 0.77961 0.00817452 0.0224265 None
0 0.856315 0.83025 0.0153458 0.0328351 None
0 0.906766 0.755274 0.00917473 0.0469045 None
0 0.820912 0.770791 0.00806065 0.0399024 None
0 0.278636 0.728774 0.0067359 0.0161201 None
0 0.755992 0.780352 0.00747871 0.0442335 None
0 0.0696993 0.743448 0.00918174 0.0274787 None
0 0.022089 0.938371 0.0441779 0.0296666 None
0 0.996054 0.809858 0.00747318 0.0238698 None
0 0.146788 0.738819 0.0069099 0.0118517 None
0 0.836777 0.773291 0.00629311 0.0272412 None
0 0.894571 0.976269 0.0657608 0.0456899 None
0 0.198801 0.916062 0.0465479 0.0321304 None
0 0.159278 0.739183 0.00524082 0.00804409 None
0 0.327468 0.751604 0.00898666 0.0134442 None
0 0.883849 0.97954 0.0443253 0.0394216 None
0 0.354993 0.988974 0.0147429 0.0220527 None
0 0.00950532 0.750452 0.00857083 0.0154846 None
0 0.0530962 0.752052 0.00466015 0.0078481 None
0 0.451959 0.780269 0.00732956 0.0173394 None
0 0.433633 0.911543 0.023434 0.0425949 None
0 0.906225 0.973189 0.0441452 0.0402861 None
0 0.52806 0.739566 0.00514393 0.00779351 None
0 0.00696097 0.975748 0.0138398 0.0256936 None
0 0.196825 0.733639 0.00822139 0.0102631 None
0 0.951078 0.737049 0.00818787 0.0317924 None
0 0.91783 0.972785 0.018107 0.0396525 None
0 0.754247 0.782185 0.0103018 0.0466688 None
0 0.0709438 0.749235 0.0085067 0.0167246 None
0 0.97259 0.762691 0.0144337 0.0274012 None
0 0.76836 0.697518 0.00795002 0.0137268 None
0 0.921309 0.973322 0.027323 0.0404824 None
0 0.00301677 0.975915 0.00597564 0.0245348 None
0 0.676346 0.815661 0.0166975 0.0183285 None
0 0.451832 0.785602 0.0204773 0.00837775 None
0 0.126246 0.986002 0.0284047 0.020815 None
0 0.85362 0.83138 0.0212385 0.0362869 None
0 0.429842 0.910963 0.0157022 0.0428482 None
0 0.438269 0.912862 0.015694 0.0383386 None
0 0.100534 0.994244 0.0574386 0.00780894 None
0 0.715712 0.831293 0.0201803 0.0309243 None
0 0.323728 0.711948 0.00662346 0.0161157 None
0 0.934151 0.727782 0.00816326 0.0263584 None
0 0.882751 0.984789 0.0421497 0.0292662 None
0 0.791396 0.696989 0.00535288 0.0155701 None
0 0.104967 0.989707 0.0661482 0.0165972 None
0 0.403267 0.752593 0.00571985 0.00684577 None
0 0.992065 0.675339 0.00569496 0.0181871 None
0 0.453086 0.780112 0.0103032 0.0176466 None
0 0.00624176 0.752419 0.00656425 0.0114275 None
0 0.117746 0.984429 0.0342685 0.0228485 None
0 0.852998 0.846232 0.0260244 0.0133531 None
0 0.773794 0.813019 0.00712414 0.0146586 None
0 0.577137 0.875468 0.0321833 0.0134179 None
0 0.576921 0.875256 0.032262 0.0132294 None
0 0.928479 0.759997 0.0102966 0.0117779 None
0 0.109524 0.980978 0.0188487 0.0230943 None
0 0.973708 0.753101 0.00517082 0.00931668 None
0 0.105655 0.98575 0.065885 0.0235782 None
0 0.85731 0.847467 0.035535 0.0120387 None
0 0.325779 0.730584 0.0188238 0.0101498 None
0 0.852394 0.841939 0.0232456 0.0174533 None
0 0.972104 0.768118 0.0145601 0.0177931 None
0 0.0076354 0.751789 0.0107349 0.0132446 None
0 0.540732 0.848412 0.0069973 0.0278485 None
0 0.944837 0.867052 0.0284603 0.0150028 None
0 0.767958 0.813031 0.0104515 0.0153269 None
0 0.0690262 0.758711 0.0189502 0.0074212 None
0 0.283428 0.737688 0.0194231 0.00834402 None
0 0.937479 0.867243 0.014089 0.0148878 None
0 0.974678 0.770741 0.0182783 0.0123528 None
0 0.906229 0.97599 0.0603783 0.0453132 None
0 0.768829 0.699648 0.00820808 0.0173538 None
0 0.772875 0.812857 0.02106 0.0167742 None
0 0.973526 0.675316 0.00707588 0.0162398 None
0 0.770567 0.812516 0.0151993 0.0155984 None
0 0.678953 0.814328 0.0215186 0.0202762 None
0 0.0623591 0.759242 0.0353916 0.00882585 None
0 0.949491 0.860986 0.0138966 0.0172289 None
0 0.859944 0.845875 0.0387611 0.0165504 None
0 0.779208 0.815821 0.00825005 0.0104665 None
0 0.752224 0.790954 0.0109402 0.0316001 None
0 0.790977 0.820524 0.0246159 0.00646227 None
0 0.441151 0.912559 0.0144083 0.0358856 None
0 0.822908 0.770943 0.0122141 0.0406257 None
0 0.450651 0.780252 0.010592 0.01814 None
0 0.866625 0.845151 0.0229015 0.016195 None
0 0.862503 0.832413 0.0288075 0.0379688 None
0 0.442766 0.908917 0.010573 0.0271729 None
0 0.109599 0.973594 0.0193071 0.0384121 None
0 0.455795 0.78593 0.0228025 0.0124573 None
0 0.928397 0.757959 0.00932083 0.00976427 None
0 0.947677 0.850705 0.0330019 0.0459591 None
0 0.593785 0.913764 0.0616182 0.0115709 None
0 0.839881 0.834976 0.0359835 0.0338686 None
0 0.845241 0.845854 0.0430473 0.0156652 None
0 0.871828 0.845378 0.0131691 0.0151581 None
