0 0.452965 0.833268 0.0127781 0.0677741 None
0 0.820782 0.770254 0.0112391 0.0519379 None
0 0.843696 0.765365 0.00715141 0.0491021 None
0 0.565008 0.810936 0.0134962 0.0469638 None
0 0.953513 0.849834 0.0221432 0.0422936 None
0 0.830669 0.834984 0.0174391 0.0329325 None
0 0.736832 0.785802 0.00834827 0.0469598 None
0 0.702883 0.793376 0.0086936 0.0447052 None
0 0.755328 0.78422 0.00787468 0.0437419 None
0 0.802773 0.77388 0.00775051 0.0491236 None
0 0.79601 0.77494 0.00742941 0.049568 None
0 0.479464 0.856257 0.028912 0.025492 None
0 0.717548 0.830296 0.0126291 0.0312398 None
0 0.0220908 0.938707 0.0441816 0.0279785 None
0 0.693833 0.795364 0.0111818 0.044644 None
0 0.856306 0.831162 0.0144754 0.033941 None
0 0.0043885 0.74955 0.00861005 0.0165956 None
0 0.906426 0.972208 0.0433578 0.0413961 None
0 0.115232 0.980933 0.0307146 0.0226347 None
0 0.852993 0.831619 0.0219387 0.0343987 None
0 0.198081 0.916127 0.0444922 0.03174 None
0 0.276262 0.727545 0.00655451 0.015016 None
0 0.79723 0.697403 0.0050663 0.014954 None
0 0.893901 0.975588 0.0668041 0.0468926 None
0 0.971894 0.763357 0.0139122 0.0257746 None
0 0.433578 0.914293 0.0249361 0.0376957 None
0 0.354511 0.989281 0.0154208 0.0214387 None
0 0.287337 0.725393 0.00761638 0.0150943 None
0 0.317196 0.714266 0.00513454 0.0170454 None
0 0.410108 0.762327 0.0048173 0.00878821 None
0 0.676875 0.815751 0.0176098 0.0186342 None
0 0.774747 0.769791 0.00783958 0.0249847 None
0 0.119852 0.98259 0.0402036 0.0258313 None
0 0.713018 0.830543 0.0229351 0.0322786 None
0 0.775265 0.777133 0.00851994 0.0391379 None
0 0.00568501 0.978158 0.0113171 0.0213175 None
0 0.0648609 0.740879 0.00634961 0.0275837 None
0 0.00250467 0.978125 0.00497852 0.0207169 None
0 0.418738 0.780572 0.0073946 0.0186968 None
0 0.883509 0.985671 0.0456482 0.0269884 None
0 0.522332 0.734035 0.00920849 0.0109385 None
0 0.415761 0.827291 0.021837 0.0100771 None
0 0.18402 0.733579 0.0115325 0.00848253 None
0 0.440825 0.919178 0.0102928 0.0246068 None
0 0.0645785 0.735029 0.00584931 0.0167894 None
0 0.0990431 0.994109 0.053669 0.00861138 None
0 0.793563 0.77508 0.0105236 0.050432 None
0 0.137868 0.7364 0.0116539 0.00916816 None
0 0.059482 0.740063 0.00664105 0.00944824 None
0 0.576648 0.875705 0.0324499 0.0139784 None
0 0.371428 0.757567 0.0114703 0.0102144 None
0 0.99601 0.811209 0.00756607 0.0212592 None
0 0.753388 0.763895 0.00699348 0.0138173 None
0 0.99621 0.816067 0.00716667 0.0114994 None
0 0.107262 0.983913 0.0651538 0.0276391 None
0 0.418248 0.780739 0.0116232 0.0185713 None
0 0.886159 0.978817 0.0520485 0.0401337 None
0 0.139737 0.736648 0.018861 0.0087616 None
0 0.979613 0.670064 0.00555763 0.021602 None
0 0.984509 0.670682 0.00598412 0.0175288 None
0 0.27461 0.730098 0.00938921 0.0168694 None
0 0.922028 0.972542 0.0269032 0.0425169 None
0 0.980058 0.665089 0.00610256 0.028646 None
0 0.953281 0.661662 0.00371914 0.00938263 None
0 0.428396 0.916388 0.0227022 0.0342277 None
0 0.78034 0.69799 0.00569935 0.0155265 None
0 0.984173 0.666151 0.005443 0.0244481 None
0 0.976521 0.771723 0.0147404 0.00986532 None
0 0.391113 0.832674 0.0177213 0.0866475 None
0 0.771142 0.812887 0.0165401 0.0153951 None
0 0.974127 0.672307 0.00579948 0.0166562 None
0 0.958958 0.673326 0.00697212 0.0237427 None
0 0.959577 0.850624 0.0105396 0.0377262 None
0 0.524785 0.736026 0.0166853 0.00795695 None
0 0.791594 0.784558 0.00610313 0.0315738 None
0 0.540932 0.848978 0.00810032 0.0282106 None
0 0.486423 0.85583 0.0157745 0.0245524 None
0 0.528797 0.73674 0.0262471 0.00782979 None
0 0.420692 0.915211 0.0502363 0.0393202 None
0 0.996011 0.814813 0.00751305 0.0172268 None
0 0.915706 0.968548 0.012207 0.0360199 None
0 0.917928 0.971506 0.0180025 0.0404348 None
0 0.852746 0.848851 0.0245628 0.00859324 None
0 0.679452 0.814449 0.0226671 0.0197066 None
0 0.939485 0.727593 0.00641613 0.0221252 None
0 0.273906 0.734289 0.00889473 0.0128038 None
0 0.990408 0.770317 0.0187508 0.00757107 None
0 0.776652 0.77922 0.0127337 0.0423303 None
0 0.0624103 0.740868 0.0128444 0.029126 None
0 0.153435 0.983757 0.0178065 0.0123644 None
0 0.778767 0.814318 0.00938778 0.0133726 None
0 0.935777 0.866835 0.0110752 0.0148446 None
0 0.349597 0.989349 0.0261674 0.0211928 None
0 0.711386 0.840439 0.0247019 0.0141066 None
0 0.409921 0.763312 0.00799589 0.0110779 None
0 0.182174 0.734897 0.0156369 0.0105754 None
0 0.524363 0.733299 0.0141078 0.0127648 None
0 0.00917465 0.978467 0.0180641 0.023474 None
0 0.990855 0.765794 0.0178215 0.0130581 None
0 0.860941 0.833588 0.0361181 0.0392436 None
0 0.971984 0.651578 0.00474434 0.0157161 None
0 0.593046 0.909717 0.0617956 0.019672 None
0 0.980449 0.661334 0.00702667 0.0303725 None
0 0.0621608 0.757549 0.0145797 0.00955912 None
0 0.127857 0.988214 0.0231939 0.0173323 None
0 0.00605153 0.972439 0.0119697 0.0336622 None
0 0.781334 0.77672 0.0235765 0.0287199 None
0 0.852878 0.838466 0.0259659 0.0283139 None
