0 0.453795 0.834099 0.0122833 0.0667689 53862
0 0.843057 0.76563 0.00847645 0.050335 53863
0 0.560631 0.815795 0.0109312 0.0534968 53864
0 0.831199 0.83474 0.0184937 0.0334295 53865
0 0.718372 0.830683 0.0146439 0.0301059 53866
0 0.702778 0.791587 0.00915852 0.048848 53867
0 0.76614 0.779746 0.0101612 0.0490913 53868
0 0.736528 0.786211 0.00880623 0.0473456 53869
0 0.692346 0.794598 0.00985394 0.0466777 53870
0 0.78989 0.775645 0.0103944 0.0507943 53871
0 0.656448 0.802484 0.0106512 0.044909 53872
0 0.390937 0.816983 0.0179083 0.0551656 53873
0 0.953513 0.849308 0.0220417 0.0415873 53874
0 0.746431 0.782993 0.00808201 0.0490217 53875
0 0.797189 0.775216 0.00781975 0.0509471 53876
0 0.973732 0.762524 0.0197395 0.0288864 53877
0 0.755549 0.783735 0.00798168 0.0450902 53878
0 0.856238 0.830503 0.0144955 0.0327828 53879
0 0.198274 0.915715 0.0460758 0.0316956 53880
0 0.941342 0.727786 0.00821915 0.0212351 53881
0 0.0602678 0.739467 0.00552444 0.0180996 53882
0 0.434088 0.914247 0.0236216 0.0360067 53883
0 0.956725 0.848852 0.0157751 0.0406157 53884
0 0.288674 0.722549 0.00683165 0.0165582 53885
0 0.675252 0.81624 0.0175945 0.0202521 53886
0 0.119292 0.983785 0.0382995 0.0260576 53887
0 0.354954 0.989154 0.0146457 0.0216931 53888
0 0.0058096 0.753069 0.00804404 0.0178499 53889
0 0.47739 0.857791 0.0336001 0.0233687 53890
0 0.883908 0.980583 0.0461601 0.037853 53891
0 0.853027 0.830956 0.0227318 0.0340363 53892
0 0.414236 0.762455 0.00449581 0.0116928 53893
0 0.921369 0.973415 0.0270754 0.0403893 53894
0 0.110358 0.984284 0.0569501 0.0266652 53895
0 0.995897 0.811578 0.00779343 0.019812 53896
0 0.890312 0.976258 0.0584862 0.045403 53897
0 0.138233 0.740729 0.0140131 0.0102214 53898
0 0.853111 0.848574 0.0250727 0.00920681 53899
0 0.0950526 0.99424 0.0453024 0.00807241 53900
0 0.0220336 0.939014 0.0440673 0.0274645 53901
0 0.275442 0.730648 0.00686984 0.0181839 53902
0 0.0664663 0.748189 0.00918117 0.0173091 53903
0 0.00297385 0.974767 0.00590399 0.0263394 53904
0 0.103822 0.993914 0.0632999 0.00841319 53905
0 0.317911 0.709981 0.00558753 0.0156945 53906
0 0.577258 0.875754 0.0334221 0.0147335 53907
0 0.973182 0.670966 0.00641823 0.0176835 53908
0 0.383962 0.758492 0.0100632 0.0126307 53909
0 0.951746 0.675838 0.00415497 0.0141345 53910
0 0.902809 0.973489 0.0336079 0.0408922 53911
0 0.00518797 0.974657 0.0102974 0.027507 53912
0 0.914067 0.97294 0.0102505 0.0392149 53913
0 0.998096 0.668292 0.00334396 0.0169387 53914
0 0.0639882 0.744237 0.0158843 0.0247684 53915
0 0.715649 0.83114 0.0204023 0.0308436 53916
0 0.940558 0.737588 0.0141258 0.00843014 53917
0 0.114293 0.98284 0.0291154 0.0224908 53918
0 0.806255 0.701272 0.00564156 0.0224598 53919
0 0.908294 0.973227 0.0229425 0.0396457 53920
0 0.744719 0.783429 0.011187 0.0510841 53921
0 0.0621498 0.75078 0.0294428 0.0125644 53922
0 0.877779 0.679322 0.00528107 0.0132899 53923
0 0.984091 0.669788 0.00741386 0.0208889 53924
0 0.483618 0.857498 0.0384341 0.0231418 53925
0 0.00333141 0.758964 0.0064745 0.00946384 53926
0 0.274498 0.731694 0.00791941 0.0199787 53927
0 0.521544 0.726629 0.00790338 0.0126207 53928
0 0.78409 0.697449 0.004076 0.014173 53929
0 0.699314 0.792215 0.0159168 0.0501812 53930
0 0.181325 0.7363 0.0130294 0.00829637 53931
0 0.540993 0.848711 0.00769367 0.0275762 53932
0 0.413151 0.763389 0.00662422 0.0127475 53933
0 0.895095 0.683009 0.00467072 0.0142517 53934
0 0.85223 0.845446 0.0230133 0.0116302 53935
0 0.672978 0.814999 0.0224365 0.0226118 53936
0 0.131415 0.983844 0.0633339 0.0254381 53937
0 0.773283 0.812512 0.00683689 0.014742 53938
0 0.759812 0.782125 0.0162985 0.0481608 53939
0 0.409492 0.774098 0.00929127 0.0168557 53940
0 0.410581 0.765057 0.0100079 0.0167826 53941
0 0.00453039 0.969553 0.00902697 0.0384176 53942
0 0.00939949 0.975088 0.0186468 0.0297416 53943
0 0.181278 0.735901 0.0129194 0.00785031 53944
0 0.766522 0.787365 0.00981092 0.053323 53945
0 0.923134 0.737333 0.00615788 0.00831926 53946
0 0.481671 0.857088 0.0232582 0.0220988 53947
0 0.910602 0.975877 0.0501804 0.0445235 53948
0 0.109427 0.981747 0.0191698 0.0223999 53949
0 0.994851 0.810595 0.00986099 0.0225757 53950
0 0.779604 0.81626 0.00738897 0.00900404 53951
0 0.124419 0.985095 0.0303472 0.0237627 53952
0 0.942063 0.728813 0.0107998 0.0240875 53953
0 0.0601052 0.743901 0.025105 0.0270806 53954
0 0.858673 0.847017 0.0365433 0.0142012 53955
0 0.93624 0.866889 0.0116955 0.0160088 53956
0 0.00312726 0.959668 0.00623136 0.0562888 53957
0 0.791141 0.820807 0.0269455 0.00653737 53958
0 0.287673 0.725964 0.00963821 0.0117764 53959
0 0.863155 0.832965 0.0319996 0.0375466 53960
0 0.844678 0.846646 0.0430792 0.0134852 53961
0 0.947375 0.860021 0.00992642 0.0188548 53962
0 0.991933 0.77352 0.0156696 0.00963915 53963
0 0.955794 0.863864 0.0305676 0.0199278 53964
0 0.0534924 0.741109 0.0124178 0.0119341 53965
0 0.419232 0.763369 0.0156203 0.0116014 53966
0 0.995772 0.804117 0.00802078 0.0348801 53967
0 0.936146 0.866523 0.0117226 0.015999 53968
0 0.44042 0.914941 0.0111889 0.0330549 53969
0 0.775653 0.812323 0.0153642 0.016546 53970
0 0.95697 0.856403 0.0264235 0.0314657 53971
0 0.153908 0.983536 0.0176937 0.0143918 53972
0 0.959469 0.869136 0.0224669 0.00886536 53973
0 0.798776 0.775677 0.00987282 0.0505388 53974
0 0.399631 0.846286 0.0200697 0.0189765 53975
0 0.318965 0.710215 0.0075531 0.0166862 53976
0 0.947775 0.863399 0.0111607 0.0157103 53977
0 0.939945 0.729535 0.0131706 0.0244993 53978
0 0.957415 0.867363 0.0261166 0.0110519 53979
0 0.769474 0.812598 0.013616 0.0145162 53980
0 0.587233 0.912554 0.0438935 0.0133925 53981
