0 0.452999 0.834109 0.0128528 0.0671588 75758
0 0.698209 0.795921 0.00849257 0.0440911 75759
0 0.246017 0.867435 0.0145662 0.0595393 75760
0 0.953584 0.848802 0.0223509 0.0428545 75761
0 0.478268 0.828224 0.0169823 0.0622637 75762
0 0.984174 0.738441 0.00904503 0.0462111 75763
0 0.422477 0.910064 0.0184736 0.0499519 75764
0 0.872857 0.762572 0.00953579 0.0411179 75765
0 0.776011 0.777059 0.00768776 0.0501897 75766
0 0.825367 0.770125 0.00998459 0.0364987 75767
0 0.843399 0.764091 0.00802517 0.0441895 75768
0 0.966556 0.742689 0.0101429 0.0441672 75769
0 0.521705 0.780223 0.00917645 0.0270525 75770
0 0.787919 0.776423 0.00838366 0.0468533 75771
0 0.931785 0.73084 0.00908184 0.0283593 75772
0 0.00812187 0.743225 0.010456 0.0175773 75773
0 0.810539 0.771218 0.00899468 0.0391408 75774
0 0.795528 0.779632 0.00791092 0.040997 75775
0 0.853934 0.764934 0.00978088 0.0424001 75776
0 0.766272 0.696636 0.00770245 0.0151903 75777
0 0.354368 0.98921 0.0147825 0.0215803 75778
0 0.198502 0.91564 0.0456664 0.0321387 75779
0 0.830471 0.83403 0.014949 0.0323581 75780
0 0.951923 0.744352 0.0114531 0.0434774 75781
0 0.716823 0.830697 0.0118534 0.0315477 75782
0 0.506112 0.781537 0.00541563 0.019927 75783
0 0.33128 0.708878 0.00516882 0.015251 75784
0 0.682178 0.791198 0.0118065 0.036106 75785
0 0.810429 0.765558 0.00849457 0.0259574 75786
0 0.883571 0.980219 0.0455002 0.0383141 75787
0 0.856455 0.829931 0.0159639 0.0359487 75788
0 0.681571 0.786629 0.0102848 0.0268256 75789
0 0.114701 0.983004 0.0304518 0.0244025 75790
0 0.905469 0.742845 0.00836716 0.0241672 75791
0 0.99567 0.811898 0.00823746 0.0210487 75792
0 0.716488 0.831014 0.0178858 0.0316944 75793
0 0.372054 0.738449 0.00923395 0.0110209 75794
0 0.917131 0.972789 0.0183712 0.0397308 75795
0 0.391265 0.818197 0.0175797 0.0571988 75796
0 0.0221576 0.938334 0.0443152 0.0297153 75797
0 0.291931 0.752794 0.00710173 0.0175205 75798
0 0.97464 0.762927 0.0186989 0.0267132 75799
0 0.782056 0.694552 0.00719452 0.0136164 75800
0 0.921435 0.973803 0.027191 0.0420044 75801
0 0.507229 0.781701 0.00790653 0.0209303 75802
0 0.484461 0.809274 0.0078186 0.0404141 75803
0 0.095914 0.994258 0.0474885 0.00835198 75804
0 0.1198 0.985061 0.04029 0.0224613 75805
0 0.87198 0.68051 0.00688324 0.016924 75806
0 0.104047 0.984449 0.0535573 0.0258091 75807
0 0.300909 0.74286 0.0114746 0.0142885 75808
0 0.00744996 0.749518 0.0143234 0.00909966 75809
0 0.485644 0.807976 0.00638905 0.0388436 75810
0 0.676519 0.816171 0.0133043 0.017542 75811
0 0.00563062 0.981415 0.0111818 0.0144725 75812
0 0.913455 0.973029 0.0267809 0.0406062 75813
0 0.907875 0.973592 0.0415007 0.0410717 75814
0 0.10958 0.981294 0.0198689 0.0239027 75815
0 0.576949 0.874447 0.0338436 0.0167891 75816
0 0.895192 0.97643 0.068103 0.0442771 75817
0 0.201333 0.729646 0.0114382 0.00944553 75818
0 0.71289 0.831638 0.0210759 0.0325616 75819
0 0.770159 0.812643 0.0169277 0.0158902 75820
0 0.118005 0.985166 0.0263556 0.0236294 75821
0 0.976939 0.65493 0.00741024 0.0212594 75822
0 0.00867465 0.751137 0.0154889 0.00770552 75823
0 0.101369 0.985612 0.0584926 0.0244592 75824
0 0.897903 0.763261 0.00618 0.0286845 75825
0 0.679777 0.815702 0.0212538 0.018885 75826
0 0.905267 0.748489 0.00937882 0.0359714 75827
0 0.948082 0.741141 0.00542374 0.0274482 75828
0 0.331882 0.71467 0.0383726 0.00921224 75829
0 0.791486 0.776611 0.0134619 0.0477593 75830
0 0.939368 0.658562 0.00380135 0.00665631 75831
0 0.976502 0.664895 0.0100777 0.0410378 75832
0 0.125168 0.985664 0.0284348 0.0218862 75833
0 0.704159 0.831829 0.0412188 0.0329898 75834
0 0.880479 0.984328 0.0390564 0.0304535 75835
0 0.958071 0.84828 0.013752 0.038303 75836
0 0.992962 0.660313 0.00530739 0.0121206 75837
0 0.973097 0.752735 0.00507469 0.00783369 75838
0 0.692604 0.841776 0.0329338 0.014523 75839
0 0.481062 0.828656 0.0118807 0.0598701 75840
0 0.853751 0.833008 0.0221996 0.035634 75841
0 0.300886 0.745222 0.0128599 0.0185852 75842
0 0.421349 0.927547 0.0167646 0.0154019 75843
0 0.111369 0.740642 0.0166658 0.0132826 75844
0 0.854909 0.848424 0.0208935 0.00811089 75845
0 0.677629 0.81409 0.0212246 0.0229153 75846
0 0.902085 0.748911 0.0164467 0.0369269 75847
0 0.20439 0.730006 0.0193742 0.01034 75848
0 0.97471 0.673391 0.00822296 0.0275778 75849
0 0.482151 0.808481 0.0117579 0.038228 75850
0 0.93591 0.866001 0.011644 0.015274 75851
0 0.871631 0.681994 0.00882683 0.0162252 75852
0 0.52286 0.782383 0.0118372 0.0330648 75853
0 0.540814 0.850518 0.00768929 0.0314151 75854
0 0.898182 0.761803 0.0109371 0.0320055 75855
0 0.89842 0.759476 0.00943356 0.0256846 75856
0 0.9771 0.657037 0.00983601 0.0291646 75857
0 0.916307 0.975549 0.0379 0.0431712 75858
0 0.947366 0.851261 0.0345018 0.0456475 75859
0 0.976243 0.675343 0.00946884 0.0231715 75860
0 0.589295 0.906896 0.0396662 0.0233724 75861
0 0.0089842 0.74411 0.0145794 0.0198247 75862
0 0.860011 0.796161 0.00759907 0.010209 75863
0 0.698112 0.841307 0.036135 0.0143397 75864
0 0.790664 0.820855 0.0249152 0.00679677 75865
0 0.107075 0.981891 0.0313774 0.0274058 75866
0 0.779188 0.816257 0.00766945 0.00986938 75867
