0 0.453044 0.834008 0.0130007 0.0673381 102242
0 0.479759 0.829641 0.0136576 0.0611713 102243
0 0.953369 0.849034 0.0225214 0.0430218 102244
0 0.220064 0.873461 0.0112607 0.0554094 102245
0 0.698018 0.795924 0.00908651 0.0431454 102246
0 0.843014 0.763987 0.00764313 0.0457333 102247
0 0.776184 0.778329 0.00822086 0.0486525 102248
0 0.829421 0.834214 0.0178837 0.0326158 102249
0 0.868555 0.762335 0.00766907 0.041695 102250
0 0.816123 0.772064 0.0105595 0.0430425 102251
0 0.519432 0.782318 0.0102932 0.0350535 102252
0 0.677121 0.793557 0.0101435 0.0394977 102253
0 0.849315 0.76373 0.00814781 0.0412176 102254
0 0.790655 0.777117 0.0120166 0.0478967 102255
0 0.00983741 0.746384 0.00990269 0.0176344 102256
0 0.19868 0.915499 0.0455639 0.0324639 102257
0 0.42372 0.91001 0.0212304 0.0502496 102258
0 0.907841 0.743663 0.00832176 0.0240346 102259
0 0.945355 0.745303 0.00831947 0.0455258 102260
0 0.0221168 0.938443 0.0442337 0.0291584 102261
0 0.785548 0.778573 0.00786734 0.045757 102262
0 0.955732 0.740449 0.00709629 0.0276427 102263
0 0.354474 0.988828 0.014946 0.0223446 102264
0 0.71755 0.830553 0.0156122 0.0324165 102265
0 0.975002 0.737604 0.0115355 0.0414208 102266
0 0.883635 0.980119 0.0454033 0.0384599 102267
0 0.854262 0.832247 0.0208632 0.0338097 102268
0 0.390953 0.818326 0.0174339 0.057412 102269
0 0.488527 0.810759 0.0112301 0.0421132 102270
0 0.935811 0.726012 0.00748024 0.0195574 102271
0 0.495772 0.782388 0.00623188 0.0191288 102272
0 0.714155 0.830697 0.0227144 0.0329834 102273
0 0.1147 0.982771 0.0305029 0.024816 102274
0 0.765797 0.69489 0.0063406 0.011865 102275
0 0.995656 0.811916 0.00826397 0.0210409 102276
0 0.9174 0.972683 0.0179621 0.039728 102277
0 0.368424 0.738181 0.0121681 0.0128438 102278
0 0.331393 0.711684 0.00587897 0.0146062 102279
0 0.978893 0.737983 0.00972271 0.0417465 102280
0 0.676271 0.81613 0.0156128 0.017728 102281
0 0.294131 0.746949 0.014063 0.0311284 102282
0 0.577126 0.87467 0.0333843 0.016567 102283
0 0.119861 0.984834 0.0404432 0.022897 102284
0 0.844447 0.764434 0.00929432 0.0444672 102285
0 0.906586 0.973282 0.0422852 0.0409441 102286
0 0.871454 0.680015 0.00654964 0.017856 102287
0 0.895411 0.97612 0.0683552 0.0451938 102288
0 0.0960654 0.99425 0.0477319 0.00825738 102289
0 0.104363 0.984194 0.0537699 0.0262683 102290
0 0.921512 0.973756 0.0269745 0.0419159 102291
0 0.781837 0.69602 0.00855141 0.0139758 102292
0 0.00565809 0.981471 0.0112387 0.0144575 102293
0 0.974217 0.763182 0.018531 0.026377 102294
0 0.109676 0.981344 0.0200469 0.0238597 102295
0 0.891657 0.762109 0.00585041 0.0263782 102296
0 0.330906 0.717362 0.034189 0.0116947 102297
0 0.0753198 0.741939 0.0121927 0.0176303 102298
0 0.769713 0.812633 0.0156302 0.015919 102299
0 0.703321 0.831546 0.0439127 0.0342277 102300
0 0.294308 0.752735 0.0123228 0.0201189 102301
0 0.107599 0.741486 0.0155102 0.0139543 102302
0 0.118513 0.985019 0.0268628 0.0238934 102303
0 0.104536 0.741933 0.0090909 0.0142109 102304
0 0.935763 0.730182 0.0080307 0.0275023 102305
0 0.973119 0.734841 0.00797462 0.0379469 102306
0 0.540577 0.850834 0.00697289 0.0296885 102307
0 0.294321 0.756365 0.01178 0.012794 102308
0 0.852533 0.848727 0.0257038 0.00888333 102309
0 0.974621 0.76842 0.018479 0.0160026 102310
0 0.772494 0.812965 0.0215622 0.0169735 102311
0 0.977486 0.656543 0.0113426 0.0308535 102312
0 0.978278 0.651582 0.00711327 0.0203169 102313
0 0.12532 0.985593 0.0281816 0.0219011 102314
0 0.101717 0.984683 0.0587454 0.0261861 102315
0 0.947387 0.850929 0.0343712 0.0464396 102316
0 0.857566 0.834252 0.0397221 0.0389509 102317
0 0.420415 0.925129 0.0139225 0.0201311 102318
0 0.0754551 0.741947 0.0129196 0.0188853 102319
0 0.692559 0.841541 0.0337574 0.0147241 102320
0 0.85084 0.831739 0.0273823 0.0390594 102321
0 0.678751 0.796345 0.0135715 0.0459011 102322
0 0.492605 0.803031 0.0101231 0.035654 102323
0 0.958876 0.848583 0.0122555 0.037895 102324
0 0.858668 0.847531 0.0400682 0.0133653 102325
0 0.490966 0.806046 0.0128896 0.0383562 102326
0 0.935882 0.866038 0.0115105 0.0151808 102327
0 0.428491 0.909625 0.0150359 0.0497143 102328
0 0.492576 0.783298 0.0129108 0.0208862 102329
0 0.10619 0.742944 0.0129808 0.0167053 102330
0 0.779231 0.816321 0.00766487 0.00945231 102331
0 0.981141 0.737424 0.00744896 0.0370516 102332
0 0.42076 0.922763 0.0155514 0.0248149 102333
0 0.200553 0.727463 0.0121754 0.0102851 102334
0 0.589421 0.906951 0.0373905 0.0233022 102335
0 0.156459 0.738916 0.0152564 0.0116408 102336
0 0.849028 0.84621 0.0335527 0.0141595 102337
0 0.36836 0.735295 0.0122558 0.017826 102338
0 0.291364 0.75804 0.018196 0.011086 102339
0 0.479526 0.818892 0.0120871 0.0421855 102340
0 0.491538 0.795951 0.0138778 0.045912 102341
0 0.913923 0.975805 0.0425018 0.0429657 102342
0 0.790832 0.821063 0.0242262 0.00622525 102343
0 0.947129 0.865356 0.0342762 0.0180244 102344
0 0.103682 0.982287 0.0402563 0.0273926 102345
0 0.00783488 0.745999 0.0141 0.0191461 102346
0 0.893517 0.763364 0.0101776 0.0293057 102347
0 0.894651 0.982914 0.0243132 0.0301175 102348
0 0.4912 0.8017 0.0167599 0.0544501 102349
