0 0.488588 0.826221 0.0117827 0.0539086 77733
0 0.841894 0.766991 0.00831909 0.0454298 77734
0 0.452602 0.8342 0.0117551 0.0657069 77735
0 0.637185 0.800822 0.0121603 0.055483 77736
0 0.79619 0.775925 0.0083375 0.0477302 77737
0 0.674703 0.789373 0.00983887 0.0465229 77738
0 0.830833 0.834961 0.0177681 0.0331102 77739
0 0.55807 0.818351 0.0109429 0.0505542 77740
0 0.74099 0.784056 0.00802841 0.0522461 77741
0 0.953722 0.850789 0.0219139 0.0406799 77742
0 0.433998 0.908641 0.02369 0.0461895 77743
0 0.718614 0.829832 0.0143402 0.0322198 77744
0 0.0168204 0.751231 0.00947263 0.0184619 77745
0 0.690906 0.79567 0.00806065 0.0481069 77746
0 0.0220987 0.938226 0.0441973 0.0271657 77747
0 0.114546 0.982449 0.0334161 0.0278066 77748
0 0.70371 0.790154 0.012072 0.0483924 77749
0 0.854791 0.829859 0.0166771 0.0336826 77750
0 0.315428 0.712167 0.00747995 0.0233293 77751
0 0.890837 0.975631 0.0592625 0.0468191 77752
0 0.19815 0.915476 0.045667 0.0320194 77753
0 0.354987 0.989123 0.0151199 0.0217538 77754
0 0.273075 0.728734 0.00649719 0.0153349 77755
0 0.475448 0.858253 0.018227 0.0214454 77756
0 0.291597 0.724959 0.00877371 0.0158827 77757
0 0.902957 0.972283 0.0357292 0.040459 77758
0 0.0669281 0.735132 0.00828409 0.0206641 77759
0 0.0954518 0.994178 0.0463735 0.00798713 77760
0 0.106699 0.982813 0.0491835 0.0289281 77761
0 0.910494 0.972777 0.0490177 0.0418445 77762
0 0.936142 0.728167 0.00784988 0.0235206 77763
0 0.695524 0.79974 0.00714207 0.0336531 77764
0 0.822635 0.697685 0.00532913 0.0157243 77765
0 0.00561887 0.978765 0.0111929 0.0197496 77766
0 0.488452 0.729228 0.00611115 0.0104843 77767
0 0.699491 0.793709 0.00718975 0.0434733 77768
0 0.773503 0.812923 0.0217667 0.0171049 77769
0 0.88341 0.984649 0.0447392 0.0290195 77770
0 0.293754 0.725351 0.0137769 0.0153286 77771
0 0.715895 0.829953 0.0199688 0.0330977 77772
0 0.848134 0.698119 0.00486393 0.019269 77773
0 0.162981 0.72745 0.0125551 0.0106713 77774
0 0.0689695 0.735571 0.0128913 0.0231264 77775
0 0.428075 0.761588 0.0209545 0.0139496 77776
0 0.367297 0.772593 0.0116135 0.012236 77777
0 0.997553 0.670625 0.0043396 0.0158685 77778
0 0.363325 0.772865 0.0194601 0.0133216 77779
0 0.0697299 0.739307 0.0143782 0.0298269 77780
0 0.577158 0.875291 0.0333019 0.0133035 77781
0 0.701213 0.791461 0.010999 0.0473509 77782
0 0.972283 0.744829 0.00834465 0.0260973 77783
0 0.920962 0.973094 0.0300053 0.0423028 77784
0 0.974421 0.769608 0.0187008 0.0138306 77785
0 0.706652 0.793229 0.00789747 0.0387438 77786
0 0.577443 0.875773 0.0332043 0.0132677 77787
0 0.974202 0.766737 0.0188587 0.0191422 77788
0 0.688982 0.7954 0.0117725 0.0497681 77789
0 0.9722 0.741827 0.0100594 0.0302792 77790
0 0.996404 0.815213 0.00677376 0.0115326 77791
0 0.693852 0.800234 0.00937424 0.0371146 77792
0 0.972854 0.672579 0.00499821 0.0183168 77793
0 0.996266 0.810503 0.00705872 0.0212735 77794
0 0.852512 0.849053 0.0259459 0.00926683 77795
0 0.984252 0.664017 0.0037796 0.015809 77796
0 0.284295 0.728887 0.00717349 0.00713857 77797
0 0.82678 0.812584 0.0221134 0.0123508 77798
0 0.855744 0.794965 0.0163139 0.0131768 77799
0 0.957337 0.850972 0.014924 0.0377989 77800
0 0.97483 0.751542 0.0186729 0.0502601 77801
0 0.941385 0.676277 0.00870361 0.0137687 77802
0 0.983488 0.665922 0.005373 0.0194433 77803
0 0.935973 0.867158 0.0119026 0.0150991 77804
0 0.391193 0.828102 0.0178104 0.0786421 77805
0 0.138847 0.738503 0.0142165 0.00973172 77806
0 0.781029 0.813816 0.0152982 0.0156023 77807
0 0.853426 0.691529 0.00387383 0.00906364 77808
0 0.58774 0.913463 0.0418097 0.0114461 77809
0 0.309805 0.711956 0.0195439 0.0219608 77810
0 0.981751 0.664867 0.00548859 0.0171225 77811
0 0.742617 0.78474 0.0109262 0.0534941 77812
0 0.577366 0.880616 0.033164 0.0101149 77813
0 0.94725 0.853264 0.0343363 0.0431783 77814
0 0.849922 0.697097 0.0106033 0.0210637 77815
0 0.674778 0.818007 0.01311 0.01418 77816
0 0.871852 0.845314 0.0134899 0.0156216 77817
0 0.95292 0.861465 0.0189768 0.0209846 77818
0 0.00938052 0.979105 0.018761 0.0217373 77819
0 0.945802 0.674473 0.00636559 0.0171393 77820
0 0.577401 0.878375 0.0335981 0.013913 77821
0 0.924041 0.981029 0.0235453 0.0249875 77822
0 0.518363 0.814847 0.0450985 0.0107853 77823
0 0.362819 0.772363 0.0208351 0.0129873 77824
0 0.838494 0.835449 0.0333054 0.0340247 77825
0 0.843738 0.84721 0.0445137 0.0133589 77826
0 0.914424 0.969061 0.00967617 0.0345571 77827
0 0.101888 0.987337 0.0571573 0.0199181 77828
