0 0.83077 0.834703 0.0174099 0.033529 65224
0 0.53734 0.819951 0.0123775 0.0542291 65225
0 0.452526 0.834588 0.0121604 0.0660541 65226
0 0.605582 0.809361 0.0105006 0.0494597 65227
0 0.953754 0.8499 0.0219402 0.0424245 65228
0 0.842798 0.766146 0.00840549 0.0446866 65229
0 0.692844 0.794918 0.0103906 0.048408 65230
0 0.797051 0.775754 0.00731506 0.0483124 65231
0 0.746898 0.782754 0.00760536 0.0459486 65232
0 0.736434 0.78373 0.00933933 0.0503711 65233
0 0.475588 0.854241 0.0164495 0.0298086 65234
0 0.707904 0.789285 0.0111389 0.0479296 65235
0 0.28902 0.727195 0.00544367 0.019538 65236
0 0.939569 0.72897 0.00703278 0.0210971 65237
0 0.717958 0.830767 0.0130672 0.0304999 65238
0 0.198121 0.915819 0.0454463 0.0307739 65239
0 0.0601512 0.737856 0.00541825 0.0193136 65240
0 0.973838 0.762162 0.017828 0.0277032 65241
0 0.725193 0.787984 0.00821705 0.0421139 65242
0 0.856736 0.829312 0.0136669 0.0336222 65243
0 0.27161 0.731598 0.00640717 0.016016 65244
0 0.0221637 0.93864 0.0443204 0.0291629 65245
0 0.114754 0.981727 0.0308626 0.0267022 65246
0 0.731094 0.785723 0.00651646 0.0451504 65247
0 0.433629 0.914262 0.0250561 0.0374491 65248
0 0.354641 0.989169 0.015292 0.0216617 65249
0 0.00750404 0.74797 0.00786474 0.0170534 65250
0 0.904712 0.972323 0.0369125 0.0412045 65251
0 0.393422 0.776238 0.00620594 0.0166975 65252
0 0.313661 0.710487 0.00555172 0.0166226 65253
0 0.883364 0.984946 0.0435421 0.0289715 65254
0 0.676499 0.815134 0.0165839 0.0189653 65255
0 0.701149 0.794191 0.00721426 0.041905 65256
0 0.712026 0.831365 0.0258457 0.0316338 65257
0 0.921988 0.972643 0.0269806 0.0414575 65258
0 0.0600542 0.741539 0.006271 0.0265925 65259
0 0.704958 0.792986 0.00957394 0.0414349 65260
0 0.510153 0.730915 0.00513725 0.00982022 65261
0 0.00624678 0.750194 0.0107326 0.0148838 65262
0 0.69926 0.792147 0.00704784 0.0383319 65263
0 0.996172 0.811507 0.00724335 0.020615 65264
0 0.436572 0.915719 0.0184336 0.0335656 65265
0 0.853532 0.830059 0.0197901 0.0366608 65266
0 0.577031 0.875835 0.0339236 0.0137617 65267
0 0.0644878 0.750283 0.00504936 0.0146868 65268
0 0.434451 0.758518 0.00584297 0.0112834 65269
0 0.440325 0.917741 0.0110992 0.0280379 65270
0 0.895131 0.975916 0.0668095 0.0456087 65271
0 0.102278 0.982962 0.0600382 0.0295948 65272
0 0.140676 0.739338 0.0041872 0.00861477 65273
0 0.0591187 0.73785 0.00768931 0.0195455 65274
0 0.101995 0.993842 0.0604769 0.00906982 65275
0 0.91464 0.971615 0.0105785 0.0408227 65276
0 0.0722693 0.749564 0.00651112 0.0111104 65277
0 0.0066642 0.98081 0.013251 0.0155604 65278
0 0.891331 0.672797 0.00604897 0.0087911 65279
0 0.0074994 0.757946 0.0135578 0.00920003 65280
0 0.769862 0.812635 0.0134749 0.0147675 65281
0 0.872585 0.845552 0.015111 0.0151347 65282
0 0.401124 0.765051 0.00546436 0.0160139 65283
0 0.97121 0.654481 0.00862961 0.0215487 65284
0 0.958259 0.850012 0.0131699 0.0380035 65285
0 0.852847 0.83489 0.0226116 0.0310671 65286
0 0.772102 0.812301 0.00960722 0.0150525 65287
0 0.269348 0.737624 0.010654 0.00566694 65288
0 0.269536 0.731809 0.0105734 0.0168905 65289
0 0.434947 0.908438 0.0271042 0.0486879 65290
0 0.312153 0.708911 0.00673332 0.0202881 65291
0 0.433343 0.758228 0.00874968 0.0122908 65292
0 0.852881 0.846965 0.0257732 0.0126841 65293
0 0.970017 0.65306 0.00627632 0.0195214 65294
0 0.803035 0.697395 0.00433006 0.0156323 65295
0 0.86 0.794998 0.00790806 0.0128282 65296
0 0.13031 0.73922 0.00544636 0.00879381 65297
0 0.396519 0.777863 0.0243928 0.01594 65298
0 0.482605 0.85461 0.0317816 0.0294559 65299
0 0.390986 0.833169 0.0183843 0.087224 65300
0 0.859954 0.846068 0.0408278 0.0167914 65301
0 0.00936051 0.981002 0.0185655 0.0169064 65302
0 0.95239 0.861705 0.0184601 0.02046 65303
0 0.431427 0.75959 0.0124852 0.0110167 65304
0 0.429266 0.913579 0.0340466 0.0401625 65305
0 0.864423 0.83324 0.0319191 0.0397373 65306
0 0.856954 0.795364 0.0176413 0.012873 65307
0 0.43908 0.908696 0.0194389 0.0472622 65308
0 0.135088 0.739179 0.0152684 0.0096895 65309
0 0.911115 0.975256 0.0494427 0.0449327 65310
0 0.130651 0.737872 0.00477908 0.0107781 65311
0 0.733462 0.783437 0.0150638 0.0515188 65312
0 0.774842 0.812816 0.0163684 0.0163751 65313
0 0.0621268 0.743271 0.0105081 0.0271898 65314
0 0.895495 0.973883 0.0209629 0.028451 65315
0 0.448017 0.827822 0.00619631 0.0505452 65316
0 0.91042 0.673291 0.0054327 0.0112006 65317
0 0.575464 0.881708 0.0311898 0.00633036 65318
0 0.890981 0.984809 0.03078 0.0271576 65319
0 0.779154 0.815693 0.00878935 0.0109931 65320
0 0.121035 0.983082 0.0434245 0.0283603 65321
0 0.513788 0.732164 0.0151049 0.0115507 65322
0 0.0101864 0.757962 0.0194001 0.0113298 65323
0 0.590826 0.910398 0.0586939 0.018595 65324
0 0.593097 0.912927 0.0580172 0.0140683 65325
