0 0.453101 0.833955 0.0129067 0.0669301 None
0 0.481509 0.831383 0.0148413 0.0645677 None
0 0.423715 0.895422 0.0169486 0.0802616 None
0 0.791205 0.776137 0.00966854 0.0465715 None
0 0.699497 0.79366 0.00996761 0.0444809 None
0 0.830205 0.834594 0.0171824 0.0339196 None
0 0.80156 0.776819 0.00815005 0.0428731 None
0 0.956059 0.743411 0.00891476 0.0473738 None
0 0.151781 0.884947 0.0112773 0.0581112 None
0 0.769715 0.778936 0.00891047 0.0463476 None
0 0.993047 0.734545 0.0106411 0.0462179 None
0 0.507951 0.806888 0.0103401 0.0379669 None
0 0.718033 0.831139 0.0116256 0.0298119 None
0 0.758726 0.781512 0.009939 0.0471191 None
0 0.97293 0.741249 0.00927715 0.0307783 None
0 0.855404 0.83136 0.0161522 0.0338455 None
0 0.953811 0.848491 0.02187 0.0379344 None
0 0.895208 0.975654 0.0657507 0.0457252 None
0 0.68417 0.798162 0.0103426 0.0413679 None
0 0.935952 0.726856 0.0072876 0.0240928 None
0 0.843489 0.764756 0.00708561 0.0459632 None
0 0.198425 0.915668 0.0455831 0.0321791 None
0 0.0221014 0.938982 0.0442028 0.0302975 None
0 0.481072 0.779134 0.00499859 0.0142124 None
0 0.00705324 0.750615 0.00930671 0.0176008 None
0 0.508086 0.775263 0.00802765 0.0163523 None
0 0.852494 0.832138 0.0216084 0.036015 None
0 0.328065 0.711496 0.00637627 0.0164597 None
0 0.117879 0.983611 0.0359841 0.0268209 None
0 0.577522 0.874777 0.0333431 0.0159293 None
0 0.851034 0.766569 0.0101521 0.0434224 None
0 0.787383 0.697745 0.00726213 0.0186194 None
0 0.845493 0.765309 0.00776196 0.0444777 None
0 0.355272 0.98905 0.0139402 0.0218992 None
0 0.00622456 0.981262 0.0123526 0.01474 None
0 0.676487 0.815326 0.0166397 0.0187612 None
0 0.952283 0.85911 0.0202145 0.0254228 None
0 0.99586 0.813103 0.00786457 0.0175417 None
0 0.974708 0.763922 0.0190527 0.02571 None
0 0.884209 0.979351 0.0443651 0.0381575 None
0 0.291671 0.734511 0.0108729 0.012186 None
0 0.921952 0.747153 0.0100788 0.0287625 None
0 0.921777 0.753627 0.0108402 0.0465549 None
0 0.980709 0.662745 0.0075819 0.0434514 None
0 0.305781 0.754478 0.00738688 0.0158512 None
0 0.112568 0.982839 0.0261027 0.0246775 None
0 0.0945421 0.994227 0.0447217 0.00846676 None
0 0.921736 0.745453 0.0110382 0.0400267 None
0 0.921711 0.973395 0.0280636 0.0414035 None
0 0.0560591 0.751534 0.0055161 0.00965339 None
0 0.870924 0.766312 0.00655556 0.0249264 None
0 0.679622 0.800654 0.0197705 0.0455499 None
0 0.30788 0.753964 0.0126597 0.0169942 None
0 0.917653 0.97287 0.0189266 0.0403351 None
0 0.0809137 0.741196 0.00741099 0.00958388 None
0 0.109667 0.981584 0.0197977 0.0237471 None
0 0.766074 0.700663 0.0068881 0.0229028 None
0 0.906176 0.974125 0.0431692 0.0427194 None
0 0.903289 0.672884 0.00469208 0.010094 None
0 0.920118 0.743033 0.0142275 0.0378245 None
0 0.758856 0.79097 0.00961533 0.0310747 None
0 0.712631 0.831581 0.0259685 0.0311401 None
0 0.982252 0.663153 0.0107716 0.0432505 None
0 0.851448 0.845446 0.0221968 0.0132807 None
0 0.0830255 0.742663 0.0100847 0.0123244 None
0 0.972049 0.670442 0.00428333 0.0137454 None
0 0.358565 0.728707 0.00918016 0.0114458 None
0 0.157697 0.740799 0.0211532 0.00933567 None
0 0.131592 0.983476 0.063535 0.0262326 None
0 0.530496 0.740205 0.00697384 0.00985396 None
0 0.577325 0.87028 0.0343796 0.0254354 None
0 0.915549 0.974673 0.0404022 0.0438612 None
0 0.919327 0.741181 0.0105148 0.035837 None
0 0.533094 0.740368 0.0123175 0.0100783 None
0 0.0717048 0.755074 0.00718439 0.00937364 None
0 0.86301 0.833165 0.0346416 0.0388419 None
0 0.903221 0.719212 0.0577576 0.0235752 None
0 0.986294 0.667525 0.00586052 0.0348543 None
0 0.98021 0.668749 0.00709801 0.0324536 None
0 0.677466 0.806542 0.0202203 0.0368071 None
0 0.123343 0.984775 0.0331891 0.0241208 None
0 0.904936 0.678231 0.00817719 0.0210693 None
0 0.773979 0.812395 0.00923643 0.0151445 None
0 0.104052 0.984401 0.0634171 0.0272044 None
0 0.00911685 0.981161 0.0180954 0.0161228 None
0 0.314403 0.716045 0.0204824 0.00894894 None
0 0.852602 0.841687 0.0545113 0.0258667 None
0 0.843272 0.845317 0.0447355 0.0164568 None
0 0.850797 0.844017 0.0200108 0.0130029 None
0 0.951365 0.862475 0.0191998 0.0216965 None
0 0.590809 0.909797 0.0588359 0.020194 None
0 0.391433 0.832744 0.0176298 0.0853689 None
0 0.541025 0.848989 0.00730667 0.0276186 None
0 0.842312 0.833286 0.0421354 0.0379256 None
0 0.996293 0.693064 0.0069418 0.0106593 None
0 0.492432 0.862902 0.0199986 0.0102821 None
0 0.535899 0.740734 0.0185965 0.0100359 None
0 0.876754 0.98346 0.0294785 0.0300183 None
0 0.825548 0.784586 0.0354694 0.0155185 None
0 0.995375 0.808684 0.00877552 0.0277496 None
0 0.684874 0.800951 0.0152765 0.041215 None
0 0.872321 0.84549 0.0144808 0.0153103 None
0 0.00879374 0.759738 0.0175875 0.00846795 None
0 0.588332 0.912882 0.053318 0.0136993 None
0 0.953492 0.859252 0.0280743 0.0284393 None
0 0.0972239 0.986197 0.0508624 0.0218892 None
