0 0.432477 0.895542 0.0200986 0.0788211 None
0 0.640045 0.800024 0.0108894 0.0576097 None
0 0.555079 0.818715 0.0101774 0.0512139 None
0 0.842979 0.766885 0.00851097 0.0477887 None
0 0.796444 0.776204 0.00852318 0.0487135 None
0 0.718423 0.830167 0.0139797 0.0316944 None
0 0.595387 0.809658 0.0101336 0.0579566 None
0 0.452811 0.834131 0.0134115 0.0666506 None
0 0.831188 0.835267 0.0189171 0.0327092 None
0 0.726396 0.786554 0.00997705 0.0503092 None
0 0.114321 0.983235 0.0332299 0.0271974 None
0 0.390871 0.817962 0.018258 0.0574987 None
0 0.702467 0.792705 0.0114115 0.0454342 None
0 0.687807 0.794274 0.0081707 0.0452269 None
0 0.676589 0.7911 0.00784912 0.034216 None
0 0.0171727 0.753228 0.00926473 0.018654 None
0 0.484331 0.858413 0.0360746 0.0227081 None
0 0.958417 0.749527 0.00635853 0.0362267 None
0 0.856667 0.830328 0.0140896 0.0336748 None
0 0.938038 0.726377 0.00719833 0.017994 None
0 0.0600121 0.742962 0.00505292 0.0189382 None
0 0.883856 0.979419 0.0457764 0.0395774 None
0 0.00594259 0.977686 0.0118194 0.0204995 None
0 0.954688 0.848937 0.0202799 0.0368839 None
0 0.695201 0.793838 0.00855131 0.0461758 None
0 0.973714 0.762232 0.0198639 0.0278171 None
0 0.198254 0.91659 0.0452779 0.0310416 None
0 0.354982 0.989176 0.0149812 0.0216473 None
0 0.457894 0.831744 0.00782909 0.0612006 None
0 0.85306 0.830443 0.0210274 0.0354479 None
0 0.475991 0.858333 0.0199507 0.022563 None
0 0.0220562 0.938537 0.0441124 0.031407 None
0 0.85247 0.696989 0.00587425 0.0200409 None
0 0.921315 0.972827 0.0266079 0.0418347 None
0 0.676261 0.815944 0.020874 0.018789 None
0 0.276497 0.726619 0.00424194 0.0146001 None
0 0.853195 0.848363 0.0248966 0.00901455 None
0 0.972331 0.670641 0.00560532 0.0117223 None
0 0.894319 0.975126 0.0659744 0.0466739 None
0 0.995874 0.813467 0.00784454 0.0160597 None
0 0.0977674 0.994243 0.0516095 0.00849542 None
0 0.907188 0.972815 0.0444248 0.0422753 None
0 0.578041 0.875314 0.0335587 0.0151699 None
0 0.293243 0.726839 0.0107809 0.0106493 None
0 0.973853 0.759832 0.00953751 0.0240353 None
0 0.361184 0.773977 0.00887566 0.0140757 None
0 0.101795 0.983591 0.0588923 0.0281413 None
0 0.947707 0.851615 0.0338497 0.0419366 None
0 0.0188873 0.753443 0.0129347 0.0194472 None
0 0.0636402 0.744585 0.0128201 0.0214664 None
0 0.917319 0.972329 0.0163261 0.0411107 None
0 0.489512 0.723486 0.0100613 0.00885332 None
0 0.771155 0.813389 0.0166759 0.016724 None
0 0.57788 0.874973 0.0334643 0.0147088 None
0 0.0786941 0.748579 0.00413841 0.00815396 None
0 0.674978 0.799141 0.0122587 0.0512066 None
0 0.852688 0.845306 0.0226906 0.0113546 None
0 0.322801 0.716296 0.0175122 0.0157694 None
0 0.853236 0.843082 0.0233124 0.0126092 None
0 0.456023 0.833809 0.00999851 0.0659081 None
0 0.773164 0.813756 0.0226431 0.0186718 None
0 0.152095 0.737079 0.050403 0.0176449 None
0 0.82816 0.834867 0.0137501 0.0324331 None
0 0.459328 0.828808 0.00851898 0.0563846 None
0 0.938235 0.863229 0.0202168 0.0208282 None
0 0.585529 0.913896 0.047717 0.0114921 None
0 0.97566 0.771722 0.0163925 0.00965576 None
0 0.0643986 0.749853 0.0119937 0.0112644 None
0 0.778902 0.816538 0.00992737 0.0129725 None
0 0.443956 0.76067 0.0227757 0.013346 None
0 0.00865262 0.977787 0.0172301 0.0216853 None
0 0.472877 0.858286 0.0166351 0.0221558 None
0 0.0214128 0.760007 0.0184769 0.00732591 None
0 0.0211087 0.753511 0.0181218 0.0201921 None
0 0.274291 0.726976 0.00845528 0.0153463 None
0 0.345108 0.772258 0.0417413 0.0205656 None
0 0.988785 0.675137 0.00766888 0.0162504 None
0 0.948703 0.864239 0.0409565 0.02219 None
0 0.674225 0.814112 0.0202606 0.0244158 None
0 0.853425 0.696757 0.00798874 0.0211335 None
0 0.593706 0.913507 0.0627944 0.0122623 None
0 0.859063 0.847169 0.0367908 0.0128547 None
0 0.294518 0.727631 0.016114 0.00895403 None
0 0.0687757 0.750202 0.0240174 0.0124759 None
0 0.883168 0.985287 0.0446112 0.0286577 None
0 0.0688701 0.743865 0.0245383 0.0208893 None
0 0.957309 0.865779 0.0604328 0.0170995 None
0 0.944378 0.86094 0.0314999 0.0240855 None
0 0.603607 0.914046 0.0432727 0.0109339 None
0 0.144501 0.739515 0.0345686 0.0110555 None
0 0.293838 0.725053 0.0168841 0.0136273 None
0 0.705975 0.842862 0.011832 0.00895589 None
0 0.130322 0.983109 0.064746 0.0260888 None
0 0.872565 0.845756 0.014772 0.0147413 None
0 0.995704 0.801348 0.00814743 0.0410177 None
0 0.292967 0.723381 0.0110717 0.0155265 None
0 0.359447 0.776464 0.0125356 0.0164052 None
0 0.352568 0.772237 0.0269108 0.0169573 None
0 0.833212 0.699358 0.00443344 0.0179102 None
0 0.397259 0.83909 0.0440187 0.0167542 None
0 0.494164 0.863172 0.0162413 0.0112562 None
0 0.832819 0.695283 0.00631561 0.0117901 None
0 0.725244 0.772748 0.00892353 0.0252994 None
0 0.963417 0.862166 0.0481182 0.0120243 None
0 0.153554 0.983494 0.0187116 0.0136342 None
0 0.449661 0.825479 0.00881577 0.0488954 None
0 0.95855 0.848645 0.0165606 0.0362786 None
0 0.969893 0.861931 0.0360327 0.010418 None
0 0.79656 0.817726 0.0383644 0.0110948 None
0 0.778872 0.813496 0.0418504 0.0192588 None
