0 0.452422 0.833465 0.0121445 0.0676663 None
0 0.816153 0.770676 0.0110786 0.0501946 None
0 0.737784 0.785289 0.0113529 0.0481584 None
0 0.830578 0.834859 0.0176826 0.033629 None
0 0.718576 0.830427 0.014337 0.0310113 None
0 0.75582 0.781093 0.0073164 0.0492089 None
0 0.953428 0.850098 0.0224415 0.0430091 None
0 0.473191 0.854439 0.0199093 0.0326809 None
0 0.694844 0.795825 0.00948486 0.0442898 None
0 0.797004 0.775089 0.00844498 0.0496779 None
0 0.710689 0.791935 0.0111173 0.0421154 None
0 0.834644 0.767521 0.010125 0.046834 None
0 0.784507 0.778007 0.00958109 0.0450216 None
0 0.843488 0.766276 0.00753746 0.0456178 None
0 0.702837 0.792971 0.00761938 0.0442118 None
0 0.554699 0.813834 0.0111258 0.0420353 None
0 0.85579 0.831363 0.0151394 0.031663 None
0 0.43483 0.914272 0.0220241 0.0376872 None
0 0.0663856 0.742482 0.00889703 0.0306278 None
0 0.803445 0.782418 0.00589657 0.0299188 None
0 0.425581 0.779113 0.00946789 0.0182204 None
0 0.115469 0.983206 0.0312348 0.0261315 None
0 0.795857 0.697265 0.00415411 0.0159685 None
0 0.355426 0.989264 0.013779 0.0214713 None
0 0.891502 0.976489 0.0612335 0.0451852 None
0 0.198518 0.916108 0.0461507 0.0310116 None
0 0.778348 0.698797 0.00585957 0.0175934 None
0 0.90934 0.973311 0.0504307 0.0413784 None
0 0.67706 0.8152 0.0174881 0.0198907 None
0 0.883406 0.985337 0.0449995 0.0272156 None
0 0.0222209 0.938113 0.0443415 0.0297935 None
0 0.0658689 0.734537 0.00716215 0.0157523 None
0 0.276789 0.730709 0.00565615 0.0169905 None
0 0.318419 0.712532 0.00607004 0.0174728 None
0 0.973841 0.764121 0.019986 0.024588 None
0 0.00653234 0.752237 0.00773037 0.0186832 None
0 0.995571 0.813548 0.00844917 0.0160053 None
0 0.925988 0.68216 0.0055687 0.0139581 None
0 0.903006 0.972587 0.037668 0.038327 None
0 0.0941642 0.993921 0.0435929 0.00852848 None
0 0.852585 0.833115 0.0224403 0.0355021 None
0 0.0054853 0.978818 0.0109297 0.0198703 None
0 0.557693 0.813138 0.00602493 0.0376489 None
0 0.94092 0.723737 0.00667763 0.0192149 None
0 0.187551 0.73485 0.0142387 0.00779741 None
0 0.426973 0.779179 0.0140202 0.0182298 None
0 0.110214 0.980795 0.0208296 0.0225732 None
0 0.104193 0.983978 0.0623812 0.0274224 None
0 0.120623 0.985153 0.0390078 0.0231998 None
0 0.146698 0.740326 0.00544827 0.0102173 None
0 0.769916 0.812742 0.0152128 0.0161141 None
0 0.982133 0.65951 0.00895023 0.0230591 None
0 0.0698953 0.755797 0.0286895 0.00861477 None
0 0.407554 0.765526 0.00568619 0.00973545 None
0 0.962464 0.676049 0.00470028 0.0173969 None
0 0.577467 0.87591 0.0331604 0.0138999 None
0 0.786198 0.777665 0.0103485 0.0429189 None
0 0.140907 0.74108 0.0157434 0.0115838 None
0 0.921385 0.973746 0.0277439 0.0411492 None
0 0.890271 0.982894 0.0553705 0.0324565 None
0 0.795539 0.696958 0.0054142 0.0180092 None
0 0.872238 0.845667 0.014011 0.0156338 None
0 0.577159 0.875613 0.0322752 0.0136898 None
0 0.00566385 0.753277 0.0102264 0.0201491 None
0 0.528029 0.736123 0.0193216 0.0110891 None
0 0.902137 0.979732 0.0331034 0.0264058 None
0 0.00912045 0.977932 0.0181699 0.0232953 None
0 0.799196 0.774541 0.0127884 0.0490963 None
0 0.287695 0.724614 0.00747447 0.0111803 None
0 0.126235 0.98616 0.0259667 0.0218591 None
0 0.366988 0.755872 0.0114117 0.0107225 None
0 0.772832 0.812779 0.0218277 0.0171967 None
0 0.587939 0.908094 0.0527836 0.02383 None
0 0.959541 0.850524 0.0104548 0.0396512 None
0 0.973593 0.674553 0.00537605 0.0182493 None
0 0.972998 0.651754 0.00571785 0.0143122 None
0 0.936352 0.867222 0.0120213 0.0148521 None
0 0.863242 0.833955 0.0323624 0.0364254 None
0 0.187875 0.735289 0.0149765 0.0082923 None
0 0.779216 0.815029 0.0084342 0.0125237 None
0 0.869424 0.842874 0.0195835 0.020586 None
0 0.963138 0.675082 0.00604324 0.0195184 None
0 0.898684 0.972158 0.0293007 0.0315996 None
0 0.85204 0.846985 0.0250244 0.0112944 None
0 0.0691246 0.757623 0.030522 0.0101922 None
0 0.437631 0.914658 0.0167517 0.0349816 None
0 0.00551111 0.972505 0.010979 0.0322215 None
0 0.560086 0.814376 0.00720272 0.0395584 None
0 0.860784 0.845838 0.0375153 0.0155694 None
0 0.943498 0.865407 0.0255783 0.0174042 None
0 0.9029 0.982572 0.0677488 0.0324678 None
0 0.778736 0.697943 0.00750828 0.0198753 None
0 0.0709284 0.755648 0.0264925 0.0139414 None
0 0.0692173 0.753441 0.0297004 0.0120575 None
0 0.901647 0.682938 0.00373688 0.0110695 None
0 0.597433 0.915379 0.032008 0.00890418 None
0 0.0605513 0.753539 0.0131608 0.00897352 None
0 0.0631333 0.75337 0.0117232 0.0100608 None
0 0.923606 0.97888 0.0225826 0.0302148 None
0 0.914752 0.981005 0.0164715 0.0243215 None
0 0.790532 0.820236 0.027005 0.00779453 None
