0 0.453217 0.833419 0.0124875 0.0685347 33383
0 0.865749 0.760369 0.00983486 0.0522035 33384
0 0.695678 0.793384 0.0103252 0.047505 33385
0 0.830676 0.834617 0.0176399 0.0336358 33386
0 0.70678 0.791373 0.0114483 0.0482507 33387
0 0.755249 0.78121 0.00844269 0.0495839 33388
0 0.542634 0.817348 0.0108156 0.0514242 33389
0 0.744816 0.784432 0.00876999 0.04725 33390
0 0.802375 0.775426 0.00826588 0.0452257 33391
0 0.833393 0.766512 0.0096859 0.0493178 33392
0 0.843225 0.765811 0.00773697 0.046992 33393
0 0.736723 0.787897 0.00992088 0.0422697 33394
0 0.953725 0.84898 0.0220242 0.0401547 33395
0 0.796693 0.776228 0.00755138 0.0505069 33396
0 0.852697 0.832053 0.0223057 0.0352249 33397
0 0.817647 0.780314 0.00593872 0.031133 33398
0 0.469358 0.85203 0.0145844 0.0355865 33399
0 0.718261 0.829932 0.0141238 0.032805 33400
0 0.790287 0.698641 0.00572681 0.016993 33401
0 0.935859 0.723246 0.00597305 0.019781 33402
0 0.433499 0.914798 0.0248705 0.0370505 33403
0 0.891916 0.975937 0.0614956 0.0459422 33404
0 0.346498 0.756538 0.00765996 0.021679 33405
0 0.712685 0.830589 0.025828 0.0334734 33406
0 0.0722375 0.736698 0.00710648 0.0189779 33407
0 0.008859 0.746684 0.0102099 0.0186829 33408
0 0.97346 0.743554 0.0075489 0.028083 33409
0 0.00569113 0.978642 0.0113159 0.0204256 33410
0 0.903727 0.973009 0.0380066 0.0401225 33411
0 0.114773 0.980997 0.0299456 0.0233719 33412
0 0.198629 0.916148 0.0467911 0.0320312 33413
0 0.533653 0.739554 0.0176184 0.0105221 33414
0 0.272484 0.731393 0.00590916 0.015436 33415
0 0.109703 0.9805 0.0199754 0.0230955 33416
0 0.675658 0.816183 0.0155596 0.0194851 33417
0 0.354406 0.989226 0.0165607 0.0215482 33418
0 0.856206 0.830891 0.0150208 0.0337497 33419
0 0.0221147 0.93849 0.0442294 0.0289646 33420
0 0.577727 0.875768 0.0325228 0.0147569 33421
0 0.319798 0.708627 0.00607157 0.01804 33422
0 0.771805 0.700071 0.0077796 0.0203044 33423
0 0.980086 0.737913 0.00913219 0.037173 33424
0 0.527489 0.739058 0.00536747 0.0104957 33425
0 0.97543 0.739605 0.0118847 0.0363675 33426
0 0.0723775 0.73902 0.0105535 0.0207482 33427
0 0.883551 0.979316 0.0452179 0.0393446 33428
0 0.297031 0.727755 0.003894 0.011281 33429
0 0.271021 0.731735 0.00881004 0.0161187 33430
0 0.818822 0.78019 0.00838203 0.0316416 33431
0 0.921968 0.973562 0.0269802 0.0410116 33432
0 0.881104 0.67986 0.00891666 0.0178133 33433
0 0.108675 0.983651 0.0519965 0.0275343 33434
0 0.952188 0.859377 0.0186237 0.0228621 33435
0 0.119852 0.984443 0.0396108 0.0235211 33436
0 0.913357 0.973689 0.0439564 0.0407632 33437
0 0.67962 0.815948 0.0219939 0.0192086 33438
0 0.440906 0.918552 0.0101314 0.0246104 33439
0 0.977416 0.674936 0.0065958 0.0215183 33440
0 0.972756 0.74289 0.0105465 0.0302065 33441
0 0.301796 0.730112 0.0137061 0.0106649 33442
0 0.104165 0.993582 0.063997 0.00960744 33443
0 0.972025 0.671806 0.0058815 0.0216159 33444
0 0.974379 0.761748 0.0163258 0.0288683 33445
0 0.769878 0.813043 0.0132692 0.0155884 33446
0 0.774931 0.813483 0.0180383 0.0174611 33447
0 0.894928 0.681611 0.00740471 0.0160167 33448
0 0.772022 0.813073 0.0107496 0.0154334 33449
0 0.975012 0.765411 0.0194323 0.0220408 33450
0 0.880781 0.984298 0.0397221 0.029816 33451
0 0.858823 0.834278 0.038986 0.0395403 33452
0 0.452403 0.773283 0.00432568 0.0092648 33453
0 0.871004 0.845594 0.0135805 0.015647 33454
0 0.413508 0.767321 0.00432682 0.00841573 33455
0 0.126571 0.985784 0.0267095 0.0205412 33456
0 0.777569 0.814036 0.0123765 0.0161519 33457
0 0.00585936 0.972 0.0115843 0.0339115 33458
0 0.971699 0.667845 0.00608482 0.015991 33459
0 0.190822 0.7312 0.0108693 0.00928209 33460
0 0.850378 0.835243 0.0212027 0.0305417 33461
0 0.915306 0.971242 0.0115086 0.0369642 33462
0 0.141016 0.735078 0.0100388 0.00828722 33463
0 0.672917 0.817078 0.0201216 0.0209423 33464
0 0.441191 0.771908 0.00734081 0.0134303 33465
0 0.956341 0.866423 0.0283768 0.0149099 33466
0 0.882319 0.765004 0.0284014 0.0129618 33467
0 0.193311 0.73168 0.0161383 0.0108609 33468
0 0.0983608 0.993684 0.0521931 0.00811395 33469
0 0.841146 0.833058 0.0445644 0.0364056 33470
0 0.790847 0.702385 0.00702763 0.0245943 33471
0 0.304869 0.716086 0.0164787 0.00743103 33472
0 0.95651 0.852361 0.0283134 0.0392795 33473
0 0.977157 0.770116 0.0226418 0.0132616 33474
0 0.391438 0.812779 0.0167808 0.0455899 33475
0 0.391272 0.798896 0.0085103 0.0186213 33476
0 0.96023 0.849822 0.0169163 0.039897 33477
0 0.973201 0.674553 0.0078373 0.0212133 33478
0 0.824105 0.814999 0.0235493 0.0101505 33479
0 0.887705 0.680254 0.0216644 0.0186218 33480
