0 0.379238 0.89862 0.0156751 0.0831519 89525
0 0.451594 0.834045 0.0137607 0.0657433 89526
0 0.430003 0.83495 0.0135366 0.0610287 89527
0 0.796333 0.775719 0.00870361 0.0493373 89528
0 0.555191 0.819306 0.0103107 0.0510768 89529
0 0.571955 0.811892 0.0133442 0.0548591 89530
0 0.610918 0.8047 0.0116923 0.0585514 89531
0 0.830887 0.83487 0.0178654 0.0335765 89532
0 0.722459 0.78701 0.0123152 0.0494197 89533
0 0.843352 0.767697 0.00776329 0.0463784 89534
0 0.664165 0.799859 0.00835781 0.0490658 89535
0 0.717836 0.829946 0.0134851 0.0316837 89536
0 0.114618 0.983752 0.0321564 0.0264699 89537
0 0.475182 0.856067 0.0187025 0.0269011 89538
0 0.688497 0.794415 0.0120707 0.0454965 89539
0 0.957333 0.848197 0.0158405 0.0350895 89540
0 0.702008 0.791274 0.00971813 0.0490482 89541
0 0.894032 0.975441 0.0630661 0.0450165 89542
0 0.855846 0.830065 0.0156731 0.0344025 89543
0 0.35499 0.989357 0.0136854 0.0212852 89544
0 0.71404 0.792518 0.0127802 0.0139679 89545
0 0.974608 0.762473 0.0179058 0.0267778 89546
0 0.198211 0.915719 0.0450959 0.0315947 89547
0 0.0104353 0.751659 0.00906939 0.0167458 89548
0 0.905495 0.973146 0.0415613 0.0396647 89549
0 0.935303 0.728032 0.00774727 0.0270796 89550
0 0.022548 0.938841 0.0450959 0.030402 89551
0 0.950602 0.85764 0.0152946 0.0255446 89552
0 0.954476 0.84994 0.0216124 0.0386826 89553
0 0.391276 0.812223 0.0176118 0.0457019 89554
0 0.0546783 0.743673 0.0076037 0.0202683 89555
0 0.391244 0.825609 0.0181937 0.0733488 89556
0 0.0949295 0.994318 0.0457597 0.00813582 89557
0 0.852796 0.83071 0.0223511 0.0356445 89558
0 0.883559 0.984601 0.0448063 0.0283335 89559
0 0.855264 0.697854 0.00617867 0.0188622 89560
0 0.4476 0.762443 0.00680742 0.0162479 89561
0 0.846794 0.696763 0.00541687 0.0137965 89562
0 0.972998 0.76205 0.0120781 0.026373 89563
0 0.00771394 0.978911 0.0153053 0.0186337 89564
0 0.458541 0.763873 0.00379372 0.0111338 89565
0 0.284311 0.729113 0.00495553 0.0119475 89566
0 0.353814 0.771854 0.00691133 0.0119229 89567
0 0.279573 0.73096 0.00686226 0.0158864 89568
0 0.577471 0.875595 0.0320401 0.0146366 89569
0 0.943988 0.741715 0.00693626 0.0288327 89570
0 0.0166321 0.760079 0.0256421 0.00869276 89571
0 0.995949 0.810497 0.0076973 0.0228706 89572
0 0.852796 0.848858 0.0259659 0.00927887 89573
0 0.280471 0.731559 0.00510454 0.0152759 89574
0 0.945291 0.747328 0.00822144 0.0402834 89575
0 0.71494 0.830261 0.0202671 0.0325061 89576
0 0.484334 0.856189 0.0379931 0.0272837 89577
0 0.996107 0.815235 0.00737991 0.0134471 89578
0 0.94324 0.740084 0.00799122 0.0229513 89579
0 0.0149291 0.753 0.0226462 0.0184964 89580
0 0.577296 0.875277 0.0316649 0.014198 89581
0 0.886253 0.977529 0.0476677 0.0382548 89582
0 0.0666452 0.750295 0.0166146 0.0125064 89583
0 0.677952 0.814828 0.016597 0.0191735 89584
0 0.0557795 0.742906 0.00560002 0.0202393 89585
0 0.774919 0.801058 0.0516954 0.0109534 89586
0 0.683308 0.795986 0.00805922 0.038622 89587
0 0.94532 0.859045 0.0253029 0.025463 89588
0 0.6958 0.795209 0.00622358 0.0377964 89589
0 0.788052 0.79971 0.0767584 0.0129088 89590
0 0.153348 0.983547 0.0175433 0.012402 89591
0 0.855411 0.700897 0.00693741 0.0250432 89592
0 0.588246 0.913313 0.0542157 0.012461 89593
0 0.772689 0.79924 0.0464272 0.0132782 89594
0 0.950746 0.850933 0.0265606 0.0411021 89595
0 0.94381 0.748101 0.0127289 0.0403976 89596
0 0.957887 0.870106 0.0255159 0.00838081 89597
0 0.77043 0.802801 0.0424849 0.0083669 89598
0 0.856065 0.698324 0.00809765 0.0207411 89599
0 0.05398 0.747771 0.0105155 0.019105 89600
0 0.954122 0.859344 0.0261259 0.0291153 89601
0 0.102599 0.984767 0.0605354 0.0261783 89602
0 0.954571 0.866949 0.0364883 0.0128823 89603
0 0.99599 0.804821 0.00758629 0.0339966 89604
0 0.592356 0.914538 0.042719 0.00928582 89605
0 0.843724 0.847125 0.0448923 0.0131427 89606
0 0.676788 0.812307 0.0170469 0.0242138 89607
0 0.93894 0.85982 0.0234617 0.0252718 89608
0 0.588293 0.909879 0.0550795 0.0189963 89609
0 0.917883 0.972662 0.0175257 0.038913 89610
0 0.93707 0.729777 0.010994 0.029975 89611
0 0.713282 0.791122 0.0128986 0.0182814 89612
0 0.0100467 0.978908 0.0198917 0.0207509 89613
0 0.700364 0.794071 0.0118227 0.0490472 89614
0 0.906369 0.671848 0.00566025 0.012127 89615
0 0.769766 0.813117 0.0143482 0.0152134 89616
0 0.966871 0.86305 0.0385891 0.0109473 89617
0 0.80681 0.817644 0.0623728 0.012186 89618
