0 0.453873 0.83408 0.012182 0.0666187 None
0 0.703064 0.791679 0.00964527 0.0488993 None
0 0.560538 0.815786 0.0112161 0.0537743 None
0 0.831213 0.834716 0.0185314 0.03348 None
0 0.843093 0.765522 0.00837421 0.0505422 None
0 0.718401 0.830667 0.0146065 0.0301217 None
0 0.789004 0.775147 0.0107302 0.0512539 None
0 0.765722 0.780377 0.010201 0.049703 None
0 0.692496 0.794406 0.00975323 0.0470256 None
0 0.736006 0.786251 0.00922785 0.0469035 None
0 0.797241 0.775615 0.00740776 0.0498037 None
0 0.655745 0.802315 0.00963917 0.0452121 None
0 0.953519 0.849274 0.0220346 0.0415507 None
0 0.747121 0.782753 0.00708771 0.048912 None
0 0.390956 0.817227 0.017907 0.0556288 None
0 0.973811 0.762495 0.0198891 0.0290649 None
0 0.856271 0.830537 0.014415 0.0328345 None
0 0.941359 0.727788 0.00820179 0.0212287 None
0 0.434103 0.914231 0.0235712 0.0359968 None
0 0.0602417 0.739351 0.00524635 0.017121 None
0 0.956837 0.848766 0.0155682 0.0404338 None
0 0.745514 0.783598 0.00989761 0.0503282 None
0 0.47664 0.857641 0.0340014 0.023634 None
0 0.118988 0.983766 0.0376697 0.0260189 None
0 0.00548945 0.753161 0.00826188 0.0177256 None
0 0.198259 0.915564 0.0460467 0.0320458 None
0 0.288833 0.723047 0.00744991 0.016609 None
0 0.354953 0.989149 0.0146354 0.0217027 None
0 0.675661 0.816088 0.016674 0.0207811 None
0 0.755522 0.783517 0.00706701 0.0443958 None
0 0.883877 0.980577 0.0460804 0.0378281 None
0 0.414207 0.76198 0.00481434 0.0135257 None
0 0.85307 0.831009 0.0226135 0.0341061 None
0 0.921387 0.973413 0.0270666 0.040372 None
0 0.11209 0.984263 0.0527264 0.0266025 None
0 0.38383 0.758547 0.00932627 0.0123961 None
0 0.995898 0.811578 0.00779266 0.0197998 None
0 0.853111 0.848488 0.0250286 0.00916663 None
0 0.890284 0.976227 0.0583675 0.0453771 None
0 0.0949777 0.994235 0.0451854 0.00804681 None
0 0.0220205 0.938671 0.044041 0.0285056 None
0 0.756916 0.783934 0.00915546 0.0457794 None
0 0.00297325 0.974761 0.00590133 0.0263095 None
0 0.0665641 0.748282 0.00925076 0.016984 None
0 0.577257 0.875733 0.0334306 0.0147637 None
0 0.917878 0.973259 0.0190624 0.0397349 None
0 0.739417 0.785941 0.00838337 0.0472312 None
0 0.951797 0.675801 0.00424004 0.0142927 None
0 0.104007 0.993806 0.0637382 0.00853305 None
0 0.902773 0.973438 0.0336525 0.040763 None
0 0.318173 0.710394 0.00522108 0.0150957 None
0 0.914068 0.972945 0.0102427 0.039192 None
0 0.275422 0.730169 0.00679827 0.0173326 None
0 0.0647392 0.744049 0.0146619 0.0250549 None
0 0.00517433 0.974678 0.0102738 0.0274278 None
0 0.137517 0.740605 0.0126542 0.0103334 None
0 0.894795 0.68276 0.00535965 0.0149419 None
0 0.114312 0.982819 0.0290863 0.022437 None
0 0.741377 0.786686 0.00620346 0.0454085 None
0 0.907848 0.973217 0.0237268 0.0396386 None
0 0.972942 0.672104 0.00562286 0.0154135 None
0 0.00415851 0.758736 0.00803275 0.0089959 None
0 0.998065 0.668573 0.00341454 0.0158797 None
0 0.0623166 0.750613 0.029079 0.0119722 None
0 0.877695 0.679468 0.00511417 0.0130307 None
0 0.411095 0.764841 0.0108232 0.019121 None
0 0.521876 0.727004 0.00794144 0.0122199 None
0 0.940676 0.737124 0.0136953 0.00877245 None
0 0.79275 0.775702 0.0108899 0.0507819 None
0 0.412719 0.763048 0.00816917 0.0149585 None
0 0.806959 0.699834 0.00678101 0.0199997 None
0 0.48394 0.857125 0.0380501 0.0230888 None
0 0.85224 0.845441 0.023024 0.0115465 None
0 0.409319 0.773546 0.00896587 0.0155328 None
0 0.697409 0.792623 0.0196793 0.0496182 None
0 0.48173 0.856758 0.0233554 0.022316 None
0 0.784159 0.697452 0.00400419 0.0143178 None
0 0.0604688 0.753081 0.025788 0.00953335 None
0 0.131473 0.983823 0.0632978 0.0251475 None
0 0.923175 0.737407 0.00610371 0.00831536 None
0 0.773309 0.812236 0.00652924 0.0152701 None
0 0.983909 0.669038 0.00639191 0.0212925 None
0 0.805799 0.698948 0.00641365 0.0183911 None
0 0.00446098 0.96927 0.00888099 0.0388245 None
0 0.00938147 0.975103 0.0186033 0.0297902 None
0 0.109419 0.981724 0.0190991 0.0223528 None
0 0.124555 0.985038 0.0299999 0.0237844 None
0 0.91076 0.975847 0.0499666 0.0444672 None
0 0.77959 0.816109 0.00744972 0.0091885 None
0 0.994856 0.81063 0.00984898 0.0225006 None
0 0.857975 0.847012 0.0351213 0.0139103 None
0 0.942134 0.728673 0.0106625 0.0238702 None
0 0.923438 0.681046 0.00472832 0.0101684 None
0 0.753606 0.783624 0.0129875 0.0462592 None
0 0.54121 0.849002 0.00740776 0.0269114 None
0 0.00314253 0.958718 0.00626637 0.0582803 None
0 0.52229 0.727506 0.0142785 0.0148887 None
0 0.949663 0.861226 0.0145542 0.0195979 None
0 0.319235 0.710708 0.00731692 0.0161543 None
0 0.673294 0.814865 0.0218702 0.0231442 None
0 0.137732 0.740987 0.0198471 0.011144 None
0 0.936231 0.866893 0.0116787 0.0159892 None
0 0.947381 0.859953 0.00993767 0.0189192 None
0 0.180868 0.735323 0.0119483 0.00715603 None
0 0.844938 0.846566 0.0425247 0.0133904 None
0 0.863125 0.832948 0.0318615 0.0374352 None
0 0.790654 0.820701 0.0263602 0.0067415 None
0 0.440367 0.914942 0.0112986 0.0331211 None
0 0.011254 0.760713 0.0216104 0.00829213 None
0 0.153492 0.983344 0.0179672 0.0130503 None
0 0.95578 0.863707 0.0304714 0.0201962 None
0 0.995776 0.804062 0.00801277 0.034985 None
0 0.776468 0.812188 0.0135794 0.0162584 None
0 0.957 0.855896 0.0262146 0.0324276 None
0 0.054923 0.740978 0.0152504 0.0125264 None
0 0.992322 0.773372 0.014896 0.00968492 None
0 0.287606 0.726078 0.0111605 0.0145779 None
0 0.15374 0.983527 0.0179708 0.0140574 None
0 0.936133 0.866513 0.0117107 0.0159868 None
0 0.798839 0.775652 0.0100761 0.0504651 None
0 0.959668 0.869139 0.0220554 0.00885332 None
0 0.0613173 0.743472 0.0244074 0.0262022 None
