0 0.452359 0.833615 0.0127259 0.067238 37829
0 0.725505 0.788491 0.00901117 0.0431824 37830
0 0.741818 0.78436 0.00891943 0.0476737 37831
0 0.755382 0.781245 0.00817986 0.0486932 37832
0 0.830658 0.834699 0.0179417 0.0336617 37833
0 0.842328 0.766115 0.00962086 0.0467192 37834
0 0.691931 0.794853 0.00973721 0.0446001 37835
0 0.851812 0.764162 0.00982857 0.0511602 37836
0 0.703783 0.791577 0.0104427 0.0480774 37837
0 0.824462 0.770984 0.010891 0.0486754 37838
0 0.547666 0.813089 0.0111886 0.0498057 37839
0 0.852501 0.831895 0.0232716 0.035611 37840
0 0.796596 0.775231 0.0112007 0.0492076 37841
0 0.718286 0.830251 0.0138582 0.0319621 37842
0 0.391163 0.813115 0.0175836 0.0462429 37843
0 0.816592 0.780889 0.00651436 0.0332709 37844
0 0.953748 0.848423 0.022076 0.0397247 37845
0 0.471578 0.854436 0.0171249 0.0323113 37846
0 0.891823 0.976276 0.0619896 0.0460578 37847
0 0.355703 0.75676 0.00794697 0.0206872 37848
0 0.957098 0.847815 0.0152599 0.0381727 37849
0 0.00562511 0.977078 0.0111985 0.0240124 37850
0 0.433541 0.914492 0.0245026 0.0363414 37851
0 0.712531 0.830672 0.0260242 0.0330207 37852
0 0.934706 0.728022 0.00682755 0.0208727 37853
0 0.792394 0.702628 0.00624952 0.0233538 37854
0 0.198706 0.916256 0.0467704 0.0316715 37855
0 0.439658 0.779551 0.00566435 0.0169647 37856
0 0.00909489 0.750066 0.00849342 0.0173552 37857
0 0.469121 0.856321 0.0119813 0.0277323 37858
0 0.577687 0.875763 0.0324486 0.0148268 37859
0 0.675568 0.817078 0.0146408 0.018908 37860
0 0.904699 0.973157 0.0401558 0.0403229 37861
0 0.0221484 0.938571 0.0442969 0.0277247 37862
0 0.0698832 0.742831 0.0101644 0.0227091 37863
0 0.354614 0.989269 0.0161103 0.021462 37864
0 0.0680436 0.738375 0.0077955 0.0155311 37865
0 0.0714145 0.745296 0.00697522 0.0200904 37866
0 0.115254 0.982362 0.0310706 0.0259776 37867
0 0.391084 0.831134 0.0180387 0.0827076 37868
0 0.109671 0.980675 0.0202104 0.0231489 37869
0 0.951787 0.859145 0.0185328 0.0244585 37870
0 0.475681 0.853691 0.0105402 0.0318215 37871
0 0.27452 0.724696 0.00611668 0.0187039 37872
0 0.996201 0.677706 0.00718002 0.0211863 37873
0 0.434709 0.776952 0.00447788 0.0142071 37874
0 0.141577 0.736823 0.0067966 0.00825331 37875
0 0.855847 0.830812 0.0159258 0.0340174 37876
0 0.319284 0.712477 0.00668788 0.0179771 37877
0 0.43653 0.917523 0.0181854 0.0290782 37878
0 0.145904 0.737888 0.0169009 0.0095381 37879
0 0.52971 0.739218 0.0153729 0.0099216 37880
0 0.775177 0.699112 0.00710506 0.0179069 37881
0 0.0562269 0.751872 0.00353243 0.0103963 37882
0 0.109303 0.983712 0.0472753 0.0270213 37883
0 0.440757 0.918797 0.0101263 0.0252324 37884
0 0.540681 0.84917 0.00689049 0.0289381 37885
0 0.409909 0.768046 0.00430307 0.00961168 37886
0 0.436443 0.777789 0.00811567 0.0160275 37887
0 0.88281 0.982978 0.0438803 0.0322761 37888
0 0.793903 0.768209 0.0073431 0.0315396 37889
0 0.103554 0.993359 0.0631713 0.00972561 37890
0 0.119622 0.984587 0.0393524 0.0231912 37891
0 0.97597 0.764095 0.022508 0.0250629 37892
0 0.907934 0.975168 0.0549297 0.0448863 37893
0 0.996544 0.810918 0.00650063 0.0206902 37894
0 0.147426 0.738343 0.0152513 0.00777825 37895
0 0.922272 0.973706 0.0268925 0.0414017 37896
0 0.971899 0.675279 0.00552635 0.0188955 37897
0 0.858688 0.833989 0.0385616 0.0395196 37898
0 0.318142 0.714003 0.00782862 0.0170202 37899
0 0.773168 0.812887 0.00761795 0.015214 37900
0 0.524466 0.738772 0.00580816 0.00955811 37901
0 0.775507 0.813021 0.0163667 0.016687 37902
0 0.0701212 0.743813 0.0133425 0.0252519 37903
0 0.858805 0.840423 0.0386505 0.0264011 37904
0 0.189176 0.734232 0.0100729 0.00877177 37905
0 0.12464 0.985879 0.0292084 0.0205183 37906
0 0.769097 0.812984 0.011512 0.0153144 37907
0 0.142839 0.736654 0.0099628 0.00889672 37908
0 0.440769 0.779326 0.00950565 0.0174625 37909
0 0.428972 0.917721 0.0206222 0.0311574 37910
0 0.897849 0.684105 0.00447884 0.0114653 37911
0 0.826309 0.770181 0.0114788 0.0475991 37912
0 0.798893 0.775244 0.00950508 0.0486786 37913
0 0.0086652 0.752004 0.0108866 0.0211188 37914
0 0.098812 0.993712 0.0533715 0.00792626 37915
0 0.959692 0.84899 0.0173756 0.0399819 37916
0 0.121925 0.986053 0.0193554 0.0215281 37917
0 0.0548262 0.751681 0.00650026 0.0109992 37918
0 0.697863 0.792789 0.0213739 0.0490819 37919
0 0.707847 0.786206 0.00433769 0.0132251 37920
0 0.956332 0.864481 0.0281424 0.0187293 37921
0 0.410134 0.767744 0.0064765 0.0100759 37922
0 0.878704 0.985575 0.0359825 0.0274502 37923
0 0.881995 0.680638 0.00731335 0.0151125 37924
0 0.839556 0.833995 0.0366356 0.0352946 37925
0 0.81594 0.782909 0.0083168 0.0390527 37926
0 0.350117 0.989294 0.0260389 0.0213537 37927
0 0.88114 0.678481 0.00695038 0.0152942 37928
0 0.959994 0.849851 0.0354784 0.042825 37929
0 0.540954 0.853019 0.00823383 0.037796 37930
0 0.957002 0.866987 0.0288342 0.0126078 37931
0 0.153528 0.983404 0.0175623 0.0131653 37932
0 0.591301 0.907769 0.0553038 0.0223033 37933
0 0.155616 0.738361 0.0396143 0.00986023 37934
0 0.958172 0.868579 0.0247135 0.0104048 37935
0 0.979597 0.765231 0.0204206 0.0234399 37936
