0 0.590814 0.809946 0.0118671 0.0597602 None
0 0.408821 0.83982 0.0159183 0.0617057 None
0 0.796727 0.775162 0.00875711 0.0498661 None
0 0.452557 0.834895 0.0119907 0.0650319 None
0 0.830867 0.834972 0.0174622 0.0326023 None
0 0.843173 0.766508 0.00839958 0.0469598 None
0 0.654902 0.801434 0.00926647 0.0450923 None
0 0.343387 0.900222 0.016775 0.081233 None
0 0.689153 0.795192 0.0106307 0.046588 None
0 0.717974 0.830491 0.0136455 0.0309085 None
0 0.701162 0.794546 0.0107121 0.0495622 None
0 0.198647 0.916528 0.0439388 0.0297621 None
0 0.114598 0.98277 0.0330971 0.0277103 None
0 0.725103 0.786297 0.0112471 0.0514821 None
0 0.712373 0.789557 0.00835228 0.0487088 None
0 0.552298 0.815867 0.0121212 0.0542187 None
0 0.956839 0.847572 0.0157177 0.0348221 None
0 0.0221856 0.938424 0.0443711 0.0311228 None
0 0.856149 0.832309 0.0149563 0.0298228 None
0 0.971739 0.762498 0.0131283 0.0272241 None
0 0.893889 0.975784 0.0647526 0.0445068 None
0 0.475383 0.857405 0.0188337 0.0234314 None
0 0.483898 0.857495 0.03635 0.0236928 None
0 0.85344 0.833006 0.0211212 0.0309574 None
0 0.671319 0.806175 0.00700703 0.0368835 None
0 0.90643 0.973304 0.0399694 0.0394906 None
0 0.0522466 0.741473 0.00542498 0.0153025 None
0 0.0963134 0.99409 0.0486328 0.00819058 None
0 0.974274 0.762589 0.0184303 0.0279544 None
0 0.35533 0.989284 0.0135108 0.0214322 None
0 0.00546174 0.976028 0.01086 0.0257114 None
0 0.917469 0.972895 0.0171173 0.0385032 None
0 0.55049 0.814078 0.00931644 0.0511193 None
0 0.108753 0.983032 0.0471686 0.0287006 None
0 0.00426306 0.757814 0.00846673 0.0108683 None
0 0.934259 0.746075 0.0113636 0.040211 None
0 0.883673 0.981221 0.0447556 0.0353326 None
0 0.554968 0.81535 0.0102564 0.0546468 None
0 0.677813 0.815476 0.0198715 0.0197715 None
0 0.9339 0.749866 0.00917816 0.0349202 None
0 0.996151 0.813571 0.00729218 0.0157138 None
0 0.949796 0.849927 0.0261429 0.0391907 None
0 0.715139 0.830881 0.0200628 0.0316583 None
0 0.677581 0.807649 0.0192663 0.0352363 None
0 0.921447 0.973253 0.0260046 0.0390269 None
0 0.772483 0.813438 0.019894 0.0180293 None
0 0.674296 0.806186 0.0126288 0.036436 None
0 0.577055 0.875664 0.034022 0.0138055 None
0 0.556612 0.816382 0.0068202 0.0530748 None
0 0.852999 0.848487 0.0238976 0.00885756 None
0 0.855218 0.696861 0.00790749 0.0180868 None
0 0.391478 0.833254 0.0173846 0.0851034 None
0 0.933257 0.741951 0.0137882 0.0483354 None
0 0.857035 0.69652 0.0118435 0.0197292 None
0 0.503104 0.717962 0.00744038 0.0106639 None
0 0.947459 0.853992 0.0214529 0.0322415 None
0 0.391556 0.817552 0.0169222 0.0549883 None
0 0.307055 0.766441 0.0203662 0.0138857 None
0 0.00559353 0.757595 0.011003 0.0118661 None
0 0.540666 0.84972 0.00714712 0.0260403 None
0 0.884978 0.9759 0.0424822 0.0296992 None
0 0.281624 0.738558 0.0134172 0.0131833 None
0 0.717891 0.78759 0.0186033 0.0490133 None
0 0.0582919 0.745083 0.022701 0.0229884 None
0 0.00874447 0.97613 0.01739 0.0276126 None
0 0.722869 0.7879 0.0125593 0.0486437 None
0 0.0609332 0.743059 0.00922821 0.0113163 None
0 0.577513 0.879705 0.0342035 0.0131717 None
0 0.0503681 0.745098 0.00968654 0.0223716 None
0 0.996853 0.731854 0.00487232 0.0271266 None
0 0.447693 0.826859 0.0050396 0.0391602 None
0 0.858769 0.835657 0.0393797 0.0371626 None
0 0.904056 0.684168 0.00685577 0.013086 None
0 0.863239 0.834601 0.0280972 0.0345634 None
0 0.498754 0.718207 0.0166745 0.0118778 None
0 0.0042979 0.973487 0.00852644 0.0302205 None
0 0.947048 0.859109 0.0186169 0.0218031 None
0 0.153442 0.983632 0.0175524 0.0123788 None
0 0.173585 0.73646 0.0133636 0.0102139 None
0 0.859067 0.795058 0.00819244 0.0125902 None
0 0.101042 0.992422 0.0575351 0.0109026 None
0 0.948377 0.859304 0.0249722 0.0234863 None
0 0.819271 0.814767 0.00988674 0.00963609 None
0 0.838402 0.834836 0.0330612 0.0338155 None
0 0.91041 0.671153 0.00756645 0.00952767 None
0 0.724168 0.781261 0.0088274 0.0430481 None
0 0.965687 0.863491 0.0438923 0.00930074 None
0 0.298734 0.764901 0.0065824 0.0100674 None
0 0.878574 0.985069 0.0348396 0.0282435 None
0 0.453007 0.764041 0.0058794 0.0101786 None
0 0.959302 0.671404 0.00350761 0.00978394 None
0 0.333717 0.725018 0.0163172 0.00966119 None
0 0.495004 0.863205 0.0143338 0.0106357 None
0 0.389212 0.80046 0.0117172 0.0225525 None
0 0.871285 0.845289 0.0121637 0.0156998 None
0 0.715453 0.825364 0.0166718 0.0415995 None
0 0.782563 0.8142 0.034454 0.0190223 None
0 0.931731 0.728027 0.00982533 0.0203654 None
0 0.843893 0.843539 0.0446894 0.0196933 None
0 0.577915 0.887104 0.034774 0.00883247 None
0 0.332419 0.723993 0.0186902 0.0112835 None
0 0.895659 0.97329 0.0191814 0.02284 None
0 0.941082 0.679311 0.00491829 0.00942747 None
0 0.958765 0.865922 0.0575201 0.0143304 None
