0 0.452461 0.834505 0.0123268 0.0652011 77520
0 0.489563 0.825765 0.0119205 0.0558336 77521
0 0.84182 0.766924 0.00846672 0.0453966 77522
0 0.67544 0.789155 0.0100697 0.046825 77523
0 0.741383 0.782119 0.00812454 0.0492713 77524
0 0.796139 0.776241 0.00837956 0.048242 77525
0 0.638082 0.800751 0.0104502 0.0551534 77526
0 0.830835 0.834956 0.0177872 0.0331282 77527
0 0.953671 0.850858 0.0218781 0.0408465 4
0 0.558149 0.818785 0.012263 0.05098 77528
0 0.718543 0.829594 0.0145227 0.0327179 77529
0 0.690202 0.794204 0.00788822 0.0459651 77530
0 0.0168118 0.751444 0.00953333 0.0188054 77531
0 0.0220959 0.938221 0.0441918 0.0272717 77532
0 0.434421 0.910523 0.0240908 0.0427389 77533
0 0.11457 0.982404 0.0334476 0.0277327 77534
0 0.31532 0.711972 0.00742359 0.0232998 77535
0 0.704099 0.790563 0.0111464 0.0480357 77536
0 0.854911 0.829749 0.0165846 0.0339132 77537
0 0.695095 0.80098 0.0072793 0.0324556 77538
0 0.89082 0.975637 0.0592625 0.0468241 77539
0 0.701268 0.792232 0.00735912 0.0432621 77540
0 0.198152 0.915671 0.0454921 0.0315976 77541
0 0.354997 0.989124 0.01512 0.0217529 77542
0 0.272956 0.728044 0.00635614 0.0155248 77543
0 0.822429 0.696986 0.00557079 0.0178509 77544
0 0.972991 0.741372 0.00992928 0.0327023 77545
0 0.0661263 0.734816 0.00689399 0.0195441 77546
0 0.937039 0.728039 0.00765686 0.0228834 77547
0 0.475534 0.858335 0.0184988 0.0214147 77548
0 0.291994 0.72427 0.0103682 0.0156348 77549
0 0.0954436 0.994186 0.0463193 0.00798374 77550
0 0.902942 0.972291 0.0356602 0.0404856 77551
0 0.910644 0.972808 0.0491825 0.0419701 77552
0 0.427457 0.760895 0.0217835 0.0145135 77553
0 0.106273 0.982814 0.0499524 0.0290107 77554
0 0.00560948 0.978762 0.0111778 0.0197954 77555
0 0.438897 0.913297 0.0154219 0.03624 77556
0 0.431383 0.760634 0.0139558 0.0134901 77557
0 0.715396 0.82993 0.0215294 0.0335137 77558
0 0.848156 0.698116 0.00476646 0.0187482 77559
0 0.883428 0.984585 0.0447971 0.0291846 77560
0 0.688601 0.793723 0.0108685 0.0469025 77561
0 0.162057 0.727551 0.0128794 0.0104628 77562
0 0.577149 0.875332 0.0332727 0.0132063 77563
0 0.973133 0.673024 0.0045227 0.0174357 77564
0 0.974095 0.763925 0.0183691 0.0247264 77565
0 0.430682 0.910022 0.0162863 0.0422652 77566
0 0.773662 0.813247 0.0217629 0.0178736 77567
0 0.920498 0.97307 0.0311565 0.0422723 77568
0 0.974501 0.770558 0.018532 0.0121284 77569
0 0.983717 0.663287 0.00493908 0.0155629 77570
0 0.0690809 0.735936 0.0131661 0.0225399 77571
0 0.997353 0.670651 0.00486946 0.0158724 77572
0 0.996406 0.815247 0.00677109 0.0114354 77573
0 0.8551 0.794786 0.0169308 0.0130079 77574
0 0.364463 0.773503 0.0171037 0.0122057 77575
0 0.996274 0.8105 0.00704117 0.021227 77576
0 0.852553 0.849057 0.0259983 0.00923241 77577
0 0.57744 0.875778 0.0331924 0.013188 77578
0 0.367509 0.773718 0.0111954 0.0114081 77579
0 0.69738 0.79363 0.0130547 0.0461012 77580
0 0.826971 0.812536 0.0216026 0.0122623 77581
0 0.974308 0.767916 0.019022 0.0177931 77582
0 0.312774 0.71158 0.0125247 0.0228083 77583
0 0.957868 0.851309 0.0137993 0.0379242 77584
0 0.0700378 0.739951 0.0149356 0.0288194 77585
0 0.676209 0.817203 0.0149839 0.012105 77586
0 0.286782 0.72971 0.0127996 0.00777384 77587
0 0.675424 0.818031 0.0140228 0.0133255 77588
0 0.490196 0.728948 0.00781536 0.0109049 77589
0 0.391264 0.830696 0.0178659 0.083115 77590
0 0.942066 0.676142 0.0095808 0.0139114 77591
0 0.293594 0.725548 0.0150079 0.0173889 77592
0 0.13824 0.739525 0.0171361 0.0105611 77593
0 0.0723468 0.746643 0.0188186 0.0187276 77594
0 0.5881 0.913536 0.0410574 0.0110882 77595
0 0.935968 0.867155 0.0118587 0.015113 77596
0 0.577368 0.880666 0.0331799 0.0100552 77597
0 0.947236 0.853226 0.034297 0.0432517 77598
0 0.577409 0.878661 0.033606 0.0134281 77599
0 0.441131 0.916323 0.012521 0.0296753 77600
0 0.971967 0.751153 0.0150936 0.0507055 77601
0 0.778302 0.813845 0.0188578 0.017119 77602
0 0.843881 0.8477 0.0442514 0.0123861 77603
0 0.853558 0.691555 0.00423279 0.00873566 77604
0 0.859488 0.795309 0.0253433 0.0145555 77605
0 0.97526 0.749155 0.0168682 0.0483375 77606
0 0.364167 0.771749 0.0195263 0.0144245 77607
0 0.00937757 0.97912 0.0187551 0.021885 77608
0 0.863386 0.796251 0.0425133 0.0163469 77609
0 0.270966 0.727823 0.0106294 0.0166914 77610
0 0.871858 0.84528 0.0135254 0.0156242 77611
0 0.943998 0.866008 0.0271252 0.0164961 77612
0 0.953073 0.861032 0.018478 0.021904 77613
0 0.781664 0.813665 0.0143511 0.0157077 77614
0 0.837262 0.835444 0.0308407 0.0339944 77615
0 0.92446 0.981136 0.0228214 0.0246775 77616
0 0.59249 0.913765 0.0315048 0.00984412 77617
0 0.960466 0.663737 0.0047327 0.0136238 77618
0 0.894921 0.68499 0.00434532 0.0202389 77619
0 0.91441 0.969147 0.00971947 0.0347712 77620
0 0.677495 0.81799 0.0197193 0.0120209 77621
0 0.940535 0.677288 0.0099617 0.012774 77622
0 0.925374 0.983143 0.019907 0.0202064 77623
