0 0.452679 0.833499 0.0124788 0.0679788 None
0 0.56262 0.814532 0.0120201 0.0537991 None
0 0.718209 0.830172 0.0147041 0.0310669 None
0 0.843307 0.765551 0.00847969 0.0498539 None
0 0.764496 0.779851 0.00897751 0.043022 None
0 0.750953 0.782299 0.00858326 0.0501312 None
0 0.8312 0.834577 0.0184757 0.0336538 None
0 0.692206 0.795299 0.00998726 0.0482771 None
0 0.781675 0.776312 0.00983105 0.0514503 None
0 0.736586 0.785153 0.00881271 0.0457918 None
0 0.70388 0.795668 0.00869331 0.0378916 None
0 0.953492 0.849298 0.0220507 0.0416131 None
0 0.801141 0.772993 0.0105042 0.0535946 None
0 0.67127 0.793427 0.00981398 0.0356474 None
0 0.773495 0.785972 0.0065486 0.0303745 None
0 0.856195 0.830462 0.014283 0.0327584 None
0 0.484949 0.858404 0.0343975 0.0212328 None
0 0.287806 0.724048 0.00653439 0.0187124 None
0 0.937674 0.728927 0.00830078 0.0241004 None
0 0.433971 0.914395 0.0240102 0.0363615 None
0 0.795875 0.775185 0.00607376 0.046952 None
0 0.956882 0.848773 0.0154655 0.0404073 None
0 0.198272 0.915446 0.0459004 0.0323632 None
0 0.118743 0.983757 0.0374762 0.0258989 None
0 0.0651416 0.742806 0.00913458 0.0230389 None
0 0.854071 0.830995 0.0199202 0.0337307 None
0 0.355072 0.989138 0.0144463 0.0217234 None
0 0.5406 0.848965 0.00718117 0.0275102 None
0 0.883848 0.980294 0.0447475 0.0381198 None
0 0.890581 0.976233 0.0575359 0.0453016 None
0 0.0060736 0.75049 0.0120736 0.0197347 None
0 0.0220829 0.938526 0.0441659 0.029362 None
0 0.902775 0.973662 0.0337044 0.040851 None
0 0.0953638 0.994202 0.0460364 0.0081426 None
0 0.913948 0.973104 0.0106987 0.0389879 None
0 0.413509 0.771484 0.00915594 0.0272091 None
0 0.413099 0.766065 0.00638447 0.017372 None
0 0.577293 0.875688 0.0327126 0.014679 None
0 0.134918 0.739891 0.00474133 0.00921597 None
0 0.995919 0.811667 0.00774841 0.0197588 None
0 0.496019 0.859293 0.0131971 0.0175483 None
0 0.0029262 0.971146 0.00579607 0.0330149 None
0 0.10417 0.993716 0.0645595 0.0085829 None
0 0.853051 0.848377 0.0245953 0.0095125 None
0 0.182777 0.736951 0.010934 0.00750563 None
0 0.92042 0.973677 0.0262711 0.0406774 None
0 0.907845 0.973141 0.0234058 0.0394131 None
0 0.274443 0.730421 0.00601974 0.0141493 None
0 0.91109 0.973331 0.016445 0.0401011 None
0 0.315967 0.709636 0.00680871 0.0189482 None
0 0.00543985 0.971109 0.0108064 0.03474 None
0 0.877735 0.678127 0.00648232 0.0157611 None
0 0.113851 0.982797 0.0284339 0.0223728 None
0 0.676152 0.815233 0.0161844 0.0201185 None
0 0.741662 0.795276 0.00562916 0.0236789 None
0 0.182436 0.736759 0.0117189 0.00774061 None
0 0.413946 0.764083 0.0064189 0.012794 None
0 0.74159 0.789568 0.00632019 0.0364739 None
0 0.921532 0.755785 0.0284504 0.00997094 None
0 0.877071 0.682064 0.00711994 0.0164331 None
0 0.972341 0.764279 0.0159733 0.0250461 None
0 0.974204 0.767981 0.0198387 0.018247 None
0 0.412134 0.780901 0.0120087 0.012872 None
0 0.678946 0.81488 0.0155476 0.0200016 None
0 0.492618 0.858311 0.0204342 0.0199256 None
0 0.773229 0.812874 0.00563355 0.0145828 None
0 0.675285 0.801451 0.0179767 0.0523304 None
0 0.437609 0.914603 0.0169714 0.0342083 None
0 0.89997 0.975213 0.0466028 0.0402452 None
0 0.1247 0.985055 0.0294617 0.0234765 None
0 0.703141 0.791338 0.0109705 0.0474569 None
0 0.739064 0.785395 0.012933 0.0457825 None
0 0.138865 0.740548 0.015097 0.0102268 None
0 0.95345 0.674834 0.00505791 0.015331 None
0 0.97239 0.674607 0.00614872 0.0168484 None
0 0.926454 0.681192 0.00494556 0.0108198 None
0 0.109132 0.981603 0.0188241 0.0220974 None
0 0.00932827 0.972182 0.0185151 0.035945 None
0 0.768821 0.81257 0.0125488 0.0159315 None
0 0.377579 0.758994 0.0112114 0.0143897 None
0 0.851995 0.845052 0.0219112 0.0121175 None
0 0.677215 0.812445 0.0187252 0.0229604 None
0 0.909965 0.97581 0.0516981 0.0443142 None
0 0.131475 0.984499 0.0631659 0.0228536 None
0 0.779581 0.815798 0.00806408 0.0100711 None
0 0.849523 0.833109 0.0280224 0.0349655 None
0 0.814298 0.764889 0.00580177 0.0181057 None
0 0.800875 0.698612 0.0077023 0.0162316 None
0 0.974884 0.771012 0.021479 0.012344 None
0 0.994871 0.810546 0.00981007 0.0228026 None
0 0.274458 0.733295 0.00622711 0.012674 None
0 0.936182 0.866863 0.0115932 0.0160239 None
0 0.85824 0.847029 0.0352077 0.0145406 None
0 0.185236 0.737024 0.0166026 0.00796305 None
0 0.521776 0.862977 0.0489984 0.00811123 None
0 0.947281 0.859917 0.00977364 0.0186757 None
0 0.574324 0.874221 0.0367953 0.0166016 None
0 0.813563 0.765782 0.00482788 0.0193753 None
0 0.00284292 0.961258 0.00565536 0.0534536 None
0 0.995732 0.805661 0.00810547 0.0315833 None
0 0.947497 0.863052 0.0101963 0.0157372 None
0 0.843775 0.844218 0.0447842 0.0181564 None
0 0.862397 0.83265 0.0302719 0.0374388 None
0 0.111749 0.984992 0.0341918 0.0216383 None
0 0.411535 0.773206 0.0188762 0.0274026 None
