0 0.581531 0.811307 0.0132597 0.0608146 94907
0 0.453 0.834481 0.0129826 0.0666728 94908
0 0.64827 0.802765 0.0111312 0.0494424 94909
0 0.541352 0.817283 0.0117071 0.0553884 94910
0 0.796664 0.77564 0.00893764 0.0507041 94911
0 0.831162 0.835073 0.0169926 0.0325782 94912
0 0.397716 0.844401 0.012038 0.0579763 94913
0 0.554588 0.817955 0.0094655 0.0480326 94914
0 0.718111 0.830319 0.0137926 0.0313058 94915
0 0.843187 0.763859 0.00826645 0.0394867 94916
0 0.717282 0.787825 0.00948524 0.0470707 94917
0 0.689433 0.795782 0.011027 0.0468833 94918
0 0.957089 0.84795 0.015073 0.036127 94919
0 0.701322 0.795586 0.01123 0.0499022 94920
0 0.730065 0.786111 0.00795498 0.0480764 94921
0 0.322909 0.900809 0.0180161 0.0811395 94922
0 0.197977 0.916523 0.0453738 0.0303131 94923
0 0.11713 0.982911 0.0381909 0.0277808 94924
0 0.666152 0.806243 0.00988369 0.0351722 94925
0 0.39123 0.819495 0.017239 0.0594533 94926
0 0.930302 0.746535 0.00928192 0.053166 94927
0 0.944158 0.849859 0.018668 0.0373305 94928
0 0.0221718 0.938724 0.0443436 0.029913 94929
0 0.940777 0.849421 0.0116611 0.0360742 94930
0 0.894144 0.975811 0.0649187 0.0445094 94931
0 0.971576 0.763104 0.013446 0.0259538 94932
0 0.475518 0.857571 0.0190323 0.0232703 94933
0 0.484229 0.857633 0.0371266 0.0236474 94934
0 0.860959 0.696036 0.00765381 0.021129 94935
0 0.990256 0.734138 0.00792503 0.0309163 94936
0 0.0983708 0.993927 0.0521724 0.00861579 94937
0 0.906458 0.973511 0.0400358 0.0398414 94938
0 0.974328 0.76335 0.0191183 0.0264845 94939
0 0.854757 0.832588 0.0175423 0.0295314 94940
0 0.355352 0.989268 0.0135294 0.0214634 94941
0 0.851988 0.834058 0.0201929 0.0293859 94942
0 0.00510824 0.976418 0.0101582 0.0247691 94943
0 0.347236 0.77239 0.00384884 0.00869683 94944
0 0.954865 0.849582 0.0198307 0.0385086 94945
0 0.00304492 0.976492 0.00603932 0.0238169 94946
0 0.857163 0.831046 0.0122898 0.0270257 94947
0 0.917434 0.972881 0.0171196 0.0383916 94948
0 0.901783 0.68259 0.00440044 0.016227 94949
0 0.094003 0.993734 0.0428806 0.00720486 94950
0 0.675589 0.815144 0.0157585 0.0197503 94951
0 0.884284 0.980683 0.0456257 0.0353316 94952
0 0.849152 0.833385 0.0109367 0.0260011 94953
0 0.0528178 0.743304 0.00912354 0.0215668 94954
0 0.715315 0.830736 0.0199533 0.0318393 94955
0 0.772793 0.813713 0.0213301 0.0186534 94956
0 0.996178 0.813509 0.0072361 0.0157945 94957
0 0.853334 0.848885 0.0244892 0.00804274 94958
0 0.577116 0.875624 0.034067 0.0138545 94959
0 0.0547221 0.742023 0.0133394 0.0193075 94960
0 0.106045 0.983214 0.0598888 0.0289225 94961
0 0.935358 0.86745 0.0151608 0.013248 94962
0 0.921421 0.973265 0.0260166 0.0389187 94963
0 0.270912 0.731962 0.00646439 0.0121082 94964
0 0.911421 0.671269 0.00565319 0.0117082 94965
0 0.94022 0.674226 0.00525017 0.0167742 94966
0 0.677683 0.813604 0.0205415 0.0231912 94967
0 0.360101 0.89578 0.0134828 0.0320306 94968
0 0.100946 0.992439 0.0568228 0.0106944 94969
0 0.669408 0.807148 0.0156389 0.0351383 94970
0 0.577722 0.880249 0.0344165 0.0124198 94971
0 0.349884 0.915203 0.0325632 0.0158342 94972
0 0.987778 0.734404 0.0127811 0.0321788 94973
0 0.456634 0.75831 0.0106956 0.0166796 94974
0 0.939449 0.851784 0.0235394 0.0412259 94975
0 0.153435 0.983633 0.0176985 0.0124108 94976
0 0.95894 0.668053 0.00362377 0.0131385 94977
0 0.840119 0.835413 0.0348995 0.0332599 94978
0 0.940238 0.677223 0.00504494 0.0138011 94979
0 0.33257 0.725657 0.0112601 0.0112522 94980
0 0.819058 0.81452 0.00988426 0.0101313 94981
0 0.00881421 0.976664 0.0174514 0.0268402 94982
0 0.0036396 0.973453 0.00721316 0.0302036 94983
0 0.507967 0.720384 0.00918379 0.0118747 94984
0 0.0536121 0.74309 0.0173115 0.0220461 94985
0 0.781766 0.81374 0.0352671 0.0198412 94986
0 0.863224 0.835069 0.0279827 0.0349582 94987
0 0.00584263 0.973355 0.0115357 0.0316795 94988
0 0.334616 0.72649 0.0238833 0.0103546 94989
0 0.95845 0.665962 0.00360718 0.0142446 94990
0 0.578138 0.88677 0.035231 0.00900065 94991
0 0.858517 0.835941 0.0386015 0.0366121 94992
0 0.881744 0.985538 0.041666 0.0280002 94993
0 0.298859 0.765632 0.0174897 0.0129086 94994
0 0.2989 0.766279 0.0174513 0.0134247 94995
0 0.955103 0.675166 0.0049572 0.0102202 94996
0 0.989212 0.752567 0.020919 0.0102186 94997
0 0.844425 0.842784 0.043866 0.0211889 94998
0 0.103642 0.98456 0.0632712 0.0258679 94999
0 0.980707 0.756804 0.0382046 0.0145794 95000
0 0.117028 0.99517 0.0884982 0.00965949 95001
0 0.782966 0.813808 0.0176079 0.0171088 95002
0 0.495518 0.862778 0.0150927 0.0114936 95003
0 0.107571 0.990674 0.0691079 0.013482 95004
0 0.35888 0.899135 0.0155214 0.0285624 95005
0 0.895572 0.972789 0.0198893 0.0305311 95006
0 0.85904 0.79456 0.00822182 0.0137851 95007
