0 0.242286 0.90453 0.0232597 0.0780172 102459
0 0.62376 0.80829 0.00952911 0.0536774 102460
0 0.45356 0.83354 0.0106431 0.0669166 102461
0 0.796574 0.775019 0.00830288 0.0484297 102462
0 0.540467 0.816313 0.0132707 0.0588016 102463
0 0.498471 0.825736 0.0122723 0.0574204 102464
0 0.555023 0.819306 0.0105911 0.0482839 102465
0 0.831257 0.835161 0.0168797 0.0323327 102466
0 0.843494 0.765592 0.00728626 0.0451976 102467
0 0.363849 0.847439 0.0147962 0.0604343 102468
0 0.70239 0.79157 0.0103378 0.047877 102469
0 0.741565 0.783236 0.00830498 0.0508976 102470
0 0.641071 0.811557 0.00806885 0.0347833 102471
0 0.732304 0.785997 0.00905819 0.0473562 102472
0 0.114562 0.9829 0.0323673 0.025945 102473
0 0.718367 0.830043 0.013056 0.0316928 102474
0 0.906308 0.972567 0.0407032 0.038917 102475
0 0.956639 0.847587 0.0160202 0.0339783 102476
0 0.931529 0.727679 0.00753307 0.0219106 102477
0 0.689045 0.795508 0.00987549 0.0460632 102478
0 0.355457 0.989318 0.014063 0.0213637 102479
0 0.475749 0.858055 0.0180687 0.0216536 102480
0 0.199053 0.915956 0.0458111 0.0318637 102481
0 0.897271 0.683653 0.00754776 0.0143743 102482
0 0.918594 0.747965 0.00684452 0.0309197 102483
0 0.02208 0.939018 0.0441601 0.0293789 102484
0 0.965069 0.734303 0.00545349 0.0251536 102485
0 0.855064 0.834575 0.0153103 0.0251309 102486
0 0.545727 0.759006 0.00961781 0.0183829 102487
0 0.463059 0.758807 0.00960827 0.0149743 102488
0 0.852214 0.83501 0.0224133 0.0278837 102489
0 0.883722 0.980364 0.0450466 0.0377163 102490
0 0.945992 0.850614 0.0329281 0.0394819 102491
0 0.996193 0.813424 0.00720902 0.0167687 102492
0 0.715614 0.830151 0.0184292 0.0332187 102493
0 0.971649 0.746482 0.00758972 0.0211636 102494
0 0.893792 0.975336 0.0644672 0.0456038 102495
0 0.871922 0.694522 0.00696411 0.0127942 102496
0 0.951291 0.849045 0.0239269 0.0368852 102497
0 0.917734 0.97241 0.0172834 0.0383057 102498
0 0.39146 0.828391 0.0180478 0.0789341 102499
0 0.0189621 0.73111 0.00970434 0.0195404 102500
0 0.287778 0.735526 0.00667357 0.0169293 102501
0 0.01786 0.73247 0.00619829 0.0173513 102502
0 0.677966 0.815507 0.0157995 0.0181312 102503
0 0.677937 0.795658 0.0173115 0.0100627 102504
0 0.686864 0.78562 0.0066535 0.0288222 102505
0 0.973979 0.766317 0.0167688 0.0198103 102506
0 0.769824 0.813213 0.0149149 0.0152086 102507
0 0.714431 0.790159 0.022049 0.0171592 102508
0 0.484451 0.858466 0.0349724 0.0215105 102509
0 0.912855 0.973291 0.0457401 0.0413149 102510
0 0.095598 0.994596 0.048814 0.00824009 102511
0 0.773311 0.813707 0.021314 0.0159817 102512
0 0.974252 0.76937 0.0191448 0.0156165 102513
0 0.943939 0.858001 0.030431 0.0296746 102514
0 0.00223934 0.97624 0.00443639 0.0231815 102515
0 0.637894 0.811497 0.0142835 0.0355872 102516
0 0.861894 0.836447 0.0361965 0.0321584 102517
0 0.00559365 0.976029 0.0111802 0.0259482 102518
0 0.974916 0.771547 0.0180214 0.011066 102519
0 0.0995323 0.983512 0.061483 0.0266078 102520
0 0.968719 0.73506 0.00709305 0.0262048 102521
0 0.504249 0.817193 0.00672398 0.0355755 102522
0 0.270884 0.768649 0.0172186 0.00974223 102523
0 0.843877 0.83576 0.0414976 0.0328812 102524
0 0.878253 0.984683 0.0342323 0.0296017 102525
0 0.940838 0.676985 0.00694866 0.0183706 102526
0 0.895552 0.9734 0.0191252 0.0252782 102527
0 0.605107 0.808008 0.0289066 0.0100579 102528
0 0.992888 0.669982 0.00703316 0.0237559 102529
0 0.364101 0.838753 0.0142998 0.0438012 102530
0 0.576763 0.875119 0.0339853 0.0135412 102531
0 0.922319 0.973309 0.0272358 0.0406667 102532
0 0.870427 0.692583 0.00984764 0.0171485 102533
0 0.984316 0.653766 0.00648823 0.0178073 102534
0 0.0814521 0.738364 0.0150141 0.0146973 102535
0 0.0633961 0.736718 0.00520406 0.00921733 102536
0 0.712789 0.832363 0.0241192 0.0320638 102537
0 0.897472 0.686829 0.00805931 0.0206533 102538
0 0.856173 0.836209 0.0475658 0.0355818 102539
0 0.480218 0.857892 0.0229338 0.0213994 102540
0 0.995215 0.665263 0.00817909 0.0203893 102541
0 0.673718 0.795241 0.0230864 0.00938992 102542
0 0.543794 0.760161 0.013685 0.0168701 102543
0 0.994792 0.813629 0.0100388 0.0174079 102544
0 0.859703 0.842929 0.0410725 0.0219621 102545
0 0.960712 0.669953 0.00339451 0.0122927 102546
0 0.900541 0.973482 0.0292931 0.0306705 102547
0 0.00310769 0.97299 0.00615672 0.0301058 102548
0 0.872616 0.845566 0.0146072 0.0150041 102549
0 0.994858 0.669131 0.0095932 0.0255914 102550
0 0.36727 0.837822 0.00759325 0.0317983 102551
0 0.922107 0.670417 0.00619888 0.0118074 102552
0 0.92315 0.677475 0.00511494 0.0234614 102553
0 0.588009 0.911093 0.0540787 0.0164008 102554
0 0.0097586 0.976365 0.0193437 0.0298503 102555
0 0.93716 0.860175 0.017178 0.0252499 102556
0 0.00195501 0.738233 0.00383679 0.00996196 102557
0 0.590742 0.913888 0.0461413 0.0106379 102558
0 0.707212 0.832073 0.0364912 0.0334602 102559
0 0.967254 0.738632 0.00955658 0.0333177 102560
