0 0.42973 0.895555 0.0225569 0.0789815 85659
0 0.637519 0.801318 0.0139319 0.0594749 85660
0 0.592836 0.808609 0.0116001 0.0567298 85661
0 0.554836 0.818987 0.0104774 0.0503208 85662
0 0.796387 0.775244 0.00870914 0.0498189 85663
0 0.830939 0.834928 0.0178719 0.0334944 85664
0 0.452787 0.83384 0.0126081 0.0671922 85665
0 0.84378 0.766481 0.00750732 0.0484584 85666
0 0.717897 0.829983 0.0134848 0.0315779 85667
0 0.957915 0.747592 0.00670128 0.0391398 85668
0 0.114434 0.983737 0.0317231 0.0259779 85669
0 0.702085 0.792357 0.00900421 0.044122 85670
0 0.674577 0.790886 0.00791988 0.0370978 85671
0 0.687741 0.794762 0.0077322 0.0457503 85672
0 0.694887 0.792644 0.00820522 0.0479445 85673
0 0.017711 0.753093 0.0115878 0.0178823 85674
0 0.72514 0.786524 0.00690613 0.0488727 85675
0 0.893051 0.975506 0.0619614 0.0447988 85676
0 0.476177 0.857634 0.0198238 0.0236098 85677
0 0.0589973 0.744886 0.00852518 0.021853 85678
0 0.276872 0.727273 0.00435066 0.0159454 85679
0 0.855784 0.830372 0.0139187 0.0325192 85680
0 0.956467 0.84841 0.0170317 0.0353355 85681
0 0.355275 0.989343 0.0137145 0.0213138 85682
0 0.936803 0.728302 0.00719872 0.0229797 85683
0 0.904946 0.973021 0.0408978 0.0393619 85684
0 0.0221996 0.938731 0.0443993 0.0305298 85685
0 0.852821 0.831149 0.0220289 0.0335514 85686
0 0.00823482 0.977277 0.0164272 0.0217285 85687
0 0.321093 0.716568 0.00828199 0.0127235 85688
0 0.973684 0.762411 0.0162924 0.0272566 85689
0 0.198116 0.915427 0.0451406 0.0318958 85690
0 0.883655 0.98485 0.0447254 0.0278273 85691
0 0.485519 0.857727 0.035519 0.0234975 85692
0 0.454465 0.760884 0.00351563 0.0114332 85693
0 0.95409 0.850212 0.0193844 0.039346 85694
0 0.0959015 0.994252 0.0473092 0.00819092 85695
0 0.359675 0.7729 0.00722809 0.0136693 85696
0 0.972622 0.760699 0.0102654 0.0240702 85697
0 0.577486 0.875419 0.0319717 0.0147841 85698
0 0.95188 0.851187 0.0138691 0.0365031 85699
0 0.33063 0.771282 0.0155362 0.00828264 85700
0 0.852852 0.848752 0.0258816 0.00931244 85701
0 0.67731 0.815223 0.0166771 0.0191369 85702
0 0.441781 0.761268 0.0183449 0.0124308 85703
0 0.409207 0.840907 0.0378926 0.0178202 85704
0 0.950327 0.851163 0.0245731 0.0408773 85705
0 0.995973 0.81042 0.00764809 0.0229714 85706
0 0.853107 0.698389 0.00642395 0.0237971 85707
0 0.577255 0.875099 0.0315586 0.0143102 85708
0 0.44882 0.834038 0.00745544 0.0626022 85709
0 0.357871 0.773702 0.0121069 0.0142229 85710
0 0.938057 0.863386 0.0207571 0.0184943 85711
0 0.996132 0.815709 0.00732841 0.0124373 85712
0 0.956454 0.74723 0.00977287 0.0401506 85713
0 0.935958 0.674662 0.00599518 0.0143098 85714
0 0.951136 0.858167 0.0143917 0.023722 85715
0 0.491665 0.720992 0.0091423 0.0128816 85716
0 0.715101 0.83044 0.0197498 0.0320577 85717
0 0.944611 0.852878 0.0356417 0.0400435 85718
0 0.97185 0.673517 0.00502338 0.0186981 85719
0 0.884697 0.978502 0.0481098 0.0375753 85720
0 0.859447 0.794992 0.00659161 0.0131755 85721
0 0.34057 0.771267 0.0386068 0.0116362 85722
0 0.936284 0.865548 0.0181749 0.0167036 85723
0 0.852001 0.844688 0.0226456 0.0122515 85724
0 0.354678 0.852759 0.0859969 0.0224813 85725
0 0.939943 0.860224 0.0247944 0.024212 85726
0 0.102336 0.984757 0.0597171 0.0264181 85727
0 0.845334 0.847274 0.0416058 0.012351 85728
0 0.0575575 0.745979 0.012855 0.0217465 85729
0 0.588365 0.913214 0.0541974 0.0120687 85730
0 0.959601 0.848279 0.0129951 0.0343065 85731
0 0.834663 0.697754 0.0061945 0.0199658 85732
0 0.93615 0.677249 0.00720978 0.0182675 85733
0 0.591292 0.914376 0.0449583 0.00939501 85734
0 0.917884 0.972622 0.0172392 0.038245 85735
0 0.495538 0.862762 0.0160788 0.0111184 85736
0 0.996029 0.804247 0.00751343 0.0351905 85737
0 0.0781961 0.749995 0.00532486 0.00945163 85738
0 0.836887 0.83547 0.0301777 0.033822 85739
0 0.942472 0.862122 0.0346432 0.025079 85740
0 0.0635044 0.757921 0.0345756 0.0119217 85741
0 0.970144 0.730208 0.0424957 0.0113495 85742
0 0.956248 0.867083 0.061166 0.0157355 85743
0 0.153326 0.983546 0.0179592 0.0126017 85744
0 0.169343 0.735904 0.0154668 0.00753276 85745
0 0.961369 0.749925 0.0129129 0.0437375 85746
0 0.349832 0.741865 0.0256513 0.0126445 85747
0 0.0080716 0.972409 0.0160215 0.0321014 85748
