0 0.452655 0.833485 0.0124619 0.0680583 35327
0 0.828079 0.769043 0.0091671 0.0509179 35328
0 0.859342 0.764308 0.0101887 0.0550344 35329
0 0.842738 0.766089 0.00894547 0.046009 35330
0 0.731158 0.787875 0.00916138 0.0435011 35331
0 0.755082 0.780774 0.00861692 0.0492259 35332
0 0.546376 0.812618 0.0109751 0.0490139 35333
0 0.830634 0.834681 0.0176052 0.0335619 35334
0 0.742914 0.78514 0.00929146 0.0461868 35335
0 0.695469 0.794498 0.00927458 0.0452186 35336
0 0.798667 0.776984 0.00856819 0.0480825 35337
0 0.704595 0.791148 0.0100006 0.0490902 35338
0 0.350216 0.756522 0.00982876 0.0223958 35339
0 0.817479 0.780088 0.00559788 0.0298167 35340
0 0.953793 0.84889 0.0219233 0.0397848 35341
0 0.433766 0.914718 0.0244581 0.037008 35342
0 0.472007 0.853399 0.0182371 0.0333906 35343
0 0.852208 0.832838 0.023378 0.0346824 35344
0 0.718176 0.830373 0.0135786 0.0318437 35345
0 0.891857 0.976126 0.0614031 0.0459134 35346
0 0.0708606 0.74087 0.00957065 0.0224128 35347
0 0.712473 0.830988 0.0260963 0.0324231 35348
0 0.198942 0.916332 0.0464761 0.0316169 35349
0 0.790056 0.69951 0.00496674 0.0156188 35350
0 0.005621 0.977076 0.0111883 0.0240165 35351
0 0.0220979 0.938724 0.0441959 0.028261 35352
0 0.411517 0.767839 0.00436487 0.00958235 35353
0 0.00967105 0.749305 0.00841161 0.0178128 35354
0 0.904237 0.973037 0.0389521 0.0400448 35355
0 0.936612 0.724642 0.00581245 0.0205439 35356
0 0.114922 0.981614 0.0302255 0.0245936 35357
0 0.577707 0.875761 0.0323807 0.0148276 35358
0 0.272403 0.72566 0.00709734 0.0214444 35359
0 0.469598 0.854842 0.0137642 0.0303943 35360
0 0.354606 0.989272 0.0160952 0.0214559 35361
0 0.320093 0.710597 0.00581512 0.0170027 35362
0 0.109611 0.980635 0.019752 0.0234392 35363
0 0.675694 0.815995 0.0148317 0.0206348 35364
0 0.856182 0.831082 0.0151749 0.0330804 35365
0 0.984031 0.740912 0.0146805 0.0391137 35366
0 0.446611 0.77677 0.00701666 0.0168111 35367
0 0.530749 0.738399 0.0150867 0.00981361 35368
0 0.19027 0.730885 0.00932713 0.00761888 35369
0 0.439202 0.776147 0.00497417 0.015546 35370
0 0.885502 0.979072 0.0491804 0.039907 35371
0 0.110275 0.983478 0.0449282 0.0274875 35372
0 0.440043 0.917398 0.0117979 0.0282557 35373
0 0.895722 0.682154 0.00633736 0.0157686 35374
0 0.773771 0.699566 0.00868826 0.0195336 35375
0 0.972102 0.674388 0.00555801 0.0193574 35376
0 0.119634 0.984195 0.0393798 0.0236945 35377
0 0.974398 0.763042 0.0201025 0.0268801 35378
0 0.142658 0.735027 0.00632124 0.009139 35379
0 0.476307 0.852262 0.0116961 0.0325595 35380
0 0.951831 0.859631 0.0179371 0.02225 35381
0 0.00791067 0.749129 0.0122626 0.0190765 35382
0 0.102581 0.993838 0.0607277 0.00882009 35383
0 0.0719221 0.741642 0.0139132 0.0230521 35384
0 0.444025 0.777272 0.0129788 0.0190621 35385
0 0.996534 0.810932 0.00651665 0.0207523 35386
0 0.996589 0.814479 0.00640144 0.0135057 35387
0 0.152118 0.735073 0.0166485 0.00886197 35388
0 0.772062 0.812946 0.0154789 0.0157298 35389
0 0.882543 0.982598 0.0426548 0.0320275 35390
0 0.922221 0.973824 0.0270283 0.0413301 35391
0 0.39118 0.826954 0.0177933 0.0747162 35392
0 0.858476 0.83492 0.0397289 0.0376868 35393
0 0.774854 0.813149 0.0178452 0.0170549 35394
0 0.910947 0.974916 0.0488016 0.0442346 35395
0 0.149157 0.735498 0.0231271 0.00913442 35396
0 0.68094 0.815782 0.0238628 0.0200005 35397
0 0.54122 0.849547 0.00736771 0.0282683 35398
0 0.882525 0.681629 0.00886078 0.0132913 35399
0 0.974523 0.753143 0.00776329 0.0116562 35400
0 0.921459 0.68071 0.00691204 0.0124862 35401
0 0.956424 0.866855 0.0284023 0.0141432 35402
0 0.125946 0.985618 0.0275338 0.020497 35403
0 0.841455 0.834125 0.0401266 0.0351941 35404
0 0.956396 0.851797 0.0282928 0.0403987 35405
0 0.121677 0.986225 0.0190831 0.0211873 35406
0 0.818577 0.779732 0.00777912 0.0320609 35407
0 0.881856 0.679824 0.00995503 0.0171027 35408
0 0.923593 0.978427 0.0240572 0.0309221 35409
0 0.877904 0.985495 0.0341658 0.0275865 35410
0 0.960052 0.84971 0.0174053 0.0401028 35411
0 0.103581 0.98429 0.0621326 0.0268492 35412
0 0.976752 0.674144 0.0143917 0.0211594 35413
0 0.975819 0.767375 0.0224606 0.0187415 35414
0 0.95754 0.868734 0.0259819 0.010159 35415
0 0.824636 0.814943 0.0246109 0.0101342 35416
0 0.590867 0.908006 0.0574133 0.0229058 35417
0 0.424579 0.928908 0.0151101 0.0102759 35418
0 0.105455 0.983788 0.0654962 0.0272946 35419
0 0.589575 0.911548 0.0561426 0.0157854 35420
0 0.350022 0.989299 0.0262413 0.0213036 35421
0 0.981146 0.738193 0.0221037 0.0460626 35422
0 0.954991 0.863797 0.0252758 0.0196472 35423
0 0.786707 0.813742 0.0344938 0.0182671 35424
0 0.392396 0.804371 0.0132589 0.0223728 35425
0 0.153509 0.983375 0.0175319 0.013216 35426
0 0.961644 0.850204 0.0392017 0.0428728 35427
