0 0.452571 0.834286 0.012649 0.0659047 82099
0 0.469598 0.827616 0.0121471 0.0556741 82100
0 0.796326 0.775306 0.00843296 0.0491662 82101
0 0.656573 0.796227 0.0123177 0.0545244 82102
0 0.554735 0.819117 0.0112629 0.0501553 82103
0 0.718347 0.830419 0.0139694 0.0312648 82104
0 0.842403 0.766375 0.00887337 0.0447893 82105
0 0.612845 0.804025 0.0103901 0.0536407 82106
0 0.732271 0.785913 0.00990896 0.0506653 82107
0 0.4433 0.891301 0.0159323 0.0831668 82108
0 0.702009 0.792609 0.0114454 0.0467489 82109
0 0.831293 0.835233 0.018874 0.0329664 82110
0 0.114278 0.983288 0.0331472 0.0274343 82111
0 0.0183446 0.753506 0.0116075 0.0209835 82112
0 0.0220581 0.938855 0.0441162 0.0313015 82113
0 0.856741 0.830186 0.0137468 0.0335263 82114
0 0.686841 0.796138 0.00979204 0.042621 82115
0 0.951822 0.849683 0.0257795 0.0381063 82116
0 0.197963 0.916532 0.0450573 0.03084 82117
0 0.676133 0.815463 0.0158358 0.018684 82118
0 0.390946 0.81435 0.0181543 0.0512149 82119
0 0.475101 0.855892 0.0183384 0.0261946 82120
0 0.974183 0.76228 0.0184006 0.0278815 82121
0 0.0636434 0.740265 0.00674989 0.0198363 82122
0 0.957104 0.847879 0.0154682 0.0344008 82123
0 0.436529 0.762574 0.0206406 0.0125866 82124
0 0.93473 0.724205 0.00664825 0.0182278 82125
0 0.965488 0.748377 0.0103966 0.0374897 82126
0 0.355022 0.989183 0.0148181 0.0216344 82127
0 0.907371 0.972893 0.0435513 0.0419837 82128
0 0.484059 0.856107 0.0367142 0.0262088 82129
0 0.883529 0.979364 0.045068 0.039679 82130
0 0.318393 0.713398 0.00896358 0.017894 82131
0 0.853084 0.830558 0.0208521 0.0359192 82132
0 0.366585 0.774413 0.00723581 0.0143962 82133
0 0.68845 0.796189 0.00862293 0.0428894 82134
0 0.00567955 0.977858 0.0112808 0.0215417 82135
0 0.694945 0.795574 0.00832672 0.0430267 82136
0 0.827346 0.69677 0.00613842 0.017503 82137
0 0.689905 0.796656 0.00863237 0.0435705 82138
0 0.99589 0.813469 0.00780869 0.015998 82139
0 0.894043 0.975317 0.0656261 0.0467024 82140
0 0.853198 0.848122 0.0247841 0.00940026 82141
0 0.696131 0.793558 0.00835285 0.0440777 82142
0 0.95093 0.85694 0.0221943 0.0268941 82143
0 0.921239 0.972789 0.0259316 0.0416935 82144
0 0.772206 0.813775 0.020976 0.0170298 82145
0 0.099252 0.994184 0.055057 0.0085022 82146
0 0.985234 0.661113 0.00399418 0.014906 82147
0 0.973328 0.761016 0.0104279 0.0258274 82148
0 0.917991 0.972277 0.018578 0.0405526 82149
0 0.851009 0.697413 0.00549908 0.0155871 82150
0 0.487023 0.722974 0.0107805 0.0133325 82151
0 0.273684 0.730308 0.00507212 0.018354 82152
0 0.0654289 0.740843 0.0104846 0.0233226 82153
0 0.578014 0.875396 0.0336974 0.0148977 82154
0 0.85324 0.843986 0.0233217 0.0110453 82155
0 0.577822 0.875096 0.0334007 0.0143467 82156
0 0.882748 0.984832 0.0434174 0.0291914 82157
0 0.290873 0.724898 0.00648661 0.00913459 82158
0 0.00925925 0.978147 0.0184127 0.0231425 82159
0 0.769762 0.812949 0.0150456 0.0160817 82160
0 0.101524 0.983574 0.0575747 0.0272715 82161
0 0.169819 0.729813 0.00946274 0.00919868 82162
0 0.827248 0.834892 0.0120079 0.0323173 82163
0 0.0666216 0.749012 0.0124455 0.012362 82164
0 0.779086 0.816632 0.00971527 0.0128228 82165
0 0.444156 0.868736 0.0132091 0.0386247 82166
0 0.390767 0.831619 0.0184016 0.0865684 82167
0 0.932204 0.728733 0.0146837 0.00884772 82168
0 0.768713 0.814203 0.023562 0.0181519 82169
0 0.0625742 0.740916 0.00725932 0.0205444 82170
0 0.9684 0.758915 0.0122173 0.0285648 82171
0 0.585389 0.913911 0.047642 0.0114058 82172
0 0.971498 0.66964 0.00598984 0.0151694 82173
0 0.271052 0.730595 0.0106846 0.018671 82174
0 0.937031 0.677827 0.00878334 0.0157206 82175
0 0.0678016 0.744638 0.0156424 0.0202861 82176
0 0.540378 0.848666 0.00710506 0.028459 82177
0 0.889315 0.686011 0.0037796 0.0146777 82178
0 0.857623 0.847166 0.0338429 0.0128247 82179
0 0.945865 0.727296 0.0348818 0.0101722 82180
0 0.593531 0.913474 0.062541 0.0121731 82181
0 0.872578 0.84576 0.0146681 0.014759 82182
0 0.706235 0.842883 0.0115345 0.00898844 82183
0 0.981037 0.762274 0.0320515 0.0277793 82184
0 0.854236 0.683174 0.00626678 0.0118651 82185
0 0.351606 0.773809 0.0298117 0.0154192 82186
0 0.539986 0.845389 0.00617046 0.0224526 82187
0 0.932197 0.723921 0.0120855 0.0182853 82188
0 0.751549 0.827475 0.0280613 0.00778368 82189
0 0.290942 0.72215 0.00631609 0.012913 82190
0 0.269769 0.736829 0.0113456 0.00753242 82191
0 0.971704 0.666696 0.00672951 0.0134046 82192
0 0.494475 0.8639 0.0154744 0.00938924 82193
0 0.603675 0.914011 0.0427292 0.0109985 82194
0 0.995755 0.802119 0.00803871 0.0394172 82195
0 0.853246 0.689099 0.00884514 0.0237295 82196
0 0.292152 0.723926 0.0175941 0.0102693 82197
0 0.970629 0.668267 0.00548897 0.013049 82198
0 0.894951 0.971939 0.0202305 0.0325094 82199
0 0.849654 0.69749 0.0067112 0.0158708 82200
0 0.0715756 0.749272 0.0245535 0.0139177 82201
0 0.929362 0.728729 0.022636 0.00818566 82202
0 0.94421 0.727494 0.0435961 0.0119185 82203
0 0.130088 0.982446 0.063996 0.0269725 82204
