0 0.419648 0.836148 0.0121064 0.0628059 None
0 0.452263 0.834318 0.0119206 0.0659356 None
0 0.722492 0.786072 0.0109803 0.0496938 None
0 0.360438 0.899535 0.0154337 0.0825372 None
0 0.601511 0.806022 0.0098649 0.0586745 None
0 0.796467 0.775127 0.00853777 0.0501326 None
0 0.843123 0.76493 0.00820236 0.048839 None
0 0.830831 0.835127 0.0178783 0.032624 None
0 0.717814 0.829543 0.0135884 0.0326972 None
0 0.56247 0.814685 0.0110479 0.056032 None
0 0.553846 0.817858 0.00838184 0.0491652 None
0 0.689364 0.795057 0.0109172 0.045558 None
0 0.659421 0.799914 0.0088294 0.0466895 None
0 0.953203 0.85018 0.0221998 0.0400569 None
0 0.114239 0.982745 0.0322926 0.0277057 None
0 0.85641 0.830964 0.0140446 0.0300493 None
0 0.48429 0.857317 0.03687 0.0241492 None
0 0.699235 0.79184 0.0068677 0.0457197 None
0 0.704517 0.791354 0.00888901 0.0470147 None
0 0.702288 0.792406 0.00921268 0.0454342 None
0 0.197984 0.915839 0.0448891 0.0314067 None
0 0.971874 0.762437 0.0134129 0.0275889 None
0 0.706824 0.790106 0.00833321 0.0469928 None
0 0.0221196 0.938704 0.0442392 0.0311317 None
0 0.917457 0.972917 0.0170242 0.0385932 None
0 0.677275 0.806428 0.0183624 0.0361542 None
0 0.858344 0.702824 0.00600319 0.0288354 None
0 0.475463 0.85715 0.0186296 0.0235277 None
0 0.853868 0.831478 0.020435 0.0312839 None
0 0.0541344 0.745037 0.00491848 0.0168369 None
0 0.906564 0.973338 0.0396778 0.0395501 None
0 0.974568 0.76272 0.0192356 0.0278405 None
0 0.893752 0.975689 0.0645128 0.0442164 None
0 0.93913 0.749399 0.0063839 0.0346002 None
0 0.0965013 0.994108 0.0489485 0.008176 None
0 0.883676 0.980399 0.0448759 0.0370275 None
0 0.355321 0.989288 0.0134743 0.0214233 None
0 0.677841 0.803974 0.00772553 0.0312195 None
0 0.391655 0.831877 0.017375 0.0855353 None
0 0.00535533 0.975979 0.01064 0.0256697 None
0 0.351046 0.771503 0.00814409 0.0157406 None
0 0.921717 0.973947 0.0263617 0.0403804 None
0 0.460436 0.761098 0.00614777 0.0122482 None
0 0.0720448 0.750234 0.00610679 0.010045 None
0 0.00291475 0.976067 0.00578102 0.0242325 None
0 0.715168 0.829848 0.0196766 0.0335132 None
0 0.675396 0.815364 0.0149223 0.0187252 None
0 0.00744325 0.755653 0.0108481 0.0111001 None
0 0.996165 0.81354 0.00726452 0.0158113 None
0 0.449434 0.762082 0.00744476 0.010955 None
0 0.280216 0.733653 0.00642052 0.0161068 None
0 0.853362 0.846622 0.0246166 0.0123501 None
0 0.577261 0.875727 0.0338781 0.0137434 None
0 0.958472 0.850489 0.0121323 0.0367411 None
0 0.540954 0.848376 0.00785503 0.0283123 None
0 0.496633 0.718502 0.00846787 0.0100071 None
0 0.0105654 0.760596 0.018255 0.0073171 None
0 0.903514 0.683253 0.00622406 0.0124697 None
0 0.772642 0.813879 0.0206032 0.0180569 None
0 0.00853727 0.976176 0.0169712 0.0273431 None
0 0.699892 0.794173 0.00919704 0.0494317 None
0 0.932962 0.729494 0.00726261 0.0194824 None
0 0.661197 0.800139 0.0121174 0.0480113 None
0 0.327947 0.721485 0.0130285 0.0116128 None
0 0.311156 0.765555 0.0157801 0.0134645 None
0 0.850784 0.697387 0.00591316 0.0150216 None
0 0.495674 0.719585 0.0112589 0.0117333 None
0 0.908987 0.671329 0.00718746 0.00965678 None
0 0.79471 0.775183 0.0118893 0.050671 None
0 0.500577 0.720818 0.0214673 0.0148634 None
0 0.895892 0.973781 0.0193638 0.0251136 None
0 0.00410565 0.973378 0.00815028 0.0299954 None
0 0.13521 0.747899 0.021664 0.00993432 None
0 0.98608 0.668641 0.00851898 0.0131807 None
0 0.852268 0.844176 0.0218182 0.0131836 None
0 0.0521561 0.746492 0.0145261 0.0197286 None
0 0.00636885 0.973337 0.0125656 0.0315821 None
0 0.859139 0.795012 0.00834217 0.012735 None
0 0.283113 0.731902 0.0114528 0.0143053 None
0 0.495387 0.862846 0.0151833 0.0115831 None
0 0.900101 0.972321 0.0276909 0.0322971 None
0 0.871322 0.845307 0.0123743 0.0159815 None
0 0.00753278 0.756686 0.0127887 0.0115458 None
0 0.138811 0.748099 0.014149 0.00912815 None
0 0.578721 0.830796 0.0277452 0.0162971 None
0 0.878035 0.984999 0.0338596 0.0284639 None
0 0.661851 0.815192 0.0125494 0.0177585 None
0 0.856137 0.795199 0.0153828 0.0133955 None
0 0.861771 0.838289 0.0312386 0.0315691 None
0 0.124632 0.9847 0.0310444 0.0228877 None
0 0.849525 0.696535 0.00631123 0.0162507 None
