0 0.470196 0.835766 0.0161158 0.0662699 None
0 0.454966 0.832841 0.013073 0.068143 None
0 0.695573 0.792831 0.00967426 0.0484918 None
0 0.830697 0.834446 0.0175148 0.0341263 None
0 0.705925 0.791771 0.00977154 0.0494263 None
0 0.858833 0.762539 0.00936012 0.0484297 None
0 0.794255 0.775325 0.0111554 0.0496502 None
0 0.842946 0.767194 0.00879402 0.0469025 None
0 0.756554 0.781999 0.0103529 0.0498232 None
0 0.893205 0.756732 0.00922718 0.048701 None
0 0.813899 0.77434 0.0085453 0.0470873 None
0 0.745189 0.785661 0.00931959 0.0481701 None
0 0.467623 0.77955 0.00737553 0.0241937 None
0 0.0708652 0.740849 0.00776871 0.0263557 None
0 0.718501 0.82958 0.0148378 0.0329056 None
0 0.892817 0.976104 0.0617134 0.0454809 None
0 0.434521 0.913584 0.0221779 0.0377967 None
0 0.856163 0.83053 0.0162546 0.0330719 None
0 0.332702 0.753911 0.0080173 0.018317 None
0 0.525607 0.813552 0.0127165 0.0408737 None
0 0.940093 0.751032 0.0126053 0.0439399 None
0 0.277659 0.728176 0.00665712 0.0145827 None
0 0.953526 0.849322 0.0219893 0.0410607 None
0 0.957204 0.848099 0.0151426 0.0382195 None
0 0.00889257 0.752088 0.0106613 0.0171543 None
0 0.832276 0.777594 0.0066021 0.0280294 None
0 0.118382 0.983758 0.0367367 0.0238244 None
0 0.198365 0.915758 0.0445016 0.0311362 None
0 0.959598 0.736702 0.00776253 0.0290443 None
0 0.320748 0.715539 0.00639858 0.021818 None
0 0.971907 0.763083 0.0131538 0.0275302 None
0 0.528315 0.738824 0.00516911 0.0115117 None
0 0.354866 0.989307 0.0149252 0.0213308 None
0 0.528237 0.813341 0.0182083 0.0409678 None
0 0.789299 0.699234 0.0085043 0.0155027 None
0 0.533783 0.740473 0.0150332 0.00871175 None
0 0.903534 0.973072 0.0391472 0.0393934 None
0 0.932265 0.727583 0.00546989 0.0243256 None
0 0.85385 0.83174 0.021719 0.0362717 None
0 0.972272 0.672175 0.00511932 0.0171487 None
0 0.192781 0.734378 0.00965569 0.00937907 None
0 0.0221394 0.938967 0.0440071 0.0275528 None
0 0.0972985 0.994227 0.0502026 0.00825433 None
0 0.443804 0.780341 0.0088253 0.0179331 None
0 0.769086 0.697675 0.00648098 0.0197034 None
0 0.109587 0.984592 0.0543222 0.0254157 None
0 0.714751 0.83019 0.0227585 0.0332147 None
0 0.978163 0.66261 0.00623474 0.0245438 None
0 0.949634 0.85851 0.0139473 0.0232544 None
0 0.897888 0.681432 0.00488052 0.0161574 None
0 0.442541 0.780549 0.0162256 0.0187512 None
0 0.978638 0.656736 0.00677147 0.0226407 None
0 0.577375 0.875309 0.0323076 0.0136512 None
0 0.863802 0.833355 0.0325907 0.0383603 None
0 0.111661 0.981691 0.023608 0.0233271 None
0 0.00422807 0.97566 0.00843093 0.0254018 None
0 0.884719 0.983682 0.045755 0.029994 None
0 0.00505606 0.942569 0.0100671 0.093358 None
0 0.00592437 0.975438 0.0117878 0.0262 None
0 0.985212 0.677455 0.00519619 0.0156637 None
0 0.3183 0.717117 0.0117781 0.0216037 None
0 0.577611 0.875701 0.0326658 0.0141869 None
0 0.771386 0.812711 0.0117172 0.0151143 None
0 0.124614 0.985505 0.029884 0.0217646 None
0 0.99587 0.813921 0.00786057 0.0146561 None
0 0.0538523 0.751309 0.00420928 0.00727539 None
0 0.872761 0.84571 0.0141405 0.0143762 None
0 0.797103 0.718735 0.0444508 0.0121396 None
0 0.0105627 0.760322 0.0177755 0.00610928 None
0 0.896815 0.671959 0.00653019 0.0113627 None
0 0.981779 0.663123 0.00683155 0.0212162 None
0 0.00341596 0.943323 0.00676324 0.0959663 None
0 0.94801 0.85069 0.0316502 0.0447923 None
0 0.00601471 0.959914 0.0119275 0.0578386 None
0 0.974501 0.770794 0.018811 0.0122988 None
0 0.31805 0.72571 0.0115571 0.013443 None
0 0.870519 0.800085 0.0276272 0.0111399 None
0 0.982409 0.670456 0.0090889 0.027172 None
0 0.937492 0.86697 0.014201 0.0151711 None
0 0.15088 0.739492 0.0206876 0.010731 None
0 0.755999 0.794281 0.0106781 0.0261742 None
0 0.945967 0.859379 0.0296513 0.0282322 None
0 0.774016 0.812988 0.0197576 0.0166467 None
0 0.943877 0.866242 0.0259495 0.0164432 None
0 0.391561 0.832192 0.0178723 0.0877721 None
0 0.7795 0.815858 0.00826845 0.0104156 None
0 0.706154 0.83127 0.0391671 0.032742 None
0 0.00825353 0.759574 0.0148648 0.00614048 None
0 0.866644 0.797065 0.0353334 0.0126814 None
0 0.860668 0.845874 0.0386482 0.0156204 None
0 0.85327 0.845451 0.0264725 0.0144857 None
0 0.964086 0.668058 0.00520592 0.0140672 None
0 0.00193878 0.911397 0.00383034 0.0318136 None
0 0.44298 0.785416 0.0197396 0.0100159 None
0 0.882081 0.685657 0.00576172 0.00985514 None
0 0.832623 0.775301 0.00812168 0.0321898 None
0 0.131415 0.984279 0.0635624 0.0202165 None
0 0.0222052 0.932791 0.0441613 0.0408537 None
0 0.538047 0.740701 0.0228648 0.00963643 None
0 0.533478 0.738508 0.0164486 0.0132263 None
0 0.445852 0.784467 0.0213047 0.0118344 None
0 0.859473 0.8449 0.0396788 0.017101 None
0 0.879768 0.985594 0.0363215 0.0272725 None
0 0.852019 0.839088 0.0238747 0.0244337 None
0 0.972512 0.764817 0.0178453 0.0282355 None
0 0.751363 0.826621 0.02798 0.00823822 None
0 0.854142 0.796877 0.0156279 0.00899048 None
0 0.682966 0.815697 0.0153431 0.0198383 None
0 0.00956502 0.975662 0.0189734 0.0276306 None
0 0.981272 0.771366 0.00944328 0.00973172 None
