0 0.45236 0.833653 0.0127954 0.0673116 37388
0 0.726102 0.789053 0.00865698 0.0425668 37389
0 0.742224 0.784511 0.00923071 0.0472892 37390
0 0.755391 0.781302 0.0079876 0.0487271 37391
0 0.830668 0.834708 0.017951 0.0336605 37392
0 0.796567 0.775538 0.0104517 0.0496648 37393
0 0.824726 0.770808 0.0116409 0.0500566 37394
0 0.842478 0.766065 0.00922871 0.0471164 37395
0 0.852563 0.763677 0.0101967 0.0523363 37396
0 0.704147 0.791815 0.0103144 0.0480474 37397
0 0.691795 0.794943 0.00985565 0.045403 37398
0 0.547707 0.814409 0.0112954 0.0496531 37399
0 0.852468 0.831849 0.0233294 0.0357542 37400
0 0.471669 0.854004 0.0172672 0.0333949 37401
0 0.816513 0.78052 0.00640144 0.0318968 37402
0 0.953865 0.848875 0.0218502 0.0395811 37403
0 0.718312 0.830082 0.0139803 0.0323802 37404
0 0.391138 0.813111 0.0176146 0.0462307 37405
0 0.00561977 0.977274 0.0111878 0.0236465 37406
0 0.891817 0.976289 0.0619759 0.0460402 37407
0 0.354448 0.7567 0.00764599 0.0210358 37408
0 0.934931 0.727898 0.0066391 0.0208123 37409
0 0.00798916 0.750033 0.0109606 0.0173679 37410
0 0.433547 0.914471 0.0245119 0.0364088 37411
0 0.712532 0.830514 0.0261008 0.0334083 37412
0 0.198634 0.916222 0.0464013 0.0316823 37413
0 0.43994 0.779964 0.00603142 0.0166846 37414
0 0.792215 0.703023 0.00618076 0.0231619 37415
0 0.577698 0.875797 0.0325167 0.0148522 37416
0 0.904843 0.973196 0.0405312 0.0403641 37417
0 0.0707063 0.741932 0.00927181 0.018006 37418
0 0.354608 0.989277 0.0161197 0.0214462 37419
0 0.0680107 0.737908 0.00647273 0.0152635 37420
0 0.0221362 0.93861 0.0442724 0.0274506 37421
0 0.109677 0.980671 0.0201852 0.0230292 37422
0 0.115285 0.982382 0.0310693 0.0259254 37423
0 0.675537 0.816938 0.0149627 0.0191247 37424
0 0.0716332 0.744943 0.00690305 0.0186388 37425
0 0.996125 0.678054 0.00728989 0.0210871 37426
0 0.952785 0.854905 0.0203959 0.0324005 37427
0 0.39101 0.830259 0.0181273 0.0810699 37428
0 0.469454 0.855939 0.0127379 0.0285726 37429
0 0.319606 0.712796 0.00678921 0.018551 37430
0 0.141846 0.735416 0.00676367 0.0108738 37431
0 0.43505 0.776276 0.00461388 0.0137638 37432
0 0.855857 0.830696 0.0158943 0.0339369 37433
0 0.775208 0.699214 0.0068593 0.0179595 37434
0 0.435901 0.91741 0.0194471 0.0293894 37435
0 0.145131 0.738617 0.0162124 0.00997874 37436
0 0.950902 0.858591 0.0166294 0.0240543 37437
0 0.476326 0.852885 0.0100737 0.0319244 37438
0 0.540673 0.849068 0.00694351 0.0291497 37439
0 0.143105 0.735387 0.00984521 0.0111742 37440
0 0.0554173 0.752051 0.00366682 0.00920308 37441
0 0.108986 0.983788 0.0484432 0.0269664 37442
0 0.440756 0.918794 0.0101402 0.0252452 37443
0 0.27442 0.724955 0.00587006 0.0178999 37444
0 0.529265 0.739031 0.0134512 0.00998942 37445
0 0.975761 0.764062 0.0227119 0.0250882 37446
0 0.882813 0.983118 0.0438984 0.0320255 37447
0 0.409973 0.767969 0.00735617 0.00994534 37448
0 0.438046 0.778531 0.0103343 0.0183702 37449
0 0.119724 0.98467 0.0394047 0.0231257 37450
0 0.922259 0.973713 0.0268902 0.0413866 37451
0 0.103794 0.993219 0.0637871 0.0100588 37452
0 0.440145 0.779202 0.0090519 0.0181549 37453
0 0.971665 0.674762 0.00620956 0.0172324 37454
0 0.912227 0.975227 0.0467392 0.0447122 37455
0 0.858668 0.833948 0.0386196 0.0396152 37456
0 0.530645 0.739197 0.0163505 0.00971205 37457
0 0.776471 0.81305 0.0144721 0.0168135 37458
0 0.189589 0.734018 0.00917811 0.00777215 37459
0 0.7733 0.812914 0.00825291 0.0153768 37460
0 0.275462 0.724556 0.00591888 0.01822 37461
0 0.859207 0.841866 0.0376118 0.0233855 37462
0 0.124566 0.985903 0.0295754 0.0205377 37463
0 0.769187 0.813004 0.0118277 0.015485 37464
0 0.99183 0.738601 0.0158169 0.0419013 37465
0 0.707842 0.786681 0.00454292 0.0148726 37466
0 0.428991 0.917617 0.0207016 0.0313846 37467
0 0.524087 0.738782 0.00491219 0.0106886 37468
0 0.946039 0.723343 0.0286156 0.0121485 37469
0 0.0989055 0.993738 0.0535762 0.00791762 37470
0 0.959941 0.849521 0.0177134 0.0400503 37471
0 0.122099 0.986085 0.0196965 0.02153 37472
0 0.95644 0.86598 0.0282171 0.0158229 37473
0 0.878753 0.985588 0.0360706 0.0274526 37474
0 0.143154 0.740001 0.0211376 0.0117201 37475
0 0.154124 0.738897 0.0386645 0.0101349 37476
0 0.881193 0.680073 0.00801353 0.0176066 37477
0 0.696659 0.793081 0.0192101 0.0489221 37478
0 0.980161 0.672291 0.00646477 0.0217873 37479
0 0.881916 0.681662 0.00759411 0.0159831 37480
0 0.838706 0.834075 0.0348257 0.0351325 37481
0 0.961059 0.850179 0.0375723 0.042864 37482
0 0.954791 0.861195 0.0250545 0.0247781 37483
0 0.979622 0.663603 0.00591393 0.0178272 37484
0 0.350118 0.98931 0.026041 0.0213409 37485
0 0.984634 0.662716 0.00606728 0.0134988 37486
0 0.540957 0.85284 0.00823174 0.0380568 37487
0 0.0544866 0.752005 0.00675414 0.00885179 37488
0 0.982679 0.673234 0.0061451 0.0202985 37489
0 0.825164 0.814949 0.0252775 0.0103251 37490
0 0.958228 0.868662 0.0246132 0.0102375 37491
0 0.533564 0.739177 0.0228844 0.0105065 37492
0 0.531044 0.738395 0.0179232 0.0118981 37493
0 0.153534 0.983421 0.0175668 0.0131972 37494
0 0.591312 0.907797 0.0552362 0.0223124 37495
