0 0.452406 0.833674 0.0123256 0.0674815 None
0 0.830763 0.834727 0.0176531 0.0334106 None
0 0.702602 0.792115 0.0102924 0.0471073 None
0 0.616907 0.807536 0.0102148 0.0466048 None
0 0.796608 0.775836 0.00793304 0.0483527 None
0 0.720041 0.786951 0.0104668 0.0494771 None
0 0.953673 0.849917 0.0218983 0.0423031 None
0 0.543056 0.81949 0.011651 0.0495412 None
0 0.749551 0.781787 0.010927 0.0510501 None
0 0.843292 0.76581 0.0080555 0.0441308 None
0 0.692735 0.794916 0.0103083 0.0487523 None
0 0.474565 0.854146 0.0178623 0.0298686 None
0 0.19814 0.915716 0.0457148 0.0310849 None
0 0.731608 0.786353 0.00921698 0.0476279 None
0 0.740333 0.792685 0.00864506 0.0322947 None
0 0.856452 0.830091 0.0139071 0.0320641 None
0 0.938536 0.7288 0.00732079 0.0206811 None
0 0.718142 0.830606 0.0131872 0.031181 None
0 0.971864 0.762562 0.0135902 0.0267127 None
0 0.433699 0.91413 0.0251955 0.037518 None
0 0.114625 0.981754 0.0313498 0.0267185 None
0 0.0046152 0.752764 0.00891325 0.0189568 None
0 0.0586321 0.737597 0.00447303 0.0200987 None
0 0.354797 0.989156 0.0149741 0.0216883 None
0 0.676418 0.81495 0.0165949 0.0194143 None
0 0.0650883 0.751262 0.0047823 0.0119524 None
0 0.31484 0.716052 0.00589352 0.0178446 None
0 0.275866 0.729005 0.00562525 0.0155267 None
0 0.39525 0.776655 0.00600114 0.0145803 None
0 0.293028 0.725181 0.0058136 0.0171427 None
0 0.905295 0.972335 0.0369728 0.0411443 None
0 0.883446 0.982704 0.0439573 0.0333162 None
0 0.712123 0.831075 0.0260637 0.0324766 None
0 0.0221793 0.938819 0.0443229 0.0284195 None
0 0.921839 0.972595 0.027034 0.0414235 None
0 0.970827 0.675318 0.00562878 0.0190141 None
0 0.853025 0.831087 0.0209795 0.0352658 None
0 0.996167 0.811532 0.00725517 0.0206875 None
0 0.440609 0.91728 0.0106634 0.0290673 None
0 0.397574 0.760575 0.00540056 0.0113071 None
0 0.743991 0.784878 0.00531349 0.0459076 None
0 0.429141 0.754734 0.00545616 0.0109612 None
0 0.437674 0.915689 0.0163277 0.0334585 None
0 0.825941 0.697331 0.00685635 0.0183468 None
0 0.1415 0.74019 0.00485671 0.010418 None
0 0.912224 0.973077 0.0462551 0.0426795 None
0 0.13525 0.741015 0.0143971 0.00958438 None
0 0.894709 0.976064 0.0659578 0.0455248 None
0 0.576961 0.875804 0.033757 0.0137621 None
0 0.0634119 0.742525 0.013923 0.0296928 None
0 0.517491 0.732677 0.012912 0.0110616 None
0 0.1605 0.737096 0.00484464 0.00927836 None
0 0.298895 0.724497 0.018811 0.0183831 None
0 0.914768 0.97157 0.0107967 0.0406209 None
0 0.985262 0.680209 0.00658951 0.0171683 None
0 0.103482 0.982998 0.0634846 0.0296838 None
0 0.103684 0.994085 0.0638403 0.00869514 None
0 0.939608 0.72935 0.0100544 0.022427 None
0 0.959418 0.850146 0.0107513 0.0376397 None
0 0.393602 0.777094 0.0116734 0.0143738 None
0 0.00762078 0.981496 0.015145 0.0143336 None
0 0.426682 0.755838 0.0139772 0.0110365 None
0 0.773419 0.81253 0.0067996 0.0145333 None
0 0.797962 0.696069 0.00518627 0.0122053 None
0 0.872548 0.845526 0.0152349 0.0151133 None
0 0.0607304 0.748029 0.0363872 0.0197269 None
0 0.00624271 0.982235 0.0124001 0.012086 None
0 0.852878 0.846564 0.0257736 0.0133728 None
0 0.74163 0.787155 0.00958881 0.043467 None
0 0.769673 0.812617 0.012636 0.0147063 None
0 0.9852 0.677672 0.00728397 0.0168087 None
0 0.859535 0.846985 0.0394829 0.0140506 None
0 0.859744 0.79522 0.00884094 0.0128557 None
0 0.559262 0.838573 0.00623341 0.0128828 None
0 0.42942 0.913508 0.034053 0.0401381 None
0 0.860009 0.846062 0.0408279 0.0169328 None
0 0.391223 0.832836 0.0189992 0.0896183 None
0 0.120129 0.982918 0.0422516 0.0283486 None
0 0.971278 0.66903 0.00644054 0.0308806 None
0 0.952213 0.86133 0.0176605 0.020718 None
0 0.891234 0.673058 0.00426025 0.0100827 None
0 0.825759 0.69795 0.0094717 0.018965 None
0 0.434015 0.907988 0.027842 0.0510857 None
0 0.396872 0.769913 0.0191968 0.0292453 None
0 0.163964 0.739825 0.0116043 0.0101323 None
0 0.975603 0.762714 0.0220348 0.0283476 None
0 0.00807486 0.978814 0.0160083 0.0197691 None
0 0.438441 0.908886 0.0201424 0.0468065 None
0 0.864059 0.833719 0.0329186 0.0386936 None
0 0.840619 0.835026 0.0377174 0.0342331 None
0 0.492669 0.863888 0.0195412 0.0089052 None
0 0.895833 0.974246 0.0203625 0.0275572 None
0 0.734675 0.785285 0.00926704 0.0478458 None
0 0.424882 0.755529 0.0216139 0.013992 None
0 0.775634 0.812883 0.0150514 0.0163595 None
0 0.441344 0.91191 0.0151724 0.0396681 None
0 0.779154 0.815711 0.00874071 0.0110085 None
0 0.483527 0.854223 0.0389425 0.0284448 None
0 0.575659 0.881526 0.0313993 0.00658349 None
0 0.891167 0.984395 0.0307467 0.0279746 None
