0 0.452814 0.833247 0.0129179 0.0676765 40532
0 0.842531 0.765611 0.0113892 0.0486308 40533
0 0.740054 0.78482 0.00830746 0.046117 40534
0 0.718572 0.829918 0.014423 0.0319624 40535
0 0.830567 0.834853 0.0176016 0.0336841 40536
0 0.755762 0.780978 0.00754194 0.04898 40537
0 0.822679 0.77062 0.0104523 0.0485882 40538
0 0.551589 0.812371 0.0119061 0.0457825 40539
0 0.717395 0.789379 0.00975304 0.043742 40540
0 0.473253 0.855209 0.0193348 0.0306722 40541
0 0.79633 0.775109 0.00995083 0.0496324 40542
0 0.810621 0.781025 0.0062458 0.0312937 40543
0 0.434756 0.914123 0.0222812 0.0374318 40544
0 0.788717 0.777279 0.00641708 0.0433385 40545
0 0.953364 0.849602 0.0223522 0.0415673 40546
0 0.276569 0.726529 0.00619307 0.0150679 40547
0 0.521792 0.738802 0.00676308 0.0114629 40548
0 0.855912 0.832063 0.0155283 0.0316842 40549
0 0.115364 0.983276 0.0310558 0.0259701 40550
0 0.974564 0.763404 0.0183922 0.0249713 40551
0 0.691179 0.795441 0.00666609 0.0416575 40552
0 0.77851 0.697428 0.00528212 0.0148809 40553
0 0.0667246 0.736075 0.00763707 0.0159702 40554
0 0.693927 0.795472 0.0087841 0.0422326 40555
0 0.0076145 0.752425 0.00904932 0.0190735 40556
0 0.95635 0.848186 0.0164776 0.039112 40557
0 0.432757 0.778593 0.00919533 0.0198385 40558
0 0.883271 0.985425 0.0449959 0.0273044 40559
0 0.355427 0.989251 0.0137678 0.021499 40560
0 0.903427 0.972799 0.0381212 0.0390735 40561
0 0.702164 0.790999 0.00964069 0.0478061 40562
0 0.891548 0.976264 0.0613886 0.0460798 40563
0 0.318486 0.713703 0.00547256 0.017747 40564
0 0.066769 0.740155 0.00777498 0.0250854 40565
0 0.198735 0.915504 0.0450364 0.0319404 40566
0 0.701766 0.78007 0.00852489 0.025235 40567
0 0.995545 0.813561 0.0085001 0.0157467 40568
0 0.0221468 0.938167 0.0442936 0.0298398 40569
0 0.0677745 0.74171 0.0100974 0.0279934 40570
0 0.997742 0.749418 0.00410461 0.0317407 40571
0 0.910105 0.973667 0.0489697 0.0417714 40572
0 0.852541 0.833296 0.0227373 0.0347866 40573
0 0.094278 0.993905 0.0439498 0.00856425 40574
0 0.00539868 0.978441 0.0107399 0.0206121 40575
0 0.965521 0.675733 0.00482273 0.0185826 40576
0 0.675679 0.815584 0.0149983 0.0190796 40577
0 0.527332 0.739525 0.0174842 0.0106474 40578
0 0.10357 0.983952 0.0602503 0.0273812 40579
0 0.965201 0.722909 0.0490578 0.015388 40580
0 0.794395 0.697014 0.00653505 0.0149833 40581
0 0.361441 0.753482 0.0104868 0.0153073 40582
0 0.0689135 0.743732 0.00992434 0.0235513 40583
0 0.922322 0.973699 0.026165 0.0414746 40584
0 0.110388 0.980805 0.0211941 0.0226756 40585
0 0.692653 0.793373 0.00993643 0.0470957 40586
0 0.289693 0.72849 0.00448503 0.00899014 40587
0 0.696858 0.792507 0.0171371 0.0480491 40588
0 0.982148 0.661272 0.00939751 0.0298075 40589
0 0.431178 0.778665 0.013358 0.0194387 40590
0 0.702985 0.807321 0.00700998 0.015251 40591
0 0.770053 0.812779 0.015466 0.0162187 40592
0 0.88513 0.979729 0.0489613 0.0388501 40593
0 0.823244 0.763548 0.0107014 0.0345859 40594
0 0.120516 0.98517 0.0389111 0.0231245 40595
0 0.577081 0.875963 0.0319204 0.0136776 40596
0 0.0559025 0.752909 0.00373626 0.00803969 40597
0 0.936844 0.727842 0.00804348 0.0168825 40598
0 0.902127 0.978085 0.0333916 0.0286407 40599
0 0.576745 0.875584 0.0313663 0.0135 40600
0 0.140436 0.741764 0.0174685 0.0113569 40601
0 0.948877 0.850613 0.0307056 0.0448278 40602
0 0.884324 0.683661 0.00606346 0.0119198 40603
0 0.772772 0.813065 0.0215773 0.0175147 40604
0 0.981239 0.66176 0.00779381 0.0230974 40605
0 0.00912832 0.978383 0.0180648 0.022443 40606
0 0.937915 0.725658 0.0105053 0.0170393 40607
0 0.43481 0.783259 0.0252948 0.012065 40608
0 0.430273 0.775937 0.0158623 0.0152018 40609
0 0.836817 0.834579 0.0307718 0.0350956 40610
0 0.94798 0.857976 0.0314816 0.031584 40611
0 0.863269 0.834125 0.0323807 0.0362593 40612
0 0.587884 0.908031 0.0526174 0.0238712 40613
0 0.126056 0.986198 0.0258088 0.0217963 40614
0 0.812142 0.781812 0.00906467 0.0297841 40615
0 0.779257 0.816213 0.00820961 0.0107154 40616
0 0.898373 0.682208 0.00391064 0.0133406 40617
0 0.672607 0.815978 0.0214094 0.020344 40618
0 0.136718 0.741915 0.0112064 0.0109441 40619
0 0.872261 0.845494 0.0141806 0.0150465 40620
0 0.408811 0.768158 0.00303631 0.00935889 40621
0 0.949548 0.86004 0.0144318 0.0206346 40622
0 0.790728 0.820388 0.0278484 0.00741035 40623
0 0.794093 0.773837 0.0141241 0.0512061 40624
0 0.918229 0.980457 0.0322279 0.0268141 40625
0 0.936566 0.723393 0.00871754 0.0250753 40626
0 0.851771 0.846299 0.0250471 0.0125454 40627
0 0.93691 0.867046 0.0129128 0.0151671 40628
0 0.841114 0.76463 0.00902786 0.042924 40629
0 0.597414 0.915405 0.0319857 0.00874786 40630
0 0.923283 0.683028 0.00702057 0.0126061 40631
0 0.704 0.782329 0.012442 0.0219916 40632
0 0.946258 0.86457 0.030537 0.0192291 40633
0 0.882779 0.68497 0.00596714 0.0123925 40634
0 0.993903 0.750797 0.0118568 0.0345272 40635
0 0.438278 0.914731 0.0154705 0.0347122 40636
0 0.903153 0.982673 0.0677273 0.0327355 40637
0 0.925014 0.984197 0.0200052 0.0195429 40638
0 0.859937 0.845608 0.0394291 0.0163313 40639
0 0.492968 0.862752 0.0197966 0.0116628 40640
0 0.809594 0.780857 0.0086832 0.0328834 40641
