0 0.452858 0.834812 0.0119356 0.0654963 94045
0 0.401819 0.840876 0.0115934 0.0623077 94046
0 0.335383 0.901963 0.0207873 0.0810544 94047
0 0.796378 0.775367 0.00820885 0.0502596 94048
0 0.830856 0.835147 0.0174587 0.0323049 94049
0 0.728307 0.785753 0.0111696 0.0497392 94050
0 0.586011 0.808837 0.0102117 0.0573842 94051
0 0.843059 0.760542 0.00780373 0.0340912 94052
0 0.650819 0.802121 0.00821562 0.0450222 94053
0 0.689277 0.79532 0.0109756 0.0466641 94054
0 0.55526 0.818626 0.00829878 0.0495772 94055
0 0.546028 0.815603 0.012196 0.0542748 94056
0 0.718064 0.829977 0.0139588 0.0318993 94057
0 0.956979 0.847646 0.0153337 0.0344196 94058
0 0.701194 0.796056 0.0110569 0.0489363 94059
0 0.715016 0.789725 0.0109588 0.0496141 94060
0 0.114985 0.982799 0.033772 0.0276781 94061
0 0.198224 0.916659 0.0446607 0.0299316 94062
0 0.944473 0.849637 0.0166275 0.0351215 94063
0 0.391057 0.81957 0.0180862 0.0595018 94064
0 0.0221803 0.938575 0.0443607 0.0303908 94065
0 0.971526 0.762322 0.0138428 0.0273202 94066
0 0.993937 0.731321 0.00578156 0.0274363 94067
0 0.667243 0.803529 0.00607843 0.029305 94068
0 0.893979 0.975805 0.0649149 0.0445516 94069
0 0.855824 0.831897 0.0154625 0.028383 94070
0 0.475651 0.857414 0.0190561 0.0235382 94071
0 0.930541 0.744375 0.00947685 0.0554923 94072
0 0.4842 0.857629 0.036877 0.0236774 94073
0 0.0967746 0.994037 0.0491631 0.00827416 94074
0 0.906417 0.973343 0.0399982 0.0396128 94075
0 0.0511569 0.741801 0.00516814 0.0174727 94076
0 0.00534936 0.976292 0.0106363 0.0250573 94077
0 0.852901 0.833327 0.022411 0.0302894 94078
0 0.917463 0.972886 0.0170605 0.0384932 94079
0 0.355335 0.989288 0.0134988 0.0214233 94080
0 0.00330502 0.976356 0.00655979 0.0241665 94081
0 0.858827 0.696956 0.00867443 0.018447 94082
0 0.883789 0.980799 0.0449467 0.0360803 94083
0 0.676518 0.814248 0.0221677 0.0216046 94084
0 0.772748 0.813236 0.0208717 0.0185866 94085
0 0.106596 0.983091 0.05411 0.0288971 94086
0 0.716893 0.790712 0.0119754 0.0449165 94087
0 0.996175 0.813506 0.0072422 0.0157155 94088
0 0.921118 0.973152 0.0253666 0.0388723 94089
0 0.715289 0.83031 0.0201505 0.0326877 94090
0 0.853295 0.848579 0.0244541 0.00867377 94091
0 0.953681 0.850112 0.0224331 0.0383362 94092
0 0.577078 0.875668 0.0340445 0.0138529 94093
0 0.974299 0.768475 0.0190187 0.0165592 94094
0 0.0509658 0.744336 0.00617187 0.0230174 94095
0 0.974377 0.762227 0.0196999 0.0278963 94096
0 0.85977 0.696554 0.0117888 0.0195238 94097
0 0.347546 0.772728 0.00319214 0.00879957 94098
0 0.336381 0.72749 0.0167539 0.00822296 94099
0 0.941702 0.852082 0.0208843 0.0397313 94100
0 0.885458 0.975481 0.0415751 0.0286197 94101
0 0.781796 0.813604 0.036017 0.0198378 94102
0 0.00874317 0.976489 0.0173355 0.0268836 94103
0 0.863591 0.834898 0.0289457 0.0348409 94104
0 0.101476 0.992473 0.0580499 0.01081 94105
0 0.577566 0.879226 0.0344084 0.0142632 94106
0 0.841405 0.835466 0.0390957 0.0331582 94107
0 0.669187 0.806038 0.00980272 0.0355469 94108
0 0.153462 0.983634 0.0177306 0.0123416 94109
0 0.283706 0.739349 0.00727577 0.0104994 94110
0 0.00380746 0.756103 0.0076088 0.00927955 94111
0 0.835417 0.835114 0.0267586 0.0331124 94112
0 0.359991 0.899285 0.0139221 0.02687 94113
0 0.911328 0.67151 0.00547752 0.0121551 94114
0 0.859425 0.794815 0.00745201 0.0135171 94115
0 0.00391546 0.973477 0.00776019 0.0301385 94116
0 0.335678 0.726805 0.0139667 0.00819804 94117
0 0.903253 0.684466 0.00455246 0.0127579 94118
0 0.871312 0.845326 0.0120914 0.0157427 94119
0 0.783076 0.813762 0.0197165 0.0179159 94120
0 0.787124 0.816451 0.0252188 0.0145472 94121
0 0.81916 0.814856 0.00986938 0.00952403 94122
0 0.495375 0.863075 0.0147741 0.0110623 94123
0 0.503321 0.719479 0.0130014 0.00996026 94124
0 0.843955 0.843717 0.044878 0.0193593 94125
0 0.277877 0.735218 0.0196235 0.0151193 94126
0 0.877905 0.985067 0.0333912 0.028145 94127
0 0.105353 0.738474 0.00886502 0.0113386 94128
0 0.895704 0.973423 0.0192478 0.0227834 94129
0 0.674623 0.805674 0.0210178 0.0360241 94130
0 0.984666 0.754422 0.0300858 0.011027 94131
0 0.578078 0.886936 0.0351789 0.00912103 94132
0 0.842095 0.760103 0.011042 0.0319797 94133
0 0.059078 0.742178 0.00968982 0.0112418 94134
0 0.462619 0.762378 0.00512867 0.0140455 94135
0 0.540792 0.849529 0.00698891 0.0261661 94136
