0 0.453621 0.833757 0.0115635 0.0674562 11197
0 0.480123 0.833091 0.0141443 0.0612681 11198
0 0.424304 0.894771 0.0148488 0.0821089 11199
0 0.830178 0.834617 0.0171516 0.0338626 11200
0 0.75136 0.782782 0.0105146 0.047718 11201
0 0.765983 0.779629 0.0117105 0.0490221 11202
0 0.948829 0.74643 0.00866337 0.0459946 11203
0 0.699339 0.794284 0.00861196 0.0427968 11204
0 0.79574 0.777971 0.00955429 0.0440023 11205
0 0.845673 0.766708 0.00909653 0.0442349 11206
0 0.131985 0.889541 0.0157268 0.0593245 11207
0 0.790939 0.775959 0.00731611 0.0485633 11208
0 0.499641 0.779032 0.00733051 0.021107 11209
0 0.996418 0.733708 0.00670738 0.0463372 11210
0 0.862818 0.764568 0.00976543 0.0415626 11211
0 0.855406 0.831371 0.0160982 0.0339154 11212
0 0.953754 0.848693 0.021921 0.0383277 11213
0 0.718587 0.830452 0.0131262 0.0312276 11214
0 0.914054 0.754419 0.00977402 0.048269 11215
0 0.326653 0.712913 0.00602684 0.018611 11216
0 0.788808 0.700315 0.00599003 0.0179728 11217
0 0.477657 0.780742 0.00828419 0.0209269 11218
0 0.514714 0.808244 0.00985794 0.0399316 11219
0 0.896067 0.975736 0.0673679 0.0454937 11220
0 0.934993 0.728385 0.00537033 0.0196021 11221
0 0.198373 0.915548 0.045546 0.0311996 11222
0 0.509651 0.811452 0.00548973 0.0264531 11223
0 0.00736641 0.750926 0.00851511 0.0174472 11224
0 0.68857 0.796115 0.00983391 0.042513 11225
0 0.0220272 0.938718 0.0440543 0.028499 11226
0 0.528942 0.740367 0.00397329 0.00906474 11227
0 0.852445 0.832193 0.0216915 0.0360167 11228
0 0.117104 0.983569 0.0341444 0.0266997 11229
0 0.0546961 0.751285 0.00545238 0.00824856 11230
0 0.974586 0.761927 0.0186985 0.0286784 11231
0 0.765146 0.700725 0.00710335 0.020932 11232
0 0.510956 0.811396 0.00829487 0.0302433 11233
0 0.355268 0.988992 0.0138941 0.0220158 11234
0 0.981214 0.740652 0.00908012 0.031172 11235
0 0.0062431 0.981303 0.0124033 0.0146762 11236
0 0.292506 0.733846 0.00914307 0.0100138 11237
0 0.577548 0.874953 0.0333265 0.0155735 11238
0 0.676567 0.815344 0.0159628 0.0185615 11239
0 0.884329 0.979517 0.0445004 0.0380615 11240
0 0.0764562 0.744523 0.00914683 0.0190657 11241
0 0.995817 0.813351 0.00794945 0.0171224 11242
0 0.00588641 0.751918 0.0116455 0.018457 11243
0 0.927502 0.719467 0.0678692 0.0224709 11244
0 0.921496 0.973348 0.0284138 0.0412226 11245
0 0.687633 0.799683 0.00892715 0.035316 11246
0 0.84149 0.766699 0.00513153 0.0408346 11247
0 0.535671 0.741436 0.0169189 0.00963542 11248
0 0.951379 0.858913 0.0175289 0.0242883 11249
0 0.075013 0.745171 0.0078658 0.0208216 11250
0 0.975572 0.675202 0.00595131 0.0210593 11251
0 0.112328 0.982738 0.0254025 0.0243815 11252
0 0.952653 0.85484 0.0212309 0.0334125 11253
0 0.689035 0.801734 0.0112725 0.0363025 11254
0 0.313286 0.755199 0.0167255 0.0178346 11255
0 0.0946015 0.994331 0.0452812 0.00835809 11256
0 0.159632 0.740773 0.00578256 0.0113359 11257
0 0.922193 0.740312 0.00638161 0.0267805 11258
0 0.299114 0.7361 0.0224859 0.00787862 11259
0 0.925204 0.680672 0.00708904 0.0102024 11260
0 0.917445 0.972579 0.0175276 0.040253 11261
0 0.903839 0.677454 0.00787621 0.017791 11262
0 0.109494 0.98157 0.0194887 0.0233636 11263
0 0.981144 0.655446 0.00872173 0.0220459 11264
0 0.693755 0.79459 0.0145443 0.0446284 11265
0 0.921754 0.736094 0.00702248 0.0239427 11266
0 0.91641 0.749907 0.0122555 0.0488281 11267
0 0.972732 0.752295 0.00783749 0.0112295 11268
0 0.851411 0.845445 0.0221651 0.013218 11269
0 0.915785 0.973834 0.0294228 0.040927 11270
0 0.131701 0.983394 0.0633034 0.0261146 11271
0 0.122966 0.984647 0.0339372 0.0243537 11272
0 0.354416 0.729766 0.0082757 0.00933533 11273
0 0.713088 0.830974 0.0257191 0.0324022 11274
0 0.357391 0.731203 0.0163385 0.0114794 11275
0 0.511175 0.810012 0.0111917 0.0342185 11276
0 0.762573 0.780282 0.0178825 0.0489085 11277
0 0.577498 0.870256 0.0339752 0.025314 11278
0 0.391217 0.832165 0.017744 0.0865421 11279
0 0.689368 0.790751 0.00657368 0.0393914 11280
0 0.00913366 0.981186 0.0181584 0.0159136 11281
0 0.862989 0.833219 0.0346581 0.0387149 11282
0 0.104075 0.984187 0.0635878 0.0276506 11283
0 0.201326 0.735756 0.0127373 0.0105837 11284
0 0.936024 0.867006 0.0114557 0.0156074 11285
0 0.512392 0.781004 0.026594 0.0137826 11286
0 0.155243 0.741879 0.0148969 0.0136237 11287
0 0.590669 0.909023 0.0586285 0.0218867 11288
0 0.683728 0.802349 0.0201189 0.0433797 11289
0 0.843265 0.845347 0.044952 0.0164975 11290
0 0.853403 0.842457 0.0529057 0.0245149 11291
0 0.772336 0.812827 0.0115221 0.0143124 11292
0 0.391211 0.812307 0.0172128 0.0461377 11293
0 0.91613 0.744203 0.010593 0.0383414 11294
0 0.850801 0.843864 0.0200054 0.0131578 11295
0 0.995374 0.808636 0.00876694 0.0280928 11296
0 0.842411 0.833062 0.0421844 0.0383704 11297
0 0.68003 0.803781 0.0232792 0.0430047 11298
0 0.872309 0.845486 0.0144508 0.0152964 11299
0 0.877876 0.984011 0.0315308 0.0292687 11300
0 0.588233 0.912477 0.0533002 0.0147098 11301
0 0.988846 0.678309 0.00883789 0.0152751 11302
0 0.47688 0.792234 0.0249797 0.0111213 11303
0 0.953476 0.859735 0.0289616 0.0275487 11304
