0 0.452331 0.833654 0.0130171 0.0674398 32861
0 0.481201 0.827955 0.012842 0.0576275 32862
0 0.279692 0.865461 0.0164964 0.0575838 32863
0 0.878955 0.761057 0.00853043 0.0451165 32864
0 0.950606 0.74707 0.011005 0.0498393 32865
0 0.698261 0.795219 0.0095171 0.0536879 32866
0 0.953348 0.848421 0.0224266 0.0422396 32867
0 0.96664 0.741327 0.00958443 0.0452906 32868
0 0.79711 0.77592 0.0113622 0.0502842 32869
0 0.775032 0.779184 0.0104231 0.0482347 32870
0 0.421682 0.911626 0.0188154 0.0478343 32871
0 0.788613 0.77601 0.00961323 0.0493542 32872
0 0.531435 0.777811 0.00754766 0.0268182 32873
0 0.830765 0.834241 0.0157295 0.0327871 32874
0 0.835167 0.772171 0.00925922 0.0407357 32875
0 0.856556 0.827901 0.0123425 0.0362396 32876
0 0.842644 0.765657 0.00927734 0.0453176 32877
0 0.472805 0.800629 0.0098074 0.0376365 32878
0 0.971672 0.762433 0.0138664 0.027602 32879
0 0.518491 0.780538 0.00827169 0.0202942 32880
0 0.198403 0.916407 0.0460046 0.0313185 32881
0 0.718566 0.83041 0.0141367 0.0317295 32882
0 0.906882 0.763814 0.00651207 0.0271113 32883
0 0.840546 0.767492 0.00680313 0.0433565 32884
0 0.898717 0.740784 0.00802727 0.0318037 32885
0 0.894354 0.976006 0.0670151 0.0467187 32886
0 0.926821 0.726822 0.00517139 0.0196009 32887
0 0.7138 0.830793 0.0241011 0.0326508 32888
0 0.685327 0.791506 0.0106966 0.0341704 32889
0 0.00820103 0.747365 0.00795911 0.0192544 32890
0 0.67687 0.816071 0.0167354 0.0177165 32891
0 0.997788 0.73536 0.00399685 0.049507 32892
0 0.35194 0.989151 0.0185887 0.0216985 32893
0 0.114438 0.983668 0.0323442 0.0192868 32894
0 0.0221991 0.938382 0.0443981 0.0279568 32895
0 0.995681 0.81396 0.00821838 0.0181398 32896
0 0.784707 0.694522 0.00604324 0.0115468 32897
0 0.939108 0.739565 0.00691853 0.0222076 32898
0 0.883778 0.979383 0.0462795 0.0402671 32899
0 0.853171 0.82966 0.0194363 0.039821 32900
0 0.370847 0.739001 0.00963516 0.0113712 32901
0 0.173068 0.736661 0.00566182 0.00752597 32902
0 0.290284 0.750242 0.00927062 0.0130361 32903
0 0.331224 0.708216 0.00544281 0.0168789 32904
0 0.906046 0.973859 0.0412212 0.0432563 32905
0 0.917313 0.972707 0.0184719 0.0401015 32906
0 0.0062713 0.747911 0.0122221 0.0218292 32907
0 0.0965219 0.994212 0.0483295 0.00822279 32908
0 0.00557538 0.981239 0.0110547 0.0139272 32909
0 0.577527 0.872597 0.0334351 0.0198062 32910
0 0.939211 0.743576 0.0073803 0.0314212 32911
0 0.949309 0.849538 0.0301357 0.0445065 32912
0 0.304284 0.742003 0.00636597 0.0134271 32913
0 0.974561 0.664112 0.00856171 0.0418077 32914
0 0.996997 0.66195 0.00437927 0.0140532 32915
0 0.921023 0.973232 0.0287937 0.0410702 32916
0 0.0590481 0.749797 0.00332143 0.00716688 32917
0 0.100985 0.991719 0.0575904 0.0126834 32918
0 0.0773935 0.752289 0.0152174 0.0117523 32919
0 0.00422399 0.750573 0.00805512 0.0153041 32920
0 0.988304 0.678488 0.00484257 0.012689 32921
0 0.110216 0.985732 0.0411606 0.0230899 32922
0 0.950236 0.865834 0.0379892 0.0174706 32923
0 0.852127 0.841517 0.0220459 0.0188456 32924
0 0.838057 0.835011 0.0315987 0.0342438 32925
0 0.0727927 0.752236 0.0244589 0.0123288 32926
0 0.977029 0.666217 0.00571079 0.0370912 32927
0 0.968204 0.745506 0.0156036 0.0563477 32928
0 0.0660791 0.752349 0.00862644 0.0106791 32929
0 0.907525 0.975756 0.0551126 0.0457097 32930
0 0.769994 0.811828 0.0133909 0.0171973 32931
0 0.154172 0.740206 0.00804792 0.0111769 32932
0 0.541099 0.848886 0.00709934 0.0285302 32933
0 0.201447 0.727202 0.00533246 0.00742221 32934
0 0.789364 0.81983 0.0271921 0.00839742 32935
0 0.390896 0.832824 0.0186468 0.0877601 32936
0 0.950204 0.864243 0.0218018 0.0149089 32937
0 0.00791855 0.757356 0.0136472 0.00921546 32938
0 0.935982 0.867572 0.011359 0.0135305 32939
0 0.908528 0.7635 0.00955067 0.0268626 32940
0 0.766328 0.694844 0.00647011 0.0130426 32941
0 0.903365 0.682168 0.00424671 0.0146928 32942
0 0.372961 0.738993 0.0156361 0.0122309 32943
0 0.330622 0.708406 0.00735044 0.0183655 32944
0 0.679428 0.814632 0.0216757 0.0206326 32945
0 0.120355 0.984925 0.038276 0.0205004 32946
0 0.960428 0.86316 0.0484928 0.0170447 32947
0 0.292946 0.752096 0.0150537 0.0128571 32948
0 0.157478 0.739807 0.0144963 0.0121779 32949
0 0.589601 0.907269 0.0528014 0.025136 32950
0 0.856868 0.846039 0.0410091 0.0146181 32951
0 0.975126 0.762391 0.0222143 0.0283878 32952
0 0.852803 0.845149 0.0262955 0.0146573 32953
0 0.695542 0.84161 0.0267066 0.0145998 32954
0 0.930551 0.735361 0.00463314 0.00872735 32955
0 0.681056 0.799608 0.0197211 0.0496792 32956
0 0.12967 0.985298 0.0661923 0.0216397 32957
0 0.588778 0.910156 0.0529587 0.020459 32958
0 0.120661 0.985881 0.0287017 0.0217409 32959
0 0.488971 0.864546 0.0267894 0.00946045 32960
0 0.967562 0.763453 0.0231525 0.0295622 32961
0 0.788864 0.818216 0.0264393 0.0105781 32962
0 0.779721 0.817402 0.00863133 0.0106435 32963
0 0.995367 0.808705 0.00879135 0.0294905 32964
0 0.958218 0.866379 0.0562908 0.0149468 32965
0 0.681626 0.817622 0.019911 0.0161504 32966
0 0.859744 0.795291 0.00711498 0.0122323 32967
0 0.915084 0.975919 0.0400526 0.0438627 32968
0 0.879407 0.985208 0.0375366 0.0289117 32969
0 0.996294 0.734967 0.00690537 0.0503313 32970
0 0.960506 0.863328 0.0525791 0.0122209 32971
0 0.101785 0.986134 0.0599102 0.0231318 32972
0 0.782865 0.777922 0.0194048 0.0512031 32973
0 0.303324 0.743613 0.0121902 0.0161957 32974
0 0.832963 0.772252 0.0138477 0.0442437 32975
0 0.292956 0.758514 0.0170332 0.00920071 32976
