0 0.45249 0.833617 0.0125031 0.0676829 None
0 0.728301 0.788709 0.00799007 0.0431469 None
0 0.796725 0.776903 0.00938225 0.0486555 None
0 0.742128 0.784991 0.00916882 0.0463114 None
0 0.54789 0.813489 0.0125264 0.0495989 None
0 0.842737 0.766008 0.00902252 0.046294 None
0 0.830664 0.834668 0.0176411 0.0335556 None
0 0.755393 0.780891 0.00800266 0.0489743 None
0 0.694101 0.794553 0.00962582 0.0465118 None
0 0.854715 0.763098 0.0105659 0.0502258 None
0 0.704231 0.7916 0.010366 0.0478458 None
0 0.824835 0.769495 0.0110691 0.0487447 None
0 0.718183 0.830303 0.0136189 0.0317954 None
0 0.953829 0.848913 0.0218311 0.0398149 None
0 0.852925 0.832347 0.0216705 0.0343694 None
0 0.472161 0.853661 0.0179205 0.0335988 None
0 0.353119 0.757383 0.00523281 0.0190891 None
0 0.791324 0.703046 0.0054245 0.0219935 None
0 0.81729 0.779667 0.00587978 0.0289795 None
0 0.198827 0.916398 0.0469857 0.0317139 None
0 0.956861 0.848322 0.0156826 0.0385362 None
0 0.891707 0.976285 0.0617197 0.0458767 None
0 0.00879631 0.750886 0.0104241 0.0189258 None
0 0.00560673 0.977065 0.0111627 0.0239441 None
0 0.904279 0.973068 0.0391975 0.0400781 None
0 0.712505 0.830926 0.0260872 0.0325414 None
0 0.0705313 0.740527 0.00972049 0.0186612 None
0 0.433556 0.914291 0.0245171 0.0368727 None
0 0.114798 0.981344 0.0301814 0.0240614 None
0 0.273864 0.724757 0.00546989 0.0176785 None
0 0.577684 0.875809 0.0324306 0.0147629 None
0 0.0220828 0.938397 0.0441655 0.0280163 None
0 0.319593 0.712107 0.00650868 0.017857 None
0 0.469826 0.854688 0.0134233 0.0313514 None
0 0.354619 0.98927 0.0160689 0.0214602 None
0 0.109569 0.980556 0.0199322 0.0232646 None
0 0.675466 0.816893 0.0144764 0.01919 None
0 0.934672 0.727678 0.00553055 0.0208125 None
0 0.985666 0.747544 0.00884304 0.0391017 None
0 0.774455 0.699049 0.00703106 0.0179677 None
0 0.526329 0.738464 0.00675583 0.0106394 None
0 0.856115 0.83107 0.0152821 0.0333077 None
0 0.391086 0.829148 0.0175576 0.0781772 None
0 0.987814 0.743239 0.0136314 0.0463686 None
0 0.992224 0.739301 0.00886421 0.0432719 None
0 0.996365 0.677753 0.0068367 0.0214508 None
0 0.142303 0.735637 0.0063813 0.0101942 None
0 0.440792 0.918868 0.00993557 0.0253269 None
0 0.531485 0.739007 0.0153839 0.00867208 None
0 0.885384 0.979054 0.0491413 0.0400296 None
0 0.89527 0.68144 0.00776291 0.018781 None
0 0.108358 0.983593 0.0472002 0.0272556 None
0 0.14557 0.736907 0.0179381 0.0112094 None
0 0.951897 0.858848 0.018195 0.0236884 None
0 0.391113 0.813366 0.017124 0.0460749 None
0 0.974299 0.762999 0.0207878 0.0262956 None
0 0.443312 0.779508 0.00532436 0.0178121 None
0 0.882339 0.682306 0.00774651 0.0124694 None
0 0.476117 0.852557 0.0122282 0.0327201 None
0 0.922127 0.973732 0.0269543 0.0412665 None
0 0.441318 0.776867 0.00825338 0.014975 None
0 0.102861 0.993491 0.0614849 0.00956082 None
0 0.119509 0.984345 0.0391702 0.0233894 None
0 0.541126 0.848915 0.00753632 0.0294366 None
0 0.88257 0.983474 0.0429085 0.0304913 None
0 0.410828 0.768713 0.00406017 0.00880907 None
0 0.773483 0.812933 0.00679674 0.0150441 None
0 0.921367 0.680717 0.0068615 0.0112395 None
0 0.996539 0.810914 0.00650997 0.0207787 None
0 0.88154 0.679889 0.00917625 0.0164407 None
0 0.858883 0.834363 0.0382669 0.0387112 None
0 0.769273 0.812968 0.0117617 0.0152228 None
0 0.912485 0.974814 0.0457394 0.0440157 None
0 0.428652 0.918731 0.0196253 0.0291433 None
0 0.777186 0.813418 0.0128625 0.0157874 None
0 0.317346 0.711801 0.0111712 0.0186796 None
0 0.679643 0.816637 0.0212351 0.0192647 None
0 0.436657 0.776333 0.00566082 0.0129217 None
0 0.934532 0.731173 0.00880909 0.0156626 None
0 0.882084 0.682888 0.00779152 0.0195972 None
0 0.430404 0.91913 0.0147275 0.0241436 None
0 0.0564273 0.751682 0.00425135 0.00971832 None
0 0.95643 0.851299 0.0280401 0.0410611 None
0 0.972557 0.673787 0.00686264 0.0200791 None
0 0.443737 0.779593 0.0154832 0.0192078 None
0 0.956375 0.866643 0.0283302 0.0145491 None
0 0.934964 0.728164 0.00893021 0.021463 None
0 0.153429 0.737669 0.037865 0.0110887 None
0 0.878313 0.985583 0.0351341 0.0274614 None
0 0.840095 0.83413 0.0374268 0.0350952 None
0 0.121596 0.986179 0.0188287 0.0212579 None
0 0.531282 0.738174 0.0169591 0.011505 None
0 0.923947 0.977285 0.023616 0.033228 None
0 0.972355 0.75382 0.00718307 0.00995483 None
0 0.12674 0.985651 0.0259641 0.0203006 None
0 0.102919 0.98457 0.0608628 0.0263316 None
0 0.960111 0.849329 0.0163982 0.0391703 None
0 0.313599 0.712362 0.0187721 0.0197632 None
0 0.535515 0.738995 0.0260872 0.0101864 None
0 0.524979 0.738388 0.00697346 0.0105303 None
0 0.95756 0.868698 0.0259533 0.0102617 None
0 0.0542016 0.750784 0.00845344 0.00870311 None
0 0.936223 0.731063 0.0109638 0.0150102 None
0 0.72988 0.788184 0.0107252 0.043769 None
0 0.144932 0.73868 0.0229824 0.0114261 None
0 0.971224 0.762251 0.0155582 0.0273448 None
0 0.915255 0.969133 0.0109615 0.0325048 None
0 0.824528 0.814931 0.0242779 0.0101563 None
0 0.153509 0.983378 0.0175472 0.0132219 None
0 0.954956 0.863434 0.0252419 0.020371 None
