0 0.485937 0.826838 0.011461 0.0557258 78370
0 0.842049 0.767047 0.00863953 0.0457058 78371
0 0.7402 0.784419 0.00945168 0.0495202 78372
0 0.796329 0.776084 0.00841618 0.0474214 78373
0 0.452431 0.834064 0.0121442 0.0656857 78374
0 0.556274 0.818188 0.0116449 0.0492415 78375
0 0.830839 0.834839 0.0177671 0.0333174 78376
0 0.634009 0.801206 0.0116604 0.0539124 78377
0 0.434518 0.903025 0.0236084 0.0571072 78378
0 0.672422 0.790525 0.00919094 0.0474079 78379
0 0.718546 0.829558 0.0143734 0.0327569 78380
0 0.953426 0.85116 0.0220676 0.0411987 78381
0 0.022101 0.937819 0.0442019 0.0278765 78382
0 0.114566 0.982471 0.0334867 0.0278819 78383
0 0.704518 0.791757 0.00919628 0.0452872 78384
0 0.0172226 0.752133 0.00993843 0.0177053 78385
0 0.198041 0.915379 0.0458769 0.0322474 78386
0 0.855501 0.829422 0.0143812 0.0334849 78387
0 0.89086 0.975522 0.0591061 0.0466556 78388
0 0.354968 0.989125 0.0151501 0.0217504 78389
0 0.29119 0.724315 0.00745626 0.0168228 78390
0 0.691824 0.795831 0.00818806 0.0455088 78391
0 0.0661157 0.7356 0.00668313 0.0208454 78392
0 0.316068 0.709453 0.00831862 0.0197046 78393
0 0.853272 0.830125 0.0208878 0.0343711 78394
0 0.902942 0.972286 0.035816 0.0404465 78395
0 0.0954393 0.994167 0.0463274 0.00799493 78396
0 0.475587 0.858041 0.0186982 0.0220022 78397
0 0.935503 0.728521 0.00672112 0.0216899 78398
0 0.974464 0.760755 0.0177834 0.0306644 78399
0 0.106253 0.982801 0.0494328 0.0290175 78400
0 0.698141 0.792637 0.00600557 0.0405691 78401
0 0.910651 0.97326 0.0490984 0.0423228 78402
0 0.428801 0.762874 0.021129 0.01239 78403
0 0.00566236 0.978942 0.0112788 0.0194767 78404
0 0.973147 0.75184 0.00677071 0.0151581 78405
0 0.273659 0.729698 0.00561876 0.0163223 78406
0 0.575542 0.813131 0.0284397 0.0104296 78407
0 0.696028 0.794626 0.00877371 0.0420237 78408
0 0.883467 0.984824 0.0446293 0.0284481 78409
0 0.364786 0.772658 0.016596 0.0115601 78410
0 0.773268 0.813231 0.0216013 0.0172346 78411
0 0.715269 0.82997 0.0216549 0.033503 78412
0 0.972595 0.672649 0.00491619 0.0179268 78413
0 0.391157 0.831778 0.0182711 0.0870806 78414
0 0.163553 0.727287 0.00987535 0.00911848 78415
0 0.693862 0.796813 0.0113957 0.0449056 78416
0 0.673745 0.794386 0.0115891 0.0550439 78417
0 0.577144 0.875266 0.0333024 0.0134003 78418
0 0.91877 0.973116 0.0343594 0.042484 78419
0 0.489221 0.728555 0.00725765 0.0100433 78420
0 0.577437 0.875746 0.0331638 0.0132385 78421
0 0.974586 0.770451 0.0186104 0.0125329 78422
0 0.848576 0.699221 0.00521851 0.0188956 78423
0 0.884096 0.978869 0.0455254 0.0393056 78424
0 0.852529 0.848945 0.0257971 0.00914646 78425
0 0.99641 0.815279 0.00676422 0.0113803 78426
0 0.0677969 0.740925 0.0105019 0.0312798 78427
0 0.996278 0.810474 0.00703487 0.0212806 78428
0 0.822864 0.697835 0.00606689 0.0156351 78429
0 0.284561 0.72795 0.00656881 0.00656026 78430
0 0.995917 0.67068 0.00512772 0.0169056 78431
0 0.674775 0.816306 0.0119284 0.0171663 78432
0 0.292652 0.72464 0.0113245 0.0163856 78433
0 0.94184 0.674005 0.00779686 0.0178635 78434
0 0.677574 0.815902 0.0163538 0.0175886 78435
0 0.958521 0.664828 0.00578041 0.017478 78436
0 0.674305 0.812575 0.0120064 0.0236613 78437
0 0.957498 0.666203 0.00419464 0.0185813 78438
0 0.588629 0.913643 0.0397112 0.0106542 78439
0 0.778471 0.813898 0.0182364 0.0170615 78440
0 0.141559 0.737935 0.00724435 0.0094479 78441
0 0.970966 0.741494 0.00938797 0.0262027 78442
0 0.585481 0.912777 0.0467326 0.0136398 78443
0 0.939728 0.675397 0.00942039 0.016903 78444
0 0.483917 0.860267 0.0368816 0.0172777 78445
0 0.856293 0.795283 0.016354 0.013593 78446
0 0.826493 0.812909 0.022608 0.0121925 78447
0 0.576387 0.810579 0.031345 0.0140206 78448
0 0.947169 0.853382 0.0340744 0.0430255 78449
0 0.935977 0.867124 0.0118793 0.0150743 78450
0 0.781612 0.813827 0.0143962 0.0153146 78451
0 0.494101 0.862553 0.0167684 0.010879 78452
0 0.844226 0.847608 0.0433151 0.0120707 78453
0 0.871771 0.845293 0.0134258 0.0155794 78454
0 0.577398 0.881901 0.0329438 0.00766992 78455
0 0.136434 0.73945 0.0170383 0.0107246 78456
0 0.893686 0.686306 0.00365219 0.0181866 78457
0 0.577386 0.879932 0.0332798 0.0109819 78458
0 0.92325 0.682555 0.00597115 0.010926 78459
0 0.690954 0.799417 0.013588 0.0521861 78460
0 0.934613 0.727643 0.00896244 0.0233704 78461
0 0.974835 0.750767 0.0189835 0.0505676 78462
0 0.855812 0.822006 0.0173351 0.0270223 78463
0 0.938096 0.722391 0.0126209 0.015763 78464
0 0.592922 0.913826 0.0305271 0.00961321 78465
0 0.914363 0.96926 0.00978851 0.0349087 78466
0 0.00928514 0.979103 0.0185703 0.0213396 78467
0 0.82536 0.812933 0.023106 0.0128457 78468
0 0.98007 0.672045 0.00648155 0.01254 78469
0 0.42402 0.924106 0.0177797 0.0180298 78470
0 0.891096 0.67507 0.00665169 0.0107408 78471
0 0.946012 0.866028 0.0259323 0.0155919 78472
0 0.96146 0.85143 0.0206009 0.0409624 78473
0 0.391026 0.81148 0.0173533 0.0432602 78474
0 0.839192 0.835353 0.0346081 0.0341 78475
0 0.86314 0.79661 0.042782 0.0169232 78476
0 0.483229 0.86284 0.0382004 0.0125471 78477
0 0.753278 0.828176 0.0299173 0.00907339 78478
0 0.163708 0.726554 0.0111104 0.0115943 78479
0 0.0998337 0.991989 0.0541945 0.0116458 78480
0 0.944362 0.865774 0.0276657 0.0168816 78481
0 0.960685 0.683647 0.00542145 0.0118674 78482
0 0.313934 0.709446 0.0123057 0.0197167 78483
0 0.158351 0.728689 0.0205231 0.0117459 78484
0 0.925337 0.98326 0.0195908 0.0199253 78485
0 0.924496 0.981214 0.0224171 0.0245505 78486
0 0.0692374 0.747602 0.0129216 0.0185016 78487
