0 0.431747 0.895536 0.0222918 0.0775952 85220
0 0.638848 0.800103 0.0128506 0.0567722 85221
0 0.594121 0.809763 0.0114408 0.0576124 85222
0 0.842973 0.766851 0.00855083 0.0476966 85223
0 0.555002 0.818341 0.0100688 0.0497877 85224
0 0.718438 0.830194 0.0139896 0.0316379 85225
0 0.390821 0.815959 0.0183674 0.0532908 85226
0 0.79636 0.776168 0.00855007 0.0486309 85227
0 0.452868 0.834221 0.0128046 0.0666389 85228
0 0.831189 0.835268 0.0189281 0.0327315 85229
0 0.702656 0.792263 0.0108049 0.0442156 85230
0 0.114398 0.983307 0.0332935 0.027398 85231
0 0.017314 0.753284 0.0100868 0.0193066 85232
0 0.687893 0.794321 0.00831223 0.0451613 85233
0 0.484456 0.858061 0.0361271 0.0233729 85234
0 0.725969 0.786638 0.00977936 0.0498091 85235
0 0.675905 0.795076 0.00909433 0.0423194 85236
0 0.856398 0.829915 0.0139753 0.0329395 85237
0 0.93765 0.728022 0.00767136 0.021109 85238
0 0.883825 0.979412 0.0457058 0.0395725 85239
0 0.953735 0.849205 0.0221466 0.0373462 85240
0 0.694916 0.793425 0.00831471 0.0455812 85241
0 0.00599857 0.977703 0.0119358 0.0205519 85242
0 0.198253 0.916325 0.045516 0.0312344 85243
0 0.0600215 0.741592 0.00494742 0.0164981 85244
0 0.354984 0.989172 0.0149689 0.0216555 85245
0 0.852488 0.697687 0.00585709 0.0176765 85246
0 0.957119 0.848329 0.0155018 0.0356094 85247
0 0.973888 0.762064 0.0191471 0.0280273 85248
0 0.958152 0.747987 0.00664597 0.0369249 85249
0 0.853042 0.830485 0.0210846 0.035448 85250
0 0.276756 0.726619 0.00425339 0.0150397 85251
0 0.476351 0.857907 0.020546 0.0234178 85252
0 0.675338 0.799518 0.0114991 0.0497877 85253
0 0.921306 0.972811 0.0264181 0.0418298 85254
0 0.972295 0.670551 0.00550594 0.0124441 85255
0 0.894186 0.975137 0.0657032 0.0466526 85256
0 0.8532 0.848374 0.0249046 0.00901777 85257
0 0.90706 0.972798 0.0441078 0.0422129 85258
0 0.0220902 0.93834 0.0441805 0.0313616 85259
0 0.0981835 0.994227 0.0525526 0.0084432 85260
0 0.995873 0.813491 0.00784531 0.0160916 85261
0 0.577987 0.875067 0.0339891 0.0154236 85262
0 0.101895 0.983596 0.0585823 0.0280182 85263
0 0.0608482 0.744194 0.007406 0.0228526 85264
0 0.0783684 0.748598 0.0038949 0.00810123 85265
0 0.973698 0.755099 0.00815659 0.0152742 85266
0 0.291312 0.726397 0.00988588 0.0120395 85267
0 0.490731 0.723464 0.00815411 0.00882467 85268
0 0.917251 0.972307 0.0161375 0.0410834 85269
0 0.77083 0.81333 0.0162323 0.017138 85270
0 0.021811 0.761275 0.0200213 0.00680728 85271
0 0.361199 0.773732 0.00825233 0.0133911 85272
0 0.833857 0.700343 0.00393486 0.0172238 85273
0 0.773054 0.813873 0.0227577 0.0185662 85274
0 0.778828 0.816236 0.0101678 0.0135301 85275
0 0.0635552 0.744262 0.0130866 0.0221042 85276
0 0.987745 0.675397 0.00595284 0.0150296 85277
0 0.768766 0.812943 0.0115283 0.0165476 85278
0 0.94738 0.851636 0.0336229 0.0421 85279
0 0.407093 0.840967 0.035145 0.0142802 85280
0 0.937677 0.863459 0.0191729 0.0200785 85281
0 0.577907 0.874878 0.033564 0.0149746 85282
0 0.827929 0.834883 0.0133102 0.0324327 85283
0 0.274676 0.72707 0.00821552 0.015881 85284
0 0.770834 0.812352 0.0118078 0.0149831 85285
0 0.852575 0.845168 0.0224251 0.0115248 85286
0 0.457062 0.833959 0.00657921 0.0606137 85287
0 0.975086 0.771704 0.0175884 0.00998196 85288
0 0.585575 0.913871 0.0479412 0.0115563 85289
0 0.853232 0.836244 0.0231071 0.0254079 85290
0 0.00863574 0.9778 0.0172017 0.0217158 85291
0 0.958902 0.729131 0.00680428 0.0129049 85292
0 0.67234 0.799819 0.0183177 0.052474 85293
0 0.47297 0.857972 0.0167982 0.0228255 85294
0 0.489873 0.862474 0.0250113 0.014034 85295
0 0.450696 0.831852 0.010457 0.0618312 85296
0 0.948708 0.863739 0.0410721 0.0226946 85297
0 0.962149 0.729597 0.0129192 0.0124624 85298
0 0.45497 0.833692 0.010782 0.0643573 85299
0 0.883086 0.985176 0.0444202 0.0288449 85300
0 0.290641 0.724923 0.0106912 0.012757 85301
0 0.344189 0.773029 0.0431536 0.0188592 85302
0 0.859823 0.847049 0.0382784 0.0132155 85303
0 0.767177 0.813963 0.019319 0.0191837 85304
0 0.674364 0.816629 0.0137843 0.0173008 85305
0 0.593684 0.913455 0.0629331 0.0123703 85306
0 0.957276 0.865655 0.0605991 0.0170103 85307
0 0.724348 0.767469 0.00781145 0.0146471 85308
0 0.13033 0.98293 0.0645192 0.0263563 85309
0 0.872567 0.845748 0.0147762 0.0147776 85310
0 0.603603 0.913953 0.04343 0.0110562 85311
0 0.995693 0.801397 0.00817089 0.041008 85312
0 0.750937 0.827459 0.0269318 0.00763516 85313
0 0.971487 0.671592 0.00690689 0.0142063 85314
0 0.706356 0.84282 0.0111782 0.00896844 85315
0 0.948141 0.860088 0.0234787 0.0224026 85316
0 0.153549 0.983482 0.0186711 0.0135966 85317
0 0.796264 0.81784 0.0390026 0.0112162 85318
0 0.685417 0.820787 0.0237364 0.00941976 85319
0 0.715161 0.835222 0.0202228 0.0231425 85320
0 0.760598 0.822062 0.0466652 0.0146061 85321
0 0.987019 0.676633 0.00647697 0.0143226 85322
0 0.291168 0.72306 0.00938435 0.0146252 85323
0 0.964625 0.752764 0.0171352 0.0406092 85324
0 0.678136 0.817502 0.0231724 0.015371 85325
0 0.540736 0.847154 0.00610981 0.0292508 85326
0 0.67393 0.817315 0.0122414 0.0152447 85327
0 0.963423 0.862137 0.048255 0.0122591 85328
