0 0.588186 0.809182 0.0125736 0.0574304 93758
0 0.727421 0.786085 0.0116358 0.0509613 93759
0 0.452851 0.834696 0.0118895 0.0652907 93760
0 0.404759 0.840455 0.0127191 0.0591531 93761
0 0.338154 0.902038 0.0226933 0.0817061 93762
0 0.796501 0.775128 0.00847282 0.049556 93763
0 0.83087 0.835137 0.0175343 0.0323127 93764
0 0.714094 0.790585 0.0108728 0.0504276 93765
0 0.689497 0.795311 0.0110245 0.0466056 93766
0 0.651995 0.801912 0.00821686 0.0461533 93767
0 0.84295 0.761579 0.00811996 0.0363666 93768
0 0.700979 0.795488 0.0105999 0.0514075 93769
0 0.718015 0.83043 0.0137066 0.0310008 93770
0 0.555301 0.818855 0.00833807 0.0488985 93771
0 0.547619 0.816008 0.0110283 0.0544886 93772
0 0.957354 0.847608 0.0147297 0.0350911 93773
0 0.198065 0.916243 0.044872 0.0306003 93774
0 0.114995 0.98279 0.0338547 0.0277629 93775
0 0.994877 0.730913 0.00537891 0.0272073 93776
0 0.0221654 0.938989 0.0443308 0.030288 93777
0 0.483872 0.857763 0.0365181 0.0235024 93778
0 0.930995 0.750664 0.00807438 0.0442915 93779
0 0.668512 0.802264 0.00611811 0.0288123 93780
0 0.948177 0.850763 0.0140591 0.0343828 93781
0 0.971594 0.762338 0.0134541 0.027065 93782
0 0.89405 0.975655 0.064959 0.0442917 93783
0 0.0522 0.741418 0.0038667 0.0159527 93784
0 0.90641 0.973303 0.0400391 0.0394896 93785
0 0.475568 0.857599 0.0190887 0.0231805 93786
0 0.67663 0.81487 0.0219109 0.0203389 93787
0 0.855972 0.831986 0.0150131 0.0282627 93788
0 0.0962465 0.994084 0.0485929 0.00818041 93789
0 0.00536444 0.976282 0.0106664 0.024999 93790
0 0.35532 0.989274 0.0135774 0.0214526 93791
0 0.391186 0.819911 0.0181797 0.0601825 93792
0 0.852731 0.833172 0.0192863 0.0289303 93793
0 0.00335547 0.976353 0.00666 0.0241072 93794
0 0.108922 0.983026 0.0485407 0.0287508 93795
0 0.917453 0.972873 0.0171124 0.0384438 93796
0 0.930796 0.744417 0.00989971 0.0564423 93797
0 0.85877 0.696333 0.00876312 0.0188365 93798
0 0.974423 0.762558 0.0189367 0.028048 93799
0 0.883675 0.981642 0.0447659 0.0345445 93800
0 0.945485 0.851557 0.0188984 0.035242 93801
0 0.0596 0.741641 0.00747192 0.0115221 93802
0 0.996166 0.813529 0.0072607 0.0157564 93803
0 0.676175 0.806975 0.0220586 0.0362115 93804
0 0.77294 0.813366 0.0206416 0.0184865 93805
0 0.715294 0.830831 0.0199535 0.0316993 93806
0 0.853374 0.848557 0.0246176 0.00865597 93807
0 0.577099 0.875713 0.0340395 0.0137485 93808
0 0.347971 0.772846 0.00542793 0.00968764 93809
0 0.921617 0.973325 0.0263012 0.0390954 93810
0 0.668657 0.806169 0.00817127 0.0370775 93811
0 0.0516332 0.744241 0.00622911 0.0224882 93812
0 0.985732 0.75538 0.0279507 0.010565 93813
0 0.30376 0.766518 0.0197049 0.0127007 93814
0 0.952819 0.850403 0.023851 0.0383011 93815
0 0.330372 0.725166 0.0275526 0.012812 93816
0 0.335718 0.726861 0.0173995 0.00912916 93817
0 0.00874824 0.976493 0.0173397 0.0267656 93818
0 0.941141 0.854123 0.0273262 0.0390099 93819
0 0.859361 0.794843 0.00697308 0.013324 93820
0 0.987407 0.672008 0.00434094 0.0153668 93821
0 0.864193 0.835019 0.0281359 0.034746 93822
0 0.57754 0.880105 0.0341654 0.0124442 93823
0 0.857848 0.696385 0.0117411 0.0202635 93824
0 0.983593 0.670336 0.00501175 0.0149446 93825
0 0.982278 0.756279 0.035323 0.0153032 93826
0 0.153467 0.983634 0.0177433 0.0123633 93827
0 0.00356507 0.755648 0.00706736 0.0100806 93828
0 0.839138 0.83508 0.0346134 0.0332089 93829
0 0.986628 0.753441 0.0263479 0.0126665 93830
0 0.781865 0.813618 0.0357437 0.0200901 93831
0 0.100995 0.992497 0.057496 0.0108139 93832
0 0.00651576 0.760866 0.0129389 0.00682509 93833
0 0.359508 0.898323 0.0147808 0.0291548 93834
0 0.503143 0.719466 0.0125747 0.0105025 93835
0 0.00393419 0.97356 0.00779081 0.0298974 93836
0 0.93072 0.726918 0.00919037 0.0240824 93837
0 0.050088 0.744952 0.00904822 0.0232944 93838
0 0.911582 0.671567 0.00631275 0.0108414 93839
0 0.390998 0.833296 0.0183005 0.0865655 93840
0 0.878963 0.985042 0.0356665 0.028321 93841
0 0.819189 0.814805 0.00979157 0.00946384 93842
0 0.844006 0.843427 0.0449276 0.0199317 93843
0 0.936613 0.865707 0.0185307 0.016252 93844
0 0.871445 0.845313 0.0123802 0.0156942 93845
0 0.00370639 0.759059 0.00736647 0.00753818 93846
0 0.991959 0.670443 0.00624981 0.014596 93847
0 0.782856 0.813709 0.0207567 0.0176003 93848
0 0.349472 0.772922 0.00829563 0.0101335 93849
0 0.577862 0.88699 0.0346421 0.00882551 93850
0 0.993707 0.731205 0.00779572 0.027985 93851
0 0.329652 0.725312 0.0295012 0.0132497 93852
0 0.982852 0.669324 0.00446281 0.0137143 93853
0 0.787383 0.817411 0.0244423 0.0127594 93854
0 0.851889 0.796502 0.00809422 0.00919088 93855
0 0.0583587 0.750642 0.0376762 0.0156989 93856
0 0.895569 0.972731 0.0203388 0.0307716 93857
0 0.494881 0.863078 0.0146152 0.0113288 93858
0 0.904387 0.684019 0.00732555 0.0110163 93859
0 0.359831 0.90439 0.0140406 0.0171451 93860
