0 0.476022 0.833285 0.0136913 0.0659665 20557
0 0.453972 0.834022 0.0120354 0.0679866 20558
0 0.718416 0.830493 0.014587 0.0307232 20559
0 0.046779 0.903859 0.0130357 0.0619536 20560
0 0.830582 0.834635 0.0172344 0.0334162 20561
0 0.696368 0.793602 0.010515 0.0455748 20562
0 0.878332 0.757851 0.00893974 0.048308 20563
0 0.772476 0.780561 0.00929823 0.0426405 20564
0 0.793954 0.776425 0.0101065 0.0477217 20565
0 0.744323 0.78401 0.00927143 0.0477139 20566
0 0.842708 0.766442 0.00916214 0.0477927 20567
0 0.953497 0.849492 0.0220425 0.0411689 20568
0 0.517141 0.80665 0.0106148 0.0399031 20569
0 0.755797 0.78199 0.0104807 0.048939 20570
0 0.435514 0.903077 0.0217875 0.0603248 20571
0 0.856226 0.830229 0.0153383 0.0328654 20572
0 0.827056 0.768491 0.00756683 0.0379769 20573
0 0.068561 0.74185 0.00731161 0.0276852 20574
0 0.324689 0.752002 0.0107135 0.0153347 20575
0 0.396497 0.748381 0.0077044 0.0165989 20576
0 0.94555 0.738233 0.00876923 0.032702 20577
0 0.481843 0.778769 0.00767756 0.0219547 20578
0 0.996132 0.810103 0.0073143 0.0231632 20579
0 0.915166 0.752778 0.00789146 0.0458398 20580
0 0.894495 0.976218 0.0655159 0.0457969 20581
0 0.457699 0.780945 0.00793505 0.0186985 20582
0 0.278569 0.729059 0.00664935 0.01636 20583
0 0.00960655 0.751095 0.00539027 0.0172972 20584
0 0.439024 0.903906 0.0146467 0.0585215 20585
0 0.910311 0.754161 0.00658035 0.0439162 20586
0 0.355011 0.988962 0.014698 0.0220761 20587
0 0.973136 0.762731 0.0156597 0.02775 20588
0 0.0220904 0.938588 0.0441809 0.0302175 20589
0 0.322839 0.70978 0.00613456 0.0168067 20590
0 0.883873 0.979555 0.044413 0.039338 20591
0 0.906025 0.973146 0.0437107 0.0402056 20592
0 0.0068064 0.975897 0.0135325 0.0255303 20593
0 0.767338 0.697209 0.00666714 0.0137364 20594
0 0.67608 0.816079 0.0162046 0.0174923 20595
0 0.3914 0.821007 0.0176426 0.062037 20596
0 0.791774 0.696476 0.0047081 0.01514 20597
0 0.911735 0.753549 0.00911522 0.0463457 20598
0 0.126239 0.985996 0.0284045 0.0208459 20599
0 0.00547911 0.754019 0.00697834 0.014404 20600
0 0.917809 0.972773 0.0180519 0.0395331 20601
0 0.0710515 0.750606 0.00948136 0.0134221 20602
0 0.921398 0.973348 0.027128 0.0402635 20603
0 0.853851 0.831317 0.0207119 0.0363132 20604
0 0.101193 0.99427 0.0588507 0.00785929 20605
0 0.942431 0.755135 0.0150709 0.00478566 20606
0 0.883381 0.985315 0.0432095 0.0279422 20607
0 0.109473 0.980864 0.0187117 0.0229533 20608
0 0.57697 0.87547 0.0321763 0.0133406 20609
0 0.996141 0.674486 0.00673904 0.0153525 20610
0 0.104954 0.989582 0.0662955 0.0169198 20611
0 0.909518 0.754786 0.00897255 0.0460183 20612
0 0.117314 0.984158 0.0332307 0.0232517 20613
0 0.576718 0.87522 0.0321911 0.0132968 20614
0 0.7157 0.830996 0.0202594 0.0313514 20615
0 0.972335 0.674415 0.00708694 0.0178487 20616
0 0.00677821 0.753086 0.0109581 0.0180264 20617
0 0.27869 0.731705 0.00717182 0.0123674 20618
0 0.773524 0.812901 0.00618954 0.0149773 20619
0 0.0530485 0.753223 0.00489956 0.00777757 20620
0 0.00794331 0.759739 0.0128926 0.00811479 20621
0 0.105468 0.985674 0.0652261 0.0237064 20622
0 0.934249 0.725216 0.0065115 0.0246272 20623
0 0.853055 0.846201 0.0261543 0.0135581 20624
0 0.540966 0.848623 0.00750484 0.0282708 20625
0 0.455924 0.786787 0.0233423 0.00960287 20626
0 0.161443 0.740406 0.0061553 0.00958998 20627
0 0.00439161 0.756407 0.00511782 0.0134705 20628
0 0.829301 0.76831 0.0119314 0.0366364 20629
0 0.883885 0.683163 0.00437908 0.00763007 20630
0 0.198817 0.735409 0.00987296 0.0115445 20631
0 0.857681 0.847451 0.0362389 0.0122435 20632
0 0.760307 0.709894 0.0106714 0.00709839 20633
0 0.771117 0.812499 0.0133669 0.0157435 20634
0 0.0705693 0.750646 0.0105186 0.014379 20635
0 0.852356 0.842634 0.0230621 0.0159454 20636
0 0.108495 0.984237 0.0464627 0.0247041 20637
0 0.944895 0.866937 0.0285978 0.0150942 20638
0 0.453882 0.821199 0.0117725 0.042335 20639
0 0.282233 0.73616 0.0145128 0.00869208 20640
0 0.767573 0.6955 0.00572376 0.0146768 20641
0 0.947636 0.738142 0.0131763 0.0335775 20642
0 0.42974 0.895508 0.0145547 0.0447493 20643
0 0.938461 0.867229 0.016029 0.0150194 20644
0 0.330259 0.730929 0.0175808 0.0118535 20645
0 0.308161 0.717901 0.0173435 0.00898607 20646
0 0.691587 0.773773 0.0214872 0.0103377 20647
0 0.983087 0.676884 0.00420761 0.0115238 20648
0 0.457383 0.78364 0.0124947 0.0138821 20649
0 0.773004 0.812917 0.0208784 0.0173957 20650
0 0.670114 0.81617 0.0289462 0.0185957 20651
0 0.949562 0.860753 0.0140312 0.0178563 20652
0 0.0097504 0.760448 0.0174816 0.00799188 20653
0 0.905888 0.976109 0.0613222 0.0451365 20654
0 0.701566 0.776735 0.0618721 0.0142768 20655
0 0.936215 0.867074 0.0121159 0.0142107 20656
0 0.766669 0.813091 0.00805645 0.0153215 20657
0 0.94617 0.865874 0.0226103 0.0125858 20658
0 0.428275 0.897583 0.0107277 0.0363532 20659
0 0.859933 0.845883 0.0386868 0.0166134 20660
0 0.521431 0.841642 0.0231052 0.0115724 20661
0 0.947622 0.850786 0.0330292 0.0458789 20662
0 0.877313 0.674491 0.00605392 0.0106076 20663
0 0.867407 0.845138 0.0211191 0.0161821 20664
0 0.392297 0.759682 0.0364621 0.0132378 20665
0 0.677512 0.814106 0.0182801 0.0207218 20666
0 0.429677 0.924693 0.0182219 0.0180257 20667
0 0.981737 0.660793 0.00491753 0.0147989 20668
0 0.858864 0.795211 0.0210468 0.014337 20669
0 0.456392 0.790556 0.0231771 0.0129289 20670
0 0.862745 0.832404 0.0293509 0.0381499 20671
0 0.758102 0.775955 0.0118625 0.0398934 20672
0 0.00475548 0.973697 0.00944929 0.0300418 20673
0 0.914533 0.754289 0.0107426 0.0494481 20674
0 0.428418 0.904792 0.0124176 0.0542969 20675
0 0.593454 0.913462 0.0620968 0.0122921 20676
0 0.329877 0.728484 0.0134018 0.0106622 20677
0 0.42687 0.92461 0.0107893 0.0170576 20678
0 0.574564 0.873377 0.0363489 0.0148285 20679
0 0.42611 0.906873 0.0162841 0.0541007 20680
0 0.779325 0.816454 0.0080637 0.00955878 20681
0 0.871766 0.845375 0.0130402 0.0151588 20682
0 0.790995 0.820564 0.0251705 0.00659485 20683
0 0.708558 0.780362 0.0373602 0.0125629 20684
0 0.0586405 0.896475 0.0176476 0.0146644 20685
0 0.109624 0.97371 0.0191902 0.0381827 20686
0 0.39554 0.7495 0.0125841 0.0188002 20687
0 0.577626 0.879085 0.0332335 0.0122457 20688
0 0.838856 0.835013 0.0341311 0.0337789 20689
0 0.0694534 0.756942 0.0170012 0.0117937 20690
