0 0.452924 0.833748 0.0128897 0.0673613 58347
0 0.2588 0.867839 0.0145623 0.0562659 58348
0 0.953613 0.848816 0.0222282 0.042923 58349
0 0.479551 0.827801 0.0129728 0.0599241 58350
0 0.698042 0.795491 0.00857134 0.0451391 58351
0 0.990081 0.73733 0.00889244 0.0482293 58352
0 0.526076 0.778626 0.00790071 0.0259221 58353
0 0.96129 0.744601 0.00805855 0.0442654 58354
0 0.944903 0.740917 0.00759583 0.0305681 58355
0 0.789091 0.772573 0.00984602 0.0440433 58356
0 0.873915 0.76069 0.00883884 0.0436086 58357
0 0.843785 0.763281 0.00772591 0.0428409 58358
0 0.422808 0.910091 0.0205704 0.0497074 58359
0 0.511868 0.780353 0.00757408 0.0231957 58360
0 0.829212 0.768458 0.00926762 0.0368188 58361
0 0.852045 0.767441 0.0102772 0.0435621 58362
0 0.775502 0.775428 0.00669279 0.0487339 58363
0 0.782814 0.694188 0.00721569 0.0149867 58364
0 0.00921174 0.743766 0.00699402 0.0178404 58365
0 0.477333 0.796495 0.01199 0.0296516 58366
0 0.795731 0.776131 0.0072113 0.047867 58367
0 0.716899 0.830622 0.0115955 0.0316723 58368
0 0.830921 0.834721 0.0164879 0.0318524 58369
0 0.765948 0.696338 0.00747204 0.0155959 58370
0 0.929949 0.731539 0.00885239 0.0288323 58371
0 0.684601 0.795413 0.0100952 0.0433672 58372
0 0.114253 0.982828 0.0297361 0.0246219 58373
0 0.371731 0.738507 0.00877357 0.0110355 58374
0 0.82828 0.83395 0.0115671 0.0301388 58375
0 0.995679 0.811147 0.00823269 0.0223538 58376
0 0.856857 0.829229 0.0167709 0.0386736 58377
0 0.903028 0.752477 0.00894279 0.044191 58378
0 0.19835 0.915931 0.0459477 0.032566 58379
0 0.806119 0.771129 0.00574913 0.0360703 58380
0 0.917152 0.97276 0.01833 0.039663 58381
0 0.88358 0.980061 0.0455833 0.0384925 58382
0 0.956491 0.741461 0.00643005 0.0308324 58383
0 0.714382 0.831015 0.0198956 0.0321435 58384
0 0.476643 0.806921 0.0131697 0.0509328 58385
0 0.354557 0.989277 0.0147016 0.0214468 58386
0 0.804639 0.771267 0.00796013 0.0367862 58387
0 0.0221773 0.938533 0.0443546 0.0287248 58388
0 0.676599 0.816009 0.0143909 0.0171682 58389
0 0.974338 0.669284 0.00847282 0.0342384 58390
0 0.331103 0.708853 0.00721478 0.0152629 58391
0 0.852966 0.829985 0.0246643 0.0409 58392
0 0.895603 0.977042 0.0694893 0.0440414 58393
0 0.108937 0.984136 0.0431363 0.0259786 58394
0 0.301036 0.739774 0.00757036 0.0137431 58395
0 0.119398 0.984823 0.0394647 0.0226357 58396
0 0.906184 0.973284 0.0407387 0.0415224 58397
0 0.921483 0.973868 0.0269878 0.0420563 58398
0 0.29154 0.752717 0.00618134 0.0152359 58399
0 0.68071 0.8158 0.0195028 0.0179287 58400
0 0.959428 0.746063 0.0112217 0.0428714 58401
0 0.096862 0.994088 0.0499732 0.00835266 58402
0 0.770646 0.812814 0.0171438 0.0160238 58403
0 0.976026 0.661533 0.00614052 0.0232637 58404
0 0.109471 0.981327 0.0198304 0.0237735 58405
0 0.576941 0.87472 0.0336741 0.0161438 58406
0 0.685727 0.80706 0.00824204 0.0247604 58407
0 0.289605 0.754648 0.0117117 0.0135149 58408
0 0.00572272 0.98147 0.0113637 0.0146718 58409
0 0.42282 0.898992 0.0158794 0.0269438 58410
0 0.974849 0.7636 0.0187653 0.0258514 58411
0 0.201268 0.728531 0.0114876 0.0105757 58412
0 0.974825 0.769233 0.0197552 0.0150553 58413
0 0.00671756 0.745125 0.0133069 0.0211989 58414
0 0.958764 0.848171 0.0123425 0.0388207 58415
0 0.977109 0.654044 0.00567207 0.0177444 58416
0 0.058363 0.749729 0.00403757 0.00880839 58417
0 0.118626 0.985245 0.0238374 0.0229343 58418
0 0.97305 0.752779 0.00583954 0.0070065 58419
0 0.299672 0.740358 0.0104472 0.0147312 58420
0 0.47359 0.816843 0.0077692 0.0344908 58421
0 0.993912 0.661235 0.00367661 0.0122762 58422
0 0.677833 0.814358 0.0201724 0.0204135 58423
0 0.982789 0.679357 0.00548534 0.0129564 58424
0 0.391498 0.817766 0.0168128 0.0554077 58425
0 0.710533 0.832142 0.0284973 0.0325426 58426
0 0.325661 0.714604 0.0311257 0.0086107 58427
0 0.509063 0.787052 0.0173222 0.0109355 58428
0 0.327973 0.715917 0.0341443 0.00904965 58429
0 0.693478 0.841654 0.0335974 0.0145335 58430
0 0.510017 0.780509 0.0118193 0.0243556 58431
0 0.90927 0.975756 0.0536829 0.0449571 58432
0 0.540618 0.850351 0.0078228 0.032095 58433
0 0.877751 0.984791 0.0337309 0.0294325 58434
0 0.478914 0.817909 0.0136582 0.0396754 58435
0 0.683281 0.797728 0.013553 0.0489458 58436
0 0.977015 0.666316 0.0135035 0.0394387 58437
0 0.779009 0.815799 0.00825882 0.011018 58438
0 0.51202 0.778449 0.00940037 0.0267927 58439
0 0.947338 0.851171 0.0345032 0.0458945 58440
0 0.936247 0.865698 0.0122498 0.0164541 58441
0 0.373055 0.738331 0.0119478 0.011773 58442
0 0.103655 0.98448 0.0623313 0.0263935 58443
0 0.860599 0.796036 0.00674362 0.0102875 58444
0 0.684082 0.815508 0.0159203 0.0173567 58445
0 0.00586551 0.978432 0.0115835 0.0207306 58446
