0 0.452917 0.833758 0.012766 0.0676476 7157
0 0.481061 0.832143 0.0139135 0.0642695 7158
0 0.789259 0.776502 0.0105166 0.0480743 7159
0 0.697235 0.793968 0.00897255 0.0467434 7160
0 0.164927 0.882721 0.00972743 0.0586321 7161
0 0.804494 0.775769 0.00845375 0.0433814 7162
0 0.42383 0.905911 0.0192713 0.0573761 7163
0 0.682005 0.794004 0.00981236 0.0412484 7164
0 0.843838 0.765581 0.0102779 0.044298 7165
0 0.953668 0.849502 0.022105 0.0411411 7166
0 0.854912 0.762812 0.00715599 0.0375376 7167
0 0.71732 0.830451 0.0153042 0.0311493 7168
0 0.772522 0.778105 0.00825214 0.0500271 7169
0 0.927824 0.749922 0.00973511 0.0465078 7170
0 0.959553 0.744109 0.00922661 0.0478846 7171
0 0.764058 0.781031 0.00843983 0.0478117 7172
0 0.830281 0.834367 0.0178143 0.0326823 7173
0 0.989916 0.736097 0.00872421 0.0462697 7174
0 0.354868 0.989167 0.015081 0.0216651 7175
0 0.916945 0.742099 0.00997543 0.0260096 7176
0 0.503371 0.806711 0.00943489 0.0384627 7177
0 0.883518 0.979204 0.0452972 0.0388379 7178
0 0.11546 0.98429 0.0306963 0.0221839 7179
0 0.855421 0.831333 0.0167156 0.033999 7180
0 0.995594 0.813671 0.00838852 0.0183511 7181
0 0.00625596 0.750569 0.0100666 0.0175981 7182
0 0.766245 0.697664 0.00622225 0.0163989 7183
0 0.907187 0.97344 0.0431427 0.0404967 7184
0 0.921614 0.973493 0.0261192 0.040682 7185
0 0.852465 0.832563 0.0218407 0.035159 7186
0 0.786957 0.698082 0.00766897 0.0179774 7187
0 0.00609393 0.981467 0.012103 0.0142156 7188
0 0.895028 0.975477 0.0676899 0.0442149 7189
0 0.110171 0.98496 0.0434517 0.0243898 7190
0 0.540593 0.84925 0.0068634 0.0258713 7191
0 0.918107 0.972845 0.0185741 0.0394365 7192
0 0.0967348 0.994134 0.0484206 0.00826145 7193
0 0.766315 0.779815 0.0123944 0.051652 7194
0 0.984302 0.6755 0.00717411 0.0174572 7195
0 0.511136 0.771405 0.00822201 0.015822 7196
0 0.0220953 0.939284 0.0441907 0.029904 7197
0 0.00909635 0.760137 0.0180836 0.00862071 7198
0 0.198478 0.915626 0.047367 0.0322444 7199
0 0.764819 0.787515 0.0100922 0.059642 7200
0 0.973517 0.762897 0.0188316 0.0286674 7201
0 0.966756 0.744552 0.00829849 0.031218 7202
0 0.48449 0.771393 0.0052103 0.0187286 7203
0 0.577657 0.87591 0.0328263 0.0143319 7204
0 0.304119 0.754428 0.00724955 0.0172251 7205
0 0.119817 0.985357 0.0227884 0.0227315 7206
0 0.947986 0.851656 0.0327557 0.0440386 7207
0 0.304934 0.755084 0.0111161 0.0180206 7208
0 0.328227 0.712121 0.00694203 0.0175842 7209
0 0.120622 0.985083 0.0378067 0.0212606 7210
0 0.0817031 0.753093 0.0136509 0.0120238 7211
0 0.957655 0.84864 0.0143566 0.0364302 7212
0 0.713304 0.831252 0.0231458 0.0325601 7213
0 0.774057 0.77943 0.0112858 0.0525876 7214
0 0.0785197 0.752861 0.0196551 0.0130592 7215
0 0.834123 0.834781 0.0211716 0.0337548 7216
0 0.771006 0.792076 0.0126015 0.0553582 7217
0 0.11195 0.981455 0.0250005 0.0222917 7218
0 0.678233 0.799435 0.0179214 0.0486079 7219
0 0.937825 0.724917 0.00631027 0.020423 7220
0 0.972846 0.753533 0.00545368 0.0105632 7221
0 0.00714691 0.758544 0.0142428 0.00999061 7222
0 0.965169 0.743033 0.011253 0.0391946 7223
0 0.882011 0.984909 0.0425638 0.0289015 7224
0 0.125428 0.985864 0.0268864 0.0211166 7225
0 0.986115 0.674659 0.00771408 0.0187409 7226
0 0.952532 0.860421 0.0232327 0.0232866 7227
0 0.875959 0.760256 0.00507889 0.019008 7228
0 0.484393 0.769086 0.00619202 0.0237362 7229
0 0.103019 0.985876 0.0599456 0.0236971 7230
0 0.982989 0.653202 0.00590534 0.0195133 7231
0 0.897707 0.975452 0.0248779 0.0311276 7232
0 0.884429 0.719093 0.0436941 0.0169625 7233
0 0.00618505 0.978601 0.0122597 0.0193349 7234
0 0.973956 0.769723 0.0194845 0.0159922 7235
0 0.102156 0.985664 0.0593201 0.0242452 7236
0 0.852017 0.839564 0.0225491 0.0249651 7237
0 0.675203 0.815707 0.0153503 0.0202679 7238
0 0.970274 0.67057 0.00492001 0.010454 7239
0 0.841353 0.8344 0.0447708 0.0363719 7240
0 0.773216 0.80792 0.0220826 0.0280992 7241
0 0.968405 0.745791 0.00971527 0.0325806 7242
0 0.293011 0.734197 0.00862865 0.0108668 7243
0 0.0865478 0.758349 0.0260496 0.00919173 7244
0 0.930542 0.748527 0.0146675 0.0450345 7245
0 0.922318 0.979146 0.0248192 0.029805 7246
0 0.773209 0.794849 0.020705 0.0526501 7247
0 0.58485 0.914061 0.0455046 0.0135927 7248
0 0.320998 0.71233 0.0214411 0.0193353 7249
0 0.0851665 0.741642 0.00787945 0.00966119 7250
0 0.0866944 0.75592 0.0247223 0.0127896 7251
0 0.982977 0.655898 0.00710659 0.019113 7252
0 0.0567811 0.751777 0.0066282 0.00808885 7253
0 0.995281 0.808788 0.00896416 0.0290322 7254
0 0.577573 0.872991 0.0336269 0.0202877 7255
0 0.752574 0.826319 0.0284708 0.00700446 7256
0 0.979962 0.652437 0.00639763 0.0179031 7257
0 0.873658 0.984737 0.0252325 0.0266424 7258
0 0.895438 0.972946 0.01954 0.0308807 7259
0 0.0798394 0.747898 0.0227488 0.0237098 7260
0 0.499791 0.812813 0.0073905 0.0224911 7261
0 0.876063 0.76651 0.00559425 0.0323846 7262
0 0.947058 0.866115 0.0339722 0.0155423 7263
0 0.425619 0.910586 0.0157552 0.0483843 7264
