0 0.452638 0.833427 0.0125148 0.0680586 43179
0 0.473574 0.852472 0.0198257 0.0351986 43180
0 0.815339 0.77183 0.0118107 0.0519314 43181
0 0.830546 0.834831 0.0176674 0.0336253 43182
0 0.755791 0.781152 0.00719223 0.0497465 43183
0 0.718572 0.830037 0.0144303 0.0318088 43184
0 0.737902 0.785078 0.00997992 0.0478755 43185
0 0.953366 0.850098 0.022403 0.0430671 43186
0 0.832159 0.768489 0.0101387 0.0494676 43187
0 0.842727 0.766532 0.00908909 0.0468394 43188
0 0.695035 0.794178 0.00939751 0.0436856 43189
0 0.796985 0.775313 0.00816956 0.0497181 43190
0 0.781924 0.777825 0.0081027 0.0445658 43191
0 0.705567 0.79391 0.0111904 0.0422741 43192
0 0.555816 0.813337 0.0111848 0.0426229 43193
0 0.855907 0.832237 0.0155083 0.0331573 43194
0 0.43481 0.914132 0.0222866 0.0376363 43195
0 0.0664027 0.741945 0.00921202 0.0309625 43196
0 0.426017 0.779526 0.00819912 0.0184555 43197
0 0.115506 0.983206 0.0312657 0.0259316 43198
0 0.355396 0.989263 0.0138502 0.0214731 43199
0 0.0222003 0.938173 0.044351 0.0298172 43200
0 0.676727 0.815372 0.0168951 0.0193705 43201
0 0.883184 0.985362 0.0445545 0.0270637 43202
0 0.199 0.916317 0.0450989 0.0307626 43203
0 0.973979 0.763821 0.0191095 0.024517 43204
0 0.909215 0.973309 0.049691 0.0409536 43205
0 0.0669121 0.745446 0.00879986 0.0246624 43206
0 0.89072 0.976732 0.0596725 0.0445679 43207
0 0.0660942 0.734514 0.00747125 0.0166473 43208
0 0.318468 0.713618 0.00578303 0.0181654 43209
0 0.795765 0.697782 0.00404129 0.0151799 43210
0 0.995567 0.813572 0.00845585 0.0159327 43211
0 0.902237 0.972778 0.0358917 0.0384225 43212
0 0.11978 0.984767 0.0402766 0.0243913 43213
0 0.00549193 0.97813 0.0109424 0.0212523 43214
0 0.0940374 0.99394 0.0433597 0.00849575 43215
0 0.00524193 0.751979 0.0103125 0.0197313 43216
0 0.852722 0.832929 0.0224083 0.0356767 43217
0 0.367617 0.756548 0.0103298 0.0117988 43218
0 0.802089 0.782616 0.00539036 0.028322 43219
0 0.94171 0.724633 0.00552311 0.0184574 43220
0 0.96178 0.676621 0.0046463 0.0145099 43221
0 0.276581 0.730034 0.00517864 0.0159902 43222
0 0.778215 0.698143 0.0061697 0.0168903 43223
0 0.526781 0.735884 0.0161506 0.00973545 43224
0 0.408276 0.765114 0.00426769 0.00911357 43225
0 0.187777 0.734491 0.0160721 0.00905762 43226
0 0.188514 0.734993 0.0179078 0.0100159 43227
0 0.111142 0.981232 0.0226006 0.023211 43228
0 0.916792 0.973757 0.0371372 0.0416406 43229
0 0.901899 0.979335 0.0326462 0.026162 43230
0 0.0556936 0.755119 0.0108015 0.0054935 43231
0 0.143144 0.74035 0.0105798 0.0106991 43232
0 0.973718 0.673394 0.00539207 0.0205421 43233
0 0.577225 0.875993 0.0321732 0.013727 43234
0 0.576903 0.875606 0.0317682 0.0135993 43235
0 0.104176 0.986827 0.0632906 0.0219527 43236
0 0.979968 0.662864 0.00544395 0.0208052 43237
0 0.951919 0.659556 0.00371265 0.0137378 43238
0 0.00912628 0.978149 0.0181654 0.0230615 43239
0 0.769883 0.812878 0.0150922 0.0158293 43240
0 0.959212 0.850652 0.0111115 0.0403263 43241
0 0.982203 0.661324 0.00940704 0.0216682 43242
0 0.0676609 0.758525 0.0333414 0.00986396 43243
0 0.126057 0.986054 0.0265154 0.0220847 43244
0 0.872226 0.845676 0.0139301 0.0155514 43245
0 0.00665512 0.756456 0.0128781 0.0142751 43246
0 0.785479 0.776988 0.0113427 0.0435198 43247
0 0.0674132 0.748703 0.00965445 0.0186018 43248
0 0.936359 0.867209 0.0120258 0.0148544 43249
0 0.587508 0.908295 0.0519461 0.0235526 43250
0 0.287543 0.724256 0.0106887 0.010673 43251
0 0.286156 0.726644 0.0148653 0.0129108 43252
0 0.863137 0.833862 0.032169 0.0364607 43253
0 0.798809 0.775092 0.0114479 0.0485289 43254
0 0.98244 0.670876 0.010758 0.0235214 43255
0 0.927386 0.681104 0.00517578 0.0109673 43256
0 0.77283 0.812907 0.0217285 0.0171431 43257
0 0.865027 0.83811 0.0284199 0.0301449 43258
0 0.947795 0.859343 0.0111 0.0198747 43259
0 0.923267 0.981162 0.0232565 0.0254676 43260
0 0.94194 0.726646 0.00651054 0.0156765 43261
0 0.779411 0.815383 0.00819502 0.0116842 43262
0 0.274099 0.731033 0.01022 0.0174284 43263
0 0.067785 0.756862 0.0318968 0.00755327 43264
0 0.597321 0.915405 0.0322567 0.00877109 43265
0 0.973067 0.654488 0.0059906 0.0154064 43266
0 0.916898 0.981057 0.0214741 0.0242869 43267
0 0.943346 0.865831 0.025259 0.0165361 43268
0 0.98241 0.659765 0.00998878 0.0322667 43269
0 0.795411 0.69687 0.00542717 0.0179715 43270
0 0.867077 0.84578 0.0247517 0.0152171 43271
0 0.787468 0.775338 0.00969057 0.041429 43272
0 0.105313 0.984802 0.0657328 0.0260484 43273
0 0.946083 0.850829 0.0361486 0.0439738 43274
0 0.9034 0.982704 0.0678387 0.0321911 43275
0 0.982633 0.665445 0.01199 0.0369024 43276
0 0.391277 0.81867 0.0176969 0.0572316 43277
0 0.974962 0.664782 0.00871754 0.0379456 43278
0 0.851386 0.846181 0.0239418 0.0121613 43279
0 0.530618 0.737383 0.0239981 0.0118073 43280
0 0.423493 0.780446 0.0162571 0.0179003 43281
0 0.943343 0.865836 0.0245037 0.0145376 43282
0 0.962822 0.676558 0.00783806 0.0159876 43283
0 0.79039 0.776494 0.0173681 0.0470673 43284
