0 0.653065 0.798602 0.0116812 0.0544262 None
0 0.452335 0.834222 0.0129334 0.0664805 None
0 0.500006 0.824545 0.0111978 0.0567908 None
0 0.796247 0.776639 0.00883598 0.0477841 None
0 0.830819 0.834806 0.0175871 0.0330455 None
0 0.953558 0.850746 0.0218985 0.0407298 None
0 0.842446 0.766649 0.00863285 0.0458238 None
0 0.940085 0.726592 0.00772591 0.0191959 None
0 0.745668 0.783276 0.00650511 0.0489692 None
0 0.565275 0.814699 0.0098278 0.0460415 None
0 0.718247 0.830609 0.0142304 0.0307851 None
0 0.711995 0.789332 0.00998421 0.048839 None
0 0.980083 0.741483 0.00937443 0.0376149 None
0 0.114661 0.982423 0.0334705 0.0275184 None
0 0.685401 0.7914 0.00870895 0.0546183 None
0 0.0220991 0.937906 0.0441981 0.0283088 None
0 0.290921 0.722975 0.00725393 0.0195362 None
0 0.890424 0.975491 0.0585491 0.0467334 None
0 0.433814 0.914535 0.0242574 0.0363098 None
0 0.854679 0.829728 0.0170033 0.0340546 None
0 0.0653944 0.732818 0.00739803 0.0204617 None
0 0.844905 0.697927 0.00586205 0.0197742 None
0 0.746063 0.78276 0.0314079 0.0187013 None
0 0.272026 0.724016 0.00708027 0.016782 None
0 0.0151943 0.748679 0.0107913 0.0168169 None
0 0.0657914 0.735981 0.00809963 0.0273173 None
0 0.0056291 0.979226 0.0111761 0.0175218 None
0 0.354969 0.989118 0.0151921 0.0217645 None
0 0.902774 0.972305 0.0354965 0.0405416 None
0 0.314641 0.712609 0.00608401 0.0191935 None
0 0.675093 0.815563 0.0146452 0.019181 None
0 0.416554 0.76108 0.00652866 0.0129578 None
0 0.703413 0.791908 0.0109333 0.0446843 None
0 0.0953154 0.994215 0.0461136 0.00794949 None
0 0.106887 0.982886 0.0495202 0.0288113 None
0 0.369781 0.774119 0.0131915 0.0152374 None
0 0.69158 0.795248 0.0077157 0.0450751 None
0 0.910635 0.973352 0.0492153 0.0426605 None
0 0.0665171 0.73888 0.00965862 0.0320216 None
0 0.198447 0.915662 0.0451638 0.0317071 None
0 0.97341 0.762791 0.0178925 0.0279076 None
0 0.883302 0.984802 0.0444117 0.0289222 None
0 0.475563 0.858413 0.0182849 0.0212748 None
0 0.69143 0.801866 0.00712147 0.0323235 None
0 0.425768 0.761618 0.0199144 0.0117398 None
0 0.687902 0.791085 0.0141086 0.0544381 None
0 0.71547 0.831074 0.020763 0.03126 None
0 0.738558 0.783411 0.048315 0.0204152 None
0 0.928325 0.682771 0.00557442 0.0143782 None
0 0.973305 0.671983 0.00463829 0.0159014 None
0 0.441 0.918645 0.0100133 0.0246986 None
0 0.896265 0.674667 0.0076725 0.0114973 None
0 0.974589 0.76789 0.0181957 0.0171848 None
0 0.973651 0.754488 0.00499649 0.011291 None
0 0.391436 0.813733 0.0161391 0.0496823 None
0 0.577194 0.875271 0.0333052 0.013328 None
0 0.159702 0.729056 0.0080615 0.00858697 None
0 0.424998 0.760672 0.0240891 0.0141208 None
0 0.699742 0.794016 0.00856256 0.0437388 None
0 0.744396 0.783163 0.0088871 0.0510535 None
0 0.857602 0.690634 0.00361748 0.00782064 None
0 0.946255 0.678212 0.00601139 0.0147223 None
0 0.996301 0.810377 0.00698853 0.0213081 None
0 0.920914 0.973233 0.0291763 0.0424917 None
0 0.996423 0.815307 0.00673637 0.0111932 None
0 0.253577 0.872434 0.0752217 0.0313782 None
0 0.852502 0.84902 0.0258698 0.00924784 None
0 0.975076 0.771013 0.0171638 0.0107827 None
0 0.577446 0.875729 0.0331979 0.0132938 None
0 0.39139 0.831883 0.016855 0.0869646 None
0 0.492987 0.729934 0.0106146 0.0146352 None
0 0.0796481 0.747349 0.00486219 0.00898895 None
0 0.140747 0.741344 0.0168253 0.00828976 None
0 0.896472 0.679193 0.00805416 0.0198712 None
0 0.674499 0.818066 0.0166124 0.0242499 None
0 0.827019 0.812537 0.021837 0.0123199 None
0 0.564049 0.818454 0.0122391 0.0536402 None
0 0.773718 0.813514 0.0221907 0.0178633 None
0 0.744584 0.780416 0.0359175 0.0200629 None
0 0.15705 0.729152 0.0152852 0.00975749 None
0 0.291493 0.721164 0.00971165 0.0235628 None
0 0.81737 0.696995 0.00724907 0.0135535 None
0 0.968392 0.680909 0.00708847 0.0143286 None
0 0.957923 0.850915 0.0136744 0.0360324 None
0 0.567397 0.815392 0.0141096 0.0471751 None
0 0.943404 0.678373 0.00728512 0.0137529 None
0 0.94262 0.73674 0.020739 0.00753411 None
0 0.302957 0.716371 0.00851679 0.00861308 None
0 0.947265 0.852969 0.0343292 0.0437758 None
0 0.780804 0.772625 0.0231706 0.00989872 None
0 0.935912 0.867133 0.0117029 0.0150253 None
0 0.97931 0.74276 0.0123663 0.0413552 None
0 0.00925624 0.979614 0.0182849 0.0190242 None
0 0.964961 0.658927 0.00355072 0.01549 None
0 0.771461 0.812962 0.0163343 0.0170788 None
0 0.540998 0.848817 0.00742359 0.0268292 None
0 0.871845 0.845356 0.0134678 0.0156559 None
0 0.682993 0.791895 0.0139103 0.056663 None
0 0.587737 0.913365 0.0419397 0.0117969 None
0 0.494933 0.862685 0.0148726 0.0100321 None
0 0.91435 0.969619 0.00946026 0.0354255 None
0 0.696753 0.791176 0.0178579 0.0471351 None
0 0.0673979 0.745254 0.0126685 0.0212331 None
0 0.835826 0.835365 0.0278931 0.0339199 None
0 0.577348 0.879972 0.0333411 0.0112661 None
