0 0.453008 0.834199 0.0129328 0.0670125 107150
0 0.479979 0.829942 0.0139286 0.0626902 107151
0 0.697951 0.793738 0.00914803 0.0476634 107152
0 0.953488 0.848779 0.0222319 0.0425337 107153
0 0.776694 0.777925 0.00888042 0.0493925 107154
0 0.21754 0.873504 0.0130867 0.0550598 107155
0 0.867867 0.763173 0.0082737 0.0422906 107156
0 0.843072 0.764362 0.0071701 0.0455661 107157
0 0.829664 0.834403 0.0174656 0.0326999 107158
0 0.848378 0.766216 0.00855904 0.0422557 107159
0 0.426944 0.909864 0.0154426 0.0496002 107160
0 0.789887 0.777987 0.0122587 0.0470646 107161
0 0.00990046 0.74704 0.00946353 0.0173731 107162
0 0.90797 0.744263 0.00870132 0.023585 107163
0 0.676964 0.792886 0.00926075 0.0372053 107164
0 0.944971 0.747571 0.00847588 0.0436164 107165
0 0.518457 0.78222 0.0105204 0.0349358 107166
0 0.35427 0.988832 0.0153846 0.0223355 107167
0 0.815434 0.772657 0.00861816 0.0394914 107168
0 0.022118 0.938392 0.044236 0.0294193 107169
0 0.977211 0.737912 0.00965118 0.0421733 107170
0 0.717719 0.830562 0.0148844 0.0321648 107171
0 0.198711 0.915568 0.0457205 0.0326589 107172
0 0.956992 0.741838 0.00883064 0.0299372 107173
0 0.817138 0.773304 0.00924149 0.0418164 107174
0 0.786401 0.778505 0.00836487 0.0455327 107175
0 0.114708 0.982807 0.0303926 0.0245507 107176
0 0.855174 0.832136 0.0195005 0.0336044 107177
0 0.995667 0.811914 0.00824242 0.020989 107178
0 0.883477 0.979846 0.0449179 0.0388736 107179
0 0.906426 0.973251 0.0417309 0.0403985 107180
0 0.294611 0.746618 0.0122586 0.0325402 107181
0 0.424088 0.91 0.0219082 0.0500773 107182
0 0.890083 0.762894 0.0055397 0.0270352 107183
0 0.714319 0.830733 0.0221985 0.0327844 107184
0 0.0773574 0.742398 0.0127857 0.0185628 107185
0 0.81965 0.772761 0.00761356 0.041737 107186
0 0.894679 0.976075 0.0668198 0.0452499 107187
0 0.577117 0.874751 0.0333233 0.0163944 107188
0 0.119849 0.984964 0.040332 0.0224982 107189
0 0.0957515 0.994278 0.0469645 0.00822483 107190
0 0.330952 0.712476 0.00634508 0.0146501 107191
0 0.294911 0.737987 0.0117417 0.0173669 107192
0 0.390993 0.818704 0.0173838 0.0581323 107193
0 0.494105 0.781207 0.00681944 0.018571 107194
0 0.851803 0.833734 0.024292 0.034839 107195
0 0.67601 0.799656 0.0116314 0.0503465 107196
0 0.103863 0.984337 0.0550546 0.0260271 107197
0 0.765747 0.694604 0.00609989 0.0122481 107198
0 0.917407 0.972565 0.0178524 0.0393344 107199
0 0.0056611 0.981528 0.0112414 0.0143733 107200
0 0.369346 0.737159 0.0132207 0.0142476 107201
0 0.489778 0.808405 0.00945854 0.0377923 107202
0 0.920527 0.973309 0.0249916 0.0408183 107203
0 0.109647 0.981279 0.0199532 0.0237132 107204
0 0.781408 0.696676 0.0090498 0.0153794 107205
0 0.938048 0.728733 0.00583839 0.0236348 107206
0 0.769848 0.812679 0.0158751 0.0159227 107207
0 0.420042 0.927003 0.0124636 0.0162287 107208
0 0.101524 0.989014 0.0584859 0.0177209 107209
0 0.294582 0.753374 0.011115 0.0191644 107210
0 0.676011 0.81546 0.0136099 0.0185557 107211
0 0.107359 0.740822 0.0153587 0.0110326 107212
0 0.11834 0.985058 0.0277286 0.0238247 107213
0 0.294895 0.756583 0.0102923 0.0133158 107214
0 0.703012 0.831666 0.044385 0.034039 107215
0 0.772559 0.81304 0.0216702 0.0170319 107216
0 0.540584 0.851094 0.00690022 0.0300547 107217
0 0.980888 0.738761 0.00927773 0.0429579 107218
0 0.977417 0.658627 0.0130907 0.0314501 107219
0 0.974437 0.764001 0.0186136 0.0250268 107220
0 0.88256 0.985449 0.0434044 0.0284641 107221
0 0.8717 0.68023 0.00787201 0.0180628 107222
0 0.890996 0.763647 0.00780087 0.0282759 107223
0 0.125308 0.985663 0.0282003 0.0217384 107224
0 0.330247 0.717191 0.0335183 0.00945774 107225
0 0.852311 0.848664 0.0253338 0.00901015 107226
0 0.982514 0.736522 0.00632553 0.03166 107227
0 0.947463 0.850589 0.0338316 0.0470252 107228
0 0.198146 0.728451 0.0180532 0.0106959 107229
0 0.871416 0.677688 0.00710239 0.0138279 107230
0 0.938794 0.740514 0.00856228 0.0472634 107231
0 0.00824956 0.747598 0.0127862 0.0178175 107232
0 0.978431 0.651763 0.00751533 0.0179415 107233
0 0.692756 0.841502 0.03428 0.014669 107234
0 0.678408 0.816057 0.020631 0.0185272 107235
0 0.589776 0.906967 0.0381625 0.0236494 107236
0 0.935823 0.865999 0.0114841 0.0152625 107237
0 0.813671 0.772165 0.00960827 0.0406367 107238
0 0.291321 0.758979 0.0184717 0.00951199 107239
0 0.857102 0.834249 0.0400509 0.0388311 107240
0 0.858583 0.847715 0.0403564 0.0133091 107241
0 0.488595 0.806253 0.0132188 0.0428599 107242
0 0.487397 0.810607 0.0102264 0.0369083 107243
0 0.779253 0.816258 0.00767374 0.00960761 107244
0 0.8616 0.83297 0.0263378 0.0365692 107245
0 0.491804 0.799317 0.0127385 0.0538137 107246
0 0.901586 0.974907 0.0320271 0.0358066 107247
0 0.9753 0.738456 0.0161894 0.0439004 107248
0 0.790831 0.82111 0.0235815 0.00603434 107249
0 0.0586421 0.747636 0.00283005 0.00587802 107250
0 0.197401 0.728565 0.0197513 0.0111355 107251
0 0.949835 0.864316 0.0384483 0.0187834 107252
0 0.489328 0.863244 0.0298571 0.0109812 107253
0 0.674458 0.801044 0.0162192 0.0488354 107254
0 0.0981902 0.986344 0.0517149 0.0218218 107255
0 0.892376 0.764621 0.0106731 0.0310781 107256
0 0.791749 0.779592 0.0115557 0.0432977 107257
0 0.842958 0.845266 0.0465221 0.0170319 107258
0 0.816706 0.771357 0.0132725 0.045923 107259
0 0.420048 0.923984 0.0135752 0.0220873 107260
0 0.678657 0.80056 0.0151687 0.0483258 107261
0 0.594176 0.906818 0.0576149 0.0237517 107262
0 0.300596 0.741071 0.021649 0.0119937 107263
0 0.975101 0.754018 0.018087 0.0434582 107264
0 0.77147 0.695284 0.0179777 0.0154609 107265
0 0.576954 0.871271 0.0339418 0.0234787 107266
0 0.104562 0.982141 0.0375442 0.0274099 107267
0 0.894034 0.985944 0.0247608 0.0243812 107268
