0 0.452746 0.833327 0.0125889 0.0682353 51391
0 0.561784 0.814493 0.012466 0.0533566 51392
0 0.718244 0.830372 0.0145788 0.0306393 51393
0 0.843343 0.765755 0.00833569 0.0491784 51394
0 0.692245 0.794686 0.00955906 0.0487779 51395
0 0.70371 0.790505 0.00977984 0.0469777 51396
0 0.780758 0.776695 0.0106457 0.0515406 51397
0 0.831249 0.834564 0.0185768 0.0336914 51398
0 0.736296 0.785573 0.00801373 0.0463832 51399
0 0.750688 0.782519 0.00871029 0.0487635 51400
0 0.799001 0.774821 0.0121546 0.0512024 51401
0 0.763784 0.780659 0.00776539 0.042829 51402
0 0.953506 0.849272 0.0220348 0.0415782 51403
0 0.669071 0.797458 0.0106276 0.0380205 51404
0 0.772002 0.786348 0.00723133 0.0309665 51405
0 0.856133 0.830461 0.0144548 0.0328539 51406
0 0.287616 0.723734 0.00682416 0.018443 51407
0 0.937653 0.728713 0.00891247 0.0240234 51408
0 0.198182 0.915436 0.0462168 0.0321601 51409
0 0.956909 0.848733 0.0154203 0.0403473 51410
0 0.48346 0.858819 0.0314463 0.0201343 51411
0 0.118552 0.983731 0.0371361 0.0259584 51412
0 0.853687 0.831002 0.0207125 0.0337592 51413
0 0.540721 0.849344 0.00691414 0.0266568 51414
0 0.433855 0.914463 0.0242394 0.035848 51415
0 0.741571 0.793007 0.005863 0.0296295 51416
0 0.0220778 0.938353 0.0441556 0.0291919 51417
0 0.354935 0.989135 0.0146839 0.0217304 51418
0 0.675931 0.812993 0.0179615 0.0251116 51419
0 0.316305 0.7106 0.00560656 0.016595 51420
0 0.890468 0.976247 0.0573448 0.0453783 51421
0 0.495495 0.859113 0.0142804 0.0178018 51422
0 0.00737246 0.750721 0.00673574 0.0189431 51423
0 0.0664421 0.742638 0.00719837 0.0212623 51424
0 0.876942 0.680983 0.00689087 0.0198046 51425
0 0.883697 0.980354 0.0444614 0.0380161 51426
0 0.902761 0.973571 0.0335335 0.0406813 51427
0 0.00594297 0.751301 0.00981806 0.0196699 51428
0 0.577376 0.875737 0.0325516 0.0146006 51429
0 0.0951281 0.994168 0.0455361 0.00810666 51430
0 0.412059 0.771053 0.00737247 0.0285446 51431
0 0.741455 0.786967 0.00661411 0.0418727 51432
0 0.00278457 0.971006 0.00551262 0.0330675 51433
0 0.913894 0.973082 0.010697 0.0389726 51434
0 0.995908 0.811612 0.00776939 0.0197993 51435
0 0.853051 0.848458 0.0245743 0.00939263 51436
0 0.104041 0.993626 0.0642823 0.00863919 51437
0 0.920642 0.97373 0.0266666 0.0407481 51438
0 0.274605 0.730603 0.00659404 0.0152896 51439
0 0.770311 0.785067 0.010585 0.0345496 51440
0 0.114083 0.982835 0.0289552 0.0224864 51441
0 0.412412 0.765606 0.0069809 0.0176985 51442
0 0.0657164 0.741797 0.0104507 0.0241214 51443
0 0.00503713 0.970967 0.00999989 0.0347887 51444
0 0.378576 0.758284 0.0103123 0.0132161 51445
0 0.41406 0.762633 0.00609493 0.0124546 51446
0 0.138133 0.740565 0.0108006 0.0101156 51447
0 0.182713 0.736517 0.0139037 0.00797662 51448
0 0.668462 0.798513 0.0137933 0.0419342 51449
0 0.773177 0.812858 0.00586176 0.0146047 51450
0 0.491568 0.858318 0.0135406 0.0202755 51451
0 0.674268 0.802801 0.0212599 0.0464403 51452
0 0.00481706 0.757183 0.00957069 0.0102188 51453
0 0.127999 0.983926 0.056484 0.0247806 51454
0 0.515884 0.73105 0.00677185 0.0138394 51455
0 0.801991 0.699148 0.00546227 0.0178819 51456
0 0.782141 0.698666 0.00576143 0.0190396 51457
0 0.973581 0.764079 0.0198721 0.0255079 51458
0 0.974012 0.768922 0.0203465 0.0165246 51459
0 0.124595 0.98498 0.0295557 0.0235897 51460
0 0.953634 0.673554 0.0059206 0.0171792 51461
0 0.18269 0.736143 0.0137476 0.0078971 51462
0 0.109134 0.981642 0.0188688 0.0221805 51463
0 0.0611235 0.739266 0.00457476 0.0195899 51464
0 0.779421 0.815275 0.00834503 0.0110709 51465
0 0.39115 0.832293 0.0183076 0.0860918 51466
0 0.971642 0.674379 0.00749245 0.0169156 51467
0 0.895847 0.682993 0.00675583 0.0171964 51468
0 0.768789 0.81257 0.0122519 0.0153188 51469
0 0.909205 0.975825 0.0538067 0.0443726 51470
0 0.438526 0.914713 0.0152436 0.0338145 51471
0 0.852061 0.844854 0.0219509 0.012311 51472
0 0.849647 0.833148 0.0278746 0.034997 51473
0 0.00278652 0.959279 0.00555634 0.0569038 51474
0 0.00932778 0.97227 0.0184709 0.0359731 51475
0 0.3316 0.84958 0.0901289 0.030424 51476
0 0.994869 0.81057 0.00981674 0.0226902 51477
0 0.936188 0.866847 0.0115948 0.0159941 51478
0 0.858567 0.847017 0.0357895 0.0145564 51479
0 0.0548823 0.741115 0.010713 0.0110033 51480
0 0.947272 0.859851 0.00975647 0.0187486 51481
0 0.947908 0.862618 0.0110001 0.0165207 51482
0 0.995737 0.80525 0.00809422 0.0324926 51483
0 0.862544 0.832647 0.0306837 0.037579 51484
0 0.522024 0.862846 0.0489939 0.00820024 51485
0 0.926795 0.681573 0.00403538 0.00901608 51486
0 0.802851 0.76682 0.00859532 0.0367274 51487
0 0.975229 0.771145 0.0225964 0.0118683 51488
0 0.848775 0.796831 0.0366312 0.0131785 51489
0 0.153836 0.983514 0.0178344 0.013914 51490
0 0.574241 0.874272 0.0370004 0.01651 51491
0 0.816621 0.76545 0.00748177 0.0172841 51492
0 0.957283 0.66504 0.00838108 0.0158644 51493
