0 0.641884 0.798483 0.0103974 0.056711 84591
0 0.434386 0.893273 0.017949 0.0804959 84592
0 0.554571 0.818159 0.0110729 0.0494392 84593
0 0.727293 0.786929 0.00986195 0.0493525 84594
0 0.842932 0.767112 0.00859947 0.0473016 84595
0 0.390973 0.818424 0.0182292 0.0579814 84596
0 0.796466 0.775896 0.00855637 0.0493076 84597
0 0.597656 0.80743 0.00946178 0.0567129 84598
0 0.718374 0.830211 0.0140863 0.0315904 84599
0 0.831165 0.835272 0.0188763 0.0326914 84600
0 0.452232 0.834762 0.0103516 0.0657449 84601
0 0.114397 0.98332 0.033245 0.0274667 84602
0 0.459523 0.830215 0.00856895 0.0596649 84603
0 0.688109 0.794752 0.00951901 0.0452684 84604
0 0.702259 0.793352 0.0117275 0.0470005 84605
0 0.67711 0.790566 0.00671749 0.0345688 84606
0 0.856415 0.829946 0.0139025 0.0329247 84607
0 0.483667 0.858641 0.0377464 0.02211 84608
0 0.959735 0.749709 0.00675774 0.0354438 84609
0 0.06044 0.742181 0.00518215 0.0197311 84610
0 0.938155 0.726714 0.00741196 0.0194217 84611
0 0.0171926 0.753025 0.00835189 0.0176888 84612
0 0.883773 0.979462 0.0456619 0.0396417 84613
0 0.00594853 0.977803 0.011833 0.020811 84614
0 0.95438 0.849238 0.0209044 0.0374929 84615
0 0.198224 0.916501 0.0451316 0.0311608 84616
0 0.974032 0.762566 0.0196606 0.0275174 84617
0 0.695765 0.794418 0.00763807 0.0468075 84618
0 0.35499 0.989189 0.0149404 0.0216215 84619
0 0.853038 0.830493 0.0210468 0.035434 84620
0 0.0220629 0.93863 0.0441257 0.0311454 84621
0 0.921352 0.972873 0.026675 0.0417959 84622
0 0.103088 0.983622 0.0560781 0.0278191 84623
0 0.474949 0.858446 0.0193825 0.021482 84624
0 0.895112 0.975289 0.06765 0.0467751 84625
0 0.678185 0.792069 0.00888777 0.038393 84626
0 0.853008 0.69719 0.00520515 0.0193707 84627
0 0.325033 0.717176 0.0128079 0.0129445 84628
0 0.907314 0.972944 0.0446629 0.0424377 84629
0 0.853184 0.848285 0.0249752 0.00921767 84630
0 0.995872 0.813466 0.00784721 0.0160512 84631
0 0.361542 0.774466 0.007477 0.0142456 84632
0 0.972452 0.672301 0.00568752 0.0178789 84633
0 0.0988062 0.994224 0.0539187 0.00850118 84634
0 0.321503 0.716301 0.00931282 0.0146807 84635
0 0.276359 0.725878 0.00423985 0.0154222 84636
0 0.675824 0.816108 0.0209085 0.0185496 84637
0 0.946777 0.852092 0.0358162 0.0429097 84638
0 0.773001 0.813568 0.0210379 0.0173421 84639
0 0.458117 0.833641 0.00954638 0.0658329 84640
0 0.0790568 0.747496 0.00331143 0.00806173 84641
0 0.293832 0.724837 0.0133028 0.0120743 84642
0 0.578019 0.875252 0.0340572 0.0151032 84643
0 0.442726 0.76066 0.0229095 0.0151491 84644
0 0.917129 0.97235 0.01576 0.0410668 84645
0 0.0182193 0.753539 0.0110369 0.0193166 84646
0 0.323946 0.716825 0.0145839 0.0139028 84647
0 0.398096 0.838909 0.0341058 0.0174286 84648
0 0.974192 0.767122 0.0192631 0.0188405 84649
0 0.76966 0.813186 0.0139389 0.0172099 84650
0 0.577942 0.875022 0.0336145 0.0147558 84651
0 0.00868317 0.977927 0.0172892 0.0219435 84652
0 0.853209 0.842206 0.0232924 0.0142475 84653
0 0.852637 0.845351 0.0225609 0.0114153 84654
0 0.0638984 0.743621 0.01259 0.0210626 84655
0 0.778986 0.816463 0.00989447 0.0131093 84656
0 0.937952 0.863345 0.0193659 0.0218757 84657
0 0.827107 0.835474 0.0115873 0.031132 84658
0 0.450315 0.828399 0.0092413 0.0537004 84659
0 0.585508 0.913908 0.0478449 0.0115926 84660
0 0.93519 0.678964 0.00925922 0.0187427 84661
0 0.674424 0.801401 0.0180014 0.0483665 84662
0 0.768605 0.814101 0.0232598 0.01872 84663
0 0.948465 0.863968 0.0400394 0.0226057 84664
0 0.94428 0.861782 0.0320526 0.0246706 84665
0 0.490165 0.723725 0.00924597 0.0087243 84666
0 0.292739 0.722789 0.0110079 0.0137136 84667
0 0.859352 0.847093 0.0375515 0.0131188 84668
0 0.88295 0.985143 0.0441559 0.0289624 84669
0 0.0223058 0.753486 0.0200337 0.0200819 84670
0 0.0646988 0.749285 0.0110859 0.0106469 84671
0 0.321882 0.717028 0.0169316 0.0161045 84672
0 0.593606 0.91349 0.0629848 0.0123835 84673
0 0.853907 0.696653 0.00853176 0.0206606 84674
0 0.995705 0.801736 0.00814743 0.0401903 84675
0 0.705845 0.842625 0.0120638 0.00940281 84676
0 0.957459 0.865617 0.0601543 0.0174371 84677
0 0.872573 0.845769 0.0147741 0.0147517 84678
0 0.130269 0.982835 0.0645746 0.0266656 84679
0 0.775039 0.813532 0.0321146 0.0191555 84680
0 0.0680813 0.749816 0.0253298 0.0124081 84681
0 0.674942 0.798894 0.0121202 0.0522717 84682
0 0.603874 0.913918 0.0426323 0.0111504 84683
0 0.971019 0.756636 0.0161297 0.0310435 84684
0 0.930734 0.680068 0.019418 0.0209242 84685
0 0.398306 0.84203 0.035199 0.0208672 84686
0 0.83283 0.696557 0.00804691 0.0129773 84687
0 0.779713 0.833478 0.144272 0.0393616 84688
0 0.153547 0.983486 0.0187042 0.0136444 84689
