0 0.453002 0.833218 0.0127087 0.068123 46185
0 0.821108 0.770319 0.0108383 0.0516832 46186
0 0.843708 0.765359 0.00712128 0.049075 46187
0 0.953513 0.849829 0.0221409 0.0422865 46188
0 0.830662 0.834986 0.0174301 0.0329424 46189
0 0.736825 0.785829 0.0083272 0.0468638 46190
0 0.565234 0.810816 0.0140323 0.0467541 46191
0 0.702713 0.79294 0.00851774 0.0448744 46192
0 0.755327 0.782424 0.00801611 0.047161 46193
0 0.803117 0.773174 0.00769405 0.0497316 46194
0 0.796357 0.77454 0.00802555 0.0491865 46195
0 0.478164 0.855187 0.0297461 0.027909 46196
0 0.0221972 0.938489 0.0443381 0.0285473 46197
0 0.717586 0.830294 0.0127474 0.0312547 46198
0 0.694602 0.796229 0.0114227 0.0437424 46199
0 0.77543 0.777916 0.0089323 0.0405119 46200
0 0.00431137 0.749742 0.00838843 0.0160377 46201
0 0.856355 0.831156 0.0143398 0.0339389 46202
0 0.197993 0.916195 0.0445261 0.0314419 46203
0 0.906206 0.972332 0.0433136 0.0410833 46204
0 0.115229 0.980956 0.0307738 0.0226679 46205
0 0.853029 0.831595 0.0218323 0.0343502 46206
0 0.276431 0.727888 0.00714445 0.0154224 46207
0 0.893897 0.975479 0.0667801 0.0468672 46208
0 0.797223 0.697469 0.00495625 0.0150213 46209
0 0.433418 0.914301 0.0252853 0.0377201 46210
0 0.77503 0.772976 0.00818157 0.0313483 46211
0 0.972024 0.763225 0.0138462 0.0257821 46212
0 0.354486 0.989284 0.0154718 0.021433 46213
0 0.317337 0.714583 0.00488348 0.0162633 46214
0 0.287332 0.725249 0.00714989 0.0154795 46215
0 0.677571 0.815738 0.0188336 0.0185879 46216
0 0.119773 0.982548 0.0400549 0.0257745 46217
0 0.712943 0.830551 0.0232313 0.0322652 46218
0 0.419538 0.780194 0.00547895 0.0186571 46219
0 0.522877 0.734065 0.00801468 0.0108866 46220
0 0.0650151 0.742878 0.00666442 0.0329052 46221
0 0.409933 0.762188 0.00494261 0.00902201 46222
0 0.00569236 0.978013 0.0113327 0.0215634 46223
0 0.00252072 0.978001 0.00501036 0.0209605 46224
0 0.0649052 0.73775 0.00625944 0.0236325 46225
0 0.88331 0.98553 0.0452501 0.0270518 46226
0 0.184495 0.733094 0.01296 0.00863732 46227
0 0.135093 0.736475 0.00480435 0.00875532 46228
0 0.391439 0.833003 0.0171082 0.0857025 46229
0 0.440823 0.919183 0.010295 0.024609 46230
0 0.418333 0.78049 0.0101291 0.0186964 46231
0 0.0988199 0.994117 0.0532157 0.00859629 46232
0 0.576596 0.875708 0.032364 0.0139794 46233
0 0.952949 0.66141 0.00373707 0.00924733 46234
0 0.984591 0.665416 0.00564346 0.0249207 46235
0 0.8863 0.978838 0.0522903 0.040131 46236
0 0.996212 0.816118 0.00716171 0.0114073 46237
0 0.106971 0.983919 0.0646027 0.0276143 46238
0 0.996008 0.811211 0.00757103 0.0212738 46239
0 0.14072 0.736607 0.0169568 0.00823093 46240
0 0.37041 0.757569 0.00795913 0.0103492 46241
0 0.274722 0.73055 0.00990086 0.0162735 46242
0 0.922037 0.972533 0.026856 0.0425103 46243
0 0.976441 0.771727 0.0149059 0.00987718 46244
0 0.779495 0.698365 0.00496807 0.0153943 46245
0 0.42837 0.916639 0.02268 0.0337619 46246
0 0.980051 0.664565 0.00603981 0.0286729 46247
0 0.794454 0.774314 0.010673 0.0498728 46248
0 0.0594704 0.740251 0.00709732 0.00910339 46249
0 0.525219 0.736125 0.0148678 0.00775197 46250
0 0.369919 0.758959 0.0103573 0.00931024 46251
0 0.566432 0.804556 0.0128052 0.0336739 46252
0 0.959414 0.850564 0.0108698 0.0379074 46253
0 0.770888 0.812811 0.0159559 0.0154985 46254
0 0.958895 0.672978 0.00675449 0.0242703 46255
0 0.39175 0.812126 0.0162394 0.0437839 46256
0 0.528798 0.736938 0.0260874 0.00737576 46257
0 0.974137 0.672604 0.00609817 0.0170839 46258
0 0.00699021 0.759907 0.0139665 0.00902269 46259
0 0.562644 0.809467 0.00844383 0.0407552 46260
0 0.420662 0.915213 0.0503044 0.0394523 46261
0 0.981317 0.665587 0.00936508 0.0329162 46262
0 0.792458 0.781782 0.00703106 0.0356011 46263
0 0.540695 0.848588 0.00808907 0.0281257 46264
0 0.996011 0.814929 0.00751419 0.0169951 46265
0 0.91592 0.968998 0.0126965 0.0368576 46266
0 0.0631473 0.743121 0.0124424 0.0344688 46267
0 0.917915 0.97151 0.0179775 0.0404463 46268
0 0.85274 0.848836 0.0245106 0.00862257 46269
0 0.990227 0.770508 0.0190908 0.00752767 46270
0 0.939486 0.727561 0.0064703 0.0222056 46271
0 0.485508 0.854193 0.0152836 0.0263011 46272
0 0.685786 0.805704 0.0190796 0.0352108 46273
0 0.153442 0.983721 0.017813 0.0124363 46274
0 0.791842 0.783702 0.00562286 0.029149 46275
0 0.34964 0.989342 0.0260448 0.0212236 46276
0 0.0626406 0.738721 0.0127543 0.0267548 46277
0 0.971877 0.651554 0.00497246 0.0156394 46278
0 0.388762 0.800913 0.0123652 0.0229038 46279
0 0.774136 0.813599 0.0186463 0.0152017 46280
0 0.935773 0.866836 0.0110674 0.0148353 46281
0 0.524907 0.733366 0.0126368 0.0129038 46282
0 0.711418 0.840457 0.0248447 0.014112 46283
0 0.0091821 0.978218 0.0180871 0.0239034 46284
0 0.699852 0.794309 0.0144143 0.0481259 46285
0 0.00604695 0.972425 0.0119579 0.0335899 46286
0 0.990528 0.768126 0.0184593 0.0107073 46287
0 0.388249 0.80226 0.0122662 0.025451 46288
0 0.274571 0.733944 0.0106315 0.013404 46289
0 0.857147 0.836326 0.045137 0.0361686 46290
0 0.592991 0.910502 0.0616737 0.0180806 46291
0 0.981864 0.661135 0.00921593 0.0352103 46292
0 0.980396 0.656802 0.00650711 0.025059 46293
0 0.862451 0.832795 0.0296204 0.038346 46294
0 0.590334 0.913991 0.0571518 0.0102681 46295
0 0.87612 0.985567 0.0308777 0.0269314 46296
0 0.972752 0.862028 0.0307533 0.0114054 46297
