0 0.45282 0.833552 0.0128139 0.0669774 41250
0 0.27326 0.864056 0.0111108 0.0572378 41251
0 0.479254 0.827057 0.0140566 0.0585195 41252
0 0.698365 0.795568 0.00935259 0.0490106 41253
0 0.953396 0.848288 0.0222923 0.0420288 41254
0 0.954119 0.746136 0.0093113 0.0459886 41255
0 0.964274 0.74132 0.00861511 0.0452025 41256
0 0.42158 0.911 0.0184727 0.0489724 41257
0 0.830766 0.834271 0.0155392 0.0327159 41258
0 0.877453 0.759593 0.00734062 0.0445306 41259
0 0.775815 0.777892 0.0103791 0.0475698 41260
0 0.856405 0.828281 0.0125717 0.035004 41261
0 0.996053 0.735081 0.00748749 0.0491381 41262
0 0.845046 0.763129 0.00974083 0.0370712 41263
0 0.796824 0.776094 0.0108713 0.049272 41264
0 0.832843 0.769571 0.00951767 0.0371847 41265
0 0.94083 0.743126 0.00786705 0.0292969 41266
0 0.789231 0.775704 0.008529 0.0480181 41267
0 0.529799 0.778412 0.00735073 0.025528 41268
0 0.976321 0.665912 0.00968819 0.0409431 41269
0 0.718518 0.830393 0.0141964 0.0319539 41270
0 0.893718 0.976054 0.0655344 0.0463571 41271
0 0.971738 0.762482 0.0132713 0.0270927 41272
0 0.198336 0.91654 0.0457819 0.031033 41273
0 0.475493 0.799512 0.0108873 0.0347283 41274
0 0.715069 0.830533 0.0212936 0.0326857 41275
0 0.516244 0.780538 0.00769405 0.0192442 41276
0 0.685519 0.787617 0.0106668 0.024586 41277
0 0.113975 0.983651 0.0322258 0.0181247 41278
0 0.67724 0.816214 0.0177721 0.0182593 41279
0 0.0221925 0.938393 0.044385 0.0277501 41280
0 0.99567 0.813724 0.00824089 0.0186693 41281
0 0.351979 0.989487 0.0188278 0.0210259 41282
0 0.90022 0.740508 0.00720501 0.0286916 41283
0 0.00895809 0.746268 0.00730201 0.0190565 41284
0 0.905021 0.762565 0.00601826 0.0288635 41285
0 0.57766 0.872724 0.0329641 0.0199219 41286
0 0.0966421 0.99419 0.0482501 0.00822991 41287
0 0.784065 0.693998 0.0064333 0.0134644 41288
0 0.883675 0.979432 0.0459225 0.0399116 41289
0 0.928229 0.728285 0.00871353 0.0202788 41290
0 0.853233 0.829902 0.0192364 0.0388899 41291
0 0.905827 0.973729 0.041156 0.0424142 41292
0 0.00670708 0.747014 0.013254 0.021237 41293
0 0.371533 0.737396 0.0111012 0.0122537 41294
0 0.330922 0.706781 0.00588779 0.0161655 41295
0 0.00552226 0.981489 0.0109526 0.0136314 41296
0 0.475435 0.805217 0.0116283 0.0467155 41297
0 0.303134 0.74104 0.00664053 0.0113217 41298
0 0.10084 0.992978 0.0569408 0.0102139 41299
0 0.917381 0.9727 0.0181438 0.0398631 41300
0 0.540823 0.849575 0.00680904 0.027612 41301
0 0.949443 0.849419 0.0298254 0.0442286 41302
0 0.291465 0.750936 0.00867782 0.0141327 41303
0 0.79977 0.775712 0.00861988 0.0457611 41304
0 0.900783 0.748031 0.00955467 0.0436817 41305
0 0.996825 0.661891 0.00410767 0.0137894 41306
0 0.108774 0.985834 0.0441105 0.0229024 41307
0 0.921343 0.973331 0.0284185 0.0408034 41308
0 0.968975 0.745335 0.0153374 0.0421448 41309
0 0.685346 0.795725 0.0114867 0.0435154 41310
0 0.985453 0.67954 0.00500927 0.0120138 41311
0 0.0590546 0.749697 0.00338997 0.00675693 41312
0 0.950213 0.865751 0.0375561 0.0174754 41313
0 0.965033 0.744665 0.0127972 0.0552438 41314
0 0.767059 0.694469 0.00758476 0.0120655 41315
0 0.77004 0.811888 0.0132902 0.0173136 41316
0 0.851953 0.842028 0.0219463 0.0176073 41317
0 0.789227 0.82002 0.0262882 0.00789286 41318
0 0.959392 0.743154 0.0183493 0.0472575 41319
0 0.986463 0.679722 0.00561905 0.0116896 41320
0 0.841019 0.835017 0.0372562 0.0341122 41321
0 0.906954 0.975949 0.0567642 0.0453152 41322
0 0.199831 0.727367 0.0111334 0.00774638 41323
0 0.390914 0.832639 0.0179849 0.0871341 41324
0 0.00822112 0.757328 0.0143167 0.0100006 41325
0 0.595117 0.906637 0.05254 0.0232583 41326
0 0.0756572 0.751795 0.0140784 0.0106827 41327
0 0.679731 0.814598 0.0223989 0.0214793 41328
0 0.684557 0.815257 0.013052 0.0189918 41329
0 0.120123 0.984908 0.0383641 0.0204703 41330
0 0.935989 0.867653 0.0113632 0.013432 41331
0 0.903179 0.685591 0.0041563 0.0201781 41332
0 0.292388 0.752794 0.01338 0.0134606 41333
0 0.852188 0.845149 0.0252916 0.0147142 41334
0 0.51748 0.781471 0.0101444 0.0193202 41335
0 0.855861 0.84621 0.0382988 0.0144482 41336
0 0.111825 0.980963 0.0287422 0.0232439 41337
0 0.942347 0.743474 0.0106247 0.0321628 41338
0 0.960078 0.862965 0.0483707 0.0175373 41339
0 0.695671 0.84152 0.0267037 0.0141602 41340
0 0.773729 0.812456 0.0212967 0.019911 41341
0 0.949575 0.863631 0.0209167 0.0162821 41342
0 0.00621678 0.979056 0.0123202 0.0184506 41343
0 0.92859 0.730588 0.0108454 0.0190481 41344
0 0.880413 0.985047 0.0394897 0.0291022 41345
0 0.591036 0.912067 0.0550896 0.0158934 41346
0 0.7887 0.818471 0.0264378 0.0101524 41347
0 0.129632 0.985293 0.0660361 0.0215412 41348
0 0.779659 0.817442 0.0086051 0.0107357 41349
0 0.859857 0.795757 0.00701408 0.0112261 41350
0 0.00959389 0.981022 0.0189938 0.0157935 41351
0 0.958134 0.866365 0.0557972 0.0149463 41352
0 0.753561 0.826369 0.0307582 0.00699226 41353
0 0.788216 0.817954 0.0263351 0.0109758 41354
0 0.901797 0.743998 0.0109711 0.0360806 41355
0 0.322309 0.715804 0.0243976 0.00743493 41356
0 0.679147 0.818118 0.0221973 0.0222036 41357
0 0.960505 0.863191 0.0520493 0.0121977 41358
0 0.487518 0.863477 0.0311079 0.0109099 41359
0 0.476598 0.802654 0.0121596 0.0316593 41360
0 0.0990169 0.987304 0.0537685 0.0199904 41361
0 0.172788 0.734495 0.00681524 0.0102603 41362
0 0.901792 0.756302 0.0129662 0.0417772 41363
0 0.981816 0.771532 0.00863647 0.00968085 41364
0 0.072988 0.751905 0.0187469 0.0112288 41365
0 0.0689791 0.752223 0.0248831 0.0119866 41366
0 0.98756 0.679318 0.00924435 0.0121062 41367
0 0.679845 0.800331 0.022687 0.0506663 41368
