0 0.451946 0.834226 0.0123253 0.0666229 69613
0 0.842575 0.766275 0.00905704 0.0456791 69614
0 0.521012 0.821388 0.0138383 0.0511468 69615
0 0.718702 0.830419 0.0139309 0.0314109 69616
0 0.796591 0.774391 0.00768824 0.0473114 69617
0 0.713936 0.787253 0.0121012 0.0524024 69618
0 0.588225 0.813196 0.0106745 0.0495928 69619
0 0.830787 0.834609 0.0174068 0.0331418 69620
0 0.691383 0.794414 0.00933723 0.0470478 69621
0 0.746455 0.781562 0.0084053 0.0476122 69622
0 0.700985 0.792485 0.00960941 0.0468341 69623
0 0.953597 0.849717 0.0227108 0.0409531 69624
0 0.683797 0.790833 0.00917282 0.0505602 69625
0 0.115901 0.982907 0.0358565 0.0273707 69626
0 0.0102353 0.747192 0.00954877 0.017739 69627
0 0.475063 0.85622 0.0170513 0.026201 69628
0 0.725871 0.787616 0.0078517 0.045972 69629
0 0.431221 0.91461 0.0287518 0.0364777 69630
0 0.855788 0.829583 0.0144001 0.033413 69631
0 0.355349 0.989197 0.0139835 0.0216068 69632
0 0.0707368 0.749135 0.0138241 0.0131931 69633
0 0.939335 0.727355 0.00739899 0.0181819 69634
0 0.00580014 0.9798 0.0115304 0.0181746 69635
0 0.838751 0.697589 0.00503044 0.0166887 69636
0 0.386922 0.775751 0.00803032 0.0154985 69637
0 0.0222648 0.938585 0.0445032 0.0284936 69638
0 0.897764 0.975081 0.0735001 0.0468152 69639
0 0.971843 0.761483 0.012112 0.0265472 69640
0 0.197473 0.915567 0.0449296 0.0317988 69641
0 0.974532 0.762045 0.0176907 0.0276525 69642
0 0.0635005 0.737455 0.00600586 0.0174884 69643
0 0.26672 0.730956 0.00620875 0.0150801 69644
0 0.810651 0.697749 0.00689259 0.0174052 69645
0 0.689853 0.792781 0.0101422 0.0490789 69646
0 0.408777 0.762862 0.00945301 0.0151123 69647
0 0.910745 0.973295 0.0485619 0.043062 69648
0 0.0946433 0.994434 0.0464835 0.00816752 69649
0 0.28493 0.719945 0.00689068 0.0142573 69650
0 0.675233 0.815069 0.0137594 0.0188963 69651
0 0.85318 0.830216 0.0197472 0.0350842 69652
0 0.314698 0.710514 0.00757322 0.012244 69653
0 0.853028 0.848228 0.0260448 0.0105784 69654
0 0.996374 0.812116 0.00682831 0.0176256 69655
0 0.502922 0.730042 0.0107203 0.0115726 69656
0 0.540609 0.84931 0.00680447 0.027075 69657
0 0.903039 0.972523 0.0331762 0.0416255 69658
0 0.889412 0.978324 0.0573353 0.0414675 69659
0 0.978807 0.668304 0.0056427 0.0150001 69660
0 0.920328 0.973266 0.0311214 0.0423043 69661
0 0.996032 0.744459 0.00755501 0.038858 69662
0 0.576158 0.875094 0.0363253 0.0142719 69663
0 0.995187 0.74057 0.00919228 0.0385657 69664
0 0.892645 0.675155 0.0066349 0.0124257 69665
0 0.852494 0.842761 0.024173 0.0129459 69666
0 0.990448 0.668156 0.0040226 0.0118152 69667
0 0.135089 0.737658 0.0225865 0.00724419 69668
0 0.576787 0.875777 0.0355833 0.0137105 69669
0 0.283876 0.720829 0.0133725 0.0135376 69670
0 0.48144 0.856087 0.0303753 0.0262502 69671
0 0.896458 0.974553 0.0456583 0.0449134 69672
0 0.39118 0.831229 0.0179069 0.0858502 69673
0 0.715714 0.830864 0.020202 0.0329648 69674
0 0.13767 0.734012 0.0148544 0.00862155 69675
0 0.385668 0.775647 0.0122482 0.0168008 69676
0 0.852373 0.845961 0.0239273 0.0127279 69677
0 0.772223 0.812605 0.0189577 0.0157847 69678
0 0.959224 0.850382 0.0187395 0.040537 69679
0 0.389401 0.776365 0.0104667 0.015938 69680
0 0.996343 0.671123 0.00545158 0.0091579 69681
0 0.936002 0.867029 0.0116852 0.0146406 69682
0 0.577533 0.881683 0.033608 0.00792542 69683
0 0.949626 0.861175 0.0143772 0.0178613 69684
0 0.440481 0.91537 0.0108953 0.0323625 69685
0 0.838941 0.835157 0.0342255 0.0344369 69686
0 0.881831 0.980628 0.0426697 0.0373515 69687
0 0.0589017 0.737586 0.0154255 0.014723 69688
0 0.00959641 0.98004 0.018994 0.0192969 69689
0 0.856256 0.794596 0.0163319 0.0143163 69690
0 0.0563824 0.739468 0.0104045 0.00902235 69691
0 0.80757 0.704736 0.0212231 0.00634325 69692
0 0.94853 0.865998 0.0353388 0.0173777 69693
0 0.390879 0.811491 0.0172722 0.0455321 69694
0 0.559419 0.838676 0.00580292 0.010673 69695
0 0.102129 0.983191 0.0609991 0.0272098 69696
0 0.859354 0.794191 0.00826626 0.0143982 69697
0 0.268127 0.732077 0.00937815 0.0166812 69698
0 0.872353 0.844905 0.0147697 0.0162623 69699
0 0.130852 0.982567 0.065626 0.0275903 69700
0 0.265944 0.737203 0.0171924 0.0123708 69701
0 0.964815 0.863217 0.0436527 0.0131066 69702
0 0.52508 0.823036 0.0077775 0.0421341 69703
0 0.871909 0.844688 0.0146667 0.0162798 69704
0 0.959557 0.866562 0.0365725 0.0125631 69705
0 0.954292 0.864938 0.028067 0.0183465 69706
0 0.994047 0.743566 0.0115614 0.0442212 69707
0 0.946968 0.676355 0.00587921 0.0136848 69708
0 0.922902 0.976305 0.0257774 0.0347846 69709
0 0.705354 0.843006 0.0141505 0.00940552 69710
0 0.79402 0.774351 0.0128181 0.0483497 69711
0 0.779134 0.814978 0.00893688 0.0119785 69712
0 0.577506 0.87844 0.0359392 0.0152649 69713
0 0.102523 0.995571 0.0614659 0.00885705 69714
0 0.970166 0.862985 0.0352024 0.0106435 69715
0 0.963291 0.850682 0.0428356 0.042855 69716
0 0.489369 0.864199 0.0265596 0.00921868 69717
