0 0.452402 0.833357 0.0123259 0.0678367 35956
0 0.797297 0.776489 0.00914984 0.0493732 35957
0 0.728818 0.788452 0.00904141 0.04258 35958
0 0.742859 0.784816 0.00845976 0.0461497 35959
0 0.547757 0.812885 0.0122264 0.050608 35960
0 0.825499 0.768994 0.0104395 0.0469057 35961
0 0.842729 0.766135 0.00911522 0.0467604 35962
0 0.755277 0.781017 0.00787258 0.0488532 35963
0 0.856164 0.764301 0.0122766 0.0551022 35964
0 0.830659 0.834656 0.0176178 0.0335612 35965
0 0.694768 0.795499 0.00921555 0.0441345 35966
0 0.704517 0.791832 0.0103119 0.0474894 35967
0 0.953745 0.849054 0.0220373 0.0401494 35968
0 0.718156 0.83034 0.0134052 0.0316906 35969
0 0.852805 0.832321 0.0218418 0.0345303 35970
0 0.81754 0.779835 0.00568657 0.0289225 35971
0 0.891852 0.976111 0.061409 0.0459286 35972
0 0.198996 0.916416 0.0469563 0.0317098 35973
0 0.273361 0.725676 0.0058835 0.0158396 35974
0 0.319874 0.712043 0.00612421 0.0165687 35975
0 0.469611 0.854805 0.0133679 0.0312466 35976
0 0.935485 0.726927 0.00713425 0.0217275 35977
0 0.351063 0.756376 0.00695877 0.0207164 35978
0 0.0706168 0.741778 0.0100656 0.0207253 35979
0 0.433301 0.914747 0.0249008 0.0368228 35980
0 0.444653 0.777859 0.00514641 0.014641 35981
0 0.00561394 0.977038 0.0111855 0.024038 35982
0 0.712554 0.831051 0.0259627 0.032195 35983
0 0.472105 0.853758 0.018055 0.0334256 35984
0 0.790758 0.701645 0.00521469 0.0196954 35985
0 0.904213 0.973026 0.0388136 0.0400594 35986
0 0.0220591 0.93858 0.0441181 0.0281915 35987
0 0.114864 0.981275 0.0300991 0.0239499 35988
0 0.391304 0.828399 0.0180978 0.0785534 35989
0 0.00985709 0.749728 0.00905265 0.0163503 35990
0 0.354625 0.989264 0.016069 0.0214725 35991
0 0.411234 0.768306 0.00438271 0.00844676 35992
0 0.109642 0.980537 0.0198263 0.0233193 35993
0 0.577706 0.875779 0.0324592 0.0147369 35994
0 0.985529 0.743213 0.011467 0.0417355 35995
0 0.675509 0.816639 0.0145769 0.0195387 35996
0 0.773969 0.698716 0.00747566 0.0192254 35997
0 0.856136 0.831058 0.0152214 0.033355 35998
0 0.982885 0.744121 0.00671101 0.03978 35999
0 0.531362 0.738667 0.0168005 0.00967306 36000
0 0.990456 0.739736 0.00759315 0.0394725 36001
0 0.14212 0.735936 0.00609951 0.0106045 36002
0 0.439346 0.918252 0.0125809 0.0280375 36003
0 0.88513 0.97914 0.0484562 0.0397803 36004
0 0.531303 0.738528 0.0168566 0.0100891 36005
0 0.895056 0.681489 0.00747681 0.0177102 36006
0 0.108444 0.983653 0.0475954 0.0271891 36007
0 0.190542 0.731767 0.00855548 0.00787777 36008
0 0.438662 0.77756 0.0070446 0.0147339 36009
0 0.95228 0.858761 0.0188503 0.0239697 36010
0 0.476797 0.852368 0.0107748 0.0321516 36011
0 0.152903 0.736377 0.00544436 0.00778673 36012
0 0.103077 0.993753 0.0618806 0.00904626 36013
0 0.987705 0.74049 0.0113457 0.0456111 36014
0 0.119708 0.984412 0.0392983 0.0232059 36015
0 0.996538 0.810929 0.00651169 0.0206714 36016
0 0.140865 0.735481 0.00849762 0.0100065 36017
0 0.055827 0.75152 0.00372815 0.00998891 36018
0 0.996589 0.814326 0.0063982 0.0137188 36019
0 0.950524 0.860474 0.0159454 0.0202884 36020
0 0.972286 0.673531 0.00566139 0.0193013 36021
0 0.317465 0.711612 0.0112332 0.0177043 36022
0 0.934563 0.728492 0.00907803 0.0200643 36023
0 0.922209 0.973796 0.0270315 0.041354 36024
0 0.440029 0.778059 0.0102732 0.0156362 36025
0 0.934383 0.736277 0.010371 0.00706312 36026
0 0.907394 0.975024 0.0559748 0.0446543 36027
0 0.352463 0.757139 0.0108606 0.0210361 36028
0 0.858676 0.83439 0.0388126 0.0387512 36029
0 0.772569 0.812975 0.0113144 0.0154073 36030
0 0.00838587 0.749756 0.0125739 0.0169995 36031
0 0.973049 0.752802 0.00731812 0.00949673 36032
0 0.974625 0.762611 0.020026 0.0270813 36033
0 0.7772 0.81347 0.0128037 0.0159932 36034
0 0.391136 0.812795 0.0173735 0.0454881 36035
0 0.768022 0.813003 0.00941153 0.0153052 36036
0 0.882735 0.6818 0.00880928 0.0121835 36037
0 0.996974 0.677624 0.00561848 0.0205794 36038
0 0.535535 0.738649 0.0260292 0.0108676 36039
0 0.541091 0.849391 0.00770226 0.0287638 36040
0 0.791158 0.702633 0.0065815 0.0227231 36041
0 0.103503 0.985275 0.0624264 0.0250168 36042
0 0.879964 0.98503 0.0376131 0.0277066 36043
0 0.95634 0.86716 0.0286224 0.013523 36044
0 0.88229 0.679201 0.00992584 0.0173633 36045
0 0.681522 0.816361 0.0255125 0.0195346 36046
0 0.436955 0.77716 0.00599298 0.0138268 36047
0 0.42872 0.918159 0.0212095 0.0310052 36048
0 0.126284 0.985663 0.0269964 0.0203983 36049
0 0.121681 0.98619 0.0189295 0.0213067 36050
0 0.840572 0.83408 0.0384159 0.0351832 36051
0 0.956516 0.851684 0.0284367 0.0403581 36052
0 0.960049 0.849754 0.017506 0.040191 36053
0 0.979088 0.673175 0.0099247 0.0193214 36054
0 0.196736 0.731875 0.0214371 0.00743273 36055
0 0.540694 0.846318 0.00630407 0.0253633 36056
0 0.353256 0.760268 0.0147563 0.0150845 36057
0 0.316458 0.714464 0.012658 0.0146142 36058
0 0.955152 0.864604 0.0257715 0.0181224 36059
0 0.95746 0.868698 0.0261585 0.0101817 36060
0 0.275217 0.725632 0.00950785 0.0153517 36061
0 0.0549281 0.750628 0.00584226 0.00896759 36062
0 0.425415 0.928554 0.016193 0.010581 36063
0 0.824651 0.814928 0.0245434 0.0101752 36064
0 0.953253 0.866328 0.0215343 0.0148376 36065
0 0.153486 0.983376 0.0175718 0.0132053 36066
0 0.969484 0.863278 0.0358604 0.00991007 36067
0 0.975653 0.76631 0.0228661 0.0213481 36068
0 0.589666 0.911635 0.0564129 0.0157569 36069
0 0.775845 0.814442 0.0169119 0.01944 36070
