0 0.718591 0.830765 0.0142634 0.0300744 None
0 0.00882367 0.903428 0.0114761 0.0456085 None
0 0.830619 0.834644 0.0172661 0.0335782 None
0 0.455732 0.833604 0.0129468 0.0675359 None
0 0.697352 0.794519 0.00932121 0.0516257 None
0 0.842941 0.766676 0.00861015 0.0478312 None
0 0.953361 0.849476 0.0223751 0.0411682 None
0 0.89881 0.755849 0.00994568 0.0468455 None
0 0.744502 0.784041 0.00843887 0.0468123 None
0 0.816306 0.771446 0.00840378 0.0410595 None
0 0.7942 0.775136 0.0114939 0.0496853 None
0 0.470966 0.834262 0.0167686 0.0625032 None
0 0.703875 0.792616 0.00819092 0.0467114 None
0 0.864948 0.762006 0.00882301 0.0495714 None
0 0.856294 0.830138 0.0152576 0.0329559 None
0 0.0695707 0.741834 0.00857506 0.0271623 None
0 0.835896 0.775485 0.0074398 0.0312585 None
0 0.433884 0.913511 0.0240913 0.0378591 None
0 0.762485 0.783515 0.00873842 0.0423089 None
0 0.0220331 0.939523 0.0440663 0.0264401 None
0 0.522161 0.810667 0.0104021 0.0401506 None
0 0.754717 0.781675 0.00803308 0.049204 None
0 0.278537 0.729538 0.00711555 0.017588 None
0 0.447358 0.781276 0.00633516 0.0195424 None
0 0.47278 0.779681 0.00904598 0.024607 None
0 0.954935 0.738176 0.00973072 0.0325818 None
0 0.931327 0.753758 0.0101704 0.041871 None
0 0.894448 0.976194 0.0653652 0.0454176 None
0 0.010068 0.751979 0.00815491 0.0174067 None
0 0.355102 0.988941 0.0145706 0.022118 None
0 0.995979 0.809856 0.00761757 0.0241876 None
0 0.883575 0.982919 0.0437252 0.0327003 None
0 0.790524 0.697511 0.00685453 0.0184649 None
0 0.9878 0.676655 0.00618401 0.0206567 None
0 0.540659 0.851373 0.00741491 0.0238563 None
0 0.906318 0.972954 0.0440287 0.0397473 None
0 0.198707 0.91647 0.0459369 0.031181 None
0 0.330842 0.754049 0.0087347 0.0163645 None
0 0.67731 0.815729 0.0187107 0.0182105 None
0 0.918851 0.97325 0.0216236 0.0404897 None
0 0.00717902 0.976059 0.014275 0.0247613 None
0 0.125937 0.985951 0.0274572 0.0205068 None
0 0.973375 0.762446 0.0158937 0.0278203 None
0 0.935164 0.727709 0.00700455 0.0279036 None
0 0.194477 0.733814 0.00911796 0.0107708 None
0 0.101567 0.994308 0.0590037 0.00781453 None
0 0.105303 0.993082 0.0664583 0.0101491 None
0 0.477036 0.824852 0.00786295 0.0349364 None
0 0.76911 0.697593 0.00911846 0.01656 None
0 0.853567 0.831365 0.0212818 0.0364656 None
0 0.00350762 0.976281 0.0069604 0.0237018 None
0 0.769806 0.700387 0.0111291 0.0221022 None
0 0.577285 0.875517 0.0323933 0.0135935 None
0 0.533422 0.739973 0.0160713 0.00853407 None
0 0.119594 0.98471 0.0369038 0.022683 None
0 0.443795 0.786134 0.0147024 0.0103534 None
0 0.945525 0.761798 0.0244078 0.0152635 None
0 0.577004 0.875312 0.032354 0.0133162 None
0 0.109506 0.980771 0.0186649 0.0227576 None
0 0.715787 0.831201 0.0201427 0.030737 None
0 0.97383 0.754757 0.00599556 0.0130832 None
0 0.0639854 0.751759 0.0240506 0.00742289 None
0 0.973135 0.67297 0.00673847 0.0203046 None
0 0.853084 0.846271 0.0262672 0.0135637 None
0 0.105963 0.985905 0.0671889 0.0234155 None
0 0.852424 0.840049 0.023381 0.0214322 None
0 0.773847 0.812994 0.0068449 0.0148027 None
0 0.858164 0.847301 0.0373764 0.012758 None
0 0.474988 0.83364 0.0111698 0.0615044 None
0 0.528065 0.739691 0.00561247 0.00841234 None
0 0.0697389 0.753367 0.0106024 0.00789524 None
0 0.700818 0.793781 0.0141453 0.0492059 None
0 0.322484 0.713837 0.00552149 0.0187151 None
0 0.391383 0.832002 0.0174665 0.0845123 None
0 0.782613 0.719716 0.0502939 0.014681 None
0 0.476107 0.823986 0.00942793 0.041547 None
0 0.144673 0.738903 0.0128369 0.00930549 None
0 0.944861 0.86685 0.0289261 0.0154616 None
0 0.00898539 0.753642 0.0111506 0.0170648 None
0 0.97473 0.769968 0.0182302 0.0134554 None
0 0.766914 0.813012 0.00780869 0.0153683 None
0 0.979743 0.659338 0.00799179 0.0159624 None
0 0.937056 0.867252 0.0133427 0.014861 None
0 0.883702 0.683954 0.00607071 0.00997323 None
0 0.00855961 0.756645 0.0136135 0.0129215 None
0 0.774753 0.81284 0.0166838 0.0165782 None
0 0.0626362 0.753569 0.0223117 0.00759871 None
0 0.109629 0.973252 0.0192235 0.0386122 None
0 0.865161 0.845163 0.0259186 0.0162981 None
0 0.778549 0.814831 0.00944901 0.0126217 None
0 0.517907 0.806686 0.00587692 0.0247591 None
0 0.54083 0.855109 0.00835571 0.0327169 None
0 0.761168 0.783176 0.012653 0.0471558 None
0 0.524833 0.811117 0.00800962 0.0370785 None
0 0.00949237 0.76134 0.0174882 0.0114417 None
0 0.862207 0.832434 0.0283434 0.0381992 None
0 0.854361 0.845484 0.0503914 0.0181451 None
0 0.593646 0.9136 0.062336 0.0119944 None
0 0.538543 0.792907 0.0558433 0.0163835 None
0 0.901416 0.755747 0.0151257 0.0468462 None
0 0.838887 0.834999 0.0341698 0.0339942 None
0 0.79585 0.817156 0.0377875 0.0115126 None
0 0.859689 0.79467 0.00827999 0.0141144 None
0 0.791009 0.820051 0.0264683 0.0073076 None
0 0.871805 0.845393 0.0131523 0.0151947 None
0 0.940278 0.764243 0.0349846 0.0207699 None
0 0.759945 0.823229 0.00964565 0.00793966 None
