0 0.600188 0.810481 0.0110662 0.0464942 66549
0 0.452454 0.834582 0.0126287 0.0662364 66550
0 0.830779 0.83468 0.0174294 0.0334844 66551
0 0.953742 0.849768 0.0218235 0.0426361 66552
0 0.532648 0.819669 0.0141188 0.0517629 66553
0 0.746668 0.782416 0.00758553 0.0453761 66554
0 0.842629 0.766333 0.00851097 0.0444482 66555
0 0.797087 0.775501 0.00738869 0.0474409 66556
0 0.47579 0.854186 0.0161407 0.029954 66557
0 0.692243 0.795254 0.00912228 0.048753 66558
0 0.730545 0.78443 0.0101052 0.050961 66559
0 0.721666 0.788553 0.00829163 0.0435391 66560
0 0.939548 0.728517 0.00718079 0.021029 66561
0 0.69974 0.791463 0.00987015 0.0489922 66562
0 0.717947 0.830865 0.0124508 0.0303257 66563
0 0.198217 0.915991 0.0453936 0.0311456 66564
0 0.00729536 0.747548 0.00957055 0.0159488 66565
0 0.856877 0.829034 0.0135157 0.0338052 66566
0 0.269622 0.734246 0.00748482 0.0181871 66567
0 0.971346 0.762503 0.0124977 0.0260718 66568
0 0.973974 0.762771 0.0179396 0.0267336 66569
0 0.354463 0.989185 0.0149767 0.0216132 66570
0 0.433727 0.914594 0.0243882 0.0371731 66571
0 0.114791 0.982528 0.0320381 0.0267985 66572
0 0.883594 0.981796 0.0443007 0.0351659 66573
0 0.312655 0.70804 0.00721102 0.0151499 66574
0 0.287424 0.72533 0.00561047 0.0158329 66575
0 0.022194 0.938538 0.0443654 0.0292043 66576
0 0.921535 0.97263 0.0277803 0.0416979 66577
0 0.402368 0.763768 0.00653524 0.016782 66578
0 0.712152 0.831575 0.0252653 0.0311562 66579
0 0.739211 0.780483 0.00411892 0.0288274 66580
0 0.703717 0.791296 0.00644836 0.0450577 66581
0 0.905181 0.972552 0.0373611 0.0416989 66582
0 0.109728 0.981257 0.0217843 0.0246674 66583
0 0.391974 0.774129 0.00713148 0.0131419 66584
0 0.00589508 0.979007 0.0117158 0.0184036 66585
0 0.676519 0.815208 0.0166042 0.018885 66586
0 0.437338 0.914031 0.0175359 0.036694 66587
0 0.286182 0.725454 0.00735416 0.0164864 66588
0 0.853248 0.830643 0.0214367 0.0375054 66589
0 0.440445 0.917269 0.0109199 0.0285889 66590
0 0.915778 0.972646 0.0149673 0.0397315 66591
0 0.977898 0.671457 0.0071743 0.0121621 66592
0 0.577022 0.875862 0.034079 0.013896 66593
0 0.393048 0.774732 0.00510263 0.012597 66594
0 0.912537 0.973211 0.0437679 0.0436662 66595
0 0.895974 0.976156 0.0682081 0.0458428 66596
0 0.104012 0.983398 0.0654052 0.0292918 66597
0 0.914643 0.971582 0.0107758 0.0409102 66598
0 0.0681591 0.747778 0.0122066 0.0117825 66599
0 0.0614983 0.734437 0.00543005 0.0149026 66600
0 0.0540553 0.739868 0.00839498 0.00857883 66601
0 0.102854 0.994229 0.0625543 0.00884976 66602
0 0.507269 0.731466 0.00720959 0.00999349 66603
0 0.14083 0.739047 0.00437822 0.00671065 66604
0 0.50646 0.732727 0.00815907 0.0118727 66605
0 0.0624909 0.740782 0.0238811 0.0227653 66606
0 0.268455 0.73546 0.00970249 0.0176817 66607
0 0.155119 0.733154 0.0146837 0.0126109 66608
0 0.87252 0.845645 0.0149065 0.0157793 66609
0 0.391092 0.832824 0.0185995 0.0875492 66610
0 0.834933 0.694966 0.00573597 0.014369 66611
0 0.00934339 0.978705 0.0185372 0.0205516 66612
0 0.742399 0.781865 0.0091938 0.0425471 66613
0 0.4031 0.764878 0.00856116 0.0190755 66614
0 0.958911 0.850005 0.0118517 0.0369656 66615
0 0.771383 0.812627 0.0111954 0.0147468 66616
0 0.394152 0.774272 0.0112041 0.0128384 66617
0 0.738873 0.782505 0.00530996 0.0432978 66618
0 0.434806 0.90827 0.0266096 0.0493702 66619
0 0.434652 0.763095 0.00507059 0.0101093 66620
0 0.947552 0.673599 0.00542088 0.0110383 66621
0 0.134341 0.738885 0.00847056 0.00791117 66622
0 0.391011 0.815519 0.0180422 0.0516571 66623
0 0.0957338 0.994192 0.0478113 0.00770738 66624
0 0.996057 0.812493 0.00742531 0.0214057 66625
0 0.429269 0.913769 0.0342767 0.0398522 66626
0 0.860393 0.795151 0.00736198 0.0128557 66627
0 0.769455 0.81234 0.0131604 0.0154822 66628
0 0.866327 0.845746 0.0278582 0.0160122 66629
0 0.0629461 0.735251 0.00703232 0.0170758 66630
0 0.977769 0.677405 0.0073864 0.0237239 66631
0 0.392095 0.776605 0.00719347 0.0174306 66632
0 0.853011 0.847071 0.0263626 0.0125719 66633
0 0.283481 0.726629 0.0131807 0.0187425 66634
0 0.856869 0.79561 0.0179867 0.0127842 66635
0 0.532183 0.809235 0.0132612 0.0326538 66636
0 0.439147 0.908667 0.0194471 0.0469533 66637
0 0.895137 0.97664 0.0227741 0.030739 66638
0 0.864636 0.832964 0.031617 0.0405202 66639
0 0.125631 0.985382 0.029235 0.0225579 66640
0 0.121728 0.986436 0.0192748 0.0221631 66641
0 0.952042 0.862967 0.0189873 0.0181932 66642
0 0.576102 0.881306 0.0324923 0.00711585 66643
0 0.818512 0.814185 0.0111839 0.0126768 66644
