0 0.453561 0.833278 0.0116931 0.0674601 13950
0 0.47877 0.832419 0.0152831 0.0646983 13951
0 0.432889 0.89514 0.0169659 0.0780828 13952
0 0.830136 0.83474 0.0175468 0.0333805 13953
0 0.718648 0.829847 0.0148561 0.0326168 13954
0 0.105984 0.893894 0.0161005 0.0622457 13955
0 0.514111 0.810008 0.0113142 0.0436715 13956
0 0.842581 0.765541 0.0088932 0.0468343 13957
0 0.903918 0.754614 0.00997276 0.0458954 13958
0 0.941223 0.750564 0.00929413 0.0454926 13959
0 0.697018 0.794691 0.00992699 0.0452389 13960
0 0.493248 0.784367 0.00764456 0.032832 13961
0 0.759476 0.781177 0.00917654 0.0488817 13962
0 0.953422 0.848765 0.0218752 0.0394791 13963
0 0.79705 0.776408 0.00794926 0.046022 13964
0 0.746667 0.783534 0.00896425 0.0463732 13965
0 0.788652 0.78176 0.00906439 0.0364783 13966
0 0.855825 0.830999 0.0166447 0.0343567 13967
0 0.926576 0.741115 0.0072401 0.0291592 13968
0 0.878542 0.756373 0.00943623 0.0357853 13969
0 0.355057 0.989425 0.0143692 0.0211504 13970
0 0.905334 0.972431 0.041609 0.0417174 13971
0 0.852232 0.832452 0.0245455 0.037724 13972
0 0.893958 0.974872 0.0638371 0.0462465 13973
0 0.053125 0.751985 0.00452523 0.00765805 13974
0 0.577721 0.875412 0.0327713 0.0155236 13975
0 0.197928 0.915046 0.0457655 0.0328715 13976
0 0.675908 0.815502 0.0156893 0.0191596 13977
0 0.973957 0.762715 0.0181705 0.0280114 13978
0 0.993551 0.738201 0.00728645 0.0358777 13979
0 0.00495244 0.749595 0.00925531 0.0189155 13980
0 0.00644427 0.749349 0.00663613 0.0181054 13981
0 0.46713 0.772869 0.00753746 0.023681 13982
0 0.532219 0.741126 0.0146113 0.0086753 13983
0 0.11475 0.981855 0.0299567 0.0235087 13984
0 0.996114 0.811026 0.00735569 0.0213362 13985
0 0.52722 0.741165 0.00497856 0.00972731 13986
0 0.00601996 0.981813 0.0119522 0.0130997 13987
0 0.951538 0.852391 0.0191051 0.0354955 13988
0 0.790946 0.697332 0.00785637 0.0175764 13989
0 0.694694 0.794962 0.0119745 0.0456728 13990
0 0.110953 0.981105 0.0222999 0.0218604 13991
0 0.88579 0.97895 0.0484106 0.0392092 13992
0 0.022104 0.938955 0.044208 0.0307644 13993
0 0.0715316 0.746926 0.0118845 0.0230832 13994
0 0.972998 0.761954 0.00805626 0.0268875 13995
0 0.772059 0.813128 0.0175459 0.0155436 13996
0 0.884216 0.684594 0.00693626 0.0123305 13997
0 0.46721 0.775103 0.00931683 0.0265866 13998
0 0.285153 0.737171 0.00970306 0.0144725 13999
0 0.339756 0.75327 0.00787344 0.015627 14000
0 0.103976 0.98408 0.0530331 0.0269082 14001
0 0.92194 0.97325 0.0266491 0.0422482 14002
0 0.540751 0.849112 0.00783072 0.027437 14003
0 0.691521 0.786135 0.00665302 0.020529 14004
0 0.472084 0.775893 0.00720692 0.0168281 14005
0 0.936912 0.867029 0.0130455 0.0161479 14006
0 0.91735 0.97096 0.0156321 0.0396801 14007
0 0.316418 0.747728 0.0084342 0.009159 14008
0 0.948608 0.850838 0.0271816 0.0448569 14009
0 0.853048 0.772164 0.00489769 0.028167 14010
0 0.982279 0.652945 0.00736866 0.020318 14011
0 0.0725523 0.750704 0.00983248 0.0231108 14012
0 0.872499 0.845993 0.0147396 0.0156318 14013
0 0.934229 0.727574 0.00510445 0.023396 14014
0 0.698753 0.793649 0.0101654 0.0450616 14015
0 0.102167 0.993331 0.0599219 0.0100737 14016
0 0.77895 0.815257 0.00906248 0.0123659 14017
0 0.791268 0.779509 0.0115623 0.0433692 14018
0 0.347119 0.730465 0.00348463 0.00685171 14019
0 0.00614277 0.757529 0.0120651 0.0109168 14020
0 0.00418544 0.756715 0.00829525 0.0117274 14021
0 0.109521 0.972348 0.0200346 0.042011 14022
0 0.948782 0.864584 0.0361561 0.0203142 14023
0 0.679481 0.814692 0.0230131 0.0206875 14024
0 0.00689384 0.978941 0.0136576 0.0186957 14025
0 0.00896195 0.981564 0.0177699 0.0146115 14026
0 0.690957 0.788411 0.00641041 0.0155975 14027
0 0.75765 0.782039 0.0129638 0.0496392 14028
0 0.0981389 0.993653 0.0508746 0.00819431 14029
0 0.947977 0.866457 0.0359417 0.0168089 14030
0 0.863335 0.833238 0.0324165 0.0395009 14031
0 0.58698 0.907268 0.0411451 0.0231812 14032
0 0.58709 0.908943 0.0408813 0.0199961 14033
0 0.798719 0.776345 0.011307 0.0463091 14034
0 0.76656 0.696919 0.00672083 0.0170074 14035
0 0.0538237 0.751486 0.00643499 0.0107298 14036
0 0.120278 0.985266 0.0203484 0.0237745 14037
0 0.752779 0.782073 0.0201317 0.048604 14038
0 0.903186 0.674135 0.00683823 0.0092592 14039
0 0.844473 0.832342 0.0402164 0.0394462 14040
0 0.980874 0.65064 0.00933914 0.0208488 14041
0 0.11801 0.983891 0.0358521 0.023781 14042
0 0.980807 0.654015 0.0115166 0.027661 14043
0 0.391495 0.801046 0.0105145 0.0239244 14044
0 0.323867 0.712298 0.00729322 0.01918 14045
0 0.994817 0.810736 0.00991726 0.0231639 14046
0 0.93942 0.749854 0.0127338 0.0476183 14047
0 0.340401 0.754488 0.0135656 0.0155226 14048
0 0.312275 0.716773 0.022888 0.00928684 14049
0 0.934021 0.733706 0.00459938 0.0126753 14050
0 0.790563 0.821216 0.023811 0.00655178 14051
0 0.773137 0.814586 0.0216459 0.0189924 14052
0 0.861377 0.795629 0.00773926 0.0118598 14053
0 0.565657 0.837956 0.00736179 0.0109928 14054
0 0.587402 0.834502 0.013897 0.0134569 14055
