0 0.453112 0.833529 0.0128526 0.0681909 None
0 0.843724 0.765026 0.00713043 0.0486766 None
0 0.807318 0.772469 0.0112053 0.0503164 None
0 0.824744 0.768168 0.00891895 0.0533893 None
0 0.830643 0.835 0.0177006 0.0330215 None
0 0.953485 0.849881 0.0221676 0.0420924 None
0 0.736634 0.785852 0.00870981 0.0466137 None
0 0.755122 0.781743 0.00818262 0.0485033 None
0 0.796473 0.775464 0.00881996 0.0497206 None
0 0.777546 0.779446 0.0102093 0.0449085 None
0 0.697567 0.796278 0.0108499 0.0442657 None
0 0.703466 0.793927 0.00753136 0.04257 None
0 0.717552 0.830292 0.0129602 0.0312532 None
0 0.563487 0.813402 0.0121983 0.0460965 None
0 0.894355 0.975511 0.0674362 0.0472648 None
0 0.940474 0.728529 0.00698681 0.0207196 None
0 0.797012 0.698027 0.00504627 0.0143231 None
0 0.11512 0.981031 0.0308208 0.0225762 None
0 0.856345 0.830661 0.0146378 0.0345893 None
0 0.0221762 0.938592 0.0443523 0.0280752 None
0 0.906344 0.972388 0.0447895 0.0412067 None
0 0.00435239 0.750973 0.00821408 0.0167418 None
0 0.480581 0.85363 0.0153617 0.030534 None
0 0.852781 0.831201 0.0225689 0.0350705 None
0 0.474224 0.854116 0.0279588 0.0313236 None
0 0.971726 0.763906 0.0133928 0.0246541 None
0 0.276303 0.729004 0.00510731 0.0149302 None
0 0.0650439 0.735341 0.00587621 0.0190759 None
0 0.354467 0.989293 0.0154868 0.0214131 None
0 0.434072 0.914378 0.0236399 0.0373678 None
0 0.974317 0.764098 0.0191551 0.0250885 None
0 0.678206 0.815588 0.0202415 0.0182088 None
0 0.198327 0.916426 0.0438515 0.0310215 None
0 0.712893 0.830446 0.023267 0.0322961 None
0 0.420299 0.780817 0.0101851 0.0193915 None
0 0.135134 0.736656 0.00479698 0.00816718 None
0 0.317787 0.713832 0.00541716 0.0160879 None
0 0.410262 0.761475 0.00573463 0.00903676 None
0 0.421836 0.780251 0.00692844 0.0194302 None
0 0.525821 0.734992 0.0151196 0.0101746 None
0 0.576487 0.875797 0.0314549 0.0138794 None
0 0.369652 0.757362 0.0103704 0.0113634 None
0 0.00562549 0.97615 0.0111943 0.0245046 None
0 0.560649 0.81574 0.00725632 0.0385503 None
0 0.883447 0.985122 0.0456013 0.0279731 None
0 0.00251634 0.976325 0.00500227 0.0234802 None
0 0.0648338 0.742575 0.0076968 0.0337823 None
0 0.420504 0.780867 0.0159991 0.019439 None
0 0.440882 0.919182 0.0101583 0.0247069 None
0 0.429372 0.916335 0.0229886 0.0339274 None
0 0.119957 0.982942 0.0399922 0.0250431 None
0 0.885035 0.979072 0.0493408 0.0400818 None
0 0.0600736 0.739572 0.00640264 0.0121709 None
0 0.106204 0.983904 0.0568324 0.0273907 None
0 0.526105 0.734986 0.015908 0.0106956 None
0 0.779986 0.697924 0.00597391 0.0147198 None
0 0.996002 0.811234 0.00758591 0.0213348 None
0 0.0990511 0.994058 0.0535289 0.00862325 None
0 0.996183 0.815743 0.00721855 0.0122945 None
0 0.901392 0.681501 0.00414085 0.0137821 None
0 0.959283 0.673715 0.00600014 0.0228511 None
0 0.391633 0.833429 0.0171307 0.0856381 None
0 0.921962 0.972863 0.0269344 0.0422282 None
0 0.271835 0.731926 0.00560751 0.013894 None
0 0.0628315 0.735759 0.0108073 0.0208438 None
0 0.772973 0.813147 0.0200925 0.0154405 None
0 0.952483 0.661529 0.00395298 0.00954759 None
0 0.914342 0.973223 0.0418875 0.0438351 None
0 0.95913 0.850495 0.0112598 0.0383657 None
0 0.981124 0.653865 0.00579681 0.0227687 None
0 0.289968 0.727911 0.00882044 0.00789897 None
0 0.983652 0.67074 0.00817452 0.022205 None
0 0.062988 0.742977 0.0131127 0.0346965 None
0 0.102152 0.990161 0.0595787 0.0156871 None
0 0.54112 0.8494 0.00735092 0.0264269 None
0 0.975725 0.771555 0.0167814 0.0106245 None
0 0.977903 0.763882 0.0282032 0.0250387 None
0 0.421255 0.915188 0.0493255 0.0392002 None
0 0.275175 0.736753 0.00941358 0.0101922 None
0 0.980281 0.658816 0.00611229 0.0212333 None
0 0.711589 0.837059 0.0252295 0.0207676 None
0 0.287892 0.725004 0.00935688 0.0109422 None
0 0.984781 0.667694 0.00564556 0.0244352 None
0 0.884611 0.685826 0.00541019 0.0104414 None
0 0.852692 0.848515 0.0240341 0.0091824 None
0 0.974353 0.67382 0.00604 0.0148249 None
0 0.935752 0.86681 0.011058 0.0148165 None
0 0.00312451 0.972886 0.00620803 0.0304688 None
0 0.349695 0.989374 0.0259336 0.0211309 None
0 0.273771 0.73436 0.00989361 0.0144899 None
0 0.00457147 0.758604 0.00909087 0.00973884 None
0 0.980795 0.771541 0.0122429 0.0097424 None
0 0.858802 0.83689 0.0415045 0.034649 None
0 0.859991 0.795819 0.00642948 0.0105092 None
0 0.978347 0.670836 0.00661411 0.0209708 None
0 0.970218 0.764411 0.0196491 0.0239577 None
0 0.980768 0.66047 0.00699215 0.0340357 None
0 0.694861 0.79599 0.0104088 0.0436303 None
0 0.153442 0.983726 0.0177925 0.0124312 None
0 0.959192 0.665914 0.00575905 0.0142959 None
0 0.303418 0.718104 0.00588508 0.00659349 None
0 0.388581 0.800771 0.0114111 0.0220629 None
0 0.862307 0.832311 0.02743 0.0388655 None
0 0.185918 0.734655 0.0141362 0.010734 None
0 0.856518 0.825737 0.016193 0.0353734 None
0 0.683082 0.815611 0.0256794 0.018198 None
0 0.985988 0.770911 0.0275488 0.00904812 None
0 0.918684 0.971799 0.0192673 0.0405535 None
0 0.272173 0.732934 0.00822845 0.0148175 None
0 0.988213 0.681221 0.0094799 0.00593228 None
0 0.137355 0.737394 0.0195759 0.0102051 None
0 0.00901141 0.97658 0.0177682 0.0265038 None
