0 0.415291 0.839054 0.0134218 0.0623691 92263
0 0.597302 0.806982 0.0114118 0.0560437 92264
0 0.452446 0.834499 0.012159 0.065498 92265
0 0.843022 0.766155 0.00843639 0.0470964 92266
0 0.830817 0.835114 0.0178133 0.0325897 92267
0 0.796573 0.77516 0.00857983 0.0504645 92268
0 0.723406 0.786144 0.00831871 0.0500949 92269
0 0.556187 0.815888 0.0130217 0.0569467 92270
0 0.718109 0.830267 0.0140614 0.0313063 92271
0 0.656419 0.801072 0.00787106 0.0457367 92272
0 0.689074 0.795223 0.0104588 0.045803 92273
0 0.114616 0.982827 0.0331834 0.0278546 92274
0 0.936491 0.750318 0.00849209 0.0411251 92275
0 0.197916 0.916484 0.0456344 0.03023 92276
0 0.350884 0.90012 0.0145804 0.0792474 92277
0 0.711807 0.789392 0.0105858 0.0467916 92278
0 0.354777 0.900263 0.022152 0.0801883 92279
0 0.391227 0.832623 0.0179681 0.0853453 92280
0 0.0221312 0.938591 0.0442625 0.0305345 92281
0 0.971803 0.762917 0.0131062 0.0276421 92282
0 0.855496 0.831953 0.0154621 0.0309743 92283
0 0.95249 0.850252 0.0244045 0.0401833 92284
0 0.701481 0.793254 0.0100136 0.0443968 92285
0 0.852741 0.832439 0.0215816 0.0318368 92286
0 0.475508 0.857447 0.0189037 0.0232578 92287
0 0.699557 0.792825 0.00744743 0.0449999 92288
0 0.673522 0.799091 0.00780201 0.0217807 92289
0 0.974666 0.763067 0.0184437 0.0272475 92290
0 0.95736 0.848297 0.0148436 0.0357851 92291
0 0.893903 0.975836 0.0648861 0.0444467 92292
0 0.906549 0.973306 0.0399525 0.0394206 92293
0 0.484038 0.85755 0.0368238 0.0235857 92294
0 0.096175 0.994076 0.0481931 0.00826314 92295
0 0.917476 0.972896 0.0171009 0.0385203 92296
0 0.35535 0.989279 0.0134711 0.0214413 92297
0 0.883648 0.981442 0.0447884 0.03508 92298
0 0.0531399 0.742864 0.00444776 0.0137214 92299
0 0.349033 0.77294 0.00677452 0.0124997 92300
0 0.677321 0.815514 0.0193285 0.0191084 92301
0 0.00543642 0.976281 0.010813 0.0248728 92302
0 0.00250401 0.976415 0.00495417 0.0234833 92303
0 0.703903 0.790517 0.00952225 0.0461483 92304
0 0.921049 0.973136 0.025169 0.0388435 92305
0 0.00530788 0.757402 0.00978109 0.0112274 92306
0 0.715313 0.83065 0.0200834 0.0320696 92307
0 0.674813 0.806256 0.0122767 0.0365139 92308
0 0.996147 0.813567 0.00729866 0.0157728 92309
0 0.577175 0.875709 0.0340052 0.0137753 92310
0 0.540709 0.848631 0.0072998 0.0281318 92311
0 0.500275 0.718585 0.0109192 0.00987481 92312
0 0.0713167 0.751076 0.00598203 0.0113973 92313
0 0.852726 0.84787 0.023251 0.0100813 92314
0 0.853416 0.696283 0.00632687 0.0178407 92315
0 0.391333 0.813231 0.0176363 0.0471215 92316
0 0.772385 0.813529 0.0197769 0.0177624 92317
0 0.673146 0.800518 0.0101816 0.0261383 92318
0 0.985911 0.668702 0.00595131 0.0152429 92319
0 0.281879 0.735728 0.0129253 0.0169678 92320
0 0.451506 0.761644 0.00562649 0.013679 92321
0 0.0085879 0.97648 0.0170506 0.0266222 92322
0 0.85748 0.696068 0.0117367 0.0205366 92323
0 0.0586165 0.743559 0.0134791 0.0130988 92324
0 0.577463 0.878208 0.034155 0.0153971 92325
0 0.853189 0.845131 0.0246777 0.0155121 92326
0 0.948537 0.860083 0.014576 0.0199276 92327
0 0.100277 0.992446 0.0559212 0.0106844 92328
0 0.931412 0.728661 0.00679321 0.0192581 92329
0 0.895487 0.974042 0.0208298 0.0260013 92330
0 0.985145 0.667683 0.00464783 0.0155245 92331
0 0.33064 0.723823 0.0174352 0.0109224 92332
0 0.308643 0.767649 0.0189672 0.0108885 92333
0 0.329796 0.72186 0.0188139 0.0139998 92334
0 0.871408 0.845386 0.0124977 0.0157956 92335
0 0.945593 0.85224 0.0373053 0.0427355 92336
0 0.85977 0.835102 0.0359367 0.0370775 92337
0 0.120225 0.983451 0.0400358 0.0260074 92338
0 0.153462 0.983635 0.0177605 0.0123752 92339
0 0.86028 0.841934 0.0359119 0.0244076 92340
0 0.0554438 0.746152 0.0227276 0.0205917 92341
0 0.861997 0.834111 0.021928 0.0344679 92342
0 0.460172 0.762341 0.00587139 0.0120192 92343
0 0.989442 0.670865 0.0106491 0.011526 92344
0 0.87801 0.985147 0.0337402 0.0281809 92345
0 0.0064203 0.973459 0.0126796 0.0315301 92346
0 0.676995 0.807179 0.0175826 0.0321874 92347
0 0.00329574 0.973443 0.00652582 0.0298628 92348
0 0.960305 0.670806 0.00459213 0.00897369 92349
0 0.332356 0.725095 0.0141303 0.0087148 92350
0 0.495051 0.862894 0.0149962 0.0112288 92351
0 0.904155 0.683676 0.00666656 0.0109957 92352
0 0.840648 0.834549 0.037455 0.0343796 92353
0 0.942214 0.674597 0.00510101 0.0135208 92354
0 0.819261 0.814775 0.00989723 0.0096322 92355
0 0.908936 0.670801 0.00802956 0.0103102 92356
0 0.308732 0.767682 0.0180596 0.011587 92357
0 0.78756 0.817536 0.024679 0.0123642 92358
0 0.935356 0.865804 0.0154385 0.015626 92359
0 0.390214 0.801073 0.0126389 0.0232924 92360
0 0.362538 0.902015 0.00786505 0.0258882 92361
0 0.858634 0.795232 0.00905552 0.0122494 92362
