0 0.452788 0.834163 0.0127346 0.0670695 None
0 0.554721 0.816595 0.00988226 0.0461636 None
0 0.391077 0.831925 0.0186111 0.0847473 None
0 0.574222 0.809124 0.0104265 0.0563826 None
0 0.796582 0.77634 0.00877514 0.0507158 None
0 0.831175 0.835079 0.0169458 0.0325026 None
0 0.722065 0.78739 0.00963821 0.0494592 None
0 0.533961 0.817965 0.0126215 0.0552121 None
0 0.718061 0.829666 0.0136934 0.0324402 None
0 0.643287 0.803046 0.00922432 0.0480347 None
0 0.310837 0.898331 0.0125246 0.0731021 None
0 0.84315 0.764419 0.00826225 0.0401922 None
0 0.701216 0.795343 0.0108567 0.0494227 None
0 0.689229 0.795692 0.0109465 0.04656 None
0 0.660673 0.806529 0.00753212 0.0335954 None
0 0.734132 0.785783 0.00910873 0.047898 None
0 0.116558 0.982833 0.037005 0.0279368 None
0 0.956979 0.847701 0.0155029 0.0354194 None
0 0.928944 0.749976 0.00774307 0.0452579 None
0 0.198356 0.915986 0.0446692 0.0316162 None
0 0.945546 0.849857 0.0142471 0.0377808 None
0 0.475645 0.856437 0.0190638 0.0258996 None
0 0.894109 0.97595 0.0652905 0.0448018 None
0 0.985351 0.732895 0.00707054 0.0286114 None
0 0.852833 0.833749 0.0227177 0.0302317 None
0 0.484189 0.856566 0.0370353 0.0261074 None
0 0.0964419 0.994099 0.0480858 0.00832384 None
0 0.855214 0.832705 0.0167542 0.0296226 None
0 0.906419 0.973529 0.0402674 0.0399395 None
0 0.0221464 0.938745 0.0442927 0.0303196 None
0 0.107818 0.983048 0.0554056 0.0289018 None
0 0.917449 0.9729 0.0170921 0.0385111 None
0 0.355326 0.989273 0.0135486 0.0214533 None
0 0.00250801 0.976292 0.00497151 0.0240431 None
0 0.00505967 0.976287 0.0100715 0.0251104 None
0 0.857191 0.831031 0.0122967 0.0270526 None
0 0.861146 0.695528 0.0073082 0.0205022 None
0 0.971767 0.762557 0.0138264 0.0275967 None
0 0.0528591 0.732785 0.00484576 0.0132368 None
0 0.88383 0.981726 0.0451523 0.034648 None
0 0.674862 0.814974 0.0140097 0.0199822 None
0 0.848716 0.833498 0.0110014 0.0260615 None
0 0.950434 0.850288 0.0290716 0.0398878 None
0 0.940987 0.850692 0.0192657 0.0406484 None
0 0.996205 0.813605 0.00718403 0.0155494 None
0 0.0543307 0.736674 0.0151283 0.0197654 None
0 0.930493 0.749302 0.0107641 0.047611 None
0 0.853422 0.849047 0.0243063 0.00771586 None
0 0.772778 0.813081 0.021542 0.0199975 None
0 0.920865 0.973147 0.0250862 0.0389316 None
0 0.960025 0.671573 0.00440769 0.0136478 None
0 0.0569241 0.736367 0.0102103 0.014977 None
0 0.577105 0.875587 0.0340452 0.013865 None
0 0.715108 0.830041 0.0203507 0.0331651 None
0 0.940805 0.672536 0.00812016 0.0220122 None
0 0.936511 0.866677 0.0160351 0.0144784 None
0 0.91268 0.974696 0.0260147 0.0429689 None
0 0.460556 0.751308 0.00573826 0.010601 None
0 0.724518 0.786603 0.0125063 0.0494344 None
0 0.769719 0.812369 0.0154381 0.0196359 None
0 0.731219 0.786762 0.00983677 0.0492591 None
0 0.932185 0.747508 0.0144413 0.0492661 None
0 0.391155 0.850987 0.0104929 0.0458411 None
0 0.360052 0.896873 0.0138138 0.0313392 None
0 0.577586 0.879322 0.0343526 0.0142295 None
0 0.840254 0.835427 0.0351566 0.0331835 None
0 0.100776 0.992382 0.0565314 0.0107537 None
0 0.819073 0.814398 0.00965157 0.0100798 None
0 0.929738 0.723278 0.0068512 0.0158239 None
0 0.15344 0.983649 0.017731 0.0123549 None
0 0.531723 0.815956 0.00903435 0.0519294 None
0 0.894975 0.974475 0.0221573 0.025599 None
0 0.267062 0.729602 0.00721312 0.0103221 None
0 0.00289682 0.972923 0.00574323 0.0309703 None
0 0.507211 0.72217 0.0145985 0.0137132 None
0 0.778249 0.813525 0.032411 0.021384 None
0 0.863355 0.835126 0.028079 0.035046 None
0 0.940416 0.676696 0.00644569 0.014693 None
0 0.941454 0.668284 0.00823765 0.0190001 None
0 0.901144 0.685085 0.00540619 0.012851 None
0 0.129174 0.739324 0.00621889 0.00769009 None
0 0.858223 0.835753 0.038715 0.0367516 None
0 0.0087982 0.976766 0.0173934 0.0270026 None
0 0.337069 0.724783 0.021829 0.0137755 None
0 0.00578703 0.973031 0.0114196 0.0323585 None
0 0.878203 0.985231 0.0341427 0.0281664 None
0 0.948939 0.853142 0.0395294 0.0434138 None
0 0.95253 0.660158 0.0042942 0.0105625 None
0 0.859473 0.795034 0.00674915 0.0128442 None
0 0.578056 0.886852 0.035124 0.00912713 None
0 0.844421 0.842313 0.0440031 0.0221342 None
0 0.87099 0.845173 0.0117073 0.0158866 None
0 0.103356 0.984133 0.0628284 0.0267663 None
0 0.143498 0.750402 0.0108685 0.0101958 None
