0 0.328178 0.900823 0.0131606 0.0804379 None
0 0.582678 0.810572 0.0125305 0.0615757 None
0 0.452938 0.834411 0.0124079 0.0669188 None
0 0.649191 0.802516 0.0105261 0.0487532 None
0 0.831155 0.835046 0.0169754 0.032595 None
0 0.796564 0.775442 0.00887127 0.0506468 None
0 0.391073 0.819768 0.0174209 0.0599199 None
0 0.398193 0.844153 0.0135532 0.0585185 None
0 0.84313 0.762223 0.00792542 0.0364761 None
0 0.555078 0.81881 0.00888271 0.0500916 None
0 0.689372 0.795606 0.0109468 0.0468011 None
0 0.718072 0.830024 0.0138062 0.0317868 None
0 0.542431 0.81738 0.0106479 0.0573558 None
0 0.667059 0.806321 0.0100428 0.0350182 None
0 0.7169 0.786452 0.0093297 0.0435354 None
0 0.197689 0.916224 0.0458089 0.0306641 None
0 0.957279 0.848053 0.0148087 0.0364 None
0 0.701083 0.795485 0.0105845 0.050237 None
0 0.116473 0.982891 0.0366807 0.0276574 None
0 0.729488 0.785539 0.00931854 0.0497216 None
0 0.930381 0.746848 0.00922775 0.0531365 None
0 0.0221828 0.938715 0.0443656 0.030023 None
0 0.971639 0.763041 0.0135052 0.0262773 None
0 0.942157 0.849988 0.0132114 0.0369697 None
0 0.991194 0.732524 0.00670013 0.0278641 None
0 0.894 0.975816 0.0650045 0.044556 None
0 0.47572 0.857466 0.0191673 0.0235514 None
0 0.944674 0.85062 0.018351 0.0382222 None
0 0.974333 0.763251 0.0190037 0.0267236 None
0 0.906429 0.97341 0.0399639 0.0397481 None
0 0.0980252 0.993908 0.051469 0.00843455 None
0 0.484321 0.85749 0.0370535 0.0239536 None
0 0.854789 0.832468 0.0174141 0.0293716 None
0 0.917463 0.972886 0.017038 0.0384839 None
0 0.00505673 0.976348 0.0100567 0.0253635 None
0 0.677233 0.815193 0.0188435 0.0192827 None
0 0.852045 0.833978 0.0201523 0.0293133 None
0 0.355351 0.989285 0.0134734 0.021429 None
0 0.859877 0.697046 0.00703983 0.0223231 None
0 0.00353054 0.976472 0.00700861 0.0245151 None
0 0.857094 0.831003 0.0124325 0.0269653 None
0 0.883853 0.980484 0.0450745 0.0366733 None
0 0.107745 0.983137 0.0548862 0.028766 None
0 0.849168 0.83333 0.0107353 0.0259779 None
0 0.996186 0.81355 0.00722008 0.0157057 None
0 0.715204 0.830447 0.0200838 0.0324266 None
0 0.920649 0.973072 0.0244284 0.0387292 None
0 0.853327 0.848828 0.0244522 0.00809987 None
0 0.0531219 0.739348 0.00937305 0.0140249 None
0 0.57706 0.875645 0.0340597 0.0138311 None
0 0.0565467 0.739882 0.00999928 0.0131999 None
0 0.772994 0.813538 0.0213182 0.019528 None
0 0.347392 0.772418 0.00344677 0.00901269 None
0 0.546058 0.817611 0.00643139 0.0523502 None
0 0.284024 0.738764 0.00793056 0.0133564 None
0 0.81912 0.814394 0.00968704 0.0101903 None
0 0.769745 0.812671 0.0157574 0.0190187 None
0 0.93996 0.852043 0.0169195 0.0409329 None
0 0.360147 0.894744 0.0136199 0.0340171 None
0 0.577629 0.880142 0.0342977 0.0124203 None
0 0.940566 0.679022 0.00465736 0.0101422 None
0 0.277628 0.734902 0.0214105 0.0193675 None
0 0.0995824 0.992445 0.054143 0.0105377 None
0 0.862144 0.697104 0.00811844 0.0199343 None
0 0.930655 0.733584 0.00994301 0.0381005 None
0 0.887643 0.974877 0.0370083 0.0271979 None
0 0.507474 0.72031 0.00663414 0.0109492 None
0 0.00879746 0.976564 0.0174328 0.0271311 None
0 0.83963 0.835362 0.0339417 0.0332243 None
0 0.153451 0.983633 0.0177039 0.0123511 None
0 0.861189 0.697499 0.0101826 0.0239866 None
0 0.18504 0.656551 0.0351677 0.0888424 None
0 0.504972 0.720326 0.0120323 0.0120483 None
0 0.863249 0.835049 0.0281734 0.0349959 None
0 0.0057998 0.973561 0.0114496 0.0316571 None
0 0.0548393 0.739368 0.0132457 0.0146057 None
0 0.67421 0.806478 0.0238907 0.0356886 None
0 0.334058 0.726032 0.022453 0.0098877 None
0 0.881939 0.985248 0.0420677 0.0285419 None
0 0.779592 0.813793 0.0356034 0.0207513 None
0 0.858543 0.835986 0.0388853 0.0365929 None
0 0.57809 0.886849 0.0350956 0.00892164 None
0 0.454728 0.759985 0.00934286 0.0133937 None
0 0.991376 0.749078 0.0154562 0.00733507 None
0 0.85897 0.794529 0.00793648 0.0138104 None
0 0.944622 0.852961 0.0281719 0.0426131 None
0 0.844431 0.843528 0.0438076 0.0196601 None
0 0.585388 0.81066 0.00924301 0.0546082 None
0 0.303006 0.765597 0.0240499 0.0154992 None
0 0.940603 0.673498 0.00621033 0.0116764 None
0 0.495537 0.863033 0.0149324 0.0110765 None
0 0.89574 0.973486 0.0192818 0.0227529 None
0 0.0514748 0.748634 0.029933 0.0189341 None
0 0.939725 0.852342 0.0245937 0.0410248 None
0 0.103223 0.98424 0.0625479 0.0262136 None
0 0.0540723 0.745408 0.0362581 0.0246802 None
0 0.870918 0.845158 0.011488 0.0158624 None
0 0.931322 0.725154 0.00871983 0.0209563 None
