0 0.451943 0.833944 0.0121129 0.0666083 79894
0 0.717969 0.830232 0.0136902 0.0315589 79895
0 0.624601 0.805034 0.0131172 0.0567476 79896
0 0.55458 0.818775 0.0113773 0.0493652 79897
0 0.842165 0.766866 0.00834827 0.0458325 79898
0 0.664441 0.795421 0.0123133 0.0555761 79899
0 0.479496 0.82343 0.0147732 0.0507316 79900
0 0.438547 0.891959 0.0210676 0.0816428 79901
0 0.953541 0.850041 0.022142 0.0393538 79902
0 0.114236 0.983205 0.0334472 0.027597 79903
0 0.737017 0.784599 0.010498 0.0478544 79904
0 0.831274 0.835204 0.0188152 0.0330075 79905
0 0.702635 0.792395 0.01122 0.0460541 79906
0 0.796437 0.775453 0.008675 0.0486455 79907
0 0.065375 0.738364 0.0067682 0.019832 79908
0 0.967293 0.740224 0.00909767 0.0372576 79909
0 0.0184931 0.750232 0.0123596 0.0197605 79910
0 0.856694 0.830107 0.0137905 0.0336872 79911
0 0.694497 0.800227 0.011261 0.0355791 79912
0 0.934084 0.727315 0.00760803 0.0221005 79913
0 0.475862 0.856785 0.0181469 0.0247084 79914
0 0.0220817 0.939032 0.0441634 0.0310254 79915
0 0.674788 0.815291 0.0176302 0.0182185 79916
0 0.974483 0.761988 0.0158184 0.0272108 79917
0 0.35501 0.989131 0.0148903 0.0217387 79918
0 0.906954 0.972852 0.0425083 0.041606 79919
0 0.883539 0.979735 0.045137 0.0390781 79920
0 0.484438 0.856882 0.0354762 0.025955 79921
0 0.852886 0.830612 0.0216728 0.0357812 79922
0 0.318645 0.71006 0.00506048 0.0160009 79923
0 0.921351 0.972833 0.025848 0.0414422 79924
0 0.691324 0.791536 0.00754623 0.0386308 79925
0 0.692248 0.793749 0.00945816 0.0449894 79926
0 0.165316 0.728332 0.00672977 0.00833384 79927
0 0.00593631 0.978323 0.0117931 0.0206767 79928
0 0.368721 0.772202 0.00563722 0.0130568 79929
0 0.853143 0.848059 0.0248566 0.00948215 79930
0 0.995892 0.813501 0.00780563 0.0160163 79931
0 0.0210257 0.760594 0.0214398 0.00784675 79932
0 0.488096 0.727702 0.0118445 0.012812 79933
0 0.89352 0.97502 0.0646568 0.0460063 79934
0 0.91801 0.972287 0.0180033 0.0404071 79935
0 0.772849 0.813574 0.0221457 0.0175952 79936
0 0.43067 0.764729 0.0203528 0.0134933 79937
0 0.825738 0.695932 0.00589676 0.0177897 79938
0 0.290666 0.724125 0.00599241 0.0128737 79939
0 0.100408 0.994041 0.0575125 0.00868056 79940
0 0.834838 0.83579 0.0147182 0.0323215 79941
0 0.950978 0.852862 0.0172768 0.0334995 79942
0 0.578806 0.814952 0.0383492 0.010897 79943
0 0.0674495 0.751324 0.0112499 0.00892622 79944
0 0.577835 0.875233 0.0334165 0.0141412 79945
0 0.691407 0.784849 0.00756855 0.0295875 79946
0 0.891715 0.685814 0.00495129 0.0196857 79947
0 0.853145 0.843696 0.0234093 0.0113553 79948
0 0.769263 0.813157 0.0147388 0.0170442 79949
0 0.826561 0.835412 0.0104839 0.0309326 79950
0 0.578044 0.875376 0.0337793 0.0149863 79951
0 0.849047 0.696579 0.0051527 0.0171371 79952
0 0.996266 0.672354 0.00514908 0.0115609 79953
0 0.778998 0.816708 0.00983238 0.0124264 79954
0 0.974308 0.76472 0.0187037 0.0241279 79955
0 0.628758 0.793553 0.00685234 0.0306542 79956
0 0.319585 0.709767 0.00746193 0.0158237 79957
0 0.101569 0.983374 0.0573368 0.0271579 79958
0 0.08198 0.749137 0.0057876 0.0114749 79959
0 0.932343 0.727338 0.0117615 0.0216298 79960
0 0.585359 0.914038 0.04741 0.0116879 79961
0 0.691314 0.797434 0.0120707 0.0464488 79962
0 0.77577 0.814719 0.0175666 0.0175883 79963
0 0.703814 0.787915 0.0123316 0.0389889 79964
0 0.391281 0.812612 0.0184452 0.0468041 79965
0 0.983052 0.660885 0.00426331 0.0163647 79966
0 0.478053 0.848818 0.0151447 0.0229329 79967
0 0.162581 0.728762 0.0127147 0.00961406 79968
0 0.697993 0.793537 0.0198437 0.0505076 79969
0 0.00914247 0.978608 0.0181505 0.0231442 79970
0 0.941037 0.675234 0.00548096 0.0237654 79971
0 0.39137 0.832352 0.0184752 0.0865394 79972
0 0.707526 0.785471 0.00459871 0.0138068 79973
0 0.679223 0.813622 0.0275291 0.0205663 79974
0 0.769143 0.813794 0.0250215 0.0185418 79975
0 0.706066 0.842763 0.0120467 0.0091668 79976
0 0.947283 0.866873 0.0335205 0.015868 79977
0 0.859029 0.847047 0.0369408 0.0131527 79978
0 0.872635 0.845791 0.0147446 0.0146929 79979
0 0.49425 0.863691 0.0162399 0.00987108 79980
0 0.955219 0.682597 0.00694714 0.0201506 79981
0 0.799108 0.775495 0.0139593 0.04933 79982
0 0.59345 0.913608 0.0628441 0.0125593 79983
0 0.953206 0.866769 0.0298317 0.0161631 79984
0 0.843176 0.836295 0.0442482 0.0330065 79985
0 0.894869 0.97159 0.0197826 0.0315832 79986
0 0.31833 0.710317 0.0069674 0.0174954 79987
0 0.95602 0.869455 0.02869 0.0105577 79988
0 0.54061 0.848452 0.00811214 0.02838 79989
0 0.972386 0.670367 0.00702438 0.0159147 79990
0 0.882621 0.986331 0.0435215 0.0264028 79991
0 0.953157 0.859928 0.0204262 0.0204905 79992
0 0.850309 0.696602 0.00748711 0.0184942 79993
0 0.797014 0.817664 0.036953 0.00996145 79994
0 0.136003 0.737953 0.00948355 0.00752224 79995
0 0.114486 0.974966 0.0342649 0.043924 79996
0 0.996038 0.67099 0.00629463 0.0141162 79997
0 0.897344 0.975587 0.0244158 0.0330299 79998
0 0.782236 0.814127 0.0141971 0.0154889 79999
0 0.924916 0.729554 0.026861 0.0127201 80000
0 0.139037 0.73818 0.0223432 0.00902913 80001
0 0.995749 0.802183 0.00805092 0.0394182 80002
0 0.988664 0.752895 0.0192661 0.00781793 80003
0 0.603199 0.914028 0.0440498 0.0111355 80004
0 0.311936 0.721257 0.00494232 0.00924344 80005
0 0.540031 0.846751 0.00611687 0.0255558 80006
0 0.791306 0.821384 0.0287383 0.00604197 80007
0 0.936409 0.867166 0.0125092 0.0145837 80008
0 0.626607 0.791829 0.0112442 0.0326501 80009
0 0.95686 0.867204 0.026922 0.0103987 80010
