0 0.453235 0.833995 0.01232 0.0677541 3301
0 0.481451 0.830406 0.014691 0.0643372 3302
0 0.20135 0.874514 0.0110401 0.0542118 3303
0 0.6981 0.795082 0.00951414 0.0469152 3304
0 0.810988 0.774331 0.00903091 0.0442491 3305
0 0.953363 0.849015 0.022522 0.0424177 3306
0 0.424014 0.911183 0.0187452 0.0477037 3307
0 0.677455 0.7921 0.00893288 0.0357903 3308
0 0.981827 0.740396 0.010453 0.0483653 3309
0 0.776869 0.779095 0.0084568 0.0451742 3310
0 0.825437 0.770659 0.00968552 0.0398095 3311
0 0.514728 0.778828 0.00851679 0.0247342 3312
0 0.717224 0.830261 0.0145897 0.0314548 3313
0 0.788258 0.776846 0.00942116 0.0472144 3314
0 0.76541 0.696732 0.00741396 0.0174795 3315
0 0.830351 0.834504 0.0181362 0.0330007 3316
0 0.855444 0.831088 0.0164017 0.032569 3317
0 0.844067 0.760919 0.00998688 0.0381622 3318
0 0.115159 0.983469 0.0313009 0.0209586 3319
0 0.865348 0.760091 0.00760612 0.0396827 3320
0 0.354929 0.989206 0.0148883 0.0215881 3321
0 0.908858 0.743979 0.00867958 0.0269374 3322
0 0.493639 0.807293 0.0116665 0.0425937 3323
0 0.782779 0.696651 0.00623379 0.0171358 3324
0 0.969094 0.737502 0.00906906 0.0394257 3325
0 0.940156 0.746743 0.0109413 0.0449334 3326
0 0.883348 0.980694 0.0446621 0.0366706 3327
0 0.995628 0.813675 0.00832405 0.018241 3328
0 0.778517 0.778959 0.0119701 0.0461616 3329
0 0.90722 0.973411 0.0432838 0.0398329 3330
0 0.783078 0.77907 0.00731888 0.0442781 3331
0 0.852453 0.832462 0.0222839 0.0350143 3332
0 0.0089319 0.747696 0.00849073 0.0164948 3333
0 0.391462 0.81389 0.0164948 0.0465137 3334
0 0.199244 0.915797 0.0456484 0.0320241 3335
0 0.00599562 0.981869 0.0119304 0.0122986 3336
0 0.921369 0.97345 0.0259275 0.0407447 3337
0 0.714529 0.830807 0.0206065 0.0321289 3338
0 0.540586 0.849386 0.00705729 0.026123 3339
0 0.886836 0.766071 0.00672607 0.0285095 3340
0 0.895818 0.975888 0.0690475 0.0445601 3341
0 0.0977212 0.994198 0.0503267 0.00818007 3342
0 0.959537 0.74259 0.00629425 0.028785 3343
0 0.330273 0.714505 0.00589638 0.0143114 3344
0 0.917951 0.972802 0.0182339 0.0394494 3345
0 0.0220858 0.938801 0.0441717 0.0304528 3346
0 0.365047 0.731845 0.00714731 0.0128482 3347
0 0.57775 0.875728 0.0326266 0.0146769 3348
0 0.103515 0.992738 0.0617562 0.0103836 3349
0 0.424078 0.92024 0.018079 0.0305862 3350
0 0.948277 0.850394 0.0321159 0.0459717 3351
0 0.296499 0.754248 0.00938039 0.0227425 3352
0 0.106558 0.98522 0.0577128 0.0242544 3353
0 0.880554 0.984856 0.0390179 0.0287484 3354
0 0.296762 0.736106 0.0105994 0.0118673 3355
0 0.888592 0.766437 0.0102377 0.0287944 3356
0 0.676089 0.815399 0.0161163 0.0196396 3357
0 0.119951 0.984813 0.0393621 0.0214437 3358
0 0.836534 0.835004 0.0272682 0.0344289 3359
0 0.675837 0.79983 0.0133179 0.0510317 3360
0 0.0587612 0.750978 0.00471671 0.00789083 3361
0 0.366866 0.732728 0.0136371 0.0150655 3362
0 0.684414 0.819297 0.0321971 0.0111009 3363
0 0.705894 0.831493 0.0381479 0.0331345 3364
0 0.577735 0.8721 0.0335653 0.0219967 3365
0 0.841182 0.83484 0.0456032 0.0366557 3366
0 0.424049 0.925271 0.0176804 0.0221636 3367
0 0.911902 0.68218 0.00557537 0.0123853 3368
0 0.911108 0.68232 0.00641289 0.0138997 3369
0 0.00608028 0.97905 0.0119964 0.0183021 3370
0 0.00739781 0.74707 0.012066 0.0183316 3371
0 0.950481 0.863172 0.0314823 0.0199953 3372
0 0.689722 0.820511 0.0237314 0.00838911 3373
0 0.906949 0.745162 0.0122643 0.029991 3374
0 0.874088 0.985064 0.0258972 0.0271167 3375
0 0.948206 0.865166 0.0359533 0.0189146 3376
0 0.872594 0.673666 0.00704441 0.0114162 3377
0 0.995322 0.80859 0.00889015 0.0289247 3378
0 0.980054 0.650097 0.00703049 0.0144385 3379
0 0.204518 0.728905 0.0142608 0.00904032 3380
0 0.422189 0.922625 0.0156229 0.0261949 3381
0 0.872523 0.678698 0.00752354 0.0220762 3382
0 0.488824 0.811698 0.00749149 0.0352739 3383
0 0.897334 0.975854 0.0239738 0.0305996 3384
0 0.515029 0.785102 0.00946007 0.0381327 3385
0 0.936473 0.866607 0.0124126 0.0151689 3386
0 0.389673 0.80788 0.0146125 0.0208452 3387
0 0.0746419 0.748464 0.0129936 0.0128048 3388
0 0.8502 0.805789 0.0359615 0.0139113 3389
0 0.867086 0.761741 0.0107458 0.0427767 3390
0 0.828801 0.837826 0.0165176 0.0279704 3391
0 0.678864 0.800987 0.0156883 0.0475169 3392
0 0.58696 0.914718 0.0487551 0.0130473 3393
