0 0.797066 0.775819 0.0125942 0.0498935 56585
0 0.778247 0.776978 0.0101181 0.0520494 56586
0 0.452036 0.833234 0.0118459 0.0670637 56587
0 0.555484 0.816211 0.0128715 0.053115 56588
0 0.953737 0.850012 0.0227631 0.0428307 56589
0 0.643307 0.805203 0.0102733 0.0471859 56590
0 0.692445 0.796524 0.00965958 0.0455899 56591
0 0.830581 0.834653 0.0174486 0.0333471 56592
0 0.7025 0.792174 0.0101924 0.0455882 56593
0 0.736623 0.785784 0.00839624 0.0473796 56594
0 0.718378 0.830112 0.0144491 0.0322181 56595
0 0.890375 0.975681 0.0577446 0.045471 56596
0 0.940009 0.728025 0.00721245 0.0207903 56597
0 0.974534 0.762907 0.0192274 0.0271735 56598
0 0.843501 0.762663 0.00656242 0.0386848 56599
0 0.47577 0.856704 0.034343 0.023902 56600
0 0.747138 0.784375 0.00749569 0.0492093 56601
0 0.752069 0.781931 0.00885582 0.0503557 56602
0 0.0583846 0.740678 0.0048864 0.0186384 56603
0 0.856398 0.830558 0.0136375 0.0322734 56604
0 0.00496657 0.75288 0.00963378 0.0168959 56605
0 0.114444 0.981526 0.0322395 0.0284919 56606
0 0.355269 0.989187 0.0136414 0.0216259 56607
0 0.434136 0.914387 0.0230701 0.0375319 56608
0 0.291091 0.721629 0.00624409 0.0188753 56609
0 0.319114 0.714294 0.00554428 0.0163832 56610
0 0.6764 0.815194 0.0159122 0.0178943 56611
0 0.902065 0.972944 0.034667 0.0401482 56612
0 0.274034 0.729576 0.00532198 0.0154726 56613
0 0.00598974 0.977408 0.0119589 0.0230333 56614
0 0.996709 0.675609 0.00614319 0.0274149 56615
0 0.883353 0.985075 0.043322 0.0274624 56616
0 0.291044 0.725681 0.00684729 0.0158412 56617
0 0.757989 0.789416 0.00723095 0.0333235 56618
0 0.10858 0.979766 0.0199784 0.025186 56619
0 0.742331 0.786277 0.00683155 0.0447679 56620
0 0.739133 0.785443 0.00856628 0.0476334 56621
0 0.107028 0.982313 0.0519953 0.0304354 56622
0 0.714279 0.830641 0.0230553 0.0329607 56623
0 0.0502365 0.741119 0.0119007 0.0129486 56624
0 0.996377 0.810225 0.0068222 0.0209459 56625
0 0.852573 0.848782 0.0268055 0.00965712 56626
0 0.852538 0.83148 0.0214443 0.0357188 56627
0 0.404747 0.776094 0.0131257 0.0142688 56628
0 0.0222252 0.939003 0.0444505 0.0316116 56629
0 0.067422 0.752427 0.0111763 0.0172092 56630
0 0.00530627 0.757612 0.0105367 0.010041 56631
0 0.756695 0.786626 0.00856848 0.0396693 56632
0 0.102435 0.994095 0.0612295 0.00931498 56633
0 0.417733 0.76337 0.00982533 0.0138668 56634
0 0.0689405 0.75228 0.0166915 0.0184296 56635
0 0.959969 0.850364 0.0105473 0.0383202 56636
0 0.577068 0.874582 0.0328644 0.0159953 56637
0 0.970224 0.673456 0.00503006 0.0191672 56638
0 0.922467 0.680691 0.00610008 0.0153744 56639
0 0.884969 0.97949 0.0467167 0.0376577 56640
0 0.520303 0.729878 0.0114923 0.0135556 56641
0 0.138561 0.739385 0.0159116 0.012342 56642
0 0.27373 0.731232 0.00641937 0.0183799 56643
0 0.851446 0.845721 0.0256233 0.012961 56644
0 0.99062 0.767944 0.0183155 0.0110669 56645
0 0.576971 0.874299 0.0329264 0.0158349 56646
0 0.754433 0.7817 0.012275 0.0509761 56647
0 0.103813 0.983196 0.0634776 0.0297175 56648
0 0.936241 0.866218 0.01138 0.0147902 56649
0 0.391481 0.812472 0.0166626 0.0456524 56650
0 0.541025 0.849193 0.00781498 0.0274373 56651
0 0.854854 0.847779 0.0327423 0.0141678 56652
0 0.884663 0.989187 0.0395008 0.0189519 56653
0 0.118888 0.984184 0.03894 0.0250376 56654
0 0.837744 0.83451 0.0320137 0.0356801 56655
0 0.979866 0.669766 0.00675888 0.0203074 56656
0 0.944436 0.865391 0.028064 0.0167782 56657
0 0.00926268 0.977039 0.0184131 0.025346 56658
0 0.953168 0.861266 0.0220854 0.0217916 56659
0 0.862961 0.833424 0.0320318 0.0386136 56660
0 0.425955 0.915845 0.0395795 0.0397169 56661
0 0.469056 0.833807 0.047212 0.0705041 56662
0 0.84354 0.836464 0.0432297 0.0333618 56663
0 0.55548 0.805854 0.0115737 0.0308109 56664
0 0.587784 0.913109 0.0516222 0.0122999 56665
0 0.856924 0.834317 0.0432789 0.0397183 56666
0 0.73729 0.786472 0.0115442 0.0526279 56667
0 0.861184 0.843091 0.0339771 0.0215359 56668
0 0.960823 0.866398 0.054171 0.0155979 56669
0 0.770463 0.812601 0.0110046 0.0146003 56670
0 0.968333 0.863083 0.0387375 0.0118529 56671
0 0.989454 0.764644 0.0206245 0.0148058 56672
0 0.859804 0.795294 0.0068306 0.0125848 56673
0 0.912118 0.97359 0.0497498 0.0419874 56674
0 0.590639 0.914559 0.0456265 0.00993347 56675
0 0.95907 0.676196 0.00469913 0.0126834 56676
0 0.871757 0.845405 0.0135111 0.0158547 56677
0 0.978879 0.665345 0.00749741 0.0121833 56678
