0 0.452035 0.834159 0.0122795 0.0667598 69718
0 0.842571 0.766295 0.00900803 0.0457731 69719
0 0.79656 0.774619 0.0077198 0.0476925 69720
0 0.521038 0.821797 0.014712 0.0519441 69721
0 0.718701 0.830339 0.0139044 0.0315575 69722
0 0.587546 0.813121 0.00971794 0.0491333 69723
0 0.830838 0.834758 0.0175859 0.033454 69724
0 0.746399 0.781592 0.00858383 0.0480635 69725
0 0.691144 0.795811 0.00964537 0.0443168 69726
0 0.953619 0.849663 0.0226456 0.0410043 69727
0 0.115861 0.982905 0.0357349 0.0273655 69728
0 0.0103685 0.747577 0.00969342 0.018232 69729
0 0.713226 0.787418 0.0111222 0.0517337 69730
0 0.700994 0.792485 0.00948381 0.0466888 69731
0 0.683201 0.790726 0.00953121 0.0504584 69732
0 0.475081 0.856248 0.017107 0.0261749 69733
0 0.431581 0.91447 0.0284299 0.0369249 69734
0 0.855745 0.82957 0.0145172 0.0334476 69735
0 0.725521 0.787528 0.00860376 0.0459995 69736
0 0.0705424 0.749296 0.0138898 0.0133411 69737
0 0.355351 0.989192 0.0139726 0.0216168 69738
0 0.939301 0.727847 0.00717506 0.017707 69739
0 0.00580241 0.979792 0.0115369 0.0181829 69740
0 0.386 0.775772 0.00917745 0.0160767 69741
0 0.0635232 0.737542 0.00611361 0.0179435 69742
0 0.810588 0.697713 0.00678406 0.0173466 69743
0 0.83921 0.697935 0.00488777 0.0168707 69744
0 0.890571 0.97567 0.058757 0.046835 69745
0 0.974474 0.762002 0.0180101 0.0277876 69746
0 0.971879 0.761277 0.0121838 0.0263177 69747
0 0.266745 0.730958 0.0059576 0.0143904 69748
0 0.284829 0.719755 0.00706882 0.0150336 69749
0 0.19757 0.915605 0.0449044 0.031759 69750
0 0.408688 0.76291 0.00909233 0.0149641 69751
0 0.0222164 0.938524 0.0443827 0.0288342 69752
0 0.675598 0.815137 0.014468 0.0187405 69753
0 0.0945879 0.994435 0.046348 0.00817193 69754
0 0.910818 0.973289 0.0486145 0.0431149 69755
0 0.853149 0.830428 0.0197495 0.0355018 69756
0 0.996376 0.812136 0.00682449 0.0175795 69757
0 0.715951 0.78716 0.00920935 0.0508119 69758
0 0.315211 0.710811 0.00734377 0.0120524 69759
0 0.97906 0.668167 0.00543137 0.017132 69760
0 0.902943 0.972434 0.0334309 0.0414527 69761
0 0.852924 0.847916 0.0262299 0.0113758 69762
0 0.540603 0.84926 0.00683861 0.0271398 69763
0 0.502589 0.729897 0.0117359 0.0113135 69764
0 0.892753 0.675357 0.00649376 0.0119122 69765
0 0.132645 0.733148 0.00440245 0.00726946 69766
0 0.97486 0.769456 0.0183678 0.0132996 69767
0 0.920676 0.97327 0.0304502 0.0422584 69768
0 0.266658 0.733091 0.00730581 0.0173238 69769
0 0.283901 0.720832 0.0128761 0.0174042 69770
0 0.990672 0.668135 0.00373878 0.0117888 69771
0 0.576275 0.875169 0.0359833 0.0140962 69772
0 0.883288 0.979504 0.0450687 0.0392682 69773
0 0.807662 0.704649 0.021327 0.005955 69774
0 0.135262 0.737761 0.0231185 0.00711348 69775
0 0.576855 0.875793 0.0352756 0.0136502 69776
0 0.683868 0.795204 0.0123035 0.0477088 69777
0 0.852217 0.834646 0.0242682 0.0287377 69778
0 0.478678 0.85613 0.0239014 0.0261629 69779
0 0.284875 0.719878 0.00997496 0.0141586 69780
0 0.772268 0.812695 0.0187479 0.0156281 69781
0 0.715699 0.830771 0.0201889 0.0331068 69782
0 0.0558721 0.739506 0.00927291 0.00865106 69783
0 0.936114 0.867195 0.0116806 0.0151011 69784
0 0.996313 0.671294 0.00538654 0.00908474 69785
0 0.0589335 0.737293 0.0151637 0.0150499 69786
0 0.949414 0.861028 0.0139656 0.0179801 69787
0 0.959296 0.850232 0.0180367 0.039886 69788
0 0.946698 0.676384 0.00702534 0.0142634 69789
0 0.268351 0.732046 0.0100251 0.0160923 69790
0 0.9956 0.738912 0.00838985 0.0333074 69791
0 0.577491 0.880746 0.0336348 0.00961711 69792
0 0.859482 0.79468 0.00769978 0.0133291 69793
0 0.85209 0.845748 0.0241219 0.013927 69794
0 0.00958493 0.980042 0.0189696 0.0193146 69795
0 0.44057 0.915509 0.0109392 0.0327671 69796
0 0.387847 0.776397 0.0147143 0.0168087 69797
0 0.383451 0.775936 0.0156404 0.0183512 69798
0 0.947833 0.865989 0.0342121 0.0174289 69799
0 0.944832 0.678195 0.0110001 0.01372 69800
0 0.391101 0.831296 0.018138 0.0863317 69801
0 0.524238 0.823652 0.010322 0.0455878 69802
0 0.559421 0.838697 0.00592079 0.0107619 69803
0 0.390861 0.811502 0.0176902 0.0456801 69804
0 0.77919 0.814808 0.00885029 0.0123695 69805
0 0.872358 0.844882 0.0146599 0.0162662 69806
0 0.484387 0.85614 0.0371509 0.0255547 69807
0 0.102187 0.98313 0.0604234 0.0270976 69808
0 0.130867 0.982531 0.0656538 0.0276477 69809
0 0.994919 0.743801 0.00967789 0.0440752 69810
0 0.96487 0.863184 0.0437759 0.0132575 69811
0 0.856771 0.795128 0.0153 0.0134159 69812
0 0.962511 0.866453 0.0439892 0.0132406 69813
0 0.871848 0.844649 0.0145515 0.0162738 69814
0 0.95367 0.864764 0.0285904 0.018887 69815
0 0.102231 0.995565 0.0607957 0.00887019 69816
