0 0.453102 0.833565 0.0124195 0.0683943 None
0 0.830695 0.83464 0.0176357 0.0335826 None
0 0.8699 0.761562 0.0106747 0.0503667 None
0 0.695525 0.792939 0.0101861 0.0480503 None
0 0.540116 0.817985 0.0105188 0.0522386 None
0 0.80323 0.775945 0.00865593 0.0444358 None
0 0.836742 0.767409 0.0093071 0.0482859 None
0 0.755695 0.78155 0.00783596 0.0493132 None
0 0.706343 0.790683 0.00877991 0.0493161 None
0 0.796633 0.775266 0.0080348 0.0493618 None
0 0.746247 0.783359 0.00817871 0.0460817 None
0 0.842832 0.765571 0.00873089 0.0477047 None
0 0.467035 0.85141 0.0158052 0.0393656 None
0 0.739727 0.788127 0.00969486 0.0448815 None
0 0.95376 0.84883 0.0218971 0.0398251 None
0 0.818081 0.780243 0.00692978 0.0309458 None
0 0.0103757 0.745963 0.00756316 0.0176768 None
0 0.718152 0.830038 0.0138484 0.0326028 None
0 0.854945 0.831831 0.0175123 0.0349628 None
0 0.772086 0.699736 0.00835953 0.0219643 None
0 0.788955 0.698383 0.00699921 0.0145844 None
0 0.891683 0.97626 0.0605543 0.0462806 None
0 0.433333 0.91454 0.0250128 0.0375105 None
0 0.319566 0.708895 0.00615873 0.0181174 None
0 0.712573 0.830705 0.0258102 0.0331736 None
0 0.52798 0.739788 0.00601902 0.0115974 None
0 0.342713 0.754048 0.0069808 0.018357 None
0 0.0717263 0.739523 0.00677305 0.02382 None
0 0.97023 0.742415 0.00721855 0.0296492 None
0 0.976491 0.738558 0.0093029 0.0376082 None
0 0.903901 0.973093 0.0358665 0.0399407 None
0 0.934465 0.724134 0.00591507 0.0214596 None
0 0.272648 0.730392 0.00696402 0.017383 None
0 0.114656 0.98126 0.0299649 0.0240753 None
0 0.883599 0.979916 0.0441559 0.0386505 None
0 0.198115 0.915937 0.0459323 0.0319573 None
0 0.880393 0.681326 0.00716896 0.0186186 None
0 0.67583 0.816267 0.0160229 0.0189894 None
0 0.453368 0.772155 0.00456448 0.0125604 None
0 0.0719896 0.735422 0.00533518 0.017216 None
0 0.1096 0.980481 0.0199545 0.0232322 None
0 0.577687 0.875747 0.0323675 0.0146471 None
0 0.74447 0.784933 0.00907249 0.0462365 None
0 0.0722001 0.740615 0.0105482 0.0250207 None
0 0.35449 0.989121 0.0163047 0.0217578 None
0 0.00570124 0.97779 0.0113473 0.0213086 None
0 0.0221001 0.938808 0.0442003 0.0292223 None
0 0.974596 0.739329 0.013328 0.0374298 None
0 0.470756 0.848485 0.00927906 0.0341493 None
0 0.851683 0.833578 0.0229101 0.0346971 None
0 0.921506 0.973617 0.0270325 0.0410711 None
0 0.297941 0.72861 0.00492897 0.0102197 None
0 0.106495 0.983457 0.0501508 0.0277503 None
0 0.190172 0.729637 0.00907857 0.00684882 None
0 0.440877 0.918609 0.0101577 0.0251984 None
0 0.97757 0.673801 0.00581436 0.0223941 None
0 0.914765 0.972899 0.0139397 0.0390106 None
0 0.952091 0.859444 0.0184437 0.0224481 None
0 0.996528 0.811134 0.00653381 0.0202454 None
0 0.34349 0.755605 0.00832567 0.0208486 None
0 0.8817 0.984864 0.0404488 0.0292477 None
0 0.101893 0.993774 0.0591759 0.00903592 None
0 0.533032 0.739989 0.0162378 0.0115468 None
0 0.30177 0.729149 0.012219 0.0115967 None
0 0.0761927 0.739138 0.00448549 0.0135329 None
0 0.0706316 0.741952 0.0148318 0.0231878 None
0 0.119365 0.984258 0.0389761 0.0236599 None
0 0.974825 0.766651 0.0185122 0.0198497 None
0 0.44162 0.770895 0.0073513 0.0139381 None
0 0.00695137 0.751064 0.0138081 0.0101232 None
0 0.0528228 0.748991 0.00460868 0.00477193 None
0 0.974519 0.759544 0.0174347 0.0337111 None
0 0.531402 0.739214 0.0129412 0.0134076 None
0 0.858803 0.834053 0.0373409 0.0391271 None
0 0.773627 0.812954 0.00671864 0.015205 None
0 0.148548 0.738004 0.0277023 0.00957438 None
0 0.429405 0.916997 0.0227132 0.0337116 None
0 0.454756 0.772371 0.00739708 0.0132067 None
0 0.895651 0.683079 0.00793324 0.0157223 None
0 0.834445 0.834278 0.0258808 0.0347163 None
0 0.976636 0.735748 0.0123344 0.0433109 None
0 0.956297 0.866839 0.0284584 0.0140939 None
0 0.969208 0.740523 0.00899315 0.0355608 None
0 0.769547 0.812885 0.0125471 0.0152052 None
0 0.148883 0.737168 0.027248 0.0098131 None
0 0.00579123 0.972899 0.0114444 0.0313999 None
0 0.77603 0.813422 0.0156559 0.0172802 None
0 0.142353 0.736141 0.0097784 0.00837708 None
0 0.141216 0.734972 0.00692596 0.00773282 None
0 0.879454 0.76297 0.0169319 0.0139018 None
0 0.151463 0.738788 0.0251849 0.00989719 None
0 0.977 0.765961 0.0256222 0.0219113 None
0 0.304003 0.714903 0.018679 0.0088857 None
0 0.91654 0.975186 0.0350536 0.0444004 None
0 0.12145 0.986298 0.0186127 0.0212511 None
0 0.274213 0.730579 0.0114107 0.0178114 None
0 0.102628 0.984629 0.0599788 0.0263262 None
0 0.125482 0.986513 0.0269644 0.0208561 None
0 0.444502 0.771188 0.0104383 0.0136027 None
0 0.957176 0.869188 0.0266197 0.00933923 None
0 0.744291 0.78403 0.0121431 0.0504951 None
0 0.149481 0.736101 0.0202311 0.00956014 None
0 0.71272 0.796414 0.00935698 0.0412628 None
0 0.824684 0.814957 0.0246933 0.0104055 None
0 0.442951 0.771259 0.0050457 0.0146125 None
0 0.971947 0.668857 0.00670738 0.0120709 None
0 0.970794 0.750503 0.0145414 0.0514728 None
0 0.861928 0.841117 0.0309973 0.0242262 None
0 0.960269 0.84932 0.0156071 0.0385639 None
0 0.956341 0.853635 0.0279503 0.0365346 None
0 0.412152 0.76641 0.00515976 0.00937042 None
0 0.199422 0.732047 0.0308147 0.0124888 None
0 0.19834 0.730339 0.0277022 0.00904677 None
0 0.455306 0.772662 0.0105618 0.0131298 None
0 0.925497 0.98476 0.0197315 0.017884 None
