0 0.453228 0.833968 0.0130015 0.06688 8962
0 0.423712 0.895436 0.016781 0.0804152 8963
0 0.481132 0.832506 0.0134156 0.063218 8964
0 0.791019 0.77576 0.0092227 0.0464057 8965
0 0.699495 0.792145 0.0100597 0.0472646 8966
0 0.830201 0.834629 0.0173061 0.0338735 8967
0 0.801449 0.777364 0.00841751 0.0424796 8968
0 0.955957 0.74309 0.00880547 0.0464556 8969
0 0.993346 0.735133 0.0110287 0.0467065 8970
0 0.769633 0.77883 0.0084465 0.0459317 8971
0 0.684236 0.797522 0.0100842 0.041805 8972
0 0.508043 0.806986 0.00992975 0.0367186 8973
0 0.718262 0.831084 0.0121447 0.0299476 8974
0 0.895181 0.975605 0.0655918 0.0456475 8975
0 0.151013 0.886118 0.0128733 0.0571793 8976
0 0.855404 0.831377 0.0161125 0.0338923 8977
0 0.843633 0.764996 0.00662918 0.0454959 8978
0 0.953845 0.848417 0.0217995 0.0378072 8979
0 0.758324 0.782014 0.00996437 0.0452084 8980
0 0.920923 0.752062 0.0123417 0.0493629 8981
0 0.198388 0.915642 0.0456129 0.0323446 8982
0 0.935862 0.726921 0.00738373 0.0241993 8983
0 0.973046 0.741347 0.00977097 0.0308594 8984
0 0.854263 0.767607 0.00628185 0.0411055 8985
0 0.0221277 0.938814 0.0442279 0.0295822 8986
0 0.871406 0.769847 0.00816841 0.0324093 8987
0 0.848249 0.766383 0.00805206 0.0424086 8988
0 0.00675843 0.750552 0.0102472 0.0175452 8989
0 0.480855 0.779226 0.00585203 0.0149438 8990
0 0.846137 0.765877 0.00757446 0.043161 8991
0 0.507109 0.775654 0.00816574 0.0162777 8992
0 0.852425 0.832156 0.0217625 0.0360279 8993
0 0.117792 0.983575 0.0358232 0.0267877 8994
0 0.920498 0.745167 0.0132282 0.0385888 8995
0 0.328145 0.711819 0.0064312 0.0157583 8996
0 0.676561 0.815373 0.0167585 0.0187029 8997
0 0.57752 0.874847 0.0333797 0.0157867 8998
0 0.355262 0.989043 0.0139815 0.0219133 8999
0 0.00625781 0.981268 0.0124231 0.0147115 9000
0 0.952173 0.859285 0.0199785 0.0250682 9001
0 0.995875 0.813115 0.00783463 0.0175412 9002
0 0.787408 0.697688 0.00728588 0.0184921 9003
0 0.973737 0.763322 0.0165848 0.0262534 9004
0 0.884232 0.979241 0.044376 0.0380239 9005
0 0.309264 0.753309 0.00990114 0.0183828 9006
0 0.0945118 0.994229 0.0446694 0.00845032 9007
0 0.112685 0.982753 0.0263742 0.0244951 9008
0 0.681077 0.809527 0.0147693 0.0263309 9009
0 0.980673 0.66279 0.00732346 0.0424423 9010
0 0.291864 0.733823 0.00991631 0.00936381 9011
0 0.0560402 0.751665 0.00536056 0.00943977 9012
0 0.307484 0.753808 0.0107821 0.0190784 9013
0 0.921878 0.973416 0.0280525 0.0414069 9014
0 0.109647 0.981529 0.0197579 0.0236535 9015
0 0.972411 0.748057 0.0116827 0.0383353 9016
0 0.712657 0.831531 0.026136 0.0312783 9017
0 0.912859 0.973999 0.0367634 0.0421087 9018
0 0.131559 0.983447 0.0634606 0.0262227 9019
0 0.851337 0.84541 0.0219933 0.0133128 9020
0 0.917773 0.9727 0.0186975 0.0398617 9021
0 0.682031 0.799671 0.0144851 0.0458327 9022
0 0.758828 0.789849 0.0098711 0.0332211 9023
0 0.0812768 0.745224 0.0105962 0.0186449 9024
0 0.530523 0.740286 0.00651407 0.00970086 9025
0 0.0719356 0.754163 0.00561776 0.0109551 9026
0 0.982621 0.663512 0.0117626 0.0424009 9027
0 0.103721 0.985848 0.0629367 0.024333 9028
0 0.577364 0.87013 0.0343865 0.0257985 9029
0 0.766099 0.700825 0.00708561 0.022682 9030
0 0.67882 0.802134 0.0216751 0.0453522 9031
0 0.82645 0.784094 0.0327671 0.0159721 9032
0 0.903248 0.672897 0.00483627 0.0103748 9033
0 0.156374 0.740806 0.0193847 0.00903185 9034
0 0.488478 0.785066 0.0304235 0.0109951 9035
0 0.863025 0.833165 0.0346235 0.0388258 9036
0 0.358198 0.730131 0.0109078 0.0123481 9037
0 0.0838386 0.742728 0.0117079 0.0138275 9038
0 0.986089 0.666429 0.00705872 0.0372474 9039
0 0.489303 0.78297 0.0262865 0.00746189 9040
0 0.532226 0.740397 0.00885324 0.0099311 9041
0 0.123349 0.984738 0.033149 0.0241684 9042
0 0.774114 0.812346 0.0100821 0.0152035 9043
0 0.97061 0.767873 0.0108942 0.0175942 9044
0 0.493209 0.862901 0.0197262 0.0102098 9045
0 0.00912597 0.981162 0.018124 0.016058 9046
0 0.972174 0.669241 0.00404377 0.0110782 9047
0 0.905795 0.973862 0.0436592 0.0421711 9048
0 0.854031 0.841819 0.0515913 0.0253947 9049
0 0.0712054 0.755762 0.00657699 0.00866394 9050
0 0.98031 0.673102 0.00696068 0.0239746 9051
0 0.976027 0.767507 0.0180386 0.0188195 9052
0 0.919131 0.736772 0.011277 0.0274465 9053
0 0.590771 0.909572 0.0587473 0.0206907 9054
0 0.879157 0.98309 0.0343079 0.0307188 9055
0 0.850883 0.84384 0.0201759 0.0132355 9056
0 0.842331 0.833225 0.0421551 0.0379644 9057
0 0.843201 0.845107 0.0446215 0.0167753 9058
0 0.872323 0.84548 0.0144993 0.0153219 9059
0 0.588373 0.912784 0.0534527 0.0139355 9060
0 0.855703 0.767523 0.00934181 0.0419549 9061
0 0.995376 0.808708 0.00877075 0.027832 9062
0 0.959377 0.848518 0.0150955 0.0367306 9063
0 0.953585 0.859408 0.0280602 0.0281206 9064
