0 0.796721 0.775133 0.00899887 0.0483334 59391
0 0.766176 0.778229 0.0109858 0.0513431 59392
0 0.953776 0.850004 0.0228567 0.0427948 59393
0 0.451723 0.834144 0.0128635 0.068339 59394
0 0.630624 0.806158 0.00987568 0.0462002 59395
0 0.830536 0.834668 0.0175161 0.0333957 59396
0 0.692572 0.7953 0.0098073 0.0481259 59397
0 0.549697 0.815363 0.0117027 0.0520579 59398
0 0.842358 0.765174 0.00861473 0.0448318 59399
0 0.474566 0.854424 0.0159648 0.028382 59400
0 0.718241 0.830202 0.0147543 0.0321279 59401
0 0.940587 0.728813 0.00766296 0.0208696 59402
0 0.890388 0.975614 0.0578171 0.0455963 59403
0 0.702741 0.792679 0.0100878 0.0456465 59404
0 0.735452 0.780214 0.00869389 0.0416763 59405
0 0.85582 0.830597 0.0144783 0.0306536 59406
0 0.39113 0.819656 0.0175262 0.0614936 59407
0 0.676435 0.815603 0.0160505 0.0172011 59408
0 0.114799 0.980854 0.0320643 0.0304984 59409
0 0.973684 0.763287 0.0196278 0.026358 59410
0 0.355231 0.989219 0.0132914 0.0215625 59411
0 0.434535 0.914296 0.0218908 0.0363183 59412
0 0.00496182 0.750699 0.00909165 0.0182085 59413
0 0.90206 0.972865 0.0349003 0.0402249 59414
0 0.199666 0.916161 0.0482466 0.0314624 59415
0 0.064443 0.751805 0.00739784 0.0137316 59416
0 0.742122 0.783261 0.00800247 0.0491799 59417
0 0.883336 0.985262 0.0433508 0.0270816 59418
0 0.991817 0.677647 0.00523415 0.0229431 59419
0 0.0575883 0.736326 0.00500894 0.016822 59420
0 0.318157 0.716526 0.00497417 0.0146196 59421
0 0.749334 0.786253 0.00700378 0.0413759 59422
0 0.293046 0.721352 0.00653882 0.0149231 59423
0 0.713834 0.830679 0.0237471 0.032802 59424
0 0.852501 0.848668 0.0268696 0.00977614 59425
0 0.852369 0.831744 0.0214333 0.0348009 59426
0 0.0221952 0.939201 0.0442902 0.0292518 59427
0 0.00653822 0.759091 0.0127721 0.00979513 59428
0 0.397931 0.780021 0.00581851 0.0173147 59429
0 0.577119 0.87469 0.0326385 0.0159883 59430
0 0.107041 0.981639 0.0515132 0.0318325 59431
0 0.00563124 0.980251 0.0112001 0.0165515 59432
0 0.274128 0.727592 0.00603681 0.0162964 59433
0 0.398131 0.777351 0.00543137 0.0176354 59434
0 0.109054 0.979433 0.0208997 0.0279517 59435
0 0.996364 0.810258 0.00684891 0.0209856 59436
0 0.976588 0.771504 0.0148371 0.0100813 59437
0 0.851804 0.846328 0.0267879 0.0131351 59438
0 0.13723 0.741309 0.013789 0.0107535 59439
0 0.980457 0.673939 0.00458927 0.0178487 59440
0 0.736436 0.783841 0.0100182 0.0492211 59441
0 0.744865 0.781916 0.00674496 0.0430764 59442
0 0.048995 0.74061 0.00933102 0.00822856 59443
0 0.0715543 0.749982 0.0052447 0.0110118 59444
0 0.884369 0.979553 0.0456701 0.0374651 59445
0 0.423233 0.763781 0.00540695 0.0105659 59446
0 0.275915 0.727403 0.007617 0.0166407 59447
0 0.0660105 0.754002 0.0107836 0.0171429 59448
0 0.978353 0.672503 0.00435219 0.0161084 59449
0 0.392081 0.758339 0.0104971 0.0135598 59450
0 0.100784 0.994157 0.0581683 0.00923021 59451
0 0.744334 0.776661 0.00724602 0.0372091 59452
0 0.959624 0.849997 0.0112152 0.0386105 59453
0 0.970667 0.762706 0.0151194 0.0270315 59454
0 0.897801 0.681085 0.00511818 0.0159597 59455
0 0.391087 0.83291 0.0178702 0.0875966 59456
0 0.430222 0.915058 0.0300614 0.0376799 59457
0 0.0640005 0.751324 0.0117046 0.0146216 59458
0 0.970517 0.673608 0.00572414 0.0154002 59459
0 0.972166 0.75398 0.00696602 0.00914527 59460
0 0.922576 0.681088 0.00854034 0.0142483 59461
0 0.860304 0.795239 0.00535831 0.0126185 59462
0 0.707522 0.785883 0.00529814 0.0146844 59463
0 0.936042 0.866443 0.0114704 0.0146708 59464
0 0.951846 0.676665 0.00559082 0.0164085 59465
0 0.862576 0.834008 0.0334747 0.0380234 59466
0 0.519324 0.73205 0.00484619 0.00981784 59467
0 0.293421 0.725993 0.00805655 0.0178114 59468
0 0.42253 0.915248 0.0468354 0.038904 59469
0 0.0536858 0.739835 0.0191753 0.0115824 59470
0 0.944528 0.865699 0.0284075 0.0162735 59471
0 0.294429 0.721165 0.00946703 0.0146803 59472
0 0.110285 0.981445 0.0279124 0.0284631 59473
0 0.31903 0.716939 0.00697579 0.0151781 59474
0 0.407611 0.76442 0.00869436 0.0167333 59475
0 0.541305 0.849211 0.0075985 0.026884 59476
0 0.760035 0.824473 0.0119917 0.00634037 59477
0 0.860822 0.842183 0.0356079 0.0232947 59478
0 0.842394 0.834168 0.0414028 0.0369098 59479
0 0.977725 0.771291 0.015197 0.0102146 59480
0 0.167212 0.739164 0.0121227 0.0113142 59481
0 0.960358 0.866579 0.0551106 0.0151299 59482
0 0.587798 0.9133 0.0515617 0.0119968 59483
0 0.102977 0.98261 0.06214 0.030954 59484
0 0.871914 0.845387 0.0140491 0.0158223 59485
0 0.752693 0.826949 0.030407 0.00761804 59486
0 0.540895 0.84518 0.00603313 0.0190952 59487
0 0.121233 0.983127 0.0374463 0.0269409 59488
0 0.967093 0.863264 0.0414091 0.012314 59489
0 0.577694 0.882262 0.032665 0.00859985 59490
0 0.91273 0.973508 0.0483076 0.0420017 59491
0 0.988967 0.676598 0.00566978 0.0220888 59492
0 0.49201 0.864803 0.0208315 0.00751614 59493
0 0.133901 0.741586 0.0200292 0.0122418 59494
0 0.107864 0.981771 0.0726057 0.0324951 59495
0 0.00941687 0.980468 0.0187176 0.017029 59496
0 0.482856 0.855059 0.0366096 0.0275935 59497
0 0.0681291 0.75767 0.0149492 0.00982666 59498
0 0.47769 0.854435 0.0233042 0.0284047 59499
0 0.901491 0.974092 0.0719185 0.0438439 59500
0 0.850574 0.841338 0.028216 0.0231795 59501
0 0.965479 0.859633 0.0441055 0.0237964 59502
0 0.574994 0.873867 0.037148 0.0172031 59503
0 0.96349 0.851106 0.0482265 0.0449019 59504
0 0.974245 0.862526 0.0277636 0.0111326 59505
0 0.857504 0.836898 0.0424854 0.0355615 59506
0 0.712617 0.839216 0.0250071 0.0169939 59507
0 0.819613 0.698481 0.00757027 0.0130218 59508
0 0.98034 0.67458 0.00679359 0.020113 59509
0 0.789905 0.698045 0.00579567 0.0159064 59510
0 0.953631 0.863787 0.0252647 0.0175408 59511
