0 0.480884 0.830761 0.0133264 0.0632416 4077
0 0.453109 0.83416 0.0123476 0.0672309 4078
0 0.698181 0.792791 0.00935278 0.0511295 4079
0 0.810157 0.773972 0.00856724 0.040785 4080
0 0.788056 0.776823 0.0109215 0.0480501 4081
0 0.194983 0.876196 0.0147798 0.0515852 4082
0 0.679252 0.792126 0.00874577 0.0384132 4083
0 0.843238 0.765718 0.0107597 0.0455007 4084
0 0.777146 0.779083 0.00987835 0.0467909 4085
0 0.983757 0.73759 0.0111429 0.0469145 4086
0 0.9536 0.849266 0.0222794 0.041174 4087
0 0.828527 0.769123 0.00892334 0.0403798 4088
0 0.423474 0.915072 0.020829 0.0419115 4089
0 0.717172 0.830325 0.0145987 0.0313477 4090
0 0.764719 0.697899 0.00673723 0.01737 4091
0 0.830385 0.834443 0.0181631 0.0330882 4092
0 0.512832 0.778925 0.00870647 0.0237373 4093
0 0.783094 0.698761 0.00633831 0.020319 4094
0 0.115121 0.983539 0.0312302 0.0211409 4095
0 0.938031 0.746332 0.010146 0.0437046 4096
0 0.863613 0.759311 0.00793076 0.0352478 4097
0 0.00915725 0.748446 0.00715795 0.0177429 4098
0 0.855731 0.830842 0.0158659 0.0330587 4099
0 0.35493 0.98921 0.0148614 0.0215811 4100
0 0.965164 0.742201 0.0115021 0.0481581 4101
0 0.883334 0.981022 0.0446964 0.0360016 4102
0 0.853056 0.831899 0.0222599 0.0347382 4103
0 0.909124 0.742617 0.00905876 0.0218204 4104
0 0.995622 0.813647 0.00833416 0.0182922 4105
0 0.29858 0.755642 0.00936184 0.0206865 4106
0 0.391281 0.813477 0.0176893 0.047013 4107
0 0.921224 0.973412 0.0256865 0.0407237 4108
0 0.907211 0.973563 0.0432148 0.0394948 4109
0 0.199186 0.916242 0.0458519 0.0310798 4110
0 0.00744439 0.749007 0.0109963 0.0171858 4111
0 0.485394 0.769983 0.00765457 0.0224187 4112
0 0.3297 0.713289 0.00621471 0.0181785 4113
0 0.917981 0.972815 0.01819 0.0395961 4114
0 0.00597055 0.981626 0.0118579 0.0143884 4115
0 0.540599 0.849463 0.00706654 0.0260205 4116
0 0.0968966 0.9942 0.0487278 0.00812615 4117
0 0.896072 0.975896 0.0696815 0.044339 4118
0 0.774869 0.778535 0.00926876 0.0470881 4119
0 0.107279 0.98501 0.0519709 0.0244558 4120
0 0.366784 0.732015 0.0140356 0.0135776 4121
0 0.0221054 0.938938 0.0442108 0.030247 4122
0 0.296679 0.734721 0.0113351 0.0104706 4123
0 0.880632 0.984941 0.0391838 0.0285995 4124
0 0.948488 0.851251 0.0322062 0.0447378 4125
0 0.577715 0.875761 0.0328034 0.014702 4126
0 0.495165 0.805576 0.0107682 0.0381049 4127
0 0.874223 0.678847 0.00743713 0.0211002 4128
0 0.49627 0.803122 0.00854111 0.0347414 4129
0 0.837971 0.834994 0.0311583 0.0345055 4130
0 0.102966 0.99021 0.0605847 0.0151852 4131
0 0.119799 0.984703 0.0393467 0.0216532 4132
0 0.0582553 0.751185 0.00381551 0.0072152 4133
0 0.675902 0.816066 0.0168367 0.0187663 4134
0 0.987741 0.671645 0.00551147 0.0181078 4135
0 0.71362 0.831572 0.0216461 0.0334641 4136
0 0.0782066 0.749333 0.0193632 0.0137456 4137
0 0.884332 0.762177 0.00744629 0.0213854 4138
0 0.873565 0.67451 0.00591125 0.0122515 4139
0 0.486508 0.771106 0.0105398 0.0249508 4140
0 0.951404 0.862606 0.0292416 0.0208583 4141
0 0.972839 0.752107 0.00481834 0.0077691 4142
0 0.987483 0.671525 0.00824413 0.0177705 4143
0 0.974115 0.764817 0.018256 0.0238676 4144
0 0.961597 0.741957 0.00786858 0.0335149 4145
0 0.841612 0.834556 0.0447243 0.0369064 4146
0 0.910459 0.683556 0.00509663 0.0111906 4147
0 0.96772 0.741422 0.0106882 0.0462501 4148
0 0.864815 0.76254 0.0101265 0.0364983 4149
0 0.897573 0.975586 0.0242811 0.031012 4150
0 0.539409 0.739955 0.00407772 0.00763007 4151
0 0.421789 0.925384 0.01499 0.0219532 4152
0 0.979592 0.649712 0.00719242 0.0154278 4153
0 0.874044 0.985155 0.025779 0.0271305 4154
0 0.995341 0.808645 0.00884724 0.0288912 4155
0 0.952835 0.661402 0.00427132 0.00953403 4156
0 0.949588 0.865785 0.039262 0.0171853 4157
0 0.950079 0.864136 0.0382275 0.0207977 4158
0 0.577737 0.872584 0.0335297 0.0211507 4159
0 0.676342 0.797778 0.014605 0.0508745 4160
0 0.922491 0.980632 0.0244129 0.0268551 4161
0 0.0106122 0.749924 0.0164887 0.0151462 4162
0 0.166595 0.739914 0.00659993 0.00932075 4163
0 0.960959 0.743377 0.00640373 0.0264947 4164
0 0.981039 0.652715 0.00822182 0.0185945 4165
