0 0.636198 0.801249 0.0121468 0.0596463 85925
0 0.554824 0.819022 0.0105593 0.0503154 85926
0 0.590871 0.808444 0.00928154 0.0561486 85927
0 0.796413 0.7755 0.0086092 0.0492594 85928
0 0.830945 0.83492 0.0178772 0.0334915 85929
0 0.843774 0.766537 0.00747128 0.0484768 85930
0 0.71795 0.829975 0.0134655 0.0316003 85931
0 0.425879 0.895381 0.0197502 0.0797407 85932
0 0.453383 0.834473 0.0112532 0.0661608 85933
0 0.114527 0.98368 0.0316237 0.0260356 85934
0 0.72463 0.786183 0.00772514 0.0490075 85935
0 0.702137 0.79193 0.00907021 0.044254 85936
0 0.694799 0.792644 0.00785008 0.0482237 85937
0 0.687684 0.794835 0.00768862 0.045743 85938
0 0.673864 0.792571 0.00916252 0.0384355 85939
0 0.95697 0.747805 0.00596848 0.0382765 85940
0 0.0164597 0.752811 0.0106703 0.0169159 85941
0 0.936198 0.729316 0.00823898 0.0246389 85942
0 0.27708 0.727639 0.00410104 0.0159458 85943
0 0.0223468 0.938857 0.0446936 0.0301883 85944
0 0.475985 0.857814 0.0197058 0.0234853 85945
0 0.893515 0.975377 0.0620632 0.0445669 85946
0 0.856115 0.830707 0.0143091 0.0328825 85947
0 0.355291 0.989348 0.0136605 0.0213044 85948
0 0.95495 0.849467 0.0201283 0.0376556 85949
0 0.974612 0.762428 0.0176579 0.0270348 85950
0 0.422356 0.895326 0.0121896 0.079001 85951
0 0.905 0.973079 0.0415092 0.0394706 85952
0 0.0587963 0.744605 0.0082477 0.0201731 85953
0 0.852871 0.831107 0.021925 0.0336097 85954
0 0.00787963 0.978319 0.0156747 0.0197454 85955
0 0.48309 0.857704 0.0337255 0.023165 85956
0 0.448898 0.833423 0.00905142 0.063768 85957
0 0.197883 0.915471 0.0455741 0.0319156 85958
0 0.35902 0.772888 0.00501661 0.0142463 85959
0 0.883532 0.98479 0.0448465 0.0279346 85960
0 0.0955674 0.994256 0.046526 0.0081326 85961
0 0.972565 0.761273 0.0108681 0.0252509 85962
0 0.951434 0.85062 0.0162121 0.0395572 85963
0 0.0773345 0.749265 0.00436043 0.00967543 85964
0 0.489862 0.721556 0.0068943 0.0114163 85965
0 0.577512 0.875473 0.0319975 0.0146211 85966
0 0.852859 0.848714 0.0258755 0.00938212 85967
0 0.454729 0.761102 0.00491219 0.0125888 85968
0 0.676711 0.813402 0.018358 0.0237645 85969
0 0.321344 0.717009 0.00758495 0.0126136 85970
0 0.440225 0.761475 0.0116135 0.0128659 85971
0 0.995967 0.810354 0.00765953 0.0231157 85972
0 0.57727 0.875136 0.0315495 0.0141683 85973
0 0.490912 0.721935 0.00931397 0.0113403 85974
0 0.674358 0.811188 0.0135151 0.0278425 85975
0 0.67477 0.804805 0.0143226 0.040908 85976
0 0.936727 0.674296 0.00699615 0.0141308 85977
0 0.948015 0.851132 0.0272842 0.040998 85978
0 0.950721 0.857058 0.0154522 0.0266096 85979
0 0.972268 0.673253 0.00549011 0.0195214 85980
0 0.853104 0.698581 0.0066452 0.0243183 85981
0 0.996129 0.81568 0.00733528 0.0125186 85982
0 0.938097 0.863748 0.0201279 0.0181886 85983
0 0.887802 0.977147 0.049633 0.0387251 85984
0 0.714895 0.830428 0.0203503 0.0321272 85985
0 0.445352 0.761583 0.0227537 0.0134664 85986
0 0.981563 0.727126 0.0346531 0.0111284 85987
0 0.35679 0.773106 0.013014 0.0150764 85988
0 0.933912 0.866567 0.0220526 0.0164829 85989
0 0.859486 0.795075 0.0066185 0.0130374 85990
0 0.945397 0.852188 0.0381916 0.0419759 85991
0 0.972386 0.729789 0.0536964 0.0144819 85992
0 0.0569767 0.745484 0.0135584 0.022276 85993
0 0.330176 0.77178 0.0175413 0.00870158 85994
0 0.85196 0.844854 0.0225475 0.0120182 85995
0 0.917872 0.972587 0.0169851 0.0387404 85996
0 0.588234 0.913304 0.0541191 0.0119634 85997
0 0.102253 0.984759 0.0596672 0.0263838 85998
0 0.936549 0.67755 0.00813828 0.0185042 85999
0 0.968327 0.731824 0.0525478 0.0109568 86000
0 0.845293 0.847326 0.0417093 0.0122742 86001
0 0.495737 0.863324 0.0160196 0.0102865 86002
0 0.943793 0.864186 0.0399498 0.0225274 86003
0 0.40766 0.842999 0.0453617 0.0180354 86004
0 0.590804 0.914407 0.0459141 0.00957201 86005
0 0.834444 0.697126 0.00520592 0.0188277 86006
0 0.153359 0.983528 0.0179413 0.0126002 86007
0 0.939789 0.860619 0.024777 0.0243907 86008
0 0.121024 0.985163 0.0378038 0.0221147 86009
0 0.95596 0.86769 0.0619499 0.0156925 86010
0 0.133301 0.742759 0.0191473 0.0112322 86011
0 0.99601 0.804098 0.00754623 0.0355255 86012
0 0.835176 0.835453 0.0267084 0.0337345 86013
0 0.127906 0.7414 0.0079216 0.00747121 86014
0 0.162453 0.736296 0.0369151 0.0111376 86015
0 0.40012 0.843723 0.0606922 0.0193997 86016
0 0.421972 0.871985 0.0119196 0.0326197 86017
0 0.949945 0.86427 0.0381844 0.0213906 86018
0 0.960057 0.848557 0.0121277 0.0340861 86019
0 0.412292 0.841802 0.0360801 0.0165195 86020
0 0.723576 0.765037 0.00687981 0.00916782 86021
0 0.152745 0.738063 0.0568743 0.0162281 86022
0 0.957136 0.869168 0.027277 0.00989126 86023
0 0.937548 0.677709 0.010619 0.0209266 86024
0 0.676332 0.795339 0.0144836 0.0473484 86025
0 0.955826 0.729781 0.0383236 0.0136441 86026
