0 0.470649 0.835383 0.0182315 0.0662228 25773
0 0.455379 0.832761 0.0126364 0.0679813 25774
0 0.696066 0.7927 0.00945873 0.0472633 25775
0 0.83069 0.834501 0.0174749 0.0340152 25776
0 0.794529 0.775293 0.0109214 0.0496799 25777
0 0.705037 0.791663 0.00989313 0.0475216 25778
0 0.815081 0.772998 0.00833702 0.0440662 25779
0 0.843362 0.766941 0.00810967 0.0471198 25780
0 0.859948 0.76338 0.00858498 0.0457816 25781
0 0.894836 0.756478 0.0085537 0.049034 25782
0 0.744517 0.784964 0.00861397 0.0475491 25783
0 0.718491 0.82989 0.0147318 0.032245 25784
0 0.89272 0.97619 0.0617653 0.0455524 25785
0 0.46866 0.779897 0.0067482 0.0243574 25786
0 0.757819 0.783755 0.0106033 0.0453793 25787
0 0.0707895 0.741545 0.0078 0.0262149 25788
0 0.856155 0.830547 0.0162186 0.0329519 25789
0 0.524662 0.813542 0.0112919 0.0421543 25790
0 0.434765 0.913524 0.0217487 0.0375854 25791
0 0.833358 0.776604 0.00736465 0.0292762 25792
0 0.277764 0.727944 0.00640836 0.0150009 25793
0 0.332353 0.753722 0.00781574 0.016666 25794
0 0.953522 0.849293 0.0219702 0.0408756 25795
0 0.957177 0.848026 0.0151714 0.0380642 25796
0 0.936995 0.750934 0.0102379 0.0443481 25797
0 0.97196 0.763067 0.0130867 0.0275696 25798
0 0.118049 0.983695 0.0361398 0.0239994 25799
0 0.198145 0.915131 0.0460279 0.0322637 25800
0 0.00900118 0.752118 0.00979748 0.0173431 25801
0 0.903675 0.972963 0.0388281 0.0390912 25802
0 0.958626 0.736499 0.00842857 0.0274475 25803
0 0.756304 0.782351 0.00944462 0.0484589 25804
0 0.354906 0.989298 0.0148308 0.0213272 25805
0 0.528053 0.738562 0.0059063 0.0116196 25806
0 0.321079 0.715579 0.0061223 0.02162 25807
0 0.00328798 0.905313 0.00652404 0.0446547 25808
0 0.193184 0.736818 0.0112181 0.0137434 25809
0 0.853817 0.831826 0.0216509 0.0362196 25810
0 0.53266 0.739864 0.0155945 0.00962626 25811
0 0.0220923 0.938266 0.0441846 0.0283641 25812
0 0.110007 0.984468 0.0519357 0.0254998 25813
0 0.0972731 0.994205 0.0500358 0.00818007 25814
0 0.443568 0.78121 0.00966911 0.0186696 25815
0 0.103296 0.99357 0.0611315 0.00872989 25816
0 0.714852 0.830474 0.0224575 0.0326257 25817
0 0.949678 0.858474 0.0140308 0.0233714 25818
0 0.884024 0.985646 0.0447887 0.0269635 25819
0 0.769075 0.697072 0.0062192 0.0171594 25820
0 0.789562 0.698177 0.0094553 0.0159856 25821
0 0.00372829 0.935695 0.00739305 0.105133 25822
0 0.445864 0.781825 0.015262 0.0177151 25823
0 0.112395 0.981837 0.0251806 0.0236606 25824
0 0.863768 0.833396 0.0325859 0.03811 25825
0 0.577272 0.875239 0.0322514 0.0136778 25826
0 0.545831 0.794651 0.0658602 0.0164761 25827
0 0.89784 0.681494 0.00467529 0.0163985 25828
0 0.00351682 0.975738 0.00700058 0.0253718 25829
0 0.678118 0.816351 0.02062 0.0209393 25830
0 0.00551756 0.975543 0.0110314 0.0261915 25831
0 0.577537 0.875638 0.0326523 0.0142303 25832
0 0.978517 0.660802 0.00671005 0.0229202 25833
0 0.831553 0.775978 0.0111996 0.0302785 25834
0 0.517812 0.794728 0.0124741 0.00834961 25835
0 0.753471 0.791548 0.00797567 0.0310984 25836
0 0.124148 0.985459 0.0306824 0.0217367 25837
0 0.972251 0.672799 0.00487289 0.0187007 25838
0 0.860123 0.792873 0.00704002 0.0168901 25839
0 0.144623 0.739178 0.00717096 0.00880805 25840
0 0.974696 0.763006 0.0183004 0.0269562 25841
0 0.93503 0.743634 0.0107033 0.0581567 25842
0 0.995868 0.813984 0.00786476 0.0146717 25843
0 0.77298 0.812739 0.00839462 0.0150909 25844
0 0.885327 0.979394 0.0474056 0.0395577 25845
0 0.897115 0.6722 0.00594101 0.0115953 25846
0 0.948135 0.850628 0.0312099 0.044711 25847
0 0.978766 0.656366 0.00733719 0.0247273 25848
0 0.00600148 0.960118 0.0119286 0.0576667 25849
0 0.753692 0.763357 0.00663452 0.0156357 25850
0 0.143459 0.738786 0.00697181 0.00905016 25851
0 0.872806 0.845715 0.0140528 0.0143429 25852
0 0.0724758 0.758166 0.0217284 0.0131146 25853
0 0.151589 0.739519 0.0210081 0.0108493 25854
0 0.0128229 0.760793 0.0237977 0.00857646 25855
0 0.770025 0.813168 0.0138624 0.0150326 25856
0 0.938954 0.75075 0.0114861 0.0440979 25857
0 0.954255 0.759385 0.0307165 0.0186383 25858
0 0.933293 0.742431 0.00693016 0.056563 25859
0 0.774946 0.812973 0.0180195 0.0167101 25860
0 0.3182 0.720239 0.0121602 0.0143158 25861
0 0.945958 0.859363 0.0292847 0.0280455 25862
0 0.93741 0.866944 0.0140594 0.015126 25863
0 0.532738 0.73846 0.0162405 0.0129869 25864
0 0.881969 0.68561 0.00594387 0.0099589 25865
0 0.77934 0.81582 0.00852881 0.0105411 25866
0 0.318327 0.716265 0.0120792 0.0239495 25867
0 0.391728 0.832124 0.0180566 0.08793 25868
0 0.00930367 0.752453 0.013758 0.0182112 25869
0 0.705497 0.831718 0.0404116 0.0320972 25870
0 0.860732 0.845671 0.0385143 0.0159197 25871
0 0.19309 0.73304 0.0116224 0.0175724 25872
0 0.944121 0.865886 0.0263546 0.0171441 25873
0 0.131447 0.984254 0.0634582 0.0205729 25874
0 0.0536824 0.750657 0.00527949 0.00767924 25875
0 0.867331 0.796451 0.0339561 0.013768 25876
0 0.0714842 0.747422 0.0206965 0.0195102 25877
0 0.859016 0.831982 0.0234837 0.037953 25878
0 0.853221 0.84526 0.026376 0.0148768 25879
0 0.277813 0.725029 0.0073596 0.0211233 25880
