0 0.4533 0.833502 0.0124138 0.0680328 52134
0 0.843046 0.76577 0.00879688 0.0496426 52135
0 0.796769 0.774534 0.0104445 0.0523217 52136
0 0.718257 0.83069 0.0144892 0.0299998 52137
0 0.692311 0.793823 0.00948524 0.0487089 52138
0 0.664625 0.801046 0.0101068 0.0457553 52139
0 0.83119 0.834662 0.0184486 0.0334585 52140
0 0.761536 0.781916 0.00953102 0.0440626 52141
0 0.703521 0.79093 0.00906963 0.0473853 52142
0 0.748695 0.782255 0.00926685 0.0501129 52143
0 0.736503 0.785592 0.00896034 0.0468601 52144
0 0.774559 0.777327 0.00888596 0.0505964 52145
0 0.561679 0.815283 0.0115353 0.0532522 52146
0 0.953528 0.84923 0.0219851 0.0415117 52147
0 0.856174 0.830413 0.0142941 0.0328637 52148
0 0.287587 0.722957 0.00695987 0.0176185 52149
0 0.95697 0.848616 0.0153011 0.0400733 52150
0 0.0220588 0.938194 0.0441177 0.0292375 52151
0 0.803452 0.69807 0.00539532 0.0169688 52152
0 0.937716 0.728032 0.00942421 0.0233149 52153
0 0.198175 0.915596 0.0464083 0.0319692 52154
0 0.481896 0.859398 0.036591 0.0188056 52155
0 0.39119 0.830873 0.0178771 0.0848145 52156
0 0.354953 0.989139 0.0146463 0.0217222 52157
0 0.0608626 0.737282 0.00510268 0.0173099 52158
0 0.433938 0.914423 0.0240584 0.0356893 52159
0 0.853702 0.830857 0.0209032 0.0339973 52160
0 0.676846 0.816194 0.0166757 0.0179711 52161
0 0.00571931 0.752961 0.0105618 0.0186785 52162
0 0.11626 0.983579 0.0322131 0.0257456 52163
0 0.883936 0.980307 0.0456978 0.0381629 52164
0 0.890272 0.976179 0.0576847 0.0453715 52165
0 0.317155 0.710277 0.00630231 0.0167664 52166
0 0.00299403 0.97118 0.00592985 0.0335615 52167
0 0.0667044 0.743589 0.00769408 0.0203315 52168
0 0.540841 0.849329 0.00683479 0.0267175 52169
0 0.411919 0.770765 0.0102345 0.0283759 52170
0 0.902672 0.973602 0.0336306 0.0407625 52171
0 0.995911 0.811614 0.00776443 0.0197839 52172
0 0.853059 0.848288 0.024572 0.00966119 52173
0 0.577393 0.87574 0.0328036 0.0146145 52174
0 0.0954964 0.994257 0.0461931 0.0081526 52175
0 0.741746 0.796283 0.00537739 0.0239568 52176
0 0.913793 0.973086 0.0107567 0.0389628 52177
0 0.110474 0.984239 0.0504315 0.0267007 52178
0 0.972267 0.762731 0.0142136 0.0273382 52179
0 0.921405 0.973479 0.0268927 0.0401869 52180
0 0.275299 0.730708 0.00678334 0.018251 52181
0 0.519705 0.731019 0.00981007 0.0157757 52182
0 0.413615 0.764423 0.0058548 0.0157077 52183
0 0.00458181 0.970638 0.00908083 0.0356194 52184
0 0.562009 0.807745 0.0112383 0.0383864 52185
0 0.907871 0.97331 0.0226521 0.0400497 52186
0 0.520409 0.731269 0.0154263 0.0166263 52187
0 0.104398 0.993345 0.0646588 0.00939551 52188
0 0.516479 0.730087 0.00791941 0.0115441 52189
0 0.742933 0.783379 0.00702362 0.0497053 52190
0 0.4943 0.859148 0.0166939 0.0177166 52191
0 0.411943 0.767209 0.00861788 0.0202074 52192
0 0.112071 0.982362 0.0247376 0.021892 52193
0 0.0655558 0.744737 0.0105311 0.0203152 52194
0 0.973778 0.763043 0.0202112 0.0277142 52195
0 0.274405 0.731886 0.00742884 0.0203903 52196
0 0.876769 0.68307 0.0052948 0.0132889 52197
0 0.00298118 0.963249 0.00596236 0.0492852 52198
0 0.78322 0.696886 0.00479927 0.0136888 52199
0 0.307514 0.71485 0.0292952 0.00858934 52200
0 0.769807 0.782584 0.00807676 0.0415307 52201
0 0.953916 0.674832 0.0072422 0.0150899 52202
0 0.773059 0.812279 0.00564232 0.0154112 52203
0 0.974235 0.768859 0.0197426 0.015911 52204
0 0.00481624 0.756507 0.00952451 0.0129635 52205
0 0.182134 0.73669 0.0149445 0.0077535 52206
0 0.131413 0.983886 0.0631872 0.0250632 52207
0 0.972909 0.75333 0.00753632 0.00894301 52208
0 0.852109 0.845309 0.0222469 0.0117686 52209
0 0.899479 0.975036 0.0455875 0.0399156 52210
0 0.950666 0.856183 0.0166435 0.0290412 52211
0 0.769564 0.785438 0.00635262 0.0346247 52212
0 0.410967 0.779531 0.0197834 0.0138548 52213
0 0.39118 0.81127 0.0172588 0.0433307 52214
0 0.880759 0.984092 0.0393005 0.0306959 52215
0 0.974245 0.771382 0.019891 0.0114439 52216
0 0.125401 0.985229 0.0288736 0.0232215 52217
0 0.409687 0.777129 0.0174177 0.016687 52218
0 0.769491 0.811691 0.0118628 0.0177351 52219
0 0.153715 0.983569 0.0179254 0.0140703 52220
0 0.910529 0.975766 0.0504208 0.0443515 52221
0 0.410219 0.779796 0.0188988 0.0129401 52222
0 0.994873 0.810574 0.00980911 0.0226746 52223
0 0.779744 0.816259 0.00790577 0.0090505 52224
0 0.94732 0.859783 0.00983982 0.0189694 52225
0 0.409327 0.771636 0.0160712 0.0297936 52226
0 0.850549 0.833156 0.0260357 0.034786 52227
0 0.895867 0.684625 0.00379944 0.0183677 52228
0 0.995761 0.805117 0.00804424 0.032746 52229
0 0.182441 0.736293 0.015311 0.00765483 52230
0 0.979526 0.762719 0.0318972 0.0274207 52231
0 0.857525 0.847089 0.0338028 0.0143002 52232
0 0.936198 0.866836 0.0116188 0.01603 52233
0 0.760949 0.824543 0.0107173 0.00655857 52234
0 0.843815 0.845659 0.0445366 0.0152457 52235
0 0.00934482 0.972761 0.0185448 0.0350098 52236
0 0.952764 0.676561 0.00566425 0.0152949 52237
0 0.185312 0.736942 0.0220453 0.00842048 52238
0 0.743825 0.783033 0.0184556 0.0511858 52239
0 0.862859 0.832674 0.0310894 0.0375988 52240
