0 0.452476 0.834007 0.0122776 0.0671288 63107
0 0.718452 0.78718 0.0096447 0.0494551 63108
0 0.747244 0.781502 0.0113242 0.0513397 63109
0 0.830745 0.834737 0.0176289 0.0334193 63110
0 0.702355 0.792285 0.0102266 0.04658 63111
0 0.796622 0.775856 0.0080595 0.0483517 63112
0 0.953668 0.849943 0.0219452 0.0423184 63113
0 0.615514 0.809376 0.0105705 0.0472646 63114
0 0.542116 0.818533 0.0130374 0.0565667 63115
0 0.692796 0.795247 0.0103596 0.0479531 63116
0 0.843335 0.765721 0.00782547 0.0437826 63117
0 0.47558 0.853841 0.0158609 0.0304198 63118
0 0.938569 0.728707 0.00784988 0.0209117 63119
0 0.731448 0.787272 0.0093092 0.0446859 63120
0 0.00468663 0.751923 0.00913499 0.0185189 63121
0 0.0587272 0.737481 0.00510287 0.0197906 63122
0 0.856017 0.830182 0.014632 0.0324166 63123
0 0.718285 0.830762 0.0132484 0.0308858 63124
0 0.198064 0.914213 0.0463703 0.0338884 63125
0 0.7385 0.793006 0.00711937 0.0320552 63126
0 0.972492 0.762598 0.0153416 0.0268188 63127
0 0.433706 0.914053 0.0252851 0.0376331 63128
0 0.114727 0.981877 0.0318115 0.0267995 63129
0 0.3548 0.989161 0.0149686 0.0216788 63130
0 0.676432 0.814956 0.0165745 0.0193761 63131
0 0.0222392 0.938903 0.0444364 0.0290956 63132
0 0.314685 0.716715 0.00581026 0.0180198 63133
0 0.292509 0.724142 0.00594578 0.0189731 63134
0 0.712237 0.831311 0.0259165 0.0320199 63135
0 0.905394 0.972383 0.0370522 0.041243 63136
0 0.883513 0.982093 0.0441311 0.0345639 63137
0 0.852857 0.830955 0.0207767 0.0349589 63138
0 0.275688 0.728995 0.0059783 0.0154327 63139
0 0.06532 0.751289 0.00497231 0.0132024 63140
0 0.395146 0.776265 0.00654068 0.0163934 63141
0 0.827069 0.696109 0.00564957 0.0147931 63142
0 0.398069 0.759635 0.00453401 0.0095459 63143
0 0.921812 0.972601 0.0270723 0.0414405 63144
0 0.430518 0.755381 0.00507393 0.0101947 63145
0 0.135451 0.740913 0.0146757 0.00968764 63146
0 0.440703 0.917408 0.0104954 0.0287133 63147
0 0.912091 0.973117 0.0465218 0.0428253 63148
0 0.00516807 0.760419 0.0102359 0.00634562 63149
0 0.99617 0.811522 0.00724716 0.0208042 63150
0 0.139348 0.74117 0.00763769 0.00949164 63151
0 0.894954 0.976171 0.0665913 0.0454688 63152
0 0.111435 0.982889 0.0422545 0.0293998 63153
0 0.576984 0.875848 0.03381 0.0136848 63154
0 0.515945 0.732448 0.00927391 0.0108988 63155
0 0.00703412 0.760757 0.0140349 0.00703888 63156
0 0.0644337 0.746024 0.0160961 0.025532 63157
0 0.798718 0.695778 0.00621481 0.0139226 63158
0 0.103483 0.994152 0.0633811 0.00862054 63159
0 0.914756 0.971556 0.01078 0.0406135 63160
0 0.971712 0.674459 0.00538349 0.0189525 63161
0 0.852788 0.848053 0.0257774 0.0107246 63162
0 0.00782274 0.981522 0.015547 0.0143161 63163
0 0.959398 0.850163 0.0108139 0.0373949 63164
0 0.103768 0.983005 0.0643614 0.0297638 63165
0 0.872346 0.845681 0.0147537 0.0158076 63166
0 0.00621168 0.9823 0.0123407 0.0119853 63167
0 0.773404 0.812507 0.00688 0.0147444 63168
0 0.431576 0.75466 0.00753202 0.0110992 63169
0 0.983869 0.681332 0.00460281 0.0164156 63170
0 0.0616667 0.750751 0.0342926 0.0174033 63171
0 0.769653 0.812543 0.0128164 0.014571 63172
0 0.394294 0.769545 0.0145653 0.0302063 63173
0 0.859865 0.846016 0.0410759 0.0168659 63174
0 0.144132 0.739775 0.037821 0.0134969 63175
0 0.54203 0.809561 0.0119124 0.0378047 63176
0 0.859715 0.795274 0.00889206 0.0128137 63177
0 0.891527 0.674097 0.00435181 0.0101093 63178
0 0.492917 0.863919 0.0191122 0.00883687 63179
0 0.12023 0.982973 0.0427239 0.028243 63180
0 0.315639 0.716996 0.00755095 0.0194977 63181
0 0.391145 0.832512 0.018656 0.0904226 63182
0 0.559345 0.838561 0.00617104 0.0128477 63183
0 0.975283 0.762628 0.0220724 0.0281335 63184
0 0.43408 0.907807 0.0282902 0.0514604 63185
0 0.159335 0.737122 0.00688186 0.00825772 63186
0 0.952134 0.86165 0.0178232 0.0202003 63187
0 0.0082041 0.978926 0.0162629 0.0195852 63188
0 0.842861 0.835079 0.0423061 0.0346288 63189
0 0.893987 0.976222 0.0246849 0.0313307 63190
0 0.737675 0.787845 0.00960236 0.041843 63191
0 0.844212 0.846568 0.0442982 0.0137326 63192
0 0.863986 0.8337 0.0331419 0.0388435 63193
0 0.575937 0.881529 0.0319714 0.00659451 63194
0 0.856161 0.833921 0.0490047 0.0405645 63195
0 0.484506 0.857226 0.0367091 0.0236916 63196
