0 0.453978 0.833306 0.014521 0.0684147 7557
0 0.480628 0.833108 0.0149534 0.0688199 7558
0 0.161534 0.883089 0.0142453 0.0598423 7559
0 0.789936 0.776614 0.0106493 0.0476556 7560
0 0.424574 0.901574 0.0165518 0.0666531 7561
0 0.959434 0.743046 0.00843887 0.0487525 7562
0 0.697747 0.792969 0.00948057 0.048251 7563
0 0.925955 0.751355 0.0102705 0.0480687 7564
0 0.830278 0.834788 0.0171581 0.0336141 7565
0 0.803914 0.777574 0.00833354 0.0424011 7566
0 0.77115 0.776908 0.00935383 0.05101 7567
0 0.894749 0.975598 0.0647713 0.0455739 7568
0 0.854131 0.764572 0.00828629 0.0424316 7569
0 0.71866 0.830348 0.0129879 0.0315174 7570
0 0.845409 0.767313 0.0102766 0.0465222 7571
0 0.991163 0.736044 0.00994759 0.050784 7572
0 0.855346 0.831672 0.015406 0.0331553 7573
0 0.953841 0.848434 0.0216324 0.037846 7574
0 0.762215 0.780202 0.00790758 0.0441242 7575
0 0.682922 0.793618 0.0099659 0.040882 7576
0 0.874649 0.769341 0.00777931 0.0318483 7577
0 0.505135 0.807965 0.0105116 0.0372223 7578
0 0.91732 0.739326 0.00736427 0.0249262 7579
0 0.936662 0.727506 0.00598202 0.0225684 7580
0 0.193773 0.915312 0.0375612 0.0303502 7581
0 0.115514 0.983295 0.0315063 0.0261865 7582
0 0.0221139 0.938805 0.0442278 0.0304579 7583
0 0.852459 0.832454 0.0206373 0.0350871 7584
0 0.355251 0.989055 0.0139229 0.0218897 7585
0 0.951098 0.858364 0.0169952 0.0254361 7586
0 0.677031 0.814969 0.0172754 0.0205107 7587
0 0.577486 0.874721 0.0332754 0.0159682 7588
0 0.0062734 0.981155 0.0124543 0.0147681 7589
0 0.981098 0.658887 0.00676117 0.0351254 7590
0 0.995845 0.813128 0.0078949 0.0176929 7591
0 0.509463 0.771939 0.0055686 0.0126343 7592
0 0.952413 0.855514 0.0205894 0.0318264 7593
0 0.304131 0.755577 0.00563078 0.0171743 7594
0 0.843366 0.76664 0.00908699 0.0486545 7595
0 0.00614437 0.751428 0.0119357 0.0183655 7596
0 0.677171 0.811129 0.0186144 0.0278297 7597
0 0.884366 0.979296 0.0448124 0.0383331 7598
0 0.0946458 0.994331 0.0450126 0.00805732 7599
0 0.67811 0.799586 0.0201185 0.0502292 7600
0 0.0563783 0.751457 0.00498971 0.0104184 7601
0 0.110466 0.982125 0.0216263 0.0248237 7602
0 0.985113 0.676883 0.00926628 0.0167859 7603
0 0.982123 0.66275 0.00922661 0.0429302 7604
0 0.292842 0.733863 0.00888777 0.00930142 7605
0 0.970393 0.669813 0.00424976 0.0134849 7606
0 0.71353 0.830626 0.0234734 0.0326867 7607
0 0.131513 0.983358 0.0635618 0.0259315 7608
0 0.7867 0.697667 0.00536137 0.0197274 7609
0 0.97007 0.668134 0.00430717 0.0136498 7610
0 0.817202 0.783689 0.0271858 0.0123956 7611
0 0.30461 0.754501 0.00802336 0.0158318 7612
0 0.9221 0.973289 0.0273958 0.041413 7613
0 0.484251 0.776487 0.00479546 0.0120405 7614
0 0.911542 0.974061 0.0374996 0.0422757 7615
0 0.122145 0.984271 0.0356204 0.0246843 7616
0 0.328142 0.709698 0.00644894 0.0158213 7617
0 0.00327453 0.756433 0.00652255 0.0118807 7618
0 0.986289 0.690512 0.0267567 0.017062 7619
0 0.917616 0.973275 0.0215889 0.039327 7620
0 0.97027 0.738369 0.00680428 0.0317261 7621
0 0.974423 0.762229 0.0173803 0.0283883 7622
0 0.972711 0.752035 0.00764427 0.00989583 7623
0 0.577394 0.870094 0.0340143 0.025568 7624
0 0.851251 0.845755 0.021829 0.0126702 7625
0 0.00687645 0.978923 0.0136322 0.019106 7626
0 0.804767 0.78334 0.052046 0.0153563 7627
0 0.507554 0.772159 0.0108582 0.0138679 7628
0 0.0842705 0.740847 0.00905709 0.0114909 7629
0 0.761568 0.790532 0.0100056 0.0650818 7630
0 0.972762 0.768765 0.0150867 0.015666 7631
0 0.84791 0.833753 0.0304771 0.0350884 7632
0 0.591617 0.911045 0.0608406 0.0173813 7633
0 0.101408 0.984327 0.0576515 0.0266279 7634
0 0.841447 0.834835 0.0404182 0.0346161 7635
0 0.917889 0.971236 0.0156952 0.0377487 7636
0 0.787748 0.698405 0.00651455 0.0205427 7637
0 0.00912945 0.981016 0.0181357 0.0161431 7638
0 0.974928 0.770034 0.0177132 0.0135978 7639
0 0.863099 0.833283 0.0344349 0.0383775 7640
0 0.852274 0.84043 0.0551357 0.0284159 7641
0 0.851249 0.842811 0.0206636 0.0152876 7642
0 0.951293 0.862363 0.0187126 0.0218982 7643
0 0.876858 0.983253 0.0298824 0.0304601 7644
0 0.957342 0.850419 0.0239559 0.0401957 7645
0 0.953315 0.857809 0.026952 0.0313032 7646
0 0.0976186 0.985811 0.0517836 0.0230535 7647
0 0.592073 0.907354 0.0618998 0.0252543 7648
0 0.872275 0.845467 0.0143936 0.0153185 7649
0 0.843263 0.841599 0.0447708 0.0242198 7650
0 0.903464 0.672406 0.00582733 0.0120372 7651
0 0.922266 0.750569 0.0173309 0.0490326 7652
0 0.985581 0.683211 0.0248909 0.00883442 7653
