0 0.452795 0.833457 0.0128878 0.0667275 37711
0 0.479611 0.827349 0.0144511 0.0594764 37712
0 0.276063 0.864819 0.0129989 0.0581723 37713
0 0.953385 0.848337 0.0223522 0.0421332 37714
0 0.698232 0.794948 0.00964565 0.0512378 37715
0 0.953067 0.746822 0.00942116 0.0482968 37716
0 0.965235 0.741541 0.0092495 0.0454251 37717
0 0.878196 0.760387 0.00743446 0.0434726 37718
0 0.830731 0.834241 0.0156155 0.0327708 37719
0 0.843877 0.766182 0.00894661 0.0459374 37720
0 0.775964 0.778129 0.00981064 0.0476605 37721
0 0.42175 0.911078 0.0188814 0.048979 37722
0 0.530644 0.778172 0.00726128 0.0269765 37723
0 0.789529 0.775667 0.00848179 0.0493496 37724
0 0.834106 0.771667 0.00942574 0.0406584 37725
0 0.996763 0.733297 0.00604897 0.0466132 37726
0 0.856536 0.828215 0.0125399 0.0351546 37727
0 0.796851 0.775756 0.0086853 0.0485898 37728
0 0.971675 0.762189 0.0132706 0.0280304 37729
0 0.71859 0.830438 0.0141497 0.0316928 37730
0 0.198339 0.916476 0.0459579 0.0311418 37731
0 0.516731 0.780628 0.00836506 0.0195463 37732
0 0.893773 0.976056 0.0657375 0.0464569 37733
0 0.713737 0.830827 0.0242643 0.0325438 37734
0 0.899844 0.740666 0.00783138 0.0289602 37735
0 0.678526 0.816445 0.0203115 0.0177077 37736
0 0.939814 0.744306 0.00738449 0.0261719 37737
0 0.114513 0.983611 0.0321405 0.0189256 37738
0 0.474088 0.79779 0.0110178 0.0330763 37739
0 0.0222064 0.938415 0.0444127 0.027799 37740
0 0.00800825 0.746845 0.00867244 0.0189258 37741
0 0.995665 0.813962 0.00825195 0.0181985 37742
0 0.351898 0.989485 0.0188436 0.0210294 37743
0 0.331008 0.708804 0.00598001 0.0160926 37744
0 0.975561 0.665476 0.00906029 0.0399848 37745
0 0.685388 0.788526 0.0105407 0.0227983 37746
0 0.784262 0.694733 0.00625544 0.0102714 37747
0 0.85309 0.829639 0.0195683 0.0390398 37748
0 0.00631769 0.747256 0.0124479 0.0211202 37749
0 0.577549 0.872715 0.0332979 0.0196496 37750
0 0.0966237 0.994211 0.0484226 0.00822991 37751
0 0.883668 0.979444 0.0459616 0.0399431 37752
0 0.927668 0.728112 0.00669518 0.0209486 37753
0 0.905937 0.973763 0.0408787 0.0425083 37754
0 0.00553 0.98131 0.0109672 0.0138675 37755
0 0.303313 0.741365 0.00682249 0.0124457 37756
0 0.0590743 0.74977 0.00328622 0.00725471 37757
0 0.371867 0.738429 0.0131406 0.0118074 37758
0 0.290707 0.749914 0.00809603 0.0134598 37759
0 0.798566 0.775603 0.0106023 0.0479628 37760
0 0.94941 0.849972 0.0301174 0.0444383 37761
0 0.795038 0.776079 0.0112933 0.0496955 37762
0 0.917361 0.972735 0.0182083 0.0399606 37763
0 0.100927 0.992448 0.0573669 0.0113037 37764
0 0.00577356 0.750107 0.0113857 0.0138218 37765
0 0.540994 0.849236 0.00726824 0.027892 37766
0 0.927361 0.729186 0.00913029 0.0258457 37767
0 0.99689 0.661876 0.00423412 0.014001 37768
0 0.966673 0.745772 0.0166985 0.0571099 37769
0 0.921337 0.97335 0.0285084 0.0408573 37770
0 0.11 0.985784 0.0417311 0.0230191 37771
0 0.789076 0.819759 0.0267653 0.00842523 37772
0 0.950356 0.865856 0.0378954 0.017315 37773
0 0.00757884 0.757899 0.014282 0.00957336 37774
0 0.685349 0.796925 0.0113678 0.0422187 37775
0 0.987558 0.679463 0.00483627 0.0112383 37776
0 0.770053 0.811865 0.0132212 0.0171909 37777
0 0.390941 0.833001 0.0187373 0.0878371 37778
0 0.905529 0.762019 0.00599022 0.0270654 37779
0 0.766915 0.695279 0.00777092 0.011885 37780
0 0.852001 0.842091 0.0220716 0.0175602 37781
0 0.967104 0.74202 0.0127861 0.0466483 37782
0 0.201946 0.727575 0.00709119 0.00802917 37783
0 0.275753 0.85232 0.0118891 0.0336265 37784
0 0.841244 0.835016 0.037941 0.0342373 37785
0 0.974026 0.762266 0.019239 0.0278649 37786
0 0.172962 0.735892 0.00643024 0.007881 37787
0 0.474626 0.803407 0.0114458 0.045182 37788
0 0.935986 0.867624 0.0113602 0.0134586 37789
0 0.906831 0.975958 0.0568493 0.045381 37790
0 0.595229 0.906664 0.0536312 0.0233349 37791
0 0.852455 0.84534 0.0256992 0.0144586 37792
0 0.120163 0.984861 0.0385879 0.0205315 37793
0 0.553845 0.738639 0.00526962 0.00946876 37794
0 0.949635 0.864124 0.021981 0.0153937 37795
0 0.855641 0.846485 0.03736 0.0138435 37796
0 0.960312 0.863106 0.0491398 0.0171005 37797
0 0.683767 0.815416 0.0140097 0.0184374 37798
0 0.903543 0.682727 0.00415535 0.0157325 37799
0 0.788355 0.817802 0.0267632 0.0111691 37800
0 0.788736 0.818132 0.0268396 0.0106984 37801
0 0.0662916 0.7521 0.00841956 0.012134 37802
0 0.112454 0.98102 0.0299592 0.0233222 37803
0 0.00602049 0.979031 0.0119233 0.0184048 37804
0 0.695631 0.841536 0.0267515 0.0143684 37805
0 0.292317 0.75878 0.0151048 0.00956506 37806
0 0.901674 0.742165 0.0112057 0.0325414 37807
0 0.0780929 0.75207 0.0157307 0.0138357 37808
0 0.96779 0.764267 0.0231146 0.0281094 37809
0 0.130072 0.985153 0.0653964 0.02152 37810
0 0.591266 0.912008 0.0553032 0.0159926 37811
0 0.77964 0.817419 0.00857935 0.0108761 37812
0 0.958268 0.866357 0.056105 0.0149421 37813
0 0.773796 0.812452 0.0214937 0.0202343 37814
0 0.317958 0.713696 0.0162381 0.00857595 37815
0 0.988136 0.679307 0.00637398 0.0122454 37816
0 0.197879 0.728122 0.0189311 0.0086814 37817
0 0.880216 0.985023 0.0391584 0.0291623 37818
0 0.960565 0.863268 0.0528141 0.0122247 37819
0 0.98695 0.679465 0.00671692 0.0124069 37820
0 0.753503 0.826371 0.0305417 0.00695224 37821
0 0.859859 0.795787 0.00716438 0.0110772 37822
0 0.00959406 0.980912 0.0189957 0.0159176 37823
0 0.82691 0.83193 0.0230663 0.03695 37824
0 0.122584 0.742892 0.00715299 0.0133826 37825
0 0.819027 0.815501 0.0141769 0.00934109 37826
0 0.101754 0.986241 0.0598401 0.0228912 37827
0 0.981683 0.771468 0.00860272 0.00967814 37828
