0 0.514422 0.821775 0.0117077 0.0549096 None
0 0.451957 0.834177 0.0125532 0.0668418 None
0 0.691388 0.794652 0.00872736 0.046155 None
0 0.842688 0.767091 0.00978088 0.0465368 None
0 0.581008 0.815227 0.0120077 0.0502067 None
0 0.704386 0.788605 0.0123217 0.0529277 None
0 0.796587 0.774669 0.00769701 0.0472924 None
0 0.718486 0.830625 0.0139433 0.031072 None
0 0.953713 0.849897 0.02257 0.0411067 None
0 0.674076 0.788796 0.00998745 0.0423635 None
0 0.722593 0.788082 0.00958204 0.0475922 None
0 0.746264 0.781869 0.007868 0.0486932 None
0 0.830851 0.834742 0.0176544 0.0334447 None
0 0.115677 0.98283 0.0353451 0.0272834 None
0 0.474735 0.856649 0.0176021 0.025392 None
0 0.431729 0.914199 0.0279698 0.036988 None
0 0.0112938 0.749586 0.0105713 0.0204297 None
0 0.197709 0.916382 0.0451608 0.0309986 None
0 0.974511 0.761729 0.0185814 0.0285977 None
0 0.711479 0.790834 0.00913487 0.0441325 None
0 0.856276 0.829503 0.013945 0.033371 None
0 0.355337 0.989196 0.0140182 0.0216074 None
0 0.0221645 0.937907 0.0442619 0.0295831 None
0 0.897866 0.975066 0.0736008 0.0467821 None
0 0.00571211 0.979393 0.0113525 0.0181451 None
0 0.840651 0.697394 0.00525284 0.0191042 None
0 0.381769 0.774946 0.00459299 0.0165578 None
0 0.990486 0.749767 0.00871162 0.0365007 None
0 0.910777 0.973336 0.0486227 0.0431429 None
0 0.315253 0.711941 0.00714846 0.0141235 None
0 0.38278 0.774726 0.00671401 0.0167443 None
0 0.853007 0.830563 0.0223965 0.035316 None
0 0.938706 0.727137 0.0081089 0.0206675 None
0 0.267649 0.726229 0.00595822 0.0150404 None
0 0.095172 0.994465 0.0476183 0.00800968 None
0 0.0679426 0.749103 0.00993633 0.014939 None
0 0.946735 0.676082 0.00688934 0.0182782 None
0 0.675652 0.815259 0.0154411 0.0189694 None
0 0.411254 0.762036 0.00725403 0.0140157 None
0 0.889504 0.978147 0.0573505 0.0417409 None
0 0.286613 0.717681 0.00637341 0.014397 None
0 0.903052 0.972546 0.0331615 0.0416823 None
0 0.996368 0.81208 0.00683937 0.0177521 None
0 0.0630028 0.737941 0.00668654 0.0139964 None
0 0.709955 0.788226 0.0116352 0.048566 None
0 0.920087 0.973284 0.0316998 0.0423838 None
0 0.990978 0.668464 0.00334702 0.0135951 None
0 0.287893 0.718068 0.00770879 0.0140489 None
0 0.852902 0.848255 0.026469 0.0104414 None
0 0.101958 0.993749 0.0617161 0.00867852 None
0 0.904095 0.682554 0.00455933 0.0144469 None
0 0.956732 0.849792 0.0163532 0.0383274 None
0 0.0587197 0.737839 0.0149719 0.0136007 None
0 0.575905 0.874928 0.036937 0.0147441 None
0 0.287631 0.718729 0.00524063 0.0141542 None
0 0.00507199 0.984992 0.0100563 0.0285567 None
0 0.811891 0.697827 0.00586357 0.0190692 None
0 0.978127 0.673522 0.00595627 0.0153677 None
0 0.500613 0.728021 0.0126806 0.0134128 None
0 0.713197 0.79022 0.00778227 0.0462755 None
0 0.540926 0.848558 0.00722694 0.0272452 None
0 0.268092 0.728174 0.00571852 0.0126133 None
0 0.715874 0.830847 0.0193007 0.032585 None
0 0.773058 0.812821 0.0204848 0.0156704 None
0 0.421632 0.762352 0.0265936 0.0135105 None
0 0.993379 0.698261 0.0128042 0.0131635 None
0 0.483784 0.856434 0.0373117 0.0258638 None
0 0.27008 0.726663 0.0110571 0.0149682 None
0 0.991496 0.74821 0.0107189 0.044563 None
0 0.993013 0.744465 0.0134102 0.0458049 None
0 0.144884 0.735045 0.0315889 0.0113654 None
0 0.3834 0.777512 0.00969601 0.0129527 None
0 0.576602 0.875757 0.0359076 0.0137065 None
0 0.953067 0.859934 0.0209515 0.0222348 None
0 0.935918 0.866982 0.0115314 0.0147698 None
0 0.39104 0.82858 0.0191137 0.0813721 None
0 0.390856 0.813032 0.018163 0.0487196 None
0 0.881991 0.980491 0.0429846 0.0375946 None
0 0.980668 0.664868 0.00451736 0.0124079 None
0 0.777134 0.813527 0.0128794 0.0150976 None
0 0.577509 0.880908 0.0338139 0.00919088 None
0 0.130857 0.982644 0.0655108 0.0271751 None
0 0.997216 0.671873 0.00504417 0.0104058 None
0 0.972759 0.677801 0.00689087 0.0162033 None
0 0.979812 0.663791 0.00591087 0.0113807 None
0 0.103207 0.983972 0.0633318 0.0274638 None
0 0.892916 0.675665 0.0058836 0.0128211 None
0 0.859475 0.79508 0.00783024 0.0125054 None
0 0.947194 0.865452 0.0334702 0.0180525 None
0 0.428561 0.762973 0.0131214 0.0113522 None
0 0.856741 0.795408 0.0146343 0.0129745 None
0 0.217435 0.866902 0.0273027 0.0196689 None
0 0.994842 0.669106 0.00971336 0.0150398 None
0 0.934614 0.679726 0.00491276 0.0104199 None
0 0.38453 0.773035 0.00942788 0.01926 None
0 0.440437 0.915403 0.0108427 0.0327332 None
0 0.858374 0.846571 0.0399422 0.0156481 None
0 0.0706015 0.746782 0.0162834 0.0127323 None
0 0.382428 0.775032 0.0130883 0.017051 None
0 0.00962677 0.979556 0.0190246 0.0200833 None
0 0.922989 0.975947 0.0261551 0.0356038 None
