0 0.452779 0.833255 0.0130854 0.0676517 49006
0 0.753275 0.781101 0.00797863 0.0498121 49007
0 0.809493 0.769002 0.00942764 0.047731 49008
0 0.830632 0.834956 0.017495 0.0329373 49009
0 0.702705 0.793104 0.0103855 0.0444512 49010
0 0.95361 0.849854 0.0221737 0.0424476 49011
0 0.797086 0.77533 0.00808048 0.0481756 49012
0 0.768398 0.779812 0.00938253 0.0429969 49013
0 0.843651 0.766806 0.00744877 0.0462543 49014
0 0.564651 0.816542 0.0121887 0.0443054 49015
0 0.781531 0.785626 0.00604324 0.0328027 49016
0 0.693299 0.795012 0.00972138 0.0439362 49017
0 0.736751 0.78599 0.00875511 0.0462779 49018
0 0.790131 0.775328 0.00805206 0.049939 49019
0 0.680577 0.794168 0.0107578 0.0372943 49020
0 0.0220236 0.93866 0.0440472 0.0279812 49021
0 0.197718 0.915995 0.0452414 0.0319309 49022
0 0.48229 0.858506 0.0288706 0.0210612 49023
0 0.717957 0.830339 0.0138212 0.0315063 49024
0 0.938323 0.72817 0.00727043 0.0220859 49025
0 0.856378 0.830556 0.0139084 0.0331682 49026
0 0.287542 0.723503 0.00742159 0.016725 49027
0 0.115184 0.981118 0.031225 0.0230849 49028
0 0.973985 0.763092 0.018557 0.0269962 49029
0 0.85297 0.831622 0.0221777 0.0344535 49030
0 0.907549 0.97267 0.0436504 0.0424506 49031
0 0.275528 0.730849 0.00628171 0.0156803 49032
0 0.432251 0.914815 0.0272553 0.0376348 49033
0 0.316355 0.713203 0.00603476 0.0165354 49034
0 0.89422 0.975257 0.0676014 0.0469218 49035
0 0.713733 0.830479 0.0228956 0.0323719 49036
0 0.354462 0.989285 0.0155087 0.0214294 49037
0 0.11971 0.98255 0.0402841 0.0261149 49038
0 0.00728288 0.748769 0.00836127 0.0187003 49039
0 0.274343 0.730851 0.00829983 0.0165012 49040
0 0.883365 0.979435 0.0459824 0.0388401 49041
0 0.972284 0.671664 0.00690269 0.0182295 49042
0 0.996211 0.807583 0.00717545 0.0278432 49043
0 0.00577357 0.975458 0.0114893 0.026867 49044
0 0.0978599 0.994109 0.0514796 0.0085044 49045
0 0.440697 0.919259 0.0105447 0.0247721 49046
0 0.794138 0.775738 0.00650272 0.0488959 49047
0 0.00259283 0.975893 0.00513845 0.0253235 49048
0 0.576486 0.875793 0.0320415 0.0138109 49049
0 0.0646066 0.746731 0.0065892 0.0187907 49050
0 0.0625059 0.741898 0.00989199 0.0267724 49051
0 0.676174 0.815996 0.015797 0.0182292 49052
0 0.0558059 0.741037 0.0106862 0.0096739 49053
0 0.183505 0.734668 0.0112921 0.00934482 49054
0 0.98347 0.667472 0.00616779 0.0223501 49055
0 0.0619346 0.7353 0.00727699 0.0164595 49056
0 0.00587461 0.748117 0.0116268 0.0208652 49057
0 0.879816 0.683875 0.00655441 0.018083 49058
0 0.00418254 0.975807 0.00833048 0.0254866 49059
0 0.14109 0.738033 0.0173666 0.00973273 49060
0 0.540592 0.849129 0.00690546 0.0274726 49061
0 0.13538 0.738388 0.00493817 0.00866564 49062
0 0.106735 0.983809 0.0656198 0.0278375 49063
0 0.980558 0.66777 0.00752773 0.0242571 49064
0 0.522573 0.735866 0.00954399 0.0105698 49065
0 0.0602534 0.738789 0.013178 0.0168754 49066
0 0.921908 0.97254 0.0269106 0.0425351 49067
0 0.428228 0.915815 0.0224472 0.0353594 49068
0 0.771557 0.812786 0.0142485 0.0152429 49069
0 0.416468 0.779024 0.00851469 0.018772 49070
0 0.679424 0.815734 0.021632 0.0190552 49071
0 0.955553 0.66925 0.00970898 0.0256236 49072
0 0.958049 0.850302 0.0136364 0.0392636 49073
0 0.788429 0.775871 0.0113926 0.0515015 49074
0 0.420471 0.762442 0.0269559 0.0112032 49075
0 0.433637 0.831173 0.0290596 0.0132514 49076
0 0.898101 0.682592 0.00584545 0.0134138 49077
0 0.92756 0.679946 0.00547676 0.0114556 49078
0 0.916283 0.969863 0.0139038 0.0385674 49079
0 0.954403 0.661263 0.00629101 0.0119846 49080
0 0.975765 0.771362 0.0162529 0.0105231 49081
0 0.673537 0.817565 0.0108339 0.0151781 49082
0 0.420777 0.915234 0.050024 0.0392409 49083
0 0.852715 0.848811 0.0244471 0.00872837 49084
0 0.990766 0.770293 0.0179953 0.00741102 49085
0 0.767419 0.81322 0.00848074 0.0146512 49086
0 0.375025 0.757912 0.0123012 0.00876957 49087
0 0.779019 0.81452 0.00859327 0.0125454 49088
0 0.302404 0.715651 0.0236423 0.00784793 49089
0 0.153445 0.983749 0.0178192 0.0123498 49090
0 0.880102 0.983108 0.0390841 0.0319112 49091
0 0.857596 0.835073 0.0434847 0.0382667 49092
0 0.903875 0.97728 0.0358959 0.031868 49093
0 0.412947 0.763019 0.00891762 0.00974358 49094
0 0.863355 0.832959 0.0306843 0.03873 49095
0 0.349564 0.989319 0.0261798 0.0212663 49096
0 0.773556 0.81229 0.0107316 0.0158457 49097
0 0.935768 0.866871 0.0110806 0.0148617 49098
0 0.937752 0.73664 0.00796928 0.00675354 49099
0 0.00914944 0.975852 0.0180696 0.0286574 49100
0 0.677367 0.799298 0.0181469 0.0484287 49101
0 0.775297 0.812694 0.0162367 0.0165307 49102
0 0.0605516 0.741857 0.0195457 0.0285265 49103
0 0.873612 0.985213 0.0258961 0.0271276 49104
0 0.779848 0.697942 0.00706205 0.0172626 49105
0 0.990734 0.768227 0.0180523 0.0103648 49106
0 0.686873 0.796308 0.0113604 0.043571 49107
0 0.79892 0.774869 0.0104704 0.0492006 49108
0 0.939554 0.728535 0.010564 0.0238308 49109
0 0.409994 0.932757 0.0290568 0.00721876 49110
0 0.592969 0.909793 0.0618766 0.0194119 49111
0 0.273082 0.731799 0.0098402 0.0158312 49112
0 0.990232 0.76554 0.0190659 0.013935 49113
0 0.9527 0.860512 0.0193151 0.0222366 49114
0 0.906897 0.754571 0.026063 0.0104965 49115
0 0.589863 0.914031 0.0560755 0.0101959 49116
0 0.852891 0.843186 0.025919 0.0190728 49117
0 0.411432 0.762265 0.0079422 0.0105611 49118
0 0.416536 0.775569 0.0198168 0.0262356 49119
0 0.592679 0.90709 0.0620108 0.0240346 49120
0 0.971899 0.862211 0.032402 0.0117828 49121
0 0.964227 0.851054 0.0459015 0.0444078 49122
0 0.523474 0.733758 0.0116686 0.0145579 49123
0 0.965387 0.862784 0.0438166 0.0129435 49124
