0 0.452591 0.833502 0.0126469 0.0689891 None
0 0.728682 0.788892 0.00839167 0.0427685 None
0 0.796966 0.775936 0.00934029 0.0498684 None
0 0.548036 0.812954 0.0121712 0.0499976 None
0 0.842771 0.76599 0.00900383 0.0465898 None
0 0.742705 0.784836 0.00869484 0.0460971 None
0 0.755404 0.781049 0.00792265 0.0488709 None
0 0.855955 0.763239 0.0106668 0.0534417 None
0 0.830655 0.834661 0.0176273 0.0335531 None
0 0.825415 0.768639 0.0103291 0.046165 None
0 0.694589 0.794767 0.00929165 0.0452406 None
0 0.704417 0.791808 0.010388 0.0481893 None
0 0.953813 0.848953 0.0219389 0.0399595 None
0 0.71818 0.830353 0.0135296 0.0317634 None
0 0.852867 0.832395 0.0218338 0.0343775 None
0 0.817514 0.779376 0.00585022 0.027938 None
0 0.198816 0.916345 0.0470156 0.0318239 None
0 0.891837 0.976125 0.0613838 0.0459225 None
0 0.352172 0.756519 0.00679684 0.0198605 None
0 0.935536 0.727006 0.00717754 0.022035 None
0 0.273643 0.725752 0.00584259 0.0156453 None
0 0.469764 0.854938 0.0131551 0.030996 None
0 0.0220731 0.938218 0.0441461 0.0288778 None
0 0.319816 0.711908 0.00608277 0.0168733 None
0 0.712493 0.831013 0.0261135 0.0323768 None
0 0.00561654 0.97705 0.0111913 0.0239444 None
0 0.472101 0.853837 0.0176062 0.0332653 None
0 0.904235 0.973047 0.0391106 0.0400889 None
0 0.114861 0.981347 0.030145 0.0240019 None
0 0.433419 0.914343 0.0247867 0.0370229 None
0 0.791177 0.702136 0.00523071 0.0201153 None
0 0.577678 0.875744 0.0324142 0.0148288 None
0 0.985269 0.745155 0.0107212 0.0433519 None
0 0.0706875 0.742854 0.0101964 0.018433 None
0 0.00885233 0.750631 0.0113893 0.0198232 None
0 0.354605 0.989266 0.0160964 0.0214673 None
0 0.109632 0.98056 0.0198392 0.0233137 None
0 0.675579 0.81664 0.014432 0.0194261 None
0 0.983644 0.744326 0.00802441 0.0416065 None
0 0.856121 0.831118 0.0152897 0.0332601 None
0 0.991825 0.738719 0.00709019 0.0440769 None
0 0.141844 0.735968 0.00487514 0.0107578 None
0 0.444421 0.778374 0.00613575 0.015389 None
0 0.531422 0.738597 0.016858 0.00955844 None
0 0.391413 0.827746 0.0179674 0.0764231 None
0 0.440796 0.918913 0.00994053 0.0252601 None
0 0.773971 0.698684 0.00725746 0.0171296 None
0 0.885456 0.979118 0.0491117 0.0398124 None
0 0.411195 0.768448 0.004354 0.00808139 None
0 0.89509 0.681805 0.0075304 0.0169911 None
0 0.531469 0.738398 0.0170347 0.00985413 None
0 0.108728 0.983684 0.0468682 0.0271157 None
0 0.475984 0.85249 0.0120121 0.0321445 None
0 0.391258 0.813476 0.017329 0.0462923 None
0 0.951929 0.859264 0.0182009 0.0229087 None
0 0.0698981 0.739961 0.00848441 0.0188538 None
0 0.986919 0.743249 0.0120743 0.045962 None
0 0.102803 0.993758 0.0613394 0.00904304 None
0 0.119648 0.984394 0.0392024 0.0231511 None
0 0.441283 0.77752 0.0121358 0.0145786 None
0 0.317743 0.712105 0.0104421 0.0181944 None
0 0.141029 0.735588 0.00713522 0.0099589 None
0 0.974358 0.763194 0.0210707 0.0262051 None
0 0.934243 0.736251 0.011833 0.00712179 None
0 0.996539 0.810914 0.00650959 0.0207052 None
0 0.922214 0.973785 0.0269527 0.0413283 None
0 0.858928 0.83439 0.0381529 0.0384933 None
0 0.541037 0.849501 0.00765905 0.028417 None
0 0.882691 0.682444 0.00807323 0.0108812 None
0 0.773015 0.812978 0.00891457 0.015213 None
0 0.911607 0.97487 0.047464 0.0441162 None
0 0.934501 0.72885 0.00990639 0.019457 None
0 0.996694 0.677314 0.00618343 0.0201107 None
0 0.428443 0.918804 0.0199498 0.0292701 None
0 0.777265 0.813457 0.0127136 0.0159031 None
0 0.767938 0.812984 0.00920124 0.0152625 None
0 0.97234 0.673361 0.00577774 0.0189089 None
0 0.681184 0.816438 0.0250628 0.0196587 None
0 0.8818 0.679142 0.00984612 0.0173509 None
0 0.306494 0.715771 0.021174 0.00865512 None
0 0.879996 0.985197 0.0376709 0.0273989 None
0 0.956375 0.86704 0.0284979 0.013757 None
0 0.126104 0.985622 0.0271805 0.0203773 None
0 0.956503 0.851462 0.0284706 0.040642 None
0 0.533949 0.738616 0.0229963 0.0105082 None
0 0.972696 0.753423 0.0072319 0.00886807 None
0 0.103269 0.985136 0.061804 0.025275 None
0 0.121617 0.986187 0.0188914 0.0212643 None
0 0.959979 0.849632 0.0177305 0.0401869 None
0 0.35452 0.756943 0.0120907 0.0202688 None
0 0.840659 0.8341 0.0385811 0.035144 None
0 0.273611 0.729885 0.00702705 0.0235911 None
0 0.957447 0.868603 0.0261471 0.0103358 None
0 0.590961 0.907987 0.0577088 0.0230738 None
0 0.189981 0.732271 0.0097647 0.0102093 None
0 0.153498 0.983382 0.0175894 0.0132294 None
0 0.969814 0.863284 0.0352703 0.00981886 None
0 0.978817 0.673531 0.0100485 0.0175114 None
0 0.955169 0.864312 0.0257824 0.0186659 None
0 0.824668 0.814933 0.0245743 0.0101213 None
0 0.589643 0.911496 0.0562858 0.0160149 None
0 0.961883 0.850285 0.039505 0.0429352 None
0 0.953168 0.866391 0.0212852 0.0146857 None
0 0.883642 0.681418 0.0122816 0.0203523 None
0 0.98774 0.740273 0.015653 0.0515976 None
0 0.924888 0.982245 0.0214886 0.0235797 None
