0 0.453605 0.833824 0.0135568 0.066954 10041
0 0.480103 0.832389 0.0131364 0.0640242 10042
0 0.424362 0.894978 0.0153938 0.0814601 10043
0 0.791058 0.776365 0.00787258 0.0476934 10044
0 0.830184 0.834625 0.0172745 0.0338662 10045
0 0.700261 0.794801 0.009902 0.0416328 10046
0 0.952857 0.745323 0.00904942 0.0441745 10047
0 0.141842 0.885352 0.0109632 0.0585471 10048
0 0.797946 0.776152 0.00882473 0.042688 10049
0 0.767586 0.779252 0.00987987 0.0505853 10050
0 0.50973 0.808728 0.00904274 0.0337908 10051
0 0.479331 0.781075 0.00764637 0.0197808 10052
0 0.895103 0.975483 0.0651932 0.0454449 10053
0 0.718647 0.830042 0.0132537 0.0320506 10054
0 0.686355 0.796541 0.00987673 0.0439867 10055
0 0.5025 0.778038 0.00782747 0.0195991 10056
0 0.753921 0.781907 0.00812435 0.0451931 10057
0 0.917223 0.750983 0.0105444 0.0465981 10058
0 0.855344 0.83136 0.016074 0.0338674 10059
0 0.953587 0.848143 0.022057 0.0374607 10060
0 0.198564 0.915851 0.0465363 0.0320157 10061
0 0.0221423 0.938578 0.0442365 0.0293199 10062
0 0.99524 0.735127 0.00909386 0.0470805 10063
0 0.935001 0.727516 0.00538139 0.0218753 10064
0 0.788544 0.699707 0.00618973 0.019158 10065
0 0.00770136 0.750222 0.00745832 0.0171895 10066
0 0.327228 0.71372 0.00554266 0.0197205 10067
0 0.852362 0.832188 0.0217487 0.0359996 10068
0 0.846117 0.767148 0.00927811 0.0425615 10069
0 0.355261 0.989053 0.013998 0.0218948 10070
0 0.115981 0.983548 0.0319663 0.0265286 10071
0 0.577548 0.874907 0.033322 0.0156928 10072
0 0.676424 0.815388 0.0160934 0.0188092 10073
0 0.29154 0.733622 0.00947266 0.00952861 10074
0 0.00620246 0.981261 0.0123215 0.0146813 10075
0 0.977831 0.676194 0.00416298 0.017711 10076
0 0.951923 0.859479 0.0195541 0.0248498 10077
0 0.995823 0.81328 0.00793762 0.0170963 10078
0 0.978166 0.739911 0.00866261 0.029147 10079
0 0.988573 0.67809 0.00644684 0.0124398 10080
0 0.52977 0.741138 0.00464249 0.00936296 10081
0 0.844631 0.765166 0.0103537 0.0459332 10082
0 0.84348 0.767459 0.00733566 0.0411082 10083
0 0.312905 0.755081 0.00900784 0.0150033 10084
0 0.884187 0.979342 0.0441059 0.0375715 10085
0 0.291689 0.732322 0.00834942 0.0110992 10086
0 0.765644 0.700082 0.00610523 0.0213382 10087
0 0.309353 0.754116 0.0101943 0.0154746 10088
0 0.0946819 0.994292 0.0453759 0.00839793 10089
0 0.989247 0.679092 0.00892773 0.0122923 10090
0 0.00580928 0.751207 0.0114813 0.0180562 10091
0 0.980889 0.655342 0.00819931 0.024331 10092
0 0.297961 0.737219 0.0231239 0.00684713 10093
0 0.10969 0.981565 0.0197185 0.0236315 10094
0 0.0558306 0.751723 0.00341095 0.00890469 10095
0 0.712693 0.83038 0.0263119 0.0334191 10096
0 0.921924 0.973403 0.0280731 0.0413554 10097
0 0.310871 0.755457 0.0130197 0.0168696 10098
0 0.903798 0.673106 0.00583687 0.00965661 10099
0 0.679961 0.811152 0.0196249 0.0245612 10100
0 0.857522 0.767064 0.0076788 0.0365139 10101
0 0.924297 0.681019 0.0058815 0.0100822 10102
0 0.122336 0.984528 0.0352307 0.0245294 10103
0 0.912561 0.973832 0.0369291 0.0417492 10104
0 0.851332 0.84542 0.0219738 0.0132097 10105
0 0.131684 0.983437 0.063375 0.0259315 10106
0 0.86631 0.767213 0.00487499 0.0249213 10107
0 0.0795799 0.750764 0.0136075 0.0165321 10108
0 0.356906 0.730109 0.0146718 0.0130754 10109
0 0.391288 0.817743 0.0169874 0.0547704 10110
0 0.974669 0.762324 0.0181042 0.0279609 10111
0 0.157693 0.741919 0.0138661 0.00806274 10112
0 0.577343 0.870046 0.0343653 0.025924 10113
0 0.973204 0.751786 0.00700512 0.00999722 10114
0 0.0705413 0.755045 0.00510607 0.00960287 10115
0 0.905106 0.677877 0.00814762 0.0185325 10116
0 0.858782 0.770838 0.00965843 0.0402785 10117
0 0.917851 0.97248 0.0182707 0.0390981 10118
0 0.103162 0.984156 0.0617473 0.0276011 10119
0 0.67935 0.803439 0.0221863 0.0429681 10120
0 0.590627 0.910066 0.0585335 0.0197344 10121
0 0.536171 0.741898 0.0169193 0.00941874 10122
0 0.956817 0.850487 0.0256248 0.0401438 10123
0 0.862992 0.833158 0.0346294 0.0387811 10124
0 0.00911975 0.981146 0.018123 0.0159259 10125
0 0.488872 0.863129 0.0285597 0.0103412 10126
0 0.391085 0.832716 0.0178043 0.0854092 10127
0 0.588888 0.912646 0.0546314 0.0143138 10128
0 0.90313 0.973509 0.0491493 0.0415619 10129
0 0.866427 0.769289 0.00607605 0.029167 10130
0 0.974566 0.768472 0.0189495 0.0162938 10131
0 0.881122 0.983374 0.0381222 0.0304247 10132
0 0.00423842 0.756406 0.00841459 0.0128905 10133
0 0.200432 0.736891 0.0135127 0.00868327 10134
0 0.853857 0.84169 0.0519886 0.0260869 10135
0 0.772746 0.812542 0.00930729 0.0147298 10136
0 0.492908 0.863089 0.0193851 0.0102502 10137
0 0.512132 0.826423 0.0221654 0.00845676 10138
0 0.843194 0.845194 0.0446957 0.0166061 10139
0 0.850908 0.843729 0.0202358 0.0133138 10140
0 0.91692 0.72002 0.0639061 0.0192949 10141
0 0.995406 0.808532 0.0087059 0.0279846 10142
0 0.842414 0.832978 0.0422096 0.0383789 10143
0 0.590916 0.907409 0.0593456 0.0244603 10144
0 0.959321 0.848519 0.0153244 0.0367645 10145
0 0.969006 0.667278 0.0113323 0.00947376 10146
0 0.976397 0.740763 0.0124847 0.0317518 10147
0 0.299053 0.740136 0.0277425 0.0142178 10148
0 0.936569 0.86705 0.0124226 0.0155538 10149
0 0.872302 0.845466 0.0144276 0.015292 10150
0 0.953716 0.859593 0.0280178 0.0277273 10151
0 0.507504 0.825717 0.0119205 0.0076355 10152
0 0.482089 0.86321 0.0139545 0.00981954 10153
0 0.936073 0.867045 0.011554 0.0156735 10154
0 0.917502 0.730522 0.0114193 0.0109595 10155
0 0.0973037 0.986134 0.0512038 0.0224355 10156
0 0.145691 0.884883 0.0213163 0.0597129 10157
