0 0.452894 0.833994 0.0127869 0.067038 None
0 0.248438 0.867321 0.0125361 0.0566428 None
0 0.698054 0.796185 0.00837994 0.0436188 None
0 0.953588 0.848749 0.0223213 0.042759 None
0 0.985161 0.737278 0.00758781 0.0481245 None
0 0.775982 0.776946 0.00770473 0.0504618 None
0 0.965721 0.742263 0.00982933 0.0457231 None
0 0.825968 0.769227 0.00950756 0.034747 None
0 0.4785 0.827494 0.0164925 0.0634794 None
0 0.873388 0.763616 0.00889645 0.0411496 None
0 0.522957 0.778179 0.00810585 0.0257835 None
0 0.422684 0.909849 0.0179411 0.0497301 None
0 0.843389 0.764032 0.00785599 0.0434974 None
0 0.39107 0.817948 0.0172188 0.0572159 None
0 0.682837 0.794122 0.0121603 0.0404907 None
0 0.795358 0.77716 0.00849562 0.0455631 None
0 0.930986 0.731308 0.00862122 0.0302239 None
0 0.78792 0.775995 0.00832577 0.0467902 None
0 0.810355 0.773798 0.00932331 0.0423014 None
0 0.198385 0.915913 0.0457729 0.0314433 None
0 0.766287 0.696214 0.00767775 0.0151182 None
0 0.354401 0.989257 0.0147122 0.0214858 None
0 0.508052 0.781706 0.00616007 0.0211283 None
0 0.00957191 0.743009 0.00694879 0.0171765 None
0 0.371312 0.738508 0.00834813 0.0113875 None
0 0.954028 0.744995 0.00838394 0.0441491 None
0 0.716838 0.831489 0.0121174 0.0300544 None
0 0.830441 0.834212 0.0155418 0.0319689 None
0 0.855468 0.765558 0.00872345 0.0363278 None
0 0.883518 0.980216 0.0453526 0.0382729 None
0 0.715922 0.831647 0.0191728 0.0304291 None
0 0.114688 0.983034 0.0304333 0.0242421 None
0 0.00812996 0.743072 0.00988955 0.0182197 None
0 0.782533 0.694162 0.00770283 0.0134942 None
0 0.995663 0.811882 0.00825157 0.0210476 None
0 0.917174 0.972775 0.0183048 0.0397471 None
0 0.855348 0.770725 0.00799866 0.0259306 None
0 0.0221567 0.938436 0.0443135 0.0294418 None
0 0.857263 0.829662 0.0153456 0.0372342 None
0 0.331361 0.708247 0.00543094 0.0144338 None
0 0.483879 0.803844 0.00781078 0.0357456 None
0 0.29221 0.752912 0.00698729 0.0181444 None
0 0.921216 0.973483 0.0272453 0.041282 None
0 0.0961542 0.99423 0.0480344 0.00833062 None
0 0.00562139 0.981554 0.0111562 0.0142493 None
0 0.119732 0.985092 0.0401548 0.0223385 None
0 0.104083 0.984531 0.0529771 0.0255778 None
0 0.974673 0.762889 0.0186636 0.0270291 None
0 0.676138 0.816081 0.0150142 0.0177422 None
0 0.291276 0.753632 0.00934882 0.0173774 None
0 0.904731 0.74434 0.00757885 0.0234795 None
0 0.576945 0.874526 0.0337045 0.0165938 None
0 0.907927 0.973666 0.0417271 0.041206 None
0 0.485185 0.806029 0.00683575 0.0401238 None
0 0.109585 0.981264 0.0198808 0.023842 None
0 0.947797 0.742363 0.00584908 0.030031 None
0 0.976193 0.665032 0.0105909 0.0400514 None
0 0.97654 0.659874 0.00890312 0.0279831 None
0 0.202568 0.729325 0.00832815 0.00898488 None
0 0.301205 0.742811 0.0105559 0.0133918 None
0 0.89504 0.976057 0.0677601 0.0446771 None
0 0.904899 0.748698 0.00871754 0.0348272 None
0 0.0774878 0.744638 0.00919104 0.0175005 None
0 0.770235 0.812513 0.0168192 0.0161316 None
0 0.992778 0.660114 0.00526505 0.0128557 None
0 0.200653 0.729622 0.0124721 0.00948418 None
0 0.974458 0.668874 0.00733032 0.0346507 None
0 0.898826 0.765997 0.00612717 0.0241784 None
0 0.853717 0.831333 0.022658 0.0389296 None
0 0.118074 0.985223 0.0253748 0.0233744 None
0 0.973288 0.753147 0.00531616 0.00817871 None
0 0.710979 0.832603 0.0270454 0.0312951 None
0 0.482037 0.807009 0.0109398 0.0417579 None
0 0.977402 0.65393 0.008568 0.0205861 None
0 0.292079 0.752961 0.0125316 0.0188573 None
0 0.331749 0.714869 0.0414287 0.0100091 None
0 0.101187 0.985181 0.0579924 0.0252326 None
0 0.703393 0.832373 0.0429552 0.0319982 None
0 0.880569 0.984288 0.0392202 0.0305061 None
0 0.679723 0.815845 0.0194084 0.0182602 None
0 0.901446 0.753626 0.0146835 0.045649 None
0 0.00674495 0.748198 0.0122432 0.00810988 None
0 0.957633 0.84826 0.0145794 0.0382111 None
0 0.125137 0.985651 0.02822 0.0218175 None
0 0.692791 0.841779 0.0329131 0.0146379 None
0 0.97427 0.673659 0.00681458 0.0266371 None
0 0.473272 0.818989 0.00752583 0.0340057 None
0 0.421041 0.927381 0.0161096 0.0155423 None
0 0.0776973 0.741329 0.00996912 0.0181112 None
0 0.810942 0.76604 0.0101242 0.0277679 None
0 0.870499 0.675117 0.00544052 0.00734795 None
0 0.677245 0.814563 0.0199541 0.0212599 None
0 0.849855 0.841569 0.0170803 0.018099 None
0 0.848598 0.830021 0.0347397 0.0417372 None
0 0.540793 0.850446 0.00759277 0.0311176 None
0 0.478714 0.811129 0.0179838 0.049943 None
0 0.935904 0.865982 0.0116323 0.015274 None
0 0.426276 0.909571 0.0254276 0.050985 None
0 0.956813 0.744898 0.0128696 0.0460324 None
0 0.474364 0.81706 0.00990582 0.0377979 None
0 0.860141 0.796138 0.00783176 0.0100852 None
0 0.916077 0.975478 0.0382587 0.0433095 None
0 0.869793 0.681854 0.0136675 0.0155767 None
0 0.860346 0.830162 0.0119047 0.0389401 None
0 0.951692 0.862646 0.0268288 0.0198608 None
0 0.947366 0.851252 0.0344769 0.0456265 None
0 0.589356 0.906845 0.0386548 0.0233314 None
0 0.834616 0.835027 0.0256676 0.0337675 None
0 0.699343 0.841082 0.0385899 0.0147268 None
0 0.106709 0.981902 0.0323366 0.0273858 None
0 0.951776 0.745504 0.0131142 0.0419447 None
0 0.504808 0.786809 0.0178897 0.0116628 None
0 0.896501 0.977402 0.0219898 0.0339644 None
0 0.895951 0.984512 0.0211277 0.026801 None
