0 0.452943 0.834072 0.012627 0.0671439 6826
0 0.481104 0.831711 0.0134216 0.0648585 6827
0 0.697035 0.79414 0.00875912 0.0473226 6828
0 0.788817 0.776687 0.0108406 0.0478595 6829
0 0.843203 0.766057 0.0124916 0.0458344 6830
0 0.805349 0.774794 0.00835304 0.0419035 6831
0 0.168207 0.883443 0.0111176 0.0567639 6832
0 0.953658 0.849593 0.0221445 0.0412367 6833
0 0.928181 0.749545 0.00886555 0.0460171 6834
0 0.855755 0.763693 0.00811234 0.0405124 6835
0 0.717377 0.830419 0.0153253 0.0311615 6836
0 0.98898 0.736947 0.010783 0.0462877 6837
0 0.423757 0.909794 0.0204211 0.0511383 6838
0 0.830302 0.834421 0.0179516 0.0328764 6839
0 0.961334 0.743988 0.010569 0.0483014 6840
0 0.681961 0.792944 0.011112 0.039424 6841
0 0.773634 0.778059 0.00839672 0.0495443 6842
0 0.50184 0.808781 0.00990601 0.0446408 6843
0 0.855398 0.831505 0.017205 0.0342365 6844
0 0.354874 0.989172 0.0150581 0.021656 6845
0 0.916496 0.742711 0.0101141 0.0205702 6846
0 0.765609 0.780254 0.00860272 0.0472154 6847
0 0.765693 0.697857 0.00620365 0.0167926 6848
0 0.115523 0.984387 0.0309217 0.022467 6849
0 0.907121 0.973348 0.0437319 0.0401544 6850
0 0.883492 0.979907 0.0453308 0.0378871 6851
0 0.99562 0.81361 0.00833855 0.0183299 6852
0 0.00676373 0.751121 0.00948743 0.0182985 6853
0 0.895029 0.976013 0.0679745 0.0446228 6854
0 0.767188 0.779519 0.0106005 0.0497979 6855
0 0.198987 0.915859 0.0463972 0.0317295 6856
0 0.78722 0.698676 0.00791931 0.0160936 6857
0 0.92167 0.973613 0.0261734 0.0406694 6858
0 0.111079 0.984924 0.0433286 0.0245117 6859
0 0.00607669 0.981491 0.0120688 0.0142061 6860
0 0.540592 0.849279 0.00686264 0.025882 6861
0 0.3282 0.712359 0.0064743 0.0176103 6862
0 0.509055 0.769197 0.00903931 0.0158354 6863
0 0.770023 0.778852 0.0143314 0.0514194 6864
0 0.0956768 0.994204 0.0463335 0.00818125 6865
0 0.0220927 0.939122 0.0441853 0.0298991 6866
0 0.916936 0.972922 0.0209606 0.0393507 6867
0 0.88206 0.984914 0.0423016 0.0284027 6868
0 0.985114 0.675461 0.00784741 0.016481 6869
0 0.00700407 0.751872 0.0139555 0.0201206 6870
0 0.57768 0.875915 0.0328719 0.0143809 6871
0 0.853436 0.83314 0.0234018 0.0377421 6872
0 0.423226 0.916049 0.0189516 0.0385654 6873
0 0.948008 0.851706 0.0327572 0.0440267 6874
0 0.835127 0.834955 0.027445 0.0343431 6875
0 0.87643 0.760319 0.00558548 0.0177327 6876
0 0.677615 0.801113 0.0193525 0.0481693 6877
0 0.675973 0.815055 0.0170226 0.0216578 6878
0 0.972892 0.762061 0.0164185 0.0284561 6879
0 0.957995 0.848827 0.0137012 0.0362249 6880
0 0.937783 0.724564 0.00606575 0.0193946 6881
0 0.30272 0.7548 0.00849905 0.0168932 6882
0 0.982907 0.690546 0.0335052 0.0202638 6883
0 0.712994 0.831333 0.0240419 0.0325256 6884
0 0.103544 0.986383 0.061324 0.0227651 6885
0 0.112479 0.98157 0.0260158 0.0224547 6886
0 0.972317 0.752179 0.00533295 0.00979513 6887
0 0.125317 0.98582 0.0273294 0.0212672 6888
0 0.310103 0.754748 0.00522556 0.0149119 6889
0 0.320574 0.717449 0.0212631 0.0103882 6890
0 0.683465 0.795416 0.0124649 0.0436557 6891
0 0.952452 0.861508 0.0236723 0.021421 6892
0 0.77074 0.799974 0.0155952 0.0400703 6893
0 0.845775 0.834161 0.0359173 0.0351688 6894
0 0.078937 0.753208 0.0162438 0.0116435 6895
0 0.080695 0.753807 0.0125479 0.010429 6896
0 0.304842 0.755384 0.0137144 0.0179311 6897
0 0.97316 0.765855 0.0187786 0.0238685 6898
0 0.292976 0.733805 0.00818353 0.00939314 6899
0 0.841405 0.764749 0.0095417 0.0384137 6900
0 0.00810104 0.760159 0.0160488 0.00841471 6901
0 0.986428 0.674773 0.00735245 0.0174871 6902
0 0.0061716 0.978575 0.0122316 0.0194017 6903
0 0.899132 0.974769 0.0278147 0.0347902 6904
0 0.973919 0.769147 0.01936 0.0159514 6905
0 0.938275 0.727179 0.00618305 0.0220457 6906
0 0.966541 0.742514 0.00728836 0.0387305 6907
0 0.77307 0.809281 0.021727 0.0252413 6908
0 0.0854921 0.74158 0.00373274 0.00846625 6909
0 0.584893 0.914084 0.0455924 0.0135773 6910
0 0.103389 0.985435 0.0609529 0.0238037 6911
0 0.766717 0.789229 0.011708 0.0389181 6912
0 0.995349 0.808592 0.00882263 0.0292318 6913
0 0.318059 0.717039 0.0151319 0.00822364 6914
0 0.983689 0.657884 0.00734043 0.0193086 6915
0 0.485645 0.770361 0.00578394 0.0181625 6916
0 0.969419 0.67059 0.00690174 0.0101407 6917
0 0.876608 0.765937 0.00592308 0.0291736 6918
0 0.971651 0.756774 0.0136791 0.0264316 6919
0 0.763444 0.781137 0.00990858 0.0488196 6920
0 0.70696 0.832015 0.0357027 0.0341895 6921
0 0.98287 0.654 0.00696373 0.0202242 6922
0 0.292743 0.735694 0.0088551 0.0114827 6923
0 0.0784613 0.753149 0.0164929 0.0120134 6924
0 0.931026 0.748709 0.0141098 0.0465244 6925
0 0.851917 0.842016 0.022427 0.0202077 6926
0 0.577613 0.873116 0.0336556 0.0201536 6927
0 0.935767 0.867023 0.0112623 0.0146632 6928
0 0.752342 0.82632 0.0280804 0.00700311 6929
0 0.857388 0.83422 0.042359 0.0401532 6930
0 0.874854 0.985016 0.0276526 0.0266756 6931
0 0.947818 0.865454 0.0351837 0.0179504 6932
0 0.321282 0.712852 0.0205573 0.0198703 6933
