0 0.269639 0.903783 0.0137965 0.0814162 99891
0 0.553656 0.81269 0.0116985 0.0586999 99892
0 0.452988 0.834903 0.0126287 0.0666855 99893
0 0.511515 0.819725 0.0137222 0.0519562 99894
0 0.37423 0.844376 0.0119176 0.0603333 99895
0 0.797303 0.77552 0.00925989 0.0500719 99896
0 0.842825 0.764842 0.00856514 0.04097 99897
0 0.718425 0.829662 0.0143549 0.03229 99898
0 0.702621 0.792789 0.0102757 0.0470774 99899
0 0.831312 0.834977 0.0168007 0.0325819 99900
0 0.631222 0.805849 0.00821009 0.0502424 99901
0 0.689358 0.794968 0.0103312 0.0460446 99902
0 0.730512 0.786043 0.00790272 0.0453881 99903
0 0.956832 0.847872 0.0159441 0.0347805 99904
0 0.114547 0.982824 0.0312242 0.0244297 99905
0 0.929669 0.728464 0.0074295 0.0217758 99906
0 0.972197 0.733434 0.0060133 0.0285255 99907
0 0.853661 0.834259 0.0203005 0.0281279 99908
0 0.198626 0.916209 0.0437628 0.0306737 99909
0 0.47566 0.857255 0.0173625 0.0237542 99910
0 0.391127 0.832042 0.0178602 0.0849348 99911
0 0.355226 0.989417 0.0147225 0.0211652 99912
0 0.945173 0.849903 0.0143232 0.0375376 99913
0 0.739277 0.779504 0.00583315 0.0366392 99914
0 0.890844 0.977003 0.0598568 0.0440481 99915
0 0.577617 0.874834 0.0326021 0.0159346 99916
0 0.923899 0.746726 0.00816994 0.0285078 99917
0 0.971757 0.762766 0.013513 0.0261424 99918
0 0.904674 0.973281 0.038554 0.0383887 99919
0 0.0222166 0.938726 0.0444332 0.0294512 99920
0 0.650565 0.808211 0.00703535 0.0323744 99921
0 0.676681 0.815288 0.0177634 0.0183133 99922
0 0.882971 0.984867 0.0440914 0.028556 99923
0 0.0608533 0.731914 0.00790597 0.0152564 99924
0 0.00582069 0.975708 0.0115695 0.0258503 99925
0 0.940488 0.673714 0.00564804 0.0200612 99926
0 0.941081 0.85241 0.0241495 0.0426763 99927
0 0.0412056 0.737384 0.00888103 0.0153934 99928
0 0.911345 0.97424 0.0483955 0.0408517 99929
0 0.922351 0.973582 0.0261343 0.0392317 99930
0 0.484709 0.857485 0.0364234 0.0239143 99931
0 0.917347 0.972284 0.015736 0.0367159 99932
0 0.866766 0.696347 0.00647411 0.0151765 99933
0 0.853211 0.83644 0.0256554 0.0325339 99934
0 0.949636 0.850467 0.0312012 0.0387594 99935
0 0.288493 0.739437 0.0088871 0.0132453 99936
0 0.540708 0.848935 0.00667877 0.0282657 99937
0 0.341316 0.771798 0.00510211 0.00870904 99938
0 0.0996259 0.994075 0.0549121 0.00822245 99939
0 0.914754 0.972183 0.0102501 0.0367659 99940
0 0.0621464 0.732124 0.0106228 0.0162916 99941
0 0.516636 0.756988 0.00917206 0.0179808 99942
0 0.926584 0.739458 0.0137678 0.0434848 99943
0 0.990699 0.671231 0.00413322 0.0169583 99944
0 0.834264 0.834944 0.02346 0.0333584 99945
0 0.895472 0.682069 0.00592785 0.0136795 99946
0 0.860492 0.794688 0.00535774 0.0134552 99947
0 0.972751 0.752462 0.00858002 0.0087989 99948
0 0.923574 0.679257 0.00593948 0.011466 99949
0 0.785792 0.813852 0.0367771 0.0193422 99950
0 0.973948 0.762409 0.0184965 0.0280219 99951
0 0.740502 0.778964 0.00798988 0.039741 99952
0 0.899666 0.975349 0.0298309 0.0331095 99953
0 0.00334058 0.973146 0.00663548 0.030092 99954
0 0.264141 0.728055 0.0129507 0.0125085 99955
0 0.737484 0.779119 0.00903139 0.0453739 99956
0 0.263284 0.725186 0.0130555 0.0148214 99957
0 0.102073 0.984494 0.0582926 0.0262505 99958
0 0.91632 0.671627 0.00827255 0.0118001 99959
0 0.00845677 0.975719 0.0167696 0.0272649 99960
0 0.773834 0.813571 0.0204498 0.0188558 99961
0 0.997002 0.670282 0.00495987 0.0147758 99962
0 0.739228 0.783978 0.00847168 0.0482949 99963
0 0.996062 0.807655 0.00746651 0.0285977 99964
0 0.592873 0.907401 0.0624066 0.0233242 99965
0 0.960971 0.673687 0.00531197 0.0190875 99966
0 0.77071 0.812985 0.0140644 0.0172604 99967
0 0.975546 0.771454 0.0165249 0.0101464 99968
0 0.8667 0.694441 0.00799065 0.0168343 99969
0 0.483715 0.856998 0.0237652 0.0234802 99970
0 0.119665 0.983917 0.0408607 0.0249661 99971
0 0.391109 0.815167 0.0171927 0.0501122 99972
0 0.778032 0.814262 0.0306839 0.020381 99973
0 0.147627 0.749849 0.019484 0.0127591 99974
0 0.961587 0.675144 0.00417328 0.0162799 99975
0 0.948103 0.853314 0.0399488 0.0435923 99976
0 0.778408 0.815566 0.0105359 0.0150594 99977
0 0.935095 0.866984 0.0132677 0.0146505 99978
0 0.0649929 0.733161 0.0140522 0.0146216 99979
0 0.788612 0.815481 0.0308306 0.0162754 99980
0 0.99612 0.816829 0.00728436 0.0129171 99981
0 0.85814 0.837752 0.042601 0.0326414 99982
0 0.900022 0.682427 0.0131798 0.0111582 99983
0 0.593994 0.911554 0.0602325 0.0147296 99984
0 0.8607 0.845844 0.0388851 0.0165324 99985
0 0.577779 0.871264 0.0331852 0.023489 99986
0 0.784643 0.813892 0.0249319 0.0180959 99987
0 0.939212 0.86535 0.0225121 0.0180359 99988
0 0.872536 0.845644 0.0143837 0.0148458 99989
0 0.187784 0.731016 0.0120485 0.0129242 99990
0 0.512701 0.722245 0.0209539 0.0111225 99991
0 0.844618 0.836682 0.0454115 0.0342068 99992
0 0.892309 0.987345 0.0283121 0.0222707 99993
