0 0.312324 0.860592 0.0139241 0.0557929 13175
0 0.453553 0.832035 0.0118996 0.0641266 13176
0 0.486931 0.825986 0.011433 0.0554406 13177
0 0.884569 0.761625 0.00827045 0.0453942 13178
0 0.526862 0.778978 0.00987663 0.0234719 13179
0 0.953337 0.848508 0.0223112 0.0423041 13180
0 0.697028 0.79406 0.00873928 0.0479621 13181
0 0.845109 0.766156 0.0104462 0.0491177 13182
0 0.540313 0.776333 0.00718708 0.027958 13183
0 0.785269 0.777112 0.00807848 0.0449158 13184
0 0.978497 0.738986 0.00901222 0.0457191 13185
0 0.830968 0.83416 0.01539 0.0334495 13186
0 0.767837 0.780726 0.00973854 0.0459351 13187
0 0.892934 0.740536 0.0067276 0.0302729 13188
0 0.685034 0.795078 0.0106666 0.0478166 13189
0 0.856352 0.827997 0.0128548 0.035547 13190
0 0.935176 0.750507 0.0120918 0.0462809 13191
0 0.794985 0.777173 0.00954704 0.0468455 13192
0 0.462533 0.799371 0.0103457 0.0302263 13193
0 0.718364 0.830229 0.0132263 0.031425 13194
0 0.424009 0.914169 0.0191023 0.0421529 13195
0 0.309444 0.74195 0.00713367 0.0142715 13196
0 0.420286 0.913767 0.0116814 0.0408157 13197
0 0.0110757 0.750874 0.00623892 0.0180929 13198
0 0.355169 0.988868 0.0153456 0.0222636 13199
0 0.893597 0.97589 0.0651279 0.046434 13200
0 0.330292 0.708759 0.00440397 0.016422 13201
0 0.925766 0.728076 0.00664825 0.0214183 13202
0 0.114471 0.983795 0.0318882 0.0191891 13203
0 0.913475 0.759305 0.0062397 0.0272515 13204
0 0.290454 0.750484 0.0062685 0.0146537 13205
0 0.19852 0.915723 0.0477922 0.0320357 13206
0 0.970668 0.762983 0.0109358 0.0270706 13207
0 0.995661 0.813831 0.00826016 0.0184552 13208
0 0.91739 0.972595 0.0183538 0.0397627 13209
0 0.883907 0.979727 0.0461971 0.0394511 13210
0 0.713341 0.830741 0.0246555 0.0328676 13211
0 0.905745 0.973301 0.0412979 0.0418176 13212
0 0.427738 0.919244 0.0120186 0.0318466 13213
0 0.577729 0.872412 0.0336088 0.0203247 13214
0 0.853809 0.828889 0.0177629 0.0382061 13215
0 0.461031 0.797654 0.0113928 0.0331445 13216
0 0.948805 0.849984 0.0312353 0.0453478 13217
0 0.920247 0.972961 0.0265316 0.040508 13218
0 0.675517 0.81622 0.014348 0.0177265 13219
0 0.0996432 0.994105 0.0545639 0.00834351 13220
0 0.103957 0.986027 0.0533409 0.0229255 13221
0 0.0222095 0.938593 0.0444189 0.02742 13222
0 0.801068 0.783793 0.00724835 0.0265594 13223
0 0.00573642 0.982206 0.0113887 0.0115899 13224
0 0.690701 0.793306 0.0211979 0.0512563 13225
0 0.540942 0.848634 0.00753784 0.0294484 13226
0 0.83606 0.835107 0.0265965 0.034893 13227
0 0.681542 0.796501 0.0179651 0.052533 13228
0 0.800947 0.776233 0.00787811 0.0383302 13229
0 0.783298 0.69487 0.00591755 0.0146494 13230
0 0.852586 0.838747 0.020927 0.022024 13231
0 0.904795 0.975766 0.0599735 0.0454537 13232
0 0.949865 0.865648 0.0376846 0.0182977 13233
0 0.538494 0.7764 0.0109966 0.0284451 13234
0 0.111595 0.980755 0.0284654 0.0234589 13235
0 0.770881 0.812744 0.0147288 0.0158676 13236
0 0.487313 0.818257 0.0105856 0.0414781 13237
0 0.101422 0.986562 0.0576327 0.0225979 13238
0 0.589639 0.907097 0.0506399 0.0241818 13239
0 0.974629 0.771821 0.0194088 0.0117784 13240
0 0.493157 0.864067 0.0187116 0.00885502 13241
0 0.122081 0.985925 0.0210787 0.0211538 13242
0 0.886253 0.761181 0.0113373 0.0458645 13243
0 0.912733 0.758704 0.00875282 0.026457 13244
0 0.85937 0.686993 0.00596046 0.00942705 13245
0 0.12068 0.985123 0.0371107 0.0203152 13246
0 0.882515 0.985883 0.0436146 0.0278849 13247
0 0.982246 0.771668 0.0102123 0.0101013 13248
0 0.350005 0.988837 0.0265976 0.0223094 13249
0 0.678294 0.812798 0.0200016 0.0230326 13250
0 0.534615 0.791809 0.0274769 0.0152164 13251
0 0.857765 0.795418 0.0112801 0.0122862 13252
0 0.99528 0.808389 0.00898476 0.030604 13253
0 0.936055 0.867728 0.0114717 0.0138821 13254
