0 0.796556 0.77483 0.00829792 0.0484105 103851
0 0.842977 0.766052 0.00841789 0.0440565 103852
0 0.453425 0.834045 0.0118093 0.0657711 103853
0 0.225997 0.902568 0.015758 0.0782488 103854
0 0.358322 0.846942 0.0131327 0.0645806 103855
0 0.689252 0.79556 0.0101224 0.0476169 103856
0 0.530588 0.817248 0.0122255 0.0580231 103857
0 0.554908 0.817916 0.0103578 0.0489543 103858
0 0.831257 0.835153 0.0168869 0.0323722 103859
0 0.490453 0.826993 0.0114561 0.0551849 103860
0 0.742835 0.783149 0.00876751 0.0498971 103861
0 0.703045 0.791833 0.0106209 0.0479133 103862
0 0.621367 0.810092 0.0113461 0.0511921 103863
0 0.732802 0.786168 0.00903406 0.0455909 103864
0 0.197325 0.916081 0.0432671 0.029862 103865
0 0.114365 0.982836 0.0322168 0.0256965 103866
0 0.929529 0.727914 0.00827274 0.0242703 103867
0 0.0221357 0.93842 0.0442378 0.0285751 103868
0 0.718443 0.830142 0.0133858 0.0316757 103869
0 0.906529 0.972622 0.0402424 0.0386926 103870
0 0.635149 0.811159 0.00781384 0.0338174 103871
0 0.475462 0.858069 0.0178173 0.0216397 103872
0 0.955971 0.848603 0.0171417 0.0363805 103873
0 0.355451 0.989331 0.0141011 0.0213389 103874
0 0.916904 0.75339 0.00869141 0.0414263 103875
0 0.896769 0.684481 0.00718765 0.0145633 103876
0 0.039551 0.738762 0.00911238 0.0310543 103877
0 0.853741 0.83531 0.02113 0.0259954 103878
0 0.855143 0.834617 0.0153339 0.0251584 103879
0 0.916772 0.747144 0.00834389 0.028399 103880
0 0.679625 0.815791 0.0112003 0.0168488 103881
0 0.715458 0.830454 0.0197606 0.0325687 103882
0 0.961005 0.736913 0.00689259 0.0303792 103883
0 0.893681 0.975861 0.0647812 0.04587 103884
0 0.883789 0.980362 0.0450981 0.0378296 103885
0 0.996191 0.81342 0.00721397 0.0167363 103886
0 0.391036 0.827736 0.0176122 0.0773675 103887
0 0.560734 0.761811 0.00900183 0.0147602 103888
0 0.94705 0.850865 0.0351219 0.0409448 103889
0 0.0404522 0.731557 0.00721949 0.0167619 103890
0 0.678343 0.798937 0.0200468 0.0129181 103891
0 0.972357 0.762147 0.0141794 0.0268773 103892
0 0.0954315 0.994394 0.0484728 0.00807292 103893
0 0.67415 0.816183 0.0121883 0.0175196 103894
0 0.676561 0.799186 0.0168731 0.00994873 103895
0 0.875739 0.695601 0.0077507 0.0149642 103896
0 0.287207 0.736391 0.00888271 0.0178302 103897
0 0.952663 0.74742 0.005509 0.0217319 103898
0 0.0392743 0.745173 0.00894395 0.0229936 103899
0 0.00214813 0.97659 0.00425563 0.0227797 103900
0 0.769855 0.813146 0.0149609 0.0151625 103901
0 0.91759 0.972161 0.0165014 0.0376943 103902
0 0.00554894 0.976453 0.0110657 0.0255134 103903
0 0.913138 0.973671 0.0454392 0.041864 103904
0 0.973507 0.765265 0.0171192 0.0230091 103905
0 0.881428 0.984593 0.0405542 0.0298245 103906
0 0.587952 0.912657 0.0535933 0.013209 103907
0 0.391193 0.813509 0.0169268 0.0482276 103908
0 0.571116 0.818115 0.025326 0.0131748 103909
0 0.941157 0.678096 0.00587807 0.0135459 103910
0 0.577445 0.875594 0.0333611 0.0133289 103911
0 0.937832 0.856876 0.0173653 0.0219232 103912
0 0.340231 0.850839 0.0283836 0.0125939 103913
0 0.334413 0.774249 0.00451298 0.00997976 103914
0 0.0404377 0.754472 0.0107908 0.0129542 103915
0 0.0401927 0.757538 0.0116277 0.0108678 103916
0 0.844232 0.835826 0.0416924 0.0327993 103917
0 0.95727 0.738843 0.0122383 0.033331 103918
0 0.941266 0.674707 0.00643921 0.0181713 103919
0 0.944997 0.859359 0.0321175 0.0274092 103920
0 0.861681 0.83639 0.0356184 0.0319431 103921
0 0.576945 0.875189 0.0334545 0.0133504 103922
0 0.921748 0.972953 0.0251482 0.0388587 103923
0 0.777913 0.814358 0.0117821 0.0141992 103924
0 0.995045 0.671845 0.00684891 0.0233094 103925
0 0.713358 0.835056 0.024091 0.0252248 103926
0 0.975176 0.771822 0.0175852 0.0103984 103927
0 0.773177 0.813099 0.0220173 0.0168764 103928
0 0.557007 0.770749 0.0239083 0.0119091 103929
0 0.939268 0.859278 0.0212877 0.0260011 103930
0 0.590944 0.914029 0.0459463 0.0103151 103931
0 0.0383991 0.742382 0.00956599 0.0282067 103932
0 0.678101 0.801489 0.0198029 0.0137638 103933
0 0.649423 0.806705 0.0244038 0.0123313 103934
0 0.954117 0.744716 0.00873146 0.0292816 103935
0 0.856674 0.836266 0.0464123 0.0357476 103936
0 0.895524 0.97313 0.019059 0.0261519 103937
0 0.484275 0.858271 0.0361743 0.0224504 103938
0 0.101304 0.984635 0.0626034 0.0270445 103939
0 0.605658 0.809979 0.0299154 0.0118432 103940
0 0.688796 0.789673 0.0100462 0.0367103 103941
0 0.994799 0.813589 0.0100277 0.0174103 103942
0 0.950193 0.866794 0.0415812 0.0157562 103943
0 0.0374024 0.756464 0.0179766 0.0143453 103944
0 0.00973324 0.977221 0.0192595 0.0298971 103945
0 0.711972 0.832121 0.0266243 0.0323429 103946
0 0.588934 0.909696 0.0558435 0.0195323 103947
0 0.465714 0.758262 0.00931177 0.0134245 103948
0 0.577976 0.882293 0.0335732 0.00706109 103949
0 0.87258 0.845564 0.0145168 0.0149892 103950
0 0.852615 0.848703 0.026021 0.00990211 103951
0 0.875282 0.984927 0.0281401 0.0284597 103952
0 0.0321099 0.756468 0.027301 0.0181702 103953
0 0.00257314 0.973028 0.00509635 0.0303802 103954
0 0.947351 0.861223 0.0379404 0.0262495 103955
0 0.896746 0.68707 0.00776291 0.0188805 103956
0 0.484181 0.860359 0.0378838 0.0172641 103957
0 0.970535 0.775788 0.028104 0.00747528 103958
0 0.93573 0.867169 0.0144472 0.0133864 103959
0 0.122529 0.983431 0.0477659 0.026005 103960
0 0.859617 0.845323 0.0412087 0.0172648 103961
0 0.00604146 0.973324 0.0119299 0.0336361 103962
0 0.936761 0.860204 0.0163296 0.0257818 103963
0 0.578062 0.886291 0.0348043 0.0110772 103964
0 0.975108 0.7626 0.0210064 0.0280129 103965
0 0.924021 0.669668 0.00570393 0.0129868 103966
0 0.549118 0.769164 0.0397445 0.0168342 103967
0 0.519211 0.723208 0.0171255 0.0092258 103968
0 0.578353 0.881239 0.0342611 0.0102207 103969
0 0.855273 0.843631 0.0336519 0.0204558 103970
0 0.956289 0.863829 0.0562359 0.0208774 103971
0 0.100396 0.984124 0.0612627 0.0278408 103972
