0 0.45297 0.833817 0.0127939 0.0673123 67833
0 0.251381 0.86756 0.0111394 0.0563034 67834
0 0.697957 0.79521 0.00848904 0.0454746 67835
0 0.47811 0.82893 0.013028 0.0598031 67836
0 0.953571 0.848767 0.0223448 0.0428267 67837
0 0.843633 0.763815 0.00796814 0.0441184 67838
0 0.523914 0.778074 0.00783443 0.025226 67839
0 0.827046 0.769324 0.00923882 0.0373111 67840
0 0.682939 0.795178 0.0119631 0.0440087 67841
0 0.423099 0.90998 0.0182417 0.0496426 67842
0 0.775508 0.776745 0.0067297 0.0513536 67843
0 0.808825 0.773556 0.00821648 0.040053 67844
0 0.873615 0.761802 0.00848198 0.0408525 67845
0 0.788323 0.775602 0.00922365 0.0470722 67846
0 0.795582 0.775804 0.00852766 0.0472704 67847
0 0.854668 0.763307 0.0100082 0.0401016 67848
0 0.931026 0.731223 0.00875969 0.0302979 67849
0 0.198196 0.915754 0.0461049 0.0316155 67850
0 0.509537 0.78128 0.00679026 0.0236204 67851
0 0.986502 0.736998 0.00803242 0.0469538 67852
0 0.391183 0.817476 0.0171488 0.0546302 67853
0 0.48254 0.80628 0.0121431 0.0433211 67854
0 0.947154 0.740925 0.00656242 0.0305522 67855
0 0.830711 0.834512 0.0160189 0.0320684 67856
0 0.37155 0.738346 0.00778461 0.0107547 67857
0 0.717052 0.831121 0.0128098 0.0309045 67858
0 0.0088783 0.743194 0.00823193 0.0180586 67859
0 0.766304 0.696071 0.00785255 0.015378 67860
0 0.964269 0.743617 0.00907211 0.0437341 67861
0 0.354464 0.989261 0.0147156 0.0214777 67862
0 0.855976 0.82982 0.0164547 0.0355314 67863
0 0.88357 0.980166 0.0454517 0.0383755 67864
0 0.715505 0.831369 0.0201778 0.0311449 67865
0 0.995647 0.811148 0.00829735 0.0224358 67866
0 0.115181 0.983267 0.0304916 0.0248515 67867
0 0.917199 0.972775 0.0182468 0.0397346 67868
0 0.78245 0.693668 0.00752287 0.0132234 67869
0 0.90406 0.743336 0.00847511 0.0246918 67870
0 0.292337 0.752516 0.00716572 0.0177839 67871
0 0.0221476 0.938454 0.0442952 0.0294091 67872
0 0.331297 0.707761 0.00571237 0.0147639 67873
0 0.921458 0.973814 0.0271397 0.0420139 67874
0 0.0954022 0.994311 0.0464148 0.00821075 67875
0 0.119814 0.984752 0.0403411 0.0230394 67876
0 0.955735 0.744112 0.00721073 0.0239061 67877
0 0.97469 0.762545 0.0193962 0.0267866 67878
0 0.30072 0.741478 0.00931692 0.0174496 67879
0 0.675688 0.816163 0.0147046 0.0177188 67880
0 0.104129 0.984056 0.0536197 0.0265761 67881
0 0.960414 0.743802 0.00553017 0.0406904 67882
0 0.00562377 0.981478 0.0111559 0.014241 67883
0 0.00712913 0.743516 0.0121287 0.0189063 67884
0 0.906951 0.97349 0.0414185 0.0409885 67885
0 0.912139 0.973084 0.0292097 0.0407428 67886
0 0.895267 0.976166 0.0683418 0.0450116 67887
0 0.0718627 0.745915 0.0202468 0.0181396 67888
0 0.955899 0.748388 0.00734787 0.0371441 67889
0 0.853165 0.831849 0.0218378 0.0361564 67890
0 0.109639 0.981331 0.019891 0.0241465 67891
0 0.577023 0.874895 0.0335924 0.0159336 67892
0 0.290941 0.753599 0.0113352 0.0170624 67893
0 0.769879 0.812493 0.0160681 0.0161747 67894
0 0.973172 0.674346 0.0057972 0.0247537 67895
0 0.0764573 0.744858 0.0112053 0.0168052 67896
0 0.101386 0.987313 0.0586539 0.0210809 67897
0 0.903801 0.749253 0.0091404 0.0357812 67898
0 0.972967 0.752837 0.0062336 0.00761787 67899
0 0.694366 0.842483 0.0284799 0.0140276 67900
0 0.976407 0.656861 0.0065712 0.0199393 67901
0 0.977128 0.653769 0.00746517 0.0205249 67902
0 0.711012 0.832361 0.0274867 0.0319492 67903
0 0.70278 0.832206 0.0445601 0.0325324 67904
0 0.958004 0.848133 0.0139126 0.0384779 67905
0 0.12518 0.985558 0.0285208 0.0220825 67906
0 0.976 0.665275 0.0107937 0.0390825 67907
0 0.481913 0.799377 0.011849 0.0354077 67908
0 0.974762 0.669007 0.00897141 0.0362751 67909
0 0.853052 0.848437 0.0251041 0.00892097 67910
0 0.899333 0.764875 0.00667534 0.0234751 67911
0 0.479363 0.807597 0.0176373 0.047396 67912
0 0.200612 0.728667 0.0116695 0.00987854 67913
0 0.421065 0.927656 0.0161514 0.0150323 67914
0 0.0066937 0.74899 0.0126307 0.0103358 67915
0 0.935903 0.86599 0.0116074 0.0152412 67916
0 0.777894 0.776425 0.0114644 0.0517107 67917
0 0.901469 0.752879 0.0149437 0.0452147 67918
0 0.807403 0.773694 0.0106226 0.0427633 67919
0 0.293817 0.750723 0.0195182 0.022407 67920
0 0.828036 0.834306 0.0137169 0.0318261 67921
0 0.871125 0.680024 0.00431557 0.0118137 67922
0 0.33039 0.715294 0.0405344 0.0102519 67923
0 0.506583 0.781262 0.0131912 0.024565 67924
0 0.87053 0.675552 0.00485764 0.00822178 67925
0 0.993687 0.660339 0.00455704 0.0143465 67926
0 0.980202 0.678142 0.00605354 0.0128137 67927
0 0.540763 0.850625 0.00767431 0.0318034 67928
0 0.975257 0.76857 0.0198093 0.0158101 67929
0 0.94737 0.851174 0.0344801 0.0457862 67930
0 0.900717 0.758133 0.00972672 0.0390352 67931
0 0.505495 0.7872 0.0143004 0.0108368 67932
0 0.331726 0.716842 0.0445302 0.0110268 67933
0 0.977146 0.654509 0.0103243 0.0237757 67934
0 0.955695 0.733031 0.00796509 0.0236813 67935
0 0.473116 0.819662 0.0051693 0.0279124 67936
0 0.915988 0.975619 0.0385525 0.0431061 67937
