0 0.452475 0.833648 0.010939 0.0673596 None
0 0.782574 0.776753 0.0118887 0.050571 None
0 0.796831 0.774808 0.0087204 0.0512099 None
0 0.647911 0.803383 0.0108103 0.0502611 None
0 0.83121 0.83473 0.0185482 0.033491 None
0 0.55714 0.816088 0.0127941 0.0560927 None
0 0.692525 0.794219 0.00948954 0.0474011 None
0 0.702933 0.792943 0.00924683 0.0505602 None
0 0.71826 0.830587 0.0149701 0.0305379 None
0 0.843054 0.762246 0.00797424 0.0421829 None
0 0.95351 0.849288 0.0220537 0.0415565 None
0 0.736384 0.786233 0.00935421 0.0470296 None
0 0.758365 0.78224 0.0107543 0.0490519 None
0 0.940672 0.727749 0.00714989 0.0212714 None
0 0.00465162 0.752527 0.00917254 0.0178104 None
0 0.746413 0.783509 0.00765963 0.0481364 None
0 0.0586813 0.739639 0.00484666 0.0168264 None
0 0.856198 0.830747 0.0144838 0.0326269 None
0 0.675978 0.815978 0.0154531 0.0202403 None
0 0.973875 0.762154 0.0200554 0.0295478 None
0 0.19837 0.916041 0.0459726 0.0311239 None
0 0.434082 0.914652 0.0237751 0.0361511 None
0 0.290004 0.722303 0.00564241 0.0158006 None
0 0.956741 0.848798 0.0157513 0.0405289 None
0 0.115508 0.983612 0.0324634 0.0251858 None
0 0.481712 0.856023 0.0388378 0.0258328 None
0 0.355099 0.989138 0.0143931 0.0217243 None
0 0.883766 0.980557 0.0458797 0.0378206 None
0 0.274221 0.730412 0.00707579 0.0175093 None
0 0.521977 0.728138 0.00942726 0.0119091 None
0 0.852689 0.831021 0.0213539 0.0345662 None
0 0.0667425 0.749877 0.0104727 0.0173813 None
0 0.921345 0.973382 0.0272541 0.0403581 None
0 0.890247 0.97624 0.0583595 0.0453895 None
0 0.022154 0.938555 0.044308 0.0280831 None
0 0.134325 0.739772 0.00634108 0.0108593 None
0 0.853132 0.848545 0.0249714 0.00898268 None
0 0.40409 0.774913 0.00402002 0.0140998 None
0 0.00289128 0.976169 0.00572883 0.0240306 None
0 0.0953752 0.994276 0.0460475 0.008166 None
0 0.00535729 0.976104 0.0106447 0.0249091 None
0 0.3188 0.712037 0.00548658 0.0157993 None
0 0.995891 0.811511 0.00780659 0.020049 None
0 0.715227 0.831092 0.0212224 0.0311191 None
0 0.902753 0.973475 0.0335928 0.0407652 None
0 0.57731 0.875697 0.0333392 0.0149014 None
0 0.751622 0.784274 0.00650139 0.0444114 None
0 0.754572 0.783246 0.00836906 0.0468374 None
0 0.914075 0.972763 0.0101677 0.0389162 None
0 0.391111 0.817884 0.0177447 0.0566674 None
0 0.386653 0.760879 0.0114466 0.0134584 None
0 0.907422 0.973276 0.0235788 0.0400926 None
0 0.28973 0.723103 0.00769138 0.0157895 None
0 0.415961 0.762753 0.00491371 0.0114502 None
0 0.104924 0.991714 0.0658866 0.0125751 None
0 0.0616356 0.74979 0.030276 0.0120402 None
0 0.391045 0.831987 0.017789 0.0841888 None
0 0.494533 0.857929 0.0145577 0.0196299 None
0 0.809467 0.697879 0.00573807 0.0163697 None
0 0.139548 0.738424 0.0160524 0.0117028 None
0 0.852392 0.845396 0.0233418 0.011605 None
0 0.108892 0.981271 0.0194674 0.0217333 None
0 0.285569 0.728496 0.0170024 0.00906236 None
0 0.486365 0.858122 0.0305797 0.0205139 None
0 0.274494 0.732187 0.00846372 0.0212446 None
0 0.993316 0.772755 0.0129017 0.0110565 None
0 0.809257 0.699705 0.00806656 0.0203055 None
0 0.131044 0.98401 0.0639368 0.0242886 None
0 0.40421 0.776188 0.00712891 0.0144565 None
0 0.0659905 0.747267 0.0131069 0.0224174 None
0 0.756712 0.764843 0.00706081 0.0204295 None
0 0.520858 0.728477 0.0130693 0.0127123 None
0 0.772982 0.81223 0.00808516 0.0157674 None
0 0.409539 0.775881 0.00733738 0.0145503 None
0 0.00940393 0.976386 0.0186447 0.0270554 None
0 0.5412 0.848033 0.00720119 0.0288367 None
0 0.125556 0.985353 0.0274592 0.022778 None
0 0.77005 0.812114 0.014939 0.0161752 None
0 0.00316249 0.971753 0.00629122 0.0328264 None
0 0.744368 0.783581 0.0124412 0.0510222 None
0 0.856353 0.847145 0.0316341 0.0135773 None
0 0.00594821 0.972252 0.0117647 0.0336524 None
0 0.970715 0.671133 0.00528641 0.0162485 None
0 0.910634 0.975866 0.050349 0.0446462 None
0 0.0624663 0.750001 0.021458 0.0155206 None
0 0.994833 0.810361 0.00990543 0.023116 None
0 0.845729 0.846604 0.0408512 0.0131965 None
0 0.779463 0.815282 0.00756493 0.0105181 None
0 0.491732 0.855265 0.0176521 0.0256797 None
0 0.440216 0.915031 0.011532 0.0330075 None
0 0.673221 0.816404 0.0212803 0.0213033 None
0 0.177952 0.734543 0.0108298 0.00699565 None
0 0.409852 0.779721 0.006563 0.0133821 None
0 0.983564 0.67199 0.00610428 0.019362 None
0 0.537826 0.827881 0.0329729 0.0109307 None
0 0.989016 0.755356 0.0215057 0.0106544 None
0 0.862994 0.833143 0.0314644 0.0370514 None
0 0.287909 0.723256 0.0155673 0.018458 None
0 0.936248 0.866897 0.0117111 0.0160124 None
0 0.955914 0.863837 0.0303463 0.0199751 None
0 0.947426 0.860089 0.0100243 0.01879 None
0 0.877193 0.680357 0.00487995 0.0128335 None
0 0.153595 0.983534 0.0182799 0.0138858 None
0 0.956864 0.856989 0.0266899 0.0304145 None
0 0.537399 0.825174 0.0335064 0.0111691 None
0 0.783471 0.77255 0.0115458 0.0387517 None
0 0.948663 0.862797 0.0126713 0.0168037 None
0 0.959447 0.869136 0.022504 0.00886027 None
0 0.587585 0.912903 0.042988 0.0124756 None
0 0.995627 0.80123 0.0083149 0.0409154 None
0 0.050684 0.742387 0.00891262 0.00958727 None
0 0.0537153 0.740484 0.0138782 0.0140008 None
0 0.93616 0.86653 0.0117626 0.015976 None
0 0.967324 0.782816 0.0225992 0.00914018 None
0 0.0595359 0.747025 0.0281929 0.0135935 None
0 0.924132 0.983484 0.0197901 0.0200741 None
0 0.0967493 0.986404 0.049326 0.0214886 None
0 0.560522 0.806683 0.00684643 0.0364519 None
0 0.574003 0.874759 0.0388115 0.0169766 None
0 0.988311 0.760778 0.0228996 0.0101849 None
0 0.00465234 0.968653 0.00927449 0.0413071 None
0 0.878897 0.677047 0.00766907 0.0166952 None
