0 0.451747 0.834139 0.0125138 0.0666872 None
0 0.842189 0.765828 0.00878735 0.0450896 None
0 0.591685 0.812427 0.0107359 0.0478156 None
0 0.796687 0.774454 0.00778723 0.0478373 None
0 0.524219 0.82148 0.0120615 0.0513701 None
0 0.718679 0.830325 0.0140279 0.0316242 None
0 0.953698 0.850035 0.0225588 0.0414703 None
0 0.830777 0.8344 0.0175537 0.0333072 None
0 0.746464 0.780058 0.00886469 0.0451921 None
0 0.115969 0.982872 0.03592 0.0272929 None
0 0.717302 0.786245 0.0104143 0.0518317 None
0 0.939873 0.726498 0.00651932 0.0177087 None
0 0.85583 0.829412 0.0144764 0.0328715 None
0 0.431395 0.914563 0.0285843 0.0363827 None
0 0.475174 0.854461 0.0166221 0.029326 None
0 0.0093868 0.746378 0.00895832 0.0173967 None
0 0.726511 0.788288 0.00944729 0.0449117 None
0 0.692052 0.79705 0.00869131 0.0416673 None
0 0.355362 0.989188 0.0139006 0.0216234 None
0 0.285089 0.72008 0.00577726 0.0138095 None
0 0.699754 0.792661 0.00788813 0.0486221 None
0 0.388967 0.775223 0.00718822 0.0155248 None
0 0.0634694 0.739826 0.00708516 0.0248216 None
0 0.972887 0.761236 0.0114887 0.0261003 None
0 0.897918 0.975117 0.0732782 0.0469967 None
0 0.00597246 0.979514 0.0118657 0.0182151 None
0 0.974568 0.762066 0.0174517 0.0275465 None
0 0.978857 0.669993 0.00581856 0.0136828 None
0 0.313985 0.710028 0.00667481 0.0131297 None
0 0.996451 0.73886 0.00665932 0.0336127 None
0 0.853325 0.829949 0.0188694 0.0348862 None
0 0.809544 0.697753 0.00656738 0.017612 None
0 0.0220796 0.938209 0.0441266 0.0296617 None
0 0.267893 0.732597 0.00381699 0.0131853 None
0 0.435576 0.913973 0.0206264 0.0360877 None
0 0.688323 0.795884 0.00869255 0.0435398 None
0 0.686623 0.794113 0.00730858 0.0406876 None
0 0.687769 0.772039 0.00545378 0.0218882 None
0 0.0734627 0.748352 0.0133729 0.0132733 None
0 0.6763 0.815128 0.0158199 0.0182663 None
0 0.197702 0.915456 0.0454779 0.0329839 None
0 0.911565 0.974502 0.0491512 0.0456201 None
0 0.0945776 0.994446 0.0461808 0.00799577 None
0 0.266704 0.731378 0.00580854 0.0148429 None
0 0.836806 0.698066 0.00663128 0.0176566 None
0 0.996373 0.812185 0.00682793 0.0175103 None
0 0.502948 0.730129 0.00611134 0.0119976 None
0 0.702083 0.793006 0.0117224 0.0457733 None
0 0.978826 0.666704 0.00617657 0.0202284 None
0 0.390072 0.775315 0.0101764 0.0160007 None
0 0.696867 0.793348 0.00968056 0.0457679 None
0 0.853008 0.848358 0.02617 0.0105971 None
0 0.903092 0.972778 0.0329529 0.0422063 None
0 0.921214 0.973233 0.0288698 0.0419035 None
0 0.688384 0.78375 0.00763454 0.0437846 None
0 0.484775 0.854709 0.0352217 0.0294203 None
0 0.888483 0.978766 0.0553707 0.0406213 None
0 0.4048 0.764471 0.00779457 0.0143104 None
0 0.892538 0.675385 0.00657539 0.0118574 None
0 0.4081 0.7642 0.0105494 0.0141137 None
0 0.155137 0.729464 0.00860624 0.00784336 None
0 0.283441 0.721617 0.0138987 0.0166746 None
0 0.0639026 0.746198 0.00689989 0.0172479 None
0 0.102604 0.993671 0.0630258 0.00879178 None
0 0.947187 0.674696 0.00629425 0.0144697 None
0 0.837866 0.698513 0.00670853 0.0189117 None
0 0.540559 0.849138 0.00700016 0.0272317 None
0 0.576083 0.875067 0.0366358 0.0144904 None
0 0.135579 0.735282 0.0144081 0.00679084 None
0 0.855807 0.79456 0.0167908 0.0141646 None
0 0.38793 0.775393 0.0102479 0.0162042 None
0 0.9905 0.668745 0.0055584 0.0131909 None
0 0.974883 0.770411 0.0183548 0.0115996 None
0 0.505512 0.730774 0.0115757 0.0134347 None
0 0.680137 0.81547 0.0233984 0.0180552 None
0 0.957429 0.850303 0.0150805 0.0390401 None
0 0.0591385 0.740923 0.0160922 0.0253213 None
0 0.691553 0.82018 0.0177979 0.00884603 None
0 0.440108 0.914973 0.0118005 0.0331668 None
0 0.102404 0.983213 0.061571 0.0275265 None
0 0.576719 0.875774 0.0358526 0.0138457 None
0 0.85934 0.794478 0.00770035 0.0138233 None
0 0.995559 0.669219 0.00676155 0.0118326 None
0 0.837729 0.835112 0.0320049 0.0345228 None
0 0.427001 0.766196 0.0177763 0.0119568 None
0 0.391343 0.831242 0.0184406 0.0860291 None
0 0.935985 0.867013 0.011681 0.0147603 None
0 0.974156 0.767256 0.0191017 0.0183516 None
0 0.715752 0.830812 0.0201263 0.0334968 None
0 0.939889 0.681529 0.00705757 0.0109194 None
0 0.881362 0.980502 0.0414509 0.0376421 None
0 0.0553647 0.739584 0.00799109 0.00891758 None
0 0.771049 0.812429 0.0172754 0.015918 None
0 0.577528 0.88107 0.0336655 0.00878279 None
0 0.970761 0.65998 0.00400429 0.0114934 None
0 0.00403634 0.98592 0.00797341 0.0252228 None
0 0.978262 0.762132 0.0268682 0.0279738 None
0 0.850239 0.84778 0.0322617 0.0124339 None
0 0.946513 0.865905 0.0322544 0.0168613 None
0 0.691545 0.808492 0.0162058 0.026172 None
0 0.914529 0.969135 0.00908051 0.0354882 None
0 0.130929 0.982465 0.0657778 0.0278073 None
0 0.00958349 0.979726 0.0189556 0.0193849 None
0 0.872391 0.84492 0.0147074 0.0162835 None
0 0.953052 0.860961 0.020742 0.0205275 None
0 0.285241 0.722438 0.0213039 0.0183909 None
0 0.420939 0.914435 0.0498144 0.038102 None
0 0.856055 0.824689 0.0167898 0.0319133 None
0 0.686407 0.790591 0.0127012 0.0529999 None
0 0.482108 0.853747 0.022535 0.0292898 None
