0 0.452199 0.833711 0.0121668 0.066549 80244
0 0.663158 0.795358 0.0125282 0.0554135 80245
0 0.477688 0.823633 0.0145144 0.0491601 80246
0 0.554483 0.818874 0.0113817 0.0493991 80247
0 0.842133 0.766934 0.00869751 0.045776 80248
0 0.717992 0.830066 0.0137364 0.0319394 80249
0 0.622202 0.802855 0.0109648 0.0513477 80250
0 0.953466 0.850116 0.0225716 0.0395209 80251
0 0.114302 0.983253 0.0334274 0.0276167 80252
0 0.440656 0.892247 0.0179114 0.0806914 80253
0 0.831292 0.835228 0.0188637 0.0329922 80254
0 0.796479 0.775524 0.00865326 0.0485942 80255
0 0.702044 0.791996 0.0110847 0.0464932 80256
0 0.934131 0.727345 0.00770683 0.0221276 80257
0 0.0187808 0.750861 0.0123554 0.0199531 80258
0 0.734887 0.784463 0.00937748 0.0478227 80259
0 0.0653313 0.738274 0.00649499 0.0192335 80260
0 0.856729 0.830104 0.0137318 0.0337706 80261
0 0.0220683 0.939051 0.0441365 0.0307407 80262
0 0.691606 0.793606 0.0101818 0.0473677 80263
0 0.674677 0.815375 0.0179046 0.0188321 80264
0 0.475892 0.856153 0.0182663 0.025925 80265
0 0.318819 0.710005 0.00520048 0.0145009 80266
0 0.907166 0.97283 0.0432383 0.0415904 80267
0 0.974824 0.761901 0.0158905 0.0274153 80268
0 0.355 0.989179 0.0148869 0.0216411 80269
0 0.484378 0.856377 0.0358314 0.0268412 80270
0 0.966769 0.748182 0.00856361 0.0346778 80271
0 0.883491 0.979633 0.0450901 0.0392731 80272
0 0.85289 0.830698 0.0216614 0.0359756 80273
0 0.70023 0.792362 0.00819321 0.0462138 80274
0 0.00596737 0.97837 0.0118417 0.0218058 80275
0 0.368816 0.772351 0.00577846 0.0129008 80276
0 0.853157 0.848126 0.0247593 0.00939908 80277
0 0.0222208 0.761344 0.0223927 0.00700039 80278
0 0.995899 0.813491 0.0077919 0.0159563 80279
0 0.921227 0.972829 0.0256313 0.0413912 80280
0 0.893704 0.975378 0.0652126 0.0464503 80281
0 0.4883 0.727833 0.0128556 0.0135088 80282
0 0.291121 0.724039 0.00605574 0.013028 80283
0 0.91443 0.973423 0.0410591 0.0423672 80284
0 0.165368 0.728587 0.00704994 0.00826077 80285
0 0.825885 0.695236 0.00564861 0.0188049 80286
0 0.0997426 0.994138 0.0560761 0.0086263 80287
0 0.693947 0.793528 0.0112992 0.0467119 80288
0 0.771951 0.813402 0.0201839 0.0171895 80289
0 0.834864 0.835805 0.0146709 0.0323125 80290
0 0.431651 0.764223 0.0186975 0.0142575 80291
0 0.91796 0.972261 0.0179932 0.0401638 80292
0 0.0683064 0.740293 0.0130409 0.0227715 80293
0 0.577847 0.875279 0.0334099 0.0140049 80294
0 0.853156 0.844499 0.0234015 0.01026 80295
0 0.0668547 0.750635 0.00835121 0.00884094 80296
0 0.578064 0.875416 0.0337754 0.0148383 80297
0 0.0205636 0.760363 0.0175255 0.0071735 80298
0 0.826574 0.835387 0.0105381 0.0309486 80299
0 0.769671 0.812592 0.0147738 0.0157238 80300
0 0.586249 0.813135 0.0240495 0.00769925 80301
0 0.798296 0.775578 0.0123937 0.0489889 80302
0 0.974113 0.764816 0.0190964 0.0239329 80303
0 0.779091 0.817001 0.00960083 0.0118713 80304
0 0.273926 0.731351 0.00475931 0.0161129 80305
0 0.101566 0.983523 0.0575332 0.0273221 80306
0 0.852942 0.83994 0.0222073 0.0183672 80307
0 0.891205 0.685996 0.00455894 0.0185498 80308
0 0.732502 0.783124 0.014935 0.0501475 80309
0 0.0724671 0.749074 0.0231291 0.0123591 80310
0 0.663428 0.803805 0.0114413 0.038127 80311
0 0.585288 0.913921 0.0475941 0.0114712 80312
0 0.0819905 0.748162 0.00570886 0.0117608 80313
0 0.00915071 0.978509 0.0181874 0.0240536 80314
0 0.0662172 0.75221 0.00994655 0.00934618 80315
0 0.953208 0.68358 0.00521889 0.0180245 80316
0 0.707308 0.78536 0.00503263 0.0153483 80317
0 0.314489 0.714389 0.0050673 0.00754174 80318
0 0.948711 0.866519 0.0384388 0.016301 80319
0 0.777959 0.815299 0.0131709 0.0164653 80320
0 0.849046 0.696762 0.00516968 0.0163635 80321
0 0.703869 0.790518 0.0122355 0.0439921 80322
0 0.706086 0.842912 0.0119987 0.00889214 80323
0 0.857134 0.847185 0.0330069 0.0128276 80324
0 0.952873 0.860291 0.0213799 0.020835 80325
0 0.135206 0.736499 0.00617151 0.009473 80326
0 0.560862 0.813257 0.00534344 0.0167002 80327
0 0.983295 0.662226 0.00391731 0.012342 80328
0 0.87265 0.845813 0.0147743 0.0146873 80329
0 0.593463 0.913532 0.0628038 0.0123264 80330
0 0.968657 0.752409 0.014851 0.0442078 80331
0 0.955377 0.867585 0.0304157 0.01258 80332
0 0.843027 0.836293 0.0439621 0.032969 80333
0 0.431148 0.766133 0.0170034 0.0137668 80334
0 0.494404 0.863955 0.0162115 0.00921411 80335
0 0.540923 0.848391 0.00804234 0.0279521 80336
0 0.699212 0.79324 0.0176795 0.0504562 80337
0 0.895062 0.973054 0.0207134 0.0280009 80338
0 0.932545 0.727137 0.0111252 0.0221281 80339
0 0.768499 0.81377 0.0236596 0.0185238 80340
0 0.00633595 0.973757 0.0125151 0.0327542 80341
0 0.959865 0.851309 0.0182175 0.04023 80342
0 0.162839 0.729035 0.0124501 0.00932041 80343
0 0.882599 0.986167 0.0435509 0.0267012 80344
0 0.603463 0.914024 0.0433853 0.0111498 80345
0 0.956692 0.869148 0.0272497 0.00950453 80346
0 0.973567 0.752172 0.0230465 0.0468269 80347
0 0.995759 0.802169 0.00802917 0.0393533 80348
0 0.972862 0.671193 0.00846329 0.0134262 80349
0 0.898619 0.97514 0.0270012 0.0338515 80350
0 0.774099 0.813365 0.029351 0.0188463 80351
0 0.916238 0.72856 0.0519649 0.0164229 80352
0 0.783067 0.814012 0.0133248 0.0154412 80353
0 0.832329 0.784526 0.0121334 0.0093689 80354
0 0.290516 0.723325 0.0171445 0.0127031 80355
0 0.921688 0.68237 0.00546989 0.00977673 80356
0 0.795829 0.817684 0.039807 0.0110058 80357
0 0.790875 0.821384 0.0275066 0.00610996 80358
0 0.957194 0.862088 0.0261694 0.0189626 80359
0 0.941037 0.678511 0.00453987 0.0143055 80360
0 0.349247 0.772788 0.00990324 0.00835843 80361
0 0.948274 0.865951 0.0303925 0.0137231 80362
0 0.967302 0.86259 0.0409353 0.0113929 80363
0 0.941175 0.675466 0.00531654 0.0169149 80364
