0 0.452941 0.833715 0.0122284 0.0676349 None
0 0.292643 0.861646 0.0119594 0.0573815 None
0 0.483901 0.827619 0.0161082 0.0554372 None
0 0.953407 0.848313 0.0222729 0.0420129 None
0 0.698058 0.794442 0.00978603 0.0538917 None
0 0.944856 0.746279 0.0109638 0.0432149 None
0 0.971298 0.737464 0.00840874 0.0393833 None
0 0.830766 0.834578 0.0157101 0.032791 None
0 0.771063 0.78053 0.00963135 0.0471013 None
0 0.423683 0.913647 0.018786 0.0437714 None
0 0.522785 0.779962 0.00878439 0.02167 None
0 0.880543 0.759392 0.0084259 0.0416087 None
0 0.535893 0.776494 0.00861588 0.0267965 None
0 0.856453 0.827702 0.0125076 0.0358888 None
0 0.684223 0.794849 0.0109392 0.0434191 None
0 0.470033 0.79842 0.00842447 0.0330638 None
0 0.796409 0.776332 0.00898914 0.0488976 None
0 0.843046 0.766188 0.00896263 0.0477176 None
0 0.824268 0.768125 0.00808678 0.0314036 None
0 0.718608 0.830353 0.0137683 0.0315759 None
0 0.198151 0.916169 0.0464901 0.0317624 None
0 0.788501 0.776983 0.0105757 0.0473109 None
0 0.00968129 0.750356 0.00721617 0.0193176 None
0 0.896066 0.73861 0.00734997 0.0314192 None
0 0.0221607 0.93853 0.0443215 0.0278727 None
0 0.11449 0.983563 0.0318601 0.0185269 None
0 0.894052 0.975974 0.0659546 0.0465013 None
0 0.909834 0.763192 0.00730553 0.0288322 None
0 0.351147 0.989063 0.0200534 0.0218743 None
0 0.926823 0.728306 0.00754852 0.021283 None
0 0.713625 0.830806 0.0244381 0.0327769 None
0 0.8391 0.767298 0.00764923 0.0424649 None
0 0.995634 0.813889 0.00831451 0.018492 None
0 0.783862 0.695512 0.00588617 0.0119214 None
0 0.883874 0.979595 0.046109 0.0397768 None
0 0.00713871 0.750676 0.0125396 0.0186757 None
0 0.577729 0.872467 0.0331571 0.0204376 None
0 0.0708433 0.751287 0.00566814 0.0117669 None
0 0.330724 0.70816 0.005124 0.0167009 None
0 0.853361 0.82907 0.0188755 0.0387329 None
0 0.917445 0.972647 0.0183491 0.0399278 None
0 0.290035 0.750362 0.00600801 0.0128109 None
0 0.675843 0.816104 0.0149082 0.0184726 None
0 0.906162 0.973588 0.0413334 0.0426507 None
0 0.972061 0.764752 0.0145411 0.0236467 None
0 0.420899 0.913197 0.01355 0.043123 None
0 0.7865 0.777227 0.00752029 0.047023 None
0 0.0965344 0.994171 0.0481356 0.00818566 None
0 0.973733 0.663769 0.00906715 0.0409537 None
0 0.0670635 0.751863 0.0131025 0.0122357 None
0 0.0597406 0.750637 0.00405962 0.00744324 None
0 0.0055766 0.981533 0.0110507 0.0139199 None
0 0.92116 0.973166 0.0283424 0.0409505 None
0 0.949469 0.849441 0.0297512 0.0442017 None
0 0.540927 0.849611 0.00660105 0.0275943 None
0 0.10092 0.990856 0.0569412 0.0142671 None
0 0.0091953 0.758965 0.0177256 0.00831536 None
0 0.492835 0.864083 0.0209819 0.00882111 None
0 0.770112 0.811653 0.0139296 0.017648 None
0 0.0789892 0.753848 0.01385 0.0119056 None
0 0.950341 0.865808 0.0377224 0.0172926 None
0 0.103014 0.986201 0.0551934 0.0227749 None
0 0.995697 0.660542 0.00354176 0.0108246 None
0 0.906308 0.682948 0.00357094 0.0141917 None
0 0.833718 0.835182 0.0222225 0.0338162 None
0 0.937151 0.741969 0.0067482 0.0267319 None
0 0.951696 0.668459 0.0050478 0.0143113 None
0 0.370066 0.738288 0.0105157 0.0106062 None
0 0.908207 0.975736 0.0540985 0.045521 None
0 0.306715 0.742315 0.0069447 0.0128828 None
0 0.860752 0.687322 0.00422821 0.0134478 None
0 0.29225 0.755847 0.0106037 0.019318 None
0 0.679803 0.797633 0.0193686 0.0506699 None
0 0.85209 0.842077 0.0217396 0.0165446 None
0 0.589319 0.907319 0.051784 0.0252285 None
0 0.788881 0.820174 0.0255066 0.00768585 None
0 0.680148 0.815941 0.0209917 0.0197822 None
0 0.853016 0.84613 0.0270947 0.0135047 None
0 0.856297 0.847042 0.0409147 0.0132107 None
0 0.966335 0.701015 0.0659637 0.0242968 None
0 0.960058 0.863067 0.0485691 0.0171114 None
0 0.779654 0.817402 0.00855389 0.0102319 None
0 0.329584 0.878739 0.00956488 0.0187497 None
0 0.588646 0.910342 0.0525123 0.0201711 None
0 0.935978 0.867653 0.0113308 0.0133408 None
0 0.881013 0.984921 0.0402439 0.029482 None
0 0.480819 0.826992 0.0102513 0.0548943 None
0 0.695583 0.841519 0.02686 0.0144163 None
0 0.949572 0.863803 0.0213367 0.0159841 None
0 0.773569 0.812043 0.0211065 0.0201731 None
0 0.837874 0.767048 0.00848007 0.0390547 None
0 0.00585598 0.978871 0.0116007 0.0187142 None
0 0.323489 0.715518 0.0198244 0.00853492 None
0 0.153415 0.983407 0.0182153 0.0132711 None
0 0.859676 0.795374 0.00736122 0.0123932 None
0 0.121532 0.985922 0.0240155 0.0212684 None
0 0.958042 0.866347 0.0554626 0.0148838 None
0 0.369214 0.738094 0.0128465 0.011084 None
0 0.591951 0.914086 0.044149 0.0120131 None
0 0.12042 0.98494 0.0378678 0.0200246 None
0 0.960511 0.863201 0.051738 0.0119785 None
0 0.989954 0.675493 0.00500793 0.0120434 None
0 0.752805 0.826397 0.0286819 0.00639479 None
0 0.694446 0.792986 0.0174051 0.0521381 None
0 0.902839 0.716263 0.0169292 0.0100693 None
0 0.995298 0.808318 0.00893211 0.0304989 None
0 0.469382 0.800895 0.0104511 0.0392371 None
0 0.129312 0.985141 0.0667945 0.0212689 None
0 0.787735 0.81789 0.0251911 0.0108039 None
0 0.866629 0.797228 0.0379002 0.0136122 None
0 0.966773 0.705945 0.0654404 0.0148436 None
0 0.788296 0.818561 0.0249516 0.00989414 None
0 0.975624 0.676059 0.00643959 0.0166277 None
0 0.773977 0.780759 0.0147453 0.0477024 None
0 0.79835 0.775752 0.0124414 0.0490441 None
0 0.0996781 0.987026 0.0548279 0.0203128 None
0 0.872059 0.845464 0.0132898 0.0144942 None
