0 0.514769 0.821526 0.0122992 0.0547411 None
0 0.452012 0.834159 0.0125917 0.0668878 None
0 0.84269 0.767029 0.00938797 0.046294 None
0 0.69151 0.794594 0.00863285 0.0461967 None
0 0.796586 0.774674 0.00770435 0.0471915 None
0 0.718492 0.830592 0.0139666 0.0311015 None
0 0.5811 0.814856 0.0120839 0.0510685 None
0 0.704833 0.788791 0.0127493 0.0528917 None
0 0.953717 0.849885 0.0225845 0.0411265 None
0 0.830864 0.83474 0.0176723 0.0334408 None
0 0.674869 0.78876 0.0102064 0.0421455 None
0 0.116111 0.982917 0.0362652 0.0273831 None
0 0.722767 0.788091 0.009062 0.047504 None
0 0.0110448 0.749774 0.0102008 0.0211524 None
0 0.746191 0.781268 0.00771589 0.0476578 None
0 0.474745 0.856707 0.0175968 0.0253011 None
0 0.431845 0.914158 0.0277346 0.0370321 None
0 0.197664 0.916271 0.0450017 0.0311115 None
0 0.974514 0.761704 0.0185019 0.028556 None
0 0.856192 0.829543 0.0141029 0.0334281 None
0 0.35535 0.989196 0.0139705 0.0216083 None
0 0.0221513 0.937963 0.0442296 0.0296288 None
0 0.897865 0.975162 0.0734432 0.0469406 None
0 0.00571447 0.97948 0.0113569 0.0183345 None
0 0.711521 0.79157 0.00870714 0.0446196 None
0 0.840586 0.697767 0.00514107 0.0180591 None
0 0.382843 0.775142 0.00698752 0.0156281 None
0 0.990664 0.746751 0.0090023 0.0416436 None
0 0.939221 0.727454 0.00741043 0.0209849 None
0 0.853052 0.830653 0.0223591 0.0354309 None
0 0.910853 0.973344 0.0484894 0.0432583 None
0 0.315189 0.711927 0.00715947 0.0141196 None
0 0.0630773 0.737763 0.00666091 0.013976 None
0 0.0950758 0.994459 0.0473992 0.00803663 None
0 0.267559 0.727211 0.00628395 0.0152279 None
0 0.411364 0.762191 0.00758982 0.0133111 None
0 0.288184 0.717874 0.00765314 0.0137926 None
0 0.67611 0.815166 0.0151446 0.0187442 None
0 0.9466 0.676267 0.00610867 0.0176426 None
0 0.0695196 0.748985 0.0139356 0.0154611 None
0 0.811654 0.69804 0.00609436 0.0183004 None
0 0.996264 0.810685 0.00705643 0.0206987 None
0 0.903105 0.972592 0.0331182 0.0418423 None
0 0.0585298 0.737812 0.0155376 0.0134396 None
0 0.889278 0.978362 0.0569946 0.0413818 None
0 0.991058 0.668461 0.00335598 0.0136576 None
0 0.421138 0.762179 0.0273449 0.013296 None
0 0.920937 0.973297 0.0298603 0.0422896 None
0 0.00543223 0.984933 0.0107773 0.0286672 None
0 0.287864 0.718432 0.0055357 0.0134294 None
0 0.852898 0.848281 0.0264744 0.010386 None
0 0.957194 0.849869 0.0154789 0.0380035 None
0 0.575932 0.874948 0.0368628 0.0146929 None
0 0.709283 0.788318 0.0125935 0.0489193 None
0 0.0702239 0.749335 0.0152429 0.0158847 None
0 0.391031 0.827555 0.0190765 0.0788266 None
0 0.383085 0.776402 0.00890961 0.015132 None
0 0.540918 0.848572 0.00725241 0.027229 None
0 0.103023 0.993222 0.0635677 0.00952454 None
0 0.381646 0.775175 0.0121301 0.0164849 None
0 0.978412 0.673646 0.00618324 0.0146669 None
0 0.773086 0.812845 0.020541 0.0156569 None
0 0.414103 0.762687 0.0138916 0.0122316 None
0 0.713112 0.790739 0.00749302 0.0460888 None
0 0.483774 0.856451 0.0374444 0.0258152 None
0 0.904431 0.682255 0.0044178 0.0145991 None
0 0.715867 0.830873 0.0193214 0.0326708 None
0 0.391111 0.815187 0.0187326 0.0540439 None
0 0.270874 0.727526 0.0127689 0.0154434 None
0 0.576625 0.875769 0.0357907 0.0136915 None
0 0.98056 0.665065 0.00464249 0.0125936 None
0 0.953015 0.860186 0.0209362 0.0217104 None
0 0.677437 0.815687 0.0208797 0.0186652 None
0 0.812789 0.697803 0.00860214 0.0188832 None
0 0.997602 0.67177 0.00429974 0.0106242 None
0 0.882146 0.980361 0.0433109 0.0378608 None
0 0.935922 0.866982 0.0115326 0.0147739 None
0 0.102399 0.983063 0.0610242 0.0271393 None
0 0.776217 0.813475 0.0147244 0.0152305 None
0 0.704172 0.774161 0.0107927 0.027075 None
0 0.425701 0.763107 0.0189211 0.0104234 None
0 0.994946 0.669066 0.00947151 0.0151471 None
0 0.130839 0.982637 0.0655906 0.027386 None
0 0.892969 0.675704 0.00573387 0.0129728 None
0 0.577491 0.880618 0.0338198 0.00960303 None
0 0.676068 0.793496 0.012817 0.0507984 None
0 0.972953 0.677715 0.00769882 0.0156107 None
0 0.979815 0.663884 0.00579071 0.0115334 None
0 0.856607 0.795328 0.0154198 0.0132416 None
0 0.215861 0.867919 0.0243794 0.0148078 None
0 0.947101 0.865429 0.0333748 0.0180829 None
0 0.859543 0.795044 0.00796776 0.0126539 None
0 0.0096072 0.980098 0.0189762 0.0214915 None
0 0.559493 0.838578 0.0069706 0.0095537 None
0 0.421029 0.827997 0.0794576 0.082056 None
