0 0.759375 0.780849 0.0125944 0.0505959 61109
0 0.797063 0.774901 0.00797215 0.0466054 61110
0 0.953769 0.850031 0.0228539 0.0428989 61111
0 0.546345 0.815579 0.0121155 0.0512616 61112
0 0.624802 0.809475 0.0124185 0.0516849 61113
0 0.830515 0.834675 0.0175434 0.0333706 61114
0 0.842692 0.76639 0.00785942 0.044676 61115
0 0.692512 0.795725 0.00989857 0.0472633 61116
0 0.729006 0.785705 0.00980263 0.049801 61117
0 0.745881 0.782979 0.00763845 0.0485718 61118
0 0.452805 0.834176 0.0113977 0.0684967 61119
0 0.474519 0.854914 0.0169349 0.0283691 61120
0 0.890454 0.975714 0.0579327 0.0451899 61121
0 0.703461 0.791776 0.00974236 0.0470137 61122
0 0.718121 0.830584 0.0151081 0.0315372 61123
0 0.736199 0.787104 0.00860319 0.0435655 61124
0 0.940492 0.729247 0.00667725 0.0206075 61125
0 0.00489466 0.751064 0.009195 0.0182838 61126
0 0.198913 0.91625 0.0479054 0.0312968 61127
0 0.432064 0.91488 0.0273215 0.0375451 61128
0 0.114627 0.981498 0.031136 0.0278236 61129
0 0.855014 0.832089 0.0174479 0.0314653 61130
0 0.273378 0.729464 0.00908155 0.020089 61131
0 0.67638 0.815549 0.0163465 0.0173818 61132
0 0.0576814 0.735576 0.0051332 0.0147064 61133
0 0.973335 0.763068 0.0176233 0.0262722 61134
0 0.0641917 0.75152 0.00738502 0.0122582 61135
0 0.355291 0.989243 0.0132933 0.0215144 61136
0 0.316742 0.718136 0.0051589 0.0178725 61137
0 0.293243 0.723818 0.00668612 0.0174778 61138
0 0.0224295 0.938801 0.0447445 0.029867 61139
0 0.852181 0.832976 0.0253548 0.0333093 61140
0 0.714085 0.831061 0.0233644 0.0321203 61141
0 0.988222 0.677633 0.005513 0.0229823 61142
0 0.9026 0.973096 0.0349579 0.0399214 61143
0 0.852617 0.848909 0.0267954 0.00932499 61144
0 0.108725 0.980352 0.0195855 0.0248942 61145
0 0.883439 0.985492 0.0433739 0.0266142 61146
0 0.577165 0.874495 0.03267 0.0163259 61147
0 0.391201 0.819364 0.017266 0.0613315 61148
0 0.396457 0.776918 0.00566683 0.0141717 61149
0 0.996459 0.81071 0.00665588 0.0198707 61150
0 0.104974 0.982628 0.0516067 0.0295442 61151
0 0.0053619 0.760921 0.0106446 0.00828722 61152
0 0.0721272 0.750333 0.00643241 0.00997196 61153
0 0.00549103 0.981388 0.0108909 0.0138535 61154
0 0.136853 0.741845 0.014854 0.00998739 61155
0 0.101257 0.994024 0.0589946 0.00938043 61156
0 0.897713 0.681698 0.00381107 0.0152101 61157
0 0.976413 0.771322 0.0152756 0.0102666 61158
0 0.142228 0.74219 0.00461092 0.0086263 61159
0 0.861997 0.834767 0.0343115 0.0369324 61160
0 0.39572 0.778354 0.00714273 0.0169478 61161
0 0.0636203 0.751693 0.0105548 0.0120232 61162
0 0.884571 0.979379 0.0458698 0.0374814 61163
0 0.517258 0.731857 0.00560894 0.0076789 61164
0 0.165661 0.738385 0.0163309 0.0105259 61165
0 0.959432 0.850181 0.0115562 0.0389525 61166
0 0.0500569 0.740459 0.010615 0.00717095 61167
0 0.101399 0.984348 0.0586085 0.0273816 61168
0 0.707677 0.786391 0.00533218 0.0150642 61169
0 0.853072 0.848498 0.0285797 0.0125766 61170
0 0.0534139 0.738532 0.0154757 0.00955438 61171
0 0.971597 0.753031 0.00772476 0.00754666 61172
0 0.851719 0.844359 0.0258764 0.0162832 61173
0 0.491315 0.865281 0.0223246 0.00761753 61174
0 0.936005 0.86645 0.0113968 0.0146481 61175
0 0.884348 0.989275 0.040604 0.0188426 61176
0 0.540773 0.842273 0.00586872 0.0164639 61177
0 0.774894 0.812576 0.0105259 0.0147786 61178
0 0.395685 0.764598 0.00899172 0.0277513 61179
0 0.977831 0.762753 0.0289692 0.02713 61180
0 0.478984 0.855233 0.0278784 0.0279287 61181
0 0.850162 0.836774 0.0296009 0.0327691 61182
0 0.744331 0.782789 0.0107872 0.05103 61183
0 0.860092 0.795274 0.00592728 0.0126848 61184
0 0.587799 0.913386 0.0514935 0.0116882 61185
0 0.978607 0.771196 0.0132757 0.0102505 61186
0 0.911982 0.973697 0.0470205 0.0418654 61187
0 0.924073 0.681397 0.00747337 0.00975274 61188
0 0.944218 0.865807 0.027713 0.015938 61189
0 0.990598 0.678538 0.00961227 0.0237729 61190
0 0.577798 0.882608 0.0328411 0.00869615 61191
0 0.963743 0.851029 0.0479982 0.0448902 61192
0 0.969453 0.674469 0.00629578 0.016007 61193
0 0.7761 0.812518 0.0142365 0.0158017 61194
0 0.734384 0.784259 0.0110872 0.0496999 61195
0 0.391114 0.832677 0.0176799 0.0883565 61196
0 0.901273 0.97478 0.0700096 0.0435584 61197
0 0.00950562 0.981143 0.0188378 0.015663 61198
0 0.394704 0.756642 0.00712948 0.0122645 61199
0 0.119188 0.98175 0.0420097 0.0294837 61200
0 0.842613 0.834402 0.0418194 0.0361582 61201
0 0.966959 0.863351 0.0417112 0.0125363 61202
0 0.771489 0.812923 0.0161512 0.0145121 61203
0 0.961132 0.866355 0.0537136 0.0153056 61204
0 0.577981 0.880847 0.0337469 0.0123037 61205
0 0.871668 0.845364 0.0139334 0.0158746 61206
0 0.759771 0.824289 0.0114264 0.00609843 61207
0 0.00629562 0.97911 0.0124735 0.0184255 61208
0 0.57769 0.878323 0.0327199 0.0140788 61209
0 0.139359 0.745799 0.0227124 0.014881 61210
0 0.731412 0.722489 0.0126366 0.0221663 61211
0 0.575072 0.873741 0.0370022 0.0172295 61212
0 0.974274 0.862595 0.0277437 0.0112135 61213
0 0.0675358 0.757276 0.017835 0.0103255 61214
0 0.965403 0.859885 0.0443245 0.023349 61215
