0 0.476201 0.83311 0.015519 0.0655234 20813
0 0.454979 0.833946 0.0117389 0.06777 20814
0 0.771459 0.779566 0.00899963 0.0442885 20815
0 0.718473 0.830708 0.0144689 0.0303475 20816
0 0.0449748 0.902999 0.0145584 0.0625509 20817
0 0.83057 0.834645 0.0172659 0.0334585 20818
0 0.696589 0.793793 0.0103079 0.0450048 20819
0 0.794277 0.776447 0.0108561 0.0478962 20820
0 0.87764 0.759377 0.00912743 0.0506002 20821
0 0.517089 0.804438 0.0108316 0.0344303 20822
0 0.953512 0.849511 0.0220646 0.0412137 20823
0 0.842728 0.766466 0.00905533 0.0475861 20824
0 0.744496 0.783894 0.00986977 0.0478753 20825
0 0.826794 0.769139 0.00861034 0.0404704 20826
0 0.755843 0.781458 0.00977898 0.0495246 20827
0 0.856277 0.830242 0.0153275 0.0327877 20828
0 0.9138 0.753271 0.010046 0.0464744 20829
0 0.398136 0.748076 0.00983911 0.0205929 20830
0 0.324836 0.751681 0.010436 0.0162055 20831
0 0.278718 0.729461 0.00642629 0.0157566 20832
0 0.45673 0.780644 0.00767097 0.0182046 20833
0 0.435193 0.903529 0.0227112 0.0590378 20834
0 0.0692629 0.742144 0.00725476 0.0270335 20835
0 0.946757 0.738578 0.00800514 0.033391 20836
0 0.996043 0.809885 0.00749397 0.0238654 20837
0 0.89451 0.976219 0.0655314 0.0457553 20838
0 0.481257 0.77867 0.00892353 0.0217407 20839
0 0.394201 0.759807 0.0330022 0.00818905 20840
0 0.355105 0.988992 0.0145404 0.0220166 20841
0 0.0220581 0.938169 0.0441161 0.0309901 20842
0 0.00976898 0.750932 0.00558653 0.0177748 20843
0 0.322507 0.709747 0.00616198 0.0159451 20844
0 0.88386 0.979643 0.044379 0.0391508 20845
0 0.972719 0.762736 0.01476 0.0276696 20846
0 0.438982 0.903981 0.014778 0.0575326 20847
0 0.767425 0.69714 0.00660973 0.0142222 20848
0 0.906112 0.973108 0.043943 0.0401125 20849
0 0.00677924 0.975959 0.013476 0.02549 20850
0 0.0723719 0.750377 0.00617945 0.0135613 20851
0 0.791517 0.696693 0.00576878 0.0157012 20852
0 0.052562 0.752467 0.00644636 0.0101735 20853
0 0.676084 0.815783 0.0173368 0.0185472 20854
0 0.00987427 0.760058 0.0171 0.00785522 20855
0 0.1988 0.916056 0.0472042 0.0328674 20856
0 0.125795 0.985867 0.0271377 0.0204041 20857
0 0.917817 0.972778 0.0181313 0.0395535 20858
0 0.972918 0.762323 0.00993481 0.0275869 20859
0 0.853606 0.831378 0.0211767 0.0361589 20860
0 0.921408 0.973362 0.0272638 0.0403225 20861
0 0.00592566 0.753374 0.00824213 0.0147429 20862
0 0.972314 0.675029 0.00615196 0.0162805 20863
0 0.883387 0.985265 0.0432476 0.0280136 20864
0 0.161357 0.740386 0.00558467 0.00883687 20865
0 0.395611 0.758662 0.0301186 0.00823008 20866
0 0.101871 0.994247 0.0602968 0.00800442 20867
0 0.7157 0.831231 0.020206 0.0309669 20868
0 0.109683 0.980498 0.0189614 0.0226437 20869
0 0.330659 0.731959 0.0165977 0.0077318 20870
0 0.117 0.98358 0.0327098 0.0239829 20871
0 0.391264 0.832683 0.0182545 0.0865763 20872
0 0.840577 0.775583 0.00682621 0.0301815 20873
0 0.577127 0.875425 0.0322504 0.013483 20874
0 0.330356 0.730232 0.0173516 0.0107405 20875
0 0.93404 0.725027 0.00728607 0.0252182 20876
0 0.105208 0.987571 0.0668927 0.020934 20877
0 0.752466 0.785159 0.0104174 0.043035 20878
0 0.105562 0.985528 0.0651735 0.0239604 20879
0 0.0708514 0.744095 0.0101976 0.0273731 20880
0 0.762791 0.709917 0.0146585 0.0087616 20881
0 0.576883 0.875216 0.032303 0.0132974 20882
0 0.00732672 0.752409 0.0126359 0.0194885 20883
0 0.773612 0.813018 0.00645847 0.0148068 20884
0 0.427893 0.907433 0.0112244 0.0487501 20885
0 0.110445 0.983956 0.0401127 0.0246721 20886
0 0.455419 0.786517 0.0232645 0.00955709 20887
0 0.853209 0.846251 0.0266045 0.0135702 20888
0 0.995677 0.675419 0.00675507 0.0152771 20889
0 0.198562 0.73266 0.00904679 0.010606 20890
0 0.770827 0.812473 0.0142115 0.0159108 20891
0 0.00680957 0.757106 0.0107668 0.0129442 20892
0 0.533796 0.738997 0.0178564 0.00877821 20893
0 0.829465 0.770212 0.0134123 0.0384003 20894
0 0.945133 0.738712 0.0110941 0.0339179 20895
0 0.307367 0.717599 0.0155179 0.00813785 20896
0 0.198945 0.73422 0.00989807 0.0118303 20897
0 0.858583 0.847456 0.0382 0.0125963 20898
0 0.398855 0.755735 0.0141331 0.00825602 20899
0 0.430341 0.900618 0.0156843 0.0522291 20900
0 0.944802 0.866879 0.0284513 0.0152201 20901
0 0.425571 0.908434 0.0160908 0.0504378 20902
0 0.773105 0.812805 0.0208261 0.0174756 20903
0 0.949544 0.86054 0.0140152 0.018231 20904
0 0.93741 0.867228 0.0139439 0.0149372 20905
0 0.540945 0.848976 0.00760279 0.0280043 20906
0 0.427783 0.903005 0.00959988 0.0366038 20907
0 0.329729 0.727619 0.0112442 0.0110301 20908
0 0.90572 0.976049 0.0612267 0.0452569 20909
0 0.877683 0.672718 0.00537472 0.00985616 20910
0 0.311805 0.717459 0.0240862 0.0094947 20911
0 0.679321 0.814345 0.0199067 0.0200755 20912
0 0.946285 0.754674 0.00968437 0.00488078 20913
0 0.98179 0.661495 0.00494251 0.0139484 20914
0 0.98291 0.677063 0.00452347 0.0116893 20915
0 0.766666 0.813033 0.00820313 0.0153453 20916
0 0.865739 0.845019 0.0247993 0.016463 20917
0 0.456556 0.784972 0.0204258 0.0118228 20918
0 0.862663 0.832462 0.0293362 0.0380225 20919
0 0.426778 0.925087 0.0102257 0.015751 20920
0 0.688498 0.774212 0.0277111 0.012226 20921
0 0.329106 0.728293 0.0178772 0.0117635 20922
0 0.00487921 0.973502 0.00969837 0.0304264 20923
0 0.947693 0.850724 0.0329746 0.0459686 20924
0 0.947 0.865594 0.0192169 0.012448 20925
0 0.779272 0.816242 0.00811005 0.0100354 20926
0 0.10966 0.973816 0.0190867 0.0378981 20927
0 0.593545 0.913423 0.0619894 0.0123047 20928
0 0.871811 0.845376 0.0131447 0.0151718 20929
0 0.521846 0.805328 0.0213024 0.0372364 20930
