0 0.453253 0.833804 0.0122086 0.0675535 28677
0 0.464919 0.836761 0.0133101 0.0642365 28678
0 0.830758 0.834534 0.0175278 0.0340622 28679
0 0.795314 0.775577 0.0113888 0.0490906 28680
0 0.884341 0.759219 0.0101696 0.0497899 28681
0 0.808847 0.774422 0.00892048 0.0439457 28682
0 0.705883 0.791195 0.00976048 0.0480689 28683
0 0.744666 0.784956 0.00804214 0.0476891 28684
0 0.718619 0.829643 0.0145857 0.0326981 28685
0 0.694457 0.793396 0.00969353 0.0456036 28686
0 0.842778 0.765966 0.00822697 0.044251 28687
0 0.7547 0.782154 0.00883465 0.0494542 28688
0 0.953678 0.748033 0.00822277 0.0446648 28689
0 0.856175 0.830443 0.0162556 0.0330448 28690
0 0.892738 0.976174 0.0615063 0.0454068 28691
0 0.850452 0.763802 0.00913353 0.0455999 28692
0 0.965814 0.739165 0.00734081 0.0345513 28693
0 0.460865 0.78151 0.00748558 0.0217682 28694
0 0.826048 0.778497 0.00580597 0.0289561 28695
0 0.434638 0.913606 0.0218472 0.0378677 28696
0 0.33589 0.757404 0.00940533 0.0210993 28697
0 0.0712476 0.742221 0.00687735 0.0270547 28698
0 0.27636 0.728391 0.00654163 0.0163098 28699
0 0.00788157 0.749427 0.00985891 0.0183434 28700
0 0.530866 0.814723 0.0099102 0.0410999 28701
0 0.953541 0.849278 0.0219461 0.0410607 28702
0 0.198237 0.915689 0.0457819 0.0316622 28703
0 0.11803 0.983317 0.0361922 0.0244253 28704
0 0.957193 0.847958 0.0151409 0.0380056 28705
0 0.319481 0.715678 0.00657005 0.0265847 28706
0 0.0222072 0.938758 0.0441926 0.0286767 28707
0 0.354325 0.989345 0.0152671 0.0212802 28708
0 0.903385 0.973012 0.0390249 0.0391741 28709
0 0.931431 0.728103 0.00615768 0.0227366 28710
0 0.972195 0.762422 0.0114655 0.0273256 28711
0 0.972516 0.762784 0.0162886 0.0283686 28712
0 0.00584423 0.975453 0.0116387 0.0260796 28713
0 0.102894 0.993814 0.0608458 0.00852746 28714
0 0.770461 0.697614 0.00677109 0.0171037 28715
0 0.191913 0.734987 0.00960798 0.00730218 28716
0 0.853994 0.831556 0.0214386 0.0361308 28717
0 0.529002 0.740389 0.00596189 0.00905626 28718
0 0.949649 0.858655 0.0140091 0.0232012 28719
0 0.675374 0.815822 0.015675 0.0203118 28720
0 0.00591736 0.943515 0.0117746 0.0920407 28721
0 0.0529399 0.75185 0.00643748 0.010247 28722
0 0.532597 0.740532 0.0135078 0.00957404 28723
0 0.714734 0.830218 0.022826 0.0331139 28724
0 0.883846 0.985309 0.0443474 0.027508 28725
0 0.972596 0.673483 0.00498924 0.0201488 28726
0 0.441166 0.773833 0.0080183 0.0195594 28727
0 0.30938 0.727888 0.00663853 0.00984294 28728
0 0.897723 0.679922 0.00572739 0.0194127 28729
0 0.788205 0.698642 0.00613174 0.0190687 28730
0 0.142478 0.73929 0.00735288 0.00791219 28731
0 0.863845 0.83319 0.032579 0.0384454 28732
0 0.99589 0.813875 0.00781898 0.0145908 28733
0 0.155471 0.739922 0.0068763 0.00861579 28734
0 0.110091 0.981593 0.0208716 0.0224057 28735
0 0.577511 0.875696 0.0331297 0.0140927 28736
0 0.00209426 0.912075 0.00413526 0.0289917 28737
0 0.879533 0.673405 0.00571556 0.00899938 28738
0 0.577457 0.875439 0.0324621 0.013678 28739
0 0.106531 0.985773 0.0623929 0.0234038 28740
0 0.00941587 0.975779 0.0187931 0.0275821 28741
0 0.872754 0.8457 0.0141396 0.0144533 28742
0 0.884886 0.979561 0.0463108 0.0390001 28743
0 0.772335 0.81279 0.00945177 0.0146366 28744
0 0.14674 0.74016 0.0222655 0.00992771 28745
0 0.00911946 0.756677 0.0141288 0.0115635 28746
0 0.920001 0.680702 0.00817146 0.0138038 28747
0 0.983476 0.677282 0.0063015 0.0152576 28748
0 0.983824 0.679483 0.00684395 0.016707 28749
0 0.948028 0.850665 0.0317554 0.0448697 28750
0 0.39107 0.831607 0.0178089 0.086281 28751
0 0.770161 0.813051 0.0139882 0.0148726 28752
0 0.311857 0.719857 0.014224 0.017924 28753
0 0.00282802 0.943944 0.00562798 0.0935684 28754
0 0.528434 0.818053 0.00985088 0.0467994 28755
0 0.98286 0.661409 0.00616322 0.0172675 28756
0 0.946213 0.859355 0.0301693 0.0283524 28757
0 0.53595 0.740774 0.0206149 0.00985565 28758
0 0.0728702 0.742561 0.011636 0.0271674 28759
0 0.937252 0.866973 0.0136898 0.0150954 28760
0 0.46131 0.835763 0.00954323 0.0578988 28761
0 0.860036 0.795634 0.00695953 0.0117947 28762
0 0.441281 0.774269 0.0127489 0.021855 28763
0 0.779625 0.815756 0.00817299 0.0106588 28764
0 0.275453 0.737102 0.0116561 0.00712908 28765
0 0.943928 0.866154 0.0259727 0.0166131 28766
0 0.860875 0.845891 0.0383188 0.0157611 28767
0 0.124353 0.985834 0.0303303 0.0212911 28768
0 0.303855 0.72967 0.00697107 0.0080485 28769
0 0.879582 0.685561 0.00648842 0.00893945 28770
0 0.131565 0.983572 0.0641989 0.0209978 28771
0 0.00975961 0.758263 0.0149564 0.00947435 28772
0 0.440132 0.776084 0.0201428 0.019494 28773
0 0.350017 0.989366 0.0251234 0.021225 28774
0 0.856739 0.824715 0.016609 0.0339328 28775
0 0.705331 0.831319 0.0408018 0.0326836 28776
0 0.774499 0.812959 0.018524 0.01653 28777
0 0.984415 0.679551 0.00905953 0.019295 28778
0 0.29779 0.736499 0.0583423 0.0104896 28779
0 0.275544 0.728894 0.00891018 0.0173855 28780
0 0.440329 0.779101 0.0210128 0.0141229 28781
0 0.851949 0.839237 0.0233818 0.0237256 28782
0 0.0766875 0.738612 0.0038851 0.0106557 28783
0 0.853169 0.84531 0.026149 0.0146962 28784
0 0.827996 0.77772 0.0103046 0.0312534 28785
0 0.880328 0.686158 0.00509377 0.00861799 28786
0 0.981538 0.771438 0.00875587 0.00973748 28787
0 0.276316 0.735638 0.0100447 0.00950029 28788
0 0.951939 0.853472 0.0262144 0.0403459 28789
0 0.864255 0.796142 0.0335785 0.0128452 28790
