0 0.454382 0.832697 0.0131871 0.0688395 None
0 0.469609 0.835533 0.0148182 0.0649106 None
0 0.694877 0.792971 0.00941792 0.0478726 None
0 0.83072 0.834479 0.0174068 0.0341539 None
0 0.89214 0.757445 0.0108469 0.0489239 None
0 0.843055 0.767167 0.0085556 0.0468282 None
0 0.856997 0.762722 0.00917397 0.0502211 None
0 0.706301 0.791136 0.0101205 0.0486939 None
0 0.756051 0.782488 0.00984373 0.0488722 None
0 0.79449 0.775615 0.010601 0.0493915 None
0 0.745046 0.785532 0.00919991 0.0485531 None
0 0.892855 0.976123 0.061805 0.045471 None
0 0.466126 0.779562 0.00749969 0.0240936 None
0 0.718576 0.829922 0.0146418 0.0321984 None
0 0.43434 0.913571 0.0225149 0.037856 None
0 0.198129 0.915986 0.0442097 0.0303686 None
0 0.856186 0.830573 0.0161753 0.0328339 None
0 0.2774 0.728547 0.00676103 0.0147173 None
0 0.0710456 0.740897 0.00748585 0.0254237 None
0 0.831377 0.777393 0.00756187 0.0277164 None
0 0.962007 0.737406 0.00763626 0.0301583 None
0 0.953533 0.849342 0.0219761 0.0411813 None
0 0.527731 0.811937 0.00977068 0.0378784 None
0 0.333048 0.75414 0.00845571 0.0186279 None
0 0.942991 0.749379 0.0079464 0.0419903 None
0 0.00881126 0.751579 0.0100885 0.0168223 None
0 0.118989 0.983786 0.037845 0.0240363 None
0 0.957207 0.848111 0.0151318 0.0382456 None
0 0.812866 0.76823 0.00809975 0.0355053 None
0 0.320136 0.71547 0.00677052 0.0222392 None
0 0.0222554 0.938846 0.0441389 0.027987 None
0 0.354865 0.989308 0.0149416 0.0213376 None
0 0.931727 0.727528 0.00528984 0.0234907 None
0 0.971929 0.763062 0.0140469 0.0277934 None
0 0.528766 0.739331 0.00663891 0.0104031 None
0 0.972375 0.672293 0.00490837 0.0173558 None
0 0.903486 0.973128 0.0393051 0.0394565 None
0 0.853936 0.831767 0.0214954 0.0360565 None
0 0.193204 0.734714 0.00893693 0.00877041 None
0 0.114836 0.982931 0.0299664 0.0212711 None
0 0.769182 0.698768 0.00618 0.0179732 None
0 0.52447 0.810368 0.00877371 0.0326124 None
0 0.0974303 0.994236 0.0504646 0.00827365 None
0 0.109777 0.984567 0.0554892 0.025549 None
0 0.00519346 0.942709 0.0103261 0.0927443 None
0 0.317339 0.720525 0.0121215 0.0136105 None
0 0.533656 0.740077 0.0167006 0.0100606 None
0 0.443517 0.77933 0.00914707 0.0165205 None
0 0.714647 0.830577 0.0230055 0.0324897 None
0 0.788981 0.697763 0.00822182 0.0179785 None
0 0.317446 0.715791 0.0124141 0.0236265 None
0 0.812389 0.773626 0.00806294 0.0471291 None
0 0.98462 0.677882 0.00533218 0.016158 None
0 0.89762 0.682009 0.00504303 0.0151666 None
0 0.949477 0.85855 0.013641 0.0230265 None
0 0.577415 0.875291 0.0323471 0.0137244 None
0 0.00527479 0.975599 0.0105208 0.0252797 None
0 0.86386 0.833408 0.032523 0.0381215 None
0 0.676283 0.816231 0.0173235 0.0197323 None
0 0.977995 0.662173 0.00535049 0.0220929 None
0 0.577676 0.875691 0.0327025 0.0142337 None
0 0.982249 0.662251 0.00631733 0.0195214 None
0 0.9641 0.668037 0.00568867 0.0139975 None
0 0.44236 0.780234 0.0157536 0.0170632 None
0 0.524775 0.809793 0.0149694 0.0361206 None
0 0.143807 0.739267 0.00899034 0.00784166 None
0 0.884643 0.983812 0.0455708 0.0297967 None
0 0.974456 0.765551 0.0189785 0.022443 None
0 0.125255 0.98559 0.0286729 0.0216448 None
0 0.896501 0.676899 0.00760117 0.0238905 None
0 0.00603917 0.952773 0.011987 0.0720122 None
0 0.10976 0.981504 0.0199186 0.0222928 None
0 0.995893 0.813918 0.00781479 0.0146083 None
0 0.772715 0.812607 0.0085537 0.0148926 None
0 0.872759 0.845704 0.0141411 0.0143823 None
0 0.978368 0.65522 0.00648613 0.0234199 None
0 0.947927 0.850724 0.0318028 0.0448798 None
0 0.316072 0.728154 0.0154715 0.00817939 None
0 0.814886 0.768424 0.0124758 0.0360453 None
0 0.157197 0.739799 0.0074873 0.00780131 None
0 0.77027 0.813001 0.0135396 0.0147647 None
0 0.935407 0.729865 0.00573273 0.0263692 None
0 0.937717 0.866996 0.0146255 0.0152015 None
0 0.529423 0.738576 0.00866737 0.0123671 None
0 0.391377 0.83161 0.0177825 0.0885006 None
0 0.0538266 0.751435 0.00373917 0.00713908 None
0 0.943681 0.866545 0.0255924 0.0158847 None
0 0.879717 0.671619 0.00585594 0.0108857 None
0 0.980177 0.662326 0.0116707 0.0298904 None
0 0.525044 0.810086 0.0153725 0.0353183 None
0 0.707813 0.831173 0.0357695 0.0327852 None
0 0.946055 0.859342 0.0300303 0.0284868 None
0 0.537638 0.740659 0.0236172 0.00977003 None
0 0.866039 0.796829 0.0359749 0.0123127 None
0 0.779582 0.81617 0.00810347 0.00979241 None
0 0.869395 0.799649 0.0291008 0.0112254 None
0 0.853228 0.845418 0.0263828 0.0144775 None
0 0.860689 0.845867 0.0386217 0.015655 None
0 0.316149 0.730624 0.0151638 0.00709415 None
0 0.131455 0.984419 0.0634838 0.0203447 None
0 0.896394 0.671171 0.00706062 0.0131905 None
0 0.540486 0.848983 0.00814972 0.0273221 None
0 0.305908 0.715868 0.0154344 0.0114449 None
0 0.00200901 0.911591 0.00394174 0.0315336 None
0 0.441347 0.782708 0.0175481 0.0119759 None
0 0.943664 0.744088 0.00817833 0.0355067 None
0 0.150014 0.739781 0.0220239 0.00929938 None
0 0.774515 0.812897 0.018257 0.0164093 None
0 0.789161 0.69674 0.0108412 0.0198846 None
0 0.808742 0.720192 0.058135 0.0136041 None
0 0.879896 0.669606 0.00508842 0.00936178 None
0 0.859491 0.845244 0.0395298 0.0163491 None
0 0.882004 0.685719 0.00845108 0.0100433 None
0 0.939376 0.749408 0.0133163 0.0441483 None
0 0.960413 0.738183 0.0109581 0.0322991 None
0 0.852012 0.840019 0.0236526 0.022521 None
0 0.975224 0.762397 0.0215126 0.0276159 None
0 0.318948 0.728456 0.0282764 0.00888095 None
0 0.98122 0.771377 0.00920086 0.00967984 None
0 0.00951445 0.975711 0.0188516 0.0272373 None
0 0.879564 0.985604 0.0359026 0.0272575 None
