0 0.263959 0.902723 0.0216451 0.0784885 100320
0 0.452579 0.834854 0.0128132 0.0660263 100321
0 0.372001 0.844268 0.0127661 0.0610572 100322
0 0.508346 0.82306 0.012376 0.0576616 100323
0 0.842736 0.765012 0.00849552 0.0402603 100324
0 0.630011 0.806054 0.00870552 0.0479463 100325
0 0.797244 0.775189 0.00923462 0.0500756 100326
0 0.718451 0.829889 0.0143623 0.0319361 100327
0 0.689118 0.79486 0.010121 0.0453674 100328
0 0.831309 0.835013 0.0168171 0.0325497 100329
0 0.730718 0.786049 0.00865698 0.0456713 100330
0 0.702503 0.792609 0.010532 0.0470815 100331
0 0.956587 0.847911 0.0163036 0.0342402 100332
0 0.114479 0.982472 0.0313164 0.0237396 100333
0 0.198744 0.916326 0.0435731 0.0306576 100334
0 0.391224 0.832217 0.0177913 0.0852607 100335
0 0.549936 0.813484 0.0106353 0.0556169 100336
0 0.946524 0.850924 0.0141205 0.0357276 100337
0 0.853792 0.83428 0.0203461 0.0281304 100338
0 0.355207 0.989414 0.0147845 0.0211716 100339
0 0.648671 0.810166 0.00644836 0.0329807 100340
0 0.972129 0.762366 0.0144772 0.0279624 100341
0 0.93056 0.728277 0.00799027 0.0212241 100342
0 0.739575 0.782047 0.00656986 0.0452187 100343
0 0.475665 0.857215 0.0174601 0.0238766 100344
0 0.923368 0.750348 0.00823059 0.0347348 100345
0 0.970441 0.733273 0.00580463 0.0265213 100346
0 0.555704 0.819025 0.00900984 0.0468811 100347
0 0.890865 0.976964 0.0599237 0.0441257 100348
0 0.0221723 0.938755 0.0443446 0.0290334 100349
0 0.577623 0.874849 0.032638 0.0159485 100350
0 0.552191 0.81473 0.0148855 0.0546577 100351
0 0.904781 0.973296 0.0387644 0.0384372 100352
0 0.883047 0.984886 0.0442299 0.0285255 100353
0 0.0057998 0.975821 0.0115251 0.0257796 100354
0 0.484511 0.857306 0.0359806 0.0241011 100355
0 0.677247 0.815359 0.0184958 0.0182692 100356
0 0.941529 0.853197 0.0240383 0.0394625 100357
0 0.925733 0.74716 0.0130836 0.039939 100358
0 0.340609 0.772139 0.00335569 0.0109155 100359
0 0.0423564 0.737893 0.00835327 0.0150116 100360
0 0.522184 0.756526 0.00954189 0.0185028 100361
0 0.911301 0.974264 0.0485882 0.0409515 100362
0 0.950944 0.850503 0.0286003 0.038147 100363
0 0.940885 0.672245 0.0059269 0.0199591 100364
0 0.922406 0.973629 0.0262558 0.0392961 100365
0 0.92705 0.742283 0.0160583 0.0491014 100366
0 0.0993766 0.993977 0.0541625 0.00832672 100367
0 0.853201 0.83645 0.0257019 0.0325094 100368
0 0.0614395 0.73226 0.00648534 0.0145047 100369
0 0.895294 0.682166 0.00581055 0.0142841 100370
0 0.785659 0.81387 0.0371794 0.0193309 100371
0 0.917492 0.972268 0.0159769 0.036637 100372
0 0.700385 0.792805 0.00806475 0.0466814 100373
0 0.867057 0.695135 0.00685692 0.0148227 100374
0 0.990749 0.671011 0.00457058 0.015201 100375
0 0.91479 0.972152 0.0103851 0.0367513 100376
0 0.737485 0.781652 0.00863533 0.0483676 100377
0 0.104814 0.984161 0.0515318 0.0267456 100378
0 0.860444 0.794625 0.00549469 0.0136224 100379
0 0.962778 0.6737 0.00521793 0.0191967 100380
0 0.288162 0.739519 0.00984387 0.0121755 100381
0 0.647131 0.809953 0.00988674 0.0346368 100382
0 0.899803 0.975495 0.0316011 0.0344918 100383
0 0.00435688 0.973163 0.00866454 0.030445 100384
0 0.00846309 0.975808 0.0167603 0.0272766 100385
0 0.119583 0.983823 0.0409654 0.0248447 100386
0 0.773824 0.813554 0.0206469 0.0189036 100387
0 0.263504 0.721983 0.0105722 0.0164491 100388
0 0.592773 0.907405 0.0625399 0.0233565 100389
0 0.996052 0.80763 0.00748444 0.0286418 100390
0 0.770674 0.81301 0.0145088 0.0174354 100391
0 0.260378 0.720367 0.00903673 0.0136876 100392
0 0.923973 0.748929 0.0120827 0.0367143 100393
0 0.0627979 0.73248 0.0084934 0.0149741 100394
0 0.97488 0.771469 0.0178511 0.0103004 100395
0 0.997037 0.670059 0.00533142 0.0165514 100396
0 0.947343 0.853878 0.0384737 0.0421734 100397
0 0.995756 0.733853 0.00781097 0.0350761 100398
0 0.935165 0.866818 0.0134117 0.0148709 100399
0 0.540898 0.848729 0.0077816 0.0288157 100400
0 0.507698 0.803368 0.00999641 0.0206311 100401
0 0.78886 0.815486 0.0303726 0.016058 100402
0 0.923452 0.679821 0.00602741 0.0104663 100403
0 0.777965 0.815092 0.011723 0.0160624 100404
0 0.78553 0.814145 0.0265761 0.0177287 100405
0 0.937625 0.866134 0.019125 0.0162952 100406
0 0.265481 0.728692 0.0101908 0.0115867 100407
0 0.142092 0.750614 0.0311557 0.0113695 100408
0 0.391244 0.813325 0.016681 0.0459449 100409
0 0.916868 0.671256 0.00669575 0.010861 100410
0 0.0662974 0.732922 0.0166804 0.0152791 100411
0 0.857646 0.837117 0.0435898 0.0346115 100412
0 0.593826 0.911731 0.06057 0.0144686 100413
0 0.844565 0.836553 0.0453556 0.0343641 100414
0 0.996114 0.816675 0.00729866 0.0132243 100415
0 0.958334 0.849081 0.0231186 0.0355482 100416
0 0.367623 0.838369 0.00562592 0.0316389 100417
0 0.97491 0.762259 0.021439 0.0282257 100418
0 0.860762 0.845836 0.0387241 0.0165009 100419
0 0.262696 0.723816 0.0158506 0.0198035 100420
0 0.890773 0.987295 0.0314621 0.0225457 100421
0 0.995753 0.739785 0.00731182 0.0355687 100422
0 0.341827 0.772497 0.00623674 0.0126712 100423
0 0.872535 0.845641 0.014426 0.0148546 100424
0 0.461204 0.756176 0.00754547 0.011517 100425
0 0.956994 0.866468 0.0595242 0.0155606 100426
0 0.577766 0.871294 0.0331125 0.0234134 100427
