0 0.452492 0.833489 0.0122847 0.0671899 None
0 0.714339 0.790682 0.0090785 0.0434169 None
0 0.71853 0.830627 0.0143366 0.0307278 None
0 0.83056 0.834829 0.0176115 0.03364 None
0 0.786383 0.778402 0.00993652 0.0457699 None
0 0.796889 0.775006 0.0083004 0.0491384 None
0 0.756012 0.781481 0.0071476 0.0483763 None
0 0.73877 0.785436 0.00862064 0.0467838 None
0 0.80619 0.781462 0.00563812 0.0304969 None
0 0.694781 0.794299 0.0101348 0.0459205 None
0 0.819384 0.770541 0.010186 0.0464762 None
0 0.473342 0.855181 0.0193386 0.0303969 None
0 0.953361 0.849715 0.0223511 0.0417633 None
0 0.0666818 0.741337 0.00785531 0.028734 None
0 0.434902 0.914155 0.0220497 0.0375465 None
0 0.115426 0.983349 0.0311889 0.0262978 None
0 0.55349 0.812967 0.0121864 0.0447038 None
0 0.85586 0.832011 0.0154037 0.031642 None
0 0.843473 0.767194 0.00787277 0.0458725 None
0 0.702539 0.80756 0.00460367 0.0152001 None
0 0.837919 0.767008 0.00860615 0.0474442 None
0 0.428578 0.778667 0.0109859 0.0185774 None
0 0.318432 0.713246 0.00591092 0.0166124 None
0 0.198767 0.916092 0.0455499 0.0311913 None
0 0.974108 0.763833 0.0192675 0.0245622 None
0 0.957163 0.848278 0.0151779 0.0390169 None
0 0.355438 0.989257 0.0137503 0.0214862 None
0 0.891018 0.976572 0.0603899 0.0454007 None
0 0.903082 0.972765 0.037941 0.0389601 None
0 0.0664223 0.734174 0.00687761 0.0148739 None
0 0.883413 0.985467 0.0451801 0.0272468 None
0 0.277197 0.728874 0.00534163 0.0185332 None
0 0.677559 0.815354 0.0183861 0.0192668 None
0 0.00716127 0.752176 0.00834635 0.0204471 None
0 0.795394 0.697624 0.00406036 0.0157927 None
0 0.840008 0.767403 0.00911903 0.0469284 None
0 0.0221354 0.938082 0.0442708 0.0299313 None
0 0.995542 0.813609 0.00850754 0.0158773 None
0 0.103972 0.983815 0.060063 0.0276333 None
0 0.778209 0.698069 0.00503502 0.0165744 None
0 0.852502 0.833306 0.0225992 0.0350026 None
0 0.0942543 0.99391 0.0438377 0.00858731 None
0 0.910007 0.973786 0.0490032 0.042 None
0 0.00542688 0.978545 0.0108118 0.0205036 None
0 0.702939 0.781216 0.00932484 0.0252167 None
0 0.702498 0.791933 0.00817242 0.0463114 None
0 0.702914 0.787001 0.00945835 0.0362773 None
0 0.364693 0.752133 0.00342474 0.00667419 None
0 0.110336 0.980894 0.0211044 0.0228709 None
0 0.186135 0.734864 0.01231 0.00787286 None
0 0.963614 0.677456 0.00601234 0.0147856 None
0 0.00359444 0.756293 0.00698212 0.0130354 None
0 0.120528 0.985175 0.0391179 0.0233017 None
0 0.921242 0.973741 0.0284702 0.0418054 None
0 0.925801 0.682668 0.00558357 0.0142164 None
0 0.76982 0.812502 0.0149405 0.0165415 None
0 0.525592 0.735544 0.0162842 0.0114366 None
0 0.577451 0.875946 0.0326809 0.0137529 None
0 0.938346 0.725971 0.00715408 0.0146291 None
0 0.577142 0.875524 0.032224 0.0136029 None
0 0.981986 0.662088 0.00878868 0.0293211 None
0 0.948707 0.850734 0.0309711 0.0449951 None
0 0.902018 0.978649 0.0335415 0.0274377 None
0 0.527774 0.736623 0.0202902 0.0124939 None
0 0.290677 0.728522 0.0168064 0.0119056 None
0 0.0677811 0.749208 0.00965689 0.0142241 None
0 0.982543 0.658025 0.00823555 0.0261373 None
0 0.837832 0.834525 0.0329525 0.0351725 None
0 0.772757 0.812524 0.0218548 0.0178813 None
0 0.980399 0.663935 0.00618782 0.0217289 None
0 0.00911489 0.977986 0.0180702 0.023171 None
0 0.863353 0.834114 0.032542 0.036323 None
0 0.587969 0.908057 0.0527481 0.0238434 None
0 0.872283 0.845481 0.0142668 0.0150509 None
0 0.779442 0.816027 0.00797272 0.0106001 None
0 0.947738 0.858087 0.031662 0.0317129 None
0 0.851927 0.846421 0.0250679 0.0122403 None
0 0.126201 0.986274 0.0257891 0.0217265 None
0 0.856657 0.835937 0.0455204 0.0359996 None
0 0.936931 0.86711 0.0129627 0.015215 None
0 0.989258 0.674713 0.00463905 0.0185189 None
0 0.540422 0.844248 0.00623865 0.0179406 None
0 0.0557849 0.752841 0.0045889 0.00795051 None
0 0.974184 0.675398 0.00560093 0.0176927 None
0 0.945551 0.865029 0.0293869 0.0184862 None
0 0.924026 0.98103 0.0218376 0.02573 None
0 0.0051608 0.971813 0.0102841 0.0331536 None
0 0.979934 0.668774 0.00759983 0.0262897 None
0 0.913834 0.980691 0.0416733 0.0269516 None
0 0.899524 0.972611 0.0306242 0.0321574 None
0 0.989996 0.676977 0.00474319 0.014163 None
0 0.702883 0.808179 0.00604668 0.0191067 None
0 0.188941 0.735397 0.0187558 0.00891012 None
0 0.790651 0.820122 0.0272796 0.00807241 None
0 0.0633612 0.752073 0.0195735 0.00987345 None
0 0.54038 0.849155 0.00712643 0.0274577 None
0 0.11068 0.985242 0.027719 0.0225566 None
0 0.189145 0.735344 0.0182925 0.00882094 None
0 0.859467 0.845748 0.0404343 0.0162737 None
0 0.597209 0.915367 0.0324228 0.00883603 None
0 0.794963 0.696955 0.00560722 0.0176676 None
0 0.367033 0.753125 0.00903931 0.00752614 None
0 0.948899 0.859698 0.013131 0.020036 None
0 0.799598 0.774239 0.0137609 0.0489866 None
0 0.793291 0.697735 0.00818663 0.0156011 None
0 0.288066 0.726036 0.020549 0.0131131 None
0 0.901904 0.982984 0.0701862 0.0322703 None
