0 0.452924 0.833526 0.0126081 0.0680678 51928
0 0.797514 0.774088 0.0108395 0.0538225 51929
0 0.843026 0.765955 0.00883751 0.0493074 51930
0 0.718267 0.830524 0.014513 0.0303324 51931
0 0.831183 0.834692 0.0184378 0.0334368 51932
0 0.69224 0.794282 0.00972576 0.0489702 51933
0 0.736602 0.785977 0.00875721 0.0464959 51934
0 0.749285 0.781955 0.00881367 0.0499047 51935
0 0.762065 0.781608 0.0082551 0.0426856 51936
0 0.776569 0.77653 0.00875549 0.0507175 51937
0 0.665996 0.799701 0.00980463 0.0431858 51938
0 0.562246 0.813895 0.0114077 0.0511519 51939
0 0.703748 0.79045 0.00908213 0.0469944 51940
0 0.953507 0.849273 0.0220242 0.0415639 51941
0 0.856199 0.83046 0.0142368 0.0327806 51942
0 0.48476 0.85949 0.0341002 0.0191762 51943
0 0.287691 0.723351 0.00693755 0.0175452 51944
0 0.93754 0.72837 0.00899468 0.0232388 51945
0 0.956884 0.848745 0.0154545 0.0403571 51946
0 0.770736 0.785328 0.00669212 0.0337945 51947
0 0.198118 0.915334 0.0462523 0.0324451 51948
0 0.0220366 0.938291 0.0440732 0.028958 51949
0 0.316866 0.710386 0.00635486 0.0166029 51950
0 0.354967 0.989134 0.0146209 0.021732 51951
0 0.0609622 0.740158 0.00513899 0.0225983 51952
0 0.433921 0.914437 0.0241109 0.0357039 51953
0 0.803217 0.698542 0.00495033 0.0157784 51954
0 0.85384 0.830875 0.020647 0.0339939 51955
0 0.11676 0.98361 0.0332186 0.0258581 51956
0 0.0666966 0.743606 0.007654 0.021529 51957
0 0.876397 0.682209 0.00591087 0.0177226 51958
0 0.73818 0.787188 0.0108611 0.0435962 51959
0 0.883973 0.98033 0.04582 0.0381605 51960
0 0.890298 0.976215 0.0578009 0.0453854 51961
0 0.00289499 0.971595 0.00573429 0.0328639 51962
0 0.973677 0.762981 0.0210152 0.027644 51963
0 0.562586 0.806802 0.0111987 0.0368652 51964
0 0.741707 0.795491 0.00557842 0.0255025 51965
0 0.540889 0.849495 0.00683632 0.0264554 51966
0 0.676348 0.816287 0.0152662 0.0178012 51967
0 0.409956 0.77596 0.00622206 0.0168006 51968
0 0.00721312 0.751899 0.00719286 0.0193051 51969
0 0.99592 0.811616 0.00774727 0.0197415 51970
0 0.00576586 0.752462 0.0101677 0.019105 51971
0 0.85307 0.84825 0.0245708 0.00972612 51972
0 0.577364 0.875725 0.032792 0.014642 51973
0 0.0954549 0.994253 0.0460842 0.0081543 51974
0 0.902661 0.973648 0.033646 0.0408559 51975
0 0.110735 0.984244 0.0517077 0.0267219 51976
0 0.391234 0.831619 0.0177247 0.0857059 51977
0 0.913786 0.973096 0.0107733 0.0389703 51978
0 0.741673 0.78835 0.00618658 0.0395881 51979
0 0.921406 0.973501 0.0269161 0.040181 51980
0 0.274518 0.730504 0.00614271 0.0167353 51981
0 0.411455 0.775536 0.011788 0.0200633 51982
0 0.00473314 0.971152 0.0093922 0.0347236 51983
0 0.0648052 0.742115 0.012114 0.0242489 51984
0 0.104578 0.993419 0.0650884 0.00927751 51985
0 0.679955 0.816007 0.0141667 0.0179979 51986
0 0.908905 0.973094 0.0209438 0.0393 51987
0 0.973416 0.769931 0.0214142 0.0153046 51988
0 0.11123 0.982307 0.0230503 0.0218635 51989
0 0.954737 0.67272 0.00939064 0.0195489 51990
0 0.783277 0.697098 0.00467701 0.0139448 51991
0 0.972569 0.752777 0.0065342 0.00820516 51992
0 0.307475 0.71459 0.0292235 0.00893962 51993
0 0.131417 0.983918 0.0631312 0.0251068 51994
0 0.41034 0.777956 0.0150808 0.0163106 51995
0 0.741662 0.785001 0.00922012 0.0470174 51996
0 0.181921 0.736489 0.0160974 0.00831333 51997
0 0.8521 0.845399 0.0222559 0.0117438 51998
0 0.773072 0.812524 0.00617428 0.0152367 51999
0 0.181869 0.736142 0.0165157 0.00823873 52000
0 0.896057 0.681968 0.00373497 0.0144677 52001
0 0.125511 0.985288 0.0287355 0.0231279 52002
0 0.310666 0.716061 0.0291971 0.00782945 52003
0 0.880924 0.984024 0.0396755 0.0308582 52004
0 0.494703 0.858618 0.0163654 0.0190038 52005
0 0.769086 0.812373 0.0121979 0.0158546 52006
0 0.15378 0.983576 0.0178066 0.0142197 52007
0 0.955053 0.667066 0.0098423 0.0266203 52008
0 0.413768 0.767809 0.0111044 0.0204771 52009
0 0.975073 0.771639 0.0229181 0.0115092 52010
0 0.91031 0.975793 0.0508945 0.0443834 52011
0 0.391255 0.811766 0.0170288 0.0441471 52012
0 0.99487 0.810549 0.00981712 0.022679 52013
0 0.856366 0.847191 0.0314543 0.0141044 52014
0 0.0552263 0.742372 0.0133568 0.0110182 52015
0 0.995776 0.804887 0.00801601 0.0332511 52016
0 0.936198 0.866866 0.011615 0.0159722 52017
0 0.674549 0.812294 0.0206175 0.0253727 52018
0 0.409945 0.775828 0.0171596 0.0199 52019
0 0.94729 0.859875 0.00978241 0.0187631 52020
0 0.693993 0.793272 0.0135468 0.050494 52021
0 0.843882 0.845914 0.0443857 0.0147636 52022
0 0.948036 0.862568 0.0112541 0.0166416 52023
0 0.405656 0.780482 0.00961189 0.0117203 52024
0 0.411951 0.768049 0.00890999 0.0199276 52025
0 0.00933386 0.973008 0.0185055 0.0347968 52026
0 0.923825 0.67989 0.00474586 0.0103163 52027
0 0.574345 0.874238 0.0370092 0.01656 52028
0 0.86272 0.832699 0.0309177 0.0375109 52029
0 0.955829 0.864158 0.0303059 0.01922 52030
0 0.92768 0.681254 0.00429287 0.0095086 52031
