0 0.452907 0.833648 0.0121406 0.0676748 16848
0 0.291405 0.862905 0.0137631 0.0569278 16849
0 0.483759 0.828346 0.0155029 0.0579812 16850
0 0.771293 0.780547 0.00989647 0.0480031 16851
0 0.953396 0.848326 0.0223017 0.0420797 16852
0 0.698119 0.794299 0.00962448 0.0531701 16853
0 0.879928 0.760195 0.00753288 0.0431093 16854
0 0.945569 0.746077 0.0117241 0.045028 16855
0 0.535021 0.777127 0.00878468 0.0264225 16856
0 0.830841 0.834539 0.0156631 0.0326911 16857
0 0.522071 0.780573 0.00916786 0.020716 16858
0 0.971331 0.736723 0.00809212 0.0378452 16859
0 0.469678 0.798577 0.00740681 0.0319845 16860
0 0.684343 0.795101 0.0107738 0.0447923 16861
0 0.788882 0.777089 0.0103676 0.0472276 16862
0 0.856422 0.827736 0.0125639 0.0358361 16863
0 0.843589 0.766146 0.00789738 0.0477561 16864
0 0.198177 0.916227 0.0462913 0.0315041 16865
0 0.422809 0.913389 0.0176436 0.0435959 16866
0 0.796568 0.776071 0.00766697 0.0488312 16867
0 0.838619 0.769685 0.00833931 0.0408847 16868
0 0.718616 0.830583 0.0136564 0.0310572 16869
0 0.896803 0.739135 0.00665455 0.0283841 16870
0 0.114483 0.983599 0.0319603 0.0187549 16871
0 0.00914525 0.749735 0.00713877 0.0184604 16872
0 0.351186 0.988976 0.020146 0.022049 16873
0 0.909033 0.762759 0.00821266 0.0287669 16874
0 0.894122 0.976049 0.0661873 0.0465003 16875
0 0.827437 0.77147 0.0074131 0.027054 16876
0 0.713838 0.831067 0.0240004 0.0321279 16877
0 0.9268 0.72824 0.0077198 0.0214995 16878
0 0.971624 0.763579 0.0136837 0.0257012 16879
0 0.995624 0.813864 0.00833359 0.0185211 16880
0 0.290797 0.750334 0.00764003 0.0128267 16881
0 0.883889 0.979519 0.046155 0.0400243 16882
0 0.973724 0.6638 0.00892754 0.0405112 16883
0 0.0222787 0.938775 0.0444922 0.027626 16884
0 0.330808 0.708246 0.00487671 0.0176612 16885
0 0.91741 0.97265 0.0184048 0.0399824 16886
0 0.577711 0.872484 0.0331532 0.0203773 16887
0 0.853364 0.829114 0.0189053 0.0386698 16888
0 0.784055 0.695805 0.00594397 0.0118619 16889
0 0.906111 0.973706 0.0413731 0.0428925 16890
0 0.0961078 0.994167 0.0471855 0.00816227 16891
0 0.00672248 0.750495 0.0125936 0.018044 16892
0 0.426758 0.913447 0.0253416 0.0438202 16893
0 0.678676 0.815893 0.00908871 0.0172231 16894
0 0.921025 0.973113 0.0281906 0.0409497 16895
0 0.00845521 0.759548 0.0164626 0.00677694 16896
0 0.949403 0.849435 0.0299007 0.044253 16897
0 0.0055681 0.981418 0.0110433 0.0137343 16898
0 0.67551 0.81611 0.0141645 0.0181279 16899
0 0.100654 0.992762 0.0563978 0.0105143 16900
0 0.0704222 0.751663 0.00529282 0.0119052 16901
0 0.291699 0.751776 0.00953603 0.0149626 16902
0 0.111179 0.985753 0.0389802 0.0228617 16903
0 0.936941 0.741682 0.00643234 0.029637 16904
0 0.681971 0.816391 0.0182424 0.0184494 16905
0 0.0661925 0.752149 0.0130077 0.0120382 16906
0 0.770151 0.812246 0.0135237 0.0162504 16907
0 0.995697 0.66045 0.00354309 0.011053 16908
0 0.950225 0.865656 0.0374569 0.0175361 16909
0 0.102844 0.986206 0.0555882 0.0228032 16910
0 0.0596672 0.750919 0.00416042 0.00830044 16911
0 0.468916 0.797612 0.0103279 0.03454 16912
0 0.541246 0.849014 0.00682983 0.0280538 16913
0 0.492846 0.863947 0.0210907 0.00890198 16914
0 0.907647 0.975733 0.0548332 0.0456004 16915
0 0.852145 0.84081 0.0218065 0.0191227 16916
0 0.0782445 0.754245 0.0142814 0.0138026 16917
0 0.827931 0.768525 0.00960312 0.0355433 16918
0 0.523517 0.780196 0.0118139 0.0226276 16919
0 0.293711 0.75866 0.013714 0.00986159 16920
0 0.973962 0.763326 0.0186741 0.0278398 16921
0 0.82627 0.756498 0.00572281 0.01468 16922
0 0.589535 0.907284 0.0515351 0.0251485 16923
0 0.853121 0.846131 0.0273703 0.0135854 16924
0 0.779628 0.817363 0.00850811 0.010262 16925
0 0.861703 0.687134 0.00582352 0.0134661 16926
0 0.951994 0.668627 0.00566406 0.0167145 16927
0 0.856462 0.847036 0.0411274 0.013284 16928
0 0.293683 0.753361 0.0136351 0.0177938 16929
0 0.788777 0.820048 0.0261532 0.00803511 16930
0 0.588742 0.910526 0.0524452 0.0197138 16931
0 0.935975 0.867602 0.0113274 0.0133674 16932
0 0.949461 0.863846 0.0216398 0.0157896 16933
0 0.773628 0.812832 0.0209942 0.0181 16934
0 0.676698 0.814207 0.0169652 0.0214569 16935
0 0.959965 0.86306 0.04743 0.0171651 16936
0 0.77526 0.696281 0.0261988 0.0132433 16937
0 0.97133 0.701717 0.0570408 0.023428 16938
0 0.00583868 0.978595 0.011571 0.0189494 16939
0 0.29602 0.757652 0.0179288 0.0109402 16940
0 0.695635 0.841516 0.0270783 0.0146122 16941
0 0.951767 0.66683 0.00478592 0.0138468 16942
0 0.37012 0.738843 0.0103024 0.00940314 16943
0 0.173731 0.739146 0.00611458 0.00977241 16944
0 0.975069 0.665502 0.00763397 0.0375719 16945
0 0.880361 0.985156 0.039131 0.0290341 16946
0 0.120144 0.984935 0.0383152 0.0202637 16947
0 0.30671 0.741811 0.00649114 0.0121001 16948
0 0.424161 0.921269 0.0192548 0.0296722 16949
0 0.120793 0.985886 0.0265212 0.0214501 16950
0 0.922079 0.683842 0.00694752 0.0127473 16951
0 0.951775 0.867334 0.0393927 0.0130056 16952
0 0.679169 0.800621 0.0201082 0.0456034 16953
0 0.957904 0.866365 0.0552223 0.0148485 16954
0 0.969955 0.738175 0.0111958 0.0416772 16955
0 0.305308 0.742439 0.00739555 0.0122335 16956
0 0.592254 0.914155 0.043518 0.0117469 16957
0 0.989581 0.675737 0.00579758 0.0112139 16958
0 0.787789 0.81782 0.0254385 0.0108468 16959
0 0.323288 0.715104 0.019408 0.00871226 16960
0 0.859695 0.795753 0.007761 0.0113391 16961
0 0.995282 0.808298 0.00896683 0.0306049 16962
0 0.960555 0.863186 0.0513092 0.0119934 16963
0 0.896706 0.741799 0.00803909 0.0335914 16964
0 0.129108 0.985168 0.0664698 0.0211729 16965
0 0.0994879 0.987205 0.0544745 0.0200244 16966
0 0.973053 0.76071 0.0136551 0.0325524 16967
0 0.868081 0.797756 0.0355946 0.0129957 16968
0 0.526537 0.779221 0.0177649 0.0243134 16969
0 0.815561 0.769665 0.0318328 0.0103809 16970
