0 0.453582 0.833803 0.0117982 0.0669824 12968
0 0.479498 0.831651 0.0136135 0.0622884 12969
0 0.429683 0.894401 0.0195475 0.079834 12970
0 0.830164 0.834657 0.0172832 0.0337134 12971
0 0.842974 0.767049 0.00961838 0.0464396 12972
0 0.114591 0.891512 0.0112647 0.0630161 12973
0 0.69764 0.793885 0.00877056 0.0434397 12974
0 0.907686 0.753823 0.0113007 0.049253 12975
0 0.872494 0.761952 0.00788498 0.0405799 12976
0 0.494681 0.782977 0.00749874 0.0289137 12977
0 0.514339 0.809228 0.0091629 0.0416229 12978
0 0.7916 0.778453 0.00902004 0.0440172 12979
0 0.85635 0.77126 0.0059269 0.0290056 12980
0 0.855467 0.831619 0.0161415 0.0332808 12981
0 0.943545 0.748323 0.00877438 0.0485945 12982
0 0.953731 0.848777 0.0219975 0.038554 12983
0 0.718227 0.830559 0.0129431 0.0310389 12984
0 0.0220838 0.93873 0.0441676 0.0297275 12985
0 0.895861 0.975736 0.0667458 0.0456419 12986
0 0.796012 0.775451 0.00816708 0.0488973 12987
0 0.198498 0.916047 0.04668 0.0316654 12988
0 0.760298 0.780314 0.00711174 0.0480913 12989
0 0.0054095 0.750445 0.00976505 0.0189402 12990
0 0.924345 0.740712 0.00722885 0.0322088 12991
0 0.974576 0.762218 0.0184143 0.0280512 12992
0 0.990605 0.738056 0.00757675 0.0344923 12993
0 0.690697 0.79706 0.00795994 0.0402134 12994
0 0.852637 0.832413 0.0216496 0.0354516 12995
0 0.355059 0.989112 0.0142852 0.0217767 12996
0 0.676499 0.815716 0.0159836 0.0189558 12997
0 0.934604 0.728293 0.00509987 0.0217194 12998
0 0.0756594 0.749288 0.0112721 0.0166704 12999
0 0.00597328 0.981305 0.0118706 0.014728 13000
0 0.115067 0.983464 0.0303049 0.0266147 13001
0 0.577555 0.874994 0.0333677 0.0154621 13002
0 0.471704 0.777131 0.00663776 0.0190365 13003
0 0.690914 0.791027 0.0070261 0.0283686 13004
0 0.747473 0.783061 0.00816088 0.0428243 13005
0 0.315569 0.749306 0.00904818 0.0123906 13006
0 0.884343 0.979171 0.0444275 0.0387305 13007
0 0.952018 0.858216 0.0188171 0.0256595 13008
0 0.995814 0.81332 0.00795746 0.0171724 13009
0 0.509703 0.80989 0.00457344 0.0220039 13010
0 0.99786 0.729643 0.00382175 0.0257816 13011
0 0.790026 0.69897 0.00606661 0.0193875 13012
0 0.921534 0.97339 0.028237 0.0412323 13013
0 0.0534779 0.751705 0.0030606 0.00719198 13014
0 0.0945618 0.99422 0.0448591 0.00848796 13015
0 0.690705 0.799376 0.0108188 0.0390427 13016
0 0.917519 0.972919 0.0194838 0.0403927 13017
0 0.95025 0.861166 0.0158684 0.020056 13018
0 0.905693 0.974273 0.0443974 0.0431836 13019
0 0.76538 0.697474 0.00579319 0.0158788 13020
0 0.904195 0.678859 0.00635033 0.0208522 13021
0 0.0728801 0.742234 0.00734249 0.0149319 13022
0 0.1208 0.984461 0.0387402 0.0242898 13023
0 0.325905 0.71346 0.00598407 0.0159654 13024
0 0.109611 0.981532 0.0195931 0.0236387 13025
0 0.912981 0.974049 0.0367867 0.0422367 13026
0 0.0676058 0.752721 0.00546137 0.0130658 13027
0 0.852518 0.846221 0.0249146 0.0124559 13028
0 0.712783 0.831063 0.0254206 0.0322922 13029
0 0.527902 0.739985 0.00675297 0.00911797 13030
0 0.00474376 0.756277 0.00944766 0.0127082 13031
0 0.884381 0.684061 0.00624275 0.00984073 13032
0 0.0732131 0.749549 0.0157728 0.0210888 13033
0 0.16025 0.740769 0.0043345 0.00894708 13034
0 0.533066 0.739943 0.0171446 0.00992771 13035
0 0.774301 0.812451 0.0185081 0.0160994 13036
0 0.862971 0.833519 0.0346788 0.0383467 13037
0 0.997712 0.735095 0.00406837 0.0365526 13038
0 0.0752728 0.749349 0.0130754 0.0185688 13039
0 0.348971 0.728329 0.00755205 0.00960473 13040
0 0.974434 0.672879 0.0061058 0.0185184 13041
0 0.00902437 0.981178 0.017933 0.0161336 13042
0 0.577485 0.870495 0.0339327 0.0247664 13043
0 0.102302 0.984407 0.0597241 0.0271971 13044
0 0.843614 0.845882 0.0446651 0.015234 13045
0 0.872317 0.845534 0.0145533 0.0153503 13046
0 0.591125 0.907342 0.0598779 0.0247664 13047
0 0.793663 0.774543 0.0138353 0.0525038 13048
0 0.390959 0.81315 0.0179996 0.0472778 13049
0 0.770662 0.812805 0.0151882 0.015567 13050
0 0.925444 0.681 0.00663643 0.0083686 13051
0 0.772718 0.812271 0.01175 0.0156616 13052
0 0.936573 0.86707 0.0124027 0.0154578 13053
0 0.853321 0.843698 0.0527672 0.0215602 13054
0 0.75342 0.782665 0.0198283 0.0471519 13055
0 0.776949 0.813238 0.0127384 0.0143867 13056
0 0.591313 0.907411 0.0606376 0.0258216 13057
0 0.851052 0.84413 0.020582 0.0130083 13058
0 0.0716182 0.747637 0.0143132 0.0265305 13059
0 0.761751 0.780571 0.00977039 0.0489977 13060
0 0.688795 0.797831 0.0119949 0.0423062 13061
0 0.391072 0.831983 0.0185396 0.0848918 13062
0 0.842484 0.833431 0.0423491 0.0377136 13063
0 0.995361 0.808267 0.00879879 0.0288035 13064
0 0.153796 0.983306 0.0181878 0.013709 13065
0 0.945367 0.866077 0.0292288 0.0169562 13066
0 0.0971925 0.98645 0.0507365 0.0214945 13067
0 0.975562 0.674313 0.00623322 0.0200172 13068
0 0.991279 0.741938 0.00958099 0.0316666 13069
0 0.797986 0.775389 0.0126802 0.0490889 13070
