0 0.453487 0.833768 0.0118568 0.0665615 None
0 0.479899 0.831924 0.0127956 0.0621914 None
0 0.428482 0.894194 0.0190102 0.0795698 None
0 0.697707 0.793683 0.00863342 0.0440491 None
0 0.830181 0.834647 0.017128 0.0337228 None
0 0.872062 0.76269 0.00862942 0.04204 None
0 0.907822 0.7526 0.0101151 0.0471364 None
0 0.843025 0.767006 0.0097271 0.0447832 None
0 0.49495 0.782445 0.00729561 0.0282742 None
0 0.115333 0.891075 0.0100977 0.0612518 None
0 0.856526 0.771208 0.0059967 0.0297255 None
0 0.514316 0.81011 0.0088789 0.0415397 None
0 0.94455 0.747385 0.00934525 0.0479441 None
0 0.953589 0.849268 0.0221237 0.0392639 None
0 0.855442 0.831607 0.0161308 0.0331933 None
0 0.718396 0.830615 0.0130703 0.0309191 None
0 0.0220723 0.938683 0.0441447 0.0298072 None
0 0.895908 0.975784 0.0669104 0.0456502 None
0 0.791199 0.778385 0.00921373 0.0437436 None
0 0.690849 0.796301 0.00834475 0.0420441 None
0 0.00521586 0.750185 0.0100702 0.0183662 None
0 0.198505 0.915993 0.0466954 0.0316549 None
0 0.795684 0.775491 0.00847187 0.049322 None
0 0.98982 0.737914 0.00698471 0.0329549 None
0 0.974515 0.762073 0.0182934 0.0283888 None
0 0.924205 0.740533 0.00743446 0.0318309 None
0 0.852676 0.83242 0.0215134 0.0353712 None
0 0.676511 0.815716 0.0159348 0.0189538 None
0 0.997519 0.72995 0.00450859 0.0290777 None
0 0.355084 0.989043 0.0142426 0.0219134 None
0 0.512943 0.807339 0.0112043 0.0388533 None
0 0.0747787 0.749874 0.0104454 0.017089 None
0 0.76106 0.781664 0.00631275 0.0447952 None
0 0.0059286 0.981248 0.0117842 0.0147583 None
0 0.5097 0.810521 0.00483341 0.0240975 None
0 0.934643 0.727701 0.00556068 0.0216393 None
0 0.115092 0.983472 0.0303398 0.026708 None
0 0.577551 0.874949 0.0333971 0.0155446 None
0 0.789713 0.698997 0.00650282 0.0204993 None
0 0.884372 0.979179 0.0444839 0.0387994 None
0 0.471855 0.779152 0.00702019 0.021691 None
0 0.995816 0.81331 0.00795288 0.0171461 None
0 0.921507 0.973384 0.0282043 0.0412472 None
0 0.0945167 0.994287 0.0449949 0.00844252 None
0 0.917434 0.972901 0.0192993 0.0403429 None
0 0.765576 0.69712 0.00637817 0.0154819 None
0 0.316201 0.749631 0.00904818 0.0134009 None
0 0.0534842 0.75176 0.00304337 0.00713128 None
0 0.905635 0.974308 0.0444214 0.0433183 None
0 0.747567 0.78359 0.00747499 0.0418145 None
0 0.950128 0.861642 0.0156801 0.0189613 None
0 0.12072 0.984402 0.038834 0.0244544 None
0 0.0673328 0.752542 0.00519388 0.0138879 None
0 0.0737884 0.744601 0.00998738 0.0197713 None
0 0.109642 0.981558 0.0196137 0.0237459 None
0 0.913553 0.973974 0.034836 0.0420152 None
0 0.852562 0.84616 0.0249809 0.0125583 None
0 0.79323 0.774134 0.0136688 0.0518784 None
0 0.473616 0.784359 0.0257401 0.0169651 None
0 0.102499 0.984059 0.0603346 0.027906 None
0 0.712836 0.831112 0.025618 0.0321723 None
0 0.904711 0.679047 0.00685616 0.0203671 None
0 0.689185 0.797602 0.0118296 0.043354 None
0 0.326089 0.713731 0.00577254 0.0152968 None
0 0.774911 0.812414 0.0173449 0.0160048 None
0 0.862942 0.833512 0.0347431 0.0383514 None
0 0.772309 0.81259 0.0137986 0.0149377 None
0 0.974454 0.673003 0.00611877 0.0184836 None
0 0.577482 0.870388 0.0339701 0.0249861 None
0 0.391008 0.832425 0.0182932 0.0857934 None
0 0.00901705 0.981136 0.0179026 0.0161833 None
0 0.349113 0.728642 0.007868 0.0103648 None
0 0.925457 0.680964 0.00668125 0.00850525 None
0 0.00449721 0.755823 0.00895592 0.0137817 None
0 0.934956 0.725848 0.00704098 0.0220003 None
0 0.872323 0.845536 0.0145466 0.0153395 None
0 0.843577 0.84583 0.0449789 0.0154433 None
0 0.474 0.779642 0.016142 0.0223487 None
0 0.473088 0.784196 0.0241753 0.0169776 None
0 0.936056 0.867045 0.0115181 0.0155599 None
0 0.074236 0.747056 0.0128407 0.0228611 None
0 0.77702 0.813248 0.012689 0.0142381 None
0 0.851066 0.84422 0.020631 0.0129739 None
0 0.852197 0.842288 0.0551331 0.0246145 None
0 0.590942 0.907342 0.0594788 0.0247421 None
0 0.0721577 0.747547 0.0158288 0.0264038 None
0 0.842466 0.833486 0.0423223 0.0376082 None
0 0.160124 0.740949 0.00443361 0.00896488 None
0 0.390921 0.812404 0.017765 0.0456392 None
0 0.753628 0.782114 0.0207781 0.0474687 None
0 0.591183 0.907405 0.0603605 0.0258548 None
0 0.945246 0.866177 0.0292362 0.0170203 None
0 0.0726271 0.751967 0.0158705 0.0207659 None
0 0.533123 0.73994 0.0171676 0.0103651 None
0 0.15385 0.983318 0.0181042 0.0137777 None
0 0.131726 0.983917 0.0632071 0.0233307 None
0 0.694266 0.791723 0.0132025 0.0426314 None
