0 0.452364 0.833677 0.0126884 0.0670461 None
0 0.725626 0.788315 0.00898972 0.043423 None
0 0.742027 0.784372 0.00904141 0.047619 None
0 0.755472 0.781228 0.00804691 0.0485501 None
0 0.830658 0.8347 0.017944 0.0336595 None
0 0.842601 0.766172 0.00951271 0.0467065 None
0 0.852055 0.764221 0.00934277 0.0511707 None
0 0.692008 0.794505 0.00969267 0.0449785 None
0 0.703897 0.791674 0.010093 0.0478122 None
0 0.824527 0.770964 0.0110479 0.0487662 None
0 0.852465 0.831865 0.0233639 0.0357744 None
0 0.796542 0.775489 0.0110317 0.049281 None
0 0.547706 0.813509 0.0110983 0.0477844 None
0 0.953841 0.848864 0.0218933 0.0395952 None
0 0.718356 0.830183 0.0140373 0.0321759 None
0 0.81663 0.780671 0.00632153 0.0327705 None
0 0.47155 0.854443 0.0170807 0.032291 None
0 0.891828 0.976285 0.0620104 0.0460632 None
0 0.35471 0.756824 0.0074821 0.020477 None
0 0.439706 0.77981 0.0053606 0.0171319 None
0 0.934639 0.728157 0.00684738 0.0212397 None
0 0.712581 0.830559 0.0260735 0.0332021 None
0 0.391196 0.813397 0.0176502 0.0468143 None
0 0.00561607 0.977066 0.0111779 0.0240058 None
0 0.792213 0.702988 0.00615158 0.0233807 None
0 0.433533 0.914471 0.0245153 0.0363922 None
0 0.19862 0.916303 0.0461114 0.0313314 None
0 0.00939632 0.75019 0.00750127 0.017529 None
0 0.469122 0.856316 0.0119919 0.0277352 None
0 0.675279 0.817039 0.0152179 0.0190799 None
0 0.577708 0.875776 0.0324891 0.0148322 None
0 0.0701934 0.742713 0.0100213 0.0224803 None
0 0.391067 0.831087 0.0181553 0.0827557 None
0 0.996134 0.677976 0.00732384 0.0209527 None
0 0.904897 0.973205 0.0405853 0.0404005 None
0 0.354603 0.98927 0.0161416 0.0214593 None
0 0.0682749 0.738218 0.0080259 0.015506 None
0 0.115317 0.982375 0.0311639 0.0259342 None
0 0.474036 0.853762 0.0137037 0.0319704 None
0 0.109676 0.980674 0.0202012 0.0230442 None
0 0.0221418 0.938638 0.0442836 0.0275467 None
0 0.0714526 0.745031 0.00739849 0.0193949 None
0 0.952711 0.855291 0.0202335 0.0315715 None
0 0.141138 0.736732 0.00595243 0.00794508 None
0 0.00794584 0.750531 0.0111962 0.0175674 None
0 0.434924 0.776809 0.00432167 0.013523 None
0 0.774661 0.699186 0.00742798 0.017973 None
0 0.274492 0.724443 0.00603371 0.0189538 None
0 0.435228 0.917286 0.0207792 0.0296736 None
0 0.855729 0.830766 0.0161587 0.03412 None
0 0.950926 0.858528 0.0166664 0.0241338 None
0 0.319423 0.712699 0.00667839 0.0191354 None
0 0.410127 0.767917 0.00685444 0.0101546 None
0 0.540674 0.849085 0.00692959 0.029069 None
0 0.0557215 0.752167 0.00351119 0.00937246 None
0 0.109042 0.983757 0.048952 0.0270267 None
0 0.437712 0.77849 0.00973015 0.0169518 None
0 0.47657 0.85289 0.00952196 0.0318156 None
0 0.189636 0.733967 0.00908005 0.00764703 None
0 0.528798 0.738989 0.0124371 0.00978156 None
0 0.440757 0.918774 0.0101385 0.0252726 None
0 0.793834 0.768208 0.00719442 0.0310191 None
0 0.530714 0.739135 0.0162859 0.00911526 None
0 0.145039 0.737904 0.0173558 0.00944095 None
0 0.882858 0.982999 0.0439861 0.0322744 None
0 0.975821 0.764046 0.022591 0.0250648 None
0 0.119715 0.984658 0.0394864 0.0230865 None
0 0.907288 0.975212 0.0562424 0.0449773 None
0 0.103854 0.99334 0.0639502 0.00982768 None
0 0.922279 0.97372 0.0269157 0.0414176 None
0 0.996543 0.810922 0.00650253 0.0207026 None
0 0.858638 0.833959 0.038554 0.039495 None
0 0.971823 0.674096 0.00595932 0.01805 None
0 0.147971 0.738177 0.0127612 0.00720367 None
0 0.772976 0.812884 0.00808764 0.0152371 None
0 0.775618 0.813026 0.0161743 0.0167282 None
0 0.00902415 0.751974 0.00914643 0.0210156 None
0 0.124555 0.985895 0.0296068 0.0205326 None
0 0.798424 0.775062 0.0104082 0.0496999 None
0 0.769148 0.812976 0.0115904 0.015308 None
0 0.142829 0.736652 0.0107865 0.00890876 None
0 0.318303 0.713259 0.00802078 0.0196655 None
0 0.524295 0.738723 0.00530901 0.0105123 None
0 0.428997 0.917578 0.0207333 0.0314755 None
0 0.0988973 0.993735 0.0536327 0.00791117 None
0 0.959966 0.84957 0.0177353 0.040143 None
0 0.122207 0.986076 0.0199084 0.0215385 None
0 0.697636 0.792732 0.020752 0.0488008 None
0 0.0700545 0.745071 0.0131693 0.0211205 None
0 0.956445 0.866125 0.0282757 0.0155423 None
0 0.826406 0.770178 0.0111359 0.047167 None
0 0.707936 0.786104 0.0044055 0.0130688 None
0 0.440251 0.779449 0.00942211 0.0177923 None
0 0.896578 0.682982 0.0066555 0.0143573 None
0 0.878778 0.985583 0.0361399 0.0274573 None
0 0.672945 0.818751 0.0197033 0.023644 None
0 0.992039 0.73951 0.0154419 0.0391212 None
0 0.350118 0.989303 0.0260433 0.0213547 None
0 0.841246 0.833034 0.0437256 0.0367998 None
0 0.961134 0.850151 0.037775 0.0428855 None
0 0.88113 0.6791 0.00780392 0.0172777 None
0 0.954903 0.861226 0.0253395 0.0247348 None
0 0.533606 0.739188 0.0227367 0.00986684 None
0 0.0544496 0.751979 0.00692787 0.00955031 None
0 0.888731 0.680484 0.0227375 0.0182227 None
0 0.540955 0.852971 0.00824623 0.0379768 None
0 0.153529 0.983415 0.0175756 0.0131873 None
0 0.958307 0.86865 0.0244545 0.0102159 None
0 0.980052 0.673384 0.00655956 0.0170761 None
