0 0.453388 0.834637 0.0118199 0.0646498 104823
0 0.525844 0.816724 0.0110195 0.0564877 104824
0 0.842873 0.765793 0.00852165 0.0447037 104825
0 0.796615 0.77504 0.00815887 0.0481133 104826
0 0.615939 0.808954 0.00978355 0.047917 104827
0 0.702966 0.792954 0.0106074 0.0461258 104828
0 0.19426 0.915002 0.0366729 0.0302134 104829
0 0.554948 0.817734 0.0104753 0.0480028 104830
0 0.733311 0.786123 0.00932407 0.0452657 104831
0 0.831258 0.835105 0.0168678 0.0321645 104832
0 0.35527 0.847787 0.0127263 0.0631616 104833
0 0.688924 0.795643 0.0101965 0.0462804 104834
0 0.483054 0.827187 0.0129496 0.0538496 104835
0 0.743233 0.78338 0.0080471 0.0489256 104836
0 0.11439 0.982868 0.032481 0.0257757 104837
0 0.0221805 0.938435 0.0442798 0.0281369 104838
0 0.214541 0.901799 0.00978751 0.0710978 104839
0 0.916733 0.753481 0.00805779 0.0400177 104840
0 0.631195 0.812745 0.00730915 0.0356245 104841
0 0.928954 0.728585 0.00694313 0.0250007 104842
0 0.718542 0.830289 0.0134619 0.0313599 104843
0 0.956515 0.84842 0.0162067 0.0361899 104844
0 0.475426 0.857338 0.0176605 0.0234899 104845
0 0.355395 0.989355 0.0140192 0.0212899 104846
0 0.941364 0.753164 0.00662537 0.0279449 104847
0 0.391111 0.825242 0.0177485 0.07168 104848
0 0.905239 0.972287 0.0378777 0.039533 104849
0 0.853484 0.835379 0.0216949 0.0258935 104850
0 0.855177 0.834638 0.0154503 0.025119 104851
0 0.883912 0.980121 0.045388 0.0379015 104852
0 0.715239 0.830781 0.0206229 0.0324124 104853
0 0.956775 0.735812 0.00672932 0.0267639 104854
0 0.333221 0.773746 0.00504298 0.0143816 104855
0 0.570376 0.762629 0.0102368 0.0164941 104856
0 0.99621 0.813392 0.00717583 0.016689 104857
0 0.918533 0.972601 0.0192648 0.039408 104858
0 0.948913 0.850347 0.0317698 0.0399209 104859
0 0.922202 0.972852 0.0272427 0.0409771 104860
0 0.676575 0.816016 0.0161933 0.0177087 104861
0 0.996582 0.731734 0.00603828 0.0270135 104862
0 0.222726 0.721438 0.0090744 0.0150514 104863
0 0.914607 0.971879 0.0110209 0.0389177 104864
0 0.00216112 0.973736 0.00428307 0.027969 104865
0 0.0963239 0.994405 0.0502903 0.00811022 104866
0 0.893641 0.974819 0.0641377 0.0460558 104867
0 0.992403 0.751508 0.0147766 0.00740882 104868
0 0.97249 0.761764 0.0134575 0.0261164 104869
0 0.286796 0.735124 0.00739193 0.015683 104870
0 0.769733 0.813078 0.014765 0.0152585 104871
0 0.897217 0.686312 0.00636463 0.0160254 104872
0 0.913987 0.972967 0.0438648 0.041765 104873
0 0.484613 0.857396 0.036117 0.024079 104874
0 0.773404 0.813674 0.0210876 0.0157776 104875
0 0.22483 0.721847 0.0134077 0.015917 104876
0 0.97374 0.752543 0.00783196 0.00934397 104877
0 0.937321 0.859334 0.0175632 0.0261164 104878
0 0.00533568 0.974257 0.0106615 0.0292965 104879
0 0.216659 0.90416 0.0147588 0.0767346 104880
0 0.896636 0.688076 0.00692844 0.0181386 104881
0 0.0461015 0.740036 0.00443582 0.00952267 104882
0 0.995445 0.731629 0.00854588 0.0279999 104883
0 0.876843 0.695739 0.0085907 0.0169867 104884
0 0.577387 0.875571 0.0332517 0.0133002 104885
0 0.946702 0.859618 0.035704 0.0274261 104886
0 0.844122 0.835826 0.0418484 0.032687 104887
0 0.587917 0.912329 0.0535509 0.0138743 104888
0 0.861768 0.836439 0.0359758 0.0318746 104889
0 0.941812 0.675637 0.00628395 0.016665 104890
0 0.956362 0.738333 0.00849304 0.0312363 104891
0 0.895676 0.973487 0.0194855 0.0250695 104892
0 0.100494 0.992899 0.0590602 0.00976969 104893
0 0.0609223 0.734443 0.00574702 0.013453 104894
0 0.57692 0.875164 0.0332987 0.0132996 104895
0 0.974408 0.769679 0.0192514 0.0142097 104896
0 0.568204 0.772791 0.0176723 0.0102905 104897
0 0.900715 0.971628 0.0294224 0.0329519 104898
0 0.10615 0.984697 0.0728193 0.0273298 104899
0 0.591147 0.91397 0.0454187 0.0103712 104900
0 0.286719 0.73608 0.0095706 0.0174706 104901
0 0.994796 0.813587 0.0100327 0.0173365 104902
0 0.856264 0.836202 0.0472099 0.0356971 104903
0 0.875645 0.984987 0.0287434 0.0285277 104904
0 0.934523 0.763155 0.03134 0.0150569 104905
0 0.872583 0.845562 0.0145172 0.0149987 104906
0 0.391304 0.813247 0.0170523 0.0465556 104907
0 0.974883 0.771763 0.0183268 0.0105235 104908
0 0.485812 0.827251 0.0108215 0.0532849 104909
0 0.974366 0.762843 0.0183231 0.0280982 104910
0 0.133247 0.985338 0.0892779 0.026005 104911
0 0.68826 0.786127 0.00953674 0.0291712 104912
0 0.153518 0.983702 0.0175617 0.0134028 104913
0 0.588566 0.909522 0.0550957 0.0198395 104914
0 0.48272 0.85316 0.0256767 0.0280941 104915
0 0.126067 0.993747 0.110884 0.0125066 104916
0 0.577926 0.882114 0.0336039 0.00729065 104917
0 0.713563 0.839506 0.0234233 0.0162964 104918
0 0.957558 0.862377 0.02579 0.0153617 104919
0 0.0519344 0.761818 0.0321999 0.0105706 104920
0 0.995971 0.671819 0.00668888 0.017519 104921
0 0.521059 0.723629 0.0168521 0.00994331 104922
0 0.00972783 0.975822 0.0192752 0.033704 104923
0 0.941046 0.746598 0.00792198 0.0373189 104924
0 0.711967 0.83248 0.026664 0.0314236 104925
0 0.859664 0.844518 0.0411022 0.0188585 104926
0 0.334517 0.773148 0.00787764 0.0156759 104927
0 0.950264 0.866482 0.0419348 0.0161197 104928
0 0.972109 0.674337 0.00674114 0.0128231 104929
0 0.949528 0.86315 0.0421856 0.0233548 104930
0 0.467595 0.759563 0.0108022 0.0159186 104931
0 0.85538 0.83889 0.0336962 0.0297543 104932
0 0.851966 0.847914 0.0251522 0.0107993 104933
0 0.485379 0.861708 0.0351751 0.0144218 104934
0 0.937184 0.761593 0.03976 0.016448 104935
0 0.940624 0.734025 0.00411606 0.0147732 104936
0 0.138597 0.990946 0.0837795 0.0172421 104937
