0 0.718612 0.830761 0.0141886 0.0300612 24402
0 0.830612 0.834641 0.0172607 0.0335622 24403
0 0.455817 0.833816 0.0126761 0.0678996 24404
0 0.0109878 0.902992 0.00977762 0.045567 24405
0 0.953367 0.849446 0.0223978 0.0412209 24406
0 0.69724 0.794887 0.009163 0.0509825 24407
0 0.842937 0.766756 0.00851612 0.0478051 24408
0 0.794009 0.775218 0.0117949 0.0498545 24409
0 0.816886 0.772756 0.00858555 0.0447205 24410
0 0.764056 0.783234 0.0109064 0.0425178 24411
0 0.744196 0.784391 0.00811987 0.0463454 24412
0 0.471733 0.833211 0.0160599 0.0621826 24413
0 0.89961 0.75597 0.0101364 0.046691 24414
0 0.865238 0.761026 0.00834141 0.0489258 24415
0 0.754892 0.78046 0.00762615 0.0502463 24416
0 0.521842 0.809955 0.0117056 0.0390795 24417
0 0.836134 0.775416 0.00712585 0.03114 24418
0 0.856341 0.830137 0.0152679 0.0329397 24419
0 0.0694198 0.74171 0.00849791 0.0272461 24420
0 0.0220947 0.939022 0.0441894 0.0276062 24421
0 0.92976 0.752968 0.0109352 0.0422702 24422
0 0.703537 0.793337 0.00804806 0.0436405 24423
0 0.433847 0.913209 0.0234118 0.0383854 24424
0 0.278589 0.729212 0.00716257 0.0170973 24425
0 0.995973 0.809876 0.00762901 0.0240085 24426
0 0.89457 0.976252 0.0656998 0.0455933 24427
0 0.0102268 0.751732 0.00827322 0.0172833 24428
0 0.954069 0.73789 0.010218 0.0309421 24429
0 0.790774 0.698095 0.00663376 0.0183936 24430
0 0.355101 0.988944 0.014572 0.022113 24431
0 0.198798 0.916503 0.0468403 0.0316254 24432
0 0.473674 0.77895 0.00942535 0.023327 24433
0 0.448245 0.780829 0.00674629 0.018336 24434
0 0.330329 0.754681 0.00819206 0.0168272 24435
0 0.883618 0.982261 0.0438465 0.0340675 24436
0 0.676983 0.815906 0.0172586 0.0174164 24437
0 0.906287 0.972986 0.0441111 0.0397973 24438
0 0.540582 0.850409 0.00726728 0.0257451 24439
0 0.195578 0.734161 0.00900698 0.0099745 24440
0 0.680284 0.815533 0.013944 0.0173848 24441
0 0.988567 0.676323 0.00566177 0.0203155 24442
0 0.00694477 0.976043 0.0138102 0.024646 24443
0 0.973303 0.762482 0.0157034 0.0278375 24444
0 0.919008 0.973261 0.0218582 0.0405077 24445
0 0.477248 0.82605 0.00776443 0.0354843 24446
0 0.935074 0.725315 0.00675583 0.023646 24447
0 0.125967 0.985951 0.0275507 0.020541 24448
0 0.100727 0.994295 0.0574633 0.00775842 24449
0 0.105206 0.993294 0.0664192 0.00969001 24450
0 0.00270666 0.976261 0.00535909 0.0234663 24451
0 0.577327 0.875533 0.0325021 0.0135974 24452
0 0.853555 0.831391 0.0213484 0.03636 24453
0 0.769508 0.697538 0.00809765 0.0169734 24454
0 0.53345 0.739924 0.0158316 0.00850728 24455
0 0.39135 0.831794 0.0175163 0.0833683 24456
0 0.119667 0.984589 0.0374765 0.023095 24457
0 0.770196 0.70099 0.0107998 0.0243276 24458
0 0.070593 0.753832 0.0128407 0.00709415 24459
0 0.577036 0.875301 0.0323763 0.0133989 24460
0 0.956408 0.84932 0.016831 0.0386993 24461
0 0.944254 0.761648 0.0236893 0.0150611 24462
0 0.973728 0.754042 0.00552788 0.0117194 24463
0 0.109503 0.980892 0.0187187 0.0228099 24464
0 0.475012 0.832683 0.0112383 0.0603343 24465
0 0.853094 0.84625 0.0262291 0.0135349 24466
0 0.973195 0.673102 0.00683517 0.0203826 24467
0 0.715751 0.831192 0.0201643 0.0307509 24468
0 0.00863432 0.759427 0.0151616 0.00858765 24469
0 0.858423 0.847229 0.0377966 0.012835 24470
0 0.105957 0.98576 0.0674054 0.023684 24471
0 0.852412 0.841945 0.0233644 0.0176329 24472
0 0.944775 0.86695 0.0287226 0.0152805 24473
0 0.77373 0.812986 0.00680161 0.0146752 24474
0 0.449968 0.781729 0.0102777 0.0177126 24475
0 0.0645865 0.752844 0.0264082 0.0092592 24476
0 0.00874687 0.753454 0.0107543 0.0166799 24477
0 0.528267 0.739621 0.00559254 0.00844252 24478
0 0.972354 0.767788 0.0147293 0.0182529 24479
0 0.920308 0.974305 0.029884 0.0425747 24480
0 0.93704 0.867271 0.013269 0.014778 24481
0 0.974841 0.770925 0.0181072 0.0116599 24482
0 0.766994 0.813146 0.00786324 0.0149938 24483
0 0.322187 0.712342 0.00547023 0.019144 24484
0 0.536979 0.790256 0.0524383 0.0173133 24485
0 0.883489 0.684126 0.0060894 0.00979368 24486
0 0.699975 0.794701 0.014723 0.0482068 24487
0 0.285285 0.737603 0.0230998 0.00703532 24488
0 0.864049 0.845188 0.0285707 0.0163145 24489
0 0.064571 0.757106 0.0284483 0.0117581 24490
0 0.537887 0.850572 0.0129246 0.0268114 24491
0 0.97985 0.660271 0.00795193 0.0127642 24492
0 0.862866 0.832573 0.0298119 0.0383287 24493
0 0.773291 0.812766 0.0198621 0.0168126 24494
0 0.771665 0.812412 0.0122932 0.0157057 24495
0 0.790778 0.819994 0.026114 0.00746138 24496
0 0.854479 0.845546 0.0503258 0.0179949 24497
0 0.779041 0.815809 0.00859699 0.0107737 24498
0 0.593627 0.913677 0.0625739 0.0118859 24499
0 0.00916119 0.76085 0.0163207 0.00972782 24500
0 0.540791 0.8542 0.00831909 0.0338409 24501
0 0.952521 0.859592 0.0211889 0.0220954 24502
0 0.109598 0.973417 0.0192562 0.0385059 24503
0 0.0537695 0.751762 0.00458462 0.00637783 24504
0 0.795842 0.817177 0.0379178 0.0115302 24505
0 0.840389 0.834999 0.0372509 0.0340561 24506
0 0.489562 0.862723 0.0307074 0.0124279 24507
0 0.84598 0.845994 0.0418148 0.0154833 24508
0 0.897276 0.983829 0.0701204 0.0305057 24509
0 0.871958 0.845397 0.0134634 0.0151766 24510
0 0.467296 0.830381 0.00778875 0.0385974 24511
0 0.577418 0.878977 0.0324856 0.012362 24512
0 0.781271 0.719299 0.048576 0.0156338 24513
0 0.106665 0.985123 0.0693111 0.0261117 24514
0 0.850741 0.844624 0.0209883 0.0133845 24515
