0 0.451986 0.834026 0.0124586 0.0670668 69917
0 0.842439 0.765948 0.00891895 0.0452501 69918
0 0.796679 0.774769 0.00759182 0.0477817 69919
0 0.586946 0.813726 0.00991173 0.0493646 69920
0 0.520096 0.822036 0.0146129 0.055521 69921
0 0.71869 0.830364 0.0139744 0.0315901 69922
0 0.746441 0.782086 0.00862656 0.0489092 69923
0 0.830842 0.834709 0.0176146 0.0335015 69924
0 0.711994 0.787591 0.0104053 0.052988 69925
0 0.690763 0.796541 0.00996695 0.0424971 69926
0 0.115703 0.982888 0.0354105 0.0273146 69927
0 0.0105862 0.747696 0.00901617 0.0184764 69928
0 0.953605 0.849486 0.0224403 0.0408051 69929
0 0.474973 0.856544 0.0172621 0.0259135 69930
0 0.431696 0.914182 0.0279818 0.0371377 69931
0 0.700958 0.792958 0.00886946 0.045644 69932
0 0.85579 0.829519 0.0146441 0.0336365 69933
0 0.681631 0.787868 0.00846729 0.0452233 69934
0 0.355342 0.989193 0.013998 0.0216131 69935
0 0.939293 0.727865 0.00715065 0.0177456 69936
0 0.725098 0.786977 0.00883255 0.0453568 69937
0 0.0705284 0.74919 0.0133179 0.0131975 69938
0 0.0635213 0.737071 0.00615141 0.0162988 69939
0 0.410108 0.762794 0.00726252 0.0148994 69940
0 0.957118 0.84849 0.0158159 0.0381571 69941
0 0.83961 0.698317 0.00442028 0.0164444 69942
0 0.890721 0.975696 0.0590599 0.0467994 69943
0 0.810594 0.697525 0.00691681 0.0184962 69944
0 0.197496 0.915558 0.0447731 0.0316739 69945
0 0.974652 0.762026 0.0180292 0.0278169 69946
0 0.00571578 0.979393 0.011361 0.0180773 69947
0 0.972006 0.761432 0.0120882 0.0267439 69948
0 0.266768 0.730351 0.00558844 0.0138397 69949
0 0.386131 0.775329 0.0081965 0.0153866 69950
0 0.0221888 0.938316 0.0443132 0.0290137 69951
0 0.0945221 0.994441 0.0463065 0.0081465 69952
0 0.910851 0.973303 0.0484428 0.0431088 69953
0 0.500431 0.729818 0.00717211 0.0105764 69954
0 0.2851 0.719414 0.00708642 0.0147291 69955
0 0.85313 0.830349 0.0198889 0.0355654 69956
0 0.67678 0.81422 0.0167608 0.0206228 69957
0 0.315446 0.710622 0.00726495 0.0141334 69958
0 0.996367 0.811941 0.00684242 0.0180781 69959
0 0.892766 0.675269 0.00668163 0.0121849 69960
0 0.903079 0.972573 0.0331066 0.0417462 69961
0 0.990749 0.668324 0.00357552 0.0127144 69962
0 0.979055 0.667373 0.00572166 0.0170385 69963
0 0.920931 0.973264 0.0298491 0.0421431 69964
0 0.852923 0.847964 0.0262924 0.0113339 69965
0 0.0589747 0.737658 0.0151859 0.0144757 69966
0 0.995198 0.743098 0.00916443 0.0444329 69967
0 0.95084 0.861082 0.0167686 0.0186388 69968
0 0.540978 0.848886 0.00723381 0.0265172 69969
0 0.576182 0.875111 0.0361981 0.0142373 69970
0 0.133514 0.733579 0.00722141 0.00661655 69971
0 0.409064 0.762825 0.00970707 0.0160105 69972
0 0.88328 0.979488 0.0450329 0.0393172 69973
0 0.716842 0.787508 0.00832157 0.0484053 69974
0 0.717481 0.787537 0.00573349 0.0491043 69975
0 0.576791 0.875786 0.0353996 0.0136804 69976
0 0.283202 0.720843 0.0121762 0.0175005 69977
0 0.483505 0.856385 0.03548 0.0260108 69978
0 0.266423 0.732444 0.00659275 0.017137 69979
0 0.677454 0.800044 0.0183378 0.0488795 69980
0 0.715874 0.830631 0.0199048 0.0329454 69981
0 0.772693 0.812739 0.0198442 0.0156108 69982
0 0.285264 0.71986 0.00970664 0.0142721 69983
0 0.674931 0.815505 0.0134392 0.0182373 69984
0 0.996589 0.671487 0.00526695 0.00946503 69985
0 0.386246 0.774089 0.00968547 0.0186354 69986
0 0.00354834 0.98767 0.0069905 0.0226003 69987
0 0.0567792 0.739731 0.0109175 0.0089742 69988
0 0.70432 0.788904 0.0136616 0.0521488 69989
0 0.440308 0.915087 0.0112048 0.0334771 69990
0 0.936112 0.867186 0.011684 0.0150908 69991
0 0.95659 0.853012 0.0257858 0.0366079 69992
0 0.940166 0.729227 0.00893078 0.0169681 69993
0 0.692816 0.795154 0.0147995 0.0460921 69994
0 0.946234 0.676557 0.00747719 0.014111 69995
0 0.00958552 0.979883 0.0189607 0.0201399 69996
0 0.390847 0.811969 0.018006 0.0462426 69997
0 0.577447 0.880433 0.0336735 0.0100518 69998
0 0.130828 0.982533 0.0655831 0.0276269 69999
0 0.102165 0.983095 0.0600756 0.0270152 70000
0 0.778929 0.81425 0.00930882 0.0134628 70001
0 0.857435 0.846956 0.0376888 0.0156925 70002
0 0.872367 0.844871 0.0146246 0.0162899 70003
0 0.906063 0.68352 0.00404053 0.012684 70004
0 0.850022 0.846525 0.0330452 0.0146389 70005
0 0.945466 0.678616 0.00931244 0.0119701 70006
0 0.386621 0.777015 0.0109997 0.0152773 70007
0 0.939814 0.736276 0.0100967 0.00739543 70008
0 0.964672 0.862963 0.0443893 0.0139136 70009
0 0.559419 0.838778 0.00580177 0.0105888 70010
0 0.913976 0.673845 0.00510254 0.00954225 70011
0 0.809892 0.696986 0.0094429 0.0188003 70012
0 0.101716 0.995582 0.0597845 0.00883687 70013
0 0.963571 0.850502 0.0432404 0.0427307 70014
0 0.410974 0.763235 0.0107994 0.0156526 70015
