0 0.60142 0.807192 0.0124174 0.0560903 84083
0 0.437181 0.893292 0.0159348 0.0816254 84084
0 0.645238 0.798867 0.0124186 0.0566859 84085
0 0.391048 0.816944 0.0182536 0.0558858 84086
0 0.842798 0.766935 0.00893135 0.0476507 84087
0 0.728166 0.786267 0.00870762 0.0500922 84088
0 0.796453 0.77598 0.00845566 0.0489071 84089
0 0.718369 0.830146 0.014135 0.0317566 84090
0 0.55498 0.818307 0.0108847 0.0494351 84091
0 0.452393 0.834467 0.0106975 0.0661835 84092
0 0.461195 0.830495 0.0112445 0.0568227 84093
0 0.831169 0.835267 0.0188629 0.0326965 84094
0 0.114365 0.983325 0.0331615 0.0274261 84095
0 0.701141 0.793956 0.0132776 0.0485942 84096
0 0.688385 0.795133 0.00948582 0.044224 84097
0 0.856478 0.829884 0.0137794 0.0328791 84098
0 0.0171392 0.752625 0.00854638 0.0186639 84099
0 0.483553 0.858356 0.0377468 0.0223185 84100
0 0.198464 0.916259 0.0448809 0.0310174 84101
0 0.678747 0.791435 0.00825882 0.0350291 84102
0 0.00564466 0.977629 0.0112165 0.021051 84103
0 0.956571 0.848527 0.0165176 0.0363288 84104
0 0.883682 0.979407 0.0454113 0.0395803 84105
0 0.952664 0.850028 0.0240263 0.0390849 84106
0 0.354983 0.989185 0.01496 0.0216298 84107
0 0.474985 0.858104 0.0194306 0.0219248 84108
0 0.853038 0.83051 0.021043 0.0355499 84109
0 0.0608138 0.742356 0.0057923 0.0200134 84110
0 0.0220658 0.938881 0.0441316 0.0307522 84111
0 0.960326 0.747135 0.00681839 0.0325049 84112
0 0.362176 0.775837 0.00896339 0.0163254 84113
0 0.973954 0.762668 0.0194736 0.027084 84114
0 0.894249 0.975292 0.0659153 0.0467309 84115
0 0.938435 0.725338 0.0068121 0.0168872 84116
0 0.691299 0.794926 0.0119447 0.0452893 84117
0 0.92128 0.972832 0.0262402 0.0417682 84118
0 0.271634 0.726877 0.0112497 0.0168745 84119
0 0.293519 0.725322 0.00987444 0.0115536 84120
0 0.906956 0.972849 0.0438082 0.0420783 84121
0 0.018413 0.752639 0.0115933 0.0197242 84122
0 0.102854 0.983621 0.0563623 0.0278225 84123
0 0.0622943 0.74332 0.00893279 0.0221608 84124
0 0.853183 0.848266 0.0249039 0.00921292 84125
0 0.0641796 0.743083 0.0124279 0.0221283 84126
0 0.995889 0.813487 0.00781193 0.0159154 84127
0 0.321255 0.714861 0.0121501 0.01688 84128
0 0.948224 0.851553 0.0318216 0.0419105 84129
0 0.773143 0.813633 0.0213087 0.0172579 84130
0 0.0989275 0.994196 0.0542048 0.00851915 84131
0 0.676194 0.815575 0.0174163 0.0184289 84132
0 0.770198 0.813476 0.0152536 0.016727 84133
0 0.852996 0.696975 0.00532684 0.0198194 84134
0 0.578012 0.875196 0.0339999 0.0152496 84135
0 0.00878265 0.977753 0.0175358 0.0221219 84136
0 0.916503 0.972239 0.0143719 0.0408986 84137
0 0.450821 0.760062 0.00558167 0.0126495 84138
0 0.0654052 0.749569 0.00924652 0.00943434 84139
0 0.916454 0.973447 0.0342955 0.0435316 84140
0 0.323697 0.716104 0.0119908 0.0140145 84141
0 0.295599 0.726826 0.014328 0.00883314 84142
0 0.973667 0.754227 0.0061924 0.0127987 84143
0 0.540453 0.849309 0.00705566 0.0270928 84144
0 0.577909 0.874995 0.0335653 0.0148263 84145
0 0.778965 0.816406 0.00994759 0.013208 84146
0 0.972763 0.672426 0.00595398 0.0171578 84147
0 0.852536 0.845192 0.0222889 0.0114383 84148
0 0.828274 0.834887 0.0139931 0.0324397 84149
0 0.675503 0.801112 0.0160237 0.0481479 84150
0 0.395297 0.836127 0.0308614 0.0185764 84151
0 0.853246 0.837499 0.023094 0.0229506 84152
0 0.456635 0.83373 0.0163755 0.0635581 84153
0 0.585478 0.913899 0.0477843 0.011518 84154
0 0.0796502 0.748394 0.00404928 0.00823059 84155
0 0.937951 0.863313 0.0190388 0.0219876 84156
0 0.948476 0.8637 0.0399391 0.0231606 84157
0 0.882929 0.985061 0.0441116 0.02903 84158
0 0.0221191 0.76054 0.022419 0.008304 84159
0 0.0676708 0.743264 0.0196453 0.022428 84160
0 0.768496 0.813895 0.0230804 0.0183211 84161
0 0.488372 0.723663 0.0085844 0.010497 84162
0 0.832163 0.697191 0.0067028 0.0160499 84163
0 0.29411 0.723327 0.0120931 0.0149394 84164
0 0.859712 0.847027 0.0381655 0.0132655 84165
0 0.944535 0.861196 0.0321344 0.0257368 84166
0 0.153555 0.738144 0.0470762 0.0146579 84167
0 0.462795 0.826693 0.00965586 0.0512939 84168
0 0.945532 0.857188 0.0339041 0.0334132 84169
0 0.935517 0.679021 0.0110706 0.0194244 84170
0 0.3468 0.772768 0.0391409 0.0215169 84171
0 0.593597 0.913382 0.0626667 0.0123684 84172
0 0.872577 0.84575 0.0147671 0.0147698 84173
0 0.774861 0.813481 0.0310379 0.0191664 84174
0 0.99372 0.670889 0.00511093 0.0142148 84175
0 0.96249 0.748582 0.0104166 0.0345503 84176
0 0.931231 0.680793 0.0197983 0.0229566 84177
0 0.99575 0.802609 0.00805397 0.0383518 84178
0 0.130115 0.982808 0.0643955 0.0266098 84179
0 0.0697349 0.749944 0.0227466 0.0106523 84180
0 0.603888 0.913781 0.0423599 0.0114724 84181
0 0.957214 0.850441 0.0241537 0.0391585 84182
0 0.294163 0.724325 0.0180796 0.0130614 84183
0 0.706573 0.842726 0.0107963 0.00903727 84184
0 0.726386 0.786139 0.0119224 0.0509552 84185
0 0.957788 0.865647 0.0601017 0.0176673 84186
0 0.819115 0.771214 0.0584878 0.0555667 84187
