0 0.453151 0.833186 0.0126902 0.0685364 None
0 0.86482 0.761625 0.00927792 0.0502513 None
0 0.706094 0.791705 0.0109412 0.0482571 None
0 0.695181 0.793372 0.0103422 0.0474847 None
0 0.843014 0.765635 0.00829773 0.0471018 None
0 0.830667 0.834618 0.0176533 0.0336338 None
0 0.543253 0.815749 0.0119661 0.0531121 None
0 0.755586 0.781256 0.00777817 0.0485664 None
0 0.801667 0.775751 0.00810051 0.0450016 None
0 0.832137 0.765977 0.00885983 0.0472644 None
0 0.744331 0.784258 0.00871601 0.0454427 None
0 0.953735 0.848966 0.0220751 0.0402011 None
0 0.347702 0.755649 0.00908103 0.0204644 None
0 0.272502 0.730199 0.00595822 0.016372 None
0 0.735755 0.787529 0.00899563 0.0416607 None
0 0.852722 0.832043 0.022208 0.0350359 None
0 0.433814 0.91459 0.0243345 0.0370843 None
0 0.817461 0.780139 0.00603905 0.0311413 None
0 0.0714899 0.739664 0.00777172 0.0239858 None
0 0.718229 0.830544 0.0139371 0.0314172 None
0 0.796384 0.776592 0.00746975 0.0497281 None
0 0.935493 0.72415 0.0061121 0.0208011 None
0 0.0100362 0.746991 0.00819208 0.0200612 None
0 0.891946 0.975918 0.0615376 0.046031 None
0 0.712514 0.83113 0.0262383 0.0320409 None
0 0.0056292 0.978534 0.0111957 0.0202915 None
0 0.790139 0.699493 0.00538797 0.0167741 None
0 0.198766 0.916069 0.0466071 0.0320884 None
0 0.771763 0.700056 0.00791206 0.0204976 None
0 0.0222115 0.938396 0.0444231 0.0295454 None
0 0.472444 0.852399 0.0184269 0.0344038 None
0 0.114778 0.980941 0.0300683 0.0233039 None
0 0.903354 0.972974 0.0379021 0.0397976 None
0 0.577688 0.875771 0.0323696 0.0146812 None
0 0.675549 0.816334 0.0154398 0.0199219 None
0 0.856083 0.830903 0.0152832 0.0336817 None
0 0.109677 0.980485 0.0199973 0.0231408 None
0 0.354332 0.989221 0.0164576 0.0215586 None
0 0.88165 0.680778 0.0089138 0.0182385 None
0 0.895266 0.68232 0.00544968 0.0169234 None
0 0.532733 0.739722 0.0165369 0.0102295 None
0 0.527234 0.739438 0.00551758 0.0101049 None
0 0.979482 0.739209 0.0135967 0.0394151 None
0 0.190692 0.730625 0.00985303 0.00762024 None
0 0.319781 0.708982 0.00638342 0.0174784 None
0 0.467176 0.860712 0.00809956 0.0183046 None
0 0.319698 0.708779 0.00667157 0.0174766 None
0 0.469499 0.85287 0.0132113 0.0347041 None
0 0.976912 0.740807 0.0122278 0.0376619 None
0 0.97524 0.741466 0.0095665 0.0316589 None
0 0.98156 0.738125 0.00989151 0.0373086 None
0 0.296577 0.726593 0.00523138 0.0113637 None
0 0.884748 0.979178 0.0476799 0.039721 None
0 0.440107 0.917294 0.0116802 0.0283924 None
0 0.475178 0.851732 0.0141227 0.0339817 None
0 0.142298 0.734723 0.00706916 0.00819533 None
0 0.922829 0.680225 0.00910606 0.0116336 None
0 0.451137 0.774459 0.00554771 0.0106422 None
0 0.99653 0.811169 0.00652962 0.0202013 None
0 0.107848 0.98371 0.0557764 0.0274692 None
0 0.922018 0.973616 0.0270287 0.0411001 None
0 0.119854 0.984481 0.0397637 0.0233012 None
0 0.680568 0.816167 0.0244551 0.0196742 None
0 0.271379 0.732541 0.00812254 0.0135408 None
0 0.951933 0.860061 0.0180969 0.0214934 None
0 0.301149 0.729183 0.014761 0.0119463 None
0 0.440127 0.774494 0.00602798 0.00989719 None
0 0.906988 0.975409 0.0571409 0.0451501 None
0 0.977315 0.746944 0.0143375 0.0477631 None
0 0.104159 0.993763 0.0640502 0.00922919 None
0 0.30463 0.715609 0.0199764 0.00768534 None
0 0.770186 0.813051 0.0139963 0.0157715 None
0 0.413892 0.767171 0.00549107 0.0067098 None
0 0.858566 0.834179 0.0384167 0.0389364 None
0 0.00728658 0.747245 0.0143857 0.0214845 None
0 0.774366 0.813408 0.0191253 0.0174059 None
0 0.790903 0.703025 0.00695124 0.0241214 None
0 0.777229 0.813863 0.0129887 0.0164127 None
0 0.308045 0.716043 0.0111765 0.0070972 None
0 0.445715 0.77417 0.0161242 0.0117491 None
0 0.880324 0.984747 0.0387806 0.028903 None
0 0.956406 0.866833 0.0284752 0.0141081 None
0 0.12628 0.985755 0.0272997 0.0205621 None
0 0.976187 0.743367 0.0194172 0.047663 None
0 0.192775 0.730457 0.0146364 0.00835266 None
0 0.835014 0.834197 0.0271351 0.0348114 None
0 0.26935 0.735444 0.0107855 0.00967034 None
0 0.972305 0.673331 0.00520287 0.0197788 None
0 0.10539 0.98475 0.0663303 0.026383 None
0 0.975148 0.76961 0.0187277 0.0138652 None
0 0.85033 0.835066 0.0236771 0.0315157 None
0 0.978079 0.675644 0.00976715 0.02035 None
0 0.841344 0.833249 0.0443832 0.0361516 None
0 0.960148 0.850061 0.0179375 0.0408203 None
0 0.391263 0.832021 0.0175049 0.0851457 None
0 0.82457 0.814911 0.0245224 0.0102207 None
0 0.956443 0.853278 0.0286163 0.0374742 None
0 0.977399 0.677133 0.0073267 0.0179728 None
0 0.85979 0.838947 0.0349756 0.0286713 None
0 0.957447 0.868616 0.0261665 0.0103021 None
0 0.424733 0.928966 0.0153317 0.0101851 None
0 0.915311 0.970298 0.0112396 0.0349901 None
0 0.00581385 0.972645 0.0114892 0.0322788 None
0 0.683227 0.817104 0.028236 0.0158936 None
0 0.391314 0.812592 0.0171562 0.0455438 None
0 0.954876 0.864149 0.0250435 0.0189345 None
0 0.962169 0.850291 0.0403055 0.0429803 None
0 0.591009 0.907954 0.0582244 0.0230633 None
0 0.787757 0.814147 0.0334167 0.0182027 None
