0 0.453522 0.834113 0.0119003 0.0661797 54476
0 0.786874 0.775054 0.0107489 0.050469 54477
0 0.831201 0.834725 0.018549 0.033459 54478
0 0.797779 0.775476 0.00813685 0.0500658 54479
0 0.702988 0.791676 0.00918789 0.0490953 54480
0 0.843041 0.765632 0.0083519 0.0494453 54481
0 0.652874 0.803624 0.00986385 0.048721 54482
0 0.718373 0.829865 0.0147551 0.0316679 54483
0 0.559867 0.816232 0.0116671 0.0525601 54484
0 0.692577 0.794158 0.00985546 0.046857 54485
0 0.76418 0.780279 0.0117826 0.0492581 54486
0 0.736115 0.78617 0.00891972 0.0468313 54487
0 0.95352 0.849245 0.0220596 0.0414688 54488
0 0.746386 0.782915 0.00788441 0.0485297 54489
0 0.476522 0.858419 0.0352012 0.0252309 54490
0 0.198493 0.91604 0.0459996 0.0311818 54491
0 0.974049 0.762156 0.0195423 0.0293988 54492
0 0.856183 0.830743 0.0145954 0.0326146 54493
0 0.753069 0.784521 0.00871277 0.0440721 54494
0 0.433911 0.914316 0.0239681 0.0361535 54495
0 0.941637 0.727926 0.00855141 0.021601 54496
0 0.675545 0.816034 0.016429 0.0197906 54497
0 0.95668 0.848773 0.0158768 0.0405019 54498
0 0.355082 0.989143 0.0144123 0.021714 54499
0 0.119284 0.983731 0.0381917 0.0259216 54500
0 0.414496 0.761905 0.0049572 0.0124217 54501
0 0.289208 0.722557 0.00760345 0.0166711 54502
0 0.88378 0.980575 0.0458754 0.0378069 54503
0 0.05938 0.73905 0.00473961 0.0175802 54504
0 0.852654 0.83108 0.0214785 0.034534 54505
0 0.31829 0.710698 0.00544477 0.0150804 54506
0 0.0220146 0.938574 0.0440292 0.0280033 54507
0 0.390943 0.826169 0.0187956 0.0742249 54508
0 0.00520252 0.753091 0.00985685 0.0176819 54509
0 0.921422 0.973389 0.0270098 0.0403714 54510
0 0.890244 0.976239 0.0583017 0.0453969 54511
0 0.853107 0.848605 0.0249817 0.00890503 54512
0 0.134386 0.740101 0.00470664 0.0086046 54513
0 0.995886 0.811545 0.00781593 0.0199432 54514
0 0.739455 0.78615 0.007794 0.0455817 54515
0 0.095723 0.99426 0.0465805 0.00807546 54516
0 0.0028792 0.976116 0.00570211 0.0238461 54517
0 0.107829 0.984358 0.0623137 0.0266839 54518
0 0.0053465 0.976059 0.010617 0.0248884 54519
0 0.103477 0.993989 0.0624294 0.00834724 54520
0 0.903725 0.973512 0.0318174 0.0403958 54521
0 0.384875 0.75858 0.0103868 0.0116706 54522
0 0.577212 0.875711 0.0335011 0.0147659 54523
0 0.744677 0.783383 0.0109336 0.0502557 54524
0 0.274523 0.729838 0.006604 0.0163386 54525
0 0.0633181 0.743813 0.0179377 0.0260607 54526
0 0.914134 0.972787 0.0101151 0.039034 54527
0 0.998107 0.669075 0.00332222 0.0157786 54528
0 0.0671385 0.750071 0.00909421 0.0139928 54529
0 0.139218 0.739927 0.01569 0.0089625 54530
0 0.807404 0.697468 0.00551109 0.0173659 54531
0 0.715216 0.830393 0.021377 0.0323939 54532
0 0.89523 0.68393 0.00464363 0.0160507 54533
0 0.952215 0.675925 0.00390644 0.0141495 54534
0 0.878053 0.678673 0.00567589 0.0149621 54535
0 0.982966 0.670909 0.00505886 0.0198417 54536
0 0.521906 0.727789 0.0109167 0.0134247 54537
0 0.0630266 0.745434 0.0311091 0.0230567 54538
0 0.97224 0.670545 0.00510483 0.0161694 54539
0 0.41009 0.763975 0.00547104 0.0151191 54540
0 0.923126 0.737235 0.00610237 0.0097168 54541
0 0.1125 0.982512 0.0255215 0.0219293 54542
0 0.852388 0.845364 0.0234308 0.0116038 54543
0 0.13149 0.984122 0.0631218 0.0248115 54544
0 0.00471048 0.75639 0.00924627 0.0134547 54545
0 0.406078 0.775658 0.00512619 0.0164593 54546
0 0.0673488 0.748434 0.0110903 0.0173638 54547
0 0.541262 0.848829 0.00734348 0.0271695 54548
0 0.0537917 0.74074 0.0125728 0.0133352 54549
0 0.48333 0.856932 0.0219347 0.0220825 54550
0 0.00938737 0.976356 0.0185982 0.027065 54551
0 0.95265 0.857519 0.0206295 0.0276481 54552
0 0.487895 0.85717 0.0305262 0.0228382 54553
0 0.00311828 0.971696 0.00620088 0.0325704 54554
0 0.413264 0.763093 0.00941973 0.0144196 54555
0 0.963775 0.675059 0.00512238 0.0161297 54556
0 0.125394 0.985339 0.0282304 0.0231813 54557
0 0.39099 0.815724 0.0179055 0.0521322 54558
0 0.910477 0.975826 0.0507067 0.0445862 54559
0 0.00593612 0.971994 0.0117298 0.0339784 54560
0 0.857604 0.847105 0.0342339 0.0136702 54561
0 0.109385 0.981579 0.0191172 0.0219572 54562
0 0.418399 0.762852 0.0152991 0.0119105 54563
0 0.48727 0.854641 0.0136303 0.0181432 54564
0 0.773228 0.812409 0.00667629 0.0153792 54565
0 0.966074 0.674604 0.00922241 0.0168591 54566
0 0.850055 0.846996 0.0320328 0.0123545 54567
0 0.177849 0.734812 0.0156897 0.00770162 54568
0 0.779575 0.81601 0.00760422 0.00946961 54569
0 0.994846 0.810519 0.0098793 0.0227687 54570
0 0.5606 0.803366 0.0111876 0.0286411 54571
0 0.947604 0.860172 0.010371 0.0189684 54572
0 0.287757 0.722781 0.0112054 0.0185198 54573
0 0.936264 0.866888 0.0117329 0.0159814 54574
0 0.992908 0.773247 0.0137196 0.00999179 54575
0 0.863316 0.833319 0.0319332 0.0371195 54576
0 0.136354 0.74147 0.0213666 0.0111399 54577
0 0.956617 0.858163 0.0274143 0.0281406 54578
0 0.956024 0.863672 0.0301792 0.0202237 54579
0 0.483013 0.858252 0.0392138 0.0218621 54580
0 0.1535 0.983367 0.0180114 0.0130632 54581
0 0.40445 0.775458 0.010909 0.016846 54582
0 0.135612 0.983734 0.0544356 0.0160919 54583
0 0.807522 0.700487 0.00624962 0.023692 54584
0 0.959002 0.868989 0.0233936 0.00907762 54585
0 0.775265 0.812296 0.0164959 0.0165697 54586
0 0.587648 0.912925 0.0429873 0.0124773 54587
0 0.54059 0.824609 0.0348529 0.0153059 54588
0 0.521179 0.729964 0.0135164 0.0113334 54589
0 0.99571 0.802699 0.00814591 0.0378655 54590
0 0.985461 0.670254 0.00695305 0.0207227 54591
0 0.00463584 0.966978 0.00923158 0.0445499 54592
0 0.95731 0.867302 0.0263386 0.0113068 54593
0 0.954816 0.863095 0.0277884 0.0214864 54594
0 0.790119 0.820539 0.0256365 0.00708669 54595
0 0.93616 0.866514 0.0117826 0.0159838 54596
0 0.981959 0.762131 0.0356455 0.0279143 54597
0 0.769426 0.812478 0.014113 0.0155463 54598
0 0.00303473 0.958563 0.00599535 0.058395 54599
0 0.110386 0.984583 0.0446796 0.0225922 54600
0 0.674199 0.815221 0.020661 0.0226391 54601
0 0.0610432 0.744097 0.0275997 0.0277083 54602
0 0.521894 0.727122 0.0134621 0.0161089 54603
0 0.973561 0.77492 0.0195564 0.00868123 54604
0 0.06873 0.754729 0.0269215 0.00748952 54605
0 0.520251 0.862637 0.0526465 0.00789371 54606
0 0.304515 0.716645 0.0190434 0.00944383 54607
0 0.440356 0.914944 0.011294 0.0331248 54608
0 0.275526 0.731197 0.00872297 0.0195289 54609
0 0.949009 0.86416 0.035807 0.0211683 54610
