0 0.476356 0.834742 0.016356 0.0670951 None
0 0.455803 0.833507 0.0129511 0.0685304 None
0 0.718544 0.830732 0.0143141 0.0302567 None
0 0.830579 0.83462 0.0172981 0.0335297 None
0 0.696613 0.791984 0.0109137 0.0482869 None
0 0.769456 0.780246 0.00886974 0.0429365 None
0 0.823696 0.769993 0.00869789 0.0393419 None
0 0.793528 0.775706 0.0105124 0.0470452 None
0 0.843412 0.765935 0.00768738 0.0450102 None
0 0.953515 0.849475 0.0220812 0.0411241 None
0 0.744113 0.783736 0.00865536 0.0470778 None
0 0.517091 0.805497 0.00851078 0.0361321 None
0 0.874499 0.75881 0.00929279 0.0472178 None
0 0.755682 0.781704 0.0086813 0.0485221 None
0 0.856267 0.830241 0.015361 0.0326789 None
0 0.278931 0.729271 0.00709782 0.0169532 None
0 0.0696276 0.742697 0.00788369 0.0285287 None
0 0.0354689 0.901426 0.0101135 0.0514428 None
0 0.0220164 0.938146 0.0440328 0.0300201 None
0 0.894518 0.976201 0.065575 0.0458917 None
0 0.949519 0.738013 0.00773735 0.0333279 None
0 0.47987 0.779342 0.00890179 0.0230455 None
0 0.996053 0.809861 0.00747547 0.0238559 None
0 0.454015 0.780132 0.00776644 0.0176158 None
0 0.790686 0.697116 0.0064415 0.0170069 None
0 0.435166 0.907319 0.0255676 0.0504612 None
0 0.402249 0.746766 0.00954771 0.022523 None
0 0.0082971 0.749227 0.0108916 0.0184953 None
0 0.768407 0.696742 0.00781555 0.0142893 None
0 0.354996 0.988975 0.0147233 0.0220508 None
0 0.917765 0.755557 0.00825767 0.0426836 None
0 0.326188 0.751321 0.00896015 0.0138706 None
0 0.198007 0.733736 0.00988336 0.0107022 None
0 0.883917 0.979462 0.0444689 0.0394796 None
0 0.198715 0.915637 0.0467486 0.0329122 None
0 0.910586 0.75471 0.00828533 0.0468519 None
0 0.838221 0.77576 0.00657883 0.0287216 None
0 0.0069235 0.975391 0.0137662 0.0261573 None
0 0.00890756 0.759844 0.0139121 0.00767822 None
0 0.675107 0.815807 0.0145182 0.0185204 None
0 0.906083 0.973129 0.0436665 0.0402537 None
0 0.840362 0.77139 0.00904942 0.0369137 None
0 0.0727193 0.75034 0.00492508 0.0138816 None
0 0.972808 0.762672 0.0150532 0.0274333 None
0 0.679238 0.81574 0.0225147 0.0190308 None
0 0.322214 0.711815 0.00677071 0.0164981 None
0 0.330917 0.732252 0.0177503 0.00588311 None
0 0.439011 0.90806 0.0169706 0.0472872 None
0 0.126261 0.985988 0.0283745 0.020777 None
0 0.917813 0.972788 0.0180958 0.0395932 None
0 0.853539 0.831426 0.0214647 0.03622 None
0 0.0531042 0.752689 0.00622561 0.00742408 None
0 0.921362 0.973356 0.0272129 0.0403002 None
0 0.769439 0.699573 0.0106436 0.0200361 None
0 0.767167 0.710555 0.0188894 0.00876753 None
0 0.160552 0.740173 0.00534046 0.00824229 None
0 0.327472 0.729166 0.00630789 0.00880703 None
0 0.973296 0.673937 0.00690498 0.0192971 None
0 0.934095 0.727526 0.00682907 0.0252872 None
0 0.100951 0.994219 0.0582865 0.00788456 None
0 0.715697 0.831247 0.0202528 0.030944 None
0 0.281649 0.737076 0.0130026 0.0073193 None
0 0.882692 0.984759 0.0419857 0.0292128 None
0 0.118007 0.984614 0.0344865 0.0223906 None
0 0.576786 0.875244 0.0319927 0.0131829 None
0 0.973693 0.753141 0.00513477 0.00936822 None
0 0.852504 0.836492 0.023468 0.0283685 None
0 0.576977 0.87544 0.0318363 0.0133596 None
0 0.109547 0.980906 0.0188716 0.0231245 None
0 0.105089 0.987586 0.0664067 0.0207669 None
0 0.85313 0.846243 0.0263735 0.0134376 None
0 0.772841 0.813114 0.00923443 0.0147956 None
0 0.325589 0.753506 0.0103156 0.0181068 None
0 0.105761 0.98587 0.0655258 0.0232283 None
0 0.330519 0.730461 0.0186281 0.00869039 None
0 0.971977 0.768129 0.0142864 0.0176865 None
0 0.858412 0.847405 0.0379089 0.0124656 None
0 0.772954 0.812928 0.0209504 0.0170439 None
0 0.97467 0.770672 0.018207 0.0123428 None
0 0.306805 0.716386 0.0147176 0.0081999 None
0 0.767482 0.712122 0.0196876 0.0121355 None
0 0.770847 0.812582 0.0155373 0.0157535 None
0 0.280085 0.73001 0.00983563 0.0176578 None
0 0.992774 0.676098 0.00616379 0.0166696 None
0 0.944809 0.866941 0.0284105 0.0150367 None
0 0.540851 0.848294 0.00776386 0.029087 None
0 0.883286 0.682881 0.00476227 0.00879279 None
0 0.40759 0.75918 0.0438549 0.013189 None
0 0.75155 0.794205 0.00788183 0.0249463 None
0 0.767243 0.813139 0.00940914 0.015389 None
0 0.0632938 0.758745 0.0391074 0.0081665 None
0 0.153557 0.740453 0.0201917 0.00986023 None
0 0.938001 0.867221 0.0151093 0.014957 None
0 0.457619 0.783962 0.0181204 0.0112981 None
0 0.0332991 0.902546 0.0146341 0.0565711 None
0 0.0535234 0.753348 0.0089178 0.00764364 None
0 0.859945 0.845845 0.0386627 0.0165619 None
0 0.949589 0.860839 0.0140884 0.0175327 None
0 0.790836 0.820504 0.0248728 0.00660451 None
0 0.779082 0.815741 0.00845451 0.0110492 None
0 0.391229 0.832371 0.0181724 0.0876244 None
0 0.946386 0.865737 0.0213383 0.0125088 None
0 0.40391 0.747597 0.0138123 0.025217 None
0 0.899096 0.681301 0.00545921 0.0145838 None
0 0.767604 0.709199 0.0203831 0.00973952 None
0 0.864741 0.845103 0.0266609 0.0163191 None
0 0.862691 0.832463 0.0294119 0.0380308 None
0 0.972899 0.676259 0.0066 0.015904 None
0 0.860004 0.795339 0.0228199 0.0139852 None
0 0.837833 0.773985 0.00872574 0.0316369 None
0 0.312495 0.716911 0.0267975 0.00997908 None
0 0.94766 0.850734 0.0330379 0.0459607 None
0 0.877828 0.672288 0.00507946 0.0101146 None
0 0.00932007 0.751626 0.0138208 0.0225067 None
0 0.593604 0.913538 0.062254 0.0120924 None
0 0.52821 0.738841 0.00323648 0.0074451 None
0 0.319708 0.712017 0.0115807 0.0177743 None
0 0.87636 0.759687 0.011599 0.0477993 None
0 0.109634 0.973609 0.0192992 0.0383643 None
0 0.0355836 0.90706 0.0126096 0.0477105 None
0 0.0701275 0.756801 0.0279879 0.00728014 None
0 0.796075 0.817436 0.0370268 0.0111789 None
0 0.871747 0.845368 0.0130188 0.0151533 None
0 0.437676 0.894635 0.0165524 0.0250624 None
0 0.838505 0.834956 0.0333206 0.0339064 None
0 0.980559 0.661674 0.00747547 0.0130188 None
