0 0.453401 0.834104 0.0114891 0.0656164 103180
0 0.62238 0.810054 0.00995731 0.0504422 103181
0 0.796528 0.774864 0.00840645 0.0485392 103182
0 0.361332 0.848425 0.0128108 0.0613135 103183
0 0.233195 0.904276 0.0170515 0.0789863 103184
0 0.554972 0.8194 0.0102901 0.0490828 103185
0 0.843034 0.765822 0.00829277 0.0447281 103186
0 0.742625 0.78315 0.00854855 0.0499074 103187
0 0.702664 0.791857 0.0109808 0.0476688 103188
0 0.831248 0.835188 0.0168854 0.0323113 103189
0 0.534014 0.815756 0.0121688 0.0589932 103190
0 0.49315 0.825777 0.010956 0.0583338 103191
0 0.114292 0.982829 0.0322019 0.0257172 103192
0 0.689322 0.795308 0.0104688 0.0457533 103193
0 0.732418 0.786204 0.00841637 0.0459242 103194
0 0.930746 0.727978 0.00790977 0.0238685 103195
0 0.718451 0.8301 0.0132841 0.0316659 103196
0 0.198779 0.916365 0.0460728 0.0311783 103197
0 0.0304885 0.734367 0.00880065 0.0298438 103198
0 0.637507 0.811189 0.0073884 0.0330639 103199
0 0.90642 0.972552 0.0405354 0.0391708 103200
0 0.0220655 0.938771 0.044131 0.0288876 103201
0 0.956571 0.848621 0.0159872 0.0362176 103202
0 0.917832 0.748486 0.00861549 0.0348028 103203
0 0.47583 0.858134 0.0181703 0.0219633 103204
0 0.355458 0.989334 0.0140743 0.021332 103205
0 0.897628 0.684416 0.00638886 0.0162218 103206
0 0.554154 0.760382 0.009834 0.0162104 103207
0 0.854159 0.835396 0.0204075 0.0257417 103208
0 0.94733 0.850263 0.0344854 0.0392685 103209
0 0.715452 0.830423 0.0197523 0.0327454 103210
0 0.883722 0.980253 0.045042 0.0380581 103211
0 0.961868 0.736911 0.00909081 0.0310703 103212
0 0.99619 0.813427 0.0072155 0.0167369 103213
0 0.391481 0.828462 0.0181483 0.0784081 103214
0 0.678074 0.815567 0.0145632 0.0178138 103215
0 0.893892 0.975375 0.0646772 0.0457735 103216
0 0.287639 0.735347 0.00694909 0.0155752 103217
0 0.0287866 0.736612 0.0120608 0.0297526 103218
0 0.917716 0.97239 0.0172787 0.0381817 103219
0 0.100323 0.994295 0.0589038 0.00851932 103220
0 0.873742 0.694611 0.00853653 0.0144043 103221
0 0.731308 0.778703 0.00699234 0.0311315 103222
0 0.974278 0.76296 0.0185696 0.0267171 103223
0 0.463765 0.759919 0.00877666 0.0160522 103224
0 0.855118 0.83241 0.0174385 0.0267822 103225
0 0.769707 0.813164 0.0146415 0.0151664 103226
0 0.604193 0.808693 0.0297216 0.0085751 103227
0 0.00220766 0.976367 0.00437617 0.0228611 103228
0 0.875219 0.694498 0.0120914 0.0146881 103229
0 0.64437 0.804587 0.0173254 0.0164047 103230
0 0.993678 0.671013 0.00504494 0.0209997 103231
0 0.923576 0.677523 0.0064209 0.0226368 103232
0 0.00561745 0.976292 0.0112156 0.0260335 103233
0 0.945046 0.858405 0.0322962 0.029479 103234
0 0.973846 0.768812 0.0179859 0.0160607 103235
0 0.484601 0.857757 0.0353406 0.0233843 103236
0 0.973556 0.757661 0.00873718 0.0190477 103237
0 0.774044 0.813885 0.0197098 0.0153758 103238
0 0.587934 0.912538 0.0535891 0.0135523 103239
0 0.543866 0.768337 0.0365669 0.0148712 103240
0 0.861892 0.836553 0.03578 0.0318069 103241
0 0.844103 0.835882 0.041917 0.0328323 103242
0 0.879031 0.984765 0.0357372 0.0294922 103243
0 0.895416 0.973027 0.0188648 0.0253869 103244
0 0.576817 0.875158 0.0335289 0.0134194 103245
0 0.565964 0.816539 0.0131989 0.0107668 103246
0 0.577399 0.875587 0.0335001 0.0133041 103247
0 0.939024 0.85938 0.0207438 0.0258881 103248
0 0.687425 0.783125 0.00727081 0.0242872 103249
0 0.975015 0.771814 0.0179838 0.0105503 103250
0 0.712938 0.836235 0.0247455 0.0229891 103251
0 0.922228 0.973611 0.0265787 0.0413583 103252
0 0.591419 0.913998 0.0448835 0.0104124 103253
0 0.518583 0.722674 0.0176168 0.0100956 103254
0 0.716302 0.791366 0.0303034 0.0150343 103255
0 0.940922 0.678245 0.00661526 0.0149718 103256
0 0.937261 0.856485 0.0165037 0.0210873 103257
0 0.120209 0.983523 0.0429198 0.0262809 103258
0 0.155716 0.745524 0.0205443 0.012204 103259
0 0.856813 0.8363 0.0461727 0.035542 103260
0 0.937534 0.856867 0.0167328 0.0218633 103261
0 0.994794 0.813615 0.010038 0.0173991 103262
0 0.872618 0.845573 0.0145988 0.0150053 103263
0 0.941035 0.675404 0.00696373 0.0168808 103264
0 0.995531 0.671086 0.00593395 0.0190584 103265
0 0.479504 0.856528 0.0205372 0.0221922 103266
0 0.00324991 0.972847 0.00644193 0.0304823 103267
0 0.588754 0.909766 0.0555442 0.0194556 103268
0 0.875772 0.981644 0.0290064 0.0333267 103269
0 0.950655 0.867979 0.0419117 0.0139323 103270
0 0.711208 0.832025 0.0280968 0.0328632 103271
0 0.152586 0.742798 0.0269631 0.0177148 103272
0 0.991689 0.670464 0.00646744 0.0221178 103273
0 0.00975434 0.977026 0.0193227 0.0311327 103274
0 0.97102 0.776207 0.0272333 0.00663639 103275
0 0.852613 0.84844 0.0261166 0.0104596 103276
0 0.960836 0.669627 0.00382042 0.0119924 103277
0 0.876827 0.694283 0.0167866 0.0156392 103278
0 0.492763 0.833731 0.00949326 0.0423174 103279
0 0.859632 0.844643 0.0412247 0.018593 103280
0 0.983955 0.651947 0.00401916 0.0138965 103281
0 0.935716 0.866986 0.0144993 0.0138248 103282
0 0.936223 0.860449 0.0152889 0.0254196 103283
0 0.577695 0.881361 0.032979 0.00914103 103284
0 0.96974 0.675625 0.0055336 0.0132655 103285
0 0.336038 0.773512 0.00425501 0.0101084 103286
0 0.69615 0.841738 0.0278839 0.0140032 103287
0 0.102482 0.985232 0.0667001 0.0269521 103288
