0 0.47966 0.832896 0.0132766 0.067729 15959
0 0.45346 0.8335 0.0117666 0.0671916 15960
0 0.830184 0.834731 0.0175436 0.0333598 15961
0 0.784163 0.778064 0.00800476 0.0415095 15962
0 0.718793 0.830349 0.0144965 0.0315235 15963
0 0.794679 0.775289 0.00919619 0.0468265 15964
0 0.436226 0.905028 0.016188 0.0558604 15965
0 0.0876466 0.897604 0.0121341 0.0613948 15966
0 0.896077 0.755001 0.00841141 0.044907 15967
0 0.933196 0.747506 0.0105328 0.048926 15968
0 0.953401 0.848759 0.0219563 0.0394887 15969
0 0.699209 0.793723 0.00949841 0.0461636 15970
0 0.887954 0.758397 0.0109253 0.0415988 15971
0 0.842818 0.764446 0.00841618 0.0455909 15972
0 0.514485 0.813181 0.00891743 0.0354814 15973
0 0.758058 0.784214 0.00716667 0.0443064 15974
0 0.198001 0.915285 0.0457984 0.0323683 15975
0 0.855867 0.830887 0.0166937 0.0341814 15976
0 0.746622 0.784363 0.00957508 0.0451881 15977
0 0.973764 0.762531 0.0194212 0.0284805 15978
0 0.022154 0.939128 0.044205 0.0305617 15979
0 0.354927 0.989339 0.01448 0.0212899 15980
0 0.488016 0.77893 0.00815248 0.0224792 15981
0 0.693248 0.795736 0.0083643 0.0433807 15982
0 0.00607589 0.749989 0.00969444 0.0180747 15983
0 0.0701848 0.746048 0.00894177 0.0286558 15984
0 0.905888 0.972469 0.0412565 0.0419963 15985
0 0.355999 0.749811 0.00905967 0.0139238 15986
0 0.792159 0.694934 0.00691338 0.0105676 15987
0 0.852257 0.832409 0.0246466 0.0377518 15988
0 0.577763 0.875497 0.0327213 0.0154767 15989
0 0.465338 0.773799 0.00772705 0.0199554 15990
0 0.744479 0.784238 0.0135547 0.0458805 15991
0 0.893776 0.975072 0.064517 0.0461802 15992
0 0.114537 0.981597 0.0302115 0.0231944 15993
0 0.675761 0.815663 0.0148195 0.0188005 15994
0 0.0527575 0.752945 0.00625858 0.00840895 15995
0 0.996118 0.81102 0.00734673 0.0211794 15996
0 0.320512 0.749949 0.00504599 0.0106001 15997
0 0.903187 0.67989 0.00612679 0.0204964 15998
0 0.515015 0.796701 0.00717945 0.0180393 15999
0 0.837911 0.765692 0.00582714 0.0384533 16000
0 0.0683238 0.745536 0.00820056 0.0273263 16001
0 0.848005 0.771468 0.00575294 0.027495 16002
0 0.161107 0.737391 0.0056181 0.00945638 16003
0 0.532189 0.740108 0.0184139 0.00888943 16004
0 0.513605 0.804604 0.0105703 0.0339574 16005
0 0.845936 0.766892 0.00791931 0.0399492 16006
0 0.012329 0.881046 0.0245175 0.0184211 16007
0 0.323328 0.71104 0.00660138 0.0170412 16008
0 0.00578954 0.98118 0.0114997 0.0140742 16009
0 0.886529 0.979145 0.0502705 0.0386293 16010
0 0.95168 0.855411 0.0192036 0.0296102 16011
0 0.110039 0.981048 0.020939 0.0226637 16012
0 0.740761 0.781935 0.00694571 0.0313616 16013
0 0.952659 0.858404 0.0240713 0.0266324 16014
0 0.464472 0.77503 0.011297 0.0215559 16015
0 0.770643 0.812305 0.0146597 0.0147932 16016
0 0.696279 0.795056 0.011614 0.0464461 16017
0 0.104704 0.98397 0.0519845 0.0272987 16018
0 0.679065 0.815816 0.0213094 0.0192062 16019
0 0.837081 0.766483 0.00683174 0.0338881 16020
0 0.772434 0.812448 0.0100269 0.0150024 16021
0 0.341137 0.73087 0.00620003 0.00882195 16022
0 0.884472 0.684541 0.00575256 0.0111872 16023
0 0.282419 0.735625 0.00750866 0.0103275 16024
0 0.774113 0.81222 0.0196625 0.0167806 16025
0 0.921798 0.973246 0.0268204 0.0419959 16026
0 0.740606 0.777481 0.00635519 0.0225766 16027
0 0.540539 0.849363 0.00705757 0.0271547 16028
0 0.778349 0.813486 0.010521 0.0140588 16029
0 0.767948 0.696901 0.00853071 0.0127307 16030
0 0.979015 0.648203 0.00701027 0.0161399 16031
0 0.101667 0.993952 0.0588778 0.0092514 16032
0 0.936583 0.8671 0.0125219 0.0157291 16033
0 0.511361 0.806898 0.00612135 0.0201152 16034
0 0.148103 0.740472 0.00413599 0.00555929 16035
0 0.75645 0.783473 0.010409 0.0457733 16036
0 0.391504 0.812887 0.0176932 0.0451011 16037
0 0.345041 0.73527 0.0212379 0.00951606 16038
0 0.872536 0.84595 0.0147736 0.0157142 16039
0 0.0712041 0.748568 0.00986066 0.0283274 16040
0 0.464528 0.783111 0.020933 0.00934516 16041
0 0.948806 0.850826 0.0273699 0.0449041 16042
0 0.917377 0.97072 0.015427 0.0394487 16043
0 0.354649 0.75865 0.0258111 0.00846964 16044
0 0.345391 0.734073 0.0207608 0.0103634 16045
0 0.00932461 0.981098 0.0185012 0.0155185 16046
0 0.949026 0.865062 0.0366623 0.0194858 16047
0 0.11894 0.983809 0.0385804 0.0241828 16048
0 0.586085 0.907302 0.0430014 0.0233039 16049
0 0.0962458 0.993896 0.0475466 0.00780708 16050
0 0.974558 0.670571 0.00608387 0.0145516 16051
0 0.768516 0.698974 0.0096283 0.016772 16052
0 0.948623 0.866422 0.0371231 0.0167775 16053
0 0.00723999 0.979174 0.0143383 0.0180732 16054
0 0.198632 0.730954 0.00767457 0.00738746 16055
0 0.793798 0.6953 0.0101124 0.0109841 16056
0 0.120044 0.985011 0.0208486 0.0245054 16057
0 0.565636 0.837514 0.0070714 0.0109924 16058
0 0.979976 0.652813 0.00912361 0.0230501 16059
0 0.0690309 0.746655 0.0136725 0.0326606 16060
0 0.863789 0.833428 0.0328751 0.0398631 16061
0 0.153037 0.73777 0.0223604 0.0118127 16062
0 0.586304 0.909159 0.0425045 0.0197688 16063
0 0.321208 0.750836 0.00847201 0.0113907 16064
0 0.00422449 0.756146 0.00841109 0.0119066 16065
0 0.149397 0.742453 0.0239271 0.00970595 16066
0 0.979076 0.649996 0.00864925 0.0223268 16067
0 0.843937 0.832375 0.041642 0.0392092 16068
0 0.151942 0.739861 0.0121488 0.00690731 16069
0 0.00569875 0.752243 0.011236 0.0200582 16070
0 0.994818 0.810741 0.00991344 0.0229774 16071
0 0.879064 0.978977 0.0351624 0.0346575 16072
0 0.309445 0.709598 0.00491624 0.0110791 16073
0 0.348289 0.752073 0.00815353 0.00955573 16074
0 0.281525 0.736138 0.00951052 0.0121273 16075
0 0.743912 0.778143 0.0129705 0.0365709 16076
0 0.593359 0.914276 0.0281233 0.00874888 16077
0 0.956579 0.868505 0.0275934 0.0106045 16078
