0 0.45385 0.833572 0.0122477 0.0674181 11414
0 0.479906 0.833274 0.0151041 0.061417 11415
0 0.424606 0.893917 0.0144696 0.0835215 11416
0 0.830171 0.834641 0.0171352 0.0338338 11417
0 0.948248 0.748059 0.00872993 0.0475494 11418
0 0.698976 0.794958 0.0092206 0.0432604 11419
0 0.845733 0.766022 0.00868416 0.042393 11420
0 0.795303 0.77754 0.00932407 0.0455844 11421
0 0.765101 0.780014 0.0115643 0.0491357 11422
0 0.750573 0.783168 0.0106769 0.0465864 11423
0 0.12992 0.889795 0.011991 0.0588576 11424
0 0.996674 0.733308 0.00618935 0.0462945 11425
0 0.718519 0.830158 0.0131086 0.0318459 11426
0 0.855418 0.831356 0.0160503 0.0338386 11427
0 0.862578 0.76592 0.0102703 0.0442003 11428
0 0.953449 0.848953 0.0221119 0.0390147 11429
0 0.513221 0.808224 0.012213 0.0385417 11430
0 0.498982 0.780174 0.00762062 0.0218859 11431
0 0.982687 0.741781 0.0118526 0.0302458 11432
0 0.79071 0.775932 0.0068552 0.0473368 11433
0 0.896023 0.975724 0.0672834 0.0455324 11434
0 0.477455 0.781007 0.00770521 0.0203861 11435
0 0.0220233 0.938607 0.0440466 0.0284839 11436
0 0.793395 0.776401 0.0102052 0.048035 11437
0 0.198323 0.915581 0.0455336 0.0312341 11438
0 0.789017 0.700334 0.00641727 0.0194272 11439
0 0.00588681 0.750991 0.0111996 0.0178443 11440
0 0.690348 0.794439 0.00832119 0.0419366 11441
0 0.93478 0.72816 0.00489998 0.0201691 11442
0 0.912673 0.758645 0.0087534 0.0393277 11443
0 0.852489 0.832172 0.0215738 0.0359607 11444
0 0.116587 0.983582 0.0330607 0.0266293 11445
0 0.974607 0.762441 0.0186045 0.0277201 11446
0 0.054618 0.751393 0.00489597 0.00867937 11447
0 0.355285 0.988995 0.0138406 0.0220101 11448
0 0.676533 0.815417 0.0159019 0.0185133 11449
0 0.00622282 0.981297 0.012364 0.0146644 11450
0 0.577519 0.874916 0.0333361 0.0156297 11451
0 0.88429 0.9795 0.0444153 0.0380459 11452
0 0.995802 0.813343 0.00797806 0.01717 11453
0 0.921516 0.973354 0.0283485 0.041232 11454
0 0.95157 0.858746 0.017934 0.0246128 11455
0 0.0766883 0.750448 0.0122296 0.0162852 11456
0 0.528541 0.74051 0.00551529 0.00875854 11457
0 0.917579 0.972999 0.0201212 0.0407047 11458
0 0.112268 0.982736 0.0252667 0.0242703 11459
0 0.326218 0.712754 0.0054275 0.0189768 11460
0 0.922461 0.737422 0.00523224 0.0278983 11461
0 0.0769519 0.744914 0.0102382 0.0197737 11462
0 0.903469 0.67864 0.00891571 0.0202111 11463
0 0.00810617 0.75919 0.0160889 0.00913018 11464
0 0.841182 0.765511 0.00481567 0.0410383 11465
0 0.842544 0.76578 0.00651093 0.0424489 11466
0 0.844166 0.764746 0.0102192 0.042922 11467
0 0.0947089 0.99432 0.0454468 0.00836351 11468
0 0.314125 0.753074 0.0111465 0.0155863 11469
0 0.92889 0.719587 0.0705379 0.0247828 11470
0 0.691112 0.80205 0.0119009 0.0353851 11471
0 0.914534 0.757046 0.0120024 0.0433334 11472
0 0.688136 0.797813 0.00944138 0.0387605 11473
0 0.292406 0.733083 0.00967102 0.0114187 11474
0 0.534887 0.741196 0.0188135 0.00998467 11475
0 0.925339 0.680564 0.0071579 0.010023 11476
0 0.973253 0.754787 0.0109959 0.0133114 11477
0 0.122877 0.984655 0.034122 0.0243228 11478
0 0.851412 0.845421 0.0221527 0.0132326 11479
0 0.312031 0.75396 0.0149098 0.0173971 11480
0 0.91571 0.973855 0.0296717 0.0409417 11481
0 0.765524 0.699647 0.00640669 0.0187222 11482
0 0.131714 0.983495 0.0632971 0.0258779 11483
0 0.713139 0.830689 0.0255225 0.0330151 11484
0 0.103862 0.984103 0.0629442 0.027769 11485
0 0.913497 0.752427 0.0097496 0.0448288 11486
0 0.975509 0.675033 0.00601044 0.0211207 11487
0 0.491775 0.815563 0.0113385 0.00973545 11488
0 0.577488 0.870285 0.033962 0.0252292 11489
0 0.00912217 0.981184 0.0181333 0.0158742 11490
0 0.862998 0.833182 0.0346138 0.0386856 11491
0 0.69124 0.789688 0.00821648 0.0376173 11492
0 0.390993 0.832328 0.0176873 0.0860557 11493
0 0.159543 0.741265 0.00662689 0.00978936 11494
0 0.956867 0.850636 0.0257839 0.0402795 11495
0 0.936559 0.867012 0.0123507 0.0154687 11496
0 0.295934 0.733867 0.0172209 0.0121823 11497
0 0.354489 0.729459 0.00592041 0.00800137 11498
0 0.853574 0.842314 0.0526035 0.0248027 11499
0 0.772147 0.812794 0.0125267 0.014485 11500
0 0.59062 0.908854 0.0585117 0.0221686 11501
0 0.843222 0.845332 0.0447626 0.0163132 11502
0 0.995383 0.808709 0.00874558 0.0278781 11503
0 0.766841 0.784365 0.0139846 0.0580936 11504
0 0.314724 0.755046 0.0201031 0.02005 11505
0 0.980879 0.655352 0.00874786 0.0222597 11506
0 0.850767 0.843903 0.0199163 0.013052 11507
0 0.155377 0.742065 0.0146422 0.0128598 11508
0 0.476198 0.78158 0.0104863 0.0226825 11509
0 0.390972 0.811924 0.017033 0.0446337 11510
0 0.29818 0.736228 0.0213761 0.00906253 11511
0 0.145619 0.983292 0.0348177 0.0156972 11512
0 0.486899 0.791148 0.0481197 0.0136948 11513
0 0.872311 0.845475 0.0144588 0.0152764 11514
0 0.877879 0.984009 0.0315317 0.0292091 11515
0 0.842416 0.833026 0.0421795 0.0384206 11516
0 0.49307 0.816408 0.012511 0.0095654 11517
0 0.712158 0.835196 0.0262919 0.0249768 11518
0 0.588165 0.912415 0.0531359 0.014743 11519
0 0.953511 0.859226 0.0285412 0.0285048 11520
0 0.715849 0.830166 0.0180998 0.0331838 11521
