0 0.322353 0.900916 0.0187409 0.0803368 None
0 0.452982 0.834397 0.0129374 0.0665487 None
0 0.581185 0.811113 0.013533 0.0597894 None
0 0.796537 0.775868 0.00863209 0.0510566 None
0 0.83117 0.835079 0.0169897 0.0325445 None
0 0.540227 0.820259 0.0128756 0.0518585 None
0 0.647895 0.802862 0.010652 0.0497296 None
0 0.554811 0.816425 0.00949402 0.0453569 None
0 0.719282 0.787303 0.0111231 0.0493903 None
0 0.843178 0.763667 0.00821571 0.0389791 None
0 0.717893 0.830422 0.013382 0.0310761 None
0 0.396968 0.844597 0.011294 0.0582581 None
0 0.689452 0.795788 0.0110603 0.0466624 None
0 0.731289 0.785218 0.0100161 0.0504259 None
0 0.701443 0.795113 0.0113979 0.0503581 None
0 0.956995 0.847937 0.0154068 0.0359702 None
0 0.198352 0.916271 0.0446059 0.0307705 None
0 0.115813 0.982844 0.0356729 0.027908 None
0 0.390945 0.81777 0.0181785 0.0567196 None
0 0.930444 0.747619 0.00944672 0.0510512 None
0 0.664806 0.806499 0.00923481 0.0344693 None
0 0.0221813 0.9388 0.0443626 0.0298777 None
0 0.942858 0.850507 0.0160378 0.0382928 None
0 0.894079 0.975843 0.0649868 0.044548 None
0 0.86089 0.696086 0.00765724 0.0219971 None
0 0.484287 0.857602 0.0368986 0.0237206 None
0 0.475625 0.85763 0.0191388 0.0232337 None
0 0.0982337 0.993868 0.0519987 0.00866631 None
0 0.906447 0.973451 0.0399864 0.0397308 None
0 0.988712 0.732837 0.00614433 0.0288615 None
0 0.97164 0.763268 0.0136776 0.0257589 None
0 0.854847 0.832586 0.0173794 0.0295102 None
0 0.85196 0.834081 0.0201664 0.0293145 None
0 0.00511116 0.976413 0.0101633 0.0247698 None
0 0.0538703 0.742304 0.0133 0.0226478 None
0 0.346691 0.772557 0.00415192 0.00862359 None
0 0.355334 0.989285 0.0135104 0.02143 None
0 0.939709 0.852072 0.0191925 0.0415807 None
0 0.00310964 0.976493 0.00616865 0.0238329 None
0 0.675807 0.815123 0.016193 0.0196679 None
0 0.901291 0.682552 0.00506935 0.016098 None
0 0.974287 0.763636 0.0192217 0.026374 None
0 0.857227 0.831019 0.0121773 0.0269743 None
0 0.917426 0.972877 0.0171276 0.0384138 None
0 0.0940052 0.993728 0.0428834 0.00724826 None
0 0.884219 0.980943 0.0456955 0.0351103 None
0 0.105609 0.983077 0.0572159 0.0290627 None
0 0.849117 0.833378 0.0106243 0.0258399 None
0 0.715237 0.830866 0.0198201 0.0315877 None
0 0.996171 0.81351 0.00725212 0.0157915 None
0 0.457687 0.75697 0.00841866 0.017117 None
0 0.911617 0.67192 0.00551147 0.0129788 None
0 0.577175 0.875619 0.0340551 0.0138248 None
0 0.853322 0.848887 0.0244963 0.00805325 None
0 0.459469 0.755889 0.00501537 0.0154438 None
0 0.271386 0.730206 0.00701284 0.0142365 None
0 0.921457 0.973272 0.0260971 0.0389611 None
0 0.772994 0.813816 0.0213261 0.019279 None
0 0.940172 0.674373 0.00568809 0.0158186 None
0 0.359549 0.894899 0.0144333 0.0331138 None
0 0.508342 0.720765 0.00887528 0.0107941 None
0 0.33232 0.724237 0.012428 0.0138918 None
0 0.100685 0.992459 0.056261 0.0107639 None
0 0.507011 0.720932 0.0126144 0.0120009 None
0 0.577637 0.879022 0.0343906 0.0145715 None
0 0.935671 0.867795 0.0139826 0.0127231 None
0 0.940163 0.677918 0.00534554 0.012433 None
0 0.958958 0.668232 0.00366592 0.0126975 None
0 0.839717 0.835417 0.0340759 0.0332201 None
0 0.349527 0.914228 0.0332479 0.0177226 None
0 0.153445 0.983598 0.0177158 0.0124151 None
0 0.330954 0.724355 0.0190049 0.0143528 None
0 0.91257 0.671765 0.00761147 0.013755 None
0 0.00880565 0.976662 0.0174339 0.0267805 None
0 0.00367727 0.973494 0.00728744 0.0301453 None
0 0.98756 0.733277 0.00813217 0.0301754 None
0 0.81909 0.814398 0.00961227 0.0101118 None
0 0.0517825 0.743053 0.0200983 0.0241706 None
0 0.863381 0.835091 0.0280201 0.0349809 None
0 0.00584001 0.973415 0.0115298 0.0315284 None
0 0.881913 0.985459 0.0420795 0.0281843 None
0 0.334819 0.727285 0.0256304 0.0116872 None
0 0.781339 0.813649 0.0363305 0.0201431 None
0 0.928209 0.681403 0.00682602 0.00884374 None
0 0.66775 0.806814 0.0155703 0.0356571 None
0 0.858669 0.835937 0.0385994 0.0366084 None
0 0.958596 0.666371 0.0039772 0.0143083 None
0 0.990346 0.73356 0.0094368 0.0317103 None
0 0.578061 0.886857 0.0351797 0.008923 None
0 0.980698 0.7573 0.0382214 0.0145135 None
0 0.844426 0.842631 0.0438751 0.0214969 None
0 0.00318466 0.758855 0.00628236 0.00805664 None
0 0.930371 0.731417 0.00972424 0.0345537 None
0 0.955034 0.67523 0.00488052 0.00971765 None
0 0.103231 0.984376 0.0624453 0.0262426 None
0 0.495443 0.862848 0.014953 0.0113844 None
0 0.115224 0.995167 0.0848741 0.00966695 None
0 0.95406 0.660806 0.00478745 0.0109412 None
0 0.0764353 0.753888 0.00563602 0.0103702 None
0 0.339472 0.727583 0.0166826 0.00936957 None
0 0.98854 0.75288 0.0224205 0.0104333 None
0 0.895627 0.972699 0.0198446 0.0304786 None
