0 0.45311 0.833442 0.012355 0.0676412 None
0 0.563504 0.815134 0.0106567 0.0529833 None
0 0.752137 0.78218 0.00739231 0.0502431 None
0 0.718188 0.830225 0.0147244 0.0310048 None
0 0.765481 0.78043 0.00818729 0.0458279 None
0 0.831202 0.834595 0.0184668 0.0336171 None
0 0.692469 0.795093 0.00974941 0.0510963 None
0 0.843669 0.76576 0.00763855 0.0496524 None
0 0.737671 0.785522 0.0103529 0.0463747 None
0 0.805169 0.772651 0.0106506 0.0515127 None
0 0.785155 0.773821 0.00781746 0.0457367 None
0 0.702695 0.79132 0.0111832 0.0470925 None
0 0.796903 0.775637 0.00892448 0.0500727 None
0 0.95351 0.849269 0.0220213 0.0415483 None
0 0.85617 0.830408 0.0141872 0.0329339 None
0 0.776385 0.78725 0.00677681 0.0335744 None
0 0.481974 0.857076 0.0373123 0.0234297 None
0 0.9744 0.763344 0.018449 0.0276694 None
0 0.00706211 0.748655 0.00854969 0.0183821 None
0 0.434064 0.914672 0.0239728 0.0366555 None
0 0.956968 0.848682 0.0153198 0.0401613 None
0 0.287554 0.723805 0.00640588 0.0184326 None
0 0.937833 0.729043 0.00833626 0.0225727 None
0 0.854081 0.83092 0.0198118 0.0338615 None
0 0.674761 0.791774 0.01089 0.0341132 None
0 0.118616 0.983744 0.0372391 0.0258806 None
0 0.198031 0.915285 0.0457692 0.0320933 None
0 0.354947 0.989125 0.0146666 0.021749 None
0 0.675212 0.79954 0.0124849 0.0494015 None
0 0.0643412 0.742021 0.00907829 0.0245768 None
0 0.890503 0.976228 0.057478 0.045381 None
0 0.883898 0.98031 0.0449175 0.0381093 None
0 0.0220671 0.937837 0.0441341 0.0297791 None
0 0.90274 0.973632 0.0337143 0.0408227 None
0 0.134923 0.739513 0.00533052 0.00992669 None
0 0.437504 0.914658 0.0167999 0.0346181 None
0 0.414032 0.780093 0.00923347 0.0180233 None
0 0.31606 0.710055 0.00644898 0.0188121 None
0 0.913987 0.973091 0.0106163 0.0389789 None
0 0.00296476 0.97391 0.00588578 0.0275038 None
0 0.414948 0.762155 0.00661221 0.0127879 None
0 0.0952777 0.994209 0.0458534 0.00813209 None
0 0.577379 0.875724 0.0327028 0.0146303 None
0 0.413688 0.773059 0.0110479 0.0311111 None
0 0.853077 0.84836 0.0245855 0.00955777 None
0 0.275705 0.730507 0.00579276 0.0154555 None
0 0.183159 0.736559 0.0113763 0.00829366 None
0 0.104605 0.993516 0.0654798 0.0089152 None
0 0.540615 0.849052 0.00711079 0.0273234 None
0 0.995806 0.810849 0.00799751 0.02156 None
0 0.920442 0.97368 0.0261944 0.0407164 None
0 0.274441 0.730416 0.00720077 0.0156979 None
0 0.113833 0.98278 0.0284392 0.0223514 None
0 0.00973673 0.757571 0.0193534 0.0100037 None
0 0.0551162 0.741216 0.0107251 0.00934041 None
0 0.916811 0.756204 0.0281326 0.0115631 None
0 0.0045852 0.974198 0.00915753 0.0282254 None
0 0.413054 0.780357 0.013397 0.0175242 None
0 0.775365 0.787027 0.00967226 0.0345066 None
0 0.799643 0.697137 0.00676804 0.0175498 None
0 0.78648 0.776092 0.0106922 0.0485046 None
0 0.495036 0.85705 0.0157938 0.0222907 None
0 0.777478 0.784848 0.0108326 0.0384776 None
0 0.0610826 0.745295 0.0228362 0.0188714 None
0 0.677748 0.811979 0.0167742 0.025255 None
0 0.97226 0.674523 0.00618591 0.0164142 None
0 0.679703 0.815053 0.0135397 0.0195767 None
0 0.898298 0.681599 0.00389996 0.0108702 None
0 0.773247 0.813033 0.0061595 0.0146003 None
0 0.676363 0.815333 0.0154238 0.0199551 None
0 0.183543 0.736229 0.0120816 0.00832418 None
0 0.12477 0.985005 0.0292567 0.0235379 None
0 0.420071 0.762298 0.0177641 0.0128055 None
0 0.955381 0.671911 0.00534477 0.0196274 None
0 0.781606 0.698818 0.00665588 0.0187167 None
0 0.413454 0.777844 0.0150769 0.0222809 None
0 0.375308 0.75849 0.0114678 0.0104314 None
0 0.777819 0.813495 0.0120098 0.01474 None
0 0.109137 0.981594 0.0188485 0.0221129 None
0 0.750726 0.781438 0.0105711 0.0520737 None
0 0.949494 0.858525 0.0142506 0.0243686 None
0 0.769052 0.812872 0.0133286 0.0154248 None
0 0.776413 0.811773 0.0142107 0.0188266 None
0 0.876984 0.682854 0.00720253 0.0146489 None
0 0.909803 0.975809 0.0522129 0.0443563 None
0 0.783014 0.776064 0.0122378 0.0500702 None
0 0.131484 0.984278 0.063147 0.0231176 None
0 0.85201 0.845025 0.0219242 0.0121426 None
0 0.892097 0.978585 0.0476591 0.0378086 None
0 0.981928 0.666264 0.0115639 0.0221949 None
0 0.850589 0.833061 0.0257664 0.0350106 None
0 0.857074 0.847129 0.0327122 0.0142737 None
0 0.947312 0.85979 0.00984764 0.0189351 None
0 0.936179 0.866824 0.0115757 0.0160268 None
0 0.995701 0.805111 0.0081625 0.033076 None
0 0.137629 0.740955 0.0193798 0.0112834 None
0 0.415923 0.760965 0.00785236 0.0133321 None
