0 0.452765 0.833061 0.0129043 0.0676131 39122
0 0.722204 0.789804 0.00989409 0.0435096 39123
0 0.741475 0.784753 0.00873709 0.0454617 39124
0 0.704142 0.790721 0.0101019 0.0482012 39125
0 0.830545 0.834851 0.0175335 0.0335846 39126
0 0.718514 0.829678 0.0144719 0.032321 39127
0 0.691439 0.793936 0.0104354 0.0452118 39128
0 0.822595 0.770939 0.0122002 0.0499766 39129
0 0.755655 0.781328 0.007514 0.0492642 39130
0 0.797983 0.774725 0.00888119 0.0494207 39131
0 0.548135 0.812411 0.0106861 0.0447527 39132
0 0.472542 0.854663 0.0183575 0.0325253 39133
0 0.846799 0.764881 0.010508 0.0483727 39134
0 0.791727 0.776285 0.00741682 0.0467695 39135
0 0.4347 0.914192 0.0222365 0.037361 39136
0 0.953387 0.849623 0.0222881 0.0416268 39137
0 0.814038 0.780834 0.00576286 0.0326346 39138
0 0.523215 0.738297 0.00833874 0.0112718 39139
0 0.855392 0.830447 0.0160702 0.0351695 39140
0 0.115313 0.983222 0.0309505 0.0259771 39141
0 0.974457 0.763565 0.0187469 0.0251467 39142
0 0.00801609 0.751509 0.010847 0.0187225 39143
0 0.276068 0.725943 0.00546088 0.0178267 39144
0 0.319088 0.713713 0.00535698 0.0173347 39145
0 0.84254 0.765313 0.00569611 0.0455783 39146
0 0.957148 0.847688 0.0150749 0.0379513 39147
0 0.883309 0.985414 0.0451078 0.0273346 39148
0 0.198485 0.915938 0.0451067 0.0314938 39149
0 0.355394 0.989256 0.013824 0.0214873 39150
0 0.903409 0.972775 0.0380695 0.0390503 39151
0 0.140432 0.739613 0.00724745 0.00954285 39152
0 0.0220977 0.93828 0.0441955 0.0288801 39153
0 0.891533 0.976257 0.0613882 0.0461012 39154
0 0.851873 0.83183 0.0236252 0.0379513 39155
0 0.435858 0.778398 0.0094511 0.0184658 39156
0 0.0669289 0.73725 0.00637659 0.0150475 39157
0 0.992858 0.744584 0.00976524 0.038877 39158
0 0.00943804 0.761418 0.0182331 0.00704176 39159
0 0.776008 0.697877 0.00665655 0.0154149 39160
0 0.358742 0.754452 0.00623875 0.0152483 39161
0 0.995555 0.813562 0.00847855 0.015962 39162
0 0.910093 0.973602 0.0489792 0.0416645 39163
0 0.0945332 0.993899 0.0445124 0.00857374 39164
0 0.00540133 0.978622 0.0107437 0.0201721 39165
0 0.881843 0.682743 0.00589771 0.0189826 39166
0 0.793021 0.697862 0.00568962 0.0166606 39167
0 0.103328 0.983887 0.059823 0.0274775 39168
0 0.068935 0.743003 0.010244 0.0261097 39169
0 0.0675064 0.74052 0.00767663 0.0220476 39170
0 0.359253 0.755898 0.00778599 0.017238 39171
0 0.0705207 0.745567 0.00726296 0.0205677 39172
0 0.922259 0.973669 0.0262411 0.0413927 39173
0 0.110264 0.980785 0.0209506 0.0226676 39174
0 0.676731 0.815747 0.0167778 0.0192274 39175
0 0.770105 0.812761 0.0156701 0.0163557 39176
0 0.994649 0.744511 0.00984535 0.0390042 39177
0 0.898031 0.683332 0.0034832 0.0133132 39178
0 0.189323 0.735017 0.0121043 0.00976037 39179
0 0.152575 0.739485 0.00745416 0.00789761 39180
0 0.996339 0.744966 0.00670242 0.0390032 39181
0 0.884958 0.979816 0.0486626 0.0386492 39182
0 0.189439 0.73498 0.0117845 0.00959354 39183
0 0.936831 0.727791 0.00724106 0.017667 39184
0 0.145952 0.739841 0.0203801 0.0103658 39185
0 0.576944 0.875969 0.0316616 0.0136536 39186
0 0.12068 0.985265 0.0385783 0.0229448 39187
0 0.902101 0.978389 0.0332634 0.0280806 39188
0 0.576638 0.875559 0.0311457 0.0135484 39189
0 0.982191 0.661815 0.00964737 0.02848 39190
0 0.292686 0.727072 0.00671692 0.00827365 39191
0 0.94885 0.850612 0.0307167 0.0448195 39192
0 0.772743 0.813093 0.0214651 0.0175151 39193
0 0.9232 0.684021 0.00695496 0.0140489 39194
0 0.872226 0.845603 0.0139069 0.0155652 39195
0 0.00910328 0.978187 0.0180695 0.0226417 39196
0 0.982509 0.657578 0.00842667 0.0245343 39197
0 0.391249 0.833497 0.0176423 0.0869141 39198
0 0.948036 0.858317 0.0311867 0.0308962 39199
0 0.949738 0.859908 0.0147121 0.0214359 39200
0 0.587804 0.908036 0.0524614 0.0237596 39201
0 0.126068 0.986272 0.0257375 0.0216871 39202
0 0.967161 0.674605 0.00417786 0.0181135 39203
0 0.973447 0.675198 0.00504417 0.0186374 39204
0 0.0575889 0.751422 0.00700097 0.00721588 39205
0 0.918863 0.980452 0.0312508 0.0267824 39206
0 0.27497 0.726021 0.0071516 0.0178955 39207
0 0.77926 0.816081 0.00831137 0.011074 39208
0 0.995695 0.675583 0.00814266 0.0182917 39209
0 0.994119 0.674631 0.00570965 0.0188541 39210
0 0.409692 0.768171 0.00318089 0.00934075 39211
0 0.00965906 0.752512 0.0154449 0.0212087 39212
0 0.00487615 0.971685 0.00971874 0.0334368 39213
0 0.390811 0.801661 0.0112065 0.0202918 39214
0 0.851864 0.846803 0.0251785 0.0115645 39215
0 0.988875 0.756631 0.00909538 0.0325497 39216
0 0.946305 0.863974 0.0306049 0.0204325 39217
0 0.388939 0.800213 0.0100815 0.0206475 39218
0 0.53027 0.740246 0.0149431 0.00678914 39219
0 0.839818 0.834107 0.0364262 0.0358882 39220
0 0.924868 0.98414 0.0202858 0.0194351 39221
0 0.902228 0.982681 0.0699142 0.0327684 39222
0 0.863283 0.832234 0.0320541 0.0395213 39223
0 0.937143 0.732669 0.00876617 0.0170837 39224
0 0.138678 0.740431 0.0120859 0.0106403 39225
0 0.492026 0.862521 0.0209185 0.0122586 39226
0 0.597299 0.915419 0.0321247 0.00869548 39227
0 0.437654 0.914666 0.0166883 0.0347029 39228
