0 0.241978 0.904583 0.0229004 0.0779097 102659
0 0.453604 0.833472 0.0106028 0.067019 102660
0 0.623585 0.808573 0.00908985 0.0522795 102661
0 0.79657 0.775002 0.0082861 0.0484382 102662
0 0.53889 0.81669 0.013223 0.0608504 102663
0 0.554872 0.819316 0.0105179 0.0481388 102664
0 0.363423 0.848607 0.0137777 0.060051 102665
0 0.831249 0.835163 0.0168839 0.0323361 102666
0 0.70254 0.791899 0.0104155 0.0474057 102667
0 0.741757 0.782907 0.00868568 0.0511542 102668
0 0.843314 0.765665 0.00767899 0.0451964 102669
0 0.496327 0.825229 0.0123606 0.057319 102670
0 0.7326 0.786094 0.00899935 0.0464035 102671
0 0.114425 0.982767 0.0323691 0.0256475 102672
0 0.689063 0.795436 0.0103981 0.0461453 102673
0 0.718407 0.830026 0.0132288 0.0317603 102674
0 0.64095 0.811154 0.00798187 0.034825 102675
0 0.956415 0.847476 0.0163544 0.0339088 102676
0 0.906399 0.972583 0.0405655 0.0391915 102677
0 0.931234 0.727692 0.00756512 0.0219608 102678
0 0.918259 0.749242 0.00784245 0.0362795 102679
0 0.355456 0.98932 0.0140857 0.0213596 102680
0 0.198966 0.916015 0.045891 0.0311625 102681
0 0.475712 0.858199 0.0179276 0.0212941 102682
0 0.0220621 0.938967 0.0441243 0.0292887 102683
0 0.897307 0.683607 0.00740128 0.0147393 102684
0 0.0216402 0.734108 0.0102443 0.0321428 102685
0 0.548713 0.759162 0.00928516 0.0181325 102686
0 0.855139 0.834622 0.0153294 0.0250719 102687
0 0.996178 0.813415 0.00723858 0.0167711 102688
0 0.852174 0.835122 0.0227209 0.028027 102689
0 0.883747 0.980275 0.0450157 0.0378174 102690
0 0.715635 0.830158 0.0186642 0.0331529 102691
0 0.462991 0.758886 0.010572 0.0155997 102692
0 0.946946 0.849889 0.0341869 0.0383241 102693
0 0.966244 0.739406 0.00790977 0.0343998 102694
0 0.63569 0.811248 0.0181813 0.0355774 102695
0 0.287703 0.735174 0.00676975 0.0160536 102696
0 0.893742 0.975169 0.0646374 0.0448561 102697
0 0.871873 0.69444 0.00734329 0.012758 102698
0 0.678083 0.815519 0.0153811 0.018001 102699
0 0.917692 0.972189 0.016888 0.0379581 102700
0 0.974389 0.767395 0.0191944 0.0187798 102701
0 0.484605 0.858343 0.0353393 0.0218604 102702
0 0.391512 0.82835 0.0182501 0.0785661 102703
0 0.0961269 0.994526 0.0497906 0.00830299 102704
0 0.715036 0.789945 0.0239104 0.0162543 102705
0 0.967688 0.741553 0.0102032 0.0392415 102706
0 0.548255 0.760829 0.011898 0.0209337 102707
0 0.769798 0.813215 0.0146758 0.0151004 102708
0 0.00223364 0.976226 0.00442383 0.0231393 102709
0 0.773379 0.813701 0.0211529 0.0158544 102710
0 0.974805 0.771301 0.0182762 0.0113507 102711
0 0.00556743 0.97603 0.0111222 0.0257685 102712
0 0.686828 0.783217 0.00633125 0.0236328 102713
0 0.861975 0.83653 0.0359638 0.0319451 102714
0 0.0994226 0.983419 0.0618342 0.0264937 102715
0 0.844004 0.8358 0.0416248 0.0328391 102716
0 0.993018 0.670052 0.0063551 0.0235276 102717
0 0.960643 0.669953 0.00372505 0.0129159 102718
0 0.878231 0.984763 0.034132 0.0293677 102719
0 0.994754 0.669695 0.00910492 0.0241767 102720
0 0.89552 0.973295 0.0190935 0.0252068 102721
0 0.587892 0.912191 0.0534688 0.014288 102722
0 0.712793 0.832349 0.0237402 0.0317881 102723
0 0.576718 0.875146 0.0335634 0.0134372 102724
0 0.940865 0.675049 0.00701561 0.0174839 102725
0 0.870542 0.692495 0.0100857 0.0169802 102726
0 0.479966 0.858048 0.022716 0.0214956 102727
0 0.897457 0.686683 0.00804901 0.0206733 102728
0 0.996338 0.665312 0.00635757 0.0207367 102729
0 0.969865 0.750173 0.0126831 0.0224809 102730
0 0.946421 0.859106 0.0346609 0.0279858 102731
0 0.92227 0.973323 0.0273857 0.040675 102732
0 0.984326 0.654227 0.00615921 0.0187615 102733
0 0.856785 0.836234 0.0462784 0.035444 102734
0 0.363794 0.838333 0.0129091 0.041027 102735
0 0.0244894 0.752906 0.0264091 0.0176402 102736
0 0.973102 0.763793 0.0172089 0.0260902 102737
0 0.873368 0.693492 0.0153704 0.0155943 102738
0 0.994794 0.813607 0.0100369 0.0174032 102739
0 0.950121 0.866715 0.0425297 0.0152044 102740
0 0.577356 0.875583 0.03349 0.0133013 102741
0 0.859705 0.842843 0.0410049 0.0221015 102742
0 0.591904 0.913947 0.0438658 0.0104336 102743
0 0.357554 0.838629 0.00576921 0.0325911 102744
0 0.923207 0.677753 0.00517235 0.0230835 102745
0 0.270868 0.768251 0.0212666 0.00999586 102746
0 0.00301726 0.972961 0.00597849 0.0300988 102747
0 0.872598 0.845558 0.0145813 0.0149926 102748
0 0.00185557 0.7382 0.00362415 0.00878771 102749
0 0.547326 0.764306 0.0152947 0.020163 102750
0 0.708325 0.831906 0.0342207 0.0336429 102751
0 0.00974849 0.976162 0.0193193 0.029382 102752
0 0.358884 0.836703 0.00783367 0.0391537 102753
0 0.956048 0.861169 0.0290918 0.0140961 102754
0 0.605493 0.808269 0.0295359 0.0098721 102755
0 0.922176 0.670366 0.00661221 0.0116316 102756
