0 0.353308 0.847838 0.0145127 0.0629768 105502
0 0.842807 0.765617 0.00867939 0.0450614 105503
0 0.523194 0.818068 0.0104393 0.0590963 105504
0 0.453904 0.835316 0.0114561 0.0637577 105505
0 0.79668 0.774861 0.00810185 0.0477281 105506
0 0.702105 0.792711 0.0105888 0.0458584 105507
0 0.480285 0.829128 0.0121934 0.0571209 105508
0 0.55509 0.817974 0.0107075 0.0485406 105509
0 0.200119 0.915076 0.0488896 0.0301078 105510
0 0.614319 0.808022 0.0082798 0.045772 105511
0 0.831306 0.834934 0.0168011 0.0327855 105512
0 0.208674 0.907481 0.0169621 0.0849314 105513
0 0.743105 0.782964 0.00807781 0.0492978 105514
0 0.733438 0.785942 0.00963841 0.0457901 105515
0 0.688795 0.795606 0.0100714 0.0466112 105516
0 0.62877 0.813644 0.00893517 0.0349608 105517
0 0.114409 0.982846 0.032085 0.0255337 105518
0 0.0221214 0.938434 0.0441452 0.028408 105519
0 0.718506 0.830213 0.0133335 0.0315087 105520
0 0.956089 0.849391 0.016917 0.0378296 105521
0 0.916877 0.752065 0.00780811 0.039741 105522
0 0.928472 0.72883 0.00647278 0.0268734 105523
0 0.90323 0.972713 0.0347763 0.038737 105524
0 0.355421 0.989352 0.0139555 0.0212955 105525
0 0.391207 0.825244 0.0171189 0.0708944 105526
0 0.475488 0.856744 0.0172701 0.0251546 105527
0 0.955612 0.735212 0.00738182 0.0241121 105528
0 0.853881 0.835437 0.0206329 0.0257161 105529
0 0.89679 0.684997 0.00644989 0.0181157 105530
0 0.855059 0.834713 0.015099 0.024932 105531
0 0.334777 0.773403 0.0110416 0.0158118 105532
0 0.946905 0.851296 0.035413 0.0415465 105533
0 0.910579 0.973527 0.0485149 0.0400226 105534
0 0.996195 0.813412 0.00720596 0.016708 105535
0 0.715134 0.830735 0.0208132 0.0326004 105536
0 0.884039 0.980058 0.045623 0.0382073 105537
0 0.229145 0.722258 0.00897303 0.013873 105538
0 0.0693675 0.744544 0.0114606 0.0308679 105539
0 0.933985 0.747338 0.00759277 0.0302121 105540
0 0.877667 0.696776 0.00641594 0.0190182 105541
0 0.00226466 0.976523 0.00448528 0.0241945 105542
0 0.89149 0.975369 0.0602688 0.0447266 105543
0 0.578414 0.764457 0.00988674 0.0163818 105544
0 0.191242 0.91446 0.031075 0.0287513 105545
0 0.467301 0.759327 0.0095108 0.0161611 105546
0 0.0669278 0.743131 0.0099785 0.027381 105547
0 0.972432 0.762126 0.0137474 0.0266173 105548
0 0.096791 0.994557 0.0506684 0.00810411 105549
0 0.993804 0.73192 0.00943604 0.0263043 105550
0 0.94185 0.675394 0.00629177 0.0174788 105551
0 0.676132 0.815327 0.0166639 0.0192895 105552
0 0.918292 0.972363 0.0192188 0.0384072 105553
0 0.484926 0.857555 0.0353883 0.0229987 105554
0 0.922172 0.973521 0.0274769 0.040762 105555
0 0.769832 0.81316 0.0149786 0.0151801 105556
0 0.973811 0.753223 0.0081871 0.0102987 105557
0 0.914272 0.971904 0.0101547 0.0370419 105558
0 0.286712 0.733956 0.00781813 0.0162876 105559
0 0.493884 0.862669 0.0179786 0.0113359 105560
0 0.974384 0.768964 0.0190041 0.0156291 105561
0 0.937131 0.859938 0.0174099 0.0264282 105562
0 0.587974 0.912385 0.0536734 0.0139855 105563
0 0.577473 0.875572 0.0331797 0.0132501 105564
0 0.0996731 0.984496 0.0624285 0.0275596 105565
0 0.843595 0.835633 0.041544 0.0333137 105566
0 0.688064 0.786056 0.00912228 0.029464 105567
0 0.62655 0.813658 0.0132204 0.0369973 105568
0 0.521691 0.721806 0.0143154 0.0115957 105569
0 0.00438183 0.74743 0.00613243 0.0112139 105570
0 0.861807 0.836397 0.03633 0.032153 105571
0 0.577033 0.875201 0.0331472 0.0131772 105572
0 0.77689 0.814129 0.0139429 0.0147834 105573
0 0.190248 0.994025 0.0114323 0.0118932 105574
0 0.923925 0.669759 0.00705605 0.0144179 105575
0 0.00440438 0.975053 0.00879979 0.0286702 105576
0 0.573692 0.773103 0.0194128 0.0112003 105577
0 0.0610199 0.762117 0.0467379 0.0121704 105578
0 0.773123 0.813104 0.0220959 0.0169944 105579
0 0.87787 0.984941 0.0333786 0.0289769 105580
0 0.956184 0.738177 0.00869274 0.0304833 105581
0 0.994795 0.813591 0.0100346 0.0173679 105582
0 0.591238 0.914036 0.0453051 0.0103516 105583
0 0.943087 0.674625 0.00476589 0.0199022 105584
0 0.973173 0.674071 0.00688076 0.0138376 105585
0 0.996439 0.673079 0.00625687 0.0158401 105586
0 0.975034 0.771839 0.0180271 0.0104765 105587
0 0.209261 0.919713 0.0315406 0.0283088 105588
0 0.00602139 0.976141 0.0119655 0.0296675 105589
0 0.872638 0.845583 0.0146313 0.0150628 105590
0 0.521509 0.723206 0.0146605 0.0109897 105591
0 0.00249982 0.95713 0.00494713 0.062656 105592
0 0.711949 0.832386 0.0267544 0.0318502 105593
0 0.895899 0.9736 0.0199982 0.0265179 105594
0 0.397355 0.848923 0.049118 0.0189134 105595
0 0.589151 0.909757 0.0563169 0.019633 105596
0 0.931726 0.73866 0.00850372 0.0346839 105597
0 0.854987 0.836218 0.0498188 0.0360236 105598
0 0.923243 0.676817 0.00624962 0.0205697 105599
0 0.207862 0.883317 0.0144518 0.0365899 105600
0 0.0454705 0.741814 0.00530161 0.01087 105601
0 0.101027 0.991317 0.0592841 0.0125431 105602
0 0.852668 0.848483 0.0262875 0.0104326 105603
0 0.284328 0.735317 0.0136169 0.0166482 105604
0 0.947816 0.859318 0.0390625 0.0314063 105605
0 0.931038 0.762029 0.0200844 0.0105435 105606
0 0.210973 0.920718 0.0222269 0.0270011 105607
0 0.577884 0.881504 0.0337037 0.0083864 105608
