0 0.644273 0.798742 0.0119018 0.0567946 84286
0 0.436528 0.893789 0.016679 0.080677 84287
0 0.39104 0.817123 0.01826 0.0555583 84288
0 0.601359 0.808368 0.0135901 0.0561113 84289
0 0.842806 0.766841 0.00891914 0.0479167 84290
0 0.728181 0.786415 0.00860119 0.050276 84291
0 0.718363 0.830289 0.0141551 0.0315087 84292
0 0.555087 0.818118 0.010964 0.0492722 84293
0 0.79643 0.776029 0.00843887 0.0489512 84294
0 0.452203 0.834184 0.011125 0.0667172 84295
0 0.831174 0.835267 0.0188869 0.0327115 84296
0 0.460422 0.830637 0.0101463 0.0576318 84297
0 0.114368 0.983341 0.0331973 0.0274385 84298
0 0.701302 0.794002 0.0130974 0.0481306 84299
0 0.688324 0.795132 0.00910015 0.0446418 84300
0 0.678956 0.792143 0.00863304 0.0367282 84301
0 0.0172518 0.753049 0.00927815 0.0196072 84302
0 0.856442 0.829931 0.0139418 0.0329464 84303
0 0.483625 0.85829 0.0375926 0.0224882 84304
0 0.198254 0.916412 0.0450781 0.0311391 84305
0 0.00602353 0.977703 0.0119846 0.0208438 84306
0 0.883736 0.979418 0.0455093 0.0395616 84307
0 0.93827 0.725873 0.00733261 0.0184567 84308
0 0.956416 0.848683 0.0168324 0.036607 84309
0 0.960432 0.747694 0.00719662 0.0337501 84310
0 0.95285 0.850089 0.0236477 0.0391688 84311
0 0.474833 0.858144 0.0199691 0.021874 84312
0 0.354955 0.989185 0.0150204 0.02163 84313
0 0.698714 0.793941 0.00860119 0.0471954 84314
0 0.0607636 0.741793 0.00539718 0.0198005 84315
0 0.361488 0.776116 0.00927491 0.0161791 84316
0 0.853023 0.830498 0.0211304 0.0354553 84317
0 0.0220615 0.938779 0.0441231 0.0308728 84318
0 0.974133 0.762384 0.0188847 0.0275736 84319
0 0.693771 0.79497 0.00751247 0.0458084 84320
0 0.921227 0.972844 0.0265013 0.0417937 84321
0 0.853193 0.848374 0.0248905 0.00901862 84322
0 0.894279 0.97523 0.0659338 0.0466421 84323
0 0.102245 0.983625 0.0577031 0.0279215 84324
0 0.907099 0.972856 0.0441072 0.0422409 84325
0 0.293898 0.72546 0.0118656 0.0114639 84326
0 0.0625778 0.743006 0.00928561 0.0225345 84327
0 0.692239 0.794695 0.0101568 0.0464647 84328
0 0.773231 0.813731 0.0214483 0.0174778 84329
0 0.99588 0.813503 0.0078289 0.0159631 84330
0 0.0986141 0.994217 0.0535031 0.00851084 84331
0 0.677168 0.815102 0.0200951 0.019536 84332
0 0.946819 0.852168 0.0355618 0.0430172 84333
0 0.57802 0.875248 0.0340688 0.0151215 84334
0 0.917146 0.972333 0.0158623 0.0410716 84335
0 0.322152 0.715085 0.0145023 0.0158573 84336
0 0.0086681 0.977846 0.0172855 0.0218191 84337
0 0.852976 0.696716 0.00520039 0.0195468 84338
0 0.276241 0.725913 0.00430679 0.0148716 84339
0 0.973707 0.754924 0.0064949 0.0140215 84340
0 0.577921 0.875035 0.0336149 0.0147395 84341
0 0.769597 0.813285 0.0138736 0.017121 84342
0 0.295341 0.727025 0.0149982 0.00853034 84343
0 0.972816 0.672496 0.00579376 0.017118 84344
0 0.323673 0.716248 0.011948 0.012993 84345
0 0.39605 0.837273 0.031528 0.0177934 84346
0 0.852674 0.845276 0.0226261 0.0113329 84347
0 0.778958 0.816366 0.0100067 0.0133113 84348
0 0.853232 0.842934 0.023296 0.0129232 84349
0 0.064884 0.749082 0.00991027 0.0101922 84350
0 0.0643709 0.741958 0.0130308 0.0224789 84351
0 0.441015 0.761156 0.0211583 0.0141529 84352
0 0.961964 0.748145 0.0100319 0.0349425 84353
0 0.676005 0.812118 0.0174514 0.0261826 84354
0 0.937911 0.863562 0.0186104 0.0216259 84355
0 0.827036 0.83548 0.0114334 0.0310984 84356
0 0.58545 0.913887 0.0478485 0.0115009 84357
0 0.944202 0.861723 0.0310192 0.0248328 84358
0 0.456767 0.833592 0.0155408 0.0641812 84359
0 0.67616 0.799162 0.0150852 0.0508755 84360
0 0.948574 0.863713 0.0398113 0.0232459 84361
0 0.768626 0.814001 0.0233027 0.0183275 84362
0 0.882973 0.985181 0.0442139 0.0288283 84363
0 0.858961 0.847167 0.0365683 0.0128876 84364
0 0.0226532 0.760513 0.0232711 0.00839979 84365
0 0.960648 0.7505 0.00908279 0.0406433 84366
0 0.593591 0.913418 0.0628919 0.0123867 84367
0 0.271667 0.728149 0.0126468 0.0159222 84368
0 0.293801 0.723346 0.012449 0.0149177 84369
0 0.832237 0.69667 0.00719185 0.0152175 84370
0 0.271407 0.73272 0.0124478 0.00971035 84371
0 0.294404 0.724539 0.0166776 0.0128582 84372
0 0.489786 0.724139 0.0096592 0.00917189 84373
0 0.774708 0.813503 0.0300568 0.0191513 84374
0 0.603685 0.913848 0.042758 0.0113444 84375
0 0.130224 0.983004 0.0645436 0.026218 84376
0 0.872562 0.845752 0.0147785 0.0147505 84377
0 0.95767 0.865732 0.0600636 0.0173174 84378
0 0.706164 0.842712 0.0112028 0.00916053 84379
0 0.674838 0.81356 0.0230108 0.0246862 84380
0 0.715246 0.83294 0.0202667 0.027653 84381
0 0.943988 0.860286 0.0307125 0.0272149 84382
0 0.995739 0.802719 0.00807762 0.0382 84383
0 0.676992 0.800702 0.0207621 0.0499322 84384
0 0.541125 0.848081 0.00779305 0.0292731 84385
0 0.777612 0.83149 0.138712 0.0395238 84386
