0 0.452989 0.833991 0.0126125 0.0676342 5625
0 0.481631 0.831629 0.0145157 0.0644967 5626
0 0.787945 0.77681 0.0104914 0.0466185 5627
0 0.696995 0.793458 0.00878487 0.0493135 5628
0 0.808352 0.774669 0.0081852 0.0439636 5629
0 0.772458 0.77946 0.00974131 0.0471931 5630
0 0.953511 0.849579 0.0223583 0.0415256 5631
0 0.842767 0.766 0.00975838 0.0462743 5632
0 0.834238 0.769007 0.00840607 0.0410097 5633
0 0.177855 0.875534 0.0137383 0.0515211 5634
0 0.858362 0.762977 0.00737801 0.0396583 5635
0 0.425407 0.915887 0.023123 0.0386007 5636
0 0.986216 0.735369 0.0103966 0.0440464 5637
0 0.765251 0.697571 0.00584183 0.0171351 5638
0 0.717275 0.830438 0.0148409 0.0311235 5639
0 0.830229 0.834372 0.0180046 0.0327479 5640
0 0.681308 0.790707 0.0109955 0.035711 5641
0 0.784678 0.698365 0.00609093 0.0184032 5642
0 0.855423 0.831338 0.0167841 0.0334412 5643
0 0.931509 0.751994 0.00888863 0.0369758 5644
0 0.906942 0.973266 0.0430941 0.0398437 5645
0 0.498792 0.808398 0.0103427 0.0385237 5646
0 0.115344 0.984339 0.0309861 0.0225989 5647
0 0.354909 0.989223 0.0149005 0.0215549 5648
0 0.964868 0.739146 0.00955391 0.039731 5649
0 0.883406 0.980827 0.0450871 0.0364024 5650
0 0.894871 0.976188 0.0677479 0.0448459 5651
0 0.995623 0.813715 0.00833302 0.0184414 5652
0 0.0060593 0.981515 0.0120471 0.0139911 5653
0 0.911559 0.743377 0.00818329 0.0220554 5654
0 0.198877 0.915985 0.0466089 0.0316539 5655
0 0.008584 0.750119 0.00783985 0.0177833 5656
0 0.973416 0.763421 0.0192505 0.0280477 5657
0 0.108061 0.984886 0.0475363 0.0246541 5658
0 0.0952649 0.994245 0.0455589 0.00816803 5659
0 0.921579 0.973674 0.0262135 0.0407881 5660
0 0.540581 0.849278 0.00691462 0.0260064 5661
0 0.328937 0.714001 0.00533133 0.0191082 5662
0 0.0220389 0.939109 0.0440779 0.0294535 5663
0 0.962737 0.740624 0.00931301 0.0393412 5664
0 0.913823 0.74374 0.0125511 0.0227314 5665
0 0.4873 0.767209 0.00646305 0.0135847 5666
0 0.880613 0.763764 0.00536613 0.0243629 5667
0 0.00649795 0.751905 0.0129227 0.0161106 5668
0 0.0584417 0.75125 0.00531702 0.00906338 5669
0 0.961813 0.743333 0.00774803 0.0301393 5670
0 0.102393 0.991018 0.059427 0.0136993 5671
0 0.918133 0.972794 0.0182533 0.0398429 5672
0 0.577653 0.875853 0.0327041 0.0144704 5673
0 0.948083 0.851463 0.0326599 0.0445304 5674
0 0.986372 0.673471 0.00744019 0.0175407 5675
0 0.853212 0.833319 0.0239563 0.0374815 5676
0 0.837835 0.835 0.032925 0.0344428 5677
0 0.984015 0.662174 0.0079649 0.0386807 5678
0 0.713223 0.831338 0.0231973 0.0324775 5679
0 0.676295 0.815199 0.0197657 0.0224755 5680
0 0.112782 0.981604 0.0273281 0.0227153 5681
0 0.978594 0.648878 0.0044405 0.0144621 5682
0 0.97243 0.762107 0.0108152 0.0260206 5683
0 0.959203 0.849147 0.0113022 0.0354641 5684
0 0.936593 0.724745 0.00751266 0.0199019 5685
0 0.982886 0.654076 0.00592041 0.0237715 5686
0 0.810327 0.774086 0.011973 0.0448334 5687
0 0.875239 0.679124 0.00738716 0.0209045 5688
0 0.301476 0.754477 0.00801735 0.0175744 5689
0 0.77015 0.779274 0.0111242 0.0472124 5690
0 0.512418 0.774883 0.0110559 0.0162374 5691
0 0.510786 0.776661 0.00809956 0.0194572 5692
0 0.125478 0.986035 0.02676 0.0209964 5693
0 0.00614726 0.978617 0.0121877 0.0191834 5694
0 0.48729 0.770702 0.00840788 0.0211251 5695
0 0.8415 0.834648 0.0448267 0.0362668 5696
0 0.0818396 0.752616 0.014208 0.0100752 5697
0 0.91612 0.744492 0.0171906 0.0226976 5698
0 0.577598 0.875436 0.0325353 0.0140064 5699
0 0.0788736 0.751943 0.0188503 0.0118523 5700
0 0.907308 0.975936 0.0558533 0.0430859 5701
0 0.00834657 0.762488 0.016618 0.00879991 5702
0 0.951797 0.863548 0.0262173 0.0179118 5703
0 0.305228 0.755364 0.00900593 0.0156284 5704
0 0.584846 0.914454 0.0459331 0.0139275 5705
0 0.677146 0.798851 0.0199253 0.0535855 5706
0 0.995321 0.808425 0.00888348 0.0297685 5707
0 0.306695 0.754589 0.00654287 0.0131085 5708
0 0.879979 0.985933 0.0386913 0.0271342 5709
0 0.098156 0.987019 0.0510934 0.019892 5710
0 0.00649589 0.748137 0.0128605 0.022251 5711
0 0.935792 0.867 0.0112707 0.0146462 5712
0 0.293412 0.734139 0.00757437 0.00834995 5713
0 0.770982 0.81292 0.0160477 0.0163289 5714
0 0.779342 0.81652 0.00835571 0.0109127 5715
0 0.974597 0.69105 0.0399212 0.0162828 5716
0 0.949144 0.866353 0.0381077 0.0156825 5717
0 0.898128 0.975333 0.025123 0.0313946 5718
0 0.881618 0.765974 0.00726051 0.0296098 5719
0 0.301052 0.755676 0.0119828 0.0191015 5720
0 0.773464 0.813062 0.0217184 0.0176802 5721
0 0.851959 0.843211 0.0227432 0.0179064 5722
