0 0.45263 0.833481 0.0125099 0.0678792 None
0 0.47372 0.85199 0.019874 0.035611 None
0 0.830556 0.83485 0.0176933 0.0336216 None
0 0.814425 0.771117 0.0116999 0.0493927 None
0 0.755782 0.781206 0.00717945 0.0496324 None
0 0.718575 0.830158 0.0144529 0.0315823 None
0 0.831743 0.768289 0.0105968 0.0516408 None
0 0.953373 0.850096 0.0223923 0.0430491 None
0 0.843135 0.766577 0.00803585 0.0471846 None
0 0.695076 0.794355 0.00924759 0.0442501 None
0 0.737741 0.785861 0.00961742 0.0471624 None
0 0.705408 0.794511 0.0107961 0.0406386 None
0 0.781591 0.777999 0.00819111 0.0448266 None
0 0.797036 0.774909 0.00824261 0.0504247 None
0 0.4348 0.914136 0.0222977 0.0376799 None
0 0.855864 0.831666 0.0156933 0.0326914 None
0 0.555982 0.814967 0.0110035 0.0441193 None
0 0.0663372 0.741873 0.00925496 0.0316403 None
0 0.115504 0.98318 0.0312634 0.0259589 None
0 0.425229 0.780218 0.00873041 0.0191969 None
0 0.355392 0.989262 0.0138621 0.0214767 None
0 0.199022 0.916103 0.0449119 0.0307505 None
0 0.883206 0.985348 0.0446203 0.0271118 None
0 0.0222139 0.938121 0.0443775 0.0298275 None
0 0.909368 0.973367 0.0498743 0.0410261 None
0 0.0659129 0.733466 0.00686693 0.0151588 None
0 0.890531 0.976634 0.0592934 0.0447476 None
0 0.318448 0.713585 0.0057106 0.0179594 None
0 0.974343 0.763939 0.0192581 0.0247587 None
0 0.796558 0.697593 0.0041893 0.0149246 None
0 0.676701 0.815516 0.0174212 0.0195097 None
0 0.902065 0.97279 0.0355455 0.0385702 None
0 0.995574 0.813554 0.00844193 0.0160027 None
0 0.00548183 0.978152 0.0109229 0.0212031 None
0 0.276457 0.73033 0.00541263 0.0158544 None
0 0.066908 0.748288 0.00848025 0.0195713 None
0 0.0941555 0.993952 0.0436022 0.00852271 None
0 0.11977 0.984761 0.0402777 0.0244051 None
0 0.852747 0.832904 0.0225472 0.0357239 None
0 0.185725 0.734189 0.012603 0.00943061 None
0 0.941519 0.725101 0.0057209 0.0179967 None
0 0.961781 0.6764 0.00470276 0.0146804 None
0 0.00557652 0.752844 0.0109986 0.0205777 None
0 0.778219 0.6982 0.00623455 0.016942 None
0 0.367573 0.756524 0.0103217 0.011795 None
0 0.973738 0.673211 0.00538063 0.0207472 None
0 0.919261 0.973767 0.0320744 0.0415295 None
0 0.408341 0.765166 0.00434437 0.00910136 None
0 0.110836 0.98117 0.0219906 0.0231283 None
0 0.982175 0.661078 0.00952492 0.0251772 None
0 0.527585 0.735946 0.0158939 0.0103672 None
0 0.801725 0.782326 0.00479069 0.0262872 None
0 0.138928 0.740795 0.0186304 0.0117562 None
0 0.951914 0.659564 0.00372505 0.0138531 None
0 0.980068 0.662635 0.00568733 0.0228855 None
0 0.900667 0.977638 0.0354855 0.0293925 None
0 0.00913103 0.978258 0.0181666 0.0227848 None
0 0.286879 0.725844 0.00872345 0.0124664 None
0 0.577217 0.876032 0.0321196 0.0136585 None
0 0.576873 0.875672 0.031637 0.0134766 None
0 0.769939 0.812843 0.0151634 0.015842 None
0 0.104187 0.985983 0.0632625 0.0236471 None
0 0.187798 0.734678 0.0172697 0.0101266 None
0 0.959217 0.850578 0.0111052 0.0403507 None
0 0.982826 0.657463 0.00855999 0.0246304 None
0 0.0549715 0.755476 0.0117773 0.00547757 None
0 0.98234 0.66555 0.0107311 0.0343545 None
0 0.872253 0.845678 0.0139149 0.0155301 None
0 0.126074 0.98606 0.026453 0.0220776 None
0 0.799922 0.780069 0.008146 0.0378065 None
0 0.287204 0.724045 0.0112615 0.0107876 None
0 0.587491 0.908295 0.0519396 0.0235748 None
0 0.274218 0.730926 0.00992594 0.0170881 None
0 0.863216 0.833876 0.0323727 0.036535 None
0 0.922238 0.979407 0.025835 0.0286126 None
0 0.772862 0.812882 0.021639 0.0171278 None
0 0.927503 0.680993 0.005233 0.0107964 None
0 0.903879 0.980538 0.0293823 0.0248691 None
0 0.936358 0.867202 0.0120287 0.0148495 None
0 0.973939 0.665439 0.0065609 0.0363903 None
0 0.42623 0.780427 0.0122175 0.019868 None
0 0.779278 0.815085 0.00830383 0.0123286 None
0 0.739281 0.784574 0.0104616 0.0476949 None
0 0.597259 0.915411 0.0323679 0.00878025 None
0 0.288169 0.728423 0.0204414 0.0100783 None
0 0.0675075 0.758442 0.0332613 0.0100637 None
0 0.901757 0.682206 0.00369587 0.0131862 None
0 0.4227 0.780585 0.0148949 0.0193634 None
0 0.188093 0.734563 0.0173932 0.0103414 None
0 0.972694 0.653003 0.00520096 0.0131911 None
0 0.065588 0.742183 0.0144377 0.0332404 None
0 0.947688 0.859545 0.010849 0.0194858 None
0 0.918051 0.981098 0.023959 0.0244792 None
0 0.983466 0.669152 0.00993195 0.0283691 None
0 0.105292 0.984758 0.0656743 0.0261139 None
0 0.94341 0.865673 0.0253922 0.0168686 None
0 0.391248 0.818389 0.0178152 0.0570882 None
0 0.924832 0.982665 0.0201952 0.0225413 None
0 0.273836 0.735937 0.0102585 0.0081743 None
0 0.587901 0.908253 0.051495 0.023681 None
0 0.902842 0.982855 0.0690678 0.0320326 None
0 0.943615 0.865615 0.023383 0.0145652 None
