0 0.452675 0.833444 0.0124367 0.0680749 50678
0 0.563034 0.815105 0.0114653 0.0530568 50679
0 0.751699 0.78216 0.0078558 0.0502563 50680
0 0.718181 0.830092 0.0146675 0.0312402 50681
0 0.764603 0.780195 0.00886602 0.0458215 50682
0 0.843557 0.765776 0.00792694 0.0497204 50683
0 0.831207 0.834544 0.0185116 0.0336936 50684
0 0.692268 0.795079 0.00983334 0.0503086 50685
0 0.782999 0.775136 0.00849266 0.0488575 50686
0 0.803999 0.77261 0.010585 0.0528364 50687
0 0.672891 0.794338 0.00970154 0.0384611 50688
0 0.797028 0.775385 0.00732641 0.0484863 50689
0 0.953483 0.849294 0.0220587 0.0416389 50690
0 0.703047 0.794167 0.0107651 0.0423974 50691
0 0.737227 0.78544 0.00975208 0.0462253 50692
0 0.856169 0.830507 0.0143406 0.0327201 50693
0 0.287682 0.723889 0.00643811 0.0191223 50694
0 0.484716 0.858091 0.0339703 0.0216187 50695
0 0.315892 0.709858 0.00625525 0.0187344 50696
0 0.00712208 0.749866 0.0078036 0.0170631 50697
0 0.773432 0.786636 0.00968914 0.0322279 50698
0 0.937854 0.728986 0.00800705 0.0225171 50699
0 0.956845 0.848809 0.0155289 0.0405179 50700
0 0.434043 0.914679 0.0240793 0.0365777 50701
0 0.198153 0.915712 0.0462952 0.0319041 50702
0 0.118452 0.983737 0.0369045 0.0258601 50703
0 0.853752 0.831082 0.0206993 0.0338687 50704
0 0.354941 0.989137 0.0146703 0.0217262 50705
0 0.0220801 0.938408 0.0441602 0.0286411 50706
0 0.54056 0.849351 0.0071701 0.0266992 50707
0 0.919471 0.756226 0.0262001 0.0115163 50708
0 0.890657 0.97623 0.057674 0.0452576 50709
0 0.413549 0.773131 0.0101166 0.0303945 50710
0 0.974432 0.763869 0.0193268 0.0267648 50711
0 0.88392 0.980299 0.0449352 0.0381426 50712
0 0.0653496 0.743088 0.00918477 0.0207926 50713
0 0.134792 0.740146 0.00481467 0.0093394 50714
0 0.902733 0.973673 0.0336891 0.040901 50715
0 0.673091 0.799848 0.0103331 0.0517609 50716
0 0.274545 0.729616 0.00650191 0.0158798 50717
0 0.577354 0.875697 0.0325613 0.0145952 50718
0 0.0952432 0.994205 0.0457402 0.00811835 50719
0 0.914011 0.973092 0.0105663 0.0389849 50720
0 0.41345 0.780604 0.0101379 0.0171583 50721
0 0.853076 0.848386 0.0246014 0.00947842 50722
0 0.678365 0.815719 0.0120537 0.0185004 50723
0 0.995911 0.811646 0.00776558 0.0198161 50724
0 0.41358 0.76727 0.00799322 0.0203717 50725
0 0.00563168 0.750755 0.0110452 0.0178765 50726
0 0.0029389 0.970408 0.00581964 0.0345066 50727
0 0.0617175 0.744899 0.0238512 0.0170868 50728
0 0.104144 0.993643 0.0644662 0.00868462 50729
0 0.0562917 0.742324 0.0128966 0.0124966 50730
0 0.114499 0.982842 0.0297373 0.0224718 50731
0 0.182752 0.736754 0.0106541 0.00791168 50732
0 0.066223 0.744871 0.00726461 0.0177728 50733
0 0.971752 0.674058 0.00691376 0.0173413 50734
0 0.908142 0.973116 0.0227905 0.0393473 50735
0 0.920453 0.973676 0.0261299 0.0407152 50736
0 0.414057 0.765328 0.0066925 0.015409 50737
0 0.799833 0.698452 0.00788708 0.0154505 50738
0 0.00418832 0.969743 0.00833706 0.0372077 50739
0 0.675191 0.799834 0.0139574 0.0492048 50740
0 0.73956 0.785258 0.0102283 0.0461917 50741
0 0.0588505 0.74097 0.0161775 0.0221185 50742
0 0.522074 0.73449 0.0157276 0.0102963 50743
0 0.926966 0.681013 0.00396309 0.0101108 50744
0 0.00583422 0.970778 0.0116052 0.0359589 50745
0 0.773202 0.813028 0.00633688 0.0148515 50746
0 0.781962 0.699051 0.00658188 0.0169644 50747
0 0.182767 0.736418 0.0104738 0.00787625 50748
0 0.305167 0.714876 0.0223844 0.00925785 50749
0 0.495444 0.857823 0.0145679 0.0204512 50750
0 0.00299291 0.961816 0.00597565 0.0521359 50751
0 0.769232 0.812935 0.013513 0.0155128 50752
0 0.124422 0.984978 0.0299274 0.0236023 50753
0 0.975348 0.771644 0.0202389 0.0114519 50754
0 0.876961 0.682803 0.00753136 0.0145746 50755
0 0.109173 0.981619 0.0189029 0.0221459 50756
0 0.852031 0.845176 0.0220097 0.0120734 50757
0 0.779408 0.814998 0.00851707 0.0115211 50758
0 0.774166 0.812589 0.0193676 0.0168376 50759
0 0.131473 0.984367 0.063147 0.0229655 50760
0 0.376551 0.758357 0.0115739 0.0122972 50761
0 0.18647 0.737168 0.0186264 0.00806444 50762
0 0.909576 0.975841 0.0526485 0.0444146 50763
0 0.138314 0.74102 0.0182374 0.011017 50764
0 0.856346 0.847194 0.03125 0.0140428 50765
0 0.994872 0.810588 0.00980835 0.0227298 50766
0 0.847732 0.833195 0.0316002 0.0351395 50767
0 0.936181 0.866851 0.011582 0.0160231 50768
0 0.70079 0.78351 0.0113297 0.0336127 50769
0 0.972783 0.752684 0.00870113 0.00725081 50770
0 0.877222 0.677596 0.00803242 0.0191049 50771
0 0.677982 0.812893 0.0173918 0.0218157 50772
0 0.99573 0.805542 0.00810566 0.0319221 50773
0 0.41202 0.778811 0.0141351 0.0204325 50774
0 0.692014 0.814054 0.00974731 0.0200955 50775
0 0.947232 0.859867 0.00968113 0.0186537 50776
0 0.84378 0.844795 0.0447395 0.0169902 50777
0 0.856885 0.825603 0.0155405 0.0353129 50778
0 0.00934152 0.972117 0.018517 0.0367364 50779
