0 0.453632 0.833348 0.0117981 0.0674584 None
0 0.479165 0.832992 0.0160214 0.0653547 None
0 0.435342 0.895088 0.0161534 0.0741085 None
0 0.830134 0.834729 0.0175552 0.0334076 None
0 0.718661 0.830039 0.0147833 0.0321762 None
0 0.101041 0.896369 0.0110532 0.060426 None
0 0.7467 0.783653 0.00985184 0.0464074 None
0 0.697651 0.793812 0.00955629 0.0444024 None
0 0.842378 0.765356 0.00964031 0.0471002 None
0 0.759079 0.782555 0.006633 0.0471544 None
0 0.796647 0.775537 0.00808573 0.0470883 None
0 0.786936 0.778824 0.0085639 0.0401755 None
0 0.901824 0.755045 0.00856228 0.0468292 None
0 0.939241 0.750988 0.00837364 0.0449171 None
0 0.953429 0.84867 0.0218857 0.0393109 None
0 0.882584 0.761034 0.0109108 0.0415175 None
0 0.927521 0.740823 0.00726662 0.0302504 None
0 0.855877 0.830949 0.0167366 0.0345057 None
0 0.514702 0.809525 0.0118505 0.04085 None
0 0.491885 0.785402 0.00755281 0.0332031 None
0 0.973564 0.762629 0.0194918 0.0282871 None
0 0.905668 0.972352 0.0412952 0.041782 None
0 0.198202 0.915216 0.0455708 0.0326898 None
0 0.355063 0.989426 0.0143403 0.0211484 None
0 0.852247 0.832374 0.0246254 0.0378076 None
0 0.996481 0.73858 0.00660782 0.0363924 None
0 0.0715606 0.746922 0.00898185 0.0246116 None
0 0.894014 0.974793 0.0637981 0.0461368 None
0 0.00605484 0.749751 0.00767658 0.017647 None
0 0.577761 0.875423 0.0328131 0.0156504 None
0 0.675995 0.81558 0.015943 0.0190094 None
0 0.465891 0.772682 0.00824585 0.0204814 None
0 0.0220897 0.93903 0.0441401 0.030444 None
0 0.514076 0.80457 0.011562 0.0320562 None
0 0.345553 0.751904 0.00453911 0.010916 None
0 0.114547 0.981501 0.0301464 0.0229129 None
0 0.691763 0.791797 0.00765543 0.035891 None
0 0.996117 0.811031 0.0073494 0.021313 None
0 0.69184 0.787013 0.0072361 0.026405 None
0 0.0529135 0.752748 0.00433737 0.00788133 None
0 0.692816 0.794323 0.00906143 0.0430478 None
0 0.884257 0.684405 0.00615578 0.0124569 None
0 0.851706 0.772067 0.00530586 0.0276696 None
0 0.841149 0.764296 0.0086895 0.0424516 None
0 0.903727 0.67945 0.00620079 0.0201819 None
0 0.767283 0.695846 0.00619583 0.0149049 None
0 0.531538 0.74125 0.0148039 0.00979038 None
0 0.00575003 0.981141 0.0114206 0.014286 None
0 0.952954 0.856398 0.0230453 0.0298652 None
0 0.00633005 0.757593 0.0124749 0.0100284 None
0 0.790627 0.697019 0.00677881 0.015595 None
0 0.109611 0.980872 0.0199812 0.0223443 None
0 0.88689 0.978863 0.0505852 0.0391544 None
0 0.345766 0.73128 0.00457392 0.00830078 None
0 0.7716 0.812963 0.0169609 0.0153534 None
0 0.951301 0.857981 0.0183765 0.0246714 None
0 0.934443 0.727396 0.00664978 0.022846 None
0 0.540437 0.849235 0.00732756 0.0273332 None
0 0.103378 0.984128 0.0544004 0.0268885 None
0 0.767473 0.698649 0.00651398 0.0205743 None
0 0.324031 0.711185 0.00579309 0.0218523 None
0 0.980062 0.658957 0.0102196 0.0386466 None
0 0.102018 0.993549 0.0595975 0.00989244 None
0 0.994669 0.738771 0.0102467 0.0374992 None
0 0.936979 0.867041 0.0131685 0.0161533 None
0 0.948694 0.850804 0.0272293 0.044715 None
0 0.344955 0.752557 0.00599904 0.0112528 None
0 0.77876 0.81513 0.00952206 0.0124084 None
0 0.678671 0.814839 0.0213972 0.0205249 None
0 0.981944 0.661778 0.00656052 0.0346532 None
0 0.922081 0.973672 0.0264009 0.0413432 None
0 0.391249 0.812092 0.0173494 0.0453001 None
0 0.941936 0.749837 0.0137867 0.0472683 None
0 0.317175 0.749319 0.00856915 0.0103249 None
0 0.872509 0.845969 0.0147232 0.0156213 None
0 0.803115 0.752665 0.0229252 0.00903219 None
0 0.981515 0.655631 0.00766277 0.026661 None
0 0.160495 0.740477 0.00605986 0.0130568 None
0 0.0693401 0.746764 0.0140238 0.0242076 None
0 0.948864 0.864778 0.0362291 0.0198388 None
0 0.917409 0.970367 0.0152424 0.0385959 None
0 0.00511326 0.877051 0.0101416 0.0119663 None
0 0.00935571 0.981169 0.0185582 0.0157277 None
0 0.948428 0.866344 0.0368082 0.0169537 None
0 0.586837 0.907261 0.041472 0.0231727 None
0 0.490174 0.816559 0.0183382 0.00887553 None
0 0.0972881 0.993806 0.0498177 0.0078971 None
0 0.491756 0.803973 0.0142227 0.00587904 None
0 0.468047 0.775355 0.0119036 0.0190182 None
0 0.00700202 0.979205 0.0138805 0.0182783 None
0 0.881306 0.978423 0.0388842 0.0351183 None
0 0.863644 0.833163 0.0323738 0.0397224 None
0 0.79078 0.821233 0.0232159 0.00645277 None
0 0.118481 0.984064 0.0374175 0.0235845 None
0 0.587061 0.909118 0.0409401 0.0196204 None
0 0.0673121 0.743497 0.0141 0.0220055 None
0 0.101694 0.984802 0.0580922 0.0263394 None
0 0.120463 0.985468 0.0200045 0.0234755 None
0 0.915626 0.973138 0.0392941 0.0435564 None
0 0.284743 0.7356 0.00958233 0.00761041 None
0 0.861365 0.795652 0.0073349 0.0118469 None
0 0.955423 0.720887 0.0743458 0.0249691 None
0 0.535172 0.741183 0.0223387 0.0095598 None
0 0.845305 0.832155 0.0387547 0.039681 None
0 0.926036 0.679237 0.00500336 0.0102376 None
0 0.467525 0.780874 0.0247604 0.00993907 None
0 0.356644 0.733758 0.0376973 0.0123895 None
0 0.10936 0.973029 0.0203092 0.0406406 None
0 0.978591 0.666458 0.00850926 0.0249027 None
0 0.93717 0.73601 0.0122986 0.0351878 None
0 0.392222 0.804045 0.0138699 0.0293474 None
0 0.994818 0.810737 0.00991592 0.0231257 None
0 0.0728575 0.744507 0.0159979 0.019496 None
0 0.345166 0.758787 0.0158 0.00792948 None
0 0.924772 0.980994 0.020853 0.0265232 None
0 0.495371 0.804449 0.0197827 0.00603536 None
0 0.773081 0.814523 0.0218311 0.018867 None
0 0.284545 0.73689 0.00902023 0.00826552 None
0 0.974685 0.669581 0.00644627 0.0168257 None
0 0.686139 0.804396 0.0146361 0.0368488 None
0 0.964444 0.670066 0.00460777 0.0103061 None
0 0.198491 0.731197 0.00993395 0.00797255 None
0 0.792614 0.697755 0.0116739 0.0159491 None
0 0.343132 0.751987 0.0097084 0.0108604 None
