0 0.452672 0.833163 0.0130369 0.0674554 48429
0 0.769864 0.779564 0.00870609 0.0435727 48430
0 0.830642 0.834961 0.0174686 0.0328288 48431
0 0.811529 0.771428 0.0105064 0.0513006 48432
0 0.753637 0.78144 0.00834007 0.0490326 48433
0 0.953531 0.849842 0.0221443 0.042259 48434
0 0.564947 0.8159 0.0125797 0.0437932 48435
0 0.843706 0.766567 0.00750809 0.0457686 48436
0 0.702869 0.792867 0.010424 0.0448054 48437
0 0.783148 0.785419 0.00829983 0.0309765 48438
0 0.683293 0.795823 0.00964794 0.0402325 48439
0 0.693928 0.795065 0.00960169 0.0410463 48440
0 0.938574 0.728382 0.0071003 0.0219189 48441
0 0.736509 0.787218 0.00841951 0.0435237 48442
0 0.48258 0.858842 0.0286242 0.0209785 48443
0 0.0220378 0.938626 0.0440756 0.0281386 48444
0 0.717908 0.830252 0.0136691 0.0316776 48445
0 0.856534 0.830999 0.0140892 0.0338186 48446
0 0.115161 0.981059 0.0311799 0.0229046 48447
0 0.27572 0.730745 0.00603447 0.0165497 48448
0 0.797511 0.776169 0.00821495 0.0469394 48449
0 0.288039 0.723449 0.00824718 0.0178887 48450
0 0.197953 0.916089 0.0451325 0.0318714 48451
0 0.793309 0.776062 0.0110962 0.048961 48452
0 0.972346 0.763239 0.0139021 0.0253906 48453
0 0.432242 0.914804 0.027292 0.0375614 48454
0 0.907218 0.972519 0.0433559 0.0420742 48455
0 0.894116 0.975463 0.0672836 0.0467021 48456
0 0.0633643 0.742008 0.00863526 0.0272547 48457
0 0.354504 0.989284 0.0154257 0.0214325 48458
0 0.316363 0.713676 0.00614986 0.0179962 48459
0 0.713441 0.830407 0.0232867 0.0325348 48460
0 0.119707 0.982548 0.0403276 0.0260668 48461
0 0.522275 0.734968 0.00837193 0.0106664 48462
0 0.852709 0.831788 0.0220509 0.0364529 48463
0 0.676166 0.816018 0.0161539 0.0178584 48464
0 0.996215 0.807594 0.00716705 0.0277829 48465
0 0.884365 0.979397 0.0480083 0.0389803 48466
0 0.00578173 0.975941 0.0115044 0.0258738 48467
0 0.417289 0.777204 0.00815372 0.0160268 48468
0 0.0557005 0.74146 0.00932627 0.0102064 48469
0 0.0979966 0.994064 0.051735 0.00851898 48470
0 0.440715 0.919229 0.0104988 0.0247633 48471
0 0.274658 0.730719 0.00802498 0.0181546 48472
0 0.00247789 0.976347 0.00491113 0.0243256 48473
0 0.391166 0.816603 0.0174134 0.0537815 48474
0 0.576497 0.875777 0.0320655 0.0138499 48475
0 0.679348 0.815541 0.0216141 0.0180756 48476
0 0.135029 0.737992 0.00505714 0.00859206 48477
0 0.0607867 0.743408 0.0156586 0.0236411 48478
0 0.183886 0.734166 0.0120652 0.00877109 48479
0 0.921986 0.972488 0.0267963 0.0424018 48480
0 0.146073 0.73788 0.00653749 0.0082055 48481
0 0.1069 0.983923 0.066166 0.0276249 48482
0 0.0625996 0.737422 0.00962193 0.0205193 48483
0 0.00566118 0.749315 0.0111491 0.0176236 48484
0 0.540777 0.848395 0.00758705 0.0287216 48485
0 0.14032 0.738227 0.018733 0.00956421 48486
0 0.954019 0.661715 0.00651665 0.0109187 48487
0 0.771506 0.812621 0.0160923 0.0157484 48488
0 0.983067 0.667835 0.00667629 0.0212841 48489
0 0.880005 0.683403 0.00637245 0.018062 48490
0 0.428176 0.916071 0.0223515 0.0348324 48491
0 0.972557 0.671881 0.00608139 0.0175168 48492
0 0.958261 0.850297 0.0132175 0.0391449 48493
0 0.975421 0.771782 0.0171741 0.0100488 48494
0 0.77356 0.81208 0.00958509 0.0163317 48495
0 0.955528 0.668806 0.0109272 0.0250025 48496
0 0.916404 0.970085 0.0141037 0.0390722 48497
0 0.0610473 0.742508 0.0191412 0.0293257 48498
0 0.0611977 0.745828 0.0205901 0.0201206 48499
0 0.767312 0.813209 0.00811424 0.0146203 48500
0 0.530326 0.818921 0.055987 0.0189326 48501
0 0.990658 0.770398 0.0182072 0.00769314 48502
0 0.779273 0.815417 0.00813379 0.0108826 48503
0 0.775878 0.812506 0.0151447 0.0169139 48504
0 0.42111 0.915109 0.0493835 0.0390174 48505
0 0.852776 0.848755 0.0248451 0.00880805 48506
0 0.903976 0.976975 0.0364662 0.031465 48507
0 0.153438 0.983753 0.0178058 0.0123303 48508
0 0.274284 0.734272 0.00872974 0.0128364 48509
0 0.981418 0.661694 0.0119251 0.0378877 48510
0 0.946541 0.739514 0.0245556 0.00832333 48511
0 0.374472 0.757515 0.0129901 0.00853441 48512
0 0.935774 0.866862 0.0110813 0.0148617 48513
0 0.899326 0.682365 0.00585442 0.015133 48514
0 0.968943 0.76418 0.0234489 0.0278502 48515
0 0.00914596 0.976337 0.0180347 0.0276866 48516
0 0.349576 0.989325 0.0261601 0.0212409 48517
0 0.86319 0.832901 0.0308014 0.0386454 48518
0 0.990353 0.768534 0.018821 0.010178 48519
0 0.874383 0.985259 0.0275288 0.0270864 48520
0 0.855339 0.83604 0.0483545 0.0368035 48521
0 0.388283 0.803187 0.0133374 0.0282891 48522
0 0.409952 0.932754 0.0290808 0.00726081 48523
0 0.00310378 0.973837 0.00615883 0.0301195 48524
0 0.692274 0.797041 0.0146176 0.0473185 48525
0 0.799074 0.775402 0.0101141 0.0477358 48526
0 0.952788 0.860301 0.0194883 0.0226418 48527
0 0.592689 0.906972 0.0620171 0.0243049 48528
0 0.852903 0.8446 0.0259356 0.0161562 48529
0 0.987661 0.765374 0.0242176 0.0152057 48530
0 0.593038 0.909181 0.0618739 0.0207102 48531
0 0.892728 0.973586 0.0255363 0.0278185 48532
0 0.881357 0.683605 0.00810547 0.0182247 48533
0 0.788628 0.776161 0.0173702 0.0495907 48534
0 0.971529 0.862278 0.0331593 0.011829 48535
0 0.965547 0.862839 0.0435989 0.0128069 48536
0 0.871698 0.845425 0.0129711 0.0152366 48537
