0 0.45314 0.833601 0.0125652 0.0683835 32642
0 0.830688 0.834627 0.0176495 0.0336046 32643
0 0.868486 0.76078 0.00968723 0.049704 32644
0 0.695412 0.793378 0.0100471 0.0473321 32645
0 0.836122 0.767484 0.00975494 0.0480979 32646
0 0.755629 0.781411 0.00791569 0.0491993 32647
0 0.803113 0.775628 0.00836062 0.0445919 32648
0 0.706198 0.790528 0.00917463 0.0497686 32649
0 0.841957 0.765642 0.0103554 0.0488086 32650
0 0.745831 0.783537 0.00810394 0.046784 32651
0 0.796932 0.775651 0.00793247 0.0495777 32652
0 0.739101 0.787778 0.00960293 0.044042 32653
0 0.540705 0.819267 0.00967913 0.0526233 32654
0 0.953741 0.848879 0.0219616 0.0399294 32655
0 0.818236 0.780191 0.00700989 0.0308144 32656
0 0.466994 0.851961 0.0139119 0.0369425 32657
0 0.853549 0.831996 0.0203793 0.0352064 32658
0 0.772216 0.699792 0.00822258 0.0221235 32659
0 0.718175 0.830003 0.0139411 0.0326901 32660
0 0.433417 0.914878 0.0248695 0.0371023 32661
0 0.789081 0.698886 0.00677395 0.0176278 32662
0 0.712632 0.830668 0.0257329 0.0332011 32663
0 0.0718678 0.739168 0.00584812 0.0239795 32664
0 0.891836 0.975979 0.0615206 0.0460297 32665
0 0.934681 0.72377 0.00576591 0.021539 32666
0 0.319645 0.708766 0.00626297 0.0176392 32667
0 0.0110113 0.745771 0.00595299 0.0169827 32668
0 0.114585 0.981105 0.0299079 0.0237254 32669
0 0.198064 0.915878 0.0460331 0.0319824 32670
0 0.903954 0.972988 0.0369728 0.040115 32671
0 0.27275 0.730386 0.00582705 0.0173453 32672
0 0.527813 0.739883 0.00591002 0.0115056 32673
0 0.343682 0.754354 0.00633225 0.0185564 32674
0 0.0056866 0.978334 0.0113096 0.0212418 32675
0 0.0719226 0.735131 0.00516894 0.0168104 32676
0 0.676214 0.816199 0.0160917 0.019201 32677
0 0.577657 0.875762 0.0323307 0.0146094 32678
0 0.297738 0.728414 0.00429473 0.0110959 32679
0 0.97151 0.742425 0.00861893 0.0310398 32680
0 0.453 0.772033 0.00506744 0.0115651 32681
0 0.88061 0.680915 0.00749588 0.0178697 32682
0 0.109846 0.980588 0.0203937 0.0234945 32683
0 0.354466 0.989123 0.0164282 0.0217538 32684
0 0.0220891 0.938574 0.0441782 0.0292682 32685
0 0.540686 0.810972 0.00933065 0.0378152 32686
0 0.0716967 0.740292 0.00946305 0.0242447 32687
0 0.883769 0.979527 0.0457184 0.0391273 32688
0 0.975052 0.739291 0.0134472 0.0376506 32689
0 0.343533 0.755142 0.00818806 0.0206241 32690
0 0.0704678 0.742392 0.0102799 0.0217246 32691
0 0.921911 0.973517 0.0269556 0.0411102 32692
0 0.190121 0.729865 0.00868993 0.00662045 32693
0 0.977188 0.738087 0.0109173 0.0362593 32694
0 0.107836 0.98363 0.0463401 0.0273163 32695
0 0.469598 0.849743 0.0108082 0.0330829 32696
0 0.440879 0.918609 0.0101568 0.0251419 32697
0 0.91208 0.973631 0.0462975 0.0408218 32698
0 0.301335 0.730119 0.0139637 0.0107001 32699
0 0.952212 0.859491 0.0186728 0.0224087 32700
0 0.101865 0.993863 0.0589624 0.00877991 32701
0 0.996531 0.811139 0.00652924 0.0202403 32702
0 0.532928 0.739866 0.0164623 0.0116435 32703
0 0.140711 0.734898 0.00763769 0.00740865 32704
0 0.119474 0.984307 0.0391569 0.023151 32705
0 0.973273 0.750871 0.0140841 0.0501684 32706
0 0.440962 0.771362 0.00754032 0.0149765 32707
0 0.00764728 0.746552 0.0139077 0.0188326 32708
0 0.858844 0.834106 0.0373333 0.0391788 32709
0 0.922306 0.681441 0.00943909 0.0146107 32710
0 0.915178 0.971798 0.0115192 0.0380471 32711
0 0.88138 0.984082 0.0405851 0.0297974 32712
0 0.0762523 0.739067 0.00463699 0.0123325 32713
0 0.391456 0.813523 0.0164137 0.0476349 32714
0 0.974869 0.766796 0.0184149 0.0195702 32715
0 0.769859 0.812967 0.0131195 0.0153871 32716
0 0.977656 0.674194 0.00535774 0.0221358 32717
0 0.149713 0.73691 0.0277176 0.0107449 32718
0 0.772925 0.813001 0.00880146 0.015341 32719
0 0.429611 0.916982 0.0232142 0.0337314 32720
0 0.442914 0.77158 0.00418606 0.0147176 32721
0 0.775619 0.813441 0.0165554 0.0173428 32722
0 0.89526 0.681735 0.00906906 0.0177882 32723
0 0.052639 0.749057 0.0043359 0.00470022 32724
0 0.956307 0.866826 0.0284765 0.0140967 32725
0 0.908112 0.758641 0.0178944 0.011597 32726
0 0.149886 0.739074 0.0287407 0.0107815 32727
0 0.836437 0.834192 0.029937 0.0348433 32728
0 0.102474 0.985177 0.059655 0.0251543 32729
0 0.00583719 0.972887 0.0115305 0.0323563 32730
0 0.878728 0.763397 0.023838 0.0142439 32731
0 0.743376 0.783577 0.0135927 0.0503316 32732
0 0.789869 0.70246 0.00891018 0.0252745 32733
0 0.532936 0.739256 0.0164948 0.0134611 32734
0 0.121312 0.986287 0.0183154 0.0212372 32735
0 0.391141 0.798436 0.00818119 0.0175827 32736
0 0.271454 0.732924 0.00869403 0.0130761 32737
0 0.41215 0.766292 0.0053215 0.00981276 32738
0 0.446925 0.772058 0.00477333 0.0136264 32739
0 0.193412 0.730277 0.0165249 0.00785895 32740
0 0.453677 0.772167 0.00720463 0.0133277 32741
0 0.957094 0.869094 0.0267761 0.00949877 32742
0 0.975805 0.73612 0.0167416 0.0455146 32743
0 0.824705 0.814945 0.024729 0.0104143 32744
0 0.672142 0.81772 0.0235313 0.0219879 32745
0 0.125428 0.986511 0.0270806 0.0208313 32746
0 0.713399 0.798896 0.00964937 0.0376027 32747
0 0.191363 0.730838 0.0114005 0.00725996 32748
0 0.86141 0.840347 0.0318054 0.0257609 32749
0 0.267838 0.736654 0.0122039 0.00747816 32750
0 0.39135 0.83139 0.0171367 0.0855486 32751
0 0.977224 0.768267 0.0237762 0.0175317 32752
0 0.954911 0.864281 0.0251196 0.0186506 32753
0 0.960263 0.849517 0.0160664 0.0388953 32754
0 0.79529 0.77552 0.0114297 0.0506653 32755
