0 0.453482 0.833485 0.0117537 0.0670612 None
0 0.479823 0.833451 0.0133379 0.0670603 None
0 0.436352 0.904069 0.0157125 0.059063 None
0 0.830178 0.834721 0.0175402 0.0333432 None
0 0.718794 0.830355 0.0144678 0.0314919 None
0 0.795101 0.775726 0.00896549 0.0469147 None
0 0.784575 0.778402 0.00809698 0.0414483 None
0 0.0894464 0.896744 0.010084 0.0599169 None
0 0.896968 0.755195 0.00850067 0.0438371 None
0 0.886945 0.758587 0.0094532 0.0409995 None
0 0.933474 0.748317 0.0110184 0.0487064 None
0 0.699207 0.793887 0.0090128 0.0459337 None
0 0.953405 0.848744 0.021925 0.0394145 None
0 0.746494 0.78417 0.00921631 0.0454668 None
0 0.842789 0.765031 0.00865173 0.0466792 None
0 0.758685 0.784642 0.00688066 0.0418157 None
0 0.85585 0.830901 0.0166658 0.0341683 None
0 0.514042 0.812081 0.00966444 0.0329542 None
0 0.197986 0.915339 0.045773 0.0322255 None
0 0.973781 0.762517 0.0193253 0.0284682 None
0 0.905755 0.972457 0.0412479 0.041921 None
0 0.464889 0.77263 0.00602646 0.0179125 None
0 0.0221032 0.939214 0.0441249 0.0305662 None
0 0.693021 0.795739 0.00838699 0.0432649 None
0 0.354929 0.989358 0.0144572 0.0212675 None
0 0.488476 0.778971 0.00729208 0.0220478 None
0 0.071293 0.747438 0.00912941 0.0287164 None
0 0.00665192 0.749783 0.00769782 0.0180278 None
0 0.577747 0.875499 0.0327129 0.0154627 None
0 0.852304 0.83238 0.0245251 0.0376197 None
0 0.675767 0.815631 0.0150557 0.0187951 None
0 0.354941 0.750387 0.00929179 0.0143914 None
0 0.791682 0.695137 0.00661469 0.0106922 None
0 0.893712 0.975165 0.0646305 0.0463355 None
0 0.114522 0.981571 0.030214 0.0231316 None
0 0.744412 0.78432 0.013115 0.0456189 None
0 0.902967 0.679756 0.00662556 0.0209502 None
0 0.838222 0.766387 0.0058012 0.040999 None
0 0.00531908 0.750505 0.0104703 0.0182941 None
0 0.996124 0.811023 0.00733547 0.0211714 None
0 0.0529047 0.753067 0.00604308 0.00857205 None
0 0.513604 0.803671 0.0107067 0.0325287 None
0 0.848502 0.771569 0.00588379 0.0262388 None
0 0.515088 0.796578 0.00705013 0.0184623 None
0 0.00578382 0.981171 0.01149 0.0140555 None
0 0.160731 0.737537 0.00581036 0.00993941 None
0 0.323194 0.71056 0.00597372 0.0164941 None
0 0.951614 0.853267 0.0192108 0.0337089 None
0 0.532245 0.740589 0.018362 0.008628 None
0 0.679191 0.815761 0.0217332 0.0192893 None
0 0.77077 0.812309 0.0147827 0.0147098 None
0 0.696206 0.794912 0.0112873 0.0459693 None
0 0.952902 0.856863 0.0234955 0.0291304 None
0 0.885811 0.979226 0.049061 0.038796 None
0 0.110117 0.981064 0.0211163 0.0226978 None
0 0.320589 0.750091 0.0050106 0.011476 None
0 0.0114132 0.880569 0.0226789 0.0170936 None
0 0.740712 0.780573 0.00698156 0.0246928 None
0 0.104563 0.983965 0.0521258 0.0272714 None
0 0.772185 0.812431 0.010453 0.014979 None
0 0.773993 0.812262 0.0198561 0.0166089 None
0 0.0530067 0.753697 0.00760503 0.00847592 None
0 0.847476 0.770442 0.0070364 0.0345086 None
0 0.884451 0.684223 0.00635071 0.0119977 None
0 0.757711 0.781843 0.00844173 0.0481506 None
0 0.777658 0.81336 0.0118532 0.0143512 None
0 0.936591 0.867111 0.012534 0.015723 None
0 0.0663149 0.74467 0.00763903 0.0274699 None
0 0.540541 0.849373 0.0070631 0.0271067 None
0 0.101258 0.993978 0.0580627 0.0091546 None
0 0.921874 0.973248 0.0267574 0.0420113 None
0 0.914115 0.97355 0.0418808 0.0429862 None
0 0.872552 0.845959 0.014761 0.0156806 None
0 0.344313 0.733322 0.0173266 0.0119425 None
0 0.767446 0.695477 0.00726166 0.00974587 None
0 0.928972 0.741079 0.00483665 0.0287493 None
0 0.948744 0.850818 0.0268858 0.0448 None
0 0.465322 0.782765 0.0226389 0.00996569 None
0 0.917409 0.970644 0.0153809 0.0392415 None
0 0.949044 0.865077 0.036755 0.0194448 None
0 0.00930763 0.981078 0.0184699 0.0154639 None
0 0.755977 0.783332 0.0116464 0.045835 None
0 0.00473889 0.75638 0.00942176 0.011675 None
0 0.979188 0.64872 0.00635052 0.0158683 None
0 0.586299 0.907293 0.0425745 0.023278 None
0 0.118891 0.983808 0.0385441 0.0240546 None
0 0.0961777 0.993906 0.0474044 0.00779521 None
0 0.974593 0.670413 0.00608292 0.0146417 None
0 0.565649 0.837458 0.00708818 0.0109172 None
0 0.852222 0.837972 0.0254391 0.0282637 None
0 0.00723364 0.979166 0.0143277 0.0180501 None
0 0.150198 0.74173 0.014025 0.00860935 None
0 0.0699817 0.74725 0.0133117 0.0351095 None
0 0.586551 0.910069 0.0419556 0.0179523 None
0 0.93012 0.739582 0.00684395 0.0348009 None
0 0.120222 0.985141 0.020411 0.0242198 None
0 0.863561 0.833436 0.0332867 0.0397822 None
0 0.923985 0.977773 0.0225342 0.0324287 None
0 0.35533 0.759378 0.0195951 0.00745934 None
0 0.837697 0.76733 0.00805702 0.0411357 None
0 0.843968 0.832387 0.041506 0.0392203 None
0 0.349043 0.752005 0.00875072 0.0108002 None
0 0.980127 0.653165 0.00908852 0.0227796 None
0 0.768346 0.697331 0.00890141 0.0136608 None
0 0.99482 0.810744 0.00990639 0.0229618 None
0 0.946857 0.852761 0.0356215 0.0442832 None
0 0.198799 0.731022 0.00827434 0.0076633 None
0 0.878569 0.979334 0.034404 0.0352502 None
0 0.465858 0.774018 0.00911865 0.0196172 None
0 0.584892 0.907461 0.0465255 0.0236633 None
0 0.793632 0.695343 0.0110107 0.0112905 None
0 0.465407 0.781014 0.0235773 0.0112145 None
0 0.593335 0.914273 0.0281729 0.00877228 None
0 0.956644 0.868639 0.0274624 0.010376 None
