0 0.476753 0.834533 0.014463 0.066271 None
0 0.455599 0.833583 0.0124207 0.068624 None
0 0.718556 0.830818 0.0142586 0.0301259 None
0 0.830609 0.834607 0.0171967 0.0335019 None
0 0.871338 0.75958 0.0087471 0.0487301 None
0 0.0257559 0.90207 0.0142484 0.0480584 None
0 0.697611 0.792308 0.0114035 0.0479672 None
0 0.84313 0.766464 0.00834274 0.0475779 None
0 0.7678 0.78223 0.00908718 0.0413371 None
0 0.793807 0.77542 0.0112013 0.0480265 None
0 0.953533 0.849436 0.0220631 0.041144 None
0 0.744116 0.78387 0.00856686 0.0465759 None
0 0.518214 0.806703 0.00849953 0.0350135 None
0 0.856291 0.830206 0.0153557 0.0329144 None
0 0.477364 0.779826 0.00802231 0.0220469 None
0 0.755849 0.781609 0.00759296 0.0471531 None
0 0.921891 0.749499 0.00845184 0.0343082 None
0 0.906279 0.754881 0.00998535 0.0477512 None
0 0.821244 0.770637 0.00903358 0.0400265 None
0 0.0698401 0.742883 0.00910871 0.0290378 None
0 0.278733 0.728793 0.00633869 0.0157383 None
0 0.0220451 0.938439 0.0440902 0.0292662 None
0 0.836793 0.77474 0.0068737 0.0281074 None
0 0.99605 0.809841 0.00748253 0.0239034 None
0 0.894527 0.97624 0.0656429 0.0456616 None
0 0.00927716 0.750969 0.0088538 0.016344 None
0 0.327811 0.752648 0.0085146 0.0158184 None
0 0.433761 0.912087 0.0240538 0.04212 None
0 0.451748 0.780111 0.00711823 0.0175883 None
0 0.146419 0.738496 0.00559621 0.0109536 None
0 0.198648 0.916035 0.0468162 0.0318785 None
0 0.355109 0.988935 0.0145748 0.0221302 None
0 0.883902 0.979496 0.0444269 0.0394714 None
0 0.159407 0.739059 0.00474896 0.00835673 None
0 0.196863 0.733631 0.00841088 0.0105679 None
0 0.0534877 0.752072 0.00469234 0.0075882 None
0 0.906207 0.97318 0.044104 0.0403222 None
0 0.00595961 0.975652 0.0118515 0.0253289 None
0 0.917824 0.972777 0.0180803 0.0396379 None
0 0.530265 0.740002 0.0098587 0.00852899 None
0 0.322985 0.71135 0.00578108 0.0160773 None
0 0.97253 0.762711 0.0144152 0.0274216 None
0 0.675546 0.8158 0.0152149 0.0185218 None
0 0.950944 0.738219 0.00843716 0.0286474 None
0 0.921296 0.973312 0.0273415 0.0404795 None
0 0.452101 0.785451 0.0211403 0.00862088 None
0 0.00246065 0.97578 0.00486809 0.0239285 None
0 0.678851 0.81545 0.0215551 0.0191484 None
0 0.126249 0.986001 0.0284014 0.0208208 None
0 0.768305 0.69733 0.00805302 0.0135518 None
0 0.791399 0.697556 0.00563507 0.0167613 None
0 0.853671 0.83133 0.0211041 0.0362832 None
0 0.715687 0.83133 0.0202685 0.030849 None
0 0.283359 0.737622 0.018076 0.00715451 None
0 0.100867 0.994244 0.0581529 0.00782929 None
0 0.934252 0.72738 0.00783863 0.02558 None
0 0.882749 0.984729 0.0421263 0.0293486 None
0 0.577028 0.875384 0.0319246 0.0134142 None
0 0.00900018 0.976065 0.0178677 0.0263753 None
0 0.105131 0.98911 0.0665614 0.0177867 None
0 0.852968 0.846243 0.0259245 0.0133418 None
0 0.118262 0.984511 0.0351314 0.022799 None
0 0.576837 0.875186 0.0320972 0.0132497 None
0 0.991683 0.6753 0.00625954 0.0181636 None
0 0.109531 0.980983 0.0188175 0.0230042 None
0 0.105791 0.985759 0.0662181 0.0235455 None
0 0.0606621 0.753639 0.0202016 0.00740424 None
0 0.145544 0.738521 0.0054574 0.0118598 None
0 0.00972992 0.760669 0.0167864 0.00935805 None
0 0.856658 0.847486 0.0340847 0.0119144 None
0 0.0619962 0.758528 0.0347283 0.00825704 None
0 0.771637 0.812884 0.0115196 0.0149594 None
0 0.973784 0.753091 0.00545101 0.0092097 None
0 0.85237 0.842424 0.0232033 0.0164419 None
0 0.971762 0.768084 0.0139145 0.0179386 None
0 0.944769 0.867063 0.0283291 0.0150018 None
0 0.973381 0.675462 0.00673237 0.0159997 None
0 0.540932 0.848686 0.00788136 0.028065 None
0 0.325915 0.730308 0.0178589 0.0111974 None
0 0.974644 0.770464 0.0183456 0.0129186 None
0 0.437702 0.910728 0.0159096 0.0393294 None
0 0.937328 0.867234 0.0137825 0.0148709 None
0 0.769221 0.812866 0.0130493 0.0154877 None
0 0.452758 0.780276 0.0103203 0.0175632 None
0 0.906246 0.975994 0.0604145 0.0452979 None
0 0.682194 0.815827 0.0157091 0.0185893 None
0 0.949505 0.86103 0.0139246 0.0171292 None
0 0.859908 0.845868 0.0387863 0.0165685 None
0 0.772681 0.81282 0.0214723 0.0169279 None
0 0.7527 0.789976 0.0109545 0.0333008 None
0 0.00982642 0.750749 0.013354 0.0200228 None
0 0.790798 0.82048 0.0250447 0.006486 None
0 0.867369 0.84515 0.0212889 0.0161519 None
0 0.779268 0.816307 0.00814743 0.00973867 None
0 0.862469 0.832372 0.0287228 0.0380256 None
0 0.00286093 0.97297 0.00565274 0.0300028 None
0 0.593778 0.913789 0.0616246 0.0115733 None
0 0.93148 0.760906 0.0126337 0.011096 None
0 0.109615 0.973618 0.0192342 0.0383172 None
0 0.454913 0.785849 0.0240154 0.0121402 None
0 0.947659 0.850706 0.0330597 0.0460354 None
0 0.871805 0.845369 0.013114 0.0151584 None
0 0.839718 0.834973 0.0356731 0.0338479 None
