0 0.453174 0.833509 0.0124126 0.068299 33080
0 0.867242 0.760875 0.00970573 0.0516941 33081
0 0.830653 0.834636 0.0175846 0.0335815 33082
0 0.83539 0.767259 0.0109951 0.0485719 33083
0 0.695538 0.793447 0.0100786 0.0471981 33084
0 0.802528 0.775918 0.00772438 0.0454563 33085
0 0.744828 0.783991 0.00872517 0.0463708 33086
0 0.843373 0.765686 0.00752602 0.0452571 33087
0 0.705979 0.791311 0.0100119 0.0484528 33088
0 0.755857 0.781607 0.00743847 0.0485168 33089
0 0.542004 0.817189 0.0104053 0.0537109 33090
0 0.796898 0.775957 0.00731144 0.0506592 33091
0 0.737572 0.788266 0.00929813 0.042157 33092
0 0.468221 0.852584 0.0127878 0.0364892 33093
0 0.953822 0.848755 0.0217991 0.0396398 33094
0 0.817795 0.780498 0.00613346 0.029876 33095
0 0.271986 0.731028 0.0076704 0.0168705 33096
0 0.935164 0.723919 0.00577793 0.0202479 33097
0 0.853723 0.832046 0.0201544 0.0350366 33098
0 0.718229 0.829937 0.0140077 0.0327872 33099
0 0.0719638 0.73636 0.00550613 0.01759 33100
0 0.433522 0.914792 0.0247946 0.036969 33101
0 0.0103202 0.746286 0.00745305 0.0180754 33102
0 0.891853 0.975932 0.0613768 0.0458966 33103
0 0.319906 0.70872 0.00599647 0.0172146 33104
0 0.712642 0.830601 0.0258026 0.0333561 33105
0 0.789697 0.698003 0.00688038 0.0159362 33106
0 0.00568575 0.978553 0.0112968 0.020762 33107
0 0.903258 0.972958 0.0378378 0.039772 33108
0 0.114627 0.981066 0.0298417 0.0235816 33109
0 0.527593 0.738471 0.00679512 0.0118902 33110
0 0.198447 0.91617 0.0466985 0.0318119 33111
0 0.345031 0.75406 0.00641661 0.0172607 33112
0 0.354406 0.989218 0.0165536 0.0215632 33113
0 0.84135 0.766513 0.0084095 0.0470925 33114
0 0.0221352 0.938564 0.0442703 0.0292102 33115
0 0.297009 0.728076 0.00402555 0.0120541 33116
0 0.577686 0.875779 0.0323662 0.0146807 33117
0 0.109756 0.980556 0.0201724 0.0233209 33118
0 0.67585 0.81624 0.0166912 0.0195296 33119
0 0.771853 0.700136 0.0080224 0.020948 33120
0 0.974101 0.740602 0.0112698 0.034807 33121
0 0.346163 0.755545 0.00964804 0.0202254 33122
0 0.975897 0.739015 0.0143042 0.0378045 33123
0 0.0719735 0.737774 0.00991044 0.0174888 33124
0 0.884535 0.979216 0.047266 0.0395843 33125
0 0.753131 0.782188 0.0100109 0.049157 33126
0 0.0073838 0.746601 0.0138345 0.0194402 33127
0 0.974626 0.761765 0.0180809 0.0289534 33128
0 0.972909 0.745561 0.00853729 0.0252879 33129
0 0.922002 0.973584 0.0269711 0.0410539 33130
0 0.951928 0.85959 0.0181534 0.0222429 33131
0 0.108422 0.983599 0.0464411 0.0275204 33132
0 0.922707 0.680163 0.00870934 0.0132895 33133
0 0.440883 0.918542 0.0101763 0.0247257 33134
0 0.977627 0.674705 0.00568352 0.0226766 33135
0 0.533079 0.739565 0.017594 0.0122965 33136
0 0.97497 0.766766 0.0175468 0.0192776 33137
0 0.975388 0.744491 0.0167967 0.0490711 33138
0 0.102622 0.993842 0.060743 0.00900692 33139
0 0.11967 0.984369 0.0394931 0.0235742 33140
0 0.881352 0.764676 0.0243492 0.013521 33141
0 0.996531 0.81114 0.00652733 0.0202264 33142
0 0.911042 0.974883 0.0485737 0.0441674 33143
0 0.672125 0.81724 0.0232787 0.021406 33144
0 0.452836 0.772744 0.00406322 0.00988413 33145
0 0.881646 0.681539 0.0078434 0.0140653 33146
0 0.972988 0.746895 0.0119022 0.0279131 33147
0 0.859222 0.834072 0.0383215 0.0390786 33148
0 0.88045 0.984665 0.0390247 0.029047 33149
0 0.143816 0.735492 0.0183507 0.0089664 33150
0 0.344413 0.755338 0.00954762 0.0207662 33151
0 0.769764 0.812921 0.0130674 0.0153205 33152
0 0.772919 0.813029 0.00841751 0.01527 33153
0 0.190268 0.730447 0.00940208 0.00773095 33154
0 0.775273 0.813468 0.0172958 0.0174052 33155
0 0.532788 0.738813 0.0172964 0.0134677 33156
0 0.194692 0.731512 0.0187184 0.0100569 33157
0 0.862626 0.844462 0.031262 0.0180169 33158
0 0.777631 0.814073 0.0122165 0.0160658 33159
0 0.00584908 0.972274 0.0115556 0.0333723 33160
0 0.956258 0.866249 0.0282722 0.0151845 33161
0 0.442135 0.772485 0.00558891 0.0139062 33162
0 0.972162 0.671708 0.00564308 0.0195119 33163
0 0.895086 0.681857 0.00720444 0.0152788 33164
0 0.126825 0.985737 0.0260321 0.0205678 33165
0 0.84106 0.834049 0.0392128 0.0351786 33166
0 0.977158 0.768241 0.0227148 0.0169406 33167
0 0.91528 0.97061 0.0113102 0.0355933 33168
0 0.121553 0.986282 0.0185753 0.0215437 33169
0 0.976805 0.764194 0.024827 0.0247491 33170
0 0.443097 0.772742 0.00371046 0.0134903 33171
0 0.956467 0.852043 0.0280857 0.0395179 33172
0 0.880994 0.677647 0.00796814 0.0127099 33173
0 0.201953 0.732405 0.0329238 0.0128543 33174
0 0.391444 0.798964 0.00883589 0.0191786 33175
0 0.391427 0.832439 0.0171536 0.0861759 33176
0 0.824747 0.814941 0.0248322 0.0103444 33177
0 0.0529826 0.748758 0.00493383 0.00567797 33178
0 0.96014 0.849162 0.01609 0.0386471 33179
0 0.957133 0.868974 0.0266827 0.0097546 33180
0 0.882382 0.679959 0.0109974 0.0174996 33181
0 0.391376 0.812576 0.016808 0.0455346 33182
0 0.887772 0.680648 0.02145 0.0179686 33183
