0 0.452567 0.833681 0.0132053 0.0671512 None
0 0.48019 0.8275 0.0138278 0.0584283 None
0 0.27688 0.865275 0.015129 0.0584602 None
0 0.698155 0.795189 0.00964012 0.0526618 None
0 0.878259 0.760194 0.00830422 0.0436747 None
0 0.953381 0.848346 0.0223663 0.0421436 None
0 0.789627 0.775874 0.00859356 0.0494551 None
0 0.775912 0.777988 0.010089 0.0481021 None
0 0.842997 0.766148 0.00770798 0.0468665 None
0 0.834389 0.772223 0.0100737 0.0428082 None
0 0.952615 0.746544 0.00957108 0.0491706 None
0 0.830754 0.83429 0.0157051 0.0328613 None
0 0.421771 0.911079 0.0193604 0.0490445 None
0 0.797739 0.775554 0.0100988 0.0484348 None
0 0.530773 0.778053 0.00774593 0.0267726 None
0 0.96562 0.74102 0.00922318 0.0451433 None
0 0.856528 0.828259 0.0126026 0.0351546 None
0 0.198355 0.916424 0.0460087 0.0311805 None
0 0.718594 0.830415 0.0141232 0.0316778 None
0 0.971825 0.762296 0.0130135 0.0276499 None
0 0.99661 0.731992 0.00635357 0.0444528 None
0 0.94015 0.743672 0.00806427 0.0284295 None
0 0.894032 0.975996 0.066288 0.0466363 None
0 0.899864 0.740722 0.0079504 0.0291029 None
0 0.0222138 0.93832 0.0444275 0.0279358 None
0 0.517299 0.78087 0.00867214 0.0200519 None
0 0.71378 0.830797 0.0241711 0.0325611 None
0 0.678037 0.816229 0.0193122 0.0177877 None
0 0.474194 0.798791 0.0112751 0.0346444 None
0 0.114512 0.983679 0.0322115 0.019113 None
0 0.685272 0.787557 0.010731 0.0247138 None
0 0.995662 0.813954 0.00825806 0.0182098 None
0 0.00874098 0.746429 0.0068066 0.0179048 None
0 0.351924 0.989452 0.0188736 0.021097 None
0 0.975559 0.6655 0.00920658 0.039954 None
0 0.685615 0.793873 0.0113503 0.0379032 None
0 0.784299 0.694666 0.00624142 0.0102453 None
0 0.57756 0.872591 0.033391 0.0199278 None
0 0.853115 0.829703 0.0195187 0.0391364 None
0 0.883769 0.979404 0.0461987 0.0401554 None
0 0.331062 0.708167 0.00579262 0.0173175 None
0 0.0961988 0.994227 0.047556 0.0082333 None
0 0.371712 0.738611 0.0126181 0.0115955 None
0 0.905871 0.973687 0.0411064 0.042747 None
0 0.00556627 0.981333 0.0110424 0.0138212 None
0 0.917464 0.972715 0.0183243 0.0401398 None
0 0.0590911 0.749916 0.00291889 0.00655518 None
0 0.100671 0.993132 0.0567593 0.00999518 None
0 0.949424 0.849945 0.0301064 0.0444326 None
0 0.794606 0.776023 0.0119613 0.0498435 None
0 0.927562 0.72803 0.00643845 0.0206821 None
0 0.921263 0.973261 0.0285313 0.0409939 None
0 0.00625235 0.74722 0.0123737 0.021166 None
0 0.00336326 0.750082 0.00659563 0.0139681 None
0 0.290779 0.749999 0.00809684 0.0131029 None
0 0.996892 0.661886 0.00424728 0.0140071 None
0 0.303262 0.741873 0.00705605 0.0120444 None
0 0.109186 0.98578 0.0433977 0.0230872 None
0 0.789051 0.819716 0.0266823 0.00846727 None
0 0.905752 0.761997 0.00571365 0.0275706 None
0 0.966811 0.745677 0.0172066 0.0582943 None
0 0.541026 0.848921 0.0071661 0.0285607 None
0 0.766897 0.695205 0.00782881 0.012304 None
0 0.95031 0.865753 0.0377689 0.0174808 None
0 0.987562 0.679468 0.00487194 0.0111466 None
0 0.927308 0.728933 0.00917492 0.0257957 None
0 0.770016 0.811629 0.0131817 0.0175761 None
0 0.852039 0.842127 0.0220575 0.017453 None
0 0.838738 0.835028 0.0328205 0.034159 None
0 0.00849625 0.75799 0.0126081 0.00921868 None
0 0.201572 0.727503 0.00664315 0.00782674 None
0 0.390921 0.832965 0.0187461 0.0878828 None
0 0.906906 0.975872 0.0568234 0.0455692 None
0 0.935983 0.867617 0.0113501 0.0134542 None
0 0.590831 0.907322 0.0494421 0.0250495 None
0 0.788681 0.818116 0.0267142 0.0106394 None
0 0.852459 0.84533 0.0255833 0.0144718 None
0 0.120237 0.984894 0.0384563 0.0205076 None
0 0.855355 0.846514 0.0365196 0.0137448 None
0 0.292523 0.758434 0.0144669 0.00969052 None
0 0.949693 0.864045 0.0217354 0.0154285 None
0 0.684606 0.813617 0.0126238 0.0196838 None
0 0.589157 0.91196 0.0519828 0.0171068 None
0 0.552936 0.738222 0.00482845 0.0101267 None
0 0.973869 0.762536 0.0192892 0.0276537 None
0 0.960291 0.863055 0.0484587 0.0172165 None
0 0.903562 0.682947 0.00396194 0.0150519 None
0 0.695662 0.841533 0.0269979 0.0144552 None
0 0.112377 0.981047 0.0298182 0.0234494 None
0 0.157407 0.739467 0.0145999 0.0100057 None
0 0.129978 0.985231 0.0655742 0.0215569 None
0 0.0776727 0.752271 0.0151042 0.012941 None
0 0.0661317 0.752282 0.00885489 0.0116333 None
0 0.901613 0.742145 0.0112677 0.0325161 None
0 0.00727488 0.755588 0.0144854 0.0155172 None
0 0.967724 0.765106 0.0234104 0.0276913 None
0 0.788285 0.817773 0.0265351 0.0111504 None
0 0.779668 0.817429 0.00862465 0.0108154 None
0 0.958184 0.866362 0.0558994 0.0149183 None
0 0.172721 0.735793 0.00674329 0.00774502 None
0 0.988163 0.679305 0.00636101 0.0122163 None
0 0.859817 0.795535 0.00704727 0.0115268 None
0 0.879413 0.985322 0.037545 0.0286514 None
0 0.783682 0.694147 0.00786953 0.0135347 None
0 0.986919 0.679486 0.00675392 0.0123545 None
0 0.96066 0.86324 0.0524296 0.0121996 None
0 0.773834 0.812158 0.0215727 0.0209683 None
0 0.949377 0.742013 0.00665131 0.0346985 None
0 0.00947918 0.981091 0.0187594 0.0156169 None
0 0.915591 0.976258 0.0391094 0.0430396 None
0 0.827801 0.832235 0.0216705 0.0367586 None
0 0.681362 0.799969 0.0192019 0.0498105 None
0 0.197158 0.728213 0.0178756 0.00856391 None
0 0.691682 0.794175 0.0229404 0.0511719 None
0 0.592626 0.913936 0.0429113 0.0120914 None
0 0.753289 0.826504 0.0301331 0.00677202 None
0 0.101798 0.986246 0.0599512 0.0229638 None
0 0.131874 0.98443 0.0613345 0.0216597 None
0 0.681301 0.817171 0.0206243 0.0175934 None
