0 0.453217 0.83357 0.0117367 0.0685381 30760
0 0.830603 0.834589 0.0170181 0.0331009 30761
0 0.695621 0.793429 0.0098978 0.045598 30762
0 0.466544 0.839791 0.0158741 0.0601415 30763
0 0.744317 0.785125 0.0104665 0.0471971 30764
0 0.843098 0.765907 0.0102989 0.0492445 30765
0 0.805808 0.773504 0.00945244 0.0434238 30766
0 0.706831 0.791219 0.00900993 0.0470991 30767
0 0.755138 0.781989 0.00796719 0.0492876 30768
0 0.718563 0.830226 0.0145403 0.0314965 30769
0 0.87612 0.759093 0.00785217 0.0499268 30770
0 0.0714 0.741351 0.00721207 0.0284407 30771
0 0.339708 0.755853 0.00598412 0.0190175 30772
0 0.821036 0.779635 0.00613365 0.0279792 30773
0 0.856235 0.830668 0.0160873 0.0326263 30774
0 0.795654 0.775581 0.0101486 0.0482893 30775
0 0.275747 0.729481 0.0076508 0.0158898 30776
0 0.953525 0.849384 0.0219467 0.0414134 30777
0 0.892485 0.976218 0.061813 0.0454297 30778
0 0.435366 0.913897 0.0204544 0.0373047 30779
0 0.00824167 0.746187 0.00954836 0.0171861 30780
0 0.97411 0.762651 0.0190863 0.0279695 30781
0 0.538046 0.821356 0.0112638 0.0533442 30782
0 0.198261 0.915843 0.0452165 0.0312846 30783
0 0.903372 0.973018 0.0389021 0.0391805 30784
0 0.957202 0.848188 0.0150944 0.0384223 30785
0 0.116139 0.98356 0.0321729 0.0244056 30786
0 0.354445 0.989333 0.0155621 0.0213045 30787
0 0.022193 0.938271 0.044346 0.0289061 30788
0 0.536766 0.817212 0.00862026 0.0436835 30789
0 0.454 0.781527 0.00916815 0.0233212 30790
0 0.971319 0.739073 0.00752945 0.0338077 30791
0 0.932429 0.728015 0.00657692 0.0229426 30792
0 0.00572551 0.975551 0.0114044 0.0269106 30793
0 0.148347 0.737922 0.0203156 0.010949 30794
0 0.963602 0.741784 0.00959244 0.0358478 30795
0 0.853836 0.831884 0.021759 0.0360285 30796
0 0.108018 0.984222 0.0528623 0.02618 30797
0 0.77239 0.698831 0.00630074 0.017521 30798
0 0.883817 0.985021 0.0451851 0.0281104 30799
0 0.0974663 0.994362 0.0491828 0.00833893 30800
0 0.302869 0.729396 0.00752001 0.00990516 30801
0 0.190757 0.732768 0.0112912 0.00987888 30802
0 0.675242 0.81526 0.0153045 0.0210493 30803
0 0.102589 0.993543 0.0593853 0.00906609 30804
0 0.714671 0.83085 0.0227533 0.0318661 30805
0 0.885534 0.978551 0.0483776 0.0409726 30806
0 0.534446 0.740252 0.0179642 0.0102112 30807
0 0.973023 0.674298 0.00495873 0.0172414 30808
0 0.53441 0.740231 0.0179043 0.0102553 30809
0 0.996217 0.81411 0.00716248 0.0148378 30810
0 0.391207 0.831623 0.0181252 0.0849455 30811
0 0.0516628 0.75154 0.00403323 0.00583428 30812
0 0.319974 0.708778 0.00669765 0.017062 30813
0 0.577518 0.875442 0.0325994 0.0139145 30814
0 0.00961887 0.976133 0.0192377 0.0290473 30815
0 0.872708 0.845688 0.0142586 0.0144484 30816
0 0.949283 0.858972 0.013343 0.022247 30817
0 0.109895 0.981534 0.0201665 0.0224101 30818
0 0.577578 0.875673 0.033196 0.0142714 30819
0 0.770764 0.812428 0.0141018 0.0149204 30820
0 0.189687 0.733999 0.0138059 0.0118837 30821
0 0.31411 0.710147 0.0185555 0.0208513 30822
0 0.897143 0.682126 0.00542526 0.0180233 30823
0 0.89669 0.679836 0.00635834 0.0225442 30824
0 0.789538 0.699165 0.00458736 0.0166975 30825
0 0.866023 0.845202 0.0273006 0.0171099 30826
0 0.920526 0.681281 0.00737686 0.0133652 30827
0 0.123663 0.985199 0.0313163 0.0225399 30828
0 0.879306 0.680923 0.00706062 0.0176619 30829
0 0.772338 0.811998 0.0096447 0.0144389 30830
0 0.188297 0.735273 0.0141627 0.00989753 30831
0 0.864053 0.834275 0.0320503 0.0375404 30832
0 0.30021 0.729421 0.0100794 0.0104631 30833
0 0.440852 0.769485 0.00816002 0.0180517 30834
0 0.947968 0.850726 0.0319027 0.0449961 30835
0 0.0732565 0.74194 0.0106288 0.0277011 30836
0 0.937525 0.866984 0.0142181 0.015195 30837
0 0.943754 0.866313 0.0257959 0.0164254 30838
0 0.390815 0.796792 0.00731764 0.0175863 30839
0 0.836772 0.834437 0.0301044 0.0349175 30840
0 0.852961 0.845637 0.0259336 0.0142154 30841
0 0.310881 0.710081 0.0245502 0.0190928 30842
0 0.77372 0.812785 0.0200239 0.0164347 30843
0 0.922678 0.975638 0.027199 0.0370297 30844
0 0.982227 0.676061 0.00588493 0.0160535 30845
0 0.779772 0.816253 0.00771179 0.00957472 30846
0 0.0763536 0.738167 0.00414748 0.0111849 30847
0 0.071766 0.752914 0.00951345 0.00927124 30848
0 0.94644 0.859112 0.0307566 0.0291423 30849
0 0.310231 0.713842 0.0233334 0.010847 30850
0 0.35014 0.989348 0.0252361 0.0212421 30851
0 0.709976 0.831916 0.0311796 0.0309981 30852
0 0.860168 0.846033 0.039732 0.015801 30853
0 0.787429 0.699241 0.00869446 0.0167046 30854
0 0.912043 0.974535 0.0494984 0.0435269 30855
0 0.934097 0.727993 0.0104191 0.0245667 30856
0 0.981069 0.667084 0.00572243 0.0281545 30857
0 0.858879 0.84592 0.0390011 0.0147278 30858
0 0.536318 0.819113 0.0120717 0.0491987 30859
0 0.750147 0.826847 0.0256104 0.00825941 30860
0 0.145734 0.739592 0.0240139 0.0108375 30861
0 0.540249 0.822063 0.0160723 0.0567115 30862
0 0.860034 0.795556 0.0066021 0.0111457 30863
0 0.00977354 0.757405 0.017273 0.0110399 30864
0 0.153861 0.983103 0.0190077 0.0139067 30865
0 0.304962 0.729675 0.0197335 0.0105187 30866
0 0.275288 0.735531 0.00909805 0.00888536 30867
