0 0.452782 0.833356 0.0127763 0.0672248 40866
0 0.552085 0.811871 0.0119841 0.0458455 40867
0 0.822268 0.76931 0.0106285 0.0461624 40868
0 0.739622 0.784768 0.00802078 0.0459052 40869
0 0.718644 0.830135 0.0143122 0.0314779 40870
0 0.830563 0.83485 0.0176231 0.0337233 40871
0 0.716763 0.790262 0.00894947 0.043198 40872
0 0.755781 0.780965 0.00750818 0.049055 40873
0 0.842257 0.766216 0.0118374 0.0482758 40874
0 0.473221 0.855028 0.0194983 0.0300683 40875
0 0.796813 0.775578 0.00887642 0.0479601 40876
0 0.953365 0.849667 0.0223568 0.04163 40877
0 0.434824 0.914175 0.0221609 0.0375505 40878
0 0.788087 0.777121 0.00736876 0.0412092 40879
0 0.809686 0.780762 0.00543175 0.0292748 40880
0 0.692944 0.793501 0.00929337 0.0455916 40881
0 0.276248 0.726703 0.0066227 0.0151611 40882
0 0.0668733 0.740115 0.00734839 0.0238122 40883
0 0.115379 0.983273 0.0310876 0.0261007 40884
0 0.974695 0.763441 0.0179539 0.0246643 40885
0 0.00683799 0.751783 0.010163 0.0196379 40886
0 0.855859 0.832064 0.0155363 0.0316026 40887
0 0.702232 0.790932 0.0106267 0.047051 40888
0 0.95708 0.847946 0.0152081 0.0384494 40889
0 0.355436 0.989254 0.0137503 0.0214917 40890
0 0.198892 0.915593 0.0451661 0.0319068 40891
0 0.883262 0.985455 0.0449043 0.0272961 40892
0 0.43215 0.778284 0.00895252 0.0189928 40893
0 0.890918 0.976563 0.0602238 0.0452796 40894
0 0.318425 0.71401 0.00542994 0.0173272 40895
0 0.778534 0.697475 0.00529976 0.0150147 40896
0 0.903122 0.972797 0.0376307 0.0390283 40897
0 0.0221432 0.938098 0.0442864 0.0295366 40898
0 0.995546 0.813569 0.00849934 0.015917 40899
0 0.70152 0.781964 0.00860662 0.0289164 40900
0 0.527005 0.739074 0.0164184 0.0109592 40901
0 0.910089 0.973715 0.0489471 0.0418311 40902
0 0.852555 0.833329 0.0225342 0.0347387 40903
0 0.0943094 0.993913 0.0439375 0.00854221 40904
0 0.0053978 0.978452 0.0107371 0.0206412 40905
0 0.430091 0.777898 0.0137133 0.0193807 40906
0 0.676023 0.815537 0.0155643 0.019164 40907
0 0.103732 0.983877 0.0604895 0.0275262 40908
0 0.138841 0.741307 0.00730345 0.00979852 40909
0 0.794847 0.69734 0.0057127 0.0146331 40910
0 0.0667351 0.735286 0.00736487 0.016438 40911
0 0.0557537 0.752673 0.00396577 0.00824585 40912
0 0.96485 0.675856 0.00502625 0.0184623 40913
0 0.0679444 0.742113 0.0107627 0.0265803 40914
0 0.982153 0.661285 0.00946503 0.0304719 40915
0 0.699774 0.791911 0.0101501 0.0464006 40916
0 0.922287 0.973708 0.0261932 0.0414591 40917
0 0.937184 0.727274 0.00780563 0.0152449 40918
0 0.136769 0.741568 0.0117682 0.010822 40919
0 0.110293 0.980833 0.0210094 0.0227344 40920
0 0.770168 0.812804 0.0158007 0.0162928 40921
0 0.120537 0.985149 0.0390108 0.0232183 40922
0 0.702752 0.808311 0.00643158 0.0127404 40923
0 0.981233 0.661821 0.00796375 0.024136 40924
0 0.577269 0.875955 0.032271 0.0137007 40925
0 0.146086 0.742044 0.00891728 0.00937585 40926
0 0.883807 0.683294 0.00624809 0.0110124 40927
0 0.838772 0.76326 0.00586166 0.0384076 40928
0 0.186559 0.73521 0.011911 0.00889621 40929
0 0.289355 0.728524 0.00456886 0.00873006 40930
0 0.576882 0.87555 0.03162 0.0135527 40931
0 0.772789 0.813128 0.0216269 0.0174883 40932
0 0.36249 0.753593 0.00950332 0.0126767 40933
0 0.94873 0.850694 0.0310638 0.0449882 40934
0 0.00912853 0.97836 0.0180643 0.0224447 40935
0 0.899417 0.977792 0.0400867 0.0310274 40936
0 0.835015 0.834616 0.0271866 0.0349711 40937
0 0.858715 0.835222 0.0413416 0.0372742 40938
0 0.691196 0.79302 0.00976973 0.0470825 40939
0 0.937802 0.730974 0.00805054 0.0216393 40940
0 0.94789 0.857346 0.0319283 0.0331718 40941
0 0.587862 0.908036 0.052545 0.0237861 40942
0 0.126114 0.986198 0.0258944 0.0218072 40943
0 0.936707 0.722253 0.00838013 0.0246067 40944
0 0.779159 0.815899 0.00837383 0.0113519 40945
0 0.998053 0.743711 0.00346565 0.013981 40946
0 0.898565 0.682888 0.00432034 0.0131047 40947
0 0.903851 0.98005 0.0301922 0.02612 40948
0 0.99806 0.748286 0.00345688 0.0226264 40949
0 0.872262 0.845511 0.0142113 0.0150401 40950
0 0.918542 0.980453 0.0316025 0.0269952 40951
0 0.998046 0.753771 0.00345421 0.03182 40952
0 0.673347 0.8161 0.0211702 0.0203552 40953
0 0.936861 0.867068 0.0128139 0.0151774 40954
0 0.789841 0.816993 0.029093 0.0119992 40955
0 0.792878 0.773358 0.015933 0.0498172 40956
0 0.438076 0.914781 0.0158371 0.0349214 40957
0 0.703598 0.784157 0.0131684 0.0316728 40958
0 0.973634 0.652749 0.00592232 0.0141919 40959
0 0.851859 0.846087 0.0250145 0.0129091 40960
0 0.790717 0.820213 0.0276459 0.00764737 40961
0 0.946119 0.864712 0.0304111 0.0190184 40962
0 0.991374 0.752553 0.0169102 0.0272829 40963
0 0.949351 0.860138 0.0140305 0.0200707 40964
0 0.859889 0.84546 0.039542 0.0165544 40965
0 0.597466 0.915405 0.0318684 0.00872904 40966
0 0.896267 0.972876 0.0236835 0.0307319 40967
0 0.905501 0.982541 0.0626472 0.0325812 40968
0 0.924928 0.984073 0.0202015 0.0198398 40969
