0 0.476261 0.833388 0.0129475 0.0642758 None
0 0.453837 0.833889 0.0118498 0.067669 None
0 0.71843 0.830603 0.0145451 0.0305244 None
0 0.88046 0.758393 0.0111572 0.0492772 None
0 0.830606 0.834637 0.017263 0.033433 None
0 0.773785 0.781766 0.0094902 0.0404097 None
0 0.696663 0.794955 0.00919256 0.041618 None
0 0.953504 0.849487 0.022056 0.0412455 None
0 0.743768 0.784294 0.0105391 0.0471388 None
0 0.842732 0.766442 0.00897026 0.0480937 None
0 0.516237 0.808164 0.00997295 0.0424486 None
0 0.0506795 0.903108 0.0119643 0.0609061 None
0 0.482782 0.778559 0.00739861 0.022779 None
0 0.79396 0.776154 0.0102945 0.0477342 None
0 0.755496 0.782121 0.00820541 0.048594 None
0 0.856253 0.830227 0.0153801 0.0327742 None
0 0.828654 0.77251 0.00886421 0.0467499 None
0 0.908806 0.755423 0.0101395 0.0449168 None
0 0.91669 0.752367 0.00886536 0.0481945 None
0 0.324019 0.75219 0.0109651 0.014241 None
0 0.458665 0.780723 0.00668345 0.0187722 None
0 0.435004 0.902829 0.0221024 0.061342 None
0 0.068707 0.739252 0.00668014 0.0218797 None
0 0.894441 0.976139 0.065349 0.045796 None
0 0.996151 0.809862 0.00728111 0.0236718 None
0 0.278921 0.729506 0.00705619 0.0154624 None
0 0.973348 0.762295 0.016152 0.0286255 None
0 0.355084 0.98897 0.0145454 0.0220606 None
0 0.791835 0.696491 0.00442829 0.0160709 None
0 0.022353 0.938449 0.044706 0.0302329 None
0 0.439501 0.908468 0.0125396 0.0495982 None
0 0.94433 0.738889 0.0082161 0.0319141 None
0 0.767423 0.696601 0.00642471 0.0124354 None
0 0.00835044 0.751199 0.00698394 0.017687 None
0 0.90593 0.973201 0.0433651 0.0402239 None
0 0.883945 0.979433 0.0445341 0.0393024 None
0 0.391406 0.817432 0.017708 0.0557434 None
0 0.198708 0.915789 0.047012 0.0328317 None
0 0.393081 0.750503 0.0101804 0.0181447 None
0 0.0070096 0.975669 0.0139372 0.0260651 None
0 0.675888 0.813959 0.0157286 0.0216193 None
0 0.429971 0.896402 0.0130438 0.0478538 None
0 0.322926 0.710234 0.00606384 0.0164159 None
0 0.125726 0.98588 0.0269827 0.0204096 None
0 0.453894 0.822595 0.0116863 0.0452359 None
0 0.853721 0.831286 0.0209728 0.0361179 None
0 0.00659749 0.752087 0.0108561 0.0171076 None
0 0.917786 0.97273 0.0179306 0.039337 None
0 0.996267 0.674297 0.00664063 0.0158013 None
0 0.431516 0.903056 0.0175985 0.059338 None
0 0.0716508 0.750454 0.0104272 0.0126621 None
0 0.101578 0.994295 0.0589399 0.00787574 None
0 0.921523 0.97341 0.0270853 0.0400764 None
0 0.393013 0.753099 0.0118687 0.0229536 None
0 0.941939 0.755261 0.0110401 0.0042611 None
0 0.57679 0.875429 0.0318354 0.0133558 None
0 0.109503 0.9809 0.0187495 0.022954 None
0 0.116889 0.983833 0.032729 0.0236972 None
0 0.830382 0.774474 0.0119522 0.0513345 None
0 0.715678 0.831114 0.0202784 0.0311852 None
0 0.67934 0.814509 0.0194894 0.0200114 None
0 0.198369 0.736337 0.00894184 0.0135551 None
0 0.105139 0.988148 0.0658916 0.01976 None
0 0.576637 0.875195 0.0319309 0.0133269 None
0 0.161766 0.740511 0.00567014 0.00851067 None
0 0.882563 0.984533 0.041724 0.0295561 None
0 0.00839539 0.76008 0.0157415 0.00782081 None
0 0.773468 0.81289 0.00623226 0.0150506 None
0 0.105621 0.98556 0.0646319 0.0239353 None
0 0.281574 0.737179 0.0143716 0.00750868 None
0 0.0530588 0.752991 0.00440402 0.0075314 None
0 0.972105 0.675006 0.0065506 0.0160809 None
0 0.852477 0.83824 0.0233215 0.0248183 None
0 0.069124 0.742407 0.0086917 0.0284086 None
0 0.853072 0.84625 0.0262768 0.0135339 None
0 0.540934 0.848506 0.00741873 0.0287442 None
0 0.944695 0.866998 0.0282562 0.0149818 None
0 0.857816 0.847435 0.0366783 0.0123435 None
0 0.109164 0.984234 0.045604 0.0247579 None
0 0.949735 0.860624 0.0143799 0.0180379 None
0 0.770735 0.812507 0.0153511 0.0157844 None
0 0.938432 0.86724 0.0159664 0.0150038 None
0 0.457627 0.786187 0.0213342 0.0109283 None
0 0.994805 0.80965 0.00993576 0.0248779 None
0 0.936195 0.867079 0.0120495 0.0143063 None
0 0.773 0.812857 0.0207865 0.017166 None
0 0.428153 0.902461 0.0161927 0.0599125 None
0 0.766703 0.813072 0.00830612 0.0153141 None
0 0.859852 0.845865 0.0388472 0.0166538 None
0 0.906279 0.976261 0.0605274 0.0448598 None
0 0.00776194 0.758148 0.0151045 0.0106825 None
0 0.00529144 0.973576 0.0105187 0.0303906 None
0 0.947148 0.73913 0.0148111 0.034073 None
0 0.867441 0.845134 0.0208988 0.016196 None
0 0.862557 0.832314 0.0292328 0.0382295 None
0 0.981965 0.661126 0.00586815 0.0122119 None
0 0.934782 0.724681 0.00590057 0.0235426 None
0 0.458686 0.790555 0.0208395 0.0124264 None
0 0.109623 0.97352 0.0191673 0.0386039 None
0 0.96431 0.668438 0.00393448 0.0106711 None
0 0.791075 0.82048 0.0253311 0.00663045 None
0 0.94761 0.850773 0.0331343 0.0460839 None
0 0.779305 0.816353 0.00806723 0.00964932 None
0 0.871746 0.84538 0.0130173 0.0151815 None
0 0.593419 0.913511 0.0621433 0.0121389 None
0 0.837881 0.834999 0.0320934 0.0337724 None
0 0.426826 0.925348 0.0110151 0.0151937 None
