0 0.953679 0.849818 0.0218319 0.0427056 None
0 0.830778 0.834682 0.0174118 0.0335734 None
0 0.596808 0.812075 0.0105309 0.0464332 None
0 0.746743 0.783188 0.00842838 0.0452767 None
0 0.451607 0.834331 0.0119506 0.0663059 None
0 0.796802 0.774499 0.00741749 0.0462467 None
0 0.842682 0.766472 0.00903015 0.0447062 None
0 0.527978 0.819316 0.0116808 0.0513397 None
0 0.718131 0.830603 0.0127079 0.0305781 None
0 0.475857 0.854193 0.0160977 0.0292508 None
0 0.730083 0.788933 0.0095356 0.0432682 None
0 0.974175 0.762355 0.0182081 0.0273234 None
0 0.198213 0.915936 0.0454592 0.031269 None
0 0.939927 0.728801 0.00594215 0.0203308 None
0 0.856927 0.829276 0.0133408 0.0336867 None
0 0.700769 0.79245 0.00937748 0.044725 None
0 0.00843247 0.747303 0.00762084 0.0162572 None
0 0.690903 0.796715 0.00737171 0.0439701 None
0 0.0221789 0.939097 0.0443162 0.0289632 None
0 0.433754 0.914302 0.0248285 0.0369714 None
0 0.723539 0.789222 0.00867081 0.0438894 None
0 0.354462 0.989194 0.0149763 0.0216122 None
0 0.692399 0.796307 0.0098568 0.0434557 None
0 0.404302 0.764137 0.00635376 0.0155826 None
0 0.718837 0.790379 0.00602198 0.0395945 None
0 0.313337 0.70981 0.00740457 0.014013 None
0 0.114777 0.982601 0.0320056 0.0269701 None
0 0.391573 0.775028 0.00656991 0.0137797 None
0 0.883483 0.983139 0.0440187 0.032585 None
0 0.695099 0.794897 0.00873871 0.0434174 None
0 0.921601 0.972588 0.0276581 0.0416465 None
0 0.286141 0.723945 0.00772533 0.0158683 None
0 0.0667427 0.748126 0.0262622 0.0111654 None
0 0.0626277 0.739864 0.0124434 0.0249091 None
0 0.391032 0.821656 0.0188735 0.0646579 None
0 0.698568 0.793368 0.00908422 0.0455741 None
0 0.0725751 0.748213 0.014988 0.00968594 None
0 0.00585197 0.979038 0.0116417 0.0176415 None
0 0.905085 0.972531 0.0375095 0.0416307 None
0 0.437623 0.914034 0.0168596 0.036262 None
0 0.675902 0.815426 0.0170014 0.0189399 None
0 0.439337 0.91632 0.0132265 0.0303826 None
0 0.110904 0.981544 0.0240904 0.0254115 None
0 0.26814 0.73375 0.00667086 0.0161679 None
0 0.715227 0.830672 0.0190026 0.0318756 None
0 0.0602515 0.739072 0.0137798 0.0244429 None
0 0.853321 0.830594 0.0211437 0.0371416 None
0 0.91622 0.973028 0.038599 0.0427612 None
0 0.577029 0.8758 0.0340306 0.0139498 None
0 0.895588 0.976114 0.0676535 0.0458055 None
0 0.103417 0.9834 0.0643047 0.0292845 None
0 0.978919 0.67071 0.00651093 0.0146351 None
0 0.137007 0.737665 0.0132098 0.00996602 None
0 0.914653 0.971519 0.0107433 0.04084 None
0 0.0616443 0.735397 0.00558994 0.0175891 None
0 0.102002 0.994228 0.0609345 0.00883959 None
0 0.872517 0.845646 0.0148746 0.0157623 None
0 0.885889 0.977384 0.0485472 0.0440791 None
0 0.723189 0.765295 0.00621872 0.0144845 None
0 0.00928349 0.979092 0.0184464 0.0191288 None
0 0.808041 0.696671 0.00432701 0.016655 None
0 0.26852 0.733938 0.00876389 0.0175983 None
0 0.393809 0.77495 0.0146333 0.013942 None
0 0.711441 0.831354 0.0269249 0.0325049 None
0 0.860244 0.795249 0.00756454 0.0125407 None
0 0.505278 0.729377 0.00899982 0.00990058 None
0 0.772896 0.812659 0.00801964 0.014644 None
0 0.976403 0.676458 0.0118292 0.0259152 None
0 0.405583 0.76425 0.00867548 0.016194 None
0 0.836313 0.696611 0.00481453 0.0163335 None
0 0.992287 0.66767 0.00686226 0.0125417 None
0 0.744693 0.783195 0.0121128 0.0465888 None
0 0.769336 0.812752 0.0124201 0.0145796 None
0 0.959149 0.850666 0.01138 0.0373027 None
0 0.0953402 0.99419 0.0470082 0.00766568 None
0 0.996064 0.812494 0.00741119 0.0213655 None
0 0.698583 0.794266 0.0138659 0.0495063 None
0 0.856703 0.795627 0.0189283 0.0124836 None
0 0.949847 0.674711 0.00966339 0.0125276 None
0 0.15409 0.73019 0.00846431 0.00894606 None
0 0.852934 0.846867 0.0259491 0.0128194 None
0 0.436061 0.908419 0.0244274 0.0481344 None
0 0.506594 0.730015 0.0127119 0.010985 None
0 0.0654212 0.742902 0.0296055 0.0209351 None
0 0.396408 0.768719 0.0234152 0.0248244 None
0 0.974799 0.682526 0.011034 0.0137185 None
0 0.725052 0.784317 0.0127377 0.0518794 None
0 0.432539 0.7642 0.00780859 0.0103861 None
0 0.429007 0.913945 0.0345732 0.0394528 None
0 0.00645882 0.748738 0.011532 0.01529 None
0 0.9915 0.666755 0.00530701 0.0129679 None
0 0.540764 0.847191 0.00814972 0.0292642 None
0 0.155494 0.731277 0.0113509 0.0108955 None
0 0.526334 0.81245 0.0103992 0.0440616 None
0 0.388333 0.774772 0.00885963 0.0130642 None
0 0.121514 0.985873 0.0194114 0.0232307 None
0 0.430008 0.764665 0.013063 0.0114521 None
0 0.0561244 0.740099 0.00923111 0.0100796 None
0 0.908462 0.975193 0.0547495 0.046087 None
0 0.778983 0.815182 0.00924282 0.0118917 None
0 0.776325 0.812874 0.0142406 0.0164259 None
0 0.895567 0.975048 0.0216509 0.0277693 None
0 0.577328 0.872948 0.0341457 0.0201492 None
0 0.864675 0.832928 0.0316254 0.0405487 None
0 0.126527 0.985472 0.0273846 0.022267 None
0 0.892447 0.9847 0.0281063 0.0272963 None
0 0.8614 0.795644 0.0179153 0.0127894 None
0 0.818819 0.814457 0.0118057 0.0124576 None
