0 0.3111 0.860139 0.0137612 0.0562388 None
0 0.4536 0.831102 0.0114895 0.0621657 None
0 0.486762 0.826067 0.0113439 0.0556834 None
0 0.884536 0.761608 0.0084795 0.045403 None
0 0.526938 0.779126 0.00983667 0.0233297 None
0 0.953376 0.848443 0.0222527 0.0422248 None
0 0.697092 0.794402 0.00860462 0.0478539 None
0 0.8449 0.766181 0.0099678 0.049281 None
0 0.684948 0.794504 0.0104091 0.0454074 None
0 0.540178 0.776444 0.00733376 0.0283403 None
0 0.978119 0.739559 0.00928421 0.0465437 None
0 0.830982 0.834148 0.0153988 0.0335273 None
0 0.892937 0.740523 0.00683556 0.0303094 None
0 0.78562 0.776958 0.0075407 0.0445641 None
0 0.856335 0.827989 0.0128864 0.0355886 None
0 0.767848 0.778648 0.0085062 0.0394229 None
0 0.420362 0.913937 0.0120855 0.0411262 None
0 0.0110278 0.750981 0.00643467 0.0181871 None
0 0.794672 0.777102 0.00890903 0.0463131 None
0 0.93614 0.750342 0.0111042 0.0463701 None
0 0.718155 0.830175 0.0127378 0.0315321 None
0 0.925728 0.728084 0.00658226 0.0212185 None
0 0.462811 0.799525 0.00923882 0.0289093 None
0 0.35508 0.988853 0.0155229 0.0222946 None
0 0.423798 0.914446 0.0188023 0.041648 None
0 0.89359 0.97587 0.0650227 0.0463749 None
0 0.114512 0.983749 0.0317836 0.0189236 None
0 0.290442 0.751207 0.00634108 0.0156253 None
0 0.309521 0.742056 0.00689373 0.0136597 None
0 0.768479 0.7747 0.0101139 0.03401 None
0 0.330279 0.708859 0.00446291 0.0164419 None
0 0.913439 0.761095 0.00650482 0.0293618 None
0 0.198592 0.915604 0.0473748 0.0322483 None
0 0.905753 0.973226 0.0413868 0.0415848 None
0 0.883866 0.979738 0.0460535 0.039379 None
0 0.995652 0.813842 0.00827942 0.0184519 None
0 0.577817 0.872528 0.0331169 0.0203227 None
0 0.970738 0.763066 0.0106628 0.026653 None
0 0.917419 0.972575 0.018306 0.03975 None
0 0.427978 0.919616 0.0107498 0.0310835 None
0 0.713439 0.830654 0.0241232 0.0329561 None
0 0.67542 0.816011 0.0140928 0.017883 None
0 0.853799 0.82884 0.0177845 0.0381714 None
0 0.0221889 0.938359 0.0443778 0.028007 None
0 0.801467 0.782286 0.00821857 0.0262861 None
0 0.0990955 0.994138 0.0533723 0.00826111 None
0 0.948996 0.850003 0.0308556 0.0451228 None
0 0.920478 0.972974 0.0268398 0.0404931 None
0 0.53853 0.77659 0.0106382 0.0285112 None
0 0.103715 0.986077 0.0538116 0.0228383 None
0 0.78298 0.695018 0.00513449 0.0140047 None
0 0.541038 0.848963 0.00732489 0.0287755 None
0 0.00572959 0.982204 0.0113778 0.0116001 None
0 0.935722 0.742688 0.0115036 0.0339783 None
0 0.834612 0.835036 0.0235516 0.0347592 None
0 0.101337 0.987013 0.0574666 0.0217373 None
0 0.852524 0.839201 0.0209408 0.021001 None
0 0.951363 0.865877 0.0397766 0.017455 None
0 0.690603 0.792886 0.0211494 0.0504566 None
0 0.540003 0.779733 0.00818806 0.036342 None
0 0.912306 0.76081 0.00947628 0.0302992 None
0 0.770756 0.812733 0.0143211 0.0157242 None
0 0.588832 0.907326 0.0520895 0.025253 None
0 0.905054 0.975767 0.059404 0.0453586 None
0 0.802654 0.772011 0.00760994 0.0329561 None
0 0.112057 0.980805 0.0292578 0.0233968 None
0 0.68227 0.795951 0.0159291 0.0509077 None
0 0.859468 0.68698 0.00599747 0.00917096 None
0 0.122065 0.985915 0.0212379 0.0211107 None
0 0.0081753 0.75356 0.0130657 0.0169093 None
0 0.802407 0.775741 0.00914235 0.0396712 None
0 0.493007 0.864007 0.0188749 0.00876431 None
0 0.882527 0.985942 0.0435787 0.0277435 None
0 0.457386 0.826831 0.0141419 0.067739 None
0 0.677207 0.814125 0.0177647 0.0200728 None
0 0.12044 0.985088 0.0375768 0.0202877 None
0 0.774063 0.813141 0.0206358 0.0174615 None
0 0.974653 0.771773 0.0197235 0.0118035 None
0 0.950618 0.86383 0.0194923 0.0150174 None
0 0.588175 0.908277 0.0533676 0.0241418 None
0 0.695823 0.841427 0.0273371 0.0142544 None
0 0.85789 0.795371 0.0111401 0.0122928 None
0 0.779097 0.815997 0.00924721 0.0123766 None
0 0.936045 0.867757 0.0114498 0.0138509 None
0 0.00584058 0.978539 0.0115742 0.0190152 None
0 0.679601 0.798187 0.0229977 0.0517576 None
0 0.552775 0.742296 0.0214752 0.0130688 None
0 0.672503 0.816197 0.0190004 0.0187724 None
0 0.866079 0.79726 0.0440819 0.0133199 None
0 0.981883 0.771619 0.00907612 0.00993788 None
0 0.995276 0.80844 0.00899544 0.0304759 None
0 0.977117 0.673183 0.00488319 0.01376 None
0 0.852888 0.846546 0.029158 0.0134408 None
0 0.960444 0.863172 0.0455667 0.0172726 None
