0 0.453303 0.833475 0.0124306 0.0679632 None
0 0.843096 0.76581 0.00862045 0.049742 None
0 0.664243 0.800828 0.0105588 0.0457531 None
0 0.692198 0.793533 0.00959377 0.0485074 None
0 0.718236 0.830278 0.014642 0.0308295 None
0 0.761545 0.783171 0.0100854 0.0459174 None
0 0.8312 0.834681 0.0184792 0.033453 None
0 0.703441 0.790731 0.00913935 0.0478526 None
0 0.73666 0.785693 0.00932503 0.0466437 None
0 0.796216 0.77424 0.0102761 0.052478 None
0 0.774015 0.777339 0.0096386 0.0506687 None
0 0.748257 0.782301 0.00866861 0.0496331 None
0 0.561652 0.814876 0.0111635 0.0518088 None
0 0.953513 0.849246 0.0220232 0.041529 None
0 0.856163 0.830468 0.0143467 0.0328505 None
0 0.19816 0.915731 0.0464131 0.0315404 None
0 0.287536 0.723203 0.0070375 0.0173633 None
0 0.0220597 0.938157 0.0441194 0.029146 None
0 0.483031 0.859318 0.0360073 0.018787 None
0 0.956911 0.848679 0.015419 0.0402384 None
0 0.937716 0.727962 0.0093401 0.0231408 None
0 0.803776 0.697846 0.00512238 0.0173679 None
0 0.391211 0.831148 0.0177768 0.0855764 None
0 0.0608347 0.738884 0.00509567 0.019506 None
0 0.676517 0.816134 0.0157925 0.0180471 None
0 0.35496 0.98914 0.0146421 0.0217199 None
0 0.43382 0.914549 0.0242443 0.0364997 None
0 0.116391 0.983595 0.0324599 0.0256999 None
0 0.853471 0.830882 0.0214714 0.0340729 None
0 0.890264 0.976193 0.0577099 0.0453925 None
0 0.883951 0.98031 0.0457031 0.0381429 None
0 0.066715 0.74372 0.00754348 0.0225847 None
0 0.540787 0.849207 0.00690575 0.0268606 None
0 0.317093 0.710185 0.00641851 0.0171139 None
0 0.0056328 0.752945 0.0100832 0.0183577 None
0 0.577409 0.875742 0.0327608 0.0146484 None
0 0.995919 0.811595 0.00774803 0.0197364 None
0 0.745885 0.783165 0.0102291 0.0499151 None
0 0.902681 0.973624 0.0336006 0.0408006 None
0 0.519472 0.730046 0.0112497 0.0170068 None
0 0.0953685 0.994247 0.0459414 0.0081292 None
0 0.853067 0.848345 0.0245335 0.00953878 None
0 0.1102 0.984259 0.0511949 0.0266541 None
0 0.00305889 0.972507 0.00606448 0.0310091 None
0 0.913797 0.973085 0.0107565 0.0389693 None
0 0.411011 0.770882 0.012509 0.0286004 None
0 0.562562 0.806462 0.0102337 0.0356856 None
0 0.97196 0.762698 0.0135368 0.02726 None
0 0.920589 0.973642 0.0265627 0.040545 None
0 0.410457 0.773406 0.00935192 0.0234541 None
0 0.494733 0.859126 0.0159746 0.0175541 None
0 0.274602 0.730609 0.00694799 0.0181179 None
0 0.00525038 0.972341 0.0104187 0.032283 None
0 0.103988 0.993569 0.0637748 0.00895013 None
0 0.51819 0.729316 0.011388 0.0137054 None
0 0.770347 0.779401 0.00715103 0.0473016 None
0 0.408743 0.777654 0.0114385 0.0170697 None
0 0.520463 0.7304 0.0155886 0.017965 None
0 0.876689 0.682674 0.00507164 0.0132837 None
0 0.67322 0.805046 0.0172525 0.038894 None
0 0.413595 0.764374 0.00601463 0.0164425 None
0 0.97378 0.763027 0.019503 0.0276557 None
0 0.111923 0.98238 0.0244526 0.0218231 None
0 0.773248 0.81239 0.00562096 0.0152201 None
0 0.409032 0.775272 0.0151976 0.0201845 None
0 0.131419 0.983974 0.0631018 0.0249222 None
0 0.852184 0.845262 0.0224278 0.0117213 None
0 0.974373 0.770105 0.0195368 0.013345 None
0 0.972534 0.753082 0.00665264 0.00846185 None
0 0.954045 0.674745 0.00846214 0.0145298 None
0 0.783413 0.697058 0.0050478 0.0139203 None
0 0.125272 0.985223 0.0290845 0.0232049 None
0 0.880878 0.983989 0.0395309 0.0308697 None
0 0.391205 0.811395 0.0170881 0.0436622 None
0 0.00308631 0.961901 0.00614823 0.0520348 None
0 0.421641 0.763484 0.017848 0.013148 None
0 0.492348 0.858357 0.0158735 0.0184818 None
0 0.00932717 0.973562 0.0185185 0.0329883 None
0 0.410086 0.778468 0.0178408 0.0154455 None
0 0.15388 0.983567 0.0176516 0.0144765 None
0 0.910433 0.975786 0.0505312 0.044357 None
0 0.768076 0.812443 0.00938044 0.0147142 None
0 0.795623 0.764594 0.011198 0.0362637 None
0 0.949099 0.860869 0.0133987 0.0199222 None
0 0.994874 0.810559 0.00980644 0.0226193 None
0 0.77971 0.816225 0.00795536 0.0090705 None
0 0.857562 0.847128 0.0337997 0.0142331 None
0 0.995761 0.805122 0.0080452 0.0326874 None
0 0.936203 0.866849 0.0116268 0.01602 None
0 0.31302 0.716547 0.0237265 0.00668165 None
0 0.947353 0.859886 0.00990181 0.0188894 None
0 0.408448 0.779616 0.0154196 0.0127146 None
0 0.305883 0.715645 0.0335477 0.00894742 None
0 0.761077 0.824599 0.0110743 0.00662503 None
0 0.844048 0.846054 0.0440123 0.0144226 None
0 0.0669206 0.744169 0.0128876 0.0250075 None
0 0.895846 0.684375 0.00381775 0.0173782 None
0 0.862968 0.832766 0.0312759 0.0375873 None
0 0.958394 0.659351 0.00352669 0.0138949 None
0 0.587241 0.912635 0.0436851 0.0129979 None
0 0.952907 0.676265 0.00665073 0.0159876 None
0 0.574322 0.874434 0.0374359 0.0167974 None
0 0.955867 0.863772 0.0301342 0.0199599 None
