0 0.391098 0.831798 0.0185801 0.0847419 None
0 0.5769 0.810997 0.0111876 0.059667 None
0 0.796759 0.77633 0.00906868 0.0506531 None
0 0.535922 0.818378 0.012715 0.055761 None
0 0.452907 0.834144 0.0125106 0.0669373 None
0 0.831182 0.835087 0.0169544 0.0325031 None
0 0.554841 0.817138 0.00998011 0.0470191 None
0 0.313972 0.901467 0.0129749 0.0789166 None
0 0.720857 0.787216 0.0105238 0.0488436 None
0 0.718017 0.829781 0.0135452 0.0322249 None
0 0.843141 0.764382 0.0082983 0.0402842 None
0 0.689244 0.795726 0.0109023 0.0465298 None
0 0.732805 0.785006 0.0111464 0.0504978 None
0 0.644292 0.802414 0.00929546 0.0489644 None
0 0.701506 0.794737 0.0115189 0.0497058 None
0 0.115894 0.982772 0.0355834 0.0277174 None
0 0.957013 0.847949 0.0155195 0.0360636 None
0 0.928978 0.749462 0.00750618 0.0452013 None
0 0.198363 0.916501 0.045083 0.0305759 None
0 0.661785 0.80489 0.00656214 0.0308709 None
0 0.894068 0.975903 0.0649906 0.0446988 None
0 0.022134 0.938926 0.044268 0.0299357 None
0 0.986359 0.732966 0.0067009 0.0281447 None
0 0.484202 0.857156 0.0368932 0.0248483 None
0 0.944756 0.850037 0.015144 0.0378971 None
0 0.475741 0.857192 0.0193493 0.0241213 None
0 0.90636 0.973413 0.0401447 0.0395955 None
0 0.852893 0.833713 0.0226563 0.0302602 None
0 0.0967929 0.994083 0.0487489 0.00827349 None
0 0.971565 0.763104 0.0134251 0.0259223 None
0 0.355346 0.98928 0.0135181 0.0214394 None
0 0.00247316 0.976279 0.00490257 0.02399 None
0 0.00504628 0.976267 0.01004 0.0250768 None
0 0.857257 0.831044 0.0121794 0.0270294 None
0 0.861007 0.695125 0.00714283 0.0227247 None
0 0.941249 0.850919 0.0192648 0.0411228 None
0 0.34629 0.77248 0.00393925 0.0087404 None
0 0.917428 0.972888 0.017115 0.0384208 None
0 0.930554 0.747399 0.010878 0.0507562 None
0 0.106928 0.983065 0.0561966 0.0289542 None
0 0.849013 0.833438 0.0108559 0.0259723 None
0 0.884224 0.981977 0.0455219 0.0331485 None
0 0.996181 0.813482 0.0072319 0.0157555 None
0 0.0543832 0.738602 0.00943116 0.0230977 None
0 0.945388 0.851709 0.0300163 0.0420336 None
0 0.674768 0.814569 0.0141863 0.0206997 None
0 0.853347 0.848951 0.0244104 0.00795017 None
0 0.0524663 0.736403 0.0062767 0.01997 None
0 0.940858 0.673837 0.00670681 0.0189396 None
0 0.715181 0.830144 0.0201184 0.0329342 None
0 0.577087 0.875619 0.0339449 0.0138197 None
0 0.959675 0.670932 0.00461769 0.0173734 None
0 0.97438 0.766372 0.0189293 0.0209352 None
0 0.921316 0.973235 0.0258034 0.0389119 None
0 0.0546636 0.740154 0.0135285 0.0258908 None
0 0.772769 0.81343 0.0215604 0.0193092 None
0 0.360463 0.895012 0.012519 0.03415 None
0 0.932029 0.743677 0.0139008 0.0534329 None
0 0.929815 0.724316 0.00712967 0.017809 None
0 0.460589 0.752097 0.00460033 0.0107615 None
0 0.100474 0.99242 0.0558437 0.0106956 None
0 0.577579 0.87949 0.0342648 0.0137834 None
0 0.153452 0.983664 0.0177588 0.0123556 None
0 0.0523632 0.73925 0.0134197 0.0236562 None
0 0.839079 0.835392 0.0327789 0.0331801 None
0 0.890438 0.974691 0.0312275 0.0265327 None
0 0.901271 0.684908 0.0056715 0.0138045 None
0 0.819162 0.81441 0.00959702 0.0100155 None
0 0.00285262 0.97272 0.0056567 0.0312822 None
0 0.936459 0.867111 0.0157314 0.0138435 None
0 0.360044 0.887942 0.0140612 0.0498908 None
0 0.863446 0.835052 0.0275883 0.0348989 None
0 0.860004 0.694968 0.0098999 0.0241761 None
0 0.0763451 0.755046 0.00488236 0.0111165 None
0 0.334219 0.725367 0.0148849 0.0113636 None
0 0.486117 0.751247 0.0053586 0.010652 None
0 0.858656 0.835913 0.0383923 0.0366811 None
0 0.00880304 0.976726 0.0174027 0.0268958 None
0 0.941534 0.670698 0.00777988 0.0238 None
0 0.00578941 0.97283 0.0114299 0.032717 None
0 0.953037 0.659994 0.00397682 0.0111058 None
0 0.87847 0.985264 0.0346088 0.0279799 None
0 0.959837 0.666941 0.00401802 0.0148415 None
0 0.912697 0.672736 0.00610733 0.0130476 None
0 0.781139 0.813522 0.0365637 0.0203347 None
0 0.844477 0.842769 0.0438143 0.0211856 None
0 0.495183 0.862703 0.015149 0.0118635 None
0 0.578002 0.88691 0.0349573 0.00905117 None
0 0.0482006 0.742398 0.0267514 0.0300252 None
0 0.895819 0.97326 0.0192169 0.0230591 None
0 0.987721 0.67218 0.00521584 0.014866 None
0 0.114569 0.995271 0.0835491 0.00945774 None
0 0.508685 0.721809 0.0161304 0.0122004 None
0 0.266788 0.730624 0.00832691 0.0117445 None
0 0.859025 0.846563 0.0367834 0.0160816 None
