0 0.453336 0.833745 0.0121601 0.0667263 None
0 0.477868 0.833811 0.0147945 0.0686571 None
0 0.830239 0.83471 0.017416 0.0333988 None
0 0.71875 0.830264 0.0146069 0.0317627 None
0 0.0820067 0.899984 0.0148627 0.0648363 None
0 0.794222 0.775525 0.00939922 0.046206 None
0 0.781288 0.781055 0.0093689 0.0395555 None
0 0.89243 0.756859 0.0104439 0.0483297 None
0 0.95339 0.848784 0.0219929 0.039495 None
0 0.843022 0.764722 0.00937462 0.0462514 None
0 0.930853 0.750985 0.00909805 0.0442376 None
0 0.744746 0.78432 0.0142376 0.0464806 None
0 0.973841 0.762384 0.0189602 0.0281309 None
0 0.836537 0.771162 0.00690537 0.0400255 None
0 0.852507 0.832267 0.0241035 0.0361806 None
0 0.197972 0.915648 0.0459864 0.0317013 None
0 0.391563 0.816756 0.0167443 0.0541965 None
0 0.514516 0.810117 0.00832272 0.0420392 None
0 0.757419 0.782994 0.00807781 0.0479106 None
0 0.855684 0.83091 0.01684 0.0344893 None
0 0.320325 0.750404 0.00894074 0.0136061 None
0 0.698823 0.793359 0.00856285 0.0462694 None
0 0.0064136 0.750632 0.00977258 0.0178733 None
0 0.364391 0.751174 0.00567446 0.0151449 None
0 0.354922 0.989311 0.0144301 0.0212926 None
0 0.488198 0.777909 0.00734425 0.0221976 None
0 0.323089 0.710339 0.00563626 0.0154519 None
0 0.701747 0.792834 0.00651779 0.0447388 None
0 0.577737 0.875263 0.0327232 0.0159349 None
0 0.43824 0.909474 0.0187557 0.0473728 None
0 0.894241 0.975062 0.0654968 0.0465403 None
0 0.905376 0.972492 0.0419044 0.0419327 None
0 0.0221053 0.939361 0.0441875 0.0299216 None
0 0.675743 0.815806 0.0151999 0.0185247 None
0 0.0706261 0.745384 0.00943184 0.0307068 None
0 0.114612 0.981802 0.0300999 0.0236155 None
0 0.792635 0.695479 0.00728264 0.0114982 None
0 0.996047 0.810658 0.00749741 0.021818 None
0 0.0707273 0.749482 0.00772469 0.0218864 None
0 0.0689087 0.73759 0.00682642 0.0164296 None
0 0.90298 0.678983 0.00628815 0.0188633 None
0 0.51017 0.810276 0.0048645 0.0237791 None
0 0.00661419 0.980204 0.0131585 0.0170715 None
0 0.513275 0.813899 0.00977535 0.0349518 None
0 0.693457 0.794546 0.0106676 0.0453262 None
0 0.695301 0.793701 0.011084 0.0453963 None
0 0.109838 0.981029 0.0204732 0.0226932 None
0 0.952746 0.857919 0.0236881 0.0274889 None
0 0.885047 0.684349 0.00615616 0.0116645 None
0 0.0028405 0.980579 0.00562706 0.0154541 None
0 0.692666 0.787691 0.00874796 0.0278198 None
0 0.979197 0.652049 0.00769005 0.0222664 None
0 0.0687442 0.744141 0.0104178 0.0299805 None
0 0.108082 0.98398 0.0452415 0.0272251 None
0 0.54048 0.849364 0.00718184 0.0270803 None
0 0.95157 0.85937 0.0188391 0.0220684 None
0 0.513322 0.807805 0.0113018 0.0404994 None
0 0.773363 0.812557 0.00775108 0.0146729 None
0 0.33934 0.730828 0.00705647 0.0103216 None
0 0.0527377 0.753005 0.00457442 0.0072937 None
0 0.776816 0.812938 0.0132017 0.0151396 None
0 0.774356 0.812487 0.0191645 0.0162781 None
0 0.530874 0.739741 0.0165596 0.00962796 None
0 0.00940307 0.980305 0.0187537 0.0176549 None
0 0.772924 0.812205 0.0122299 0.0152808 None
0 0.913177 0.973501 0.0436466 0.0434882 None
0 0.884812 0.979483 0.0473223 0.0389209 None
0 0.769734 0.812067 0.0133007 0.0153854 None
0 0.97075 0.64822 0.00325279 0.0101473 None
0 0.464349 0.7787 0.00792465 0.0182424 None
0 0.921791 0.973547 0.0266874 0.0414456 None
0 0.767513 0.812422 0.00834045 0.013952 None
0 0.872535 0.845966 0.0148626 0.0157718 None
0 0.199675 0.730753 0.00842233 0.00794576 None
0 0.755057 0.783888 0.0129673 0.0462919 None
0 0.936936 0.867005 0.0131084 0.0161958 None
0 0.948687 0.850904 0.028429 0.0449943 None
0 0.935257 0.735954 0.00788097 0.0425569 None
0 0.11897 0.983853 0.0384371 0.0244432 None
0 0.1598 0.739302 0.00821395 0.0102736 None
0 0.102658 0.993176 0.06138 0.010768 None
0 0.979761 0.654291 0.00910988 0.0226037 None
0 0.948465 0.866346 0.0368826 0.0169851 None
0 0.362001 0.752808 0.01197 0.0175913 None
0 0.948817 0.864698 0.0362473 0.020167 None
0 0.433261 0.908045 0.0194006 0.0496257 None
0 0.585781 0.907356 0.0436071 0.0233209 None
0 0.917251 0.970472 0.0148144 0.0390137 None
0 0.715898 0.830709 0.0205839 0.032152 None
0 0.864227 0.833697 0.0322863 0.0398151 None
0 0.120276 0.985371 0.0204248 0.0237732 None
0 0.429343 0.907025 0.0097784 0.0494754 None
0 0.924175 0.979675 0.0220324 0.0286584 None
0 0.343125 0.732155 0.021275 0.013092 None
0 0.0985269 0.993836 0.0518826 0.00820109 None
0 0.474761 0.818016 0.00841217 0.0374044 None
0 0.767366 0.695365 0.00717926 0.00973256 None
0 0.688088 0.804314 0.015634 0.038011 None
0 0.819283 0.814443 0.0113159 0.0114656 None
0 0.0694482 0.746598 0.013931 0.0331789 None
0 0.589101 0.907244 0.0321977 0.0220598 None
0 0.681264 0.81391 0.0264009 0.0223124 None
0 0.925523 0.985555 0.0185944 0.0169988 None
0 0.835164 0.77192 0.00992374 0.0410472 None
0 0.43661 0.907933 0.0120226 0.0433896 None
