0 0.45292 0.833306 0.0129061 0.0675739 None
0 0.83062 0.834927 0.0174145 0.0329334 None
0 0.843646 0.767038 0.00771027 0.0465307 None
0 0.563826 0.81359 0.0123987 0.0496257 None
0 0.95353 0.849922 0.0222401 0.0421538 None
0 0.702598 0.792722 0.0109262 0.0445977 None
0 0.807669 0.77203 0.010688 0.0525309 None
0 0.766883 0.777992 0.00797806 0.0414063 None
0 0.693116 0.793742 0.00889606 0.0437324 None
0 0.77951 0.785314 0.00692101 0.0330902 None
0 0.736835 0.786387 0.00922051 0.0460897 None
0 0.796938 0.775938 0.00787535 0.0481469 None
0 0.75221 0.780267 0.00747118 0.048013 None
0 0.0222343 0.938635 0.0443289 0.028206 None
0 0.197951 0.916082 0.0455432 0.0317793 None
0 0.78787 0.775114 0.00803776 0.049939 None
0 0.678277 0.796555 0.0103452 0.0430701 None
0 0.938081 0.729059 0.00763817 0.0226729 None
0 0.717792 0.829918 0.0136558 0.0321984 None
0 0.482734 0.856711 0.0284927 0.0237739 None
0 0.856441 0.830723 0.0138783 0.0328403 None
0 0.115121 0.981284 0.0315165 0.0234745 None
0 0.974059 0.763061 0.0189007 0.0269335 None
0 0.852813 0.831865 0.0225172 0.0340218 None
0 0.432539 0.91483 0.0266535 0.0377119 None
0 0.894284 0.975411 0.0676682 0.0467451 None
0 0.00778467 0.749638 0.00776227 0.0173482 None
0 0.907051 0.972587 0.0436993 0.0420112 None
0 0.287795 0.723772 0.00740914 0.0158993 None
0 0.11966 0.982623 0.0404451 0.0263723 None
0 0.354443 0.989289 0.0155584 0.0214216 None
0 0.713981 0.830047 0.0221817 0.0330963 None
0 0.316151 0.71343 0.00572596 0.0175839 None
0 0.491336 0.856066 0.0112629 0.02219 None
0 0.275322 0.731835 0.00681238 0.0158125 None
0 0.0612479 0.737488 0.00963805 0.0183909 None
0 0.996214 0.807575 0.00716591 0.0278266 None
0 0.878529 0.684167 0.00645351 0.0185832 None
0 0.00599314 0.750323 0.011961 0.018654 None
0 0.88402 0.979478 0.0472668 0.0388421 None
0 0.576465 0.875792 0.0319605 0.0138499 None
0 0.182129 0.735041 0.011323 0.00995161 None
0 0.096972 0.994083 0.0496942 0.00848185 None
0 0.140246 0.738789 0.0148098 0.00942061 None
0 0.413576 0.780073 0.0147802 0.017276 None
0 0.391092 0.817041 0.0178306 0.0538545 None
0 0.91248 0.755184 0.0246365 0.0115621 None
0 0.540506 0.84878 0.00699978 0.0280836 None
0 0.06546 0.747604 0.00725017 0.0154416 None
0 0.00257229 0.974866 0.00509661 0.0270986 None
0 0.52336 0.735735 0.014282 0.00951504 None
0 0.440761 0.919024 0.0104203 0.0248947 None
0 0.520611 0.735262 0.00882778 0.00985599 None
0 0.00560099 0.974761 0.0111452 0.0281816 None
0 0.955067 0.668426 0.00735168 0.0259032 None
0 0.972365 0.672517 0.00599384 0.0182444 None
0 0.41562 0.779621 0.00911522 0.0171436 None
0 0.750725 0.78077 0.0105092 0.0492154 None
0 0.106747 0.983769 0.0657872 0.0278971 None
0 0.676238 0.7997 0.0148135 0.0501987 None
0 0.0605411 0.741764 0.017381 0.0268887 None
0 0.411681 0.763131 0.0070652 0.0109282 None
0 0.274043 0.732037 0.00887151 0.0163883 None
0 0.983647 0.666281 0.00668316 0.0215875 None
0 0.412466 0.76351 0.00619907 0.0093477 None
0 0.922059 0.972555 0.02687 0.0425754 None
0 0.780086 0.698079 0.00782852 0.0164509 None
0 0.524135 0.736717 0.0153671 0.00813293 None
0 0.772308 0.812902 0.0178168 0.0152564 None
0 0.980567 0.666963 0.00712624 0.0223697 None
0 0.898559 0.682418 0.00600128 0.0157316 None
0 0.375242 0.759719 0.012091 0.0119734 None
0 0.493659 0.856627 0.0164621 0.0225323 None
0 0.957559 0.850227 0.0146095 0.0395881 None
0 0.42827 0.917202 0.0224743 0.0326835 None
0 0.13704 0.739796 0.0216632 0.00916748 None
0 0.852704 0.848758 0.0245857 0.00879415 None
0 0.00593613 0.756068 0.0118112 0.0128186 None
0 0.91619 0.969759 0.0134111 0.0382545 None
0 0.956393 0.669158 0.0090765 0.0255502 None
0 0.778308 0.81361 0.00989494 0.0143823 None
0 0.767547 0.813267 0.0085041 0.0144489 None
0 0.904138 0.977215 0.0369789 0.0327406 None
0 0.928478 0.68002 0.00770912 0.0110441 None
0 0.880526 0.983341 0.0399771 0.0316364 None
0 0.00607797 0.753368 0.0120124 0.0182634 None
0 0.979118 0.669982 0.00871086 0.0221817 None
0 0.421396 0.915109 0.0488569 0.0392731 None
0 0.797933 0.697866 0.006565 0.0155626 None
0 0.153441 0.983737 0.0178232 0.0123786 None
0 0.41463 0.777545 0.0188448 0.0227743 None
0 0.678678 0.816179 0.016993 0.0164742 None
0 0.522283 0.733624 0.0126005 0.0134545 None
0 0.874362 0.985269 0.0274563 0.0271617 None
0 0.833473 0.834585 0.0238144 0.0346617 None
0 0.935766 0.866877 0.0110744 0.0148451 None
0 0.349463 0.989328 0.0264363 0.0212263 None
0 0.00506596 0.963164 0.0101119 0.0544451 None
0 0.990035 0.76994 0.0194376 0.00820618 None
0 0.863224 0.833019 0.0294731 0.0381551 None
0 0.857287 0.837099 0.0445751 0.0343418 None
0 0.409907 0.932842 0.0289217 0.00726929 None
0 0.988712 0.764539 0.0221031 0.0159397 None
0 0.982045 0.762474 0.0356132 0.0256173 None
0 0.289632 0.733928 0.050097 0.0142575 None
0 0.592642 0.907026 0.0618748 0.0241358 None
0 0.592961 0.909463 0.061733 0.0200601 None
0 0.00306866 0.95706 0.00611258 0.0631514 None
0 0.989642 0.767719 0.0202484 0.011605 None
0 0.939282 0.729152 0.0104656 0.0238207 None
0 0.952716 0.860654 0.0193336 0.022093 None
0 0.843643 0.845098 0.0452732 0.0166504 None
0 0.389073 0.800683 0.0102104 0.0215719 None
0 0.508821 0.85118 0.0830872 0.0333934 None
0 0.295723 0.729171 0.0355001 0.00823975 None
0 0.588818 0.914046 0.0539001 0.0101807 None
0 0.971012 0.862185 0.0341991 0.0119276 None
0 0.969383 0.76339 0.0264732 0.0285302 None
0 0.965301 0.862733 0.0440304 0.0132077 None
0 0.935864 0.867068 0.0110664 0.0150777 None
