0 0.453169 0.833519 0.0118303 0.0676039 7265
0 0.298331 0.861617 0.0139585 0.0573461 7266
0 0.48479 0.827587 0.0153797 0.0569168 7267
0 0.953429 0.848323 0.022221 0.0420344 7268
0 0.697599 0.794099 0.00919514 0.0490626 7269
0 0.830802 0.834064 0.0153776 0.0331992 7270
0 0.537269 0.776523 0.0097271 0.0272312 7271
0 0.894464 0.737642 0.00704155 0.0274102 7272
0 0.973271 0.736095 0.00814152 0.0384016 7273
0 0.842176 0.767204 0.0104332 0.0490746 7274
0 0.423804 0.914325 0.0184519 0.0417721 7275
0 0.941783 0.749145 0.0101795 0.047757 7276
0 0.468314 0.798489 0.00791159 0.0307044 7277
0 0.856329 0.827894 0.0129606 0.0355594 7278
0 0.524212 0.780108 0.0107174 0.0199236 7279
0 0.769489 0.780061 0.00918045 0.0467495 7280
0 0.796773 0.775272 0.0093977 0.0482361 7281
0 0.684879 0.794212 0.0110653 0.0414642 7282
0 0.788102 0.77705 0.0104322 0.0475464 7283
0 0.198205 0.916416 0.0463313 0.0309879 7284
0 0.0096096 0.750772 0.00923414 0.0175771 7285
0 0.816027 0.773914 0.0109547 0.0425969 7286
0 0.881035 0.759432 0.00738297 0.0416206 7287
0 0.718547 0.829954 0.0136572 0.032232 7288
0 0.350562 0.988838 0.0222119 0.0223246 7289
0 0.114497 0.983753 0.0319521 0.0188268 7290
0 0.893798 0.975942 0.0654633 0.046451 7291
0 0.540882 0.84945 0.00685244 0.0279711 7292
0 0.926392 0.728456 0.00816727 0.0226017 7293
0 0.783344 0.696233 0.00610142 0.0118997 7294
0 0.713339 0.830426 0.024798 0.0335269 7295
0 0.577823 0.872546 0.0331849 0.0203118 7296
0 0.883985 0.979623 0.046311 0.0396973 7297
0 0.995634 0.813851 0.0083149 0.0185282 7298
0 0.289938 0.750189 0.00498223 0.014279 7299
0 0.00809682 0.751122 0.0129899 0.018369 7300
0 0.910501 0.760593 0.00674343 0.0241018 7301
0 0.330332 0.709276 0.00467353 0.0168152 7302
0 0.917325 0.972616 0.0184927 0.0398363 7303
0 0.816083 0.781223 0.0112339 0.0284095 7304
0 0.905877 0.973333 0.0416073 0.0421249 7305
0 0.769818 0.790237 0.00837317 0.0276505 7306
0 0.0967443 0.99422 0.0485643 0.00811157 7307
0 0.853749 0.828765 0.0179523 0.0381909 7308
0 0.971803 0.763421 0.0128815 0.0263791 7309
0 0.675349 0.816024 0.014932 0.0186439 7310
0 0.920895 0.973096 0.028089 0.0407783 7311
0 0.0654589 0.751457 0.0179884 0.0124456 7312
0 0.949431 0.849488 0.0298019 0.0443812 7313
0 0.965083 0.700607 0.0681877 0.0236972 7314
0 0.0684028 0.750982 0.0124252 0.0127826 7315
0 0.97645 0.673755 0.00553284 0.0150787 7316
0 0.907606 0.68257 0.00469742 0.0145031 7317
0 0.101026 0.991106 0.0570939 0.0137451 7318
0 0.00945092 0.758298 0.0163262 0.00943366 7319
0 0.0221881 0.93891 0.0443761 0.0262505 7320
0 0.950445 0.866079 0.0381651 0.0169067 7321
0 0.00586513 0.75756 0.00982664 0.00952301 7322
0 0.935465 0.742106 0.00521774 0.0216451 7323
0 0.0806144 0.752903 0.0166092 0.0142693 7324
0 0.973458 0.762408 0.0170206 0.0285634 7325
0 0.103347 0.986154 0.0546685 0.0227509 7326
0 0.00576932 0.982211 0.011463 0.0117759 7327
0 0.882406 0.984762 0.0430992 0.0298408 7328
0 0.789291 0.820121 0.0263945 0.00771891 7329
0 0.0595366 0.750831 0.00592824 0.0074117 7330
0 0.696829 0.7972 0.0116146 0.0566115 7331
0 0.77027 0.812155 0.0137959 0.0164364 7332
0 0.995701 0.661214 0.00325203 0.00812581 7333
0 0.679319 0.81614 0.0220284 0.0189609 7334
0 0.974503 0.771791 0.0179146 0.0111457 7335
0 0.421035 0.913219 0.0128611 0.0401296 7336
0 0.589355 0.907316 0.0519873 0.0251495 7337
0 0.95986 0.863299 0.0488304 0.0166975 7338
0 0.949928 0.864291 0.0215824 0.015074 7339
0 0.307449 0.740183 0.00822043 0.00895284 7340
0 0.905361 0.9758 0.0600487 0.0454429 7341
0 0.779682 0.817506 0.00875378 0.0103468 7342
0 0.853067 0.846689 0.0294624 0.012833 7343
0 0.935974 0.867663 0.0113384 0.0133501 7344
0 0.588621 0.910217 0.052707 0.0203513 7345
0 0.855103 0.847393 0.0449718 0.0127045 7346
0 0.852283 0.84169 0.0214035 0.0163951 7347
0 0.112317 0.980968 0.029831 0.0233124 7348
0 0.859425 0.795402 0.00740757 0.0123218 7349
0 0.678961 0.805171 0.0211992 0.0387397 7350
0 0.153441 0.983323 0.0181172 0.0133623 7351
0 0.84261 0.835017 0.0408957 0.0351435 7352
0 0.86421 0.79876 0.0400572 0.0113466 7353
0 0.120285 0.985078 0.0380576 0.0203495 7354
0 0.691871 0.792817 0.0205458 0.050431 7355
0 0.492967 0.863988 0.0201734 0.00883552 7356
0 0.957922 0.866386 0.0553658 0.0148787 7357
0 0.834573 0.833937 0.0243818 0.0361803 7358
0 0.122758 0.985972 0.0253882 0.0212226 7359
0 0.973291 0.655039 0.00661507 0.0240484 7360
0 0.200873 0.725999 0.00617657 0.00813633 7361
0 0.922871 0.682512 0.00739746 0.0117804 7362
0 0.899439 0.752711 0.0273422 0.0110623 7363
0 0.960192 0.863235 0.0522522 0.0120612 7364
0 0.591698 0.914033 0.0447112 0.0120636 7365
0 0.679719 0.798896 0.0228147 0.051905 7366
0 0.975072 0.673102 0.00833015 0.0174277 7367
0 0.696131 0.841526 0.0274525 0.0144531 7368
0 0.788872 0.818664 0.0265302 0.00971392 7369
0 0.479352 0.821156 0.00598354 0.028772 7370
0 0.844436 0.846475 0.0458652 0.0152978 7371
0 0.99528 0.807631 0.00897636 0.0322288 7372
0 0.00586065 0.97866 0.0116208 0.0189875 7373
0 0.0996543 0.987018 0.0547433 0.0203259 7374
