0 0.453089 0.834068 0.0128183 0.0672474 None
0 0.232972 0.871722 0.0161549 0.0519567 None
0 0.69826 0.794872 0.00936184 0.0450918 None
0 0.953582 0.848763 0.0224899 0.0429204 None
0 0.480407 0.82775 0.0133845 0.0613942 None
0 0.843363 0.764647 0.00788841 0.0443878 None
0 0.422005 0.909258 0.0193817 0.0514418 None
0 0.871733 0.763048 0.0094593 0.0400419 None
0 0.979799 0.739109 0.00814571 0.0476061 None
0 0.821179 0.77186 0.00832977 0.0423248 None
0 0.829318 0.834096 0.0179474 0.0321337 None
0 0.77596 0.777193 0.00757465 0.0497243 None
0 0.970251 0.738454 0.0105759 0.038089 None
0 0.811652 0.771878 0.00800152 0.0428585 None
0 0.520801 0.777279 0.00995159 0.0265025 None
0 0.853921 0.764457 0.00856133 0.0424744 None
0 0.00963033 0.744118 0.0100614 0.0202399 None
0 0.949444 0.744975 0.0106806 0.046327 None
0 0.198766 0.915496 0.045923 0.0331109 None
0 0.678544 0.790418 0.0102953 0.0331065 None
0 0.791864 0.7775 0.0153603 0.0461192 None
0 0.354397 0.989078 0.0145869 0.0218445 None
0 0.906803 0.743655 0.0087738 0.0237583 None
0 0.370564 0.738643 0.00812035 0.0118683 None
0 0.854689 0.831108 0.0201389 0.0352995 None
0 0.71726 0.83045 0.0140186 0.0323905 None
0 0.933418 0.729369 0.00774651 0.0230972 None
0 0.502551 0.782811 0.0070097 0.0163015 None
0 0.883609 0.980197 0.0454392 0.0382921 None
0 0.870573 0.680963 0.00669651 0.0166401 None
0 0.331366 0.709411 0.0052887 0.0149002 None
0 0.765114 0.696023 0.00554142 0.0129974 None
0 0.0221402 0.938372 0.0442803 0.0294669 None
0 0.995669 0.811894 0.00823822 0.0210141 None
0 0.715701 0.830757 0.0199142 0.0326077 None
0 0.917131 0.9728 0.0184866 0.0397795 None
0 0.114709 0.982964 0.0305167 0.0246031 None
0 0.787414 0.776633 0.00770531 0.0460663 None
0 0.39116 0.817262 0.0173873 0.0552241 None
0 0.119874 0.984962 0.0404464 0.0226973 None
0 0.92141 0.973822 0.0272434 0.0420495 None
0 0.977322 0.67477 0.00514984 0.0202698 None
0 0.095491 0.994308 0.0465229 0.00824653 None
0 0.0740792 0.741618 0.0113063 0.0181966 None
0 0.781789 0.695251 0.00672035 0.0156274 None
0 0.107187 0.740126 0.0107157 0.0123296 None
0 0.576968 0.874501 0.0336251 0.0167962 None
0 0.675909 0.815837 0.0142892 0.0180142 None
0 0.200964 0.728581 0.0116303 0.0101408 None
0 0.794218 0.779445 0.0107005 0.0415476 None
0 0.103845 0.984412 0.0558992 0.0260042 None
0 0.333576 0.715301 0.0402895 0.00913239 None
0 0.0056281 0.981433 0.0111739 0.0144804 None
0 0.907034 0.973508 0.0416821 0.0410316 None
0 0.298482 0.740801 0.00675082 0.0120304 None
0 0.8952 0.976197 0.0679562 0.044696 None
0 0.487709 0.807249 0.00838633 0.035929 None
0 0.769909 0.812623 0.0160748 0.0160007 None
0 0.10958 0.981342 0.0199267 0.023898 None
0 0.291764 0.753998 0.0104537 0.0161443 None
0 0.679514 0.795458 0.0120298 0.0442661 None
0 0.101581 0.987802 0.0588981 0.020216 None
0 0.711069 0.831632 0.0273135 0.0334917 None
0 0.89524 0.767654 0.00617905 0.0248447 None
0 0.852585 0.84747 0.0257792 0.0103502 None
0 0.704783 0.831457 0.0403435 0.0339915 None
0 0.540565 0.850829 0.00699959 0.0303892 None
0 0.977714 0.658435 0.00805473 0.0282477 None
0 0.974471 0.767372 0.0190561 0.0182193 None
0 0.78049 0.695418 0.00947084 0.0148966 None
0 0.125085 0.985602 0.0289927 0.0220374 None
0 0.0737114 0.741201 0.0122679 0.0193966 None
0 0.932209 0.730714 0.0102602 0.02681 None
0 0.295336 0.748561 0.0197218 0.026769 None
0 0.977744 0.653555 0.00767784 0.0221525 None
0 0.692642 0.841753 0.0326741 0.0144626 None
0 0.957758 0.847813 0.0146587 0.0391229 None
0 0.973965 0.747565 0.0178333 0.0570051 None
0 0.421748 0.927685 0.0178072 0.0155938 None
0 0.159495 0.738981 0.0197787 0.0121192 None
0 0.935895 0.866056 0.0115936 0.0152391 None
0 0.947442 0.850964 0.0346046 0.0463855 None
0 0.67621 0.799167 0.0154837 0.0516134 None
0 0.790462 0.820993 0.0246893 0.00627306 None
0 0.977015 0.655744 0.0108269 0.0274924 None
0 0.901716 0.744518 0.0193821 0.0259035 None
0 0.851915 0.840828 0.0237877 0.0217407 None
0 0.589265 0.906864 0.0380484 0.0232873 None
0 0.843243 0.846543 0.0456032 0.014266 None
0 0.300119 0.741764 0.0108527 0.0136712 None
0 0.422384 0.91656 0.0187816 0.0373528 None
0 0.916687 0.975478 0.0369646 0.0432068 None
0 0.947543 0.865412 0.0351837 0.018163 None
0 0.779184 0.816482 0.00771332 0.00975087 None
0 0.977259 0.663697 0.011088 0.042088 None
0 0.858196 0.845854 0.0406841 0.0166584 None
0 0.679832 0.815702 0.0213107 0.0193229 None
0 0.975561 0.669683 0.0117142 0.0314585 None
0 0.992953 0.659744 0.00541611 0.0110515 None
0 0.0695692 0.743112 0.0207834 0.0173296 None
0 0.97325 0.756073 0.0173952 0.0407657 None
0 0.106307 0.982054 0.0328961 0.0272949 None
0 0.843434 0.835085 0.0434372 0.0348209 None
0 0.869259 0.681058 0.0095499 0.0166172 None
0 0.895832 0.983674 0.0215734 0.0284804 None
0 0.701025 0.840338 0.0415016 0.0163106 None
