0 0.45326 0.83402 0.0131634 0.0667786 9165
0 0.423717 0.895211 0.0168541 0.0810855 9166
0 0.480965 0.831619 0.0133881 0.0632962 9167
0 0.699963 0.794238 0.00943432 0.0431992 9168
0 0.791244 0.776471 0.00981016 0.0482771 9169
0 0.955044 0.742216 0.00816822 0.0430583 9170
0 0.830208 0.8346 0.0171642 0.0339233 9171
0 0.993186 0.735618 0.0107098 0.0468801 9172
0 0.800923 0.776419 0.00812378 0.0415168 9173
0 0.149735 0.886102 0.0138767 0.0573344 9174
0 0.920101 0.749173 0.0122734 0.0465381 9175
0 0.768987 0.778663 0.00892801 0.0470272 9176
0 0.508003 0.807649 0.00949717 0.0352663 9177
0 0.71827 0.830587 0.0124452 0.030987 9178
0 0.757628 0.782201 0.0116677 0.0454393 9179
0 0.855387 0.831273 0.0161697 0.0339335 9180
0 0.895125 0.975638 0.0654476 0.0457257 9181
0 0.95391 0.848445 0.0216686 0.0378554 9182
0 0.684531 0.797746 0.00983868 0.0414008 9183
0 0.198493 0.915636 0.0454547 0.0318519 9184
0 0.788189 0.698749 0.00646668 0.0198241 9185
0 0.480468 0.78091 0.007306 0.0190403 9186
0 0.506039 0.777484 0.00822277 0.0169501 9187
0 0.974347 0.741435 0.00903282 0.0304616 9188
0 0.843818 0.765404 0.00687332 0.0452698 9189
0 0.02209 0.938884 0.0441799 0.0295197 9190
0 0.852435 0.832114 0.0216785 0.0361223 9191
0 0.116576 0.983603 0.0333097 0.0267802 9192
0 0.327972 0.711814 0.00600452 0.0160216 9193
0 0.846282 0.766513 0.00797844 0.0427914 9194
0 0.676638 0.815364 0.0168644 0.0190352 9195
0 0.935525 0.726767 0.0061779 0.023317 9196
0 0.577496 0.874616 0.0333507 0.0162966 9197
0 0.853063 0.766422 0.00867996 0.0402025 9198
0 0.355271 0.98905 0.0139418 0.0219009 9199
0 0.00722018 0.750987 0.00977423 0.0174459 9200
0 0.00625574 0.981298 0.012423 0.0146671 9201
0 0.995878 0.813095 0.00782814 0.0175127 9202
0 0.951273 0.858473 0.0172981 0.025254 9203
0 0.979392 0.674164 0.00451393 0.0183521 9204
0 0.00534104 0.751862 0.010605 0.0181825 9205
0 0.952576 0.855663 0.0208736 0.0318342 9206
0 0.974322 0.763543 0.0179098 0.0261441 9207
0 0.884166 0.979304 0.0442656 0.0381658 9208
0 0.307963 0.753388 0.00767579 0.0175988 9209
0 0.765995 0.7011 0.00671864 0.0224906 9210
0 0.0947557 0.99419 0.0451958 0.00851661 9211
0 0.0560004 0.751754 0.00561031 0.00918579 9212
0 0.9218 0.973386 0.0280598 0.0413866 9213
0 0.712453 0.831052 0.0263165 0.0323298 9214
0 0.357782 0.728729 0.00697308 0.0118702 9215
0 0.309169 0.754457 0.0131998 0.0187124 9216
0 0.109693 0.981651 0.0198063 0.0239159 9217
0 0.980537 0.662786 0.00686378 0.0400189 9218
0 0.52991 0.740775 0.00562973 0.00859918 9219
0 0.291448 0.7346 0.0107551 0.00965644 9220
0 0.917695 0.972747 0.0187351 0.0400367 9221
0 0.905763 0.973799 0.0438232 0.04208 9222
0 0.987363 0.677652 0.00493622 0.0143921 9223
0 0.869623 0.769449 0.00616188 0.0316355 9224
0 0.851467 0.845418 0.0222956 0.013324 9225
0 0.980593 0.654805 0.00661049 0.0237969 9226
0 0.103504 0.984004 0.06203 0.0278798 9227
0 0.577393 0.870311 0.033904 0.0252194 9228
0 0.131595 0.98346 0.0634777 0.0261644 9229
0 0.678361 0.803611 0.0210147 0.0430796 9230
0 0.907805 0.719798 0.0616871 0.0200789 9231
0 0.0715463 0.753998 0.00528858 0.00996738 9232
0 0.122688 0.98463 0.0345388 0.0243919 9233
0 0.536066 0.741261 0.0167766 0.00914968 9234
0 0.975721 0.766584 0.0206095 0.0208188 9235
0 0.903766 0.673783 0.00593338 0.0115747 9236
0 0.863011 0.833119 0.0346828 0.0389336 9237
0 0.159202 0.74088 0.0076412 0.00868598 9238
0 0.359031 0.731833 0.0160954 0.0114753 9239
0 0.358025 0.73016 0.0168548 0.0139279 9240
0 0.0813224 0.741573 0.0113053 0.0121318 9241
0 0.847334 0.833343 0.0326313 0.0360762 9242
0 0.0710154 0.755151 0.00594057 0.00832248 9243
0 0.0091211 0.981178 0.0181253 0.0160255 9244
0 0.490628 0.862829 0.0253459 0.0106008 9245
0 0.982775 0.655236 0.00938854 0.0226598 9246
0 0.879584 0.983553 0.0352242 0.0303028 9247
0 0.773078 0.812582 0.0096468 0.0146927 9248
0 0.295172 0.73594 0.0187067 0.00986396 9249
0 0.850858 0.844015 0.0201645 0.013013 9250
0 0.843333 0.845232 0.0449886 0.0169271 9251
0 0.851974 0.840355 0.0559055 0.0288215 9252
0 0.825126 0.785339 0.0353773 0.0177397 9253
0 0.969833 0.769792 0.00915146 0.0136668 9254
0 0.682512 0.798681 0.0138847 0.0449087 9255
0 0.95142 0.862659 0.0192657 0.0213355 9256
0 0.59081 0.909196 0.0588772 0.0214159 9257
0 0.872347 0.845491 0.0145184 0.0153402 9258
0 0.9954 0.80878 0.00872383 0.0276476 9259
0 0.959341 0.848517 0.0152004 0.0368252 9260
0 0.905224 0.677855 0.00811901 0.0177317 9261
0 0.936569 0.867061 0.01243 0.0155421 9262
0 0.953641 0.859329 0.028315 0.0283103 9263
0 0.588245 0.912708 0.0532192 0.0141013 9264
0 0.195912 0.736605 0.0168838 0.00937398 9265
0 0.0975033 0.986184 0.0514279 0.0219859 9266
0 0.936079 0.867061 0.0115551 0.0156475 9267
