0 0.45242 0.834549 0.0123878 0.0654856 77109
0 0.492392 0.826073 0.0128978 0.0547316 77110
0 0.841933 0.767161 0.00878372 0.0460529 77111
0 0.559385 0.818184 0.0113258 0.0506226 77112
0 0.742864 0.78246 0.00979891 0.0489682 77113
0 0.796264 0.77617 0.00847874 0.0476637 77114
0 0.830788 0.834826 0.0175545 0.0329878 77115
0 0.677682 0.788325 0.00977898 0.0440557 77116
0 0.95365 0.850845 0.0218578 0.0408478 77117
0 0.71845 0.829588 0.0144922 0.0326681 77118
0 0.689994 0.794923 0.00890865 0.0450641 77119
0 0.0220873 0.93813 0.0441745 0.0276109 77120
0 0.640107 0.798679 0.0110373 0.0502811 77121
0 0.114566 0.982374 0.033439 0.0277824 77122
0 0.937572 0.727475 0.00745468 0.0207893 77123
0 0.0168403 0.751222 0.00898066 0.0179091 77124
0 0.0661417 0.733247 0.00649964 0.0180471 77125
0 0.315285 0.710048 0.006563 0.0192481 77126
0 0.854664 0.829797 0.0170248 0.0341068 77127
0 0.701711 0.79165 0.00902195 0.0440236 77128
0 0.890549 0.975439 0.0587654 0.046681 77129
0 0.703716 0.790179 0.01182 0.0481371 77130
0 0.355016 0.989104 0.0150811 0.0217914 77131
0 0.273096 0.728264 0.00477123 0.0154127 77132
0 0.198227 0.915467 0.0455213 0.03194 77133
0 0.902865 0.972274 0.0355883 0.0405277 77134
0 0.0954147 0.994162 0.046258 0.00800205 77135
0 0.106799 0.982775 0.0490647 0.0290443 77136
0 0.475408 0.858383 0.0176879 0.0210056 77137
0 0.433921 0.913275 0.0242076 0.0369758 77138
0 0.440947 0.918323 0.0103602 0.0255717 77139
0 0.706591 0.7896 0.00837956 0.0472863 77140
0 0.429768 0.912747 0.0158124 0.0361262 77141
0 0.973926 0.741932 0.00756264 0.032645 77142
0 0.910742 0.973419 0.0493149 0.042711 77143
0 0.695487 0.798423 0.00721111 0.0356374 77144
0 0.00564261 0.97885 0.0112508 0.0187505 77145
0 0.291917 0.724738 0.00890627 0.0143804 77146
0 0.821686 0.696739 0.00484581 0.0184505 77147
0 0.883391 0.984541 0.0446653 0.0292026 77148
0 0.983413 0.667534 0.00466614 0.0207614 77149
0 0.715481 0.829949 0.0212643 0.0333937 77150
0 0.364488 0.772332 0.0184211 0.0138679 77151
0 0.895742 0.684651 0.00423069 0.0233187 77152
0 0.848044 0.698586 0.00472145 0.0178006 77153
0 0.490413 0.729115 0.00584126 0.0112442 77154
0 0.0687514 0.733917 0.0119625 0.0200597 77155
0 0.292765 0.722776 0.0118287 0.0168952 77156
0 0.577148 0.875286 0.0333225 0.0132104 77157
0 0.97455 0.770085 0.0183548 0.0128281 77158
0 0.136966 0.741412 0.0194501 0.00993313 77159
0 0.973 0.671817 0.00460129 0.0174104 77160
0 0.773294 0.812827 0.0211771 0.0173218 77161
0 0.293222 0.724664 0.0146321 0.0146061 77162
0 0.884111 0.97892 0.0458408 0.0398966 77163
0 0.639559 0.791729 0.0117144 0.0370923 77164
0 0.996407 0.815148 0.00676842 0.0116057 77165
0 0.996276 0.810483 0.00703812 0.0212351 77166
0 0.92034 0.973174 0.0308964 0.0425018 77167
0 0.972876 0.764819 0.0138834 0.0215376 77168
0 0.161698 0.727776 0.012975 0.0104992 77169
0 0.852501 0.849015 0.0259964 0.00927226 77170
0 0.88325 0.7255 0.0288525 0.0112461 77171
0 0.699203 0.793425 0.0128285 0.0442335 77172
0 0.974089 0.751002 0.0188854 0.0506151 77173
0 0.57744 0.875725 0.0331659 0.0131809 77174
0 0.826805 0.812535 0.0220745 0.0124437 77175
0 0.974867 0.750474 0.00994778 0.0495768 77176
0 0.97422 0.765744 0.018899 0.0211646 77177
0 0.958269 0.8513 0.0129345 0.0376519 77178
0 0.011002 0.750947 0.0217536 0.0187917 77179
0 0.997627 0.671518 0.00427856 0.0152175 77180
0 0.676437 0.816539 0.0154112 0.0163584 77181
0 0.688449 0.793301 0.0117147 0.0455031 77182
0 0.942274 0.676828 0.0093296 0.0135641 77183
0 0.785274 0.779462 0.0198133 0.0194021 77184
0 0.696405 0.79235 0.0211619 0.046322 77185
0 0.576036 0.806776 0.0305164 0.0112634 77186
0 0.391144 0.831213 0.0177698 0.0840773 77187
0 0.00622799 0.748096 0.0123735 0.0095303 77188
0 0.935972 0.867119 0.0118031 0.0150877 77189
0 0.676331 0.794234 0.0124632 0.0567807 77190
0 0.587556 0.913193 0.0423824 0.0120989 77191
0 0.926059 0.682665 0.00485725 0.0109545 77192
0 0.693763 0.798578 0.0101736 0.0395928 77193
0 0.971279 0.749308 0.0141689 0.0479258 77194
0 0.947262 0.85314 0.0342772 0.0432948 77195
0 0.577347 0.88013 0.033272 0.011067 77196
0 0.427523 0.917546 0.0200996 0.028753 77197
0 0.953157 0.860912 0.0186363 0.0220172 77198
0 0.871795 0.845291 0.0133921 0.0156414 77199
0 0.914391 0.969393 0.00961914 0.0351142 77200
0 0.838818 0.83545 0.0339548 0.0340759 77201
0 0.821381 0.696841 0.00704994 0.0190655 77202
0 0.684524 0.791422 0.0179401 0.0455682 77203
0 0.940286 0.677651 0.00747871 0.0134482 77204
0 0.814033 0.769626 0.0696247 0.0489065 77205
0 0.00935034 0.978961 0.0187007 0.0216858 77206
0 0.89542 0.68021 0.00503044 0.0217014 77207
0 0.541295 0.848903 0.00708637 0.0266301 77208
0 0.843685 0.847222 0.0445557 0.0133057 77209
