0 0.47708 0.834118 0.0168182 0.0680779 None
0 0.453234 0.833642 0.0119389 0.0667511 None
0 0.830247 0.834715 0.0174177 0.0332336 None
0 0.718765 0.830327 0.0144742 0.0316055 None
0 0.0750432 0.900165 0.0111181 0.0644908 None
0 0.77876 0.778446 0.00844688 0.0438953 None
0 0.843232 0.764915 0.0084816 0.0459825 None
0 0.794083 0.77527 0.0092165 0.0464447 None
0 0.699638 0.793825 0.0109062 0.0491136 None
0 0.514784 0.808575 0.00949898 0.0406321 None
0 0.746164 0.784177 0.00987253 0.0456614 None
0 0.953357 0.848868 0.0219898 0.0397 None
0 0.834876 0.76975 0.00793419 0.0428619 None
0 0.756938 0.784076 0.00888462 0.0454944 None
0 0.928704 0.750936 0.0110023 0.0478119 None
0 0.855822 0.831485 0.016877 0.035191 None
0 0.320021 0.750171 0.00820203 0.012639 None
0 0.973619 0.762406 0.0185925 0.028301 None
0 0.35491 0.989165 0.0144331 0.0215903 None
0 0.00610413 0.751443 0.0107989 0.018492 None
0 0.905352 0.97255 0.0421021 0.041881 None
0 0.197911 0.915579 0.0460454 0.032015 None
0 0.852351 0.832202 0.0241129 0.0373837 None
0 0.369853 0.751637 0.00833645 0.0151957 None
0 0.896491 0.75736 0.00757256 0.0399575 None
0 0.432629 0.908266 0.0205825 0.0486145 None
0 0.577751 0.875213 0.0327053 0.0159597 None
0 0.322945 0.709618 0.00574412 0.0144326 None
0 0.675641 0.816053 0.0144485 0.0179108 None
0 0.114665 0.981623 0.0303302 0.0233317 None
0 0.488566 0.776894 0.00792999 0.02205 None
0 0.894166 0.975361 0.0662216 0.046678 None
0 0.996045 0.810686 0.00750084 0.0218792 None
0 0.368605 0.751808 0.00604401 0.0147688 None
0 0.00266646 0.978259 0.00529772 0.0205529 None
0 0.509763 0.812926 0.00440187 0.025768 None
0 0.0710157 0.750693 0.00795555 0.0184913 None
0 0.890417 0.757402 0.0082592 0.03911 None
0 0.90251 0.679061 0.0061985 0.018201 None
0 0.487176 0.777099 0.00964842 0.0230523 None
0 0.679028 0.816059 0.0208658 0.0181503 None
0 0.792815 0.695066 0.00730896 0.012276 None
0 0.39159 0.816518 0.0179177 0.0527469 None
0 0.00526681 0.978351 0.0105062 0.0210856 None
0 0.436537 0.908528 0.0183693 0.048017 None
0 0.109707 0.980992 0.0202906 0.0226444 None
0 0.0531509 0.752582 0.00450555 0.00706651 None
0 0.0221336 0.939036 0.0442058 0.0302095 None
0 0.771964 0.812627 0.0115331 0.0149506 None
0 0.768875 0.812464 0.0108355 0.0146228 None
0 0.77395 0.812505 0.0196302 0.01652 None
0 0.106217 0.983975 0.0496544 0.0273083 None
0 0.889743 0.751608 0.0082653 0.0371643 None
0 0.884745 0.684487 0.0052021 0.0121457 None
0 0.530299 0.73804 0.0150854 0.0112474 None
0 0.5405 0.849491 0.00712337 0.026867 None
0 0.883972 0.980003 0.046032 0.038216 None
0 0.921855 0.973175 0.02668 0.0421082 None
0 0.936999 0.867014 0.0132269 0.0161733 None
0 0.978917 0.652592 0.00713768 0.0229253 None
0 0.199485 0.729194 0.00800011 0.010417 None
0 0.281797 0.7356 0.0118523 0.0126139 None
0 0.102949 0.993816 0.0615572 0.00972968 None
0 0.872536 0.845996 0.0147781 0.0157766 None
0 0.00288306 0.983695 0.00569557 0.0314852 None
0 0.767678 0.69821 0.00780869 0.0150869 None
0 0.743052 0.783107 0.00780382 0.0426261 None
0 0.464142 0.778498 0.0110792 0.0206382 None
0 0.949185 0.865392 0.0372147 0.019161 None
0 0.917345 0.970979 0.0156101 0.0398685 None
0 0.512797 0.812243 0.00930796 0.0345015 None
0 0.948521 0.850942 0.0278988 0.0450779 None
0 0.116939 0.984795 0.0346912 0.0228502 None
0 0.00914941 0.978513 0.0181106 0.0223141 None
0 0.935873 0.741616 0.00837555 0.02946 None
0 0.585426 0.907312 0.0443442 0.0233754 None
0 0.160518 0.73911 0.00735941 0.00979106 None
0 0.932153 0.742425 0.0084404 0.0294773 None
0 0.0983968 0.99395 0.0514449 0.00807563 None
0 0.86328 0.833586 0.0340481 0.0398071 None
0 0.683043 0.816395 0.0274343 0.0173645 None
0 0.121028 0.986238 0.0191029 0.0221578 None
0 0.585932 0.910424 0.0432216 0.017364 None
0 0.938633 0.741277 0.00716915 0.0306303 None
0 0.693283 0.789304 0.00879021 0.0254323 None
0 0.937234 0.740033 0.0103724 0.0332364 None
0 0.122413 0.985749 0.0340225 0.0218426 None
0 0.842986 0.832696 0.042803 0.038452 None
0 0.955164 0.868445 0.0305 0.0110148 None
0 0.95548 0.867544 0.0526602 0.0143645 None
0 0.440569 0.91016 0.0329492 0.0461624 None
0 0.00808213 0.98293 0.0161158 0.031095 None
