0 0.416863 0.838508 0.0140613 0.0618515 None
0 0.452449 0.834417 0.0124006 0.0659812 None
0 0.357039 0.901387 0.0217907 0.0788774 None
0 0.599266 0.807231 0.0120054 0.0560384 None
0 0.84303 0.766249 0.00829086 0.0473863 None
0 0.796525 0.775147 0.00872326 0.0504405 None
0 0.830815 0.835124 0.0178488 0.0325792 None
0 0.72281 0.786009 0.00824394 0.0502999 None
0 0.71777 0.830153 0.0135681 0.0315108 None
0 0.657147 0.800118 0.00804033 0.0444331 None
0 0.558942 0.81471 0.00852175 0.0576758 None
0 0.114413 0.982791 0.0328111 0.0278476 None
0 0.553545 0.81754 0.00755901 0.0481906 None
0 0.689258 0.79568 0.0111227 0.0471305 None
0 0.198166 0.916039 0.0456032 0.0311649 None
0 0.48427 0.857824 0.036479 0.0232151 None
0 0.97198 0.763198 0.0134138 0.0273685 None
0 0.855516 0.831524 0.015996 0.0320536 None
0 0.391472 0.832641 0.0181511 0.0857147 None
0 0.937388 0.752233 0.00742378 0.0400492 None
0 0.0221178 0.938498 0.0442356 0.0303307 None
0 0.701633 0.793351 0.00942154 0.0435577 None
0 0.957128 0.848377 0.0150381 0.0363836 None
0 0.674447 0.798955 0.00694084 0.0215451 None
0 0.475416 0.857651 0.0183609 0.0228795 None
0 0.893889 0.975831 0.06483 0.0444492 None
0 0.708679 0.789779 0.0094532 0.0471307 None
0 0.906564 0.973341 0.0399368 0.0394674 None
0 0.952105 0.84981 0.0248344 0.0393575 None
0 0.677101 0.814971 0.0187054 0.0205492 None
0 0.852625 0.832138 0.0216444 0.034716 None
0 0.689471 0.806116 0.0105647 0.0264723 None
0 0.0962574 0.994099 0.0483801 0.00829264 None
0 0.699192 0.792103 0.00694008 0.0437225 None
0 0.917468 0.972909 0.0171085 0.0385266 None
0 0.00604802 0.756017 0.00902365 0.0116065 None
0 0.355371 0.989295 0.0133979 0.0214097 None
0 0.350909 0.772028 0.00938311 0.0147698 None
0 0.071787 0.750069 0.00583053 0.0109489 None
0 0.883622 0.981186 0.0447523 0.0356079 None
0 0.709053 0.780154 0.00786543 0.0291116 None
0 0.0530141 0.742708 0.00442709 0.0136478 None
0 0.703206 0.790397 0.0118616 0.0470296 None
0 0.280508 0.734735 0.00617704 0.0176527 None
0 0.00525403 0.976127 0.0104453 0.0252611 None
0 0.00232542 0.976236 0.00460221 0.023702 None
0 0.676687 0.806697 0.014327 0.036677 None
0 0.949715 0.854544 0.0160288 0.0295505 None
0 0.706123 0.791073 0.0127831 0.0474131 None
0 0.921295 0.973215 0.0256722 0.0389626 None
0 0.715093 0.830524 0.0198148 0.0323207 None
0 0.996169 0.81356 0.00725517 0.015741 None
0 0.985048 0.667899 0.00409756 0.0153381 None
0 0.391481 0.814496 0.0176572 0.049488 None
0 0.853198 0.696734 0.00495586 0.015814 None
0 0.577203 0.875725 0.0339729 0.0137829 None
0 0.741458 0.793776 0.0326568 0.0100277 None
0 0.540899 0.848177 0.00793991 0.0286855 None
0 0.931546 0.728749 0.00702438 0.0199768 None
0 0.283135 0.734946 0.0120228 0.017709 None
0 0.497905 0.718923 0.01077 0.010802 None
0 0.948765 0.858118 0.013455 0.0230706 None
0 0.948074 0.857559 0.0207102 0.0246887 None
0 0.49921 0.719114 0.0141013 0.0118459 None
0 0.908986 0.671159 0.00749073 0.0111599 None
0 0.852634 0.848044 0.0231514 0.00994992 None
0 0.772105 0.813513 0.0194062 0.0176963 None
0 0.687549 0.785101 0.00756283 0.0273356 None
0 0.859595 0.702361 0.00614281 0.0249621 None
0 0.450995 0.761355 0.00679359 0.0140439 None
0 0.906623 0.677415 0.0123753 0.0235745 None
0 0.460247 0.761797 0.00678606 0.0121377 None
0 0.904425 0.683238 0.00707703 0.0121168 None
0 0.0577227 0.743339 0.0172207 0.013367 None
0 0.141835 0.74814 0.00967684 0.00735508 None
0 0.00860397 0.976375 0.01707 0.0270155 None
0 0.859061 0.698335 0.00577126 0.0172728 None
0 0.577695 0.875892 0.0334156 0.0137058 None
0 0.710634 0.79012 0.0122931 0.0451913 None
0 0.895609 0.974082 0.0205589 0.0260173 None
0 0.100569 0.992481 0.0565115 0.0109538 None
0 0.308538 0.766262 0.0185882 0.0132946 None
0 0.120383 0.983594 0.0396496 0.0256319 None
0 0.990544 0.67119 0.0078228 0.0112444 None
0 0.172047 0.736781 0.00931096 0.0084137 None
0 0.0029595 0.973248 0.00586557 0.03017 None
0 0.153449 0.983643 0.0175499 0.012365 None
0 0.941806 0.672776 0.00485725 0.0135915 None
0 0.494794 0.862782 0.0154887 0.0120461 None
0 0.871317 0.845417 0.0123415 0.0159142 None
0 0.711521 0.798292 0.0110973 0.0282603 None
0 0.939246 0.751551 0.0110512 0.04247 None
0 0.934677 0.75083 0.013415 0.0431568 None
0 0.00610713 0.973123 0.0120531 0.0321864 None
0 0.878103 0.985115 0.0339935 0.0283166 None
0 0.946053 0.852163 0.0381535 0.0432204 None
0 0.0541366 0.745688 0.0207425 0.0198527 None
0 0.863275 0.843495 0.029961 0.0216797 None
0 0.946528 0.860424 0.0179798 0.0198564 None
0 0.974702 0.771557 0.0185368 0.014278 None
0 0.0092944 0.760419 0.0176572 0.00710517 None
0 0.0603899 0.743321 0.0121674 0.011928 None
0 0.959985 0.670776 0.00457649 0.00777639 None
0 0.8667 0.840505 0.0219223 0.0271832 None
0 0.819257 0.814727 0.00973396 0.0097463 None
0 0.936162 0.865149 0.0168747 0.0174981 None
0 0.859077 0.795196 0.00818672 0.0125078 None
0 0.109888 0.995331 0.074547 0.00933863 None
