0 0.592369 0.812737 0.0112396 0.0476035 None
0 0.796673 0.774367 0.00783463 0.0481025 None
0 0.842099 0.765879 0.00893822 0.0455285 None
0 0.451905 0.833796 0.0123496 0.0673275 None
0 0.718643 0.830305 0.0141476 0.0317095 None
0 0.953622 0.850067 0.0224329 0.0415185 None
0 0.52479 0.819649 0.0112037 0.0533186 None
0 0.830783 0.83441 0.0175488 0.033326 None
0 0.746202 0.781524 0.00849895 0.0477463 None
0 0.47538 0.854656 0.0159649 0.0295651 None
0 0.115934 0.982883 0.0358208 0.0272941 None
0 0.939381 0.72655 0.00741749 0.0176066 None
0 0.726978 0.788983 0.0091362 0.0440596 None
0 0.855855 0.82943 0.0144001 0.0329283 None
0 0.431876 0.914295 0.0278225 0.0364872 None
0 0.718355 0.786057 0.0112963 0.0522749 None
0 0.690785 0.797767 0.0113266 0.0405494 None
0 0.355358 0.989186 0.0139157 0.0216271 None
0 0.00913737 0.746328 0.00880568 0.0169973 None
0 0.390027 0.775201 0.00614257 0.0153159 None
0 0.284603 0.720149 0.00677114 0.0135093 None
0 0.997406 0.735587 0.00475426 0.0303524 None
0 0.699726 0.79253 0.00804806 0.0478177 None
0 0.0630605 0.739351 0.00637418 0.0241045 None
0 0.0058917 0.979364 0.0117018 0.0180379 None
0 0.972504 0.761305 0.0119665 0.0263509 None
0 0.890522 0.975788 0.058629 0.0466777 None
0 0.974344 0.762051 0.0172695 0.0276013 None
0 0.689909 0.774734 0.00692549 0.024912 None
0 0.809243 0.697198 0.0066843 0.0183948 None
0 0.689714 0.780651 0.00653057 0.0385647 None
0 0.436043 0.914333 0.0194033 0.0350942 None
0 0.853302 0.829971 0.0188305 0.0349091 None
0 0.404592 0.76445 0.0072403 0.0144891 None
0 0.677021 0.815142 0.0171798 0.01818 None
0 0.680829 0.815223 0.0248558 0.0185011 None
0 0.0220892 0.938124 0.0441227 0.0296034 None
0 0.0733825 0.748099 0.0131889 0.0123857 None
0 0.836794 0.698818 0.0065094 0.0201525 None
0 0.978798 0.670546 0.00614052 0.0132989 None
0 0.196895 0.915276 0.043891 0.031729 None
0 0.911544 0.974475 0.049192 0.04557 None
0 0.282415 0.720973 0.0119561 0.0151089 None
0 0.0945682 0.994457 0.0461216 0.00801561 None
0 0.996376 0.812141 0.00682297 0.0175735 None
0 0.39078 0.775434 0.00899396 0.0159288 None
0 0.702862 0.793433 0.0108028 0.0437307 None
0 0.903086 0.972758 0.0329861 0.0421751 None
0 0.853021 0.84835 0.0261444 0.0106276 None
0 0.921166 0.973269 0.0290428 0.0419896 None
0 0.503592 0.730179 0.00901184 0.0122548 None
0 0.0590444 0.739971 0.0139166 0.0260525 None
0 0.978954 0.668132 0.00607719 0.0170881 None
0 0.407495 0.76418 0.0129335 0.0149624 None
0 0.484668 0.854928 0.0351572 0.0292764 None
0 0.10233 0.993753 0.0624593 0.00869158 None
0 0.89239 0.675408 0.00703735 0.0124416 None
0 0.883132 0.979423 0.044677 0.0394214 None
0 0.267669 0.732547 0.00633483 0.0131026 None
0 0.267439 0.730184 0.00890131 0.0171982 None
0 0.691353 0.820091 0.0183815 0.00916545 None
0 0.855642 0.794422 0.017025 0.0144124 None
0 0.391148 0.831284 0.0180714 0.0874327 None
0 0.947307 0.674674 0.00576553 0.0141912 None
0 0.691501 0.818483 0.0170188 0.00993873 None
0 0.576144 0.875075 0.036422 0.0144168 None
0 0.0558287 0.739653 0.00919526 0.00965898 None
0 0.427203 0.766106 0.017547 0.0117364 None
0 0.154736 0.729026 0.00860162 0.00837131 None
0 0.505103 0.730739 0.0126857 0.0138165 None
0 0.715577 0.786775 0.00797434 0.0525755 None
0 0.540871 0.848719 0.00771399 0.0267802 None
0 0.957545 0.850475 0.0147133 0.0390995 None
0 0.974913 0.771016 0.0182219 0.0105038 None
0 0.995889 0.669413 0.00716915 0.012434 None
0 0.689551 0.770963 0.00586967 0.0210663 None
0 0.576756 0.875767 0.0356891 0.0138465 None
0 0.991209 0.668864 0.0072752 0.0133847 None
0 0.688414 0.798329 0.00931482 0.0372369 None
0 0.858648 0.794347 0.00927086 0.0141317 None
0 0.715796 0.830636 0.0200933 0.0334323 None
0 0.102288 0.983187 0.0614265 0.0273804 None
0 0.935973 0.867018 0.0116735 0.0147547 None
0 0.837181 0.835082 0.0308723 0.034482 None
0 0.940712 0.682597 0.00801163 0.0113037 None
0 0.771058 0.812394 0.0170483 0.0159114 None
0 0.388707 0.775631 0.0169727 0.0160428 None
0 0.155516 0.730127 0.00827088 0.00840658 None
0 0.577482 0.880574 0.0337191 0.00972121 None
0 0.0103287 0.74563 0.0119099 0.0182685 None
0 0.494535 0.862532 0.0165861 0.0112596 None
0 0.285114 0.722724 0.0189582 0.018425 None
0 0.914521 0.968908 0.00909157 0.0350661 None
0 0.130938 0.98252 0.0657979 0.0277413 None
0 0.559324 0.838345 0.00584927 0.0115428 None
0 0.872374 0.844914 0.0147072 0.0162788 None
0 0.856005 0.82474 0.0169788 0.0319407 None
0 0.945969 0.865847 0.0312031 0.0168101 None
0 0.996154 0.737203 0.00722466 0.033621 None
0 0.00941251 0.979933 0.0186006 0.0201009 None
0 0.853599 0.794152 0.0238331 0.0145915 None
0 0.48962 0.863117 0.026162 0.011283 None
0 0.391065 0.81118 0.0168714 0.0450229 None
0 0.689412 0.79007 0.0116964 0.0536407 None
