0 0.416614 0.838788 0.0138338 0.0616184 92054
0 0.356229 0.901135 0.0231601 0.0800858 92055
0 0.452459 0.834394 0.0123917 0.0659093 92056
0 0.599142 0.807394 0.0131947 0.056151 92057
0 0.796526 0.775174 0.00856924 0.050364 92058
0 0.84298 0.766273 0.00837135 0.0473941 92059
0 0.830833 0.835131 0.0178762 0.0325795 92060
0 0.722871 0.78596 0.0078886 0.0504184 92061
0 0.717924 0.829974 0.0138313 0.0318809 92062
0 0.656637 0.800722 0.00816078 0.0439377 92063
0 0.114589 0.982822 0.0331824 0.0279015 92064
0 0.689145 0.795194 0.010655 0.0461843 92065
0 0.556723 0.8153 0.0122297 0.0580821 92066
0 0.198051 0.916243 0.0453413 0.0307695 92067
0 0.937114 0.751084 0.00754547 0.0411068 92068
0 0.484241 0.857781 0.0364794 0.0232842 92069
0 0.971874 0.763205 0.0132269 0.0273156 92070
0 0.710294 0.789108 0.00886078 0.0463311 92071
0 0.391389 0.832627 0.0181477 0.0856369 92072
0 0.855786 0.831695 0.0155813 0.0312866 92073
0 0.701435 0.793715 0.00927639 0.0460576 92074
0 0.952503 0.849983 0.0243801 0.0400786 92075
0 0.0221266 0.938356 0.0442531 0.0305094 92076
0 0.853087 0.832289 0.0215397 0.0321725 92077
0 0.974637 0.763203 0.0183907 0.0271155 92078
0 0.893883 0.975798 0.064772 0.0444302 92079
0 0.475399 0.85761 0.0183737 0.0229791 92080
0 0.957349 0.848014 0.0148069 0.0352732 92081
0 0.906495 0.97328 0.0399736 0.0393446 92082
0 0.553761 0.817959 0.00732117 0.0441189 92083
0 0.699441 0.792615 0.00732288 0.0456926 92084
0 0.096292 0.99409 0.0484869 0.00833299 92085
0 0.67406 0.798732 0.0069499 0.0212607 92086
0 0.355333 0.989294 0.013499 0.0214127 92087
0 0.677514 0.814863 0.0198023 0.0202789 92088
0 0.917451 0.97289 0.0171427 0.0384576 92089
0 0.0716214 0.75029 0.00626028 0.0113319 92090
0 0.704079 0.789896 0.00953083 0.0460314 92091
0 0.349124 0.773154 0.00658455 0.012174 92092
0 0.883584 0.981816 0.0445725 0.0342863 92093
0 0.00570901 0.757336 0.00927275 0.010466 92094
0 0.00538288 0.976213 0.010703 0.0250346 92095
0 0.00242636 0.976318 0.00479799 0.0236033 92096
0 0.0530895 0.742697 0.00424349 0.0134394 92097
0 0.707692 0.789529 0.0101176 0.0470783 92098
0 0.742358 0.793678 0.0353297 0.0109392 92099
0 0.282548 0.736724 0.0103711 0.0171877 92100
0 0.715162 0.830378 0.0200336 0.0326007 92101
0 0.996166 0.813538 0.00726242 0.0157662 92102
0 0.677483 0.810669 0.0180116 0.0289729 92103
0 0.921509 0.973262 0.0260414 0.0389442 92104
0 0.577196 0.875721 0.0340241 0.0138134 92105
0 0.931564 0.72811 0.00725403 0.0208808 92106
0 0.540716 0.848647 0.00727005 0.0280969 92107
0 0.674646 0.806919 0.0141394 0.0373859 92108
0 0.908013 0.671989 0.00958748 0.0129061 92109
0 0.391385 0.816304 0.017656 0.0531935 92110
0 0.906923 0.677079 0.01194 0.0228879 92111
0 0.4985 0.719253 0.011801 0.0101052 92112
0 0.985507 0.668223 0.00440521 0.0153768 92113
0 0.772107 0.813414 0.0194911 0.0178233 92114
0 0.308719 0.766418 0.0172626 0.0133572 92115
0 0.460421 0.761836 0.00570507 0.0119022 92116
0 0.852676 0.847491 0.0232658 0.0108127 92117
0 0.0578017 0.74331 0.0171321 0.0134494 92118
0 0.885505 0.975222 0.0413933 0.0290541 92119
0 0.008588 0.976403 0.0170463 0.0267517 92120
0 0.948715 0.859853 0.0144917 0.0200799 92121
0 0.688096 0.78939 0.00853272 0.0356722 92122
0 0.100646 0.992538 0.0566846 0.010828 92123
0 0.577686 0.875907 0.0335016 0.0137139 92124
0 0.450921 0.761755 0.00716839 0.0130622 92125
0 0.308848 0.768322 0.0173337 0.00994059 92126
0 0.990725 0.671166 0.00726433 0.0102062 92127
0 0.985246 0.666451 0.00410233 0.0135334 92128
0 0.153464 0.983622 0.0177711 0.0123905 92129
0 0.980427 0.762292 0.0296093 0.0288801 92130
0 0.0576549 0.745449 0.0193505 0.0184597 92131
0 0.871309 0.845408 0.0124178 0.0159273 92132
0 0.945635 0.852208 0.0373463 0.0424143 92133
0 0.00304341 0.97339 0.0060253 0.0299262 92134
0 0.858575 0.837288 0.0399002 0.0349458 92135
0 0.905683 0.68298 0.00936394 0.0112366 92136
0 0.934489 0.750734 0.0129932 0.0428179 92137
0 0.878301 0.985133 0.0343124 0.0281628 92138
0 0.853421 0.696606 0.00442543 0.0159222 92139
0 0.171926 0.736669 0.00915732 0.00798747 92140
0 0.00627763 0.973379 0.0123923 0.0316632 92141
0 0.738107 0.795758 0.0445596 0.014898 92142
0 0.98575 0.754402 0.0280596 0.0172009 92143
0 0.141784 0.749074 0.00959311 0.00729302 92144
0 0.495015 0.862973 0.0150642 0.0114329 92145
0 0.934803 0.866084 0.0138683 0.0149394 92146
0 0.960131 0.670765 0.00460529 0.00789829 92147
0 0.85326 0.836478 0.0249699 0.0329553 92148
0 0.974776 0.772104 0.0184959 0.0131844 92149
0 0.941782 0.672531 0.00473137 0.0124139 92150
0 0.72949 0.798992 0.0619001 0.0202423 92151
0 0.982234 0.759303 0.0353516 0.0257928 92152
0 0.329319 0.721979 0.0198853 0.0144721 92153
0 0.862672 0.834027 0.0276827 0.0356611 92154
0 0.11033 0.995297 0.075504 0.0094062 92155
0 0.935481 0.671356 0.00394764 0.00884993 92156
0 0.819257 0.814732 0.0098917 0.00975884 92157
0 0.895703 0.972957 0.0191179 0.0230533 92158
