0 0.476004 0.834611 0.0163977 0.0659988 None
0 0.455177 0.83345 0.0130695 0.0689043 None
0 0.718454 0.830706 0.0145339 0.0303779 None
0 0.830574 0.834642 0.0173054 0.0335676 None
0 0.770171 0.779856 0.00879307 0.0448383 None
0 0.696724 0.792151 0.0115442 0.0477275 None
0 0.0390874 0.904272 0.0122255 0.0624702 None
0 0.793852 0.776272 0.0106339 0.0481856 None
0 0.435882 0.905711 0.0235039 0.0532501 None
0 0.824166 0.768312 0.00774517 0.0376419 None
0 0.517029 0.805472 0.00845604 0.0352424 None
0 0.74394 0.783992 0.00899448 0.0479426 None
0 0.843386 0.765884 0.00776005 0.0464671 None
0 0.953508 0.849527 0.0220802 0.0411279 None
0 0.755195 0.782067 0.00954418 0.0482283 None
0 0.856269 0.830217 0.0153187 0.0328345 None
0 0.875552 0.758367 0.00981216 0.0460885 None
0 0.948846 0.738984 0.00895157 0.033724 None
0 0.0695136 0.74224 0.00793664 0.0269881 None
0 0.480561 0.779217 0.00834122 0.0225184 None
0 0.402017 0.746672 0.012161 0.026752 None
0 0.278588 0.729375 0.00742235 0.0157761 None
0 0.996041 0.809877 0.00749836 0.0239056 None
0 0.894475 0.976184 0.0654553 0.0458121 None
0 0.454844 0.780382 0.00709381 0.0178864 None
0 0.956615 0.848841 0.0161448 0.0400062 None
0 0.0221481 0.938338 0.0442961 0.0304079 None
0 0.325521 0.751689 0.0108855 0.0152008 None
0 0.355002 0.988979 0.0147119 0.0220412 None
0 0.909706 0.753251 0.00669365 0.046568 None
0 0.790855 0.696419 0.00605183 0.0166553 None
0 0.00800146 0.749971 0.0114214 0.0202006 None
0 0.883884 0.97955 0.0444241 0.0393144 None
0 0.973267 0.762745 0.0160902 0.0274726 None
0 0.906125 0.973165 0.0438946 0.0403019 None
0 0.00679774 0.975397 0.0135112 0.0260617 None
0 0.198125 0.733731 0.00986662 0.00957286 None
0 0.675245 0.815905 0.0142894 0.0187174 None
0 0.768602 0.697412 0.00750475 0.0145082 None
0 0.917106 0.755769 0.00810337 0.0431132 None
0 0.322897 0.710704 0.00627589 0.0176983 None
0 0.915413 0.755412 0.00756512 0.0425374 None
0 0.400363 0.759529 0.0315407 0.00913968 None
0 0.0713137 0.750421 0.00912881 0.0133416 None
0 0.679105 0.815826 0.0218035 0.0191498 None
0 0.838626 0.775327 0.0067503 0.0281847 None
0 0.125859 0.985878 0.0271547 0.0204278 None
0 0.91781 0.972796 0.0181568 0.0395915 None
0 0.753624 0.783557 0.0108843 0.0460956 None
0 0.853593 0.83144 0.0213907 0.0363827 None
0 0.921335 0.973357 0.0272173 0.0403295 None
0 0.330414 0.732506 0.0186547 0.00593804 None
0 0.973021 0.674462 0.00626183 0.0179081 None
0 0.918916 0.756793 0.00836906 0.0407842 None
0 0.0534488 0.752659 0.0066268 0.00822415 None
0 0.883394 0.985229 0.0432266 0.0280846 None
0 0.00873574 0.759134 0.0142956 0.00758226 None
0 0.160808 0.740306 0.00532255 0.00759956 None
0 0.934188 0.727499 0.00714455 0.0254562 None
0 0.10166 0.994182 0.0598748 0.00808682 None
0 0.715743 0.831216 0.0201317 0.031003 None
0 0.973807 0.753581 0.0059473 0.0101395 None
0 0.109632 0.980381 0.0189804 0.0230842 None
0 0.773825 0.813359 0.00651264 0.0142361 None
0 0.11746 0.984174 0.0337698 0.0232544 None
0 0.577008 0.875443 0.0320498 0.0135006 None
0 0.105674 0.985716 0.0652651 0.0235819 None
0 0.974649 0.769789 0.0182339 0.0140591 None
0 0.769631 0.69909 0.00941887 0.0176392 None
0 0.852484 0.838137 0.0234102 0.0251529 None
0 0.853156 0.846173 0.0264006 0.0136776 None
0 0.972327 0.767845 0.0149284 0.0182783 None
0 0.576774 0.875232 0.0321185 0.0133596 None
0 0.105004 0.986314 0.0662917 0.0233439 None
0 0.328179 0.728636 0.00889082 0.00927124 None
0 0.858603 0.847249 0.038056 0.0128655 None
0 0.109227 0.984471 0.0467706 0.0243237 None
0 0.528433 0.738637 0.00331907 0.00690375 None
0 0.771449 0.81266 0.0140657 0.0155592 None
0 0.307688 0.716633 0.0159857 0.00806478 None
0 0.280312 0.730334 0.0113076 0.0171458 None
0 0.773414 0.812962 0.0202111 0.0169447 None
0 0.944871 0.866868 0.0285538 0.0152334 None
0 0.765799 0.710227 0.0207699 0.00915595 None
0 0.280495 0.737087 0.0111417 0.00937161 None
0 0.766664 0.813348 0.00815258 0.0149021 None
0 0.330444 0.73044 0.0188433 0.00935686 None
0 0.90591 0.976045 0.0608475 0.0452406 None
0 0.00391477 0.973708 0.00776332 0.0293118 None
0 0.937519 0.867218 0.0141722 0.0149475 None
0 0.44262 0.929206 0.0385429 0.00835588 None
0 0.779205 0.815651 0.00831718 0.0109545 None
0 0.883057 0.682779 0.00532913 0.00748562 None
0 0.0546166 0.752982 0.00953643 0.0083508 None
0 0.457615 0.782315 0.0126608 0.0155236 None
0 0.877829 0.672357 0.00525188 0.0100575 None
0 0.949489 0.860634 0.0139086 0.0180511 None
0 0.865162 0.845122 0.0257496 0.0162789 None
0 0.0711154 0.747069 0.0122727 0.0205605 None
0 0.862847 0.83244 0.0296944 0.0382548 None
0 0.992819 0.675709 0.00597954 0.0174973 None
0 0.947669 0.850762 0.0329914 0.0458557 None
0 0.312885 0.716949 0.0254711 0.00949012 None
0 0.391163 0.832709 0.0181576 0.0874188 None
0 0.329048 0.729268 0.0172109 0.0101752 None
0 0.540696 0.848457 0.00818806 0.0299344 None
0 0.981472 0.66214 0.0059494 0.015027 None
0 0.593522 0.913441 0.0620767 0.012293 None
0 0.871756 0.84538 0.0130413 0.0151462 None
0 0.321621 0.710838 0.009867 0.0177165 None
0 0.947374 0.865548 0.0178154 0.0121836 None
0 0.791287 0.820609 0.0245644 0.00657688 None
0 0.109609 0.973712 0.0192511 0.0382667 None
0 0.768798 0.702474 0.0109963 0.0138834 None
0 0.772707 0.707101 0.031506 0.00804782 None
