0 0.453112 0.833403 0.0126354 0.0686193 45481
0 0.736654 0.786314 0.00866375 0.0458494 45482
0 0.843708 0.765214 0.00724983 0.0490139 45483
0 0.823551 0.769139 0.00943241 0.0532169 45484
0 0.830656 0.835003 0.017767 0.0330738 45485
0 0.805894 0.772895 0.00970764 0.0502096 45486
0 0.953518 0.849825 0.0221514 0.0422056 45487
0 0.755201 0.781788 0.00834103 0.0489717 45488
0 0.564226 0.812042 0.0134365 0.0448663 45489
0 0.697174 0.797356 0.0104273 0.0461565 45490
0 0.777016 0.779218 0.00985718 0.0443492 45491
0 0.703222 0.79355 0.00764599 0.0436832 45492
0 0.796161 0.775383 0.0087616 0.0488946 45493
0 0.474743 0.854428 0.029084 0.0298679 45494
0 0.717584 0.830226 0.0129419 0.0313348 45495
0 0.940231 0.728488 0.00714931 0.0210358 45496
0 0.797093 0.697098 0.00507145 0.0162587 45497
0 0.00437981 0.750876 0.00811896 0.0177146 45498
0 0.0221769 0.938576 0.0443537 0.0282552 45499
0 0.856183 0.831118 0.0149576 0.0341756 45500
0 0.064641 0.735408 0.00614281 0.0191267 45501
0 0.11513 0.981024 0.0308822 0.0227761 45502
0 0.894015 0.975529 0.0670731 0.0470242 45503
0 0.90673 0.972304 0.0438114 0.0416016 45504
0 0.852778 0.831601 0.0225849 0.034631 45505
0 0.971526 0.763917 0.0136827 0.0247637 45506
0 0.354441 0.989299 0.0155316 0.0214025 45507
0 0.434099 0.914376 0.0235977 0.0374069 45508
0 0.42065 0.781046 0.00686646 0.01922 45509
0 0.276205 0.728068 0.00557966 0.0142198 45510
0 0.9742 0.764113 0.0196144 0.0252319 45511
0 0.480686 0.853859 0.0172307 0.029057 45512
0 0.714364 0.830195 0.0195696 0.032666 45513
0 0.409846 0.761607 0.00495396 0.00830078 45514
0 0.198384 0.91636 0.0440192 0.0312225 45515
0 0.677951 0.815764 0.0199834 0.0185838 45516
0 0.317426 0.714115 0.00516329 0.0148887 45517
0 0.00565552 0.976152 0.0112529 0.02486 45518
0 0.0626655 0.735556 0.0103875 0.0202667 45519
0 0.698914 0.795745 0.0140627 0.0477776 45520
0 0.57642 0.87573 0.0319204 0.0139672 45521
0 0.00245758 0.976445 0.00488139 0.0236254 45522
0 0.883378 0.984885 0.0455582 0.0284839 45523
0 0.77964 0.697927 0.00503387 0.0149948 45524
0 0.525222 0.735212 0.0170528 0.010473 45525
0 0.440882 0.919183 0.0101639 0.0247045 45526
0 0.429731 0.915812 0.0238089 0.0350276 45527
0 0.119982 0.982952 0.0400703 0.0252597 45528
0 0.88477 0.979135 0.0489292 0.0399794 45529
0 0.106089 0.983806 0.0595821 0.0276527 45530
0 0.3701 0.75727 0.00988255 0.0112539 45531
0 0.674914 0.81617 0.0142678 0.0185184 45532
0 0.996004 0.811239 0.00758152 0.0213328 45533
0 0.0642004 0.742349 0.00820023 0.033108 45534
0 0.0991242 0.994059 0.0537662 0.00866258 45535
0 0.391615 0.832759 0.0172674 0.0858856 45536
0 0.996186 0.81577 0.00721359 0.0122545 45537
0 0.921987 0.972583 0.0269157 0.0424213 45538
0 0.0616605 0.740212 0.00951214 0.0111945 45539
0 0.901456 0.681185 0.00400162 0.0139637 45540
0 0.952512 0.661418 0.00402832 0.00924394 45541
0 0.290191 0.727419 0.00697308 0.00775825 45542
0 0.958949 0.672706 0.00651169 0.0224689 45543
0 0.984944 0.666407 0.00521526 0.0236977 45544
0 0.772967 0.813088 0.0202723 0.0155979 45545
0 0.959062 0.850441 0.0115108 0.0385559 45546
0 0.185257 0.733476 0.0122821 0.00904456 45547
0 0.983647 0.669738 0.00821667 0.0242091 45548
0 0.682439 0.815324 0.0259172 0.0184163 45549
0 0.974852 0.771133 0.0187435 0.0117276 45550
0 0.102421 0.990706 0.060246 0.014615 45551
0 0.273583 0.731961 0.00894704 0.0150842 45552
0 0.136802 0.737843 0.0231533 0.0101242 45553
0 0.540647 0.844583 0.00562515 0.0182675 45554
0 0.483251 0.852144 0.0121166 0.0280318 45555
0 0.904639 0.975835 0.0385462 0.0327783 45556
0 0.979954 0.662009 0.00601768 0.0198993 45557
0 0.272643 0.734613 0.00746527 0.0140951 45558
0 0.420978 0.915187 0.0499172 0.0393667 45559
0 0.287352 0.724268 0.00829186 0.0121947 45560
0 0.540636 0.849106 0.00684605 0.0273268 45561
0 0.91573 0.968698 0.0123138 0.0364563 45562
0 0.918109 0.971623 0.0184223 0.0406711 45563
0 0.525929 0.736137 0.0184525 0.00978936 45564
0 0.980166 0.668145 0.0087513 0.027036 45565
0 0.00279388 0.973252 0.00554887 0.0303135 45566
0 0.974331 0.673768 0.00635109 0.0151505 45567
0 0.421177 0.780328 0.0190442 0.0198215 45568
0 0.935756 0.86681 0.0110695 0.0148197 45569
0 0.0625051 0.742426 0.0147255 0.0334666 45570
0 0.884575 0.685616 0.00576096 0.0111809 45571
0 0.349653 0.989374 0.0259893 0.0211277 45572
0 0.858742 0.835185 0.0418739 0.0380961 45573
0 0.153451 0.983716 0.0177986 0.0124237 45574
0 0.111476 0.982946 0.0319185 0.0230228 45575
0 0.959052 0.669156 0.00637779 0.0209437 45576
0 0.852717 0.848553 0.0240719 0.00907525 45577
0 0.859929 0.795821 0.00680275 0.0108509 45578
0 0.987552 0.681134 0.0105274 0.00594618 45579
0 0.971929 0.651599 0.00461712 0.0162069 45580
0 0.388515 0.80071 0.0114615 0.0221758 45581
0 0.985381 0.680687 0.0153358 0.00734439 45582
0 0.69455 0.800386 0.00961037 0.0346027 45583
0 0.958368 0.672165 0.00862656 0.0254684 45584
0 0.98082 0.771547 0.0123255 0.00967882 45585
0 0.711411 0.839727 0.0245088 0.0153422 45586
0 0.856649 0.796345 0.0175606 0.0113115 45587
0 0.485107 0.85358 0.0229664 0.0291941 45588
0 0.682892 0.814412 0.0193722 0.0173384 45589
0 0.981491 0.652645 0.00618782 0.021926 45590
0 0.98602 0.770725 0.0275204 0.00927938 45591
0 0.00903199 0.976645 0.0177923 0.0267344 45592
0 0.953205 0.858966 0.019355 0.0249542 45593
0 0.862006 0.832624 0.028166 0.0385095 45594
0 0.876907 0.985867 0.0332747 0.0273268 45595
