0 0.717004 0.787404 0.0109196 0.0496514 63483
0 0.452418 0.833922 0.0125523 0.0672891 63484
0 0.702178 0.792418 0.0102081 0.0463947 63485
0 0.746235 0.781451 0.00989876 0.0513226 63486
0 0.830759 0.834755 0.0176395 0.0333906 63487
0 0.796593 0.775879 0.0079936 0.048171 63488
0 0.692621 0.795353 0.0100234 0.0476851 63489
0 0.953626 0.849989 0.0219589 0.0423286 63490
0 0.61372 0.809144 0.0108648 0.0486823 63491
0 0.541848 0.820141 0.0116268 0.0563522 63492
0 0.47574 0.853807 0.0156762 0.0304988 63493
0 0.843202 0.765921 0.0081749 0.0436517 63494
0 0.938581 0.72879 0.00795059 0.020904 63495
0 0.730348 0.786131 0.00825615 0.0445509 63496
0 0.856287 0.830026 0.0142117 0.0322611 63497
0 0.718257 0.830645 0.013113 0.0310789 63498
0 0.198161 0.915548 0.0454102 0.0311605 63499
0 0.972286 0.762404 0.0153095 0.0274087 63500
0 0.0589933 0.737877 0.00512685 0.0198093 63501
0 0.00495049 0.751165 0.00932627 0.0184079 63502
0 0.433625 0.914157 0.0251184 0.0374866 63503
0 0.828572 0.695761 0.00646439 0.0150536 63504
0 0.114371 0.981934 0.0315106 0.0274182 63505
0 0.354814 0.989168 0.0149409 0.0216641 63506
0 0.712171 0.831127 0.02593 0.0323751 63507
0 0.0222591 0.938739 0.0444859 0.0294632 63508
0 0.676359 0.81495 0.0166208 0.0194845 63509
0 0.905347 0.9724 0.0370607 0.0412442 63510
0 0.883467 0.982456 0.0441002 0.0339235 63511
0 0.854297 0.830942 0.019698 0.0338097 63512
0 0.732009 0.78626 0.0111794 0.0453915 63513
0 0.0653157 0.751396 0.00573519 0.0133776 63514
0 0.31398 0.715564 0.00633445 0.0200558 63515
0 0.92184 0.9726 0.0270185 0.0414178 63516
0 0.0594395 0.742777 0.00559044 0.0302951 63517
0 0.394637 0.776564 0.00649962 0.015565 63518
0 0.939459 0.729433 0.0103737 0.0229757 63519
0 0.799053 0.695849 0.00596304 0.0132252 63520
0 0.275598 0.729461 0.00602207 0.0165212 63521
0 0.737538 0.792723 0.00812044 0.0325009 63522
0 0.996168 0.811523 0.00724754 0.0207743 63523
0 0.440444 0.917656 0.0108801 0.0281589 63524
0 0.984358 0.68038 0.00628471 0.018092 63525
0 0.438848 0.916195 0.0139896 0.0322496 63526
0 0.29256 0.725372 0.00641193 0.0182602 63527
0 0.136746 0.741003 0.0126466 0.00956574 63528
0 0.576998 0.875848 0.0338538 0.0137244 63529
0 0.895183 0.976099 0.0669537 0.0455921 63530
0 0.430887 0.755048 0.00445309 0.00948012 63531
0 0.398447 0.759936 0.00571337 0.0100176 63532
0 0.914786 0.971546 0.0107841 0.0405874 63533
0 0.514927 0.732471 0.00917816 0.0111118 63534
0 0.293639 0.72655 0.00524101 0.0203981 63535
0 0.102781 0.994213 0.0619821 0.00858629 63536
0 0.10346 0.98292 0.0636137 0.0299437 63537
0 0.959199 0.850248 0.0112535 0.0378554 63538
0 0.872519 0.845588 0.0152445 0.0151764 63539
0 0.391131 0.832382 0.0186201 0.0899041 63540
0 0.00832121 0.980904 0.0165436 0.0156659 63541
0 0.773375 0.812527 0.00700893 0.0146674 63542
0 0.852907 0.847908 0.0257912 0.011017 63543
0 0.985287 0.677251 0.0082531 0.0170941 63544
0 0.434277 0.908171 0.0274034 0.0494734 63545
0 0.972628 0.663371 0.00671539 0.037916 63546
0 0.00621293 0.981766 0.0123468 0.0130815 63547
0 0.429765 0.754835 0.00815678 0.0113837 63548
0 0.392062 0.776623 0.0121844 0.0159924 63549
0 0.867065 0.845767 0.0263191 0.015951 63550
0 0.769738 0.812588 0.0126963 0.0146001 63551
0 0.158174 0.736862 0.0100783 0.00803731 63552
0 0.134392 0.741319 0.0176676 0.0110148 63553
0 0.529186 0.82607 0.0149368 0.00745544 63554
0 0.993405 0.763866 0.0127628 0.01096 63555
0 0.971596 0.654787 0.00828819 0.0243861 63556
0 0.859899 0.795079 0.00834007 0.0131317 63557
0 0.484654 0.853929 0.0354803 0.0308326 63558
0 0.908986 0.975116 0.0541342 0.0461541 63559
0 0.952127 0.861462 0.0180305 0.0210297 63560
0 0.00967072 0.979399 0.0191696 0.0211765 63561
0 0.492914 0.863875 0.018989 0.00890028 63562
0 0.00672285 0.979188 0.0133494 0.0185628 63563
0 0.119228 0.98205 0.0430051 0.0290741 63564
0 0.431587 0.754758 0.00755014 0.011215 63565
0 0.864131 0.83356 0.0328861 0.0391815 63566
0 0.97574 0.762687 0.0233089 0.028202 63567
0 0.559301 0.838756 0.00575771 0.0123183 63568
0 0.576084 0.881447 0.0322536 0.00677083 63569
0 0.841284 0.835174 0.0390965 0.0342502 63570
0 0.922601 0.980613 0.0253 0.025846 63571
0 0.775593 0.812865 0.0147078 0.0163744 63572
0 0.779324 0.816054 0.00840569 0.0104713 63573
0 0.890355 0.9837 0.0328148 0.029354 63574
0 0.944788 0.865433 0.0287603 0.0173028 63575
