0 0.452548 0.833375 0.0123075 0.0672551 41569
0 0.71857 0.830675 0.0142977 0.0305255 41570
0 0.715262 0.790335 0.00869942 0.0442903 41571
0 0.830523 0.834843 0.0175734 0.0335734 41572
0 0.820427 0.770654 0.0103203 0.0486354 41573
0 0.75603 0.781364 0.00698595 0.0482736 41574
0 0.796841 0.77496 0.00811443 0.0492576 41575
0 0.739235 0.784798 0.00919762 0.045659 41576
0 0.78679 0.778083 0.00897102 0.0437052 41577
0 0.553554 0.81357 0.0116566 0.0461906 41578
0 0.693902 0.794685 0.00940342 0.0449802 41579
0 0.807708 0.781556 0.00643501 0.030613 41580
0 0.953348 0.849629 0.0223541 0.0415366 41581
0 0.843767 0.766741 0.00761452 0.0443895 41582
0 0.434905 0.914185 0.02202 0.0375465 41583
0 0.70261 0.791548 0.0105877 0.0467428 41584
0 0.428807 0.778646 0.0109323 0.0180854 41585
0 0.838528 0.763966 0.00731926 0.0429013 41586
0 0.115392 0.983302 0.0310934 0.0262278 41587
0 0.855833 0.831952 0.015498 0.0309302 41588
0 0.473294 0.85531 0.0195312 0.0304532 41589
0 0.0668554 0.740621 0.00746641 0.025972 41590
0 0.277024 0.727955 0.00551577 0.0165214 41591
0 0.974031 0.763803 0.0193043 0.0247152 41592
0 0.778259 0.698686 0.0049819 0.0156734 41593
0 0.318307 0.71399 0.00557594 0.0174842 41594
0 0.957131 0.847855 0.0150993 0.0382039 41595
0 0.355406 0.989257 0.0138217 0.0214858 41596
0 0.199028 0.915979 0.045032 0.0312259 41597
0 0.890984 0.976542 0.0603479 0.0453383 41598
0 0.883377 0.985422 0.0451143 0.0273204 41599
0 0.00717812 0.753077 0.00891126 0.0198947 41600
0 0.794626 0.697523 0.00550451 0.0145624 41601
0 0.902975 0.972758 0.0374763 0.0390027 41602
0 0.0674331 0.743172 0.0088869 0.025844 41603
0 0.995551 0.813606 0.00848751 0.0158457 41604
0 0.0221704 0.938006 0.0443409 0.0299221 41605
0 0.675977 0.815494 0.0152469 0.0191756 41606
0 0.910112 0.973755 0.048851 0.0419668 41607
0 0.0943747 0.993926 0.0440712 0.00859172 41608
0 0.85272 0.833287 0.0218025 0.0342407 41609
0 0.103841 0.98383 0.0601926 0.0276427 41610
0 0.00541724 0.978576 0.0107846 0.0203869 41611
0 0.0667481 0.7341 0.00707867 0.0140445 41612
0 0.701916 0.806582 0.00652084 0.0171807 41613
0 0.527379 0.736896 0.0177154 0.0115238 41614
0 0.93754 0.72631 0.00631905 0.0172652 41615
0 0.00558361 0.755009 0.0108726 0.0162543 41616
0 0.695879 0.792922 0.012541 0.0475908 41617
0 0.110298 0.980858 0.0210093 0.022801 41618
0 0.973305 0.651406 0.00523396 0.0124162 41619
0 0.922242 0.973758 0.0263165 0.0415378 41620
0 0.769878 0.81252 0.0152102 0.016649 41621
0 0.982076 0.661984 0.00900002 0.0313286 41622
0 0.120594 0.985199 0.0390009 0.0232349 41623
0 0.963977 0.677312 0.00461197 0.0149224 41624
0 0.793495 0.697578 0.00728703 0.0147141 41625
0 0.29113 0.729504 0.0143294 0.0109326 41626
0 0.948705 0.850717 0.0310188 0.0449446 41627
0 0.98238 0.6557 0.00805779 0.0203705 41628
0 0.576949 0.875603 0.0317873 0.0134179 41629
0 0.577255 0.875993 0.0322761 0.0135905 41630
0 0.524018 0.736153 0.0121613 0.0113659 41631
0 0.00908731 0.978418 0.0179925 0.0222371 41632
0 0.838413 0.764864 0.00980587 0.046462 41633
0 0.772793 0.812612 0.0218318 0.0178853 41634
0 0.862102 0.834966 0.0345045 0.0365526 41635
0 0.902115 0.979382 0.0331831 0.026482 41636
0 0.92321 0.978059 0.0237644 0.0317932 41637
0 0.840253 0.834548 0.0378323 0.0353041 41638
0 0.98099 0.663157 0.00725918 0.0232156 41639
0 0.947822 0.857257 0.0319103 0.0334167 41640
0 0.364245 0.753018 0.00492792 0.00842963 41641
0 0.186562 0.735073 0.0130004 0.00739119 41642
0 0.779444 0.816009 0.00803623 0.0106188 41643
0 0.852005 0.846457 0.0254072 0.0123088 41644
0 0.126199 0.986296 0.0257914 0.0217141 41645
0 0.587896 0.908044 0.0525535 0.0237908 41646
0 0.678596 0.814334 0.0204275 0.0203895 41647
0 0.936938 0.867096 0.0129887 0.0152123 41648
0 0.872275 0.845499 0.0141998 0.0150201 41649
0 0.91757 0.980572 0.0339241 0.0269782 41650
0 0.188783 0.736102 0.0185606 0.00886129 41651
0 0.437929 0.914775 0.016136 0.0347629 41652
0 0.946054 0.865107 0.0303457 0.0182763 41653
0 0.991384 0.676916 0.00564022 0.0150428 41654
0 0.989806 0.675126 0.00509148 0.0176136 41655
0 0.0676516 0.741392 0.0113846 0.0296689 41656
0 0.790397 0.81959 0.0272445 0.00883687 41657
0 0.111229 0.984805 0.0288449 0.023341 41658
0 0.673491 0.816231 0.0205156 0.0207397 41659
0 0.97847 0.668851 0.00637207 0.0243249 41660
0 0.883301 0.68358 0.00723801 0.0108627 41661
0 0.973929 0.675512 0.00534744 0.017209 41662
0 0.896529 0.972565 0.024721 0.0309991 41663
0 0.949295 0.860123 0.0139328 0.01997 41664
0 0.789612 0.816978 0.0275909 0.0116938 41665
0 0.903312 0.982909 0.0673399 0.0322218 41666
0 0.937052 0.72448 0.00772324 0.0252207 41667
0 0.59757 0.915391 0.0316294 0.00872379 41668
