0 0.504894 0.823689 0.0129055 0.0587826 None
0 0.259088 0.902938 0.0205956 0.0771761 None
0 0.368993 0.845639 0.0132009 0.0617584 None
0 0.452722 0.834204 0.0122507 0.067342 None
0 0.8429 0.764671 0.00817184 0.040701 None
0 0.797429 0.775179 0.00949459 0.0501204 None
0 0.628316 0.804931 0.00875969 0.0529046 None
0 0.718479 0.830287 0.0143019 0.0310839 None
0 0.688758 0.794555 0.0106893 0.0446253 None
0 0.555171 0.818299 0.00864925 0.0489244 None
0 0.831246 0.834988 0.0167429 0.0322588 None
0 0.702764 0.792352 0.0109144 0.0463247 None
0 0.54607 0.812898 0.0105213 0.0578491 None
0 0.114464 0.982444 0.0313238 0.0236966 None
0 0.391099 0.832186 0.0178708 0.0850615 None
0 0.645064 0.809723 0.00647373 0.0326324 None
0 0.956306 0.848036 0.0164986 0.034669 None
0 0.98609 0.736317 0.00772095 0.036594 None
0 0.732754 0.786112 0.00867825 0.045716 None
0 0.198574 0.916182 0.0438756 0.0309197 None
0 0.475698 0.857081 0.0175873 0.0239911 None
0 0.85399 0.834258 0.0201874 0.0280151 None
0 0.74075 0.783931 0.00693951 0.0470859 None
0 0.355239 0.989403 0.0147382 0.0211945 None
0 0.532485 0.759555 0.0100923 0.0190114 None
0 0.0221728 0.93878 0.0443425 0.0288813 None
0 0.577669 0.874853 0.0326199 0.0158566 None
0 0.96764 0.734667 0.0059166 0.0246813 None
0 0.890879 0.977003 0.059927 0.0439535 None
0 0.971832 0.762627 0.0142656 0.0268251 None
0 0.904815 0.973309 0.0388874 0.0383613 None
0 0.952643 0.848796 0.02346 0.0358022 None
0 0.00394613 0.740135 0.00781728 0.0178708 None
0 0.882998 0.985025 0.0441174 0.0282206 None
0 0.0056495 0.975778 0.0112226 0.0257331 None
0 0.931692 0.727091 0.00787964 0.020379 None
0 0.339951 0.771202 0.00520606 0.0119358 None
0 0.289089 0.739063 0.00869589 0.0127869 None
0 0.479129 0.857056 0.0250045 0.0242401 None
0 0.676936 0.815294 0.017304 0.0183946 None
0 0.00800935 0.753159 0.0160187 0.00946316 None
0 0.484812 0.857015 0.0351284 0.0241447 None
0 0.940923 0.672394 0.00569496 0.0199839 None
0 0.947484 0.854525 0.0147823 0.0255676 None
0 0.972329 0.760196 0.0101913 0.0225342 None
0 0.923075 0.748812 0.00890636 0.0319804 None
0 0.901462 0.975341 0.0317308 0.0329064 None
0 0.00628193 0.740031 0.0089263 0.0187897 None
0 0.739502 0.782773 0.00688171 0.0493842 None
0 0.0983111 0.994015 0.0519433 0.00819194 None
0 0.911641 0.974226 0.0480579 0.0408713 None
0 0.784934 0.813841 0.0383883 0.0193461 None
0 0.738089 0.784033 0.00810976 0.0482471 None
0 0.462101 0.757942 0.00868931 0.0144836 None
0 0.991216 0.669875 0.00449028 0.0162517 None
0 0.917454 0.972229 0.0159136 0.0366709 None
0 0.922322 0.973523 0.0260445 0.0391883 None
0 0.540574 0.849798 0.00692349 0.0278639 None
0 0.853176 0.836437 0.0256668 0.0323992 None
0 0.914848 0.972129 0.0104408 0.0367082 None
0 0.0429908 0.737566 0.00698829 0.0138514 None
0 0.735793 0.783098 0.0115191 0.0511749 None
0 0.969041 0.734803 0.00853081 0.0256707 None
0 0.061705 0.733721 0.00703927 0.0138845 None
0 0.834586 0.834996 0.0244371 0.0330634 None
0 0.25931 0.715129 0.00808692 0.0134976 None
0 0.775425 0.813942 0.0199704 0.0184079 None
0 0.103962 0.984251 0.0531254 0.0265717 None
0 0.997063 0.668818 0.00501328 0.020325 None
0 0.592847 0.907358 0.0624958 0.0232802 None
0 0.448687 0.835899 0.00649004 0.0589433 None
0 0.996287 0.816309 0.00702076 0.0112869 None
0 0.00453933 0.972793 0.00902942 0.030956 None
0 0.145789 0.74402 0.00617852 0.0151628 None
0 0.942283 0.858123 0.0257994 0.0295885 None
0 0.924138 0.750833 0.0112396 0.037983 None
0 0.770782 0.813 0.0149065 0.0176122 None
0 0.898307 0.684009 0.00783653 0.0127729 None
0 0.860449 0.794376 0.00528927 0.0140113 None
0 0.263196 0.717386 0.015718 0.0174247 None
0 0.00845918 0.975719 0.0167592 0.0271839 None
0 0.996052 0.807613 0.00748558 0.0287198 None
0 0.92757 0.738411 0.0177673 0.0429886 None
0 0.949603 0.865929 0.0426941 0.0180308 None
0 0.530349 0.768064 0.0222511 0.0111525 None
0 0.975841 0.7715 0.0159058 0.0098114 None
0 0.785472 0.814121 0.0284523 0.0181456 None
0 0.119663 0.983862 0.0409353 0.0247743 None
0 0.593828 0.911626 0.060836 0.0146635 None
0 0.626581 0.805742 0.0120221 0.0545319 None
0 0.950125 0.860473 0.0437996 0.025824 None
0 0.942293 0.861489 0.0282925 0.0263167 None
0 0.963714 0.673497 0.00659523 0.0183385 None
0 0.871605 0.844117 0.015748 0.016471 None
0 0.064421 0.734091 0.0120821 0.0141066 None
0 0.686848 0.79482 0.0151608 0.0460441 None
0 0.961925 0.862791 0.0497475 0.0101456 None
0 0.594193 0.907005 0.0603006 0.0217478 None
0 0.540852 0.852547 0.00797863 0.035415 None
0 0.857614 0.836454 0.0423676 0.0368764 None
0 0.989511 0.678705 0.0088831 0.0100464 None
0 0.926075 0.74946 0.014967 0.0407071 None
0 0.15291 0.730836 0.00694153 0.0089998 None
0 0.340985 0.771745 0.0072608 0.0137599 None
0 0.499784 0.863395 0.0278158 0.00961982 None
0 0.861101 0.845913 0.0381134 0.0159953 None
0 0.935218 0.867176 0.0133896 0.0143795 None
0 0.534657 0.765041 0.0137651 0.0161723 None
0 0.957224 0.863399 0.058876 0.0211383 None
0 0.513903 0.721298 0.0182301 0.00938619 None
0 0.0038301 0.957556 0.0075993 0.0615363 None
0 0.891472 0.987821 0.0299839 0.0214393 None
0 0.494772 0.863492 0.0163399 0.00968865 None
0 0.595038 0.913468 0.0557087 0.0107929 None
0 0.00516942 0.967454 0.0103257 0.0437663 None
0 0.535594 0.769056 0.0130577 0.00916918 None
