0 0.453544 0.833284 0.0117246 0.0674581 None
0 0.432398 0.895148 0.017427 0.0783152 None
0 0.479071 0.832639 0.014403 0.065017 None
0 0.107683 0.893895 0.0175874 0.0621819 None
0 0.830131 0.834687 0.0175367 0.0334588 None
0 0.718626 0.829934 0.0148157 0.0324972 None
0 0.842672 0.766218 0.00891724 0.0482559 None
0 0.904917 0.754955 0.0101696 0.0459413 None
0 0.69706 0.794821 0.0102116 0.0447393 None
0 0.759926 0.7807 0.00828304 0.0493283 None
0 0.513929 0.80984 0.0105635 0.0420973 None
0 0.942104 0.749919 0.00947495 0.0469377 None
0 0.876647 0.756325 0.00792427 0.0338949 None
0 0.74688 0.78367 0.00995274 0.0461653 None
0 0.953407 0.848802 0.0218958 0.039546 None
0 0.493138 0.783918 0.00752277 0.0317952 None
0 0.789093 0.776534 0.00938931 0.0474989 None
0 0.926298 0.739895 0.00855293 0.0312836 None
0 0.855759 0.830967 0.0165604 0.0343252 None
0 0.796869 0.776254 0.00775414 0.0474777 None
0 0.355064 0.989419 0.0143684 0.0211614 None
0 0.973811 0.762851 0.0183632 0.0278134 None
0 0.316446 0.748441 0.00525756 0.0104387 None
0 0.197885 0.915074 0.0458177 0.0327582 None
0 0.905455 0.972452 0.0414021 0.0417555 None
0 0.675991 0.815516 0.0158701 0.0191177 None
0 0.893987 0.974807 0.0639854 0.0462477 None
0 0.852241 0.832421 0.0244221 0.0376421 None
0 0.0531789 0.751845 0.00426047 0.00770128 None
0 0.577724 0.875419 0.0327919 0.0154995 None
0 0.00494062 0.749527 0.00940373 0.0187375 None
0 0.0064134 0.749319 0.00670822 0.0181037 None
0 0.527614 0.741 0.00567026 0.0105109 None
0 0.467213 0.775603 0.00773459 0.0201677 None
0 0.996116 0.811049 0.00735168 0.021344 None
0 0.00580487 0.981804 0.0115234 0.0134369 None
0 0.114781 0.982105 0.0302793 0.0242703 None
0 0.952906 0.85559 0.0235281 0.0315387 None
0 0.885595 0.978976 0.0479921 0.0391459 None
0 0.791087 0.698445 0.00746222 0.0156883 None
0 0.022115 0.93897 0.0442301 0.0308433 None
0 0.0677182 0.751523 0.00540855 0.0142675 None
0 0.973095 0.758079 0.0065731 0.0187563 None
0 0.531758 0.740622 0.0138404 0.008962 None
0 0.10963 0.980763 0.0197603 0.0225637 None
0 0.993004 0.73924 0.00695114 0.0356535 None
0 0.921961 0.973008 0.0264839 0.0424788 None
0 0.0723856 0.747235 0.0122803 0.0243106 None
0 0.772158 0.813117 0.0170957 0.0154846 None
0 0.468709 0.776546 0.0108347 0.0219048 None
0 0.884376 0.684813 0.00698357 0.0115153 None
0 0.285271 0.738026 0.00971527 0.0132863 None
0 0.798729 0.776161 0.0111534 0.0477397 None
0 0.936939 0.867022 0.0131058 0.0161409 None
0 0.917386 0.971088 0.0157499 0.0399339 None
0 0.540795 0.849236 0.0076788 0.0272044 None
0 0.103004 0.984227 0.0554113 0.0267924 None
0 0.8539 0.771509 0.00528946 0.0282052 None
0 0.793911 0.776776 0.00932436 0.0483388 None
0 0.94855 0.850895 0.0273453 0.0449617 None
0 0.872528 0.845989 0.014777 0.0156596 None
0 0.934396 0.726826 0.00552292 0.0248111 None
0 0.780712 0.771576 0.0133011 0.00903286 None
0 0.982057 0.652945 0.00774994 0.0216048 None
0 0.102575 0.993282 0.0607477 0.0101013 None
0 0.472871 0.781574 0.00693512 0.0126851 None
0 0.00752554 0.758115 0.0149773 0.00984531 None
0 0.949002 0.86505 0.0368938 0.019662 None
0 0.342433 0.755377 0.00462046 0.0132063 None
0 0.778894 0.815322 0.0092329 0.0121257 None
0 0.10944 0.972391 0.0199739 0.0416657 None
0 0.679899 0.814605 0.0238417 0.0210003 None
0 0.586786 0.90869 0.041489 0.0204966 None
0 0.0973173 0.993618 0.0491433 0.00810818 None
0 0.0045082 0.75668 0.00895202 0.0117009 None
0 0.863168 0.83327 0.0333233 0.0395064 None
0 0.5866 0.90726 0.0419262 0.0232064 None
0 0.844822 0.832083 0.0394289 0.0399082 None
0 0.00652625 0.979126 0.0129425 0.0187139 None
0 0.691155 0.78655 0.00700274 0.0199412 None
0 0.79072 0.821097 0.0232578 0.00665182 None
0 0.337676 0.753437 0.0105742 0.0160102 None
0 0.690941 0.789036 0.00646191 0.0150569 None
0 0.934166 0.732393 0.00524731 0.0161245 None
0 0.00903565 0.981556 0.0179068 0.01523 None
0 0.860809 0.795616 0.0066782 0.0116769 None
0 0.120737 0.985905 0.01965 0.0226305 None
0 0.994818 0.81074 0.00991516 0.0231927 None
0 0.903323 0.674061 0.00640888 0.00952945 None
0 0.118233 0.984392 0.0361212 0.023507 None
0 0.982719 0.675977 0.00529327 0.0133843 None
0 0.10218 0.984501 0.0598215 0.0270572 None
0 0.391495 0.801119 0.0106173 0.0241248 None
