0 0.453272 0.833797 0.0124115 0.067806 None
0 0.46529 0.837096 0.0125216 0.0647378 None
0 0.830728 0.834496 0.0174599 0.0340893 None
0 0.795244 0.77558 0.011278 0.0488976 None
0 0.883852 0.759136 0.0100628 0.0498077 None
0 0.705866 0.790984 0.00973501 0.0476113 None
0 0.808762 0.774346 0.00889244 0.0438751 None
0 0.718619 0.829708 0.014573 0.0325684 None
0 0.694462 0.793449 0.00974731 0.0455451 None
0 0.754819 0.782135 0.00838213 0.0491692 None
0 0.74442 0.784891 0.00790062 0.0477373 None
0 0.842683 0.76587 0.0078413 0.0437363 None
0 0.892631 0.976168 0.0617813 0.0454414 None
0 0.856173 0.830465 0.0161777 0.0329737 None
0 0.96595 0.739647 0.00703449 0.0353197 None
0 0.460481 0.780966 0.0074173 0.0225021 None
0 0.849999 0.763183 0.00920296 0.0454149 None
0 0.434879 0.913731 0.0212687 0.0373149 None
0 0.531125 0.814602 0.0103495 0.0400604 None
0 0.00782572 0.749321 0.00994075 0.0187805 None
0 0.0711737 0.741911 0.00691814 0.0272573 None
0 0.953538 0.849296 0.0219524 0.0411346 None
0 0.276605 0.728357 0.006495 0.0162106 None
0 0.954228 0.747186 0.00869789 0.0432122 None
0 0.957195 0.847998 0.0151308 0.0380844 None
0 0.119001 0.983474 0.0377882 0.0245461 None
0 0.825995 0.777335 0.00578556 0.0307556 None
0 0.198274 0.915576 0.0461282 0.0318047 None
0 0.770507 0.696777 0.00624332 0.0178694 None
0 0.336292 0.757147 0.00879688 0.0213023 None
0 0.972034 0.762564 0.013839 0.0277822 None
0 0.354387 0.989375 0.0154476 0.0211999 None
0 0.319569 0.714437 0.00610538 0.0255347 None
0 0.90347 0.973018 0.0389105 0.0391985 None
0 0.931346 0.728114 0.00608025 0.0225772 None
0 0.022212 0.938394 0.0442648 0.0288235 None
0 0.0058504 0.975554 0.0116384 0.025921 None
0 0.853991 0.831603 0.0213734 0.0361131 None
0 0.532299 0.740407 0.012829 0.00957981 None
0 0.440932 0.773385 0.00771179 0.017638 None
0 0.0975981 0.994325 0.050973 0.00812141 None
0 0.67538 0.815555 0.0156094 0.0201908 None
0 0.788192 0.697638 0.00600643 0.0187986 None
0 0.107176 0.984421 0.0617169 0.0259995 None
0 0.309163 0.72944 0.00588713 0.00879398 None
0 0.883765 0.985215 0.0446381 0.02769 None
0 0.949567 0.858665 0.0138489 0.0231093 None
0 0.897679 0.679627 0.00581703 0.0198792 None
0 0.879468 0.673307 0.00508804 0.00938636 None
0 0.114071 0.982101 0.0284387 0.02376 None
0 0.00586816 0.943887 0.0116862 0.0911882 None
0 0.714829 0.830287 0.0226374 0.0329636 None
0 0.192063 0.734725 0.00947642 0.00754022 None
0 0.995896 0.81389 0.00780716 0.0145545 None
0 0.863863 0.83323 0.0325678 0.038304 None
0 0.577513 0.875711 0.0330893 0.0140839 None
0 0.142352 0.739442 0.00686178 0.00791897 None
0 0.155613 0.73994 0.00667372 0.00832893 None
0 0.00943594 0.975876 0.0188272 0.0273673 None
0 0.441635 0.775106 0.0103662 0.0184102 None
0 0.0524201 0.752096 0.00545402 0.00936449 None
0 0.00208591 0.912351 0.0041083 0.0284105 None
0 0.884481 0.979645 0.0459175 0.0389011 None
0 0.577456 0.875451 0.0324253 0.0136529 None
0 0.872739 0.8457 0.014167 0.0144477 None
0 0.110287 0.981692 0.0210205 0.0224701 None
0 0.920007 0.680722 0.00822506 0.0138289 None
0 0.859477 0.83576 0.0406492 0.0359556 None
0 0.00403287 0.943438 0.00799529 0.0917957 None
0 0.772469 0.812756 0.00910091 0.0146567 None
0 0.879289 0.679899 0.00643158 0.0201279 None
0 0.972751 0.673194 0.00515442 0.0176642 None
0 0.948008 0.850682 0.0317781 0.0449087 None
0 0.318343 0.714467 0.00834894 0.0250086 None
0 0.975524 0.762536 0.0212009 0.0279724 None
0 0.00908024 0.75656 0.0139533 0.0118049 None
0 0.0729541 0.742623 0.0114595 0.0268582 None
0 0.983488 0.676949 0.00625591 0.0144287 None
0 0.770004 0.813042 0.0136217 0.0147571 None
0 0.00608484 0.970581 0.0120607 0.0366262 None
0 0.983907 0.679386 0.00696239 0.0159782 None
0 0.13175 0.983871 0.0638378 0.0215939 None
0 0.441086 0.779593 0.0202481 0.0124851 None
0 0.145692 0.740238 0.0196174 0.0096483 None
0 0.00266717 0.944213 0.00531079 0.0927868 None
0 0.391123 0.831844 0.0176528 0.0860664 None
0 0.860054 0.795539 0.00681458 0.0118947 None
0 0.536582 0.740614 0.0217669 0.0100866 None
0 0.303678 0.729918 0.00668149 0.00775435 None
0 0.94623 0.859334 0.0303131 0.028489 None
0 0.937316 0.866983 0.0138142 0.0151252 None
0 0.982812 0.661241 0.00618267 0.0169437 None
0 0.076621 0.738585 0.00394229 0.0101301 None
0 0.94385 0.866307 0.0258776 0.0163662 None
0 0.779682 0.815851 0.00805082 0.0104275 None
0 0.824969 0.776414 0.00727863 0.0331682 None
0 0.860802 0.845914 0.0384657 0.0157515 None
0 0.310138 0.718603 0.0253981 0.0212941 None
0 0.30604 0.715206 0.0168057 0.00860664 None
0 0.443197 0.775565 0.013801 0.0207508 None
0 0.981471 0.771441 0.00865421 0.00978563 None
0 0.12517 0.985779 0.0286562 0.0213901 None
0 0.856623 0.825167 0.0164555 0.0344906 None
0 0.460391 0.83535 0.00818062 0.0561235 None
0 0.281263 0.729759 0.0166503 0.0164615 None
0 0.853159 0.845301 0.0261597 0.0146518 None
0 0.851838 0.84089 0.0226925 0.0202686 None
0 0.880035 0.686127 0.00535507 0.00875549 None
0 0.0096447 0.758352 0.014703 0.00906304 None
0 0.350023 0.989382 0.0253528 0.0211531 None
0 0.774648 0.812926 0.0180952 0.0164585 None
0 0.951853 0.853367 0.0264681 0.0405819 None
0 0.540166 0.848913 0.00807056 0.0276269 None
0 0.936748 0.866663 0.0122147 0.0150509 None
0 0.705948 0.831831 0.0394406 0.0315141 None
