0 0.453585 0.83409 0.0120728 0.0663664 54352
0 0.78819 0.775111 0.0105389 0.0509172 54353
0 0.842981 0.765844 0.00830231 0.0498289 54354
0 0.831179 0.834724 0.0185028 0.0334266 54355
0 0.702976 0.791607 0.00933132 0.0489317 54356
0 0.55976 0.816341 0.0120081 0.0535185 54357
0 0.692579 0.794427 0.00980511 0.0462463 54358
0 0.718325 0.829661 0.0147799 0.0321077 54359
0 0.65356 0.803662 0.0101915 0.0490587 54360
0 0.765029 0.780667 0.0110248 0.0494605 54361
0 0.797495 0.775868 0.00727797 0.0493808 54362
0 0.736391 0.78636 0.00894194 0.0472117 54363
0 0.953517 0.849275 0.0220478 0.0415042 54364
0 0.746259 0.783037 0.0083416 0.0487618 54365
0 0.476657 0.858288 0.0344214 0.0242918 54366
0 0.856198 0.830778 0.0145779 0.032548 54367
0 0.390967 0.822207 0.0183476 0.065664 54368
0 0.753964 0.784636 0.00806122 0.0442963 54369
0 0.9414 0.727808 0.00908012 0.0212675 54370
0 0.198526 0.915935 0.0461448 0.0315701 54371
0 0.973647 0.762213 0.0188328 0.0292324 54372
0 0.434011 0.914272 0.0237469 0.0360258 54373
0 0.956744 0.848792 0.0157436 0.0404917 54374
0 0.675599 0.815854 0.0159919 0.0198988 54375
0 0.119406 0.983754 0.0386188 0.0261278 54376
0 0.289252 0.722894 0.00780935 0.0163452 54377
0 0.0596347 0.739055 0.00483378 0.0174998 54378
0 0.355077 0.989144 0.0144252 0.0217124 54379
0 0.0220107 0.938601 0.0440214 0.0280697 54380
0 0.883877 0.980577 0.046047 0.0378277 54381
0 0.852668 0.83112 0.0214397 0.0344822 54382
0 0.0050889 0.753288 0.00979671 0.0174015 54383
0 0.92137 0.973401 0.0271441 0.0403754 54384
0 0.109218 0.984284 0.0595547 0.0267049 54385
0 0.853104 0.848583 0.025017 0.00895928 54386
0 0.890281 0.976243 0.0583544 0.0453732 54387
0 0.414342 0.762119 0.00485134 0.0128598 54388
0 0.0950453 0.994255 0.0453152 0.00802714 54389
0 0.317322 0.710987 0.00653791 0.0164876 54390
0 0.995893 0.811561 0.0078022 0.0199103 54391
0 0.00302294 0.976006 0.00599295 0.0239994 54392
0 0.102991 0.994009 0.0615346 0.00826687 54393
0 0.384025 0.758794 0.00865297 0.0115651 54394
0 0.00533144 0.975913 0.0105923 0.0250212 54395
0 0.577228 0.875722 0.033444 0.0147176 54396
0 0.952068 0.676092 0.00365467 0.0135149 54397
0 0.275466 0.730214 0.00705638 0.0172095 54398
0 0.902791 0.973452 0.033625 0.04076 54399
0 0.895253 0.684168 0.00450649 0.015497 54400
0 0.0639912 0.743906 0.0165305 0.0263685 54401
0 0.998109 0.669164 0.00331764 0.0157315 54402
0 0.914067 0.972875 0.0102615 0.039152 54403
0 0.744699 0.783533 0.0113325 0.0509179 54404
0 0.0671398 0.749854 0.00900873 0.0147512 54405
0 0.114832 0.982851 0.0302629 0.0226096 54406
0 0.982937 0.67098 0.00483685 0.0186934 54407
0 0.910693 0.973242 0.0170801 0.0401162 54408
0 0.806983 0.697451 0.00596924 0.0173843 54409
0 0.138539 0.740366 0.0172209 0.00966933 54410
0 0.715329 0.830176 0.0210949 0.0328349 54411
0 0.972347 0.67075 0.00469723 0.0165886 54412
0 0.521431 0.727643 0.0118401 0.0135066 54413
0 0.541289 0.848474 0.00705891 0.0277837 54414
0 0.411978 0.764038 0.00944681 0.0163144 54415
0 0.0624252 0.746181 0.0294039 0.0226017 54416
0 0.87816 0.679081 0.0061039 0.0141566 54417
0 0.923157 0.737221 0.00618782 0.00968374 54418
0 0.00475345 0.756266 0.00937615 0.0136714 54419
0 0.852369 0.845377 0.0233978 0.0116023 54420
0 0.756312 0.784581 0.01053 0.0447466 54421
0 0.131395 0.984024 0.063269 0.0251668 54422
0 0.406023 0.775922 0.0052784 0.0153866 54423
0 0.00335994 0.971895 0.00668263 0.032068 54424
0 0.923656 0.681309 0.0052124 0.00999925 54425
0 0.274392 0.731424 0.0072525 0.0188782 54426
0 0.418622 0.762893 0.016117 0.0126027 54427
0 0.983463 0.669298 0.00576859 0.0210753 54428
0 0.00935155 0.976203 0.0185283 0.02733 54429
0 0.393082 0.851733 0.0412074 0.0175213 54430
0 0.00592931 0.972156 0.0117136 0.0334564 54431
0 0.1801 0.734482 0.0109042 0.00762397 54432
0 0.136417 0.74143 0.0214179 0.0114365 54433
0 0.857582 0.847098 0.0342672 0.0136929 54434
0 0.910642 0.975853 0.0502148 0.0445416 54435
0 0.109521 0.981728 0.0194028 0.0225471 54436
0 0.288006 0.723234 0.0109229 0.0182239 54437
0 0.849546 0.847006 0.0330883 0.0123701 54438
0 0.773172 0.812546 0.00647564 0.0146896 54439
0 0.994847 0.810549 0.00987358 0.0227192 54440
0 0.936261 0.866896 0.0117283 0.0159509 54441
0 0.409713 0.774694 0.0145697 0.0179165 54442
0 0.951697 0.860496 0.0187038 0.0216034 54443
0 0.124604 0.985312 0.0298734 0.0233154 54444
0 0.966974 0.675451 0.0106117 0.0167672 54445
0 0.806753 0.700455 0.00590305 0.0237245 54446
0 0.863297 0.833303 0.0318096 0.0370487 54447
0 0.779566 0.815778 0.00752811 0.00983582 54448
0 0.947469 0.860116 0.0101109 0.0188721 54449
0 0.0548891 0.740535 0.0140688 0.0151389 54450
0 0.131687 0.983747 0.0623526 0.0168067 54451
0 0.992896 0.773225 0.0137463 0.0100128 54452
0 0.955923 0.86383 0.0304008 0.0199673 54453
0 0.48255 0.856903 0.0235651 0.021087 54454
0 0.956725 0.857486 0.027109 0.0294006 54455
0 0.0607123 0.74407 0.0256216 0.0277669 54456
0 0.0046415 0.96809 0.00925037 0.0418647 54457
0 0.673902 0.815204 0.0206227 0.0227205 54458
0 0.959197 0.869074 0.0230135 0.00892673 54459
0 0.38691 0.853913 0.0544516 0.0223892 54460
0 0.973695 0.774794 0.0197372 0.00900913 54461
0 0.677395 0.813871 0.018918 0.0190893 54462
0 0.404965 0.776006 0.0121109 0.0160158 54463
0 0.995736 0.803531 0.00809288 0.036175 54464
0 0.587578 0.912982 0.0429525 0.0123286 54465
0 0.957377 0.867356 0.0262026 0.0111542 54466
0 0.44036 0.914991 0.0112725 0.0329803 54467
0 0.93616 0.866523 0.0117668 0.015961 54468
0 0.00316852 0.958807 0.00626628 0.0578517 54469
0 0.285315 0.727297 0.016989 0.0130798 54470
0 0.0709721 0.754966 0.0224041 0.00753072 54471
0 0.485624 0.863329 0.0341795 0.0112093 54472
0 0.519741 0.862873 0.052396 0.00813531 54473
0 0.318768 0.71102 0.00770459 0.0166117 54474
0 0.954708 0.863118 0.0281158 0.021558 54475
