0 0.452803 0.833392 0.0128913 0.0671639 None
0 0.739866 0.784247 0.00794916 0.046828 None
0 0.842505 0.766012 0.0116894 0.0483717 None
0 0.718589 0.829756 0.0144251 0.0322695 None
0 0.822379 0.770863 0.0106878 0.0492137 None
0 0.830571 0.834862 0.017627 0.0337189 None
0 0.755829 0.780977 0.0074131 0.0491284 None
0 0.717463 0.789813 0.00932255 0.0429294 None
0 0.551651 0.811987 0.0117806 0.0453484 None
0 0.473224 0.855001 0.0193886 0.0301704 None
0 0.7964 0.774982 0.00956383 0.0497888 None
0 0.953363 0.849634 0.0223551 0.041597 None
0 0.434765 0.91417 0.0222692 0.0375346 None
0 0.810632 0.781186 0.00622025 0.0307551 None
0 0.788565 0.776857 0.00641022 0.0433321 None
0 0.855898 0.832045 0.015567 0.0315752 None
0 0.691157 0.794217 0.00645504 0.043287 None
0 0.974374 0.763504 0.0187027 0.0249752 None
0 0.115366 0.983264 0.0310731 0.0260461 None
0 0.276603 0.726478 0.00615196 0.0147851 None
0 0.0666437 0.73817 0.00709525 0.0195112 None
0 0.521669 0.738815 0.00631771 0.0108575 None
0 0.694988 0.793569 0.00739918 0.0452382 None
0 0.00608221 0.752643 0.0118687 0.0199002 None
0 0.778528 0.697711 0.00530815 0.0154248 None
0 0.0669047 0.741653 0.00853591 0.0276515 None
0 0.957097 0.847894 0.0151756 0.0383643 None
0 0.318379 0.714002 0.0054039 0.0170249 None
0 0.35543 0.989253 0.0137554 0.0214942 None
0 0.890931 0.976519 0.0602734 0.0453525 None
0 0.883301 0.985414 0.045013 0.0272883 None
0 0.432533 0.77818 0.00831242 0.0185888 None
0 0.903376 0.972784 0.0382614 0.0390832 None
0 0.701401 0.780794 0.00791225 0.0262234 None
0 0.19892 0.915192 0.0447536 0.0325338 None
0 0.703245 0.808287 0.00663528 0.0130425 None
0 0.995548 0.813559 0.00849419 0.0157949 None
0 0.0221529 0.938142 0.0443057 0.0298238 None
0 0.702728 0.78292 0.0103811 0.0307383 None
0 0.910105 0.973695 0.0489016 0.0418235 None
0 0.0942599 0.993897 0.043927 0.00856764 None
0 0.527395 0.73926 0.0178944 0.010856 None
0 0.00540106 0.978452 0.0107429 0.0206031 None
0 0.675636 0.815558 0.0148886 0.0190745 None
0 0.852687 0.833278 0.0223221 0.034697 None
0 0.965444 0.675892 0.00468502 0.0182414 None
0 0.701982 0.790674 0.00897522 0.0471015 None
0 0.103693 0.983896 0.0604061 0.0274699 None
0 0.997929 0.743204 0.00371189 0.0186459 None
0 0.99786 0.749325 0.00386581 0.0299559 None
0 0.0558193 0.752925 0.00378196 0.00796407 None
0 0.289481 0.728516 0.00433388 0.00906508 None
0 0.110249 0.980801 0.020928 0.0227061 None
0 0.922297 0.973705 0.0262131 0.041489 None
0 0.430308 0.778249 0.0134746 0.0188839 None
0 0.982156 0.661366 0.00930481 0.030383 None
0 0.794465 0.697154 0.00658188 0.0144908 None
0 0.77024 0.812735 0.0159562 0.0163829 None
0 0.120612 0.985229 0.0388089 0.0230316 None
0 0.93671 0.72717 0.00818863 0.0188324 None
0 0.138739 0.741472 0.00912941 0.0109768 None
0 0.577158 0.875969 0.0320402 0.01364 None
0 0.576789 0.875587 0.0314295 0.0134482 None
0 0.793168 0.69715 0.00647783 0.0144034 None
0 0.811987 0.782089 0.00884323 0.0294464 None
0 0.937959 0.725725 0.011088 0.0183204 None
0 0.772761 0.813076 0.0215132 0.0175842 None
0 0.948822 0.850653 0.0308495 0.0449061 None
0 0.98116 0.661789 0.0076004 0.0237305 None
0 0.00912798 0.978374 0.018066 0.0224287 None
0 0.834446 0.834644 0.0260389 0.034927 None
0 0.902053 0.978696 0.0333153 0.0275272 None
0 0.89787 0.978428 0.0434969 0.0307499 None
0 0.858955 0.835391 0.0408415 0.036814 None
0 0.0673734 0.74237 0.0116542 0.0288106 None
0 0.692743 0.794523 0.00965023 0.0468865 None
0 0.88366 0.683859 0.00689964 0.011882 None
0 0.947977 0.857622 0.0316498 0.0324395 None
0 0.126095 0.986201 0.0258547 0.0217858 None
0 0.00972743 0.739224 0.0187251 0.0112659 None
0 0.92318 0.683224 0.00708828 0.0120652 None
0 0.435034 0.780876 0.0260548 0.0140883 None
0 0.587892 0.908041 0.0526369 0.0238427 None
0 0.93638 0.722586 0.00869751 0.0271162 None
0 0.141928 0.741577 0.0205311 0.0120029 None
0 0.672447 0.81607 0.0213341 0.0202816 None
0 0.779223 0.81607 0.00826988 0.0109877 None
0 0.137071 0.741852 0.0116611 0.0116742 None
0 0.794007 0.773846 0.0141389 0.0510969 None
0 0.838665 0.763877 0.00519276 0.038425 None
0 0.898383 0.682161 0.00398674 0.0131159 None
0 0.872255 0.845496 0.014185 0.0150282 None
0 0.917702 0.980458 0.033527 0.0270013 None
0 0.851838 0.846203 0.0250698 0.0127331 None
0 0.936872 0.867049 0.0128269 0.0151571 None
0 0.790801 0.820361 0.0276184 0.00740221 None
0 0.949437 0.860151 0.0142199 0.020183 None
0 0.275576 0.727064 0.00833025 0.0154534 None
0 0.597356 0.915398 0.0320944 0.00875261 None
0 0.946182 0.864686 0.0304752 0.0190253 None
0 0.896754 0.972751 0.0249815 0.0310769 None
0 0.438387 0.914798 0.0152041 0.0348114 None
0 0.859891 0.845452 0.0395237 0.0166002 None
0 0.991886 0.751942 0.0159191 0.0338726 None
0 0.93754 0.730907 0.00919914 0.0194724 None
0 0.902831 0.982679 0.0682955 0.0327077 None
0 0.789735 0.816963 0.0291731 0.012009 None
0 0.492756 0.86274 0.020274 0.0116845 None
0 0.436819 0.78375 0.0272247 0.0111064 None
0 0.925031 0.984151 0.0199959 0.0196252 None
0 0.97665 0.671084 0.00639915 0.0242138 None
