0 0.554727 0.816398 0.00998745 0.0453969 None
0 0.570035 0.811419 0.0127941 0.0546421 None
0 0.641491 0.804205 0.00911884 0.0494843 None
0 0.452599 0.834453 0.012216 0.0675754 None
0 0.718466 0.829025 0.0144135 0.0336738 None
0 0.302604 0.902825 0.0220736 0.0794174 None
0 0.528855 0.818567 0.0138018 0.0557129 None
0 0.797315 0.775306 0.00951118 0.050833 None
0 0.724159 0.787325 0.00833149 0.048057 None
0 0.843278 0.764013 0.00769043 0.0415161 None
0 0.688892 0.795447 0.0100111 0.0465224 None
0 0.831292 0.835212 0.0168829 0.0322818 None
0 0.734393 0.785076 0.00796051 0.0481154 None
0 0.957025 0.847842 0.0154388 0.0345571 None
0 0.390841 0.832855 0.0186728 0.085891 None
0 0.658695 0.807766 0.00726471 0.0360014 None
0 0.11455 0.98288 0.0311946 0.0246463 None
0 0.699842 0.793331 0.00821743 0.0488102 None
0 0.475933 0.855615 0.0178583 0.0266954 None
0 0.70144 0.794118 0.0114981 0.0499237 None
0 0.92731 0.752563 0.00761681 0.0459551 None
0 0.948911 0.85074 0.017379 0.0375927 None
0 0.853027 0.834181 0.0212841 0.0287282 None
0 0.973741 0.762164 0.0170521 0.0283827 None
0 0.891347 0.976737 0.0608391 0.0448124 None
0 0.355187 0.98945 0.0148446 0.0210993 None
0 0.386044 0.846062 0.0104582 0.0582765 None
0 0.904864 0.973313 0.0374458 0.0387587 None
0 0.198231 0.915342 0.0457707 0.0322715 None
0 0.0539095 0.729699 0.00621469 0.0162672 None
0 0.929275 0.730778 0.00688515 0.0275467 None
0 0.703331 0.796767 0.00850945 0.0452064 None
0 0.982308 0.73169 0.00908165 0.0257935 None
0 0.883215 0.982294 0.0446098 0.0338665 None
0 0.676709 0.815306 0.0169868 0.0183843 None
0 0.0223471 0.938698 0.0446942 0.0296763 None
0 0.0357254 0.74969 0.0104278 0.0129378 None
0 0.945285 0.851625 0.0243668 0.0393019 None
0 0.57764 0.875233 0.0326681 0.0149848 None
0 0.00564783 0.975092 0.011223 0.0270114 None
0 0.108164 0.984073 0.044164 0.0266751 None
0 0.39125 0.817664 0.0178296 0.0554206 None
0 0.949538 0.850955 0.027018 0.0383877 None
0 0.911466 0.974428 0.0462175 0.0416884 None
0 0.936178 0.866436 0.0161606 0.0147597 None
0 0.922419 0.973668 0.02626 0.039542 None
0 0.863224 0.694573 0.00597038 0.0204502 None
0 0.484884 0.85572 0.0365199 0.0268368 None
0 0.715484 0.829251 0.0208127 0.0343421 None
0 0.960992 0.650306 0.00503883 0.0165438 None
0 0.100425 0.993979 0.0558004 0.00845235 None
0 0.785201 0.814053 0.0379259 0.0189718 None
0 0.917126 0.972367 0.0153318 0.0368785 None
0 0.956973 0.672603 0.00644302 0.0201632 None
0 0.899416 0.681949 0.00864697 0.0187692 None
0 0.940753 0.674115 0.0051239 0.0184744 None
0 0.924201 0.682019 0.00741234 0.0114437 None
0 0.914674 0.972211 0.0103493 0.0369819 None
0 0.91406 0.671913 0.00470772 0.0112342 None
0 0.900202 0.683389 0.00918198 0.0149894 None
0 0.952529 0.659235 0.00461006 0.0143416 None
0 0.835625 0.835424 0.0262833 0.0328723 None
0 0.28595 0.739145 0.00675602 0.0110975 None
0 0.540789 0.848057 0.00805283 0.0295454 None
0 0.391629 0.810574 0.0165466 0.0410404 None
0 0.990239 0.671154 0.00480614 0.015637 None
0 0.858186 0.836389 0.0335072 0.0321496 None
0 0.00853043 0.975157 0.0169732 0.0286452 None
0 0.860494 0.79451 0.00561066 0.013835 None
0 0.856453 0.835229 0.0249432 0.0321774 None
0 0.119617 0.984109 0.0407474 0.0252145 None
0 0.773229 0.813701 0.0211742 0.0176124 None
0 0.532448 0.819445 0.00752411 0.0456672 None
0 0.525268 0.817408 0.00799809 0.0502696 None
0 0.996026 0.807613 0.00753956 0.0288761 None
0 0.779095 0.814372 0.0335379 0.0200077 None
0 0.863871 0.685995 0.00529442 0.011736 None
0 0.898098 0.676388 0.00651913 0.0122461 None
0 0.776547 0.814364 0.0148705 0.0175125 None
0 0.770004 0.813569 0.0149353 0.0169951 None
0 0.942247 0.66084 0.004912 0.0111215 None
0 0.942134 0.669093 0.00566673 0.0245418 None
0 0.00525201 0.969698 0.0104845 0.038579 None
0 0.857089 0.836977 0.0447392 0.0355337 None
0 0.935237 0.863869 0.0156521 0.0194095 None
0 0.657279 0.808007 0.0102901 0.0371775 None
0 0.316251 0.917332 0.0137327 0.0122891 None
0 0.890203 0.976655 0.0375313 0.0351983 None
0 0.855698 0.795159 0.0160049 0.0129035 None
0 0.929799 0.745826 0.0119133 0.0599106 None
0 0.592899 0.907474 0.062489 0.0232191 None
0 0.482848 0.855044 0.0228813 0.0270554 None
0 0.956343 0.867208 0.0605442 0.0146801 None
0 0.860443 0.846003 0.0393364 0.0164649 None
0 0.949666 0.853356 0.0397629 0.0423513 None
0 0.0042521 0.963376 0.0083953 0.0493876 None
0 0.872529 0.845642 0.014435 0.0148739 None
0 0.996094 0.816379 0.00733719 0.0138963 None
