0 0.453211 0.834144 0.0123424 0.0675013 None
0 0.481126 0.830312 0.0150326 0.0642714 None
0 0.200914 0.874775 0.0112272 0.0541556 None
0 0.698022 0.793729 0.00933418 0.0496538 None
0 0.953417 0.84899 0.0224533 0.0424488 None
0 0.423793 0.912345 0.01892 0.0453824 None
0 0.982095 0.739849 0.0105621 0.0475616 None
0 0.810799 0.774445 0.00885315 0.0447347 None
0 0.677593 0.792498 0.00877953 0.0377591 None
0 0.78794 0.776925 0.0102486 0.0473857 None
0 0.825767 0.770573 0.0105755 0.0405334 None
0 0.776909 0.778951 0.00849171 0.045852 None
0 0.717246 0.830284 0.0147034 0.0314362 None
0 0.514238 0.778644 0.00749702 0.0244785 None
0 0.844186 0.763208 0.0101274 0.042313 None
0 0.967934 0.737888 0.0082737 0.0398736 None
0 0.865576 0.7592 0.00809822 0.0369505 None
0 0.830319 0.834541 0.0181293 0.0329217 None
0 0.939589 0.746432 0.0101727 0.0446993 None
0 0.764633 0.697165 0.00668888 0.0180669 None
0 0.855796 0.830917 0.0156464 0.0326396 None
0 0.115162 0.983465 0.0313447 0.0209964 None
0 0.35493 0.989202 0.0148975 0.0215958 None
0 0.778751 0.778843 0.0117929 0.0460754 None
0 0.494087 0.806655 0.0128386 0.0416155 None
0 0.90909 0.743714 0.00919018 0.0267746 None
0 0.883336 0.980981 0.0446785 0.036117 None
0 0.853181 0.831856 0.0218718 0.0342068 None
0 0.00856367 0.747627 0.00862807 0.0163406 None
0 0.995626 0.8137 0.00832748 0.0182348 None
0 0.907292 0.973434 0.043478 0.0398126 None
0 0.782884 0.696925 0.00614166 0.0177408 None
0 0.199312 0.91603 0.0455979 0.0315762 None
0 0.391393 0.813546 0.0166308 0.0457418 None
0 0.92144 0.973457 0.0261009 0.0407671 None
0 0.00599673 0.981873 0.011932 0.012304 None
0 0.960222 0.742071 0.00610085 0.0295091 None
0 0.714554 0.830817 0.0205427 0.0320909 None
0 0.540584 0.849389 0.00706844 0.0261403 None
0 0.784321 0.777982 0.00930414 0.0459415 None
0 0.896018 0.975882 0.069525 0.044578 None
0 0.0978237 0.994203 0.0505434 0.00819143 None
0 0.330281 0.714127 0.0057416 0.014915 None
0 0.917993 0.972816 0.0183777 0.0394969 None
0 0.0220833 0.938838 0.0441666 0.0305393 None
0 0.296544 0.75502 0.00820942 0.0210615 None
0 0.366639 0.732625 0.0107348 0.0132955 None
0 0.577772 0.875723 0.0326648 0.0147152 None
0 0.103667 0.992725 0.0620693 0.010419 None
0 0.296049 0.736941 0.0117376 0.0146864 None
0 0.880806 0.984909 0.0395393 0.0286455 None
0 0.886682 0.765644 0.00651588 0.0275552 None
0 0.106549 0.985218 0.058153 0.0242744 None
0 0.947738 0.850803 0.033609 0.0465881 None
0 0.676151 0.815576 0.0159874 0.0192674 None
0 0.119937 0.984807 0.0394121 0.0214722 None
0 0.775289 0.778713 0.00808411 0.0464149 None
0 0.833999 0.834514 0.0176397 0.0337446 None
0 0.675824 0.799436 0.0136614 0.0518092 None
0 0.888505 0.766098 0.0102898 0.0289736 None
0 0.684247 0.818853 0.0324244 0.0121745 None
0 0.967473 0.742152 0.00984249 0.0462926 None
0 0.705913 0.831482 0.0380753 0.0331382 None
0 0.872928 0.67883 0.00726185 0.0222033 None
0 0.539168 0.739839 0.0048069 0.00733982 None
0 0.577752 0.872064 0.0335962 0.0221144 None
0 0.841392 0.834773 0.0455647 0.0366262 None
0 0.911959 0.682204 0.00558262 0.012463 None
0 0.0582861 0.75102 0.00423934 0.00808139 None
0 0.205379 0.729362 0.0146316 0.00981411 None
0 0.486309 0.777281 0.0082119 0.0189241 None
0 0.949993 0.864747 0.039019 0.019882 None
0 0.676462 0.795432 0.0109556 0.0436859 None
0 0.9071 0.744977 0.0128384 0.0299967 None
0 0.00608169 0.979057 0.011998 0.0183097 None
0 0.980211 0.65046 0.00818024 0.0162165 None
0 0.687947 0.82055 0.026853 0.00866987 None
0 0.911108 0.682246 0.00648403 0.0142129 None
0 0.874196 0.985109 0.0261021 0.0270781 None
0 0.99531 0.808517 0.00891266 0.0291019 None
0 0.936579 0.866599 0.012661 0.0153071 None
0 0.897351 0.975855 0.0240589 0.0306435 None
0 0.48916 0.811266 0.00767546 0.0342424 None
0 0.424071 0.92703 0.017246 0.0187822 None
0 0.386268 0.8077 0.00799613 0.0223233 None
0 0.420324 0.92303 0.0125193 0.0247335 None
0 0.679187 0.799339 0.014679 0.0505405 None
0 0.940668 0.743218 0.0138388 0.0500724 None
0 0.782807 0.699964 0.00710716 0.0250871 None
0 0.828505 0.837913 0.0159031 0.0278473 None
0 0.849819 0.80556 0.0361061 0.0141359 None
0 0.938653 0.722441 0.00665245 0.0136905 None
0 0.865996 0.763164 0.00942974 0.0465125 None
0 0.587292 0.914739 0.049301 0.012934 None
0 0.85883 0.846399 0.0414597 0.0161889 None
