0 0.452075 0.83396 0.0124243 0.0671912 None
0 0.842656 0.766889 0.00890598 0.0459042 None
0 0.691029 0.795845 0.00932751 0.0440172 None
0 0.796537 0.774825 0.0076581 0.0469764 None
0 0.718645 0.8304 0.0139496 0.0314535 None
0 0.724323 0.787558 0.00808115 0.0459713 None
0 0.746627 0.782131 0.00882626 0.0493401 None
0 0.678383 0.789069 0.0106086 0.0439192 None
0 0.517568 0.82291 0.0141041 0.0530514 None
0 0.95374 0.849612 0.0225334 0.0407996 None
0 0.584321 0.813349 0.0102124 0.0487318 None
0 0.830855 0.834746 0.0176532 0.0334484 12
0 0.116032 0.982922 0.0362226 0.0273041 None
0 0.474892 0.856824 0.0173306 0.0251814 None
0 0.70913 0.788231 0.0103257 0.0527557 None
0 0.011413 0.748102 0.00960529 0.0178708 None
0 0.431557 0.914221 0.0282192 0.0372409 None
0 0.701096 0.795463 0.00775776 0.0404782 None
0 0.197653 0.915672 0.0449845 0.0319116 None
0 0.856273 0.829507 0.0139141 0.0333299 None
0 0.355349 0.989199 0.0139787 0.0216031 None
0 0.840405 0.697781 0.00461044 0.0169405 None
0 0.714467 0.789843 0.00691738 0.0440484 None
0 0.266861 0.728689 0.00605097 0.0155579 None
0 0.890552 0.975665 0.0587441 0.0468655 None
0 0.0221948 0.938095 0.0443141 0.0296092 None
0 0.974733 0.761881 0.0185543 0.0281155 None
0 0.811032 0.697764 0.00526333 0.0169198 None
0 0.972054 0.761595 0.0123989 0.0268561 None
0 0.938992 0.728424 0.00699921 0.0176741 None
0 0.315119 0.710773 0.00676651 0.013816 None
0 0.00560308 0.979337 0.0111302 0.0183431 None
0 0.285826 0.718575 0.0073997 0.0147227 None
0 0.410396 0.76236 0.00839291 0.01432 None
0 0.910909 0.97334 0.0486595 0.0431769 None
0 0.0634309 0.737302 0.00609717 0.0139031 None
0 0.499196 0.727535 0.00815878 0.0133243 None
0 0.0947465 0.994477 0.0467936 0.00805189 None
0 0.852851 0.830575 0.0228222 0.0355164 None
0 0.38447 0.775454 0.00686836 0.014701 None
0 0.501017 0.728249 0.0101915 0.0139491 None
0 0.99637 0.81209 0.00683403 0.0176231 None
0 0.0705548 0.748953 0.0132077 0.0142737 None
0 0.903015 0.972528 0.0330917 0.0416819 None
0 0.502068 0.732947 0.0132221 0.00752224 None
0 0.540597 0.848754 0.00682545 0.0280677 None
0 0.101657 0.993849 0.0616321 0.00858527 None
0 0.99074 0.668257 0.00371552 0.0133252 None
0 0.38617 0.775715 0.0118656 0.0153524 None
0 0.920342 0.973315 0.0313206 0.0423889 None
0 0.852911 0.848201 0.0264278 0.0104823 None
0 0.676545 0.790482 0.0137299 0.0476708 None
0 0.715809 0.789011 0.008111 0.0451735 None
0 0.576204 0.875157 0.0362761 0.01429 None
0 0.88322 0.979492 0.0448952 0.0393063 None
0 0.711112 0.785768 0.0127468 0.0529124 None
0 0.997768 0.670914 0.00391197 0.0102561 None
0 0.772862 0.812751 0.0200939 0.0157013 None
0 0.946659 0.675969 0.00678635 0.0142551 None
0 0.675894 0.816201 0.0147655 0.0164995 None
0 0.058339 0.737708 0.0163012 0.0130124 None
0 0.483926 0.856603 0.0367163 0.0255117 None
0 0.57686 0.875831 0.0354915 0.0136587 None
0 0.155366 0.731832 0.00694537 0.005808 None
0 0.391104 0.831463 0.018559 0.086771 None
0 0.979979 0.667685 0.0052927 0.0164733 None
0 0.977085 0.669306 0.0101742 0.0158769 None
0 0.285445 0.71947 0.013403 0.0161947 None
0 0.892734 0.67533 0.00647888 0.011883 None
0 0.952844 0.858854 0.0205118 0.0236767 None
0 0.390811 0.811627 0.0179929 0.0459839 None
0 0.715875 0.830582 0.0196402 0.0334486 None
0 0.993981 0.740331 0.0115788 0.0400884 None
0 0.935906 0.866982 0.0115379 0.0147413 None
0 0.0572029 0.739472 0.013924 0.00876533 None
0 0.914282 0.672726 0.00463867 0.00889706 None
0 0.102329 0.983119 0.0612462 0.0271094 None
0 0.90462 0.682417 0.00507088 0.0138508 None
0 0.559584 0.838929 0.00650864 0.0103748 None
0 0.577499 0.88026 0.0338045 0.0103831 None
0 0.419969 0.762729 0.0291128 0.0149409 None
0 0.440461 0.915341 0.0108322 0.0328817 None
0 0.794689 0.774603 0.0113184 0.0481696 None
0 0.130836 0.982491 0.0656741 0.0276118 None
0 0.689048 0.794103 0.0126268 0.0471766 None
0 0.94014 0.729386 0.00914116 0.0179318 None
0 0.947526 0.865469 0.0341229 0.0182872 None
0 0.854526 0.847364 0.0317801 0.0141917 None
0 0.995429 0.668659 0.00812569 0.0135276 None
0 0.516801 0.809655 0.0106953 0.0321058 None
0 0.844054 0.844868 0.0453392 0.0179813 None
0 0.923153 0.977296 0.0257069 0.0329841 None
0 0.812269 0.697695 0.00772285 0.0171624 None
0 0.905359 0.683183 0.00437241 0.0135454 None
0 0.859559 0.795021 0.00837021 0.0125892 None
