0 0.555036 0.819483 0.0100054 0.0501221 None
0 0.626898 0.803813 0.0139831 0.0596615 None
0 0.796265 0.775973 0.00878849 0.0489889 None
0 0.452279 0.833781 0.0111259 0.0671158 None
0 0.442927 0.835286 0.0117153 0.062126 None
0 0.830894 0.834898 0.0178585 0.0334971 None
0 0.843531 0.766573 0.0078125 0.0483944 None
0 0.722634 0.786296 0.0092145 0.0500678 None
0 0.583693 0.809375 0.0101688 0.0547743 None
0 0.718048 0.830062 0.013693 0.0314689 None
0 0.410405 0.896923 0.0234885 0.0793016 None
0 0.114629 0.983756 0.0322717 0.0264757 None
0 0.953667 0.74729 0.00895329 0.0389303 None
0 0.935852 0.7286 0.00749359 0.0259627 None
0 0.475153 0.85606 0.0188778 0.0268058 None
0 0.893659 0.975449 0.0626713 0.0447935 None
0 0.022537 0.938736 0.045074 0.0303731 None
0 0.198025 0.915891 0.0455198 0.0313861 None
0 0.355306 0.989377 0.0136634 0.021247 None
0 0.689146 0.794935 0.00967274 0.0453398 None
0 0.95462 0.849678 0.0209879 0.0380825 None
0 0.0142244 0.752228 0.00825728 0.0174286 None
0 0.855973 0.83062 0.0137405 0.0319828 None
0 0.278545 0.728222 0.00507274 0.0164985 None
0 0.702711 0.792032 0.00923414 0.0431193 None
0 0.905155 0.973176 0.0412222 0.0394304 None
0 0.957502 0.848312 0.0154793 0.0349714 None
0 0.695317 0.792354 0.00786314 0.0455424 None
0 0.974497 0.762635 0.0177227 0.0271715 None
0 0.670294 0.791478 0.00781126 0.0278653 None
0 0.972489 0.761596 0.0133303 0.0252536 None
0 0.852803 0.831166 0.0208529 0.0340193 None
0 0.853746 0.698623 0.0058815 0.0208515 None
0 0.670798 0.797354 0.00929699 0.0401293 None
0 0.0955176 0.994309 0.0469385 0.00812904 None
0 0.883543 0.984485 0.0451305 0.0286028 None
0 0.0568999 0.741158 0.00718675 0.0193415 None
0 0.358205 0.771698 0.00555596 0.0115918 None
0 0.577554 0.875533 0.032184 0.0146681 None
0 0.391312 0.824023 0.0181577 0.0686049 None
0 0.852812 0.848771 0.0259325 0.00920885 None
0 0.00603686 0.978307 0.0119919 0.0206948 None
0 0.484426 0.856215 0.0391386 0.0264465 None
0 0.995974 0.810373 0.00764542 0.022995 None
0 0.675659 0.810695 0.0182999 0.0279744 None
0 0.0135549 0.752458 0.0116402 0.0180613 None
0 0.677355 0.814017 0.0151892 0.0210069 None
0 0.0152178 0.753453 0.0127883 0.0187531 None
0 0.056268 0.743906 0.0112505 0.0243008 None
0 0.355193 0.772143 0.0117548 0.0126204 None
0 0.0761911 0.750935 0.00481826 0.00933295 None
0 0.673137 0.800793 0.0138905 0.0462948 None
0 0.996141 0.815746 0.00730972 0.0122952 None
0 0.322453 0.717733 0.00739536 0.0126331 None
0 0.935407 0.86549 0.0135685 0.0166384 None
0 0.445307 0.761882 0.0138884 0.0130948 None
0 0.00913884 0.978024 0.0181756 0.0234117 None
0 0.00545438 0.98062 0.0108266 0.0154738 None
0 0.168104 0.734851 0.018692 0.0100087 None
0 0.577357 0.875159 0.0318223 0.0143668 None
0 0.714915 0.830473 0.0206543 0.0321018 None
0 0.950729 0.859479 0.0154194 0.0214673 None
0 0.948392 0.85113 0.0279022 0.0409739 None
0 0.916112 0.972724 0.0180424 0.0391778 None
0 0.852077 0.844997 0.0228018 0.0119951 None
0 0.839266 0.697733 0.00698509 0.0189848 None
0 0.672774 0.789611 0.0131302 0.0236142 None
0 0.975127 0.770891 0.0175482 0.0106238 None
0 0.846311 0.847804 0.0394547 0.0114095 None
0 0.491332 0.722676 0.00952663 0.0102898 None
0 0.884583 0.978645 0.0477673 0.0370073 None
0 0.483215 0.856066 0.0264814 0.0264191 None
0 0.588268 0.913382 0.0544279 0.0123176 None
0 0.4922 0.72153 0.00751801 0.0106418 None
0 0.153362 0.983614 0.0175433 0.0124105 None
0 0.947758 0.863912 0.0403313 0.0192766 None
0 0.956223 0.86698 0.0611437 0.0158047 None
0 0.102071 0.984752 0.0595962 0.0264211 None
0 0.019055 0.761619 0.0218697 0.00951131 None
0 0.627417 0.792987 0.0115423 0.0392032 None
0 0.321927 0.720742 0.0095221 0.0173208 None
0 0.591435 0.914601 0.0445903 0.009473 None
0 0.448267 0.761686 0.0203699 0.0135915 None
0 0.695577 0.794405 0.0104326 0.0481801 None
0 0.291967 0.728332 0.0118156 0.00915578 None
0 0.121163 0.985295 0.0374439 0.0217845 None
0 0.996029 0.804206 0.00750999 0.0352346 None
0 0.840692 0.835525 0.0380909 0.0341268 None
0 0.948992 0.868351 0.0428808 0.011362 None
0 0.425514 0.85066 0.0285431 0.00920681 None
0 0.955817 0.868845 0.0300821 0.0100574 None
0 0.964209 0.862777 0.0439827 0.0108476 None
0 0.960013 0.848615 0.0122307 0.034166 None
0 0.946395 0.852883 0.0375435 0.0426164 None
0 0.495501 0.863202 0.0165838 0.0105116 None
0 0.943693 0.860331 0.0316029 0.0269977 None
