0 0.452908 0.834037 0.0128054 0.0673642 6934
0 0.481095 0.831933 0.0136288 0.063914 6935
0 0.697048 0.794343 0.00875835 0.0470144 6936
0 0.788809 0.776601 0.0106359 0.0477217 6937
0 0.804532 0.775406 0.00865059 0.0420702 6938
0 0.843954 0.765143 0.012534 0.0442193 6939
0 0.166364 0.883732 0.00915358 0.0575065 6940
0 0.953655 0.849557 0.0221403 0.041194 6941
0 0.682021 0.793677 0.0108994 0.0407925 6942
0 0.717371 0.830391 0.0153735 0.03125 6943
0 0.928138 0.7493 0.009338 0.0445736 6944
0 0.85556 0.763264 0.00775871 0.0397057 6945
0 0.830313 0.834381 0.017947 0.0328718 6946
0 0.423836 0.908603 0.0194469 0.0531462 6947
0 0.501906 0.807541 0.0109783 0.0420681 6948
0 0.98944 0.73686 0.0101994 0.046227 6949
0 0.765592 0.781671 0.00932932 0.0477224 6950
0 0.77313 0.778308 0.00900898 0.0497847 6951
0 0.9603 0.744296 0.00917034 0.047879 6952
0 0.765717 0.697825 0.00618401 0.0167885 6953
0 0.855338 0.831455 0.017358 0.0341892 6954
0 0.35487 0.989176 0.0150638 0.0216471 6955
0 0.91658 0.74278 0.0103786 0.0216953 6956
0 0.883617 0.979381 0.0456055 0.0387939 6957
0 0.115508 0.984375 0.0308408 0.0224213 6958
0 0.995595 0.813685 0.00838871 0.0183346 6959
0 0.78698 0.698854 0.00722027 0.0166577 6960
0 0.00665171 0.751007 0.00978885 0.018388 6961
0 0.907063 0.973493 0.0439404 0.0400011 6962
0 0.199198 0.915823 0.0458755 0.0318061 6963
0 0.8953 0.975842 0.0684729 0.0445872 6964
0 0.921678 0.973525 0.0260403 0.0406972 6965
0 0.509603 0.769441 0.00744648 0.0171366 6966
0 0.110337 0.984932 0.0443549 0.0245051 6967
0 0.00607995 0.981497 0.0120754 0.0141802 6968
0 0.540595 0.849287 0.00685921 0.0258898 6969
0 0.0957823 0.994183 0.0465019 0.00816515 6970
0 0.428022 0.913877 0.010862 0.0419403 6971
0 0.0220907 0.939158 0.0441814 0.0299594 6972
0 0.00673576 0.751818 0.0134042 0.0199934 6973
0 0.973513 0.762794 0.0188011 0.0288673 6974
0 0.918043 0.972804 0.0182079 0.0392758 6975
0 0.966223 0.744632 0.00797424 0.0307134 6976
0 0.420298 0.908006 0.0137203 0.0524065 6977
0 0.85345 0.833144 0.0234108 0.0377411 6978
0 0.577672 0.875923 0.0328518 0.0143292 6979
0 0.948018 0.85168 0.0327324 0.0440414 6980
0 0.876256 0.760578 0.00501995 0.0181157 6981
0 0.328334 0.71263 0.00681081 0.018081 6982
0 0.835032 0.834961 0.0272995 0.0343272 6983
0 0.984162 0.674985 0.00734005 0.0192166 6984
0 0.962031 0.742987 0.0122646 0.0446771 6985
0 0.675835 0.815459 0.0167148 0.0209727 6986
0 0.309835 0.754992 0.00518856 0.0150252 6987
0 0.484874 0.770399 0.00707083 0.0200497 6988
0 0.957871 0.848723 0.0139164 0.0362089 6989
0 0.770156 0.788075 0.0153994 0.0630198 6990
0 0.421598 0.893241 0.00767021 0.0231617 6991
0 0.303415 0.754646 0.00766978 0.0162591 6992
0 0.967353 0.742959 0.00803108 0.0314846 6993
0 0.972506 0.752921 0.00497093 0.0101681 6994
0 0.424777 0.915059 0.0172676 0.0410114 6995
0 0.713026 0.831242 0.0239395 0.0327213 6996
0 0.937688 0.7249 0.00635223 0.0200945 6997
0 0.677644 0.805388 0.019165 0.0397875 6998
0 0.983876 0.664924 0.00817604 0.0385071 6999
0 0.856464 0.765826 0.00976105 0.0451375 7000
0 0.930225 0.749068 0.0133532 0.0454241 7001
0 0.103429 0.98646 0.0609806 0.0225935 7002
0 0.303482 0.755642 0.00989475 0.0172519 7003
0 0.112347 0.981558 0.0257156 0.0224401 7004
0 0.973835 0.76928 0.0195503 0.0167579 7005
0 0.306106 0.755692 0.0127001 0.0159526 7006
0 0.880618 0.719495 0.0416279 0.0151571 7007
0 0.970497 0.67054 0.00444336 0.0100923 7008
0 0.125343 0.985844 0.0272642 0.0212328 7009
0 0.881895 0.984887 0.0423664 0.0290293 7010
0 0.0855304 0.742739 0.00429225 0.0111072 7011
0 0.87594 0.984844 0.0297224 0.0278219 7012
0 0.985081 0.672513 0.00938416 0.0234323 7013
0 0.952367 0.861892 0.0243076 0.0208245 7014
0 0.842625 0.834333 0.042273 0.0356578 7015
0 0.0807876 0.754247 0.0129524 0.0104919 7016
0 0.969048 0.743484 0.00985565 0.0289381 7017
0 0.763718 0.782098 0.0101414 0.0491828 7018
0 0.169728 0.899506 0.0146609 0.0248806 7019
0 0.292772 0.734252 0.00887666 0.0101995 7020
0 0.876432 0.767182 0.00533333 0.0315301 7021
0 0.0061722 0.978585 0.0122332 0.0193749 7022
0 0.584924 0.914141 0.0454758 0.0134576 7023
0 0.969453 0.751011 0.0109276 0.0302899 7024
0 0.897762 0.975497 0.0247738 0.0313276 7025
0 0.0790886 0.753456 0.0162985 0.0118171 7026
0 0.838815 0.765404 0.00519447 0.0314975 7027
0 0.70833 0.831873 0.0329523 0.0341949 7028
0 0.0889003 0.742991 0.00612745 0.011821 7029
0 0.102189 0.985756 0.0595833 0.0240775 7030
0 0.429039 0.914377 0.0162203 0.0421244 7031
0 0.982961 0.654007 0.00723534 0.019848 7032
0 0.981153 0.690626 0.0372873 0.019499 7033
0 0.419489 0.913765 0.012458 0.0391808 7034
0 0.773092 0.808369 0.0217836 0.0264843 7035
0 0.164952 0.884031 0.0129307 0.0582323 7036
0 0.0865574 0.758931 0.0246516 0.00823025 7037
0 0.935769 0.867032 0.011272 0.0146664 7038
0 0.995289 0.808798 0.00894585 0.0291404 7039
0 0.87569 0.68112 0.00721569 0.0169842 7040
0 0.851924 0.842409 0.0224846 0.0194784 7041
0 0.856946 0.834189 0.0433968 0.0399516 7042
0 0.0744922 0.753467 0.00861205 0.0109941 7043
0 0.752492 0.826321 0.0282873 0.00692681 7044
0 0.947851 0.865475 0.035236 0.017933 7045
0 0.577595 0.873144 0.0336456 0.0200877 7046
0 0.745431 0.794504 0.0391328 0.0147781 7047
