0 0.452815 0.833366 0.0129608 0.0678043 None
0 0.704256 0.790888 0.0104439 0.0484197 None
0 0.741541 0.785059 0.00859575 0.0456496 None
0 0.722847 0.789041 0.00909424 0.0433338 None
0 0.691399 0.793944 0.0105171 0.04544 None
0 0.718506 0.829404 0.0145531 0.0328459 None
0 0.830538 0.834852 0.0174976 0.03356 None
0 0.823368 0.77074 0.0108505 0.0492991 None
0 0.755561 0.781358 0.00771847 0.0494876 None
0 0.548103 0.812482 0.0109961 0.0475752 None
0 0.471929 0.854626 0.0170419 0.0323269 None
0 0.797621 0.773727 0.0103378 0.0537966 None
0 0.814804 0.781178 0.00593643 0.0322025 None
0 0.842807 0.765345 0.00603275 0.0463842 None
0 0.953389 0.849802 0.0222782 0.0413856 None
0 0.848119 0.765392 0.00967922 0.0482815 None
0 0.523477 0.738194 0.00764513 0.0110752 None
0 0.855385 0.830451 0.0160543 0.0352022 None
0 0.434717 0.914095 0.0222984 0.0373494 None
0 0.115348 0.9832 0.031 0.0257935 None
0 0.00836531 0.751536 0.010325 0.0179881 None
0 0.97461 0.763259 0.0184637 0.0253031 None
0 0.276103 0.726028 0.00545883 0.0179559 None
0 0.140759 0.739544 0.00662584 0.00909187 None
0 0.957161 0.847963 0.0150478 0.0378567 None
0 0.436341 0.779541 0.00865154 0.0175171 None
0 0.883363 0.985374 0.0452084 0.0274682 None
0 0.890882 0.97651 0.0602297 0.045471 None
0 0.355403 0.989255 0.0138008 0.0214891 None
0 0.903369 0.972668 0.038014 0.0389865 None
0 0.851817 0.83186 0.0237202 0.0380773 None
0 0.0221257 0.938121 0.0442514 0.0295392 None
0 0.358398 0.754876 0.00515327 0.0172719 None
0 0.776081 0.695935 0.00624447 0.0120802 None
0 0.00965587 0.760494 0.018375 0.00626526 None
0 0.792209 0.776702 0.00694504 0.0475198 None
0 0.991707 0.745211 0.00881844 0.040211 None
0 0.995558 0.813547 0.00847397 0.0160094 None
0 0.198877 0.916044 0.044243 0.0314752 None
0 0.0667161 0.737897 0.00553707 0.0130144 None
0 0.0691736 0.743786 0.0102013 0.0248386 None
0 0.0954993 0.993935 0.0458257 0.0086636 None
0 0.910215 0.973644 0.0488955 0.0417223 None
0 0.359368 0.755693 0.00721402 0.0182878 None
0 0.319 0.713822 0.00554237 0.0175642 None
0 0.00537981 0.978232 0.0106901 0.0208767 None
0 0.0707042 0.746679 0.00716829 0.0191171 None
0 0.792806 0.697792 0.0055788 0.016196 None
0 0.881975 0.682912 0.0056366 0.0191901 None
0 0.0675631 0.741354 0.00725303 0.0208279 None
0 0.432542 0.778173 0.00433235 0.0168984 None
0 0.936536 0.72847 0.00714436 0.0185588 None
0 0.941324 0.725146 0.016634 0.0143475 None
0 0.997956 0.73654 0.00363693 0.0446337 None
0 0.11044 0.980803 0.0213183 0.0226023 None
0 0.98248 0.661692 0.00970497 0.0299961 None
0 0.676223 0.815443 0.0158215 0.0195302 None
0 0.922232 0.973682 0.0263691 0.0414886 None
0 0.189003 0.734329 0.0109585 0.0108164 None
0 0.103227 0.984224 0.0598401 0.0269263 None
0 0.77014 0.812775 0.0157595 0.016389 None
0 0.885184 0.979867 0.0491344 0.0385919 None
0 0.576454 0.875536 0.0306807 0.0133536 None
0 0.1888 0.734329 0.0115098 0.0110294 None
0 0.897858 0.683585 0.00316792 0.0128083 None
0 0.120516 0.985227 0.0384437 0.0228845 None
0 0.576807 0.875957 0.0312901 0.013563 None
0 0.973512 0.674325 0.00506096 0.0211006 None
0 0.948789 0.850763 0.0308342 0.0446465 None
0 0.892847 0.980313 0.0541254 0.0297813 None
0 0.967228 0.674807 0.00447998 0.0184853 None
0 0.902151 0.979106 0.0331806 0.026947 None
0 0.772823 0.813119 0.0214676 0.0176273 None
0 0.145227 0.739889 0.0228922 0.0099901 None
0 0.922633 0.683787 0.00566292 0.0141263 None
0 0.0559227 0.752235 0.00411946 0.00840318 None
0 0.989639 0.751636 0.00807495 0.0387751 None
0 0.87219 0.845536 0.0139923 0.0157967 None
0 0.391218 0.833056 0.0174163 0.0859055 None
0 0.00909218 0.977749 0.0180306 0.0235586 None
0 0.947972 0.857522 0.03155 0.0326657 None
0 0.776176 0.698339 0.00684643 0.0171365 None
0 0.936806 0.730928 0.00804157 0.0196528 None
0 0.274938 0.726189 0.0072999 0.0182824 None
0 0.972913 0.665048 0.00871658 0.0398573 None
0 0.125989 0.986296 0.0256207 0.0215634 None
0 0.00487044 0.971524 0.00970698 0.0334852 None
0 0.00572995 0.968456 0.0113439 0.0406959 None
0 0.779261 0.81624 0.00832481 0.0109243 None
0 0.918404 0.980577 0.0322571 0.0266095 None
0 0.996284 0.74221 0.00692749 0.0453691 None
0 0.389567 0.799897 0.00909028 0.0197361 None
0 0.588131 0.908032 0.0527082 0.0237403 None
0 0.146722 0.73954 0.0205939 0.00858392 None
0 0.0573702 0.75168 0.00790846 0.00752631 None
0 0.390948 0.801345 0.0110941 0.0209225 None
0 0.540195 0.843522 0.00669374 0.016566 None
0 0.949473 0.860016 0.014192 0.0207272 None
0 0.530549 0.740841 0.016617 0.00771247 None
0 0.0552069 0.751679 0.00557032 0.00836843 None
0 0.90125 0.982759 0.0721125 0.0327857 None
0 0.851888 0.846818 0.025252 0.0115697 None
0 0.0051112 0.961185 0.0101638 0.0568414 None
0 0.870589 0.843782 0.0171795 0.0187566 None
0 0.840919 0.833947 0.0386406 0.036263 None
0 0.14088 0.740401 0.0167296 0.010104 None
0 0.896856 0.972563 0.0249836 0.0310306 None
0 0.863283 0.832243 0.0320597 0.039623 None
0 0.79031 0.817066 0.0296415 0.0120731 None
0 0.924874 0.983928 0.0203327 0.0198893 None
0 0.491323 0.862478 0.022682 0.0123203 None
0 0.540215 0.849037 0.00732422 0.0268214 None
