0 0.453279 0.833555 0.0121201 0.0672231 16079
0 0.479568 0.832933 0.0131899 0.0670403 16080
0 0.830179 0.83472 0.0175285 0.0333483 16081
0 0.086732 0.897969 0.0128593 0.0615346 16082
0 0.784072 0.778257 0.00790386 0.0417419 16083
0 0.718791 0.830473 0.0144833 0.0313232 16084
0 0.794531 0.775464 0.00935678 0.0470578 16085
0 0.436315 0.906395 0.0161808 0.0540632 16086
0 0.953409 0.848774 0.0219364 0.0394735 16087
0 0.69945 0.793648 0.00900011 0.0463847 16088
0 0.74473 0.784263 0.0134819 0.0461229 16089
0 0.842745 0.764531 0.0085371 0.0462562 16090
0 0.933908 0.748715 0.00977592 0.050529 16091
0 0.758146 0.783305 0.00620375 0.0445662 16092
0 0.896031 0.755444 0.00841522 0.0454583 16093
0 0.693309 0.795501 0.00843601 0.0441069 16094
0 0.855829 0.830865 0.0166367 0.0342033 16095
0 0.514249 0.812644 0.00933199 0.0361347 16096
0 0.973706 0.762476 0.0191471 0.0285617 16097
0 0.888453 0.758856 0.0108669 0.0402635 16098
0 0.354925 0.989328 0.0144386 0.0212753 16099
0 0.197998 0.915352 0.0458213 0.032292 16100
0 0.00595115 0.750284 0.00981412 0.0181702 16101
0 0.0221489 0.939042 0.0442041 0.0305745 16102
0 0.905921 0.972464 0.0412331 0.0419952 16103
0 0.487969 0.778889 0.00821314 0.0223972 16104
0 0.0703638 0.746126 0.00872681 0.02889 16105
0 0.356649 0.751509 0.00929499 0.0156203 16106
0 0.852236 0.832398 0.024596 0.0378082 16107
0 0.577764 0.875501 0.0327093 0.0154833 16108
0 0.893815 0.974991 0.0645195 0.0461846 16109
0 0.792238 0.694827 0.0069109 0.0107741 16110
0 0.114551 0.981701 0.0301937 0.0234614 16111
0 0.465508 0.773463 0.00723248 0.020305 16112
0 0.068595 0.745744 0.00683225 0.0285994 16113
0 0.675834 0.815652 0.0148535 0.0187514 16114
0 0.320542 0.750275 0.00501518 0.010438 16115
0 0.837607 0.767733 0.00650902 0.0394842 16116
0 0.0526705 0.752854 0.0050311 0.00878872 16117
0 0.903173 0.679157 0.00604935 0.0194668 16118
0 0.996126 0.81103 0.00733185 0.0211792 16119
0 0.0714105 0.74776 0.00781045 0.0242974 16120
0 0.0673489 0.745338 0.00718795 0.0278388 16121
0 0.323191 0.710866 0.00645432 0.0171494 16122
0 0.515162 0.796913 0.00699139 0.0184377 16123
0 0.513622 0.806664 0.0106068 0.0378533 16124
0 0.0127629 0.881178 0.0253942 0.0173182 16125
0 0.161012 0.737343 0.00607464 0.00963101 16126
0 0.00620275 0.981161 0.0123216 0.0140842 16127
0 0.110328 0.981114 0.0215148 0.0228326 16128
0 0.887109 0.979136 0.0514566 0.0386451 16129
0 0.105241 0.983936 0.0507646 0.0273336 16130
0 0.95265 0.858244 0.0240906 0.0269591 16131
0 0.531911 0.740152 0.0178297 0.00899183 16132
0 0.84736 0.766496 0.00547943 0.040273 16133
0 0.679032 0.815788 0.0210897 0.0192491 16134
0 0.512787 0.808389 0.00881958 0.0254259 16135
0 0.76958 0.811977 0.0128349 0.0155429 16136
0 0.756261 0.782612 0.0102726 0.0471205 16137
0 0.772994 0.812423 0.00773039 0.0146301 16138
0 0.974444 0.670527 0.00608749 0.0153661 16139
0 0.148005 0.740564 0.00406432 0.00600654 16140
0 0.341233 0.731017 0.00593152 0.00892114 16141
0 0.101423 0.993931 0.0583998 0.00926056 16142
0 0.464832 0.775058 0.0119694 0.0229133 16143
0 0.921766 0.973297 0.0268635 0.0420203 16144
0 0.979088 0.6483 0.00732269 0.0163822 16145
0 0.884475 0.684505 0.00573273 0.011156 16146
0 0.540508 0.849369 0.00713196 0.0271545 16147
0 0.774129 0.812248 0.0197133 0.0167945 16148
0 0.936575 0.867111 0.0125088 0.0157042 16149
0 0.282242 0.734887 0.00809288 0.00934991 16150
0 0.872525 0.845966 0.014761 0.0157372 16151
0 0.3205 0.750919 0.00645556 0.0114198 16152
0 0.0093524 0.981121 0.0185518 0.0154344 16153
0 0.00494481 0.756783 0.00984111 0.0105608 16154
0 0.0697798 0.746824 0.0129755 0.0325599 16155
0 0.948761 0.850854 0.0273865 0.0449002 16156
0 0.779044 0.813816 0.00906315 0.0133538 16157
0 0.949095 0.865124 0.0367802 0.0194 16158
0 0.118906 0.983752 0.0385364 0.0243217 16159
0 0.917369 0.970584 0.0152388 0.0392192 16160
0 0.353912 0.757635 0.0291938 0.0119378 16161
0 0.0962954 0.993895 0.0476641 0.00781216 16162
0 0.586057 0.907302 0.0430908 0.0233066 16163
0 0.00587424 0.754188 0.0115936 0.0160417 16164
0 0.948631 0.866392 0.0371292 0.016824 16165
0 0.00777572 0.979164 0.0154111 0.0181325 16166
0 0.345444 0.733902 0.0202379 0.0106908 16167
0 0.119909 0.98497 0.0210507 0.024569 16168
0 0.354033 0.755046 0.0296053 0.0151913 16169
0 0.863712 0.833461 0.0331207 0.0399095 16170
0 0.979892 0.652549 0.00928993 0.0236296 16171
0 0.76698 0.695832 0.00746651 0.0111915 16172
0 0.391643 0.814603 0.0171616 0.0496674 16173
0 0.586267 0.909041 0.0426043 0.0199977 16174
0 0.0534404 0.753618 0.00693754 0.00873905 16175
0 0.84421 0.832259 0.0409786 0.0394236 16176
0 0.782215 0.7784 0.0111988 0.0425819 16177
0 0.319087 0.750839 0.00893588 0.0107927 16178
0 0.879438 0.978879 0.0358856 0.0347334 16179
0 0.715943 0.830991 0.0203769 0.0315818 16180
0 0.994816 0.810733 0.00991726 0.0230072 16181
0 0.198627 0.73104 0.00803988 0.00763143 16182
0 0.152513 0.738074 0.0234481 0.0129418 16183
0 0.0450497 0.89971 0.0429206 0.0199526 16184
0 0.464508 0.783036 0.0212621 0.0108415 16185
0 0.956445 0.868493 0.0278698 0.010632 16186
0 0.351664 0.754644 0.024031 0.0164903 16187
0 0.955012 0.867464 0.0453894 0.0132083 16188
