0 0.452754 0.833504 0.0125443 0.0675262 46745
0 0.843632 0.765808 0.00711327 0.0479187 46746
0 0.953534 0.84985 0.022147 0.042403 46747
0 0.830659 0.834983 0.0174038 0.0329302 46748
0 0.565172 0.812375 0.0129797 0.047433 46749
0 0.755434 0.7844 0.00712299 0.0430784 46750
0 0.736808 0.785633 0.00813026 0.0467075 46751
0 0.703055 0.793912 0.00940828 0.0434306 46752
0 0.819369 0.770823 0.0124504 0.0502357 46753
0 0.774371 0.781234 0.00871153 0.0402873 46754
0 0.690609 0.795724 0.00873184 0.0365295 46755
0 0.0220581 0.938553 0.0441163 0.0281365 46756
0 0.717575 0.830451 0.0127327 0.0310096 46757
0 0.0643358 0.743032 0.00808768 0.0321276 46758
0 0.00448428 0.749033 0.00877553 0.0177068 46759
0 0.801581 0.774796 0.00786824 0.0470405 46760
0 0.481366 0.857981 0.0314573 0.0226813 46761
0 0.856427 0.831061 0.0142414 0.0337726 46762
0 0.906397 0.972399 0.0434956 0.04091 46763
0 0.19837 0.916269 0.0443898 0.0312595 46764
0 0.115224 0.980912 0.0307449 0.0225671 46765
0 0.79601 0.775098 0.00709267 0.0477193 46766
0 0.276285 0.727985 0.00626454 0.0144772 46767
0 0.894057 0.975599 0.0668835 0.0467862 46768
0 0.853185 0.831524 0.0215761 0.034338 46769
0 0.287356 0.724659 0.0072463 0.0156487 46770
0 0.059174 0.747304 0.00653337 0.0221788 46771
0 0.432659 0.914777 0.0264566 0.0375546 46772
0 0.354457 0.98929 0.0155388 0.0214192 46773
0 0.78995 0.784139 0.00569 0.0295756 46774
0 0.677935 0.815934 0.0196826 0.0178938 46775
0 0.972778 0.76302 0.0145134 0.0257618 46776
0 0.316666 0.713629 0.00550175 0.0171897 46777
0 0.712562 0.830723 0.0240868 0.0319758 46778
0 0.119862 0.982575 0.0402635 0.0258292 46779
0 0.696162 0.795387 0.0071888 0.0403212 46780
0 0.818573 0.777192 0.0106163 0.0376112 46781
0 0.00573152 0.976943 0.0113987 0.0238186 46782
0 0.883561 0.985794 0.0456799 0.0269446 46783
0 0.0623955 0.742262 0.0117639 0.0313729 46784
0 0.522456 0.734742 0.0111792 0.0105362 46785
0 0.00250908 0.977317 0.00498197 0.0225389 46786
0 0.274659 0.729035 0.00910029 0.0168048 46787
0 0.753097 0.764027 0.00628185 0.0147747 46788
0 0.440833 0.91914 0.0102809 0.0246711 46789
0 0.134866 0.737003 0.00430257 0.00930447 46790
0 0.0988348 0.994087 0.0534663 0.00853916 46791
0 0.420523 0.761631 0.0239182 0.0100086 46792
0 0.0627977 0.759445 0.0251486 0.00849881 46793
0 0.979741 0.665594 0.00738907 0.0294902 46794
0 0.798414 0.77375 0.0117214 0.0499783 46795
0 0.996208 0.816008 0.00716972 0.0116482 46796
0 0.540826 0.849148 0.00685253 0.0264842 46797
0 0.996007 0.811214 0.00757179 0.0212691 46798
0 0.886279 0.978811 0.0519226 0.0402242 46799
0 0.576553 0.875753 0.0322094 0.0138611 46800
0 0.418487 0.780647 0.00632124 0.0190389 46801
0 0.107053 0.983993 0.0658067 0.0274787 46802
0 0.953357 0.661871 0.00385399 0.00970586 46803
0 0.973656 0.673109 0.00564404 0.0145493 46804
0 0.780095 0.698581 0.00581875 0.0159185 46805
0 0.958759 0.672385 0.00813236 0.0261354 46806
0 0.417668 0.781094 0.0114195 0.0181729 46807
0 0.183992 0.733948 0.0123631 0.00822381 46808
0 0.922024 0.972585 0.0269241 0.0424861 46809
0 0.410659 0.762517 0.00417967 0.00800646 46810
0 0.0642565 0.743586 0.0122462 0.0336253 46811
0 0.428343 0.916577 0.0224995 0.0338067 46812
0 0.984292 0.671987 0.00594482 0.0147253 46813
0 0.984101 0.666629 0.00570564 0.0250474 46814
0 0.141679 0.736973 0.0170489 0.00857035 46815
0 0.681524 0.815422 0.0252161 0.0184348 46816
0 0.391266 0.827439 0.0176381 0.0744164 46817
0 0.771407 0.81275 0.016798 0.0157032 46818
0 0.971633 0.76144 0.00936852 0.0240411 46819
0 0.796889 0.696569 0.00543118 0.0151279 46820
0 0.959582 0.850588 0.0106373 0.0379783 46821
0 0.525303 0.735051 0.0166216 0.0108381 46822
0 0.939421 0.727889 0.00678787 0.0212816 46823
0 0.976331 0.771482 0.0154078 0.0101774 46824
0 0.793599 0.77554 0.0117807 0.0475971 46825
0 0.0598956 0.747931 0.00904086 0.0232998 46826
0 0.420716 0.915171 0.0501842 0.039267 46827
0 0.711603 0.83723 0.0258646 0.0206175 46828
0 0.0060854 0.972865 0.0120237 0.03283 46829
0 0.420193 0.780886 0.0166151 0.0184591 46830
0 0.91567 0.968868 0.0121315 0.0365184 46831
0 0.99038 0.770256 0.0187675 0.00759735 46832
0 0.371553 0.757587 0.0116586 0.00901862 46833
0 0.971003 0.651633 0.00485153 0.0144396 46834
0 0.98026 0.665557 0.0102343 0.0328701 46835
0 0.349581 0.989329 0.026184 0.0212138 46836
0 0.153434 0.983763 0.017815 0.0123637 46837
0 0.411803 0.762731 0.00608921 0.0105087 46838
0 0.852746 0.848842 0.0246714 0.00866055 46839
0 0.00339959 0.97333 0.00675781 0.0311117 46840
0 0.97719 0.771527 0.016539 0.00993907 46841
0 0.918063 0.97153 0.0182171 0.0403768 46842
0 0.694706 0.790278 0.00803499 0.0413673 46843
0 0.775911 0.782098 0.0137409 0.0403849 46844
0 0.527627 0.736046 0.021628 0.00954929 46845
0 0.935778 0.866861 0.0110943 0.0148383 46846
0 0.776586 0.813682 0.0137293 0.014937 46847
0 0.860776 0.833609 0.0356152 0.0392222 46848
0 0.00921591 0.977088 0.0181526 0.0263384 46849
0 0.990522 0.768181 0.0184765 0.0106391 46850
0 0.981159 0.661883 0.0106098 0.038824 46851
0 0.959401 0.666484 0.00682907 0.0156591 46852
0 0.409898 0.932665 0.0288919 0.00743323 46853
0 0.772818 0.781224 0.0136436 0.0421939 46854
0 0.990194 0.765785 0.0191475 0.0133606 46855
0 0.269893 0.737621 0.0206834 0.0095303 46856
0 0.182592 0.735045 0.0154721 0.0100652 46857
0 0.5931 0.910079 0.0616068 0.0188283 46858
0 0.97194 0.862339 0.03223 0.0116959 46859
0 0.981847 0.680497 0.02341 0.00861121 46860
0 0.110803 0.983305 0.0346197 0.0220805 46861
0 0.755222 0.781494 0.00988188 0.0489939 46862
0 0.274352 0.735437 0.00972433 0.0123869 46863
0 0.972584 0.663794 0.00634098 0.032323 46864
0 0.952889 0.860644 0.0196827 0.0216431 46865
0 0.127847 0.988255 0.0231927 0.0172251 46866
0 0.954636 0.669814 0.00666122 0.0265676 46867
0 0.590475 0.913976 0.0573611 0.0103121 46868
0 0.966094 0.862936 0.0421417 0.0125626 46869
0 0.956924 0.672112 0.0113684 0.0305715 46870
