0 0.79686 0.775791 0.0127024 0.0503649 57272
0 0.775941 0.77666 0.0106472 0.0510844 57273
0 0.640819 0.80453 0.0116495 0.049909 57274
0 0.554556 0.815126 0.0110186 0.053283 57275
0 0.452334 0.833268 0.0119087 0.0678175 57276
0 0.953745 0.850029 0.0227802 0.0428463 57277
0 0.692474 0.796485 0.0097374 0.0460561 57278
0 0.830577 0.834621 0.0174614 0.0334164 57279
0 0.736693 0.785713 0.00916452 0.0472426 57280
0 0.702527 0.791939 0.010356 0.0463755 57281
0 0.747821 0.782741 0.0111778 0.0502638 57282
0 0.718251 0.830557 0.0146515 0.0314626 57283
0 0.84303 0.763413 0.00674591 0.039384 57284
0 0.939974 0.727885 0.00734482 0.0207562 57285
0 0.89035 0.975715 0.057831 0.0455967 57286
0 0.475059 0.856006 0.0295424 0.0289215 57287
0 0.974643 0.762999 0.0196327 0.0267454 57288
0 0.058002 0.740714 0.00487185 0.0187042 57289
0 0.856385 0.83052 0.0136528 0.0322318 57290
0 0.00494138 0.752153 0.0096096 0.0177616 57291
0 0.434574 0.913958 0.021776 0.0366443 57292
0 0.199376 0.916445 0.0466715 0.0305844 57293
0 0.355268 0.989195 0.0136292 0.0216092 57294
0 0.996077 0.675434 0.00740051 0.0284192 57295
0 0.0657927 0.752349 0.00751441 0.0162018 57296
0 0.133213 0.740306 0.00466304 0.0112217 57297
0 0.902158 0.972969 0.0345295 0.0402422 57298
0 0.676225 0.815431 0.015616 0.0177626 57299
0 0.114765 0.981557 0.0325659 0.029296 57300
0 0.00597394 0.977478 0.0119281 0.0227078 57301
0 0.109028 0.97956 0.0203126 0.0248633 57302
0 0.52081 0.73078 0.00943661 0.0114054 57303
0 0.75635 0.78875 0.00658207 0.0350259 57304
0 0.883336 0.984667 0.043523 0.0283413 57305
0 0.714256 0.831084 0.0230045 0.0321184 57306
0 0.40181 0.775666 0.00568876 0.0142202 57307
0 0.852441 0.831255 0.0241564 0.0344216 57308
0 0.996377 0.810208 0.00682335 0.0209718 57309
0 0.0679205 0.752192 0.0124781 0.0168411 57310
0 0.852581 0.848716 0.026833 0.00982429 57311
0 0.292132 0.721186 0.00740423 0.0194329 57312
0 0.0221903 0.938875 0.0443806 0.03133 57313
0 0.10567 0.982458 0.0535601 0.0302985 57314
0 0.391253 0.81485 0.0172668 0.0513897 57315
0 0.978744 0.669725 0.00535164 0.0195066 57316
0 0.577048 0.874644 0.032732 0.0158822 57317
0 0.481138 0.855517 0.0417276 0.0280638 57318
0 0.922366 0.680248 0.00646572 0.0143056 57319
0 0.430561 0.91484 0.0295707 0.0382145 57320
0 0.969789 0.672516 0.00453224 0.0178511 57321
0 0.418886 0.761974 0.0055748 0.0140216 57322
0 0.884525 0.979655 0.0461296 0.0377255 57323
0 0.959951 0.850347 0.0106096 0.0383747 57324
0 0.102619 0.994026 0.0620201 0.00934143 57325
0 0.318736 0.715543 0.00456047 0.017844 57326
0 0.41619 0.762333 0.0113531 0.0134037 57327
0 0.494546 0.864198 0.0145021 0.00875431 57328
0 0.851404 0.845667 0.0255402 0.0130068 57329
0 0.979334 0.668427 0.00739498 0.0204983 57330
0 0.0712056 0.757895 0.0238086 0.00960778 57331
0 0.576928 0.874347 0.0328263 0.0157644 57332
0 0.00611064 0.973071 0.0120695 0.0322344 57333
0 0.0495199 0.739923 0.00965439 0.0124698 57334
0 0.743219 0.783814 0.0103846 0.0498813 57335
0 0.984094 0.670404 0.00567722 0.0176411 57336
0 0.93623 0.866215 0.0113678 0.0148412 57337
0 0.980367 0.66981 0.00854511 0.0217767 57338
0 0.712726 0.836074 0.0251571 0.0233103 57339
0 0.318202 0.715065 0.00682192 0.0173333 57340
0 0.862895 0.833421 0.0322014 0.0387295 57341
0 0.989585 0.767596 0.0204178 0.012423 57342
0 0.839702 0.834432 0.035951 0.0359626 57343
0 0.944363 0.865528 0.0279907 0.0165131 57344
0 0.423432 0.914911 0.045112 0.0392541 57345
0 0.856669 0.847485 0.0365053 0.0147259 57346
0 0.0528971 0.740394 0.0153759 0.016589 57347
0 0.48065 0.853549 0.0200568 0.0274935 57348
0 0.861172 0.843599 0.0339445 0.0204937 57349
0 0.856142 0.834361 0.0450064 0.0395135 57350
0 0.273749 0.729682 0.00618329 0.015372 57351
0 0.960098 0.866442 0.0556549 0.0154948 57352
0 0.989602 0.765099 0.020446 0.0128689 57353
0 0.587808 0.913145 0.0515703 0.0121758 57354
0 0.00920097 0.977172 0.0182437 0.0249101 57355
0 0.121101 0.984703 0.0189899 0.0248301 57356
0 0.0693112 0.757811 0.0151116 0.00813938 57357
0 0.788264 0.699045 0.00586815 0.0131872 57358
0 0.0686562 0.753833 0.0155192 0.0160833 57359
0 0.871748 0.845387 0.0134956 0.0158145 57360
0 0.885634 0.989618 0.037355 0.0180871 57361
0 0.967724 0.863164 0.0401104 0.0121633 57362
0 0.913339 0.973619 0.0467537 0.0419156 57363
0 0.953109 0.86347 0.0238234 0.0179864 57364
0 0.577649 0.881851 0.032615 0.0092236 57365
0 0.414732 0.763344 0.0130543 0.0159505 57366
