0 0.455858 0.833613 0.0130342 0.0684082 None
0 0.718516 0.830466 0.0143959 0.0307139 None
0 0.830623 0.834643 0.0172802 0.033591 None
0 0.47127 0.834982 0.0170835 0.0635881 None
0 0.896439 0.755996 0.00898094 0.0476507 None
0 0.953369 0.849437 0.022401 0.0412042 None
0 0.843024 0.767162 0.00834846 0.0475918 None
0 0.744524 0.784205 0.00874767 0.0473029 None
0 0.696744 0.794554 0.00952587 0.0496796 None
0 0.815339 0.771821 0.00836525 0.0408778 None
0 0.00507767 0.904481 0.0101359 0.0445633 None
0 0.794438 0.775302 0.0111952 0.0497047 None
0 0.833827 0.776174 0.00587273 0.0304925 None
0 0.862225 0.761083 0.0094677 0.0483673 None
0 0.523576 0.811456 0.0106964 0.0395569 None
0 0.704458 0.79429 0.00893421 0.0435277 None
0 0.070099 0.741661 0.00856997 0.0267687 None
0 0.856325 0.830171 0.0152876 0.0329625 None
0 0.759454 0.784661 0.0096302 0.041939 None
0 0.433971 0.913333 0.0237717 0.0382307 None
0 0.0220432 0.939287 0.0440864 0.02848 None
0 0.278408 0.729338 0.00711694 0.0167199 None
0 0.470701 0.780549 0.00837898 0.0235969 None
0 0.894789 0.97624 0.0661369 0.0457433 None
0 0.75747 0.78319 0.0105083 0.0460351 None
0 0.995963 0.809895 0.00764942 0.0239878 None
0 0.446087 0.781906 0.00649366 0.0186856 None
0 0.75468 0.782499 0.00712414 0.0481191 None
0 0.957794 0.736405 0.0102512 0.031832 None
0 0.00993982 0.751948 0.00766294 0.0166392 None
0 0.355099 0.98894 0.0145712 0.022121 None
0 0.00675537 0.976396 0.0134438 0.0239749 None
0 0.883727 0.979663 0.0440805 0.0391734 None
0 0.331614 0.754928 0.00878229 0.0164949 None
0 0.194451 0.734568 0.00889549 0.0102804 None
0 0.790313 0.698481 0.00721073 0.0181812 None
0 0.677782 0.815473 0.0193544 0.019013 None
0 0.906316 0.97303 0.0441353 0.0400357 None
0 0.198903 0.915965 0.0464873 0.0325477 None
0 0.391419 0.832758 0.0173543 0.0855489 None
0 0.934936 0.750098 0.00895538 0.0448459 None
0 0.540617 0.851343 0.00700188 0.0235074 None
0 0.321603 0.713085 0.006318 0.0201463 None
0 0.00880117 0.753595 0.010417 0.0200492 None
0 0.533578 0.739888 0.0167855 0.00874125 None
0 0.91908 0.973257 0.0220497 0.0405458 None
0 0.77086 0.699625 0.00714531 0.0178553 None
0 0.771158 0.701837 0.00847177 0.0226806 None
0 0.14495 0.73835 0.00759745 0.0089291 None
0 0.85346 0.831413 0.0214794 0.0363725 None
0 0.97438 0.762713 0.0185406 0.0275631 None
0 0.125801 0.985937 0.0273883 0.0205336 None
0 0.100355 0.994324 0.0564718 0.00786557 None
0 0.0645195 0.751634 0.0258409 0.00863868 None
0 0.934265 0.743566 0.01066 0.0595985 None
0 0.883263 0.985311 0.0427767 0.0282627 None
0 0.105022 0.991524 0.0656633 0.0130547 None
0 0.577328 0.875595 0.0325946 0.013582 None
0 0.118634 0.984077 0.0367164 0.0237434 None
0 0.00765784 0.754225 0.00823476 0.0176068 None
0 0.956739 0.849139 0.0162373 0.0385174 None
0 0.987074 0.676673 0.00557976 0.0206194 None
0 0.069714 0.75328 0.0119584 0.00860765 None
0 0.5426 0.792768 0.0667458 0.0192963 None
0 0.715635 0.830939 0.0204078 0.0314056 None
0 0.972876 0.672597 0.00627213 0.019571 None
0 0.151405 0.740018 0.0238281 0.0116696 None
0 0.533081 0.739795 0.0158079 0.00857357 None
0 0.577086 0.875356 0.0324696 0.0133691 None
0 0.109611 0.980516 0.0189115 0.0232093 None
0 0.853088 0.846355 0.0262867 0.0133989 None
0 0.773814 0.813141 0.00672264 0.0145911 None
0 0.852452 0.838878 0.0234627 0.0238288 None
0 0.973715 0.766321 0.0180639 0.0209924 None
0 0.106006 0.9856 0.0664389 0.0239668 None
0 0.858245 0.847377 0.0376535 0.012596 None
0 0.944718 0.866894 0.0286327 0.0153268 None
0 0.47658 0.825808 0.00721874 0.0378252 None
0 0.0624598 0.753096 0.0224937 0.00798848 None
0 0.143944 0.737525 0.00640905 0.00972765 None
0 0.320736 0.727776 0.0221799 0.00865343 None
0 0.937128 0.86727 0.0134367 0.0148007 None
0 0.980577 0.756257 0.0383759 0.0140859 None
0 0.767033 0.813208 0.00768995 0.0146576 None
0 0.974701 0.770628 0.0183332 0.0120372 None
0 0.973919 0.753597 0.00576019 0.00984022 None
0 0.279828 0.736643 0.0254123 0.00771688 None
0 0.519454 0.793834 0.0184354 0.00799561 None
0 0.949632 0.760413 0.0278709 0.0140205 None
0 0.7732 0.813013 0.019832 0.016512 None
0 0.981702 0.759157 0.0362144 0.021108 None
0 0.778814 0.815189 0.00897913 0.0120399 None
0 0.979829 0.658705 0.00802536 0.0164975 None
0 0.859918 0.84592 0.0389603 0.0166328 None
0 0.772206 0.812638 0.0115351 0.0154207 None
0 0.864875 0.845171 0.026923 0.0163283 None
0 0.794066 0.718863 0.0655 0.0138068 None
0 0.862707 0.832521 0.0295479 0.0381973 None
0 0.957351 0.755421 0.0120838 0.00807292 None
0 0.701193 0.795163 0.0144587 0.0456848 None
0 0.790986 0.819993 0.0259929 0.00746935 None
0 0.795828 0.817288 0.0374563 0.011301 None
0 0.285303 0.736631 0.0328533 0.00814853 None
0 0.835815 0.773381 0.00773678 0.0346904 None
0 0.681143 0.814953 0.0168631 0.0194363 None
0 0.93492 0.726687 0.00788193 0.0276713 None
0 0.537946 0.85049 0.0126247 0.0265371 None
0 0.0104283 0.976974 0.0207302 0.025216 None
0 0.0541698 0.750986 0.0056589 0.00694156 None
0 0.838823 0.83499 0.0340546 0.034062 None
0 0.754319 0.777037 0.00910664 0.0469701 None
0 0.882317 0.685234 0.006353 0.009434 None
0 0.983962 0.754089 0.0316322 0.0106991 None
0 0.872003 0.845406 0.0135639 0.0151903 None
0 0.109583 0.973713 0.019141 0.0381741 None
0 0.95234 0.860357 0.020965 0.0205549 None
0 0.489095 0.864155 0.0267899 0.00944587 None
0 0.933349 0.750505 0.0120594 0.0476824 None
