0 0.452453 0.833783 0.0123827 0.0674761 None
0 0.729653 0.788498 0.00933666 0.0442047 None
0 0.797421 0.776262 0.00866575 0.0496212 None
0 0.547693 0.812497 0.0126701 0.0513309 None
0 0.826334 0.768534 0.0103577 0.0474877 None
0 0.842748 0.766258 0.00886021 0.0461116 None
0 0.755162 0.780887 0.00851975 0.0490697 None
0 0.742613 0.784848 0.00862455 0.0465435 None
0 0.830651 0.834655 0.0176193 0.0335598 None
0 0.857639 0.764576 0.0109051 0.0544685 None
0 0.694982 0.795056 0.00920887 0.0438329 None
0 0.704366 0.791712 0.00961161 0.0480167 None
0 0.817361 0.779601 0.00543785 0.0293532 None
0 0.953799 0.848954 0.0219494 0.0399421 None
0 0.718159 0.830316 0.0134015 0.031742 None
0 0.852812 0.832428 0.0219183 0.0342997 None
0 0.891843 0.976112 0.0613895 0.0459028 None
0 0.272592 0.725712 0.00596628 0.0169128 None
0 0.19894 0.916419 0.0466257 0.03165 None
0 0.0706922 0.741593 0.010088 0.0208377 None
0 0.935478 0.727489 0.00762711 0.0206797 None
0 0.00900999 0.74899 0.0109283 0.0184289 None
0 0.472048 0.853617 0.0178071 0.0332208 None
0 0.43302 0.91491 0.0254688 0.0370992 None
0 0.350796 0.756464 0.00804892 0.0210663 None
0 0.319849 0.711659 0.00672617 0.0164585 None
0 0.712514 0.830993 0.0260348 0.0323025 None
0 0.790764 0.702001 0.00536785 0.0200309 None
0 0.469413 0.855417 0.0128942 0.02942 None
0 0.00561096 0.977005 0.0111763 0.0240823 None
0 0.904195 0.973001 0.0388359 0.0399845 None
0 0.114896 0.981451 0.0302141 0.0243249 None
0 0.0220896 0.938538 0.0441333 0.0285078 None
0 0.774081 0.699243 0.00795708 0.020334 None
0 0.190645 0.731607 0.00916409 0.00818125 None
0 0.391311 0.829975 0.01826 0.0818209 None
0 0.354627 0.98926 0.0160658 0.0214796 None
0 0.577678 0.875776 0.0324001 0.0147441 None
0 0.675538 0.816656 0.0144445 0.0196342 None
0 0.411308 0.768047 0.00465469 0.00899251 None
0 0.109617 0.980572 0.0197834 0.0233649 None
0 0.445806 0.778494 0.00553684 0.0143738 None
0 0.856152 0.831118 0.0152046 0.0331601 None
0 0.985947 0.740332 0.0143766 0.0396498 None
0 0.142293 0.73549 0.00511456 0.0100762 None
0 0.43908 0.776932 0.00704765 0.0138455 None
0 0.440746 0.918954 0.0100847 0.0254946 None
0 0.531262 0.73812 0.0165372 0.00995009 None
0 0.885416 0.979094 0.0490036 0.0398115 None
0 0.108668 0.983505 0.0478189 0.0274585 None
0 0.951986 0.85919 0.018321 0.023073 None
0 0.11961 0.984241 0.0392691 0.0234322 None
0 0.47665 0.852118 0.0115132 0.0322969 None
0 0.102669 0.993846 0.0609991 0.00878754 None
0 0.972272 0.673987 0.00567627 0.0195959 None
0 0.89566 0.682126 0.00690384 0.0172941 None
0 0.98864 0.739065 0.0117533 0.0387144 None
0 0.996535 0.810911 0.00651703 0.0207277 None
0 0.996588 0.814162 0.00640221 0.0140805 None
0 0.973218 0.752937 0.00794411 0.0100072 None
0 0.773056 0.81295 0.0102983 0.0153734 None
0 0.922214 0.973799 0.0269844 0.0413456 None
0 0.858787 0.834326 0.0379696 0.0385902 None
0 0.975004 0.76259 0.0206966 0.0273548 None
0 0.777182 0.813465 0.0128257 0.0160071 None
0 0.76843 0.81295 0.0102301 0.0152669 None
0 0.910469 0.974919 0.049778 0.0442973 None
0 0.681615 0.816413 0.025038 0.0190721 None
0 0.541058 0.849603 0.00765734 0.0285048 None
0 0.991579 0.738743 0.00722237 0.0380564 None
0 0.352596 0.756764 0.012411 0.021127 None
0 0.442189 0.777737 0.0138678 0.0153856 None
0 0.531306 0.737911 0.0167931 0.0110191 None
0 0.882814 0.682095 0.00879745 0.0122676 None
0 0.996968 0.677871 0.00562668 0.0214456 None
0 0.934709 0.735728 0.0110645 0.0080819 None
0 0.428379 0.918035 0.0208781 0.0314796 None
0 0.879704 0.98523 0.0370762 0.0272708 None
0 0.144835 0.736358 0.016862 0.0103285 None
0 0.391111 0.812738 0.0175726 0.0455539 None
0 0.921617 0.680572 0.00681133 0.0126253 None
0 0.103489 0.985202 0.0623397 0.0250956 None
0 0.956426 0.851362 0.0281113 0.040989 None
0 0.979405 0.673779 0.00802155 0.0197384 None
0 0.15141 0.735838 0.0290333 0.0106323 None
0 0.125949 0.985614 0.0274489 0.0204352 None
0 0.956355 0.866731 0.0284021 0.0142982 None
0 0.933617 0.735887 0.0148512 0.0087226 None
0 0.121653 0.986194 0.0190064 0.0212194 None
0 0.840775 0.834099 0.0388212 0.0351237 None
0 0.985006 0.745236 0.0125893 0.0371467 None
0 0.540625 0.845077 0.00612507 0.0227566 None
0 0.959978 0.849588 0.0174044 0.0400041 None
0 0.534828 0.738198 0.0241795 0.0111069 None
0 0.0557982 0.751039 0.00304775 0.0107415 None
0 0.824671 0.814912 0.0246079 0.0101624 None
0 0.425355 0.928355 0.0161527 0.0109892 None
0 0.974961 0.754378 0.012764 0.0131553 None
0 0.957657 0.868735 0.0257404 0.0101054 None
0 0.589625 0.911777 0.0562298 0.015449 None
0 0.776027 0.814404 0.016415 0.0194855 None
0 0.153505 0.983383 0.0175577 0.0132043 None
0 0.590938 0.908077 0.0575992 0.0229173 None
0 0.961903 0.850188 0.0396824 0.0430047 None
0 0.954871 0.863867 0.0250628 0.019494 None
0 0.350008 0.9893 0.0263045 0.021343 None
