0 0.453026 0.834205 0.0129517 0.0669668 None
0 0.479714 0.829031 0.0138695 0.0608029 None
0 0.953453 0.848965 0.0224331 0.0428847 None
0 0.698048 0.795867 0.00903912 0.0434228 None
0 0.867744 0.762908 0.00783386 0.0421158 None
0 0.776306 0.778045 0.00797176 0.0492181 None
0 0.842945 0.76427 0.00740643 0.0456784 None
0 0.218869 0.873699 0.014095 0.0550881 None
0 0.829652 0.83438 0.0174652 0.0327325 None
0 0.848312 0.765642 0.00794487 0.0417538 None
0 0.518511 0.781924 0.010577 0.0359319 None
0 0.816532 0.772867 0.0111069 0.0432363 None
0 0.90797 0.744583 0.00893154 0.0259827 None
0 0.00972592 0.746699 0.00967935 0.0173218 None
0 0.424114 0.909957 0.0209963 0.0494015 None
0 0.676943 0.792593 0.00897961 0.0366002 None
0 0.945351 0.746312 0.00919781 0.0466098 None
0 0.789541 0.777157 0.0138641 0.0486825 None
0 0.354264 0.988828 0.0154034 0.0223434 None
0 0.0221152 0.938366 0.0442304 0.029344 None
0 0.198758 0.915571 0.0458597 0.0326453 None
0 0.956782 0.741372 0.00818195 0.0294573 None
0 0.97626 0.737423 0.0111126 0.0419542 None
0 0.717678 0.830575 0.015399 0.0322654 None
0 0.89041 0.762838 0.00576477 0.0273824 None
0 0.855102 0.832166 0.0196154 0.0334722 None
0 0.995663 0.811892 0.00825043 0.0209646 None
0 0.115408 0.983423 0.0309485 0.0245965 None
0 0.883491 0.979853 0.0449512 0.0388994 None
0 0.714236 0.830737 0.0226917 0.0328735 None
0 0.906471 0.97324 0.0418741 0.0404728 None
0 0.294531 0.746608 0.0127463 0.0323419 None
0 0.577131 0.874764 0.0332953 0.0163613 None
0 0.0767374 0.742154 0.012383 0.0174967 None
0 0.894766 0.976074 0.0669788 0.0453952 None
0 0.331004 0.711974 0.00632119 0.0147871 None
0 0.119892 0.984904 0.0403536 0.0226139 None
0 0.39104 0.81829 0.0173068 0.0572608 None
0 0.0953587 0.99428 0.0461228 0.00814853 None
0 0.765691 0.694858 0.00624838 0.0114747 None
0 0.851902 0.833502 0.0245979 0.0352129 None
0 0.818244 0.772588 0.00867119 0.0420737 None
0 0.29534 0.735271 0.0110101 0.011793 None
0 0.368643 0.736932 0.0120421 0.0132731 None
0 0.781288 0.696528 0.00952263 0.0154776 None
0 0.104107 0.984226 0.0568156 0.0262519 None
0 0.494188 0.781178 0.00668364 0.0191503 None
0 0.675569 0.799771 0.0124249 0.0505408 None
0 0.921354 0.973368 0.0268139 0.0410117 None
0 0.00566325 0.981509 0.0112486 0.0143456 None
0 0.769782 0.812628 0.0157681 0.0159851 None
0 0.786169 0.777208 0.00841122 0.0484894 None
0 0.101354 0.992371 0.0582488 0.0110947 None
0 0.917416 0.97256 0.017804 0.039247 None
0 0.67599 0.815354 0.0144338 0.0188644 None
0 0.490563 0.807361 0.0138041 0.041283 None
0 0.109622 0.981272 0.0199081 0.0237289 None
0 0.93594 0.726939 0.00754128 0.0206655 None
0 0.871746 0.680447 0.00774841 0.0183662 None
0 0.427742 0.909604 0.0149 0.0487637 None
0 0.107616 0.740618 0.0156226 0.0109624 None
0 0.488872 0.809156 0.0106784 0.0363107 None
0 0.420201 0.926912 0.0138234 0.0162092 None
0 0.330675 0.717668 0.0329478 0.00925869 None
0 0.77252 0.812988 0.0215226 0.0169634 None
0 0.703205 0.831619 0.044236 0.0340544 None
0 0.977501 0.657858 0.0119526 0.0305242 None
0 0.978365 0.651948 0.00711746 0.0185007 None
0 0.852401 0.848736 0.0256567 0.00892877 None
0 0.125332 0.985625 0.0284098 0.0218021 None
0 0.54061 0.850808 0.00693388 0.0295393 None
0 0.294676 0.75654 0.0109875 0.0132538 None
0 0.882604 0.985512 0.0434967 0.0283573 None
0 0.974531 0.765888 0.0188343 0.0212065 None
0 0.678224 0.815799 0.020784 0.0190028 None
0 0.493146 0.781872 0.00947914 0.020636 None
0 0.198818 0.727772 0.0170361 0.0109924 None
0 0.973176 0.735723 0.00619431 0.0402276 None
0 0.982291 0.736628 0.00642414 0.0325914 None
0 0.69251 0.841536 0.0340664 0.0147188 None
0 0.589822 0.906982 0.0383422 0.0236277 None
0 0.947368 0.851017 0.0343994 0.0463252 None
0 0.935861 0.866001 0.0115358 0.0152969 None
0 0.981694 0.738055 0.00751171 0.0392822 None
0 0.957895 0.848375 0.0141899 0.0385966 None
0 0.858515 0.847901 0.0401337 0.0128291 None
0 0.857276 0.834333 0.0398048 0.0386692 None
0 0.327839 0.716507 0.0303587 0.009139 None
0 0.779236 0.816357 0.00763607 0.00945197 None
0 0.299354 0.739143 0.0219991 0.0146315 None
0 0.792154 0.780794 0.0105535 0.0407206 None
0 0.790861 0.820921 0.0236903 0.00619541 None
0 0.861566 0.833026 0.0276878 0.0367794 None
0 0.972795 0.767509 0.0164528 0.0180535 None
0 0.292342 0.759187 0.0206833 0.00964864 None
0 0.0587447 0.7476 0.00287397 0.00634104 None
0 0.947656 0.86532 0.0353683 0.0181583 None
0 0.491209 0.798019 0.0142435 0.0516066 None
0 0.84318 0.846178 0.0460472 0.0152023 None
0 0.678705 0.805348 0.0154575 0.0387305 None
0 0.594206 0.90683 0.0575748 0.0237269 None
0 0.782684 0.69796 0.00701065 0.0166438 None
0 0.0978134 0.986554 0.0508856 0.0212665 None
0 0.891363 0.764828 0.00828095 0.0309492 None
0 0.0706772 0.743572 0.0258336 0.0186515 None
0 0.198667 0.72823 0.017801 0.0123366 None
0 0.812988 0.772311 0.00867424 0.0429437 None
0 0.420752 0.923163 0.0151667 0.0237652 None
0 0.576971 0.871284 0.0338732 0.0234461 None
0 0.103773 0.982164 0.0383693 0.0273499 None
0 0.893521 0.986216 0.0257538 0.0239487 None
0 0.539447 0.741638 0.00454006 0.00838742 None
0 0.892742 0.763141 0.0105877 0.028874 None
0 0.975075 0.739689 0.016737 0.0410794 None
