0 0.635063 0.801106 0.0113504 0.0600043 None
0 0.590477 0.81003 0.0100504 0.0578705 None
0 0.424204 0.895098 0.0184949 0.0799513 None
0 0.554881 0.819054 0.0104172 0.0501495 None
0 0.796405 0.775525 0.00861521 0.0492084 None
0 0.830945 0.834923 0.0178747 0.0335005 None
0 0.843481 0.766577 0.0079834 0.0483271 None
0 0.717961 0.830062 0.0134152 0.0314582 None
0 0.452999 0.833906 0.011055 0.0669364 None
0 0.114497 0.983677 0.0316494 0.0260661 None
0 0.724153 0.786219 0.00796242 0.0492986 None
0 0.702196 0.791914 0.008918 0.0440304 None
0 0.695285 0.792169 0.00732231 0.0472683 None
0 0.687944 0.795031 0.00837078 0.0457177 None
0 0.673545 0.792441 0.00886812 0.0373201 None
0 0.277387 0.727218 0.00429373 0.0154202 None
0 0.0222894 0.938744 0.0445789 0.0301615 None
0 0.93616 0.728646 0.00710373 0.0241119 None
0 0.0162566 0.753009 0.0105297 0.0173258 None
0 0.974794 0.762393 0.018037 0.0271766 None
0 0.893518 0.975366 0.0617992 0.0444795 None
0 0.856107 0.830712 0.0143366 0.0328791 None
0 0.355288 0.989346 0.0136741 0.0213079 None
0 0.954837 0.849374 0.0202751 0.037471 None
0 0.475731 0.857464 0.018963 0.0240506 None
0 0.904993 0.9731 0.0414557 0.0394243 None
0 0.95747 0.848198 0.0154089 0.0349106 None
0 0.956313 0.748061 0.00713654 0.0382789 None
0 0.00852025 0.978416 0.0169606 0.0195763 None
0 0.0589225 0.744401 0.00777514 0.020344 None
0 0.852844 0.831136 0.022007 0.0336499 None
0 0.448455 0.833004 0.00783081 0.0653141 None
0 0.197926 0.915461 0.0455248 0.0319602 None
0 0.0178855 0.753244 0.01432 0.0186551 None
0 0.485653 0.857505 0.0362434 0.023879 None
0 0.0954855 0.99425 0.0463629 0.00815837 None
0 0.883519 0.984806 0.044857 0.0279548 None
0 0.972734 0.761723 0.0123587 0.0261181 None
0 0.358951 0.773115 0.00494232 0.0142626 None
0 0.951036 0.85068 0.016399 0.0395647 None
0 0.321882 0.716569 0.00715146 0.0119944 None
0 0.577505 0.875475 0.0320037 0.0146461 None
0 0.489906 0.72155 0.00700541 0.0112569 None
0 0.0775153 0.749177 0.00469159 0.00934143 None
0 0.852853 0.848735 0.0258778 0.00935126 None
0 0.676938 0.814109 0.0180762 0.0218014 None
0 0.853057 0.698242 0.00635719 0.0224233 None
0 0.67425 0.798616 0.0126102 0.0504649 None
0 0.995964 0.810324 0.00766602 0.023174 None
0 0.455384 0.761146 0.00385141 0.0128689 None
0 0.972361 0.673156 0.00555935 0.0201989 None
0 0.937513 0.675037 0.00724545 0.0134193 None
0 0.577281 0.87513 0.0315787 0.0141819 None
0 0.442115 0.761709 0.0153579 0.0131356 None
0 0.834637 0.696427 0.00492477 0.0176888 None
0 0.950517 0.857635 0.0159058 0.0255341 None
0 0.996124 0.815605 0.00734425 0.0126633 None
0 0.948368 0.851079 0.0260475 0.0409181 None
0 0.887944 0.977084 0.0494949 0.038678 None
0 0.356163 0.773607 0.0131714 0.0150336 None
0 0.714828 0.830546 0.020501 0.0319224 None
0 0.938264 0.863476 0.0198265 0.0182261 None
0 0.722794 0.778575 0.00883808 0.036703 None
0 0.329402 0.771399 0.0185448 0.00873193 None
0 0.4456 0.761695 0.022992 0.0137672 None
0 0.471334 0.857657 0.012899 0.0236357 None
0 0.93571 0.864819 0.0214195 0.0193388 None
0 0.933302 0.867572 0.0213079 0.014623 None
0 0.859475 0.795086 0.00651665 0.0130425 None
0 0.5882 0.913315 0.0541075 0.0119219 None
0 0.851948 0.844919 0.0225685 0.0120395 None
0 0.94497 0.85212 0.0383154 0.0418182 None
0 0.935058 0.866648 0.0164059 0.0156843 None
0 0.102138 0.984743 0.0594933 0.0264221 None
0 0.413226 0.842202 0.035428 0.0156475 None
0 0.917895 0.972598 0.0169815 0.0386837 None
0 0.960092 0.732522 0.0223047 0.00928328 None
0 0.937113 0.677528 0.00878582 0.0178093 None
0 0.492317 0.72242 0.0123087 0.0123695 None
0 0.845033 0.847365 0.0422245 0.012242 None
0 0.495706 0.863445 0.016143 0.010102 None
0 0.590503 0.9144 0.0465385 0.00966899 None
0 0.956937 0.731558 0.0319916 0.0100267 None
0 0.153364 0.983598 0.0175764 0.0123642 None
0 0.323192 0.717282 0.0123813 0.014527 None
0 0.0568891 0.745324 0.0144803 0.02268 None
0 0.935146 0.728675 0.00990791 0.0247616 None
0 0.963008 0.731569 0.0371216 0.0113797 None
0 0.676052 0.794123 0.0144882 0.0443368 None
0 0.943398 0.863708 0.0400974 0.023606 None
0 0.955756 0.73001 0.0351898 0.0124112 None
0 0.340877 0.771566 0.0421511 0.0120721 None
0 0.996002 0.804114 0.00756149 0.0355048 None
0 0.676356 0.791678 0.0122588 0.0365729 None
0 0.939657 0.860815 0.0253956 0.0238573 None
0 0.835799 0.835481 0.0279976 0.0337953 None
0 0.972774 0.726621 0.0169069 0.00710212 None
0 0.956051 0.867739 0.0617268 0.0158685 None
0 0.849499 0.833641 0.0282379 0.034533 None
0 0.541264 0.848617 0.00730095 0.0289239 None
0 0.540507 0.851408 0.00782213 0.0249752 None
0 0.122744 0.985608 0.0343668 0.0210334 None
0 0.960004 0.848451 0.0122023 0.0340322 None
0 0.133321 0.742945 0.0194268 0.0116916 None
0 0.40721 0.843328 0.0474675 0.0178591 None
0 0.95728 0.869135 0.0270622 0.00992245 None
