0 0.45353 0.834922 0.0118979 0.0643609 105167
0 0.354665 0.847988 0.0137848 0.0627184 105168
0 0.842918 0.765805 0.0084198 0.0446323 105169
0 0.796652 0.775016 0.00814734 0.0482335 105170
0 0.702635 0.792705 0.010696 0.0466685 105171
0 0.481368 0.829757 0.0123705 0.0586087 105172
0 0.615329 0.8085 0.00898323 0.0481198 105173
0 0.555169 0.818055 0.0106034 0.0480428 105174
0 0.831315 0.834835 0.0168394 0.0328123 105175
0 0.743255 0.783228 0.0079752 0.049115 105176
0 0.210335 0.903282 0.0164719 0.0788774 105177
0 0.733397 0.785887 0.00888596 0.0453827 105178
0 0.524159 0.81765 0.0109957 0.0602665 105179
0 0.193954 0.915402 0.0358734 0.0307532 105180
0 0.688724 0.795747 0.0097002 0.0462016 105181
0 0.630204 0.813249 0.00852213 0.0348504 105182
0 0.114379 0.982838 0.0320646 0.0256234 105183
0 0.0221541 0.938462 0.044263 0.0282847 105184
0 0.718391 0.830258 0.0130567 0.0313095 105185
0 0.917067 0.752995 0.00797539 0.0410194 105186
0 0.956552 0.847959 0.0162905 0.0351523 105187
0 0.391135 0.825142 0.0175077 0.0708176 105188
0 0.928826 0.72857 0.00640183 0.0247247 105189
0 0.475592 0.856839 0.0175774 0.0247192 105190
0 0.956641 0.734439 0.00697765 0.0256117 105191
0 0.355402 0.98936 0.0139757 0.0212795 105192
0 0.903609 0.972729 0.0345524 0.0386207 105193
0 0.937105 0.746159 0.00680046 0.0368896 105194
0 0.853546 0.835414 0.0211096 0.0257762 105195
0 0.883868 0.980087 0.0452538 0.0380522 105196
0 0.855011 0.834697 0.0150017 0.0249369 105197
0 0.333129 0.77388 0.00743322 0.0155997 105198
0 0.71508 0.830804 0.0206936 0.0324124 105199
0 0.996204 0.813406 0.00718689 0.016705 105200
0 0.575495 0.762827 0.00710526 0.0158591 105201
0 0.897206 0.686119 0.00622559 0.0154961 105202
0 0.225761 0.722019 0.00888891 0.0145138 105203
0 0.910343 0.973191 0.0472305 0.0408878 105204
0 0.951764 0.85029 0.0261581 0.0398122 105205
0 0.676713 0.81541 0.0165719 0.0190096 105206
0 0.892928 0.975243 0.0626171 0.0455034 105207
0 0.947105 0.851342 0.0360054 0.0418623 105208
0 0.574063 0.763642 0.0106096 0.0165175 105209
0 0.917187 0.972534 0.0170841 0.0375637 105210
0 0.0964259 0.994545 0.0500516 0.00815565 105211
0 0.921906 0.97323 0.0275192 0.0397712 105212
0 0.00214282 0.977862 0.00424815 0.020747 105213
0 0.877814 0.696312 0.00659065 0.0174003 105214
0 0.91445 0.972285 0.0106667 0.0379098 105215
0 0.972532 0.761986 0.0135586 0.026378 105216
0 0.286766 0.735138 0.00792656 0.0145565 105217
0 0.466397 0.759583 0.00830059 0.0166338 105218
0 0.769857 0.813157 0.0150704 0.0152557 105219
0 0.00551984 0.978139 0.0110214 0.0226006 105220
0 0.941955 0.674814 0.00638142 0.0176937 105221
0 0.572592 0.772837 0.0186152 0.01146 105222
0 0.937894 0.750524 0.00813885 0.0318558 105223
0 0.973754 0.753032 0.00807114 0.00993313 105224
0 0.774188 0.813895 0.0194535 0.0154429 105225
0 0.577447 0.875571 0.0332134 0.013287 105226
0 0.937081 0.85981 0.0173073 0.026316 105227
0 0.974278 0.767049 0.0188858 0.0192498 105228
0 0.895534 0.973254 0.019186 0.0249888 105229
0 0.587906 0.911777 0.0535986 0.0151788 105230
0 0.947326 0.859844 0.0373035 0.0275353 105231
0 0.944418 0.85645 0.0313274 0.0332835 105232
0 0.843562 0.835483 0.0415619 0.0332655 105233
0 0.577005 0.875191 0.0332492 0.0132311 105234
0 0.528347 0.817262 0.00772934 0.0581919 105235
0 0.943074 0.674418 0.00470085 0.019337 105236
0 0.259034 0.769374 0.0193256 0.00993686 105237
0 0.484794 0.857018 0.0359627 0.0242515 105238
0 0.994204 0.731607 0.0103012 0.0277805 105239
0 0.100132 0.984557 0.0623172 0.0276062 105240
0 0.520071 0.72293 0.0204174 0.0101766 105241
0 0.861609 0.836212 0.0362953 0.0323054 105242
0 0.495102 0.862284 0.0159339 0.0118627 105243
0 0.994516 0.669751 0.006917 0.0230984 105244
0 0.939354 0.747091 0.0108162 0.0400954 105245
0 0.897368 0.974705 0.0230581 0.0315406 105246
0 0.591713 0.914025 0.0442359 0.0103658 105247
0 0.875935 0.98499 0.0293615 0.0286738 105248
0 0.974424 0.762957 0.0181076 0.027987 105249
0 0.434588 0.854437 0.00727034 0.0127604 105250
0 0.00974871 0.978377 0.0192752 0.0283498 105251
0 0.15363 0.983354 0.017781 0.0133504 105252
0 0.687892 0.785188 0.00881662 0.0273505 105253
0 0.994793 0.813599 0.0100372 0.0173484 105254
0 0.479936 0.85636 0.023232 0.0254008 105255
0 0.00226265 0.972511 0.00449464 0.0317418 105256
0 0.100822 0.991762 0.0589986 0.0117571 105257
0 0.972676 0.673872 0.006353 0.0135793 105258
0 0.975014 0.771815 0.0180294 0.0104824 105259
0 0.872605 0.845571 0.0144957 0.0150241 105260
0 0.995872 0.671391 0.00673103 0.0188248 105261
0 0.924082 0.670281 0.00645065 0.0125321 105262
0 0.950248 0.866217 0.0417038 0.0166772 105263
0 0.589518 0.908662 0.0573779 0.0214674 105264
0 0.199827 0.918323 0.0480121 0.0381811 105265
0 0.521036 0.723633 0.0172611 0.0102139 105266
0 0.577802 0.881806 0.0331722 0.00861579 105267
0 0.854925 0.836196 0.049873 0.0362932 105268
0 0.00360714 0.746496 0.00673658 0.0101315 105269
0 0.354297 0.832759 0.0127267 0.031724 105270
0 0.183991 0.995482 0.00737164 0.00903592 105271
0 0.25902 0.766023 0.0198401 0.0148638 105272
0 0.958661 0.73374 0.00996532 0.0267259 105273
0 0.286112 0.740599 0.0104819 0.0257589 105274
0 0.852111 0.84783 0.0253462 0.0111369 105275
