0 0.470264 0.835115 0.0161816 0.0652083 26086
0 0.454837 0.832861 0.0132223 0.0680369 26087
0 0.695573 0.792937 0.00960236 0.0478526 26088
0 0.830693 0.834443 0.0174759 0.0341317 26089
0 0.705856 0.791995 0.00982208 0.049863 26090
0 0.859506 0.763575 0.00945129 0.0474297 26091
0 0.893201 0.756873 0.00906925 0.0490282 26092
0 0.794269 0.775298 0.0112249 0.0495524 26093
0 0.843022 0.767195 0.00870018 0.0468248 26094
0 0.756575 0.78176 0.0109011 0.0503947 26095
0 0.744601 0.785179 0.00867939 0.0482486 26096
0 0.813799 0.772223 0.00853386 0.0426531 26097
0 0.52556 0.813549 0.0124655 0.0419966 26098
0 0.718517 0.829745 0.0148014 0.032584 26099
0 0.467621 0.779645 0.00735493 0.0240426 26100
0 0.892816 0.97609 0.0616859 0.0454293 26101
0 0.070811 0.740855 0.0077019 0.0261919 26102
0 0.434447 0.913624 0.0223224 0.0378862 26103
0 0.856162 0.830549 0.0162571 0.0329544 26104
0 0.332907 0.753561 0.00825715 0.0174425 26105
0 0.959315 0.736444 0.00744991 0.0277791 26106
0 0.277657 0.728197 0.00665736 0.0144379 26107
0 0.938442 0.750914 0.0133186 0.0439646 26108
0 0.953525 0.849295 0.0219687 0.0409132 26109
0 0.957191 0.848059 0.0151535 0.0381239 26110
0 0.118128 0.983703 0.0362307 0.0237601 26111
0 0.00891198 0.752056 0.0103207 0.0171146 26112
0 0.198326 0.915641 0.0441725 0.0311754 26113
0 0.832371 0.77723 0.00673618 0.0286677 26114
0 0.528441 0.738482 0.00544529 0.0114453 26115
0 0.32052 0.715972 0.00745988 0.0211714 26116
0 0.971912 0.763071 0.0131306 0.0273524 26117
0 0.354912 0.989305 0.0148344 0.0213247 26118
0 0.903494 0.973029 0.0393026 0.0392897 26119
0 0.789253 0.698956 0.00849409 0.0152919 26120
0 0.533404 0.740482 0.0147612 0.00848592 26121
0 0.192863 0.736441 0.0108454 0.0122548 26122
0 0.853836 0.831787 0.0216421 0.0362315 26123
0 0.444237 0.780624 0.010223 0.0185511 26124
0 0.0221423 0.938935 0.0440145 0.0275974 26125
0 0.769108 0.697674 0.00643797 0.0197402 26126
0 0.932315 0.727129 0.00549469 0.0240733 26127
0 0.972255 0.672314 0.00502663 0.0171371 26128
0 0.00505566 0.940571 0.0100367 0.096707 26129
0 0.097994 0.994208 0.0516152 0.00818244 26130
0 0.109757 0.984641 0.0532269 0.0252665 26131
0 0.714743 0.830353 0.0227955 0.0329003 26132
0 0.9497 0.858512 0.0140678 0.0233378 26133
0 0.89783 0.681613 0.00475388 0.0158326 26134
0 0.978414 0.661678 0.00665607 0.0234517 26135
0 0.318646 0.716602 0.0116456 0.0224667 26136
0 0.111421 0.981625 0.0231409 0.0231649 26137
0 0.577344 0.875288 0.0322657 0.013677 26138
0 0.863804 0.833397 0.0325687 0.0381573 26139
0 0.978738 0.656988 0.00696278 0.024733 26140
0 0.884037 0.985265 0.0446156 0.0275235 26141
0 0.00209323 0.932228 0.00411319 0.0825287 26142
0 0.00516977 0.975494 0.0103058 0.0256254 26143
0 0.577606 0.875678 0.0326328 0.0142154 26144
0 0.677576 0.816278 0.019638 0.0197255 26145
0 0.00586664 0.951566 0.0116768 0.0746111 26146
0 0.98604 0.678014 0.00489655 0.0144518 26147
0 0.0109349 0.760045 0.0179701 0.00630358 26148
0 0.124721 0.985527 0.0296766 0.0216732 26149
0 0.771596 0.812709 0.0114126 0.0151232 26150
0 0.00182812 0.908634 0.00362634 0.0356069 26151
0 0.995869 0.813933 0.00786304 0.0146386 26152
0 0.530514 0.738292 0.0104191 0.0130624 26153
0 0.896813 0.671994 0.00635166 0.011435 26154
0 0.0535597 0.750728 0.00436068 0.00725623 26155
0 0.872774 0.845718 0.0141201 0.0143548 26156
0 0.752735 0.794457 0.00720367 0.0253808 26157
0 0.947982 0.850696 0.0316576 0.0447632 26158
0 0.773072 0.812332 0.008288 0.0151818 26159
0 0.798553 0.719331 0.0465734 0.0142248 26160
0 0.980265 0.664817 0.0104542 0.0248206 26161
0 0.151409 0.739732 0.0218383 0.0113115 26162
0 0.5199 0.793998 0.0145218 0.0069848 26163
0 0.937516 0.866959 0.0142605 0.015154 26164
0 0.86624 0.79665 0.0360775 0.0136403 26165
0 0.945938 0.859402 0.0295799 0.0281169 26166
0 0.77429 0.812983 0.0192274 0.0166534 26167
0 0.391537 0.832052 0.0177672 0.0876441 26168
0 0.779439 0.815888 0.0083683 0.0103678 26169
0 0.94392 0.86625 0.0259907 0.0163869 26170
0 0.868702 0.799803 0.0313169 0.0118052 26171
0 0.974615 0.771475 0.018705 0.0111003 26172
0 0.885211 0.979321 0.0470652 0.0391571 26173
0 0.882104 0.685643 0.00554047 0.00986311 26174
0 0.705649 0.831675 0.0401924 0.0320669 26175
0 0.860707 0.845827 0.038566 0.0156847 26176
0 0.00844679 0.75892 0.0149033 0.00716078 26177
0 0.00998568 0.755535 0.0153666 0.0127679 26178
0 0.853284 0.845371 0.0264935 0.014664 26179
0 0.131409 0.984206 0.0635503 0.0201782 26180
0 0.964088 0.667799 0.00512428 0.0134672 26181
0 0.316645 0.717775 0.0161871 0.019946 26182
0 0.85201 0.838836 0.0238682 0.0249034 26183
0 0.855469 0.796712 0.017844 0.00964898 26184
0 0.85951 0.844443 0.0396618 0.0180137 26185
0 0.981247 0.771354 0.00942764 0.00964322 26186
