0 0.41657 0.896845 0.0202797 0.0808709 None
0 0.555039 0.819214 0.00995617 0.0498389 None
0 0.587047 0.810087 0.0110768 0.0558675 None
0 0.629203 0.802744 0.0121456 0.0608334 None
0 0.796378 0.77577 0.00869951 0.0485952 None
0 0.830911 0.834906 0.0178936 0.0335188 None
0 0.843598 0.766469 0.00771351 0.04833 None
0 0.718176 0.830067 0.0138338 0.0314572 None
0 0.452509 0.833645 0.0116138 0.0670439 None
0 0.723961 0.786389 0.00882778 0.0490334 None
0 0.114589 0.983758 0.0321848 0.0264191 None
0 0.446116 0.833704 0.0102531 0.0653951 None
0 0.67134 0.794717 0.00791779 0.0334244 None
0 0.953621 0.850222 0.0228313 0.0395287 None
0 0.688515 0.794497 0.00925188 0.0444489 None
0 0.893605 0.975372 0.0621676 0.0446011 None
0 0.955045 0.747181 0.00752411 0.0382697 None
0 0.694882 0.792289 0.00717716 0.0475962 None
0 0.935953 0.72874 0.00822334 0.0262729 None
0 0.015201 0.752011 0.0102184 0.017494 None
0 0.701982 0.792655 0.00892811 0.0433492 None
0 0.355303 0.989367 0.0136785 0.0212669 None
0 0.0225464 0.938728 0.0450927 0.0303109 None
0 0.856076 0.830687 0.0144249 0.0329319 None
0 0.197995 0.915728 0.0454539 0.0317006 None
0 0.278046 0.727305 0.00448198 0.0162998 None
0 0.475795 0.857083 0.019533 0.0250827 None
0 0.484878 0.857029 0.0378687 0.0252789 None
0 0.974407 0.76229 0.0172583 0.0268636 None
0 0.905125 0.973154 0.0411617 0.0393921 None
0 0.957264 0.848645 0.0158314 0.035498 None
0 0.0576724 0.742487 0.00731877 0.017278 None
0 0.852835 0.831078 0.0220667 0.033619 None
0 0.853359 0.697308 0.00515385 0.0203788 None
0 0.00829017 0.977999 0.0164869 0.020205 None
0 0.358973 0.772068 0.00661488 0.0121474 None
0 0.0569415 0.74459 0.00911305 0.022015 None
0 0.883488 0.984547 0.0449278 0.0284363 None
0 0.0959233 0.994298 0.0478276 0.00815158 None
0 0.0766137 0.750584 0.00455487 0.00900777 None
0 0.00567942 0.978073 0.0112981 0.0197306 None
0 0.972321 0.761204 0.0110479 0.0253569 None
0 0.577506 0.875438 0.0320696 0.0148682 None
0 0.43962 0.761874 0.0079155 0.0124369 None
0 0.85286 0.848654 0.0258667 0.00943332 None
0 0.322043 0.7175 0.00786533 0.0109063 None
0 0.677164 0.814659 0.0160656 0.0196594 None
0 0.0176275 0.759989 0.0182893 0.00732134 None
0 0.447904 0.761977 0.0202646 0.0122389 None
0 0.995972 0.810328 0.00764885 0.023027 None
0 0.444416 0.834241 0.00890884 0.0630966 None
0 0.358811 0.773076 0.00963988 0.0139626 None
0 0.99614 0.815821 0.00731201 0.0120663 None
0 0.166807 0.735275 0.022027 0.00980835 None
0 0.714992 0.830499 0.0205497 0.0319685 None
0 0.577322 0.875102 0.0317227 0.014506 None
0 0.950324 0.85999 0.0168657 0.0207209 None
0 0.0560956 0.751652 0.0106651 0.00912543 None
0 0.49185 0.721135 0.00805721 0.0100145 None
0 0.673618 0.798559 0.0122675 0.0429101 None
0 0.935616 0.864684 0.0144554 0.0177417 None
0 0.491557 0.722048 0.0101597 0.0102393 None
0 0.0174645 0.758609 0.0205692 0.00935483 None
0 0.722218 0.779895 0.0084013 0.0394842 None
0 0.101892 0.984668 0.0592418 0.0265269 None
0 0.884639 0.978513 0.0476852 0.0370327 None
0 0.852016 0.844876 0.0226379 0.01199 None
0 0.126431 0.740723 0.00505219 0.00616608 None
0 0.588266 0.913276 0.0544983 0.0122962 None
0 0.0193581 0.760946 0.0219836 0.00708923 None
0 0.846805 0.847506 0.0385593 0.0118535 None
0 0.0558701 0.753632 0.0107535 0.00630035 None
0 0.15337 0.98361 0.017518 0.0123798 None
0 0.938314 0.673724 0.00935287 0.0133269 None
0 0.591543 0.914533 0.044416 0.00945435 None
0 0.917922 0.972601 0.0171509 0.0385305 None
0 0.131416 0.74277 0.0158671 0.0115582 None
0 0.958178 0.867203 0.0565533 0.0147186 None
0 0.391356 0.832987 0.0177145 0.0868205 None
0 0.996021 0.804074 0.00752392 0.035438 None
0 0.949934 0.853082 0.0255798 0.0388913 None
0 0.334475 0.771323 0.0309918 0.0121221 None
0 0.0144392 0.758556 0.0285458 0.0111333 None
0 0.946743 0.863456 0.041116 0.0248823 None
0 0.950948 0.869012 0.0379955 0.0098465 None
0 0.278501 0.727286 0.00698519 0.0165683 None
0 0.903605 0.671685 0.00594616 0.00982124 None
0 0.415832 0.843138 0.0421934 0.0170169 None
0 0.946189 0.853125 0.0370081 0.041841 None
0 0.951873 0.863257 0.0333576 0.0220545 None
0 0.390179 0.797964 0.00791121 0.0174459 None
0 0.836469 0.835449 0.0294773 0.0338392 None
0 0.495693 0.863109 0.0162369 0.0109297 None
0 0.322138 0.716824 0.00970259 0.014015 None
0 0.956677 0.869224 0.0278769 0.00939263 None
0 0.670114 0.796594 0.010425 0.0382289 None
0 0.83574 0.696879 0.0054554 0.0185094 None
0 0.951937 0.747014 0.013728 0.0390798 None
0 0.124391 0.985927 0.0309695 0.0201389 None
