0 0.555084 0.819387 0.00991802 0.0500517 87127
0 0.584858 0.809467 0.0107681 0.0549013 87128
0 0.796283 0.776111 0.00876713 0.0487451 87129
0 0.627221 0.803324 0.0147021 0.0604841 87130
0 0.452412 0.833785 0.0112412 0.0675076 87131
0 0.830891 0.8349 0.0178745 0.0335012 87132
0 0.411965 0.89672 0.0240533 0.0796509 87133
0 0.843445 0.766594 0.00803413 0.0483354 87134
0 0.443628 0.835541 0.0129293 0.0624056 87135
0 0.722765 0.786293 0.00897007 0.0501236 87136
0 0.718086 0.830078 0.0137082 0.0314351 87137
0 0.11462 0.983743 0.032307 0.0265291 87138
0 0.953957 0.747496 0.00816345 0.0393114 87139
0 0.689005 0.795115 0.00878038 0.0454252 87140
0 0.935868 0.728261 0.00761089 0.0253677 87141
0 0.475041 0.856287 0.0187136 0.0263063 87142
0 0.0225327 0.938683 0.0450653 0.0302419 87143
0 0.89368 0.975469 0.0627453 0.0448785 87144
0 0.197977 0.915861 0.0454781 0.0313276 87145
0 0.70244 0.792334 0.00888977 0.0433234 87146
0 0.0146302 0.752286 0.00869037 0.0170846 87147
0 0.355307 0.989375 0.0136637 0.0212492 87148
0 0.954488 0.8498 0.0212128 0.0383053 87149
0 0.695459 0.792748 0.00777874 0.0462989 87150
0 0.855922 0.830641 0.0138805 0.0320028 87151
0 0.671362 0.79376 0.0103016 0.0343218 87152
0 0.278398 0.727667 0.00478582 0.0160044 87153
0 0.905159 0.973159 0.0413006 0.0394786 87154
0 0.957544 0.848399 0.0153994 0.0350525 87155
0 0.974769 0.762228 0.0182079 0.0274456 87156
0 0.852693 0.831507 0.0225182 0.0331043 87157
0 0.0954954 0.994307 0.0468904 0.00813972 87158
0 0.883542 0.984432 0.0451538 0.0287189 87159
0 0.0570899 0.742456 0.00782259 0.0213691 87160
0 0.484695 0.856228 0.0386707 0.0264981 87161
0 0.972227 0.76123 0.0118689 0.0258067 87162
0 0.358241 0.771598 0.00502825 0.0109575 87163
0 0.853731 0.698363 0.00575104 0.020287 87164
0 0.00594029 0.978206 0.011801 0.0204926 87165
0 0.0566595 0.744207 0.0103895 0.0246675 87166
0 0.577539 0.875524 0.0321805 0.0146978 87167
0 0.852807 0.848828 0.0259762 0.00911831 87168
0 0.677436 0.813563 0.0178087 0.0221027 87169
0 0.995973 0.810374 0.00764732 0.0229741 87170
0 0.0762974 0.750911 0.00456483 0.0090644 87171
0 0.0181007 0.761316 0.0187294 0.00759176 87172
0 0.00911677 0.978088 0.0181537 0.0229669 87173
0 0.627796 0.792078 0.0122721 0.0400018 87174
0 0.935253 0.865155 0.0136742 0.0170349 87175
0 0.996141 0.815785 0.00731087 0.0122162 87176
0 0.322573 0.717676 0.00752249 0.0117628 87177
0 0.974982 0.769761 0.0178288 0.0127921 87178
0 0.674746 0.810731 0.0155005 0.0291251 87179
0 0.492548 0.721218 0.00874224 0.010241 87180
0 0.391082 0.832832 0.0188287 0.0885503 87181
0 0.67308 0.800058 0.0136928 0.0472039 87182
0 0.950636 0.859297 0.0156477 0.0215985 87183
0 0.577349 0.875134 0.0318173 0.0144463 87184
0 0.445515 0.762099 0.0144661 0.0128859 87185
0 0.355813 0.772329 0.010174 0.0120093 87186
0 0.948376 0.851256 0.0283043 0.0412372 87187
0 0.714896 0.830494 0.0207096 0.0320329 87188
0 0.912441 0.972804 0.0257244 0.0393975 87189
0 0.101994 0.984698 0.0594513 0.0264669 87190
0 0.588298 0.913333 0.0544018 0.0122857 87191
0 0.852117 0.844726 0.0228371 0.0123335 87192
0 0.0167294 0.753767 0.0147726 0.019851 87193
0 0.956195 0.867075 0.061253 0.015782 87194
0 0.844584 0.847728 0.0429848 0.0116579 87195
0 0.884549 0.978674 0.0477245 0.0370738 87196
0 0.153363 0.983613 0.0175324 0.0124023 87197
0 0.448443 0.762139 0.0197231 0.0123011 87198
0 0.947359 0.863964 0.0397287 0.0184904 87199
0 0.854124 0.700518 0.00683327 0.025481 87200
0 0.120493 0.98502 0.0387176 0.0224318 87201
0 0.321901 0.720775 0.00997124 0.0171658 87202
0 0.16848 0.734919 0.0193623 0.0102593 87203
0 0.591542 0.91457 0.0443876 0.00944621 87204
0 0.841343 0.835539 0.0394253 0.0342087 87205
0 0.627896 0.786351 0.0098772 0.0297699 87206
0 0.996024 0.804211 0.00751915 0.0351817 87207
0 0.917903 0.97257 0.0172724 0.0385576 87208
0 0.948777 0.86796 0.0432034 0.0120697 87209
0 0.963948 0.862888 0.0447758 0.0109895 87210
0 0.492433 0.723511 0.00928345 0.0104918 87211
0 0.426984 0.850435 0.0277685 0.00908814 87212
0 0.960024 0.848681 0.0121965 0.0341783 87213
0 0.955756 0.868816 0.0306637 0.0101834 87214
0 0.935673 0.73612 0.00872269 0.0418271 87215
0 0.13067 0.743482 0.0176398 0.0132663 87216
