0 0.452447 0.833562 0.0128273 0.0675781 29250
0 0.482105 0.828706 0.0131817 0.0565613 29251
0 0.281889 0.864952 0.0148843 0.0583418 29252
0 0.879226 0.76038 0.00809937 0.0441315 29253
0 0.773736 0.778892 0.00961237 0.0471668 29254
0 0.953373 0.84831 0.0223766 0.0420739 29255
0 0.532243 0.777675 0.00724144 0.0269062 29256
0 0.796488 0.775902 0.010191 0.0497174 29257
0 0.787947 0.776209 0.010087 0.0482018 29258
0 0.698541 0.794731 0.00881987 0.0520148 29259
0 0.949419 0.747769 0.0107311 0.0475313 29260
0 0.966771 0.738941 0.00904999 0.0420698 29261
0 0.83081 0.834466 0.0155758 0.0325155 29262
0 0.42209 0.912313 0.0172812 0.0469577 29263
0 0.47242 0.801707 0.00914488 0.036598 29264
0 0.843234 0.765556 0.00871181 0.04494 29265
0 0.856508 0.827896 0.0124796 0.0362291 29266
0 0.51956 0.780608 0.00897865 0.0204814 29267
0 0.83684 0.77076 0.00922928 0.0401872 29268
0 0.19831 0.916371 0.0462275 0.0314111 29269
0 0.685043 0.79521 0.010564 0.0445201 29270
0 0.938711 0.743524 0.00683956 0.0310425 29271
0 0.718547 0.830289 0.0142505 0.0320716 29272
0 0.927395 0.728035 0.00994282 0.0224033 29273
0 0.908569 0.763011 0.0080122 0.0280446 29274
0 0.894014 0.975963 0.0662602 0.0467258 29275
0 0.00744777 0.747482 0.00917779 0.0188987 29276
0 0.971581 0.762459 0.0133419 0.0274051 29277
0 0.713658 0.83065 0.0244217 0.0329134 29278
0 0.0222157 0.938297 0.0444313 0.0281318 29279
0 0.330796 0.707605 0.00589895 0.0171741 29280
0 0.114454 0.983618 0.0321625 0.0188777 29281
0 0.351906 0.98917 0.0186924 0.0216596 29282
0 0.676067 0.815614 0.0151592 0.0179901 29283
0 0.838579 0.768111 0.00918617 0.0457131 29284
0 0.898415 0.7404 0.0083149 0.0337531 29285
0 0.995681 0.813961 0.00821762 0.0181719 29286
0 0.883687 0.979438 0.046011 0.0401208 29287
0 0.974322 0.663522 0.00884933 0.0425374 29288
0 0.784743 0.694805 0.00605469 0.0109841 29289
0 0.577645 0.872654 0.0330795 0.0200361 29290
0 0.853304 0.829562 0.0192112 0.0396732 29291
0 0.906123 0.973685 0.0413725 0.0427894 29292
0 0.290951 0.750431 0.0116619 0.0134837 29293
0 0.0055745 0.981464 0.0110552 0.0136073 29294
0 0.371823 0.738859 0.0149189 0.0123406 29295
0 0.00621149 0.748614 0.0122566 0.0210622 29296
0 0.0963904 0.994219 0.0480806 0.00818176 29297
0 0.996876 0.661577 0.00414658 0.0131825 29298
0 0.917412 0.972712 0.0185509 0.0401028 29299
0 0.967215 0.747227 0.00936737 0.0475744 29300
0 0.949392 0.849918 0.0301844 0.0443876 29301
0 0.921123 0.97324 0.028693 0.0410004 29302
0 0.997962 0.733232 0.00365543 0.0476657 29303
0 0.1009 0.991261 0.0572786 0.0135459 29304
0 0.0766208 0.752493 0.0142388 0.0111945 29305
0 0.770096 0.811833 0.0135926 0.0172577 29306
0 0.0590739 0.749605 0.00369472 0.00732863 29307
0 0.54095 0.84879 0.00724335 0.0284051 29308
0 0.11081 0.985765 0.0398053 0.0228548 29309
0 0.98865 0.677782 0.00432777 0.0123437 29310
0 0.29296 0.751195 0.0153238 0.0134566 29311
0 0.833377 0.835098 0.021653 0.033666 29312
0 0.102682 0.98621 0.0560352 0.0228678 29313
0 0.173141 0.737508 0.00429583 0.0081604 29314
0 0.852227 0.839958 0.0220085 0.0216441 29315
0 0.789154 0.819946 0.0266098 0.00817193 29316
0 0.950073 0.86534 0.0371628 0.0181668 29317
0 0.680129 0.816141 0.0223351 0.0186281 29318
0 0.907619 0.975733 0.0548801 0.0456423 29319
0 0.773693 0.812159 0.0212315 0.0202491 29320
0 0.973753 0.76294 0.0192398 0.0277276 29321
0 0.682907 0.818296 0.0177024 0.0143399 29322
0 0.200381 0.726959 0.00723354 0.00669946 29323
0 0.967773 0.763324 0.0226326 0.028048 29324
0 0.589365 0.907265 0.0521303 0.0251539 29325
0 0.588694 0.910718 0.0525983 0.0193456 29326
0 0.969236 0.75141 0.019541 0.0476805 29327
0 0.488307 0.863808 0.0284374 0.0102759 29328
0 0.935983 0.867611 0.0113354 0.013422 29329
0 0.85299 0.84559 0.0265728 0.013757 29330
0 0.070922 0.752343 0.026074 0.0117552 29331
0 0.864635 0.679917 0.00336685 0.0103365 29332
0 0.904331 0.681947 0.00475292 0.0169461 29333
0 0.129986 0.98514 0.0654935 0.0212589 29334
0 0.00584177 0.978764 0.0115727 0.018689 29335
0 0.120391 0.984855 0.0383285 0.0203152 29336
0 0.857127 0.846256 0.0401981 0.0141517 29337
0 0.77971 0.817306 0.00858345 0.0102091 29338
0 0.788563 0.818311 0.025843 0.0102397 29339
0 0.960297 0.862806 0.0473 0.0176961 29340
0 0.788136 0.81783 0.0258789 0.010887 29341
0 0.99536 0.80882 0.00881004 0.0292094 29342
0 0.69562 0.841616 0.0266357 0.0145589 29343
0 0.879964 0.985152 0.0386021 0.029008 29344
0 0.949645 0.863412 0.0205891 0.0164513 29345
0 0.120395 0.985867 0.0267873 0.021541 29346
0 0.390937 0.832688 0.0182186 0.0865919 29347
0 0.905246 0.68261 0.0043026 0.0170588 29348
0 0.550789 0.737823 0.00574913 0.0078281 29349
0 0.00741656 0.757113 0.0143082 0.00990567 29350
0 0.592513 0.91429 0.0428963 0.0115217 29351
0 0.153259 0.741282 0.00871179 0.00957913 29352
0 0.682811 0.795241 0.0149578 0.0439206 29353
0 0.958076 0.866288 0.0555138 0.0149696 29354
0 0.765711 0.695082 0.00941353 0.012553 29355
0 0.9519 0.867473 0.0391253 0.0127057 29356
0 0.97983 0.671094 0.00497971 0.018666 29357
0 0.945335 0.747058 0.0145805 0.0432204 29358
0 0.485288 0.862899 0.02158 0.0111494 29359
0 0.859474 0.831687 0.0386974 0.0433563 29360
0 0.960896 0.863147 0.0513828 0.0121938 29361
0 0.00949745 0.981153 0.0187838 0.0155606 29362
0 0.549478 0.73805 0.00648232 0.00782064 29363
0 0.752824 0.826562 0.0293774 0.00644972 29364
0 0.859823 0.795725 0.00719509 0.0114007 29365
0 0.784072 0.694459 0.00795517 0.013626 29366
0 0.159362 0.740005 0.0111948 0.0118045 29367
0 0.0700687 0.752385 0.0248815 0.0116126 29368
