0 0.452974 0.833946 0.0125909 0.0677005 4540
0 0.481052 0.831457 0.0135672 0.0628218 4541
0 0.809985 0.775432 0.00830269 0.0444633 4542
0 0.787925 0.777112 0.0111467 0.0476037 4543
0 0.698174 0.792789 0.00960455 0.0511532 4544
0 0.188685 0.875503 0.00990212 0.0513682 4545
0 0.953421 0.84927 0.0224825 0.0423265 4546
0 0.985203 0.738346 0.0102777 0.0477675 4547
0 0.775684 0.778891 0.0105077 0.0477186 4548
0 0.680115 0.793421 0.00883608 0.0393483 4549
0 0.842849 0.765537 0.0101666 0.0466999 4550
0 0.424344 0.915559 0.0197607 0.0392076 4551
0 0.49626 0.806255 0.0121046 0.036869 4552
0 0.717203 0.830312 0.0146603 0.0313182 4553
0 0.765097 0.697414 0.00648479 0.016934 4554
0 0.936124 0.7478 0.00960541 0.0459629 4555
0 0.861658 0.763554 0.00876751 0.0411867 4556
0 0.966347 0.742393 0.00926266 0.0481998 4557
0 0.830368 0.83447 0.0181404 0.0330621 4558
0 0.783692 0.698056 0.00680819 0.0180401 4559
0 0.511039 0.77869 0.0105257 0.0236633 4560
0 0.830185 0.768926 0.00932446 0.0429932 4561
0 0.855733 0.830892 0.0157602 0.0331923 4562
0 0.115098 0.983754 0.0312167 0.0214269 4563
0 0.354925 0.989208 0.0148711 0.0215832 4564
0 0.906991 0.973249 0.0431614 0.0401069 4565
0 0.00798383 0.749536 0.00939967 0.0181885 4566
0 0.853233 0.831814 0.0218386 0.0347105 4567
0 0.995633 0.813631 0.00831375 0.0182629 4568
0 0.198989 0.915825 0.0447742 0.0309577 4569
0 0.883484 0.980289 0.0449078 0.0372616 4570
0 0.895156 0.976074 0.0678959 0.0448981 4571
0 0.485627 0.766511 0.00727196 0.0224854 4572
0 0.329295 0.712098 0.00593271 0.0200372 4573
0 0.300536 0.754615 0.00968542 0.0171166 4574
0 0.00597895 0.981538 0.0118785 0.013855 4575
0 0.92152 0.973561 0.0259583 0.0408044 4576
0 0.0220635 0.938814 0.0441271 0.0300914 4577
0 0.540578 0.849358 0.00684795 0.0259155 4578
0 0.909758 0.741967 0.00843239 0.0209235 4579
0 0.0953766 0.994238 0.0458124 0.0080207 4580
0 0.391399 0.812943 0.0168147 0.0466193 4581
0 0.107751 0.984984 0.0490994 0.0244124 4582
0 0.881331 0.984751 0.0405407 0.028791 4583
0 0.917904 0.972726 0.0178091 0.0399433 4584
0 0.102214 0.991864 0.0592085 0.0119066 4585
0 0.676206 0.816126 0.0172066 0.0194348 4586
0 0.988457 0.672358 0.00606461 0.0170892 4587
0 0.833786 0.834801 0.020838 0.0340113 4588
0 0.296591 0.734996 0.0142078 0.00936991 4589
0 0.577624 0.875823 0.032611 0.014467 4590
0 0.364769 0.729094 0.00661311 0.0121172 4591
0 0.947913 0.851251 0.032814 0.0450779 4592
0 0.0588816 0.751064 0.0047971 0.00841777 4593
0 0.957927 0.849505 0.0136162 0.036066 4594
0 0.8743 0.678693 0.00934563 0.0217594 4595
0 0.713622 0.831485 0.0213848 0.0333025 4596
0 0.883685 0.763039 0.00682011 0.023271 4597
0 0.964223 0.74389 0.0128393 0.0461005 4598
0 0.952671 0.860435 0.0226677 0.0230108 4599
0 0.952761 0.661361 0.00415764 0.00921809 4600
0 0.203487 0.730017 0.00848427 0.00973138 4601
0 0.874117 0.673037 0.0080637 0.0101273 4602
0 0.874318 0.674366 0.00891647 0.0130992 4603
0 0.901332 0.974264 0.0318317 0.0360784 4604
0 0.974347 0.764346 0.0182003 0.024262 4605
0 0.841545 0.834546 0.0446661 0.0364075 4606
0 0.979284 0.649419 0.00573673 0.015448 4607
0 0.863646 0.764772 0.0120548 0.0418832 4608
0 0.4241 0.920824 0.01779 0.0306022 4609
0 0.883823 0.769192 0.00764923 0.0356432 4610
0 0.910362 0.683242 0.00516777 0.0127565 4611
0 0.00605342 0.978564 0.0119958 0.0191505 4612
0 0.972885 0.752306 0.00522995 0.007488 4613
0 0.577588 0.875443 0.0324858 0.013904 4614
0 0.995366 0.80866 0.00879021 0.0287567 4615
0 0.783961 0.700602 0.00742979 0.0237064 4616
0 0.3207 0.717407 0.0235352 0.0113451 4617
0 0.676618 0.798747 0.0159069 0.0509816 4618
0 0.960779 0.743357 0.00634079 0.0238912 4619
0 0.97243 0.742924 0.00601711 0.0220269 4620
0 0.201857 0.730339 0.0127525 0.0101306 4621
0 0.772927 0.778586 0.00964041 0.0474457 4622
0 0.124687 0.986594 0.0285813 0.0197901 4623
0 0.584918 0.914544 0.0458141 0.0137858 4624
0 0.840778 0.765347 0.00924206 0.0373023 4625
0 0.97421 0.76828 0.0184673 0.0171185 4626
0 0.119591 0.982967 0.0409473 0.0252882 4627
0 0.36787 0.731138 0.0180052 0.0145169 4628
0 0.982029 0.650551 0.00720806 0.0163137 4629
0 0.884337 0.773912 0.00842819 0.0440711 4630
0 0.577639 0.872925 0.0333891 0.0203617 4631
0 0.874082 0.985049 0.0258165 0.0269267 4632
