0 0.95368 0.849814 0.0218002 0.0427526 67517
0 0.830774 0.83466 0.0173889 0.0335439 67518
0 0.746768 0.782712 0.00829268 0.0451687 67519
0 0.451923 0.83447 0.0121346 0.0664847 67520
0 0.597353 0.812063 0.0108427 0.0436683 67521
0 0.842571 0.766515 0.00880928 0.0447762 67522
0 0.796902 0.775028 0.00704899 0.047326 67523
0 0.528939 0.820067 0.0118084 0.0506424 67524
0 0.47579 0.854297 0.0162018 0.0296383 67525
0 0.717922 0.830606 0.0120803 0.0304204 67526
0 0.198212 0.915945 0.0454339 0.0312276 67527
0 0.940055 0.72912 0.00608616 0.0211643 67528
0 0.694857 0.794673 0.00830956 0.0446777 67529
0 0.856876 0.829046 0.013406 0.0336344 67530
0 0.700785 0.791585 0.00840178 0.0459659 67531
0 0.725931 0.787211 0.00839367 0.0477598 67532
0 0.730918 0.788004 0.0069932 0.0432892 67533
0 0.00824134 0.747464 0.00818233 0.0156742 67534
0 0.973329 0.762722 0.0167711 0.0264915 67535
0 0.433745 0.914294 0.0248573 0.0369968 67536
0 0.354461 0.989191 0.0149809 0.0216066 67537
0 0.719513 0.789939 0.00746021 0.0409583 67538
0 0.403725 0.764185 0.00583315 0.0154443 67539
0 0.690249 0.794917 0.00561523 0.0431269 67540
0 0.114823 0.982552 0.032094 0.026848 67541
0 0.883545 0.982446 0.0442112 0.0339301 67542
0 0.0222233 0.938863 0.0444466 0.0291663 67543
0 0.313394 0.70895 0.00786052 0.014936 67544
0 0.699076 0.792535 0.0119325 0.0482488 67545
0 0.0602157 0.741081 0.0165553 0.0233171 67546
0 0.724155 0.786797 0.00967331 0.0486816 67547
0 0.9215 0.97263 0.027832 0.0416843 67548
0 0.00565754 0.97908 0.011255 0.017667 67549
0 0.286358 0.724387 0.00811949 0.0154883 67550
0 0.69171 0.795295 0.00821705 0.0446713 67551
0 0.391735 0.775016 0.00706291 0.0137204 67552
0 0.268748 0.73389 0.00621386 0.0161828 67553
0 0.676287 0.815414 0.0162094 0.0187197 67554
0 0.905136 0.972558 0.0373962 0.0416887 67555
0 0.437848 0.914069 0.0164254 0.0358866 67556
0 0.439709 0.91677 0.0124226 0.0292806 67557
0 0.061633 0.733807 0.00552422 0.014409 67558
0 0.391127 0.82158 0.0191065 0.0650374 67559
0 0.109738 0.981257 0.0217845 0.0246836 67560
0 0.715272 0.83067 0.0180862 0.0316711 67561
0 0.853502 0.829908 0.0199558 0.0369041 67562
0 0.915421 0.972754 0.0141821 0.0394399 67563
0 0.577019 0.875818 0.0340672 0.0139221 67564
0 0.267166 0.734759 0.00974302 0.016206 67565
0 0.89601 0.976224 0.0684021 0.0457474 67566
0 0.978915 0.669998 0.00723953 0.0159595 67567
0 0.807792 0.69697 0.00481834 0.0174411 67568
0 0.062733 0.739339 0.00824339 0.0259881 67569
0 0.912562 0.973386 0.0436403 0.0439809 67570
0 0.690211 0.789906 0.00677872 0.038377 67571
0 0.104097 0.983401 0.0656931 0.0293006 67572
0 0.712002 0.83116 0.0260569 0.0317552 67573
0 0.154701 0.730106 0.00798745 0.00901218 67574
0 0.10221 0.994259 0.0612744 0.00876702 67575
0 0.133709 0.737344 0.00852656 0.00887943 67576
0 0.131848 0.736703 0.00537701 0.00873633 67577
0 0.970898 0.695269 0.0212086 0.0119795 67578
0 0.396706 0.775057 0.0190017 0.0143365 67579
0 0.0092652 0.979112 0.0184202 0.0190325 67580
0 0.872551 0.845683 0.0148815 0.0157525 67581
0 0.977228 0.676729 0.00930882 0.0221751 67582
0 0.507764 0.730806 0.0152666 0.0152334 67583
0 0.504751 0.729773 0.00928059 0.0131785 67584
0 0.974411 0.680289 0.00719662 0.0133575 67585
0 0.772844 0.81264 0.00818024 0.0146393 67586
0 0.860267 0.795187 0.00746689 0.012599 67587
0 0.396248 0.774985 0.01887 0.013796 67588
0 0.891137 0.673666 0.00581017 0.00985752 67589
0 0.959542 0.850479 0.0105446 0.0371446 67590
0 0.975946 0.673604 0.0100897 0.024058 67591
0 0.540645 0.847669 0.00840969 0.028677 67592
0 0.769342 0.812741 0.0123632 0.014583 67593
0 0.853028 0.836564 0.0226646 0.0276081 67594
0 0.996062 0.812485 0.00741482 0.0213682 67595
0 0.0952551 0.994187 0.0468512 0.00769552 67596
0 0.429159 0.913996 0.0342575 0.0392914 67597
0 0.435113 0.908096 0.0258745 0.0493266 67598
0 0.396949 0.769026 0.0203352 0.0251133 67599
0 0.139094 0.738341 0.00900266 0.00722402 67600
0 0.836184 0.69675 0.00490952 0.0155297 67601
0 0.286065 0.723973 0.0108271 0.016714 67602
0 0.396832 0.77265 0.019935 0.0186344 67603
0 0.966023 0.648818 0.00619965 0.0146311 67604
0 0.860635 0.845895 0.0394465 0.0163454 67605
0 0.856886 0.795682 0.017383 0.0124385 67606
0 0.852958 0.84694 0.026207 0.0128187 67607
0 0.950088 0.674124 0.00993214 0.0129695 67608
0 0.124876 0.985279 0.030739 0.0227837 67609
0 0.818587 0.814111 0.0112667 0.0127696 67610
0 0.895143 0.976721 0.0228487 0.0308797 67611
0 0.284234 0.72709 0.0137188 0.0133667 67612
0 0.744883 0.782355 0.011517 0.0456245 67613
0 0.121716 0.986244 0.0194736 0.0225298 67614
0 0.396182 0.777771 0.0210346 0.0140101 67615
0 0.864508 0.832923 0.0319725 0.0406002 67616
0 0.779139 0.815447 0.00883198 0.0112601 67617
0 0.775588 0.812825 0.0154864 0.0164064 67618
0 0.39137 0.799257 0.0108392 0.0214108 67619
0 0.434216 0.763647 0.00505924 0.00932583 67620
0 0.439455 0.90854 0.0185868 0.0467828 67621
