0 0.47675 0.834897 0.0155563 0.0658495 18135
0 0.453141 0.833519 0.0119172 0.0666565 18136
0 0.830244 0.834698 0.0174059 0.0332518 18137
0 0.718755 0.830655 0.0144497 0.030956 18138
0 0.793764 0.775027 0.00910082 0.0456753 18139
0 0.777553 0.781103 0.00883656 0.0419334 18140
0 0.84312 0.765502 0.00804901 0.0467862 18141
0 0.83287 0.770515 0.00718765 0.0439304 18142
0 0.887632 0.757004 0.00897636 0.0464606 18143
0 0.699161 0.794649 0.0104632 0.0493025 18144
0 0.953385 0.848819 0.022028 0.0395532 18145
0 0.514995 0.809285 0.0102679 0.0419179 18146
0 0.899383 0.75847 0.00895138 0.0404768 18147
0 0.746465 0.784822 0.0105327 0.0458198 18148
0 0.924779 0.752593 0.008395 0.0429345 18149
0 0.434542 0.908085 0.0243238 0.0500515 18150
0 0.197937 0.915834 0.0461475 0.031625 18151
0 0.755276 0.784743 0.00901308 0.0431912 18152
0 0.855711 0.830908 0.0166321 0.0341482 18153
0 0.853302 0.832141 0.0223808 0.0355743 18154
0 0.973359 0.76248 0.017824 0.0281421 18155
0 0.320016 0.750078 0.0118068 0.0142426 18156
0 0.354903 0.989154 0.0144492 0.0215908 18157
0 0.00617521 0.751864 0.0111607 0.0182061 18158
0 0.487007 0.77622 0.00818577 0.0211327 18159
0 0.0681604 0.891135 0.00965334 0.0409875 18160
0 0.376745 0.751343 0.00456882 0.0161957 18161
0 0.577568 0.875336 0.0329844 0.0157206 18162
0 0.894008 0.97544 0.0654636 0.0466244 18163
0 0.905306 0.972535 0.0422682 0.0417128 18164
0 0.460971 0.778316 0.00572681 0.0184965 18165
0 0.114636 0.98158 0.0303226 0.0231427 18166
0 0.509809 0.81302 0.00477524 0.0270988 18167
0 0.322887 0.709021 0.00591049 0.0149594 18168
0 0.99604 0.810678 0.00751038 0.0218784 18169
0 0.676838 0.815498 0.0120983 0.0186303 18170
0 0.00258565 0.978113 0.00513081 0.0209746 18171
0 0.374228 0.75137 0.00834751 0.0167864 18172
0 0.680997 0.815557 0.0186334 0.0184862 18173
0 0.280748 0.733566 0.00836525 0.0121792 18174
0 0.0704872 0.750492 0.00857167 0.019514 18175
0 0.070593 0.750936 0.00931937 0.0260647 18176
0 0.0221587 0.939065 0.0442819 0.0303073 18177
0 0.0691292 0.744514 0.0108093 0.0302585 18178
0 0.00500078 0.978267 0.00997711 0.0216712 18179
0 0.461739 0.778878 0.0083271 0.019477 18180
0 0.070299 0.895683 0.0141736 0.0508067 18181
0 0.977586 0.649356 0.00513763 0.0163424 18182
0 0.792576 0.695575 0.00685635 0.0145364 18183
0 0.901682 0.67911 0.00570126 0.018592 18184
0 0.109686 0.980974 0.020293 0.0225481 18185
0 0.530391 0.736475 0.0152861 0.0133189 18186
0 0.886978 0.979555 0.0523033 0.038886 18187
0 0.951761 0.860094 0.0191559 0.0207672 18188
0 0.884323 0.683487 0.0046917 0.00965305 18189
0 0.106755 0.984002 0.0485609 0.0272408 18190
0 0.540482 0.849496 0.00718803 0.026776 18191
0 0.19932 0.731656 0.00945802 0.0133833 18192
0 0.00282642 0.983479 0.00557993 0.0317352 18193
0 0.0685312 0.746902 0.0138907 0.0346166 18194
0 0.936958 0.867016 0.0131435 0.0161375 18195
0 0.997821 0.672664 0.00390205 0.0151228 18196
0 0.281056 0.736086 0.00985298 0.0124702 18197
0 0.677045 0.81577 0.0182144 0.0188924 18198
0 0.773619 0.812516 0.0201115 0.0167954 18199
0 0.938201 0.738575 0.00722275 0.0244 18200
0 0.872527 0.845971 0.0147827 0.015741 18201
0 0.321245 0.751108 0.0157153 0.0170888 18202
0 0.921812 0.973165 0.0268349 0.0422509 18203
0 0.770337 0.81236 0.0137335 0.0149478 18204
0 0.949218 0.865367 0.037031 0.0189984 18205
0 0.0532899 0.752704 0.00440784 0.00699972 18206
0 0.94864 0.850936 0.0291988 0.0451352 18207
0 0.0678509 0.890553 0.0148926 0.0408759 18208
0 0.693399 0.792914 0.00912628 0.027733 18209
0 0.901165 0.758285 0.01157 0.041065 18210
0 0.117239 0.98457 0.0356487 0.0231784 18211
0 0.103211 0.993129 0.0623476 0.0110913 18212
0 0.949353 0.862299 0.033683 0.0221263 18213
0 0.793926 0.696464 0.00686321 0.0131859 18214
0 0.914862 0.973652 0.0403078 0.0437283 18215
0 0.937379 0.737588 0.00764351 0.0282661 18216
0 0.39183 0.817643 0.0167468 0.0563778 18217
0 0.740282 0.778807 0.00567455 0.0313239 18218
0 0.91735 0.970836 0.0154556 0.0395769 18219
0 0.767287 0.695785 0.00639706 0.0101997 18220
0 0.971945 0.67273 0.00665054 0.0160205 18221
0 0.585682 0.907333 0.0438652 0.0233463 18222
0 0.694485 0.798853 0.0123199 0.0470461 18223
0 0.32142 0.759021 0.0159237 0.00705126 18224
0 0.321068 0.755173 0.0161232 0.0146954 18225
0 0.00904972 0.978784 0.0179045 0.0233836 18226
0 0.716065 0.831216 0.0200756 0.0311052 18227
0 0.834896 0.768881 0.0103687 0.0434019 18228
0 0.864068 0.833855 0.0325012 0.0393989 18229
0 0.0656313 0.896559 0.0189959 0.0535982 18230
0 0.696738 0.793771 0.0154949 0.049431 18231
0 0.93488 0.723853 0.00450172 0.0167887 18232
0 0.099514 0.993978 0.0537018 0.00815887 18233
0 0.893701 0.757419 0.0204632 0.0439706 18234
0 0.882385 0.983936 0.0430721 0.0308921 18235
0 0.12102 0.986306 0.0191463 0.0219957 18236
0 0.95522 0.868409 0.0303312 0.010984 18237
0 0.461836 0.776394 0.00701733 0.0245722 18238
0 0.886157 0.757342 0.0128117 0.0469028 18239
0 0.954254 0.867472 0.0490204 0.0140845 18240
0 0.878118 0.673456 0.00569038 0.00782556 18241
0 0.585992 0.908593 0.0432235 0.0209657 18242
0 0.00687085 0.98272 0.0136494 0.0315877 18243
