0 0.45297 0.833714 0.0128516 0.0675435 64383
0 0.254793 0.86793 0.0170449 0.0576703 64384
0 0.698075 0.794213 0.00850401 0.0479424 64385
0 0.478696 0.82867 0.0120546 0.0589359 64386
0 0.953717 0.848715 0.0220675 0.042726 64387
0 0.827744 0.769756 0.0089817 0.0382651 64388
0 0.843472 0.763974 0.00765648 0.044104 64389
0 0.795199 0.776078 0.00846329 0.0478421 64390
0 0.788973 0.774905 0.00865288 0.0472273 64391
0 0.524702 0.7781 0.00767422 0.0255819 64392
0 0.683733 0.794857 0.0109428 0.0426934 64393
0 0.775538 0.775664 0.0066658 0.0494566 64394
0 0.423277 0.909806 0.0186804 0.0501261 64395
0 0.510404 0.781447 0.00627308 0.0230882 64396
0 0.873637 0.762153 0.00833187 0.0406891 64397
0 0.807392 0.772567 0.0072422 0.0398929 64398
0 0.830668 0.834708 0.0159454 0.0316686 64399
0 0.930821 0.731498 0.00847321 0.029734 64400
0 0.989184 0.737361 0.00888195 0.0472982 64401
0 0.961636 0.74392 0.0118643 0.0450758 64402
0 0.198259 0.915875 0.0459292 0.0318044 64403
0 0.479432 0.795839 0.0104546 0.0235292 64404
0 0.391178 0.817502 0.0171527 0.054522 64405
0 0.765799 0.695165 0.00662155 0.0140047 64406
0 0.946253 0.74156 0.00695801 0.0297333 64407
0 0.717327 0.830834 0.0133471 0.0314458 64408
0 0.856678 0.829468 0.0162973 0.0361284 64409
0 0.854758 0.762153 0.00910549 0.0364895 64410
0 0.00912152 0.743953 0.00741929 0.0186707 64411
0 0.371628 0.738759 0.00750756 0.0104774 64412
0 0.354456 0.989332 0.0146388 0.0213355 64413
0 0.114804 0.982689 0.0303687 0.0248739 64414
0 0.904141 0.742967 0.00921326 0.0254734 64415
0 0.782827 0.693783 0.00664215 0.0132021 64416
0 0.99565 0.811153 0.00829163 0.0224328 64417
0 0.88347 0.980081 0.0453333 0.0383762 64418
0 0.714515 0.831152 0.0210119 0.0318522 64419
0 0.0221487 0.938386 0.0442975 0.0289127 64420
0 0.917272 0.972735 0.0181507 0.0396759 64421
0 0.6774 0.815941 0.0123668 0.0176147 64422
0 0.331102 0.708383 0.00596752 0.01433 64423
0 0.0958802 0.99419 0.0473133 0.00819261 64424
0 0.119822 0.984826 0.0402158 0.0226164 64425
0 0.906804 0.973254 0.0409563 0.0407976 64426
0 0.974402 0.669086 0.00783062 0.0336751 64427
0 0.291705 0.752797 0.00655422 0.0161694 64428
0 0.894784 0.976061 0.0676046 0.0453491 64429
0 0.105355 0.984001 0.0509066 0.0263906 64430
0 0.921514 0.973835 0.0269928 0.0420003 64431
0 0.00562248 0.98179 0.0111656 0.0137631 64432
0 0.853492 0.830776 0.022752 0.0383898 64433
0 0.109691 0.981297 0.0198916 0.0240482 64434
0 0.0727264 0.745697 0.020321 0.0186805 64435
0 0.577074 0.874948 0.0334818 0.0158091 64436
0 0.2903 0.753705 0.0116916 0.0164964 64437
0 0.974922 0.763393 0.0194416 0.0258675 64438
0 0.101491 0.988917 0.0588957 0.0176866 64439
0 0.301221 0.741694 0.00974083 0.0165693 64440
0 0.77007 0.812591 0.0163761 0.0160621 64441
0 0.975999 0.663637 0.0066124 0.0311518 64442
0 0.00659419 0.744319 0.0128137 0.0206757 64443
0 0.903064 0.748699 0.00902748 0.0382324 64444
0 0.975053 0.665534 0.00968933 0.0407571 64445
0 0.765922 0.697924 0.00708981 0.0197547 64446
0 0.709958 0.832259 0.029897 0.0323963 64447
0 0.118277 0.984885 0.0254461 0.0238512 64448
0 0.957165 0.848047 0.0155214 0.0386985 64449
0 0.472299 0.821362 0.00594082 0.0262897 64450
0 0.974884 0.767588 0.0192112 0.0178424 64451
0 0.703567 0.832023 0.0430157 0.0329398 64452
0 0.806294 0.770357 0.00832329 0.0375329 64453
0 0.695133 0.842588 0.0279351 0.0137482 64454
0 0.124723 0.985555 0.0291769 0.0219335 64455
0 0.298778 0.743115 0.0144218 0.0167728 64456
0 0.870918 0.677375 0.0052145 0.0123973 64457
0 0.325147 0.71461 0.0297118 0.00895352 64458
0 0.993921 0.661026 0.00429611 0.0129574 64459
0 0.976486 0.667769 0.0116585 0.0349137 64460
0 0.6829 0.81405 0.0135623 0.0160283 64461
0 0.421097 0.927445 0.0157345 0.0154058 64462
0 0.878639 0.984638 0.0354671 0.0296982 64463
0 0.900814 0.766389 0.00598679 0.0242093 64464
0 0.976931 0.654333 0.00637627 0.0197806 64465
0 0.00606684 0.748617 0.0118369 0.0102353 64466
0 0.973134 0.752798 0.00572414 0.00704973 64467
0 0.852842 0.847986 0.0255423 0.00997382 64468
0 0.828001 0.834448 0.0136177 0.031485 64469
0 0.477026 0.810853 0.0159433 0.0538252 64470
0 0.506582 0.781853 0.014331 0.024519 64471
0 0.0582025 0.748846 0.00404341 0.00804308 64472
0 0.936068 0.865934 0.0119738 0.0153995 64473
0 0.511693 0.781286 0.00896874 0.0245185 64474
0 0.859339 0.830286 0.0143471 0.0384315 64475
0 0.808844 0.770565 0.00876579 0.0376984 64476
0 0.00574179 0.978735 0.0113709 0.019377 64477
0 0.675964 0.814906 0.017191 0.0205602 64478
0 0.540509 0.851015 0.00709047 0.0325463 64479
0 0.200582 0.728538 0.0123935 0.01018 64480
0 0.692013 0.841306 0.0353218 0.0152781 64481
0 0.947346 0.851213 0.0344681 0.045685 64482
0 0.99269 0.715026 0.014238 0.0108585 64483
0 0.951467 0.862818 0.0279728 0.0197233 64484
0 0.852119 0.846458 0.0292543 0.012735 64485
0 0.777981 0.775464 0.0115797 0.050061 64486
0 0.870786 0.678433 0.00725288 0.0127099 64487
0 0.790857 0.82073 0.0248538 0.00695411 64488
0 0.859826 0.796205 0.00705051 0.0101342 64489
0 0.799173 0.775726 0.0162807 0.0465708 64490
