0 0.784471 0.77518 0.0110462 0.0510583 55045
0 0.45305 0.834086 0.0117502 0.0663751 55046
0 0.558874 0.816104 0.0118719 0.0551924 55047
0 0.797133 0.775374 0.0087141 0.0501965 55048
0 0.831207 0.834731 0.0185379 0.0334622 55049
0 0.650497 0.803372 0.0104836 0.0492483 55050
0 0.702878 0.792495 0.00928125 0.049472 55051
0 0.718428 0.830377 0.0146765 0.0307041 55052
0 0.692596 0.79416 0.00958176 0.04764 55053
0 0.843094 0.76357 0.0080677 0.0461095 55054
0 0.760681 0.779832 0.00941725 0.0499549 55055
0 0.736569 0.786154 0.00904331 0.0477088 55056
0 0.953506 0.849279 0.022061 0.0415446 55057
0 0.746039 0.783143 0.00869789 0.0491299 55058
0 0.941365 0.727927 0.00805302 0.021669 55059
0 0.0592835 0.739558 0.00532924 0.0180813 55060
0 0.198351 0.915984 0.0460615 0.0312273 55061
0 0.856245 0.830676 0.0145035 0.032724 55062
0 0.478864 0.855893 0.0337757 0.0263602 55063
0 0.676149 0.816077 0.0154081 0.0202737 55064
0 0.97396 0.762191 0.0196667 0.0292477 55065
0 0.00497537 0.752791 0.00937898 0.0182585 55066
0 0.433965 0.914326 0.0238558 0.0360799 55067
0 0.117759 0.983401 0.0346696 0.0261849 55068
0 0.289721 0.722845 0.00617499 0.0159665 55069
0 0.3551 0.989131 0.0143955 0.0217372 55070
0 0.752729 0.784883 0.00783939 0.0437734 55071
0 0.391001 0.828474 0.0182093 0.0784173 55072
0 0.0220146 0.93856 0.0440291 0.0279105 55073
0 0.852699 0.831023 0.0214176 0.0347051 55074
0 0.883851 0.980561 0.0460587 0.0378379 55075
0 0.318482 0.710986 0.0054843 0.0142882 55076
0 0.415871 0.761754 0.004562 0.0121023 55077
0 0.89031 0.976256 0.0584675 0.0453756 55078
0 0.921379 0.973402 0.0270672 0.0403486 55079
0 0.853124 0.848539 0.0249947 0.00903202 55080
0 0.808387 0.696605 0.0054493 0.0151498 55081
0 0.110703 0.984033 0.0519354 0.0271701 55082
0 0.00287814 0.976128 0.00570101 0.0238071 55083
0 0.995902 0.811521 0.00778561 0.0199883 55084
0 0.0953576 0.994298 0.0459765 0.00797255 55085
0 0.577274 0.875646 0.0333704 0.0149804 55086
0 0.971626 0.670621 0.00486526 0.0148305 55087
0 0.00532105 0.976057 0.0105687 0.0248942 55088
0 0.902726 0.973671 0.0339073 0.0408807 55089
0 0.274393 0.730761 0.00650034 0.0172204 55090
0 0.0603816 0.746868 0.0276815 0.0197569 55091
0 0.541196 0.848303 0.00739079 0.0284088 55092
0 0.755579 0.78206 0.00849476 0.0489222 55093
0 0.914123 0.972852 0.0100998 0.0390984 55094
0 0.983278 0.670645 0.00567932 0.0201826 55095
0 0.99713 0.670756 0.00533752 0.0144564 55096
0 0.71545 0.830949 0.0209244 0.0312842 55097
0 0.113012 0.982049 0.0259788 0.0225623 55098
0 0.13168 0.983557 0.0626938 0.0256643 55099
0 0.777191 0.812728 0.0125565 0.0156872 55100
0 0.809023 0.698872 0.00739021 0.0198446 55101
0 0.774751 0.812461 0.0164391 0.0162377 55102
0 0.852371 0.845412 0.0233644 0.0115384 55103
0 0.52156 0.728924 0.0129726 0.0123023 55104
0 0.124631 0.984628 0.0303647 0.0240468 55105
0 0.13818 0.73938 0.0188477 0.0139275 55106
0 0.996733 0.676509 0.00609303 0.0252974 55107
0 0.964661 0.67494 0.0076107 0.0148694 55108
0 0.405297 0.775104 0.0168533 0.0192569 55109
0 0.131996 0.983568 0.061883 0.0180784 55110
0 0.0618488 0.747567 0.0218879 0.0189039 55111
0 0.771194 0.812406 0.0172955 0.0162642 55112
0 0.00938025 0.976394 0.0185831 0.0270793 55113
0 0.0030852 0.971711 0.00613256 0.0325589 55114
0 0.490918 0.857282 0.0234406 0.0226067 55115
0 0.109239 0.98113 0.018356 0.0220751 55116
0 0.984807 0.669706 0.00893745 0.0210626 55117
0 0.856927 0.847147 0.0329086 0.0136197 55118
0 0.993182 0.773262 0.0131714 0.0101542 55119
0 0.486023 0.855238 0.017059 0.0241414 55120
0 0.750963 0.782816 0.0104078 0.0486199 55121
0 0.910524 0.975845 0.0505154 0.0446143 55122
0 0.00594567 0.97199 0.0117531 0.0340441 55123
0 0.956896 0.847537 0.0153439 0.0411306 55124
0 0.936254 0.86689 0.0117212 0.015977 55125
0 0.848247 0.84684 0.0357552 0.0127089 55126
0 0.994841 0.810478 0.00988388 0.0228612 55127
0 0.955887 0.863995 0.0304836 0.0196486 55128
0 0.863177 0.833109 0.0317558 0.0372423 55129
0 0.41407 0.763959 0.0142006 0.015583 55130
0 0.963372 0.674947 0.00561237 0.0144352 55131
0 0.39114 0.813215 0.0173175 0.0468601 55132
0 0.284784 0.728202 0.0162777 0.0088033 55133
0 0.407323 0.768206 0.0149075 0.0212518 55134
0 0.947461 0.860217 0.0100998 0.0186242 55135
0 0.942402 0.728816 0.0104952 0.0241158 55136
0 0.959221 0.869111 0.0229645 0.00887027 55137
0 0.956822 0.857793 0.0269081 0.0287477 55138
0 0.0587131 0.743809 0.0244986 0.0195794 55139
0 0.587372 0.912834 0.0434302 0.0126558 55140
0 0.957473 0.867387 0.0260014 0.0110338 55141
0 0.877287 0.681759 0.00383797 0.0111262 55142
0 0.790702 0.820979 0.0245928 0.00641344 55143
0 0.521777 0.862999 0.0491442 0.00793593 55144
0 0.00300471 0.958731 0.00593312 0.0582153 55145
0 0.00460299 0.967519 0.00918016 0.0435343 55146
0 0.936162 0.866538 0.0117531 0.0159309 55147
0 0.995698 0.803182 0.00816574 0.0369234 55148
0 0.94887 0.864321 0.0359074 0.0209066 55149
0 0.111118 0.984343 0.0366808 0.022721 55150
0 0.952894 0.676782 0.00610924 0.0117674 55151
0 0.987518 0.757343 0.0245443 0.0176624 55152
0 0.44039 0.915018 0.0112206 0.0329454 55153
0 0.981974 0.761611 0.0357969 0.0268755 55154
0 0.573579 0.874726 0.0397666 0.0171448 55155
0 0.0518594 0.743781 0.011436 0.013532 55156
