0 0.797402 0.77561 0.0111471 0.0497126 58681
0 0.551412 0.81673 0.0118648 0.055305 58682
0 0.633949 0.805807 0.0106915 0.046207 58683
0 0.953764 0.850014 0.0228176 0.0428565 58684
0 0.475408 0.853759 0.0161607 0.0298971 58685
0 0.692683 0.796576 0.00966835 0.0449141 58686
0 0.830553 0.834648 0.0174829 0.0333888 58687
0 0.452538 0.834081 0.0124206 0.0693771 58688
0 0.768966 0.778631 0.010874 0.0530184 58689
0 0.842331 0.765449 0.00855637 0.0453673 58690
0 0.940551 0.728691 0.00752087 0.0217424 58691
0 0.718283 0.830371 0.0146721 0.0316973 58692
0 0.702715 0.791828 0.00983887 0.0470279 58693
0 0.890337 0.97573 0.0578442 0.045599 58694
0 0.39107 0.818846 0.0178142 0.0584815 58695
0 0.736045 0.785821 0.00791416 0.0475693 58696
0 0.856372 0.830398 0.0136299 0.0321781 58697
0 0.973815 0.763462 0.0203703 0.0263587 58698
0 0.273981 0.728039 0.0067131 0.0168399 58699
0 0.0575761 0.73862 0.00487584 0.0210015 58700
0 0.741751 0.784653 0.00947094 0.0487201 58701
0 0.00484664 0.751084 0.00946747 0.0185766 58702
0 0.35523 0.989227 0.0132857 0.0215457 58703
0 0.737543 0.785171 0.00753126 0.0502882 58704
0 0.115282 0.981215 0.0340835 0.03076 58705
0 0.318188 0.716845 0.00502095 0.0161472 58706
0 0.063991 0.753179 0.00594039 0.0137824 58707
0 0.00591427 0.978306 0.0117774 0.0207731 58708
0 0.676487 0.815579 0.0161505 0.0173974 58709
0 0.435221 0.913989 0.0207367 0.0368347 58710
0 0.739393 0.783254 0.00754299 0.0515259 58711
0 0.0221744 0.939502 0.0443488 0.0303379 58712
0 0.902142 0.97293 0.0345512 0.0401594 58713
0 0.744369 0.784672 0.0108091 0.0483714 58714
0 0.746398 0.783424 0.00729628 0.0466212 58715
0 0.199317 0.916571 0.0484303 0.0306312 58716
0 0.883326 0.984786 0.0435764 0.0281684 58717
0 0.292218 0.721071 0.00750322 0.0155972 58718
0 0.108742 0.979459 0.0202724 0.0267731 58719
0 0.713977 0.830789 0.0235726 0.032547 58720
0 0.292365 0.723506 0.00727229 0.0135922 58721
0 0.852571 0.848715 0.0268444 0.00979428 58722
0 0.996377 0.810239 0.0068243 0.0209317 58723
0 0.107244 0.98191 0.0587637 0.0312408 58724
0 0.85255 0.83147 0.0214575 0.0358646 58725
0 0.577085 0.874669 0.0326558 0.0159107 58726
0 0.422817 0.762841 0.00401468 0.0106476 58727
0 0.0496416 0.740251 0.011636 0.00999891 58728
0 0.00679534 0.759281 0.0134118 0.00958523 58729
0 0.0579672 0.741341 0.00543504 0.0241426 58730
0 0.0987501 0.994118 0.0534652 0.00893792 58731
0 0.976358 0.771494 0.0153233 0.0102529 58732
0 0.43071 0.914761 0.0298618 0.0382139 58733
0 0.977415 0.67008 0.00397987 0.018584 58734
0 0.00677695 0.757412 0.013482 0.0110345 58735
0 0.993501 0.66883 0.00500603 0.0114614 58736
0 0.109103 0.981109 0.0401166 0.0293194 58737
0 0.884241 0.979686 0.0456751 0.0376104 58738
0 0.752275 0.787815 0.0073451 0.0374403 58739
0 0.105518 0.990092 0.0687204 0.0160038 58740
0 0.0684842 0.75473 0.0156754 0.0133901 58741
0 0.0716918 0.75084 0.00644391 0.012114 58742
0 0.959867 0.850184 0.0106979 0.0384603 58743
0 0.851506 0.845712 0.025771 0.012935 58744
0 0.972284 0.762888 0.0146263 0.0270225 58745
0 0.970231 0.671831 0.00517349 0.0176627 58746
0 0.169421 0.739353 0.0113852 0.0104445 58747
0 0.707634 0.785239 0.00500622 0.0138038 58748
0 0.0522186 0.740457 0.0167523 0.0119809 58749
0 0.98103 0.671473 0.00466785 0.0188232 58750
0 0.318971 0.717446 0.0070219 0.0165626 58751
0 0.751109 0.785584 0.00767021 0.0418057 58752
0 0.408038 0.766244 0.0102432 0.0183584 58753
0 0.389931 0.757368 0.0102318 0.0135746 58754
0 0.936039 0.866417 0.0114395 0.0146356 58755
0 0.552137 0.809568 0.010994 0.03854 58756
0 0.978571 0.668473 0.00827789 0.0215807 58757
0 0.00927815 0.978534 0.0183899 0.0218452 58758
0 0.540895 0.844668 0.00605736 0.0208249 58759
0 0.519755 0.732184 0.00706625 0.00902642 58760
0 0.922728 0.679617 0.00840607 0.0160409 58761
0 0.860292 0.795286 0.00542068 0.012598 58762
0 0.978109 0.763067 0.0300024 0.0266992 58763
0 0.273514 0.729917 0.00799718 0.0207821 58764
0 0.541269 0.848535 0.00775957 0.028242 58765
0 0.897701 0.681237 0.00513763 0.0124814 58766
0 0.94435 0.865707 0.0280396 0.0162237 58767
0 0.13481 0.740945 0.0209937 0.011489 58768
0 0.749747 0.787236 0.0124722 0.0396288 58769
0 0.863043 0.83334 0.0322104 0.038878 58770
0 0.423499 0.91486 0.0451195 0.0391859 58771
0 0.977142 0.771359 0.0163944 0.0104418 58772
0 0.701017 0.792286 0.0119396 0.0507577 58773
0 0.856241 0.847616 0.0357666 0.0145281 58774
0 0.993271 0.670731 0.00643272 0.0141618 58775
0 0.959843 0.866566 0.0561604 0.015233 58776
0 0.57773 0.882373 0.0327583 0.00883959 58777
0 0.862663 0.844343 0.0312752 0.0189848 58778
0 0.871855 0.845406 0.0137796 0.0158769 58779
0 0.770553 0.812597 0.0131124 0.0145743 58780
0 0.390967 0.83357 0.0179283 0.0883118 58781
0 0.587784 0.913259 0.0515395 0.011952 58782
0 0.88483 0.989417 0.0392326 0.0185825 58783
0 0.838055 0.834429 0.0327625 0.0358968 58784
0 0.85705 0.834165 0.0432384 0.0397793 58785
0 0.96788 0.863223 0.0397676 0.0120141 58786
0 0.75988 0.824465 0.0124903 0.00624339 58787
0 0.292356 0.728537 0.0106874 0.0137231 58788
0 0.912845 0.973586 0.0480377 0.0418738 58789
0 0.752359 0.827061 0.0297579 0.00739 58790
0 0.574955 0.873874 0.0372095 0.0170946 58791
0 0.843979 0.837589 0.0424877 0.0310045 58792
0 0.704056 0.787003 0.012566 0.0391527 58793
0 0.974233 0.862547 0.0277538 0.0110608 58794
0 0.12332 0.985622 0.0309722 0.0220866 58795
0 0.57788 0.880195 0.0339054 0.0138496 58796
0 0.965703 0.861013 0.0433813 0.0210761 58797
0 0.901275 0.97519 0.0714539 0.0420871 58798
0 0.855826 0.83978 0.045686 0.0302643 58799
