0 0.453706 0.833747 0.012145 0.0673728 None
0 0.479602 0.832491 0.0146623 0.0623044 None
0 0.424556 0.894671 0.0145798 0.0823103 None
0 0.135668 0.886881 0.0181897 0.0614882 None
0 0.752085 0.782093 0.00948181 0.0478465 None
0 0.766471 0.779565 0.0111091 0.0484267 None
0 0.83028 0.834763 0.0171146 0.0338245 None
0 0.796241 0.777244 0.00946007 0.0446696 None
0 0.79075 0.775928 0.00738068 0.0470757 None
0 0.699934 0.794217 0.00915003 0.0415558 None
0 0.950588 0.7471 0.0102943 0.0454946 None
0 0.501016 0.778924 0.00711327 0.0215566 None
0 0.846287 0.76642 0.00926189 0.0425856 None
0 0.855431 0.831271 0.0160664 0.0337218 None
0 0.68784 0.794775 0.00862112 0.0405528 None
0 0.478603 0.780928 0.0072526 0.0209396 None
0 0.953824 0.848554 0.0218109 0.0380473 None
0 0.895678 0.975688 0.0665575 0.0455105 None
0 0.718353 0.830514 0.0125153 0.0310642 None
0 0.996053 0.732789 0.00744629 0.0451077 None
0 0.915508 0.75285 0.0108051 0.0468011 None
0 0.0220176 0.938758 0.0440352 0.0281606 None
0 0.198573 0.915636 0.0461661 0.0316627 None
0 0.32684 0.712975 0.00585098 0.0192312 None
0 0.788536 0.700279 0.00607424 0.0191345 None
0 0.511972 0.808859 0.00955496 0.0370975 None
0 0.935 0.727574 0.00523872 0.0216939 None
0 0.861016 0.766698 0.00920677 0.0375595 None
0 0.765187 0.700007 0.00700016 0.0209074 None
0 0.117295 0.983594 0.0345747 0.0266347 None
0 0.0075799 0.750789 0.00908696 0.0170349 None
0 0.85267 0.832118 0.0211903 0.0358232 None
0 0.980087 0.740527 0.00924034 0.0307349 None
0 0.577555 0.875041 0.0333001 0.0153912 None
0 0.355287 0.988995 0.0138543 0.0220092 None
0 0.00624699 0.981318 0.0124134 0.0146552 None
0 0.0551551 0.751162 0.00484905 0.00859341 None
0 0.995809 0.813305 0.00796394 0.0170386 None
0 0.00627571 0.751515 0.0123398 0.0183716 None
0 0.676584 0.815423 0.0161459 0.0184757 None
0 0.884213 0.97946 0.0442577 0.0379832 None
0 0.842274 0.768422 0.0058548 0.0381582 None
0 0.952449 0.858881 0.0205364 0.0257968 None
0 0.529109 0.741053 0.00484581 0.00919257 None
0 0.535618 0.741471 0.0173326 0.0101785 None
0 0.921476 0.973357 0.0284794 0.0412725 None
0 0.950464 0.860362 0.0161858 0.0217348 None
0 0.844759 0.765226 0.0106461 0.0444831 None
0 0.0763117 0.746068 0.0121163 0.0238627 None
0 0.0944403 0.994328 0.0448265 0.00829451 None
0 0.917417 0.972973 0.0198898 0.040663 None
0 0.975936 0.675494 0.00662518 0.0192841 None
0 0.904471 0.677636 0.00751553 0.0184768 None
0 0.972666 0.751948 0.00621872 0.0106611 None
0 0.309814 0.756765 0.00709963 0.0167436 None
0 0.310674 0.755775 0.00949049 0.0173726 None
0 0.109692 0.981577 0.0196939 0.0236165 None
0 0.510361 0.80907 0.0133043 0.0392283 None
0 0.514917 0.808896 0.00899553 0.0376282 None
0 0.988174 0.677781 0.00695419 0.0147127 None
0 0.925241 0.680693 0.00693054 0.0106035 None
0 0.131626 0.983461 0.0632529 0.0260359 None
0 0.852441 0.846058 0.0248171 0.0126285 None
0 0.974487 0.761841 0.0184395 0.0285719 None
0 0.312323 0.7555 0.0135436 0.0173086 None
0 0.92093 0.740434 0.00783539 0.030462 None
0 0.299322 0.737343 0.0233069 0.0087816 None
0 0.690156 0.794736 0.0119816 0.0422107 None
0 0.508495 0.812834 0.0121243 0.0314362 None
0 0.477107 0.791419 0.0213674 0.00988363 None
0 0.122637 0.984648 0.0345469 0.0243663 None
0 0.973514 0.759691 0.0146502 0.0268055 None
0 0.915361 0.973803 0.029916 0.0408858 None
0 0.921549 0.731589 0.00764084 0.0170559 None
0 0.00360478 0.756354 0.00717234 0.0120599 None
0 0.974498 0.767976 0.0187874 0.0167908 None
0 0.103556 0.986248 0.0626951 0.0235341 None
0 0.391149 0.817097 0.0174857 0.055102 None
0 0.920145 0.744323 0.00706997 0.0269948 None
0 0.712816 0.830998 0.0261661 0.0323771 None
0 0.926096 0.720274 0.0670265 0.0176022 None
0 0.5057 0.816653 0.00760374 0.0234816 None
0 0.935806 0.725629 0.00510788 0.0214372 None
0 0.577378 0.870174 0.0342791 0.0257109 None
0 0.981214 0.65537 0.0082386 0.0225246 None
0 0.00912289 0.981212 0.0181343 0.0158242 None
0 0.292021 0.732914 0.00786629 0.0124902 None
0 0.863067 0.833183 0.0344885 0.0386395 None
0 0.916516 0.745283 0.0106129 0.0389811 None
0 0.989591 0.679059 0.0117918 0.01516 None
0 0.843332 0.845644 0.0449057 0.0157834 None
0 0.590595 0.910238 0.0585302 0.0194327 None
0 0.850597 0.844094 0.0196667 0.0126784 None
0 0.772637 0.812846 0.00974102 0.01412 None
0 0.505579 0.825132 0.00787773 0.00734812 None
0 0.316452 0.755869 0.0066021 0.0167055 None
0 0.878858 0.984049 0.0335459 0.0291906 None
0 0.35587 0.730125 0.0158209 0.0108966 None
0 0.936642 0.867074 0.0125635 0.0155897 None
0 0.685633 0.797679 0.0140636 0.046254 None
0 0.995406 0.808612 0.00870743 0.027749 None
0 0.327764 0.713286 0.00842743 0.0194485 None
0 0.852186 0.842272 0.0554523 0.0251055 None
0 0.588213 0.912848 0.0531773 0.0137906 None
0 0.872302 0.845472 0.0144058 0.015252 None
0 0.842391 0.833221 0.0421484 0.0381429 None
0 0.681872 0.799183 0.0213291 0.0491872 None
0 0.911708 0.723436 0.0371344 0.0114444 None
0 0.935949 0.866785 0.0113853 0.0158013 None
0 0.959464 0.848671 0.0150558 0.0369049 None
0 0.951383 0.863308 0.0194061 0.0201097 None
0 0.760768 0.780719 0.0224689 0.0486443 None
0 0.300075 0.737412 0.0247478 0.0131936 None
0 0.493377 0.862489 0.0195113 0.0116699 None
0 0.848137 0.766585 0.0136715 0.0424786 None
