0 0.452967 0.833841 0.0128502 0.0673555 66645
0 0.252101 0.867562 0.0116175 0.0580448 66646
0 0.698049 0.793291 0.00843582 0.049468 66647
0 0.953709 0.848796 0.0220461 0.0428677 66648
0 0.478996 0.829634 0.0117081 0.0586299 66649
0 0.843618 0.763929 0.00767193 0.0440431 66650
0 0.52421 0.778115 0.00761242 0.0253937 66651
0 0.795163 0.775915 0.00855312 0.0482903 66652
0 0.788797 0.774903 0.00846548 0.0471842 66653
0 0.827534 0.769893 0.00907917 0.0375115 66654
0 0.683634 0.795405 0.0111674 0.043887 66655
0 0.775508 0.776797 0.00674896 0.0515959 66656
0 0.423814 0.90982 0.0174385 0.0497284 66657
0 0.854853 0.763104 0.00903969 0.0386339 66658
0 0.509829 0.781356 0.00650272 0.0230245 66659
0 0.930878 0.731133 0.00841961 0.0301378 66660
0 0.873824 0.762895 0.0082859 0.0413081 66661
0 0.198254 0.915731 0.0460405 0.0322045 66662
0 0.480637 0.795587 0.011587 0.0316206 66663
0 0.00757791 0.74379 0.0104412 0.0194907 66664
0 0.94718 0.741402 0.00676842 0.0295461 66665
0 0.808383 0.774025 0.00851193 0.0420905 66666
0 0.987471 0.737436 0.00849094 0.0461505 66667
0 0.717123 0.831059 0.0126469 0.0309947 66668
0 0.371452 0.738578 0.00752821 0.0107381 66669
0 0.83065 0.834664 0.015921 0.031624 66670
0 0.391194 0.817355 0.0171849 0.0543771 66671
0 0.963345 0.743869 0.00992527 0.0438451 66672
0 0.354463 0.989255 0.0147126 0.0214908 66673
0 0.765754 0.69572 0.00670967 0.0152294 66674
0 0.807901 0.768456 0.00725498 0.0308957 66675
0 0.856344 0.82954 0.0163029 0.0360847 66676
0 0.883557 0.98017 0.0454449 0.0383645 66677
0 0.716352 0.831306 0.0184538 0.031095 66678
0 0.828262 0.834033 0.011496 0.0300798 66679
0 0.995653 0.811152 0.008284 0.0224077 66680
0 0.782546 0.694076 0.00651035 0.0128806 66681
0 0.904934 0.742798 0.00851307 0.025042 66682
0 0.917182 0.972781 0.018256 0.0397319 66683
0 0.115173 0.983258 0.030381 0.0247671 66684
0 0.331142 0.708005 0.00603485 0.0141868 66685
0 0.0221553 0.938362 0.0443106 0.0296563 66686
0 0.92143 0.973797 0.027173 0.0419912 66687
0 0.676096 0.816112 0.0141747 0.0177277 66688
0 0.292002 0.752925 0.00532055 0.0166206 66689
0 0.119789 0.984807 0.0402379 0.0228789 66690
0 0.0957502 0.994285 0.047191 0.00828654 66691
0 0.104004 0.98412 0.0535406 0.026435 66692
0 0.00562672 0.98146 0.0111612 0.0142704 66693
0 0.904968 0.747244 0.00892696 0.0351291 66694
0 0.906285 0.973178 0.0409016 0.0413103 66695
0 0.974708 0.76317 0.0192295 0.0263116 66696
0 0.895258 0.976153 0.0683043 0.0448849 66697
0 0.973475 0.67561 0.00637817 0.0248308 66698
0 0.109642 0.981297 0.0198718 0.0240977 66699
0 0.976823 0.654223 0.00589886 0.0212275 66700
0 0.300715 0.741528 0.00952282 0.0169195 66701
0 0.57703 0.874855 0.0336027 0.0159949 66702
0 0.853406 0.831497 0.0222795 0.037244 66703
0 0.976262 0.657276 0.00586262 0.0181921 66704
0 0.955803 0.741721 0.00677204 0.0273097 66705
0 0.95619 0.747379 0.00667458 0.0379093 66706
0 0.770108 0.812594 0.0164688 0.016098 66707
0 0.0751153 0.745338 0.0140428 0.0183238 66708
0 0.290179 0.754281 0.0098052 0.0159276 66709
0 0.505345 0.78722 0.0134905 0.00964864 66710
0 0.974887 0.767633 0.0192707 0.0178677 66711
0 0.710524 0.832385 0.0285032 0.0321177 66712
0 0.880838 0.984297 0.0397997 0.0305183 66713
0 0.473136 0.820665 0.00644455 0.0270621 66714
0 0.101449 0.985313 0.0586987 0.02502 66715
0 0.957837 0.8482 0.0142179 0.0385471 66716
0 0.200743 0.728648 0.0111874 0.0097702 66717
0 0.703091 0.83216 0.0437712 0.0326596 66718
0 0.69266 0.841711 0.0333084 0.0146456 66719
0 0.125247 0.98556 0.0282547 0.0220337 66720
0 0.328421 0.714326 0.0360673 0.00873583 66721
0 0.478409 0.806275 0.0163704 0.052585 66722
0 0.973112 0.752871 0.00568314 0.00725522 66723
0 0.850461 0.829638 0.0296192 0.0407771 66724
0 0.993905 0.660999 0.00437241 0.0128533 66725
0 0.980284 0.678489 0.00619431 0.0119825 66726
0 0.806603 0.772229 0.00904655 0.0390583 66727
0 0.330567 0.716321 0.041147 0.0104516 66728
0 0.295458 0.743346 0.0205608 0.0186462 66729
0 0.899576 0.763082 0.00653362 0.0195496 66730
0 0.871147 0.678718 0.00499458 0.0117722 66731
0 0.42094 0.927519 0.0157911 0.0152981 66732
0 0.976262 0.667011 0.0105705 0.0359163 66733
0 0.806329 0.765165 0.00845757 0.0260006 66734
0 0.991976 0.715028 0.0156208 0.0123942 66735
0 0.777649 0.777072 0.01146 0.0525645 66736
0 0.859838 0.796065 0.00726624 0.0105167 66737
0 0.853267 0.848222 0.0236109 0.00919325 66738
0 0.540772 0.850604 0.0076725 0.0315155 66739
0 0.936074 0.865924 0.0119465 0.015392 66740
0 0.947342 0.851195 0.0344734 0.045762 66741
0 0.915672 0.9755 0.0391689 0.0434208 66742
0 0.522758 0.778455 0.0102647 0.0265818 66743
0 0.798865 0.775853 0.0153845 0.0480896 66744
0 0.991857 0.713001 0.0158161 0.00948181 66745
0 0.955587 0.727745 0.00711613 0.0140054 66746
0 0.506569 0.781436 0.0134541 0.0241848 66747
0 0.985655 0.737139 0.0107327 0.0468023 66748
0 0.900395 0.765727 0.00686054 0.0219408 66749
