0 0.453687 0.833983 0.0119651 0.0663032 None
0 0.70318 0.791682 0.00941029 0.0490907 None
0 0.788826 0.775382 0.0108553 0.0507891 None
0 0.560622 0.816241 0.0106021 0.0530623 None
0 0.831196 0.834728 0.018478 0.0334439 None
0 0.718451 0.830679 0.0146358 0.0301059 None
0 0.843086 0.765521 0.00841732 0.0506443 None
0 0.692636 0.794142 0.00975733 0.0470744 None
0 0.765643 0.77964 0.00995245 0.0506521 None
0 0.73618 0.786128 0.00905619 0.0470805 None
0 0.655051 0.802673 0.00992718 0.045305 None
0 0.797219 0.774949 0.00754089 0.050922 None
0 0.953522 0.849283 0.022031 0.0415253 None
0 0.746665 0.782635 0.00749722 0.0488664 None
0 0.391006 0.819014 0.0181241 0.0593964 None
0 0.973987 0.762314 0.0198402 0.0295383 None
0 0.856265 0.830515 0.0143862 0.032843 None
0 0.0601931 0.739513 0.00516753 0.0182027 None
0 0.198352 0.915799 0.0460582 0.0315859 None
0 0.941362 0.72776 0.00823937 0.0211945 None
0 0.956882 0.848737 0.0154804 0.0403164 None
0 0.675799 0.81605 0.0160757 0.0203308 None
0 0.434183 0.9146 0.0236836 0.0361435 None
0 0.119025 0.983775 0.0377409 0.0260284 None
0 0.00587492 0.753129 0.00750798 0.0176854 None
0 0.35495 0.989153 0.0146453 0.0216933 None
0 0.28901 0.722976 0.00764465 0.0170166 None
0 0.883861 0.980576 0.0460346 0.0378221 None
0 0.754883 0.783396 0.00718765 0.0445224 None
0 0.414071 0.761966 0.00508757 0.0127672 None
0 0.476488 0.857818 0.0344421 0.0233793 None
0 0.853047 0.830979 0.0226688 0.034168 None
0 0.112146 0.984263 0.0525709 0.026611 None
0 0.921396 0.973419 0.0270891 0.0403636 None
0 0.890272 0.97623 0.0583229 0.0453691 None
0 0.995888 0.811561 0.0078125 0.0199109 None
0 0.853111 0.848466 0.0250278 0.00921495 None
0 0.383782 0.758412 0.00921569 0.012775 None
0 0.0950639 0.994245 0.0453448 0.00807224 None
0 0.00299711 0.975903 0.00594306 0.0241764 None
0 0.0665808 0.748422 0.00860107 0.0168159 None
0 0.318177 0.710577 0.00496669 0.0154039 None
0 0.577241 0.875718 0.0334371 0.0147912 None
0 0.902769 0.973442 0.0336161 0.0407308 None
0 0.00526663 0.975803 0.0104623 0.0252282 None
0 0.104071 0.993811 0.0638747 0.00854747 None
0 0.0620314 0.750638 0.0282817 0.0121697 None
0 0.914074 0.972923 0.0102367 0.0391852 None
0 0.0220393 0.938682 0.0440785 0.0278653 None
0 0.480755 0.857248 0.0246803 0.0229674 None
0 0.951959 0.675666 0.00380745 0.0143846 None
0 0.91193 0.973231 0.0145718 0.0400898 None
0 0.11406 0.982814 0.0286162 0.0224262 None
0 0.0643551 0.744058 0.0142106 0.0249344 None
0 0.894826 0.68271 0.00534401 0.0148848 None
0 0.275661 0.730083 0.00680466 0.0169483 None
0 0.744619 0.783429 0.0112522 0.051256 None
0 0.00417415 0.758861 0.00800009 0.00905897 None
0 0.97267 0.671708 0.00565777 0.0169396 None
0 0.99807 0.668539 0.00341358 0.0159371 None
0 0.807107 0.699467 0.00642223 0.0192215 None
0 0.13808 0.740651 0.0172026 0.00982395 None
0 0.918027 0.973636 0.0182371 0.0410929 None
0 0.522045 0.726769 0.00813808 0.0118262 None
0 0.877673 0.679534 0.00499916 0.0129189 None
0 0.763428 0.781291 0.0140133 0.0498235 None
0 0.541169 0.849057 0.00744038 0.0270437 None
0 0.410541 0.763455 0.00852737 0.0156687 None
0 0.852261 0.845428 0.0230913 0.0115479 None
0 0.00330495 0.97206 0.00657597 0.0316939 None
0 0.131458 0.983845 0.0632836 0.0253655 None
0 0.484867 0.857238 0.036182 0.0226478 None
0 0.784337 0.697764 0.00450001 0.0149434 None
0 0.773235 0.81229 0.00629368 0.0152212 None
0 0.791187 0.775571 0.0111626 0.05118 None
0 0.696886 0.792791 0.0186344 0.0493534 None
0 0.80648 0.701287 0.00541 0.0223899 None
0 0.951733 0.856358 0.0187634 0.0292837 None
0 0.00590615 0.972231 0.0116693 0.0332842 None
0 0.00937391 0.976082 0.0185787 0.0276937 None
0 0.753273 0.783885 0.0109365 0.0458432 None
0 0.923146 0.737374 0.00607758 0.00819143 None
0 0.413079 0.762846 0.00723572 0.0136787 None
0 0.12427 0.985008 0.0305495 0.0238519 None
0 0.109361 0.981725 0.0190059 0.0223507 None
0 0.396584 0.849192 0.0301904 0.019595 None
0 0.91073 0.975847 0.0500702 0.0444756 None
0 0.94094 0.736094 0.0125847 0.00964457 None
0 0.994852 0.810585 0.00986061 0.022661 None
0 0.858061 0.847005 0.0352825 0.0139523 None
0 0.923388 0.681277 0.0046093 0.01007 None
0 0.77962 0.816347 0.00734482 0.00886739 None
0 0.288175 0.723319 0.0102459 0.0187412 None
0 0.947407 0.85998 0.00999165 0.0189741 None
0 0.94046 0.737431 0.0151413 0.00833147 None
0 0.419281 0.76264 0.0153982 0.0117615 None
0 0.936237 0.866882 0.0116905 0.0159955 None
0 0.440211 0.914947 0.0116045 0.0331451 None
0 0.845397 0.846595 0.0415978 0.0132909 None
0 0.878149 0.6782 0.00563831 0.0151737 None
0 0.00456445 0.968481 0.00908585 0.0407932 None
0 0.31924 0.710893 0.00714479 0.0165102 None
0 0.863124 0.832955 0.0317318 0.0373705 None
0 0.956926 0.855882 0.0264635 0.032498 None
0 0.992987 0.773287 0.0135677 0.00995178 None
0 0.274501 0.731528 0.00722871 0.0183348 None
0 0.955864 0.86365 0.0303593 0.0203044 None
0 0.15395 0.983517 0.0176163 0.0144894 None
0 0.995763 0.804316 0.00803986 0.034475 None
0 0.00312436 0.958961 0.006188 0.0574936 None
0 0.520886 0.727434 0.0169117 0.0128435 None
0 0.959862 0.869125 0.0216732 0.00884908 None
0 0.936128 0.866495 0.011713 0.0159838 None
0 0.806428 0.697789 0.0049675 0.0188797 None
0 0.541127 0.823321 0.0341045 0.0160361 None
0 0.110371 0.984793 0.0377001 0.0222441 None
0 0.790267 0.820596 0.026396 0.00703057 None
0 0.275976 0.731304 0.00907269 0.0189779 None
0 0.798829 0.774878 0.010178 0.0519155 None
