0 0.452792 0.834196 0.0126468 0.066883 96025
0 0.554751 0.816859 0.00990219 0.0467289 96026
0 0.796619 0.77641 0.00880928 0.0509215 96027
0 0.831208 0.835078 0.0169651 0.03255 96028
0 0.535062 0.818035 0.0126865 0.0553323 96029
0 0.312451 0.901824 0.0125483 0.0791979 96030
0 0.721438 0.787235 0.0101753 0.0495575 96031
0 0.574728 0.809774 0.0101704 0.0573286 96032
0 0.718047 0.829715 0.0136591 0.0323761 96033
0 0.701105 0.795037 0.0106137 0.0495392 96034
0 0.843121 0.76444 0.00829163 0.0402242 96035
0 0.689278 0.795701 0.0110199 0.0467044 96036
0 0.391082 0.831816 0.0187772 0.0848395 96037
0 0.643591 0.803028 0.00893364 0.0480998 96038
0 0.733355 0.784956 0.010561 0.0504974 96039
0 0.661321 0.806133 0.00664482 0.033087 96040
0 0.116271 0.982831 0.0363751 0.0278486 96041
0 0.928934 0.749553 0.00777054 0.0458069 96042
0 0.198355 0.916184 0.0447671 0.0311751 96043
0 0.956932 0.848323 0.015728 0.036712 96044
0 0.985853 0.732691 0.00699234 0.027681 96045
0 0.475592 0.856386 0.0189074 0.0259918 96046
0 0.894102 0.975944 0.0652126 0.0447776 96047
0 0.944823 0.849962 0.0140549 0.0374583 96048
0 0.0221358 0.93892 0.0442716 0.0300093 96049
0 0.484201 0.856477 0.0369253 0.0262743 96050
0 0.852889 0.833719 0.0226006 0.0302548 96051
0 0.90642 0.973508 0.0402491 0.0398704 96052
0 0.0963544 0.994101 0.0478931 0.0082862 96053
0 0.391512 0.819937 0.0176502 0.0607096 96054
0 0.971659 0.763108 0.0135872 0.0264313 96055
0 0.861245 0.69565 0.00695725 0.0203057 96056
0 0.108037 0.983066 0.0542269 0.0288403 96057
0 0.355317 0.989278 0.013555 0.0214433 96058
0 0.00505704 0.976289 0.0100647 0.0251102 96059
0 0.0025524 0.976298 0.00506 0.024074 96060
0 0.940774 0.8509 0.0176601 0.0403212 96061
0 0.917442 0.9729 0.0171135 0.038503 96062
0 0.9541 0.8503 0.0215137 0.0392388 96063
0 0.857244 0.831053 0.0122398 0.0270352 96064
0 0.974286 0.763215 0.0191998 0.0270698 96065
0 0.883775 0.982069 0.0450123 0.0339439 96066
0 0.945684 0.851862 0.0298389 0.0415895 96067
0 0.390366 0.849041 0.0121264 0.051069 96068
0 0.848869 0.833517 0.0112503 0.0261717 96069
0 0.67483 0.81513 0.0142134 0.019515 96070
0 0.0546601 0.73723 0.0150387 0.0199775 96071
0 0.930489 0.748661 0.0108629 0.0484595 96072
0 0.996172 0.813501 0.00724831 0.0157815 96073
0 0.85342 0.849028 0.0242962 0.00776503 96074
0 0.772779 0.813089 0.021543 0.0199877 96075
0 0.921199 0.973228 0.0257381 0.0390618 96076
0 0.0530398 0.735091 0.00812709 0.0172794 96077
0 0.715203 0.830101 0.0201615 0.0330078 96078
0 0.94115 0.672076 0.00673027 0.0208916 96079
0 0.577138 0.875589 0.0340823 0.0138687 96080
0 0.9596 0.671999 0.00556297 0.0164031 96081
0 0.769738 0.812383 0.0154913 0.0196418 96082
0 0.932167 0.745903 0.0144579 0.0511529 96083
0 0.460827 0.751982 0.00715284 0.0119232 96084
0 0.0999623 0.992386 0.0548338 0.0106598 96085
0 0.83773 0.835365 0.0300333 0.0331831 96086
0 0.577596 0.879517 0.0343014 0.0137722 96087
0 0.935879 0.867534 0.0140287 0.0133977 96088
0 0.819066 0.814403 0.00976391 0.0100644 96089
0 0.360608 0.895048 0.012231 0.0321781 96090
0 0.893366 0.974541 0.0254627 0.0259632 96091
0 0.929752 0.723514 0.0068943 0.0161658 96092
0 0.33524 0.725037 0.0150653 0.0129227 96093
0 0.577652 0.875806 0.0333508 0.0136154 96094
0 0.153444 0.983658 0.0177351 0.012354 96095
0 0.941731 0.667507 0.00755653 0.0172478 96096
0 0.901141 0.685045 0.00530167 0.0127728 96097
0 0.863425 0.835122 0.0279882 0.0349955 96098
0 0.65983 0.806471 0.00920582 0.0346568 96099
0 0.337725 0.725155 0.0211143 0.0138953 96100
0 0.778393 0.813538 0.0327178 0.0213396 96101
0 0.507529 0.72219 0.0149221 0.0136437 96102
0 0.00293332 0.972919 0.00581566 0.0310113 96103
0 0.940685 0.676224 0.00587959 0.0158542 96104
0 0.858783 0.835873 0.0384703 0.0367098 96105
0 0.95941 0.663753 0.00392265 0.010041 96106
0 0.0763467 0.755129 0.00480275 0.0113864 96107
0 0.952951 0.660053 0.00433083 0.0106951 96108
0 0.00879489 0.976741 0.0173896 0.0269657 96109
0 0.00579303 0.973005 0.0114342 0.0323997 96110
0 0.531412 0.816236 0.00766125 0.0512502 96111
0 0.87839 0.985236 0.0345161 0.0281267 96112
0 0.47462 0.756914 0.0067337 0.0123167 96113
0 0.863775 0.69572 0.0123833 0.0210743 96114
0 0.895842 0.973392 0.019347 0.0227519 96115
0 0.860191 0.695509 0.0102608 0.0219003 96116
0 0.913029 0.672048 0.00724869 0.0122787 96117
0 0.578045 0.886907 0.0350138 0.00916816 96118
0 0.85949 0.795046 0.006744 0.0128182 96119
0 0.862081 0.695874 0.0092289 0.0226285 96120
0 0.26659 0.730341 0.00780897 0.0108083 96121
0 0.844467 0.841989 0.0439375 0.0227604 96122
0 0.870983 0.845176 0.0116968 0.0159034 96123
0 0.103276 0.984214 0.0626236 0.0265734 96124
