0 0.327456 0.900802 0.0131595 0.0801266 94715
0 0.582022 0.810591 0.0129503 0.0615102 94716
0 0.6487 0.802476 0.0104746 0.0496148 94717
0 0.452747 0.834378 0.0121658 0.0668766 94718
0 0.796527 0.775542 0.00874214 0.0507189 94719
0 0.831153 0.835057 0.0169586 0.0325975 94720
0 0.542156 0.820402 0.0106007 0.0615621 94721
0 0.398172 0.843669 0.012894 0.0593945 94722
0 0.843175 0.763454 0.0081461 0.0390805 94723
0 0.689344 0.795647 0.0109582 0.0467612 94724
0 0.718087 0.830223 0.0137602 0.0314775 94725
0 0.717371 0.788199 0.00922775 0.0473304 94726
0 0.554071 0.817955 0.0108414 0.0489429 94727
0 0.391014 0.819941 0.0167909 0.0600549 94728
0 0.701251 0.795036 0.0110235 0.050227 94729
0 0.198029 0.916492 0.0451149 0.030227 94730
0 0.729844 0.785923 0.009517 0.0496791 94731
0 0.66682 0.806415 0.0101995 0.0351542 94732
0 0.116079 0.982873 0.0359168 0.0275991 94733
0 0.957158 0.847679 0.0150471 0.0356968 94734
0 0.930479 0.746674 0.00918465 0.0534539 94735
0 0.0221825 0.938939 0.044365 0.0298123 94736
0 0.971625 0.763164 0.0133682 0.0262555 94737
0 0.941376 0.84855 0.0126011 0.0344835 94738
0 0.894089 0.97572 0.0649921 0.0443424 94739
0 0.475564 0.857557 0.0188922 0.0233242 94740
0 0.99074 0.732993 0.00715942 0.029129 94741
0 0.974113 0.763259 0.0187017 0.0268419 94742
0 0.94364 0.8495 0.0172318 0.036235 94743
0 0.484316 0.857607 0.0369362 0.0236433 94744
0 0.906435 0.973441 0.0399817 0.039799 94745
0 0.0981689 0.993906 0.0517488 0.00846083 94746
0 0.854662 0.83251 0.0176931 0.0294554 94747
0 0.677141 0.815143 0.0187595 0.0194485 94748
0 0.355356 0.989276 0.0134861 0.0214473 94749
0 0.917441 0.972901 0.0170891 0.0384879 94750
0 0.0051504 0.976433 0.0102401 0.0247664 94751
0 0.852061 0.833988 0.0201927 0.0293733 94752
0 0.859782 0.697179 0.00683098 0.0223885 94753
0 0.00315141 0.976495 0.00625285 0.0238491 94754
0 0.857056 0.831033 0.0124939 0.0270394 94755
0 0.883836 0.980486 0.0450123 0.0366001 94756
0 0.954335 0.849923 0.0210546 0.0393285 94757
0 0.106959 0.983151 0.0558953 0.0287845 94758
0 0.0547083 0.739159 0.0124833 0.0140808 94759
0 0.849152 0.833354 0.0106571 0.0259635 94760
0 0.996188 0.813526 0.00721664 0.0157033 94761
0 0.0556369 0.739585 0.0113677 0.0135912 94762
0 0.715338 0.830596 0.0197536 0.0320401 94763
0 0.57709 0.875634 0.0340654 0.0138762 94764
0 0.853327 0.848849 0.0244831 0.00808953 94765
0 0.920739 0.973107 0.0247225 0.0387561 94766
0 0.773028 0.813777 0.0212399 0.0191342 94767
0 0.270933 0.731337 0.00675879 0.012266 94768
0 0.346847 0.772341 0.00356312 0.00894877 94769
0 0.284497 0.739253 0.00688052 0.0118925 94770
0 0.940572 0.678856 0.00451202 0.0103417 94771
0 0.57769 0.880111 0.0343485 0.0125081 94772
0 0.360021 0.895381 0.0139067 0.0325829 94773
0 0.902542 0.685084 0.00474968 0.0136809 94774
0 0.0998736 0.992445 0.0547723 0.0106398 94775
0 0.769408 0.81287 0.0150846 0.0185618 94776
0 0.819057 0.814456 0.00975952 0.0101457 94777
0 0.930655 0.729734 0.00977287 0.0304737 94778
0 0.911447 0.671693 0.00561085 0.0110379 94779
0 0.153454 0.983642 0.0177064 0.0123522 94780
0 0.840108 0.835386 0.0348797 0.0332598 94781
0 0.862134 0.697145 0.0081604 0.0202389 94782
0 0.0534231 0.743021 0.0120029 0.0219913 94783
0 0.00877956 0.97667 0.0173886 0.0267853 94784
0 0.507476 0.720481 0.0104322 0.0119442 94785
0 0.860013 0.69922 0.0091732 0.0270137 94786
0 0.00371795 0.973398 0.00737182 0.0303306 94787
0 0.505922 0.720836 0.0135794 0.0133947 94788
0 0.454899 0.760727 0.00941944 0.0155687 94789
0 0.00584698 0.973337 0.0115455 0.0317056 94790
0 0.863143 0.835053 0.028303 0.035041 94791
0 0.940577 0.674099 0.0055706 0.0137816 94792
0 0.333085 0.72556 0.010129 0.00961982 94793
0 0.959021 0.669764 0.00398445 0.0107519 94794
0 0.881971 0.985305 0.0421101 0.0284217 94795
0 0.578122 0.886815 0.0351483 0.00894385 94796
0 0.935019 0.866997 0.0148628 0.0143165 94797
0 0.334673 0.726387 0.0221153 0.00977631 94798
0 0.858482 0.835976 0.038895 0.036667 94799
0 0.844442 0.843648 0.0437809 0.0194177 94800
0 0.931299 0.725013 0.00867767 0.0207431 94801
0 0.495498 0.862785 0.0150452 0.0115119 94802
0 0.778008 0.813954 0.0326715 0.0203752 94803
0 0.895732 0.973451 0.0192455 0.0227522 94804
0 0.664769 0.806724 0.0140306 0.035881 94805
0 0.103197 0.984194 0.0624671 0.0263218 94806
