0 0.464364 0.838251 0.0149015 0.0631502 29581
0 0.452876 0.833671 0.0113676 0.0676714 29582
0 0.795113 0.775248 0.0103798 0.0488647 29583
0 0.830733 0.834368 0.0173534 0.0340151 29584
0 0.807813 0.774089 0.00895824 0.0427626 29585
0 0.706458 0.791073 0.00989437 0.0477231 29586
0 0.879864 0.759656 0.00859299 0.0498261 29587
0 0.694487 0.793315 0.00984383 0.046196 29588
0 0.718596 0.830454 0.0145351 0.031032 29589
0 0.276889 0.728706 0.00805197 0.0176422 29590
0 0.743612 0.784879 0.00896168 0.0478416 29591
0 0.75504 0.781925 0.00775604 0.0483777 29592
0 0.856347 0.830483 0.0165649 0.0332079 29593
0 0.0713259 0.742831 0.00703185 0.0275913 29594
0 0.847866 0.766061 0.0083786 0.0471717 29595
0 0.533107 0.816219 0.0101586 0.0397607 29596
0 0.842339 0.765873 0.00700226 0.0455509 29597
0 0.89251 0.976203 0.0616905 0.0453196 29598
0 0.953569 0.849589 0.021917 0.0414334 29599
0 0.00860912 0.747996 0.00870063 0.0179654 29600
0 0.337426 0.755539 0.00822 0.0204976 29601
0 0.967797 0.737883 0.00663986 0.0329993 29602
0 0.434734 0.91384 0.0218216 0.0378611 29603
0 0.745399 0.785011 0.0107351 0.0472911 29604
0 0.747338 0.786338 0.00813417 0.0426115 29605
0 0.824016 0.778321 0.00539703 0.0250732 29606
0 0.458894 0.78336 0.00734081 0.0252947 29607
0 0.9572 0.848118 0.0150942 0.0383097 29608
0 0.904149 0.972934 0.0387785 0.0389889 29609
0 0.198352 0.916059 0.0461721 0.0313877 29610
0 0.116543 0.983347 0.032805 0.0243683 29611
0 0.319646 0.710554 0.00535708 0.0169203 29612
0 0.00592905 0.975658 0.0117887 0.0263896 29613
0 0.973515 0.76256 0.0165773 0.0276794 29614
0 0.354472 0.989327 0.0154965 0.0212913 29615
0 0.0221848 0.938763 0.0443695 0.0292094 29616
0 0.771581 0.69773 0.00632372 0.0173979 29617
0 0.93162 0.72796 0.00617657 0.0226073 29618
0 0.529451 0.740282 0.00693932 0.0084727 29619
0 0.957841 0.747524 0.0108046 0.0415204 29620
0 0.854084 0.831584 0.0218439 0.0361767 29621
0 0.879538 0.679098 0.00734921 0.0215924 29622
0 0.112975 0.984154 0.0457259 0.0260539 29623
0 0.0517183 0.751582 0.00547553 0.00725098 29624
0 0.883746 0.98402 0.0449829 0.0302266 29625
0 0.752844 0.793614 0.0105117 0.0290168 29626
0 0.191098 0.734164 0.0105659 0.00830621 29627
0 0.885581 0.978842 0.0483723 0.040525 29628
0 0.897603 0.679201 0.00648308 0.0204178 29629
0 0.957353 0.756803 0.0101608 0.0252319 29630
0 0.919814 0.68049 0.00847397 0.013952 29631
0 0.675167 0.815665 0.0154293 0.0205105 29632
0 0.714807 0.83107 0.0225683 0.031409 29633
0 0.0989955 0.994255 0.0544379 0.00814785 29634
0 0.789006 0.698498 0.00456982 0.0182301 29635
0 0.0730932 0.743144 0.0109172 0.0277778 29636
0 0.534224 0.740627 0.016937 0.00928633 29637
0 0.441135 0.771975 0.00768099 0.0185167 29638
0 0.973222 0.673299 0.00562897 0.0177796 29639
0 0.958355 0.738737 0.00891819 0.0255198 29640
0 0.949285 0.858687 0.0133438 0.0227532 29641
0 0.146331 0.740161 0.020681 0.0096327 29642
0 0.995885 0.8139 0.007827 0.0145279 29643
0 0.577541 0.87568 0.0331913 0.0142412 29644
0 0.104157 0.99139 0.0639854 0.0129203 29645
0 0.109794 0.981463 0.0198487 0.0221283 29646
0 0.00947804 0.975945 0.018894 0.0279053 29647
0 0.983389 0.674561 0.0066536 0.021618 29648
0 0.957881 0.753008 0.0141274 0.0412811 29649
0 0.5775 0.87542 0.0325602 0.0138618 29650
0 0.863914 0.833037 0.0325478 0.0381782 29651
0 0.983578 0.678829 0.00652122 0.0154449 29652
0 0.303485 0.730218 0.00869107 0.00933228 29653
0 0.771118 0.812398 0.0133705 0.0149441 29654
0 0.872763 0.84566 0.0141216 0.0144684 29655
0 0.947993 0.850672 0.0317234 0.0449131 29656
0 0.773743 0.811984 0.00660076 0.0143555 29657
0 0.983236 0.661814 0.0067585 0.0200807 29658
0 0.4573 0.78329 0.0106304 0.0254998 29659
0 0.98294 0.664884 0.00816231 0.0304101 29660
0 0.318584 0.711125 0.0074441 0.0189082 29661
0 0.307357 0.730391 0.010132 0.00846371 29662
0 0.922646 0.975502 0.0269936 0.0370078 29663
0 0.306417 0.714847 0.0176582 0.00763872 29664
0 0.391265 0.83165 0.0182026 0.0856384 29665
0 0.125401 0.985535 0.0279092 0.0216132 29666
0 0.912813 0.97456 0.0472359 0.0434314 29667
0 0.779825 0.816003 0.0077261 0.00984836 29668
0 0.77502 0.812734 0.0172632 0.0162947 29669
0 0.937054 0.866948 0.013308 0.0151145 29670
0 0.94625 0.859103 0.0303972 0.0290663 29671
0 0.00990063 0.759067 0.0176398 0.00822144 29672
0 0.984238 0.676131 0.00900898 0.0222649 29673
0 0.535043 0.817589 0.0137316 0.0431681 29674
0 0.943924 0.865769 0.0261673 0.0175983 29675
0 0.444309 0.773901 0.0142079 0.0216866 29676
0 0.188418 0.735246 0.0165015 0.00935923 29677
0 0.706836 0.831544 0.0374939 0.0319702 29678
0 0.860827 0.845938 0.0384708 0.0157283 29679
0 0.825082 0.77818 0.00749779 0.025893 29680
0 0.31815 0.715775 0.00789943 0.00797679 29681
0 0.131783 0.983374 0.0635914 0.0206336 29682
0 0.350085 0.98935 0.0253976 0.0212289 29683
0 0.982078 0.658944 0.00891762 0.0229804 29684
0 0.310417 0.730043 0.0275615 0.0124578 29685
0 0.0536701 0.752319 0.0104912 0.00886671 29686
