0 0.45254 0.833714 0.0126392 0.0679301 None
0 0.72772 0.788988 0.00765476 0.042237 None
0 0.796528 0.776454 0.00953713 0.0499695 None
0 0.742504 0.784625 0.00887308 0.0472324 None
0 0.755173 0.781075 0.00829926 0.0488875 None
0 0.842731 0.765947 0.00927811 0.0460102 None
0 0.83066 0.834675 0.0179245 0.0336846 None
0 0.703972 0.791812 0.0100766 0.0480469 None
0 0.693346 0.794485 0.00983849 0.0466543 None
0 0.854209 0.763428 0.0102503 0.0494937 None
0 0.548129 0.812199 0.0122391 0.0463382 None
0 0.824687 0.769449 0.010936 0.0490787 None
0 0.353992 0.756895 0.00598779 0.0204529 None
0 0.471736 0.853552 0.0180335 0.0345903 None
0 0.71814 0.830349 0.0135743 0.0316718 None
0 0.852755 0.831863 0.0222321 0.0357113 None
0 0.817018 0.778821 0.00589561 0.0286462 None
0 0.954129 0.848569 0.0212837 0.0390042 None
0 0.791364 0.70341 0.00555077 0.0233578 None
0 0.891599 0.97598 0.0612492 0.0458215 None
0 0.198732 0.916386 0.0469241 0.0317651 None
0 0.90427 0.973018 0.039119 0.0400106 None
0 0.00862182 0.750447 0.010342 0.0186191 None
0 0.00560254 0.977095 0.0111535 0.0238824 None
0 0.934799 0.728495 0.00651894 0.0202603 None
0 0.391126 0.813691 0.017539 0.0473711 None
0 0.4335 0.91422 0.0246176 0.0368786 None
0 0.712526 0.830935 0.0259792 0.0324904 None
0 0.274075 0.723455 0.00587311 0.0181961 None
0 0.114755 0.98112 0.0300802 0.0235187 None
0 0.0699964 0.73982 0.00972641 0.0179362 None
0 0.0221369 0.938421 0.0442738 0.0282474 None
0 0.991393 0.739155 0.0123379 0.0450889 None
0 0.577676 0.875786 0.0324215 0.0148246 None
0 0.354611 0.989266 0.0161203 0.0214686 None
0 0.526103 0.738552 0.00633926 0.0105737 None
0 0.109574 0.980512 0.0199608 0.0231188 None
0 0.391057 0.830047 0.0179761 0.0807226 None
0 0.0687832 0.738169 0.00728834 0.0161009 None
0 0.319967 0.712121 0.00556912 0.0158286 None
0 0.855958 0.830689 0.0156925 0.0341841 None
0 0.951876 0.859201 0.0187548 0.0242998 None
0 0.77448 0.699418 0.00711975 0.01859 None
0 0.531143 0.739076 0.0151786 0.00883213 None
0 0.0711412 0.744839 0.00857604 0.0177378 None
0 0.142055 0.735593 0.00666947 0.00925259 None
0 0.675064 0.816935 0.0152321 0.0192897 None
0 0.442012 0.779437 0.00536919 0.0168298 None
0 0.885372 0.97898 0.049118 0.0400558 None
0 0.996172 0.678397 0.00724144 0.0231273 None
0 0.975094 0.763718 0.0225437 0.0254895 None
0 0.4408 0.918775 0.00993862 0.0252452 None
0 0.146091 0.737834 0.0187298 0.0091746 None
0 0.895594 0.68137 0.00830898 0.0182592 None
0 0.993456 0.740164 0.0088726 0.0427436 None
0 0.934385 0.728386 0.00903645 0.0210676 None
0 0.107896 0.983786 0.0478338 0.0268402 None
0 0.882335 0.983473 0.0429768 0.0311191 None
0 0.41074 0.768721 0.00400524 0.00867717 None
0 0.0700733 0.742724 0.01093 0.0227539 None
0 0.541074 0.848928 0.00738716 0.0296451 None
0 0.882278 0.682263 0.00784741 0.0117457 None
0 0.102904 0.993559 0.0615991 0.00936144 None
0 0.922166 0.973728 0.0269306 0.0412723 None
0 0.903916 0.975268 0.0617977 0.0452482 None
0 0.921603 0.682092 0.00589676 0.0138257 None
0 0.119601 0.984499 0.0391293 0.0229143 None
0 0.149664 0.737777 0.0117718 0.00768365 None
0 0.475991 0.852677 0.0118667 0.0331184 None
0 0.912428 0.974529 0.0458916 0.0434255 None
0 0.77341 0.812944 0.00714569 0.0150652 None
0 0.769707 0.812957 0.0128691 0.0154451 None
0 0.881546 0.679813 0.00900497 0.0162248 None
0 0.996539 0.810911 0.00651054 0.0207204 None
0 0.436255 0.77606 0.00544949 0.0109144 None
0 0.0555357 0.751764 0.00386384 0.00897522 None
0 0.0545304 0.751241 0.00573077 0.00827399 None
0 0.777129 0.813385 0.0129778 0.0157969 None
0 0.858547 0.83383 0.038711 0.0396671 None
0 0.428876 0.918503 0.0198153 0.0293223 None
0 0.985216 0.742425 0.00646095 0.0285212 None
0 0.972317 0.673868 0.00623932 0.0192944 None
0 0.102936 0.985396 0.0612653 0.0247587 None
0 0.430483 0.919086 0.0148022 0.0238905 None
0 0.708017 0.785929 0.00461006 0.0143911 None
0 0.121623 0.986161 0.0187429 0.0212296 None
0 0.126589 0.985646 0.0263157 0.0202271 None
0 0.678439 0.81669 0.0196939 0.0192454 None
0 0.979851 0.67217 0.00709038 0.0197801 None
0 0.959879 0.848976 0.0167606 0.039032 None
0 0.530935 0.738387 0.0164162 0.0117391 None
0 0.924081 0.977741 0.0233311 0.0323797 None
0 0.153753 0.738539 0.0362481 0.00916918 None
0 0.882038 0.683035 0.00773697 0.0160032 None
0 0.84097 0.833987 0.0392349 0.0353753 None
0 0.956315 0.864357 0.0279697 0.0189022 None
0 0.2969 0.728214 0.0200795 0.00973816 None
0 0.535314 0.739152 0.0258024 0.00987651 None
0 0.988862 0.738234 0.0176411 0.0453189 None
0 0.144135 0.737483 0.021272 0.0100101 None
0 0.153507 0.983385 0.0175665 0.0131897 None
0 0.824525 0.814948 0.0242931 0.0101712 None
0 0.849376 0.835941 0.0240559 0.0300044 None
0 0.188647 0.732246 0.0108319 0.0105391 None
0 0.960305 0.849944 0.036018 0.042608 None
0 0.876917 0.985668 0.0320608 0.0270196 None
0 0.275194 0.723722 0.00746727 0.0181447 None
0 0.350064 0.989321 0.0261863 0.0213369 None
0 0.442793 0.779188 0.019835 0.0175822 None
0 0.915257 0.968301 0.0108541 0.0308767 None
0 0.591618 0.907732 0.0555971 0.0223311 None
0 0.590695 0.913867 0.0480307 0.0122623 None
0 0.775842 0.814488 0.0167098 0.0193683 None
