0 0.452967 0.833997 0.0126367 0.06753 None
0 0.48132 0.831757 0.0134708 0.0644299 None
0 0.788197 0.776905 0.0110294 0.0472995 None
0 0.175452 0.879781 0.0107708 0.0602871 None
0 0.696906 0.79446 0.00870638 0.0485026 None
0 0.986758 0.736864 0.0108402 0.0475869 None
0 0.807787 0.774913 0.00936012 0.0435749 None
0 0.953553 0.849623 0.0222864 0.0413293 None
0 0.42597 0.916019 0.0239206 0.0379629 None
0 0.842938 0.766393 0.00922222 0.0456907 None
0 0.765347 0.697867 0.00602493 0.0173535 None
0 0.71724 0.830467 0.0146233 0.0309709 None
0 0.773612 0.780281 0.00841055 0.046873 None
0 0.830328 0.834372 0.0178123 0.0326962 None
0 0.770291 0.780267 0.00869513 0.0486081 None
0 0.68113 0.790526 0.0104031 0.0354645 None
0 0.835473 0.769715 0.00727062 0.0391883 None
0 0.855339 0.831317 0.0168449 0.0336514 None
0 0.857537 0.763391 0.00758667 0.0397213 None
0 0.913826 0.742969 0.00927849 0.0205683 None
0 0.499157 0.811672 0.00889931 0.0447098 None
0 0.962249 0.7441 0.00845604 0.0447861 None
0 0.354975 0.989182 0.0148593 0.0216337 146
0 0.785237 0.697879 0.00660019 0.0202701 None
0 0.9306 0.751992 0.00923195 0.0402971 None
0 0.115254 0.984047 0.0309289 0.0221195 None
0 0.90688 0.973294 0.0432861 0.039974 None
0 0.895054 0.976135 0.0681625 0.044909 None
0 0.995622 0.813659 0.00833473 0.018238 None
0 0.883515 0.980046 0.0453093 0.0378554 None
0 0.768481 0.780605 0.00794172 0.0491623 None
0 0.0220228 0.939087 0.0440456 0.0289768 None
0 0.00776272 0.750705 0.00944923 0.0182142 None
0 0.110082 0.984889 0.0451333 0.024607 None
0 0.921612 0.973639 0.0261404 0.0407522 None
0 0.328648 0.712531 0.00545969 0.0178416 None
0 0.00605276 0.981541 0.0120257 0.0140954 None
0 0.0956936 0.994192 0.0462441 0.00816447 None
0 0.510227 0.774766 0.00726967 0.0196187 None
0 0.540591 0.849328 0.00686712 0.0257985 None
0 0.486448 0.769161 0.00730133 0.0159407 None
0 0.879362 0.765256 0.00513458 0.0267436 None
0 0.57767 0.875839 0.0326672 0.0144992 None
0 0.881756 0.984757 0.0416351 0.0288567 None
0 0.971928 0.763057 0.0148064 0.0279293 None
0 0.00663583 0.750926 0.0131859 0.0200906 None
0 0.96472 0.741475 0.0116074 0.0480296 None
0 0.676534 0.814792 0.019169 0.0227973 None
0 0.120492 0.985084 0.0382641 0.0214059 None
0 0.103381 0.990367 0.0611573 0.0149363 None
0 0.985304 0.673543 0.00663433 0.0170746 None
0 0.948005 0.851628 0.0327187 0.0442264 None
0 0.918037 0.972798 0.0180307 0.0399031 None
0 0.834506 0.834845 0.025293 0.0341573 None
0 0.853437 0.833203 0.0233978 0.037589 None
0 0.858555 0.77302 0.00994988 0.055983 None
0 0.058203 0.750769 0.00503144 0.00889231 None
0 0.301871 0.754708 0.00852633 0.0172875 None
0 0.497592 0.814207 0.00991898 0.0386481 None
0 0.959232 0.848876 0.0112217 0.0353156 None
0 0.713164 0.831408 0.0231197 0.0323317 None
0 0.308235 0.754564 0.00454416 0.0130095 None
0 0.936763 0.725579 0.00647163 0.0199285 None
0 0.786555 0.697682 0.00941505 0.0210403 None
0 0.112596 0.981555 0.0260798 0.0223621 None
0 0.770762 0.784277 0.0135824 0.0567135 None
0 0.125448 0.985925 0.0271802 0.0211277 None
0 0.857081 0.767699 0.00933418 0.0474779 None
0 0.979231 0.648389 0.0057478 0.0148582 None
0 0.972384 0.753891 0.00609703 0.00970222 None
0 0.973952 0.763979 0.0198524 0.0308807 None
0 0.907064 0.975848 0.0563765 0.0433255 None
0 0.30435 0.755908 0.0123372 0.0159853 None
0 0.974143 0.770996 0.0188686 0.0131492 None
0 0.584782 0.914522 0.0455685 0.0136064 None
0 0.841493 0.834743 0.0444071 0.0364209 None
0 0.875268 0.679109 0.00699043 0.021069 None
0 0.0061377 0.978542 0.0121641 0.0194444 None
0 0.510932 0.781905 0.00978641 0.0346147 None
0 0.0810544 0.75313 0.0128932 0.0095303 None
0 0.97986 0.649061 0.0075222 0.0168538 None
0 0.982836 0.652041 0.00565147 0.0189231 None
0 0.294098 0.73451 0.0100293 0.00988125 None
0 0.987187 0.675501 0.00561638 0.0140951 None
0 0.0791285 0.752738 0.0165897 0.0105794 None
0 0.984065 0.656321 0.00718193 0.0220091 None
0 0.951518 0.864301 0.029176 0.016939 None
0 0.677062 0.79867 0.0199545 0.0544712 None
0 0.30214 0.755299 0.0130603 0.0179342 None
0 0.935794 0.867001 0.0112913 0.0146868 None
0 0.879785 0.767907 0.00647602 0.0342414 None
0 0.948479 0.865748 0.0364349 0.0174723 None
0 0.995359 0.808532 0.00880661 0.0291911 None
0 0.875114 0.675439 0.00710754 0.0141763 None
0 0.09797 0.987155 0.0504313 0.0191688 None
0 0.967196 0.747447 0.00887184 0.0405039 None
0 0.874648 0.673668 0.00726929 0.010745 None
0 0.85194 0.840872 0.0236511 0.0229172 None
0 0.89815 0.975299 0.0255363 0.0320947 None
0 0.514231 0.774308 0.0164495 0.0185794 None
