0 0.452767 0.833578 0.0126609 0.0684138 None
0 0.718244 0.830417 0.0146698 0.030604 None
0 0.56233 0.814109 0.0120973 0.0533678 None
0 0.843349 0.765587 0.00830536 0.0494714 None
0 0.781235 0.776527 0.00981236 0.0512349 None
0 0.764372 0.779716 0.00829506 0.0425541 None
0 0.831238 0.834593 0.0185486 0.0336316 None
0 0.750858 0.781747 0.00871029 0.0499035 None
0 0.692097 0.794726 0.00989704 0.0483877 None
0 0.736504 0.785185 0.00880184 0.0459273 None
0 0.704119 0.795321 0.00848675 0.0378805 None
0 0.953498 0.849303 0.0220451 0.0416114 None
0 0.772709 0.786065 0.00697727 0.0303331 None
0 0.801 0.774069 0.010355 0.051614 None
0 0.856183 0.830457 0.0143227 0.0327761 None
0 0.287639 0.723872 0.00663013 0.0182356 None
0 0.937964 0.728696 0.0080719 0.023495 None
0 0.670629 0.794486 0.00946627 0.0365743 None
0 0.795919 0.775042 0.00661144 0.047369 None
0 0.481651 0.858365 0.0278002 0.0209144 None
0 0.956896 0.848772 0.0154438 0.0403924 None
0 0.118648 0.983752 0.0373174 0.0259311 None
0 0.797681 0.775139 0.00876865 0.0493293 None
0 0.434023 0.914459 0.0239235 0.036417 None
0 0.853887 0.831009 0.0202765 0.0337219 None
0 0.065892 0.743153 0.00757198 0.0209727 None
0 0.35507 0.989139 0.0144433 0.0217224 None
0 0.198154 0.915396 0.0462338 0.0324005 None
0 0.0220754 0.938369 0.0441507 0.0291904 None
0 0.31604 0.709495 0.00638371 0.0187853 None
0 0.540566 0.84907 0.00723886 0.0273026 None
0 0.274369 0.730223 0.00609646 0.0160597 None
0 0.883711 0.980385 0.0445379 0.037992 None
0 0.89044 0.976234 0.0573114 0.0453935 None
0 0.902735 0.973567 0.0335789 0.0406808 None
0 0.913936 0.973094 0.0106293 0.0389794 None
0 0.0952199 0.994193 0.0457467 0.00813446 None
0 0.41307 0.772672 0.00933476 0.0307621 None
0 0.0058484 0.751357 0.0116105 0.0194414 None
0 0.577354 0.875698 0.0326909 0.014681 None
0 0.00289376 0.971134 0.00573149 0.0329251 None
0 0.495951 0.859272 0.0133311 0.017513 None
0 0.877122 0.679635 0.00686684 0.0196452 None
0 0.995917 0.811647 0.00775337 0.019792 None
0 0.673408 0.800903 0.0142744 0.0496948 None
0 0.853056 0.848393 0.0245869 0.00951725 None
0 0.104321 0.993583 0.0649168 0.00877448 None
0 0.920635 0.973726 0.0265556 0.0407581 None
0 0.114265 0.982848 0.0292732 0.0224603 None
0 0.676218 0.814294 0.0163747 0.0218631 None
0 0.741614 0.795114 0.00593939 0.0233005 None
0 0.00542597 0.971118 0.0107763 0.034687 None
0 0.413203 0.767246 0.00715885 0.0205573 None
0 0.412975 0.780629 0.00922108 0.0166066 None
0 0.414224 0.763198 0.00612755 0.0126728 None
0 0.669989 0.799082 0.0124619 0.0488488 None
0 0.1363 0.740113 0.00732152 0.00900031 None
0 0.765955 0.782017 0.0100574 0.039669 None
0 0.973973 0.763515 0.0197119 0.0265983 None
0 0.182086 0.736984 0.0122862 0.00763414 None
0 0.182009 0.736867 0.0125082 0.00795424 None
0 0.741472 0.787496 0.00686035 0.0400258 None
0 0.92177 0.755854 0.029373 0.00961897 None
0 0.674617 0.80549 0.0190235 0.0390238 None
0 0.703457 0.791373 0.0107492 0.0470289 None
0 0.926449 0.680915 0.00497818 0.0109982 None
0 0.739114 0.785049 0.0125538 0.0458203 None
0 0.800809 0.698653 0.00714779 0.0157798 None
0 0.773181 0.812818 0.00581894 0.014771 None
0 0.78213 0.696888 0.00564261 0.0147232 None
0 0.974212 0.769118 0.0195755 0.0159275 None
0 0.124222 0.984943 0.0304088 0.0237103 None
0 0.95366 0.675189 0.0053751 0.0145306 None
0 0.109151 0.981634 0.0188666 0.0221449 None
0 0.00933553 0.972179 0.0185195 0.0359356 None
0 0.896403 0.683279 0.00540009 0.0166589 None
0 0.769012 0.812495 0.0129198 0.0161377 None
0 0.815012 0.764767 0.00709057 0.0182716 None
0 0.139328 0.740585 0.0135097 0.0090761 None
0 0.909193 0.975803 0.0536819 0.0443249 None
0 0.131448 0.984332 0.0632043 0.0230199 None
0 0.779554 0.815722 0.00803719 0.0102002 None
0 0.85203 0.844921 0.021912 0.0123294 None
0 0.847893 0.833206 0.0313252 0.0350796 None
0 0.815011 0.765504 0.00533409 0.0168589 None
0 0.936183 0.866862 0.0115913 0.0160156 None
0 0.994871 0.81052 0.0098114 0.0228563 None
0 0.972228 0.752788 0.00701256 0.00809631 None
0 0.858621 0.846977 0.0359623 0.0146662 None
0 0.947266 0.859871 0.00974026 0.01871 None
0 0.947533 0.862855 0.0102495 0.0160556 None
0 0.995732 0.805578 0.00810528 0.0318278 None
0 0.521324 0.862997 0.0498085 0.00831536 None
0 0.862532 0.832698 0.030648 0.0375024 None
0 0.574288 0.874235 0.037003 0.0166714 None
0 0.760751 0.824241 0.0105078 0.0067827 None
0 0.00276289 0.964311 0.00548319 0.0470754 None
0 0.956395 0.666868 0.0103907 0.0154456 None
0 0.377071 0.758637 0.0119031 0.0144209 None
0 0.111541 0.985065 0.0326079 0.0216944 None
0 0.517565 0.732734 0.00933371 0.0115106 None
