0 0.48004 0.832851 0.0139087 0.0657288 15515
0 0.453481 0.833362 0.011746 0.0672838 15516
0 0.830202 0.834729 0.0175316 0.0333849 15517
0 0.795306 0.775519 0.00903397 0.0473294 15518
0 0.7188 0.830559 0.0144243 0.0311096 15519
0 0.436183 0.901349 0.0157497 0.0656911 15520
0 0.784726 0.778621 0.00844498 0.0416952 15521
0 0.0936349 0.898208 0.0128405 0.0621216 15522
0 0.897836 0.755997 0.00813713 0.0448281 15523
0 0.8859 0.758899 0.00838718 0.0402825 15524
0 0.745967 0.783657 0.0105841 0.0462831 15525
0 0.6987 0.79358 0.00947857 0.0463871 15526
0 0.757898 0.781385 0.00714378 0.0485324 15527
0 0.953416 0.848721 0.021874 0.0394009 15528
0 0.84258 0.765431 0.00894279 0.0474774 15529
0 0.514213 0.812229 0.010387 0.032589 15530
0 0.488403 0.779307 0.00852385 0.0219703 15531
0 0.855806 0.830888 0.0166084 0.0342004 15532
0 0.905721 0.972519 0.0408403 0.0417657 15533
0 0.35495 0.989416 0.0144629 0.0211602 15534
0 0.197817 0.915228 0.045549 0.0324931 15535
0 0.935494 0.751248 0.00802727 0.0439969 15536
0 0.465053 0.772738 0.00639591 0.0194746 15537
0 0.353 0.750058 0.00766096 0.0143005 15538
0 0.97385 0.762508 0.0191483 0.0283495 15539
0 0.675794 0.815667 0.0151295 0.0189002 15540
0 0.692489 0.794755 0.00824299 0.04375 15541
0 0.00576692 0.750137 0.00908469 0.0182661 15542
0 0.0709705 0.746297 0.0092021 0.0276398 15543
0 0.852286 0.832359 0.0244499 0.0376088 15544
0 0.57776 0.875502 0.0327246 0.0154778 15545
0 0.0220868 0.939034 0.0441276 0.0307539 15546
0 0.902939 0.679594 0.00642929 0.0205385 15547
0 0.791576 0.695113 0.00692444 0.0108587 15548
0 0.114548 0.981519 0.0301166 0.0229879 15549
0 0.0526578 0.753047 0.00499184 0.00856018 15550
0 0.996134 0.811027 0.00731468 0.0211941 15551
0 0.838478 0.766305 0.0056797 0.0437554 15552
0 0.893689 0.975169 0.0646606 0.0462251 15553
0 0.515056 0.796432 0.00744724 0.0181903 15554
0 0.320651 0.750259 0.00533032 0.0120226 15555
0 0.00577471 0.981265 0.0114786 0.0138774 15556
0 0.513977 0.804975 0.0110849 0.034985 15557
0 0.323188 0.710746 0.00576715 0.0185511 15558
0 0.953037 0.85483 0.0232122 0.032785 15559
0 0.848984 0.772305 0.00699387 0.0300676 15560
0 0.696702 0.794243 0.0117973 0.0471873 15561
0 0.10984 0.981014 0.02048 0.022551 15562
0 0.884422 0.684036 0.00667686 0.0126848 15563
0 0.92929 0.741488 0.00603752 0.0317651 15564
0 0.352637 0.751204 0.0099524 0.0151657 15565
0 0.884432 0.979311 0.0463635 0.0385746 15566
0 0.342851 0.733417 0.0106531 0.0124212 15567
0 0.530927 0.740946 0.0154472 0.00862088 15568
0 0.0662848 0.744991 0.00860326 0.0271576 15569
0 0.104813 0.983992 0.0516972 0.0272251 15570
0 0.0685139 0.74564 0.011881 0.0283278 15571
0 0.921793 0.972905 0.0268013 0.0424995 15572
0 0.847767 0.770603 0.00721436 0.0365006 15573
0 0.769131 0.811979 0.0120811 0.0151421 15574
0 0.772711 0.812448 0.00816231 0.0145487 15575
0 0.526031 0.740705 0.0055584 0.0093143 15576
0 0.767718 0.812485 0.00883617 0.0138713 15577
0 0.0100109 0.881043 0.0198659 0.0170451 15578
0 0.161045 0.737784 0.00531726 0.00924411 15579
0 0.917392 0.97102 0.0157732 0.0398846 15580
0 0.773742 0.812365 0.0203537 0.0164608 15581
0 0.93699 0.867033 0.0132053 0.0161407 15582
0 0.540549 0.849351 0.00705528 0.0270937 15583
0 0.931336 0.744376 0.00799255 0.0340973 15584
0 0.872523 0.845965 0.014716 0.0156603 15585
0 0.318866 0.712461 0.0148456 0.0231128 15586
0 0.350547 0.758731 0.0249112 0.00920105 15587
0 0.466062 0.782453 0.0214749 0.0107574 15588
0 0.101866 0.99392 0.0593318 0.00934448 15589
0 0.948729 0.850797 0.0262745 0.04476 15590
0 0.00432526 0.75632 0.00862221 0.0113993 15591
0 0.344226 0.733227 0.0148884 0.0133119 15592
0 0.431408 0.895725 0.00873871 0.0540853 15593
0 0.34889 0.751725 0.0115193 0.0110938 15594
0 0.00928513 0.9811 0.0184408 0.0152544 15595
0 0.779225 0.814127 0.00865402 0.0126858 15596
0 0.949007 0.865101 0.0367725 0.0194407 15597
0 0.198577 0.730928 0.00926228 0.00730693 15598
0 0.118958 0.983934 0.0384361 0.0239444 15599
0 0.586243 0.907293 0.0426432 0.0232863 15600
0 0.691751 0.795036 0.0113739 0.0476262 15601
0 0.00723028 0.97921 0.0143296 0.0179454 15602
0 0.00553119 0.753293 0.0109235 0.0177653 15603
0 0.0965338 0.9939 0.0481478 0.00783658 15604
0 0.565651 0.837537 0.00695648 0.0109773 15605
0 0.793649 0.695423 0.0117416 0.0113739 15606
0 0.0529869 0.753515 0.00798371 0.00919325 15607
0 0.979324 0.648978 0.00657864 0.017304 15608
0 0.586456 0.909534 0.0421625 0.0190277 15609
0 0.863365 0.833342 0.0335079 0.0398015 15610
0 0.85218 0.839185 0.0253468 0.0258848 15611
0 0.120511 0.9855 0.0198183 0.0235118 15612
0 0.952053 0.663447 0.00529709 0.0071696 15613
0 0.843689 0.832405 0.041787 0.03919 15614
0 0.891906 0.757259 0.0201874 0.0447374 15615
0 0.524455 0.740578 0.00591764 0.00942247 15616
0 0.994816 0.810744 0.00991707 0.0230113 15617
0 0.946815 0.852785 0.0355089 0.0442074 15618
0 0.837377 0.766619 0.00724926 0.0399102 15619
0 0.282726 0.737026 0.0100456 0.00994975 15620
0 0.319256 0.75112 0.00873613 0.0117781 15621
0 0.979934 0.652847 0.00923691 0.0238858 15622
0 0.593737 0.914284 0.0273635 0.00877109 15623
0 0.956525 0.86861 0.0277018 0.0104624 15624
