0 0.453496 0.833914 0.0132252 0.0666912 None
0 0.424151 0.894879 0.015818 0.0815976 None
0 0.480343 0.832821 0.0129045 0.0646184 None
0 0.79113 0.776375 0.00821247 0.0476125 None
0 0.830188 0.834651 0.0172897 0.0338403 None
0 0.700232 0.794585 0.00965977 0.0421434 None
0 0.953136 0.744106 0.00931435 0.0434977 None
0 0.798117 0.776272 0.00902615 0.0425246 None
0 0.686262 0.796813 0.00974665 0.0418393 None
0 0.767916 0.779724 0.00912161 0.0498739 None
0 0.144113 0.884983 0.0146552 0.0582325 None
0 0.509432 0.808538 0.00769577 0.0330963 None
0 0.754861 0.782959 0.00878506 0.0465146 None
0 0.71859 0.830127 0.0131773 0.0319251 None
0 0.895519 0.975592 0.0662273 0.0456095 None
0 0.503008 0.777758 0.00781546 0.0200165 None
0 0.8554 0.83128 0.0161682 0.0340859 None
0 0.953583 0.848407 0.0220699 0.0380503 None
0 0.198652 0.91591 0.0459976 0.0319312 None
0 0.479452 0.780871 0.00732651 0.0194797 None
0 0.917623 0.751351 0.00888748 0.0483617 None
0 0.0221452 0.938531 0.0442651 0.0294381 None
0 0.935175 0.727875 0.00536461 0.0211558 None
0 0.0077158 0.750334 0.00740658 0.0175159 None
0 0.994905 0.734969 0.00978756 0.0456446 None
0 0.788545 0.699644 0.00622864 0.0189488 None
0 0.845654 0.768654 0.00852623 0.0406477 None
0 0.116723 0.983585 0.033539 0.0266673 None
0 0.852404 0.832114 0.0218737 0.0362105 None
0 0.977906 0.67676 0.00438309 0.0175175 None
0 0.355268 0.989051 0.0139751 0.0218974 None
0 0.676426 0.815469 0.0161997 0.0187573 None
0 0.327647 0.711558 0.00585709 0.0160512 None
0 0.577551 0.874844 0.0332909 0.0158447 None
0 0.00689654 0.750723 0.0101834 0.0188151 None
0 0.00620966 0.981269 0.0123364 0.0146847 None
0 0.995809 0.813291 0.00796585 0.0171689 None
0 0.952215 0.859325 0.0200958 0.0250509 None
0 0.981048 0.654905 0.00793915 0.0235014 None
0 0.988618 0.678349 0.00649605 0.0126527 None
0 0.29145 0.734062 0.00966339 0.00991584 None
0 0.0558286 0.752319 0.00354252 0.00842353 None
0 0.843206 0.767987 0.00719566 0.0417792 None
0 0.866555 0.767198 0.00519867 0.0252096 None
0 0.308824 0.753865 0.00939989 0.0172421 None
0 0.989341 0.679264 0.00898285 0.0123944 None
0 0.765638 0.700093 0.0061245 0.0212935 None
0 0.884221 0.979414 0.0442823 0.0377626 None
0 0.976819 0.73951 0.0101368 0.0303282 None
0 0.529849 0.741039 0.0046731 0.00979716 None
0 0.094727 0.994295 0.0455076 0.00842607 None
0 0.31085 0.754769 0.0122326 0.0163625 None
0 0.109669 0.98158 0.0197386 0.0237232 None
0 0.712661 0.830473 0.0263638 0.033373 None
0 0.917891 0.730792 0.0109623 0.0148851 None
0 0.921853 0.973425 0.028194 0.0413598 None
0 0.904213 0.673345 0.00581341 0.0101265 None
0 0.0710244 0.75351 0.00505292 0.0105828 None
0 0.13165 0.983429 0.0633014 0.0261156 None
0 0.142263 0.881817 0.0112093 0.0518509 None
0 0.85132 0.845397 0.0219845 0.0132779 None
0 0.856933 0.765081 0.0075201 0.0293694 None
0 0.103682 0.984049 0.0626856 0.0278395 None
0 0.924203 0.681217 0.00587578 0.0104482 None
0 0.855659 0.767792 0.00804062 0.0313453 None
0 0.122583 0.984626 0.0347303 0.0243781 None
0 0.91361 0.973985 0.0364212 0.0417915 None
0 0.297566 0.737275 0.0229 0.0073371 None
0 0.917782 0.972631 0.0188198 0.0396442 None
0 0.974646 0.762722 0.0186138 0.0274246 None
0 0.535921 0.741741 0.0163584 0.0099172 None
0 0.577477 0.870323 0.0339012 0.0252045 None
0 0.914545 0.719673 0.0620472 0.0175088 None
0 0.973483 0.752267 0.00779686 0.00909949 None
0 0.0706092 0.754813 0.0052501 0.00866581 None
0 0.853982 0.765098 0.00947914 0.0289846 None
0 0.86302 0.833055 0.0346413 0.0390306 None
0 0.97479 0.77013 0.0186035 0.0130015 None
0 0.90529 0.677203 0.00797577 0.0175922 None
0 0.00912504 0.98116 0.0181307 0.0159653 None
0 0.956737 0.850624 0.0260851 0.0402968 None
0 0.507764 0.809544 0.011327 0.0349542 None
0 0.590641 0.90938 0.0585436 0.0211758 None
0 0.588776 0.912615 0.054412 0.0144755 None
0 0.854604 0.843667 0.0503574 0.0217183 None
0 0.880822 0.983377 0.0376274 0.0305922 None
0 0.488394 0.862686 0.0295354 0.0110419 None
0 0.772735 0.812566 0.00958881 0.0146244 None
0 0.91901 0.729301 0.00975418 0.0120941 None
0 0.0549494 0.752352 0.00472422 0.00768975 None
0 0.872324 0.845489 0.0144754 0.0153253 None
0 0.590946 0.907343 0.0593353 0.0246023 None
0 0.679214 0.803212 0.02253 0.0438222 None
0 0.843241 0.845433 0.0445339 0.0160712 None
0 0.951379 0.862746 0.0191866 0.0211341 None
0 0.850807 0.843884 0.0200668 0.013108 None
0 0.842376 0.833072 0.0422218 0.0383335 None
0 0.995377 0.80848 0.00876389 0.0282357 None
0 0.200449 0.737298 0.0132375 0.0079522 None
0 0.936584 0.867087 0.012439 0.0155679 None
0 0.158923 0.742021 0.0112896 0.00815972 None
0 0.959362 0.848652 0.0153954 0.0369425 None
0 0.935952 0.866807 0.0113937 0.0158074 None
0 0.86673 0.769914 0.00759506 0.0316118 None
0 0.972817 0.668834 0.00413704 0.0096583 None
0 0.953739 0.85991 0.0284767 0.0271201 None
