0 0.502373 0.825874 0.0114497 0.0588184 None
0 0.452374 0.834178 0.0128752 0.0662852 None
0 0.655159 0.79809 0.00983086 0.0548004 None
0 0.567818 0.81639 0.0117527 0.0477902 None
0 0.830834 0.834921 0.0177341 0.0330733 None
0 0.796167 0.775907 0.00892973 0.0476842 None
0 0.842409 0.766625 0.00815926 0.0456028 None
0 0.95357 0.850777 0.0218203 0.0408044 None
0 0.939911 0.726331 0.00724487 0.0197147 None
0 0.718414 0.830054 0.0140057 0.0317959 None
0 0.712902 0.788511 0.00887108 0.0484114 None
0 0.747609 0.783958 0.00936394 0.0470567 None
0 0.981865 0.740374 0.00804539 0.0354526 None
0 0.114635 0.982421 0.0334824 0.0275882 None
0 0.0221128 0.937853 0.0442257 0.0285841 None
0 0.690232 0.792714 0.0126295 0.0513726 None
0 0.890466 0.975425 0.0584875 0.0466551 None
0 0.433848 0.91439 0.024217 0.0361988 None
0 0.0141931 0.748683 0.0102993 0.0169366 None
0 0.271752 0.72345 0.00702391 0.0153503 None
0 0.701093 0.792426 0.00771542 0.0465376 None
0 0.314164 0.714276 0.00631008 0.018335 None
0 0.706791 0.790886 0.00754242 0.0460754 None
0 0.854722 0.82972 0.0168829 0.0340542 None
0 0.291005 0.72159 0.00673828 0.017582 None
0 0.0647789 0.73837 0.00902233 0.0261517 None
0 0.00561578 0.979658 0.0111604 0.0185479 None
0 0.844807 0.69802 0.00599213 0.0199934 None
0 0.902761 0.972371 0.0354195 0.0406818 None
0 0.354975 0.989112 0.0151657 0.0217756 None
0 0.475799 0.857622 0.0184435 0.0227441 None
0 0.0952763 0.99419 0.0460352 0.00795525 None
0 0.198509 0.915785 0.0449416 0.0312988 None
0 0.424133 0.761428 0.0212174 0.0123133 None
0 0.106472 0.982862 0.0496299 0.0289083 None
0 0.415623 0.760763 0.00528345 0.011753 None
0 0.687354 0.791759 0.00836887 0.05285 None
0 0.391045 0.815969 0.0170211 0.0540526 None
0 0.910633 0.973349 0.0492764 0.0427324 None
0 0.973103 0.762758 0.015708 0.0279368 None
0 0.371663 0.773153 0.0126423 0.0148536 None
0 0.883341 0.98473 0.0444035 0.0290237 None
0 0.676573 0.815005 0.0166929 0.0187615 None
0 0.480613 0.857519 0.0287238 0.0229784 None
0 0.973773 0.753402 0.00545921 0.00948317 None
0 0.440972 0.917597 0.0101692 0.0276876 None
0 0.781126 0.771016 0.0282043 0.0119653 None
0 0.715727 0.830515 0.0202654 0.0323146 None
0 0.929074 0.681782 0.00547695 0.0149617 None
0 0.495648 0.728236 0.00757027 0.0108982 None
0 0.982519 0.664292 0.00348816 0.0155091 None
0 0.577196 0.875124 0.0333397 0.0135783 None
0 0.974595 0.768651 0.0181965 0.0156247 None
0 0.699461 0.793319 0.0107361 0.0452362 None
0 0.973676 0.672292 0.00548973 0.0172601 None
0 0.852514 0.849001 0.0258816 0.00918969 None
0 0.99643 0.815354 0.00672245 0.0110263 None
0 0.996298 0.810385 0.00699635 0.0212265 None
0 0.826852 0.812332 0.0220078 0.0126485 None
0 0.135201 0.741157 0.00683403 0.00800408 None
0 0.146679 0.740493 0.00480585 0.0069614 None
0 0.160095 0.727928 0.00796032 0.0113156 None
0 0.805353 0.771064 0.00724945 0.00828213 None
0 0.895839 0.67402 0.00716648 0.0110233 None
0 0.390943 0.83124 0.0174003 0.0857461 None
0 0.947028 0.678311 0.00548172 0.013225 None
0 0.140051 0.740373 0.0183245 0.00884705 None
0 0.974942 0.770892 0.0173517 0.0109585 None
0 0.577463 0.875646 0.0332556 0.0133825 None
0 0.268802 0.728834 0.0126081 0.00770569 None
0 0.493976 0.728217 0.0113878 0.0122616 None
0 0.0793649 0.748095 0.00472232 0.00778266 None
0 0.958169 0.850872 0.0131405 0.0361003 None
0 0.731858 0.785187 0.0265282 0.0129005 None
0 0.773901 0.81356 0.0225586 0.0180671 None
0 0.913873 0.971279 0.0105389 0.0388156 None
0 0.0664536 0.739966 0.0125239 0.0278439 None
0 0.858768 0.691643 0.00318336 0.00747969 None
0 0.997908 0.671918 0.00373917 0.0111381 None
0 0.137576 0.741597 0.025275 0.00986498 None
0 0.920227 0.973335 0.0316956 0.0419295 None
0 0.249064 0.870445 0.0699879 0.0303741 None
0 0.947248 0.852987 0.0342068 0.0435391 None
0 0.943726 0.736378 0.0182808 0.00757938 None
0 0.588358 0.913441 0.0403848 0.0110131 None
0 0.0661818 0.751517 0.0117177 0.0104714 None
0 0.965503 0.659016 0.00449486 0.0148492 None
0 0.807079 0.77074 0.0106049 0.00797594 None
0 0.487688 0.857575 0.0260778 0.021936 None
0 0.970775 0.682667 0.00676804 0.0119438 None
0 0.990776 0.755742 0.0177425 0.00643684 None
0 0.00925953 0.980076 0.0182372 0.0202728 None
0 0.935913 0.86709 0.0116755 0.0149958 None
0 0.585419 0.912724 0.0468961 0.0136773 None
0 0.770737 0.812912 0.0160721 0.0169284 None
0 0.837381 0.835408 0.0310268 0.0339274 None
0 0.290841 0.723979 0.00818186 0.0210286 None
0 0.843696 0.847274 0.044475 0.0130836 None
0 0.424722 0.92325 0.019195 0.0205059 None
0 0.577443 0.87852 0.0337944 0.0138394 None
0 0.952535 0.863041 0.0185993 0.0181919 None
0 0.925528 0.983719 0.0189693 0.0189702 None
0 0.541152 0.848786 0.00691376 0.026967 None
0 0.871781 0.845304 0.0133038 0.0155745 None
