0 0.480956 0.831917 0.0133682 0.0648326 4452
0 0.452961 0.833958 0.0126312 0.0676958 4453
0 0.787778 0.776977 0.0109396 0.0474616 4454
0 0.810043 0.775411 0.00842476 0.0448171 4455
0 0.698217 0.792943 0.00952702 0.0512488 4456
0 0.985138 0.73827 0.0104374 0.0481962 4457
0 0.775601 0.778785 0.0117826 0.0475715 4458
0 0.679941 0.793069 0.00874519 0.0392122 4459
0 0.953456 0.849417 0.0224644 0.0420956 4460
0 0.842797 0.765522 0.0104082 0.0469411 4461
0 0.189984 0.874598 0.00964332 0.0529005 4462
0 0.861852 0.762678 0.00856056 0.0394865 4463
0 0.936381 0.74771 0.00918045 0.0467784 4464
0 0.717195 0.830328 0.0145912 0.0312917 4465
0 0.829404 0.76946 0.0100769 0.043924 4466
0 0.765104 0.697278 0.00644112 0.0170846 4467
0 0.830353 0.834459 0.018132 0.0330404 4468
0 0.511872 0.778718 0.0104525 0.0242752 4469
0 0.485207 0.768371 0.0089468 0.025273 4470
0 0.855602 0.830839 0.0159393 0.0331455 4471
0 0.115093 0.983789 0.0312396 0.021578 4472
0 0.783669 0.698055 0.00675221 0.0176666 4473
0 0.00814997 0.749559 0.00911733 0.0182973 4474
0 0.354928 0.989209 0.0148615 0.021583 4475
0 0.907099 0.973308 0.0433113 0.0403008 4476
0 0.853226 0.831783 0.0217855 0.03471 4477
0 0.995632 0.813672 0.00831451 0.0182068 4478
0 0.300187 0.75437 0.00957451 0.0187659 4479
0 0.883522 0.980086 0.0450626 0.0377401 4480
0 0.966689 0.740682 0.00978298 0.0456967 4481
0 0.895369 0.976141 0.0684074 0.0449114 4482
0 0.909666 0.741967 0.00854073 0.0203245 4483
0 0.329616 0.712558 0.00638237 0.020262 4484
0 0.497483 0.809028 0.00747414 0.0313941 4485
0 0.00597736 0.98154 0.0118739 0.0138743 4486
0 0.199233 0.916113 0.0456358 0.0312342 4487
0 0.92147 0.973491 0.0255428 0.0407037 4488
0 0.495065 0.8056 0.0121223 0.0385152 4489
0 0.540585 0.849367 0.00686359 0.0259352 4490
0 0.108239 0.984961 0.048066 0.0244587 4491
0 0.0956504 0.994245 0.0464135 0.00805528 4492
0 0.917592 0.97275 0.018821 0.039209 4493
0 0.424376 0.913763 0.0198145 0.0428197 4494
0 0.022108 0.938917 0.044216 0.0306386 4495
0 0.391361 0.813132 0.0169842 0.0473663 4496
0 0.881047 0.984771 0.0399914 0.0288266 4497
0 0.364917 0.729015 0.00660262 0.0122019 4498
0 0.295805 0.734876 0.0122456 0.00909051 4499
0 0.947886 0.851298 0.0330456 0.0452264 4500
0 0.833506 0.834466 0.0190853 0.0340171 4501
0 0.987701 0.672142 0.00538902 0.016482 4502
0 0.10255 0.990135 0.0598862 0.015322 4503
0 0.577614 0.875815 0.0327138 0.0145021 4504
0 0.191818 0.875007 0.0134876 0.0544851 4505
0 0.87427 0.672732 0.00742683 0.0104774 4506
0 0.957961 0.849561 0.0135635 0.0356349 4507
0 0.0587576 0.750924 0.00480198 0.00880619 4508
0 0.713657 0.831509 0.0215075 0.0332879 4509
0 0.676018 0.816359 0.0171827 0.020518 4510
0 0.422388 0.923054 0.0110775 0.0244956 4511
0 0.884424 0.762451 0.00640392 0.0213884 4512
0 0.964452 0.743155 0.013921 0.0474152 4513
0 0.874445 0.678219 0.00833931 0.0223379 4514
0 0.95244 0.861474 0.0240801 0.0215924 4515
0 0.910389 0.683176 0.00506935 0.0127385 4516
0 0.952767 0.661406 0.00428276 0.00927497 4517
0 0.909572 0.744749 0.00934372 0.0268075 4518
0 0.96652 0.744386 0.0150833 0.0542906 4519
0 0.974194 0.764836 0.0187265 0.0237488 4520
0 0.840965 0.765031 0.00889473 0.0389258 4521
0 0.972685 0.751622 0.00491314 0.00920088 4522
0 0.900224 0.974568 0.029467 0.0352712 4523
0 0.20209 0.730036 0.0115453 0.0100947 4524
0 0.841659 0.83461 0.0446053 0.0369151 4525
0 0.00605122 0.978603 0.0119915 0.019091 4526
0 0.319759 0.717349 0.0237945 0.0111094 4527
0 0.995364 0.808683 0.00879612 0.0287391 4528
0 0.783954 0.700714 0.00743151 0.0235447 4529
0 0.979898 0.64957 0.00710335 0.0153882 4530
0 0.124291 0.986591 0.0293904 0.0198598 4531
0 0.119584 0.982984 0.040967 0.0253465 4532
0 0.486339 0.771007 0.0109756 0.027723 4533
0 0.298295 0.754551 0.0138854 0.0201497 4534
0 0.98194 0.651052 0.00729408 0.016264 4535
0 0.863667 0.763295 0.0124561 0.0405053 4536
0 0.987559 0.671381 0.00812607 0.0175212 4537
0 0.873956 0.985124 0.0255795 0.0269758 4538
0 0.948534 0.865154 0.0366619 0.0188768 4539
