0 0.536677 0.820214 0.0123407 0.0539485 None
0 0.60451 0.809078 0.0104872 0.0486159 None
0 0.830746 0.834692 0.0175472 0.0335317 None
0 0.452497 0.834553 0.0122803 0.0663308 None
0 0.953742 0.849896 0.021917 0.0424055 None
0 0.693047 0.795026 0.0108561 0.04826 None
0 0.746779 0.781834 0.00781822 0.0491336 None
0 0.842749 0.766246 0.00835609 0.0446674 None
0 0.797035 0.775831 0.00728226 0.0484339 None
0 0.734755 0.782748 0.0121699 0.0539541 None
0 0.475556 0.854212 0.0164096 0.0298823 None
0 0.706473 0.787832 0.0113611 0.0500392 None
0 0.724542 0.788496 0.00892677 0.044401 None
0 0.939517 0.728971 0.00707283 0.0211219 None
0 0.973541 0.762021 0.0172054 0.0278846 None
0 0.198096 0.915706 0.0454452 0.0309428 None
0 0.718033 0.830836 0.0132984 0.0305651 None
0 0.288564 0.726925 0.00555 0.0215688 None
0 0.271353 0.731544 0.0064455 0.0174537 None
0 0.00741992 0.748291 0.00866211 0.0170844 None
0 0.856662 0.829727 0.0140789 0.0333394 None
0 0.0608208 0.736785 0.00461781 0.0170241 None
0 0.0221803 0.938703 0.0443466 0.0293816 None
0 0.114693 0.981634 0.0307911 0.0267646 None
0 0.904631 0.97229 0.0366934 0.0411689 None
0 0.354633 0.989169 0.0153147 0.0216627 None
0 0.43375 0.914219 0.0249924 0.0374559 None
0 0.509567 0.731425 0.00705395 0.0135969 None
0 0.883376 0.984929 0.0435535 0.0290378 None
0 0.313415 0.710323 0.00566583 0.0160156 None
0 0.712126 0.831422 0.025705 0.0315823 None
0 0.4024 0.764953 0.00801563 0.0164463 None
0 0.393447 0.775081 0.00561581 0.01704 None
0 0.922063 0.972645 0.0268684 0.0414425 None
0 0.676499 0.815151 0.016543 0.019015 None
0 0.853533 0.830648 0.0218815 0.0353865 None
0 0.434362 0.760347 0.00596027 0.00998417 None
0 0.996167 0.811503 0.00725288 0.0206379 None
0 0.576982 0.875824 0.0338532 0.0138097 None
0 0.0613715 0.742796 0.00649706 0.0288425 None
0 0.391082 0.832892 0.0183064 0.0877191 None
0 0.440116 0.917495 0.0115314 0.0284637 None
0 0.0642323 0.749797 0.00680156 0.0152751 None
0 0.895104 0.975859 0.0666958 0.045627 None
0 0.00682748 0.980612 0.0135741 0.0159821 None
0 0.0726907 0.748424 0.00600987 0.0102485 None
0 0.103085 0.983016 0.0620902 0.0296409 None
0 0.103167 0.993773 0.0628909 0.00930311 None
0 0.914595 0.971531 0.0105845 0.0407349 None
0 0.392782 0.776038 0.00780182 0.0188714 None
0 0.393939 0.774579 0.00912304 0.0171221 None
0 0.872618 0.845555 0.0150551 0.0150901 None
0 0.852813 0.847247 0.0257652 0.0121931 None
0 0.958482 0.8501 0.0127384 0.0372949 None
0 0.771318 0.812564 0.0112671 0.0148916 None
0 0.433961 0.75988 0.00770817 0.0117778 None
0 0.736617 0.782817 0.00910893 0.0511836 None
0 0.140831 0.739354 0.00437999 0.00834029 None
0 0.435458 0.908307 0.0260813 0.0487044 None
0 0.312391 0.71037 0.00763016 0.0174944 None
0 0.0622662 0.743366 0.00978599 0.0276415 None
0 0.130676 0.737866 0.00494862 0.0113539 None
0 0.89112 0.672721 0.0048481 0.00789286 None
0 0.860304 0.795028 0.00774803 0.0128486 None
0 0.402486 0.763869 0.00975838 0.0201114 None
0 0.00933845 0.980771 0.0185315 0.0171948 None
0 0.970281 0.653285 0.00670319 0.0192804 None
0 0.429394 0.913591 0.0339552 0.0400084 None
0 0.0585322 0.737423 0.0113085 0.0185762 None
0 0.864166 0.833418 0.0323616 0.0393504 None
0 0.870186 0.845277 0.0187775 0.0162777 None
0 0.0100048 0.757878 0.0183991 0.0109594 None
0 0.394507 0.820062 0.0238166 0.112239 None
0 0.911142 0.975173 0.0494186 0.0450502 None
0 0.156881 0.734329 0.0131705 0.00907796 None
0 0.397004 0.777598 0.0248323 0.0165729 None
0 0.952042 0.862259 0.0183231 0.0194712 None
0 0.480139 0.854509 0.0260638 0.0294835 None
0 0.120546 0.983161 0.0422651 0.0282596 None
0 0.85708 0.795519 0.0183411 0.0128454 None
0 0.859886 0.846192 0.0410107 0.0165809 None
0 0.575408 0.881669 0.0310821 0.00638869 None
0 0.134725 0.738747 0.0152349 0.0107327 None
0 0.85755 0.833447 0.04592 0.0413115 None
0 0.775534 0.812851 0.0154093 0.0164095 None
0 0.391013 0.811766 0.0177814 0.0429903 None
0 0.44066 0.91056 0.0174915 0.0423331 None
0 0.577252 0.873032 0.0340528 0.0199446 None
0 0.890293 0.984943 0.032159 0.0270393 None
0 0.287405 0.726872 0.00763116 0.0222795 None
0 0.895409 0.973727 0.0207359 0.0283145 None
0 0.778582 0.814983 0.00998812 0.0123739 None
0 0.843119 0.83512 0.0428154 0.0344788 None
0 0.936013 0.866708 0.0118389 0.0147834 None
0 0.592869 0.913076 0.0576271 0.0137956 None
0 0.996232 0.803428 0.00709953 0.0371808 None
0 0.590699 0.910671 0.0584406 0.0179932 None
