0 0.479794 0.83304 0.0151073 0.0658515 None
0 0.453602 0.833415 0.0116856 0.0672309 None
0 0.436119 0.898449 0.0155928 0.0709673 None
0 0.830166 0.834749 0.0175762 0.0333976 None
0 0.718703 0.829797 0.0147545 0.0326933 None
0 0.899113 0.755415 0.00884857 0.0469411 None
0 0.785224 0.779126 0.00842171 0.0416038 None
0 0.795712 0.775931 0.00854549 0.0467304 None
0 0.0967612 0.897842 0.0161977 0.0632517 None
0 0.514587 0.807305 0.0118155 0.0385006 None
0 0.698396 0.794117 0.00920362 0.0454854 None
0 0.953425 0.848702 0.0218817 0.0393911 None
0 0.758996 0.78325 0.00674629 0.0458923 None
0 0.88359 0.760309 0.00803299 0.041473 None
0 0.936614 0.749338 0.00817432 0.0474942 None
0 0.843096 0.765472 0.00852165 0.0471749 None
0 0.855833 0.830896 0.0166595 0.0342884 None
0 0.973748 0.76251 0.0192049 0.0285122 None
0 0.905774 0.972349 0.0409489 0.0418501 None
0 0.489977 0.781493 0.00905514 0.026275 None
0 0.350339 0.750385 0.00692453 0.0150804 None
0 0.996731 0.738524 0.00611038 0.0340295 None
0 0.692295 0.795127 0.00734158 0.0428709 None
0 0.355056 0.989432 0.0143157 0.0211363 None
0 0.0711334 0.746864 0.00893855 0.0264414 None
0 0.00647575 0.749687 0.00772842 0.0185059 None
0 0.838342 0.766426 0.00611725 0.0394372 None
0 0.791327 0.694585 0.00761442 0.0118935 None
0 0.465478 0.772994 0.00705166 0.0214015 None
0 0.852244 0.832363 0.024568 0.037755 None
0 0.197905 0.914955 0.0460798 0.0331809 None
0 0.928566 0.740704 0.00672722 0.030456 None
0 0.577746 0.875455 0.0327648 0.0155772 None
0 0.839757 0.767057 0.00664864 0.0425822 None
0 0.675862 0.815602 0.0155594 0.0189972 None
0 0.903075 0.679004 0.00628662 0.0221205 None
0 0.052448 0.752804 0.00518021 0.00901235 None
0 0.0697494 0.746054 0.00854697 0.0280606 None
0 0.0220984 0.938935 0.0441488 0.0307846 None
0 0.114576 0.981551 0.0299354 0.0230937 None
0 0.996126 0.811035 0.00733223 0.0212711 None
0 0.0942418 0.897987 0.0113852 0.0633684 None
0 0.893643 0.97493 0.0643398 0.0463311 None
0 0.746525 0.783795 0.00995159 0.0465629 None
0 0.318402 0.750764 0.0116338 0.0123237 None
0 0.679187 0.815671 0.0221054 0.0194736 None
0 0.884428 0.684233 0.00643578 0.0124523 None
0 0.00597719 0.981219 0.0118699 0.0140527 None
0 0.747201 0.78844 0.00915346 0.0373488 None
0 0.53136 0.741544 0.014279 0.00910712 None
0 0.951433 0.854878 0.0187634 0.0306502 None
0 0.109775 0.980999 0.0202504 0.022526 None
0 0.884117 0.979207 0.045583 0.0384274 None
0 0.323644 0.710986 0.00611215 0.0184404 None
0 0.76985 0.812097 0.0134325 0.0158057 None
0 0.00773954 0.758047 0.0152321 0.00975732 None
0 0.979476 0.651085 0.00659866 0.0215689 None
0 0.104476 0.983991 0.0521009 0.0272244 None
0 0.774057 0.812327 0.0198146 0.017275 None
0 0.772204 0.812087 0.0119496 0.0154728 None
0 0.92179 0.973068 0.0268307 0.042313 None
0 0.914304 0.973494 0.041497 0.0428467 None
0 0.19832 0.731463 0.00854032 0.00843421 None
0 0.872505 0.84597 0.0147835 0.0157364 None
0 0.917394 0.970911 0.0155994 0.0395996 None
0 0.28321 0.736618 0.00925827 0.0125366 None
0 0.745385 0.773496 0.00735807 0.0271862 None
0 0.948749 0.85079 0.0268566 0.0447796 None
0 0.767485 0.697346 0.0062871 0.0155719 None
0 0.540903 0.84924 0.00748444 0.0267639 None
0 0.489859 0.787113 0.0104922 0.0374993 None
0 0.779203 0.814439 0.00871515 0.0129293 None
0 0.936923 0.867022 0.0130672 0.0161428 None
0 0.00927468 0.981084 0.0184147 0.0155463 None
0 0.980143 0.652699 0.00832939 0.0234867 None
0 0.540537 0.845372 0.00630655 0.0191396 None
0 0.787082 0.778587 0.0120495 0.0433675 None
0 0.100502 0.993872 0.0563047 0.00882958 None
0 0.00542472 0.756472 0.0107756 0.0116597 None
0 0.00731917 0.979128 0.0145044 0.0182259 None
0 0.00975356 0.758796 0.0195071 0.0093394 None
0 0.690592 0.79622 0.0102931 0.0480743 None
0 0.283172 0.734728 0.0092206 0.00896607 None
0 0.586505 0.907278 0.042136 0.0232415 None
0 0.948865 0.864697 0.0362385 0.0200287 None
0 0.850566 0.773187 0.00682487 0.0300975 None
0 0.948241 0.866373 0.036466 0.0168996 None
0 0.11873 0.983956 0.0377996 0.0239875 None
0 0.995933 0.754269 0.00760365 0.00655908 None
0 0.586762 0.908652 0.0415747 0.020745 None
0 0.0528948 0.753492 0.00853481 0.00927022 None
0 0.120183 0.985164 0.0203744 0.024193 None
0 0.792515 0.694758 0.0105427 0.0125555 None
0 0.863833 0.833359 0.0325928 0.0398841 None
0 0.792168 0.776979 0.0153451 0.0452318 None
0 0.468223 0.776902 0.0135254 0.0238319 None
0 0.56571 0.83792 0.00695677 0.0107941 None
0 0.844075 0.83235 0.0411169 0.0392999 None
0 0.95241 0.663618 0.00613079 0.00709729 None
0 0.761383 0.782334 0.0114512 0.0482854 None
0 0.994815 0.810746 0.00991879 0.0230855 None
0 0.924589 0.678764 0.00667229 0.0115224 None
0 0.0733225 0.742729 0.016223 0.0185961 None
0 0.913785 0.725797 0.0256952 0.00918172 None
0 0.0699204 0.747605 0.0128369 0.0299603 None
0 0.594061 0.914272 0.0266491 0.00875821 None
0 0.990911 0.759338 0.0177273 0.00854255 None
0 0.880797 0.985055 0.0400229 0.0288011 None
0 0.997097 0.731643 0.00541267 0.046836 None
