0 0.452795 0.833365 0.012931 0.0675605 40423
0 0.842452 0.76571 0.0112762 0.0482929 40424
0 0.740157 0.784857 0.00857258 0.0461748 40425
0 0.718559 0.829915 0.0143744 0.0319894 40426
0 0.830573 0.834854 0.0176147 0.0336989 40427
0 0.755713 0.780964 0.00748634 0.0488349 40428
0 0.718327 0.789476 0.00932255 0.0439667 40429
0 0.82261 0.770395 0.00988216 0.0469547 40430
0 0.473304 0.855293 0.0192767 0.0305718 40431
0 0.702519 0.790777 0.0100464 0.0478516 40432
0 0.796657 0.775548 0.00892973 0.0492199 40433
0 0.551161 0.812683 0.0108747 0.0448981 40434
0 0.811123 0.781179 0.00635929 0.0315998 40435
0 0.434694 0.914229 0.0223125 0.0375261 40436
0 0.789085 0.777634 0.00718918 0.0439809 40437
0 0.953368 0.849612 0.0223526 0.0415707 40438
0 0.855904 0.832032 0.015546 0.0317573 40439
0 0.777856 0.700142 0.00614548 0.0206999 40440
0 0.11535 0.983242 0.0310408 0.0259445 40441
0 0.694552 0.793712 0.00753527 0.0452918 40442
0 0.974519 0.76349 0.0183697 0.0250566 40443
0 0.690958 0.794102 0.00658665 0.044223 40444
0 0.00718801 0.75232 0.0105954 0.0188867 40445
0 0.31845 0.713906 0.00542598 0.0171868 40446
0 0.692985 0.793584 0.0102713 0.0453737 40447
0 0.27677 0.726787 0.0055088 0.0147552 40448
0 0.956341 0.848179 0.0165026 0.0390873 40449
0 0.883273 0.985437 0.0450058 0.0273185 40450
0 0.198689 0.915378 0.0454061 0.03239 40451
0 0.355432 0.989249 0.0137595 0.0215029 40452
0 0.903388 0.9728 0.0380325 0.0390727 40453
0 0.0670509 0.736284 0.00714811 0.0151493 40454
0 0.891531 0.976263 0.0613529 0.0461048 40455
0 0.995533 0.813601 0.00852528 0.0157118 40456
0 0.0221605 0.938207 0.0443211 0.0297716 40457
0 0.0685479 0.741944 0.0102987 0.0275984 40458
0 0.0712355 0.743012 0.00659317 0.0243546 40459
0 0.433042 0.779051 0.00915937 0.0192088 40460
0 0.521567 0.738799 0.00655041 0.0109561 40461
0 0.997261 0.747613 0.00505524 0.0319258 40462
0 0.910069 0.973667 0.0490387 0.0417748 40463
0 0.0942983 0.993906 0.0439708 0.00856968 40464
0 0.00539966 0.978456 0.0107341 0.0206106 40465
0 0.852634 0.833199 0.0225124 0.0348402 40466
0 0.96556 0.675934 0.00470085 0.0180588 40467
0 0.675832 0.815594 0.0150303 0.0191025 40468
0 0.964378 0.72315 0.0476166 0.0149056 40469
0 0.103385 0.98398 0.0601398 0.0273448 40470
0 0.139373 0.741392 0.00620213 0.0100237 40471
0 0.361346 0.753609 0.0101086 0.0162325 40472
0 0.794301 0.697049 0.0069479 0.0148948 40473
0 0.936446 0.727815 0.00763931 0.0183748 40474
0 0.110328 0.980805 0.0210923 0.0227091 40475
0 0.937623 0.725738 0.00994453 0.0180225 40476
0 0.922312 0.973705 0.0261906 0.0414819 40477
0 0.770086 0.812752 0.0155985 0.016265 40478
0 0.885024 0.979737 0.0487549 0.0388919 40479
0 0.120549 0.985167 0.0388295 0.0230947 40480
0 0.52651 0.739249 0.0170313 0.0115262 40481
0 0.576969 0.875955 0.0316845 0.0136695 40482
0 0.823344 0.765137 0.010519 0.0374529 40483
0 0.982075 0.661111 0.00935097 0.0284237 40484
0 0.0557717 0.752829 0.00402039 0.00810021 40485
0 0.576666 0.87557 0.0312136 0.0135023 40486
0 0.90214 0.977892 0.0334675 0.0290117 40487
0 0.882524 0.68403 0.00692673 0.0145827 40488
0 0.948856 0.850624 0.0307575 0.0448152 40489
0 0.772788 0.813089 0.0216707 0.0175232 40490
0 0.898282 0.683018 0.00399666 0.0122264 40491
0 0.43143 0.778904 0.0151576 0.019437 40492
0 0.293452 0.728852 0.0142235 0.00882636 40493
0 0.982929 0.656399 0.00780964 0.0234968 40494
0 0.00912741 0.978393 0.0180653 0.0224484 40495
0 0.83755 0.834558 0.0322617 0.0351557 40496
0 0.430142 0.776402 0.0170323 0.0164515 40497
0 0.947948 0.857924 0.0315582 0.0316973 40498
0 0.996089 0.744754 0.00743656 0.0286714 40499
0 0.587488 0.908288 0.0519328 0.0236716 40500
0 0.863289 0.834074 0.0323568 0.0362976 40501
0 0.136985 0.741953 0.0114346 0.011527 40502
0 0.126037 0.986204 0.0258051 0.0218058 40503
0 0.980791 0.662195 0.00686703 0.0221692 40504
0 0.923333 0.682998 0.00700073 0.013196 40505
0 0.995368 0.748649 0.0088623 0.0350667 40506
0 0.936455 0.724626 0.00836735 0.0246577 40507
0 0.52595 0.738617 0.0158317 0.0123142 40508
0 0.779232 0.816157 0.00826511 0.0108588 40509
0 0.434811 0.782638 0.0243303 0.0141276 40510
0 0.94962 0.860056 0.0145748 0.0207821 40511
0 0.409098 0.768342 0.00286207 0.00899624 40512
0 0.790711 0.820372 0.0276379 0.00737644 40513
0 0.91767 0.980419 0.0336166 0.0270781 40514
0 0.87225 0.845485 0.0141804 0.0150533 40515
0 0.851782 0.846283 0.025079 0.0125692 40516
0 0.0111696 0.739356 0.0157625 0.0103841 40517
0 0.840943 0.763436 0.00877495 0.0403609 40518
0 0.936905 0.867044 0.0128992 0.0151662 40519
0 0.597439 0.915403 0.0319339 0.00875244 40520
0 0.289162 0.729097 0.0163835 0.00893521 40521
0 0.946284 0.864471 0.0305622 0.0194149 40522
0 0.973572 0.65104 0.00556545 0.0112347 40523
0 0.93715 0.729705 0.00926437 0.0214832 40524
0 0.142673 0.741811 0.0189022 0.0115317 40525
0 0.789757 0.817016 0.029138 0.0119198 40526
0 0.492952 0.86276 0.0198158 0.0116306 40527
0 0.925024 0.984194 0.0200006 0.019566 40528
0 0.903177 0.982674 0.0676338 0.0327455 40529
0 0.859963 0.845578 0.0393763 0.0164283 40530
0 0.0626929 0.752222 0.0186581 0.009198 40531
