0 0.321702 0.901357 0.0200089 0.0793284 95323
0 0.452953 0.834279 0.0131176 0.0666884 95324
0 0.581078 0.811205 0.0133776 0.059944 95325
0 0.796537 0.775875 0.00869951 0.0510369 95326
0 0.831181 0.83509 0.0170149 0.0325368 95327
0 0.554885 0.816767 0.00914211 0.0459317 95328
0 0.6474 0.802757 0.0107238 0.0492537 95329
0 0.843184 0.763963 0.00819893 0.0397751 95330
0 0.717885 0.830413 0.0133732 0.0311011 95331
0 0.957102 0.848086 0.0153103 0.0361949 95332
0 0.719856 0.787149 0.0109631 0.0491581 95333
0 0.539731 0.822627 0.0126528 0.0453791 95334
0 0.689438 0.795837 0.011047 0.0464691 95335
0 0.396525 0.845168 0.0111084 0.0569248 95336
0 0.731435 0.785516 0.00981369 0.0498293 95337
0 0.701482 0.795169 0.0114387 0.0502645 95338
0 0.115934 0.982839 0.0359491 0.0279607 95339
0 0.198303 0.91637 0.0446569 0.0305583 95340
0 0.930543 0.746762 0.00981102 0.0527534 95341
0 0.945235 0.850699 0.0158634 0.0387482 95342
0 0.663729 0.806195 0.0072731 0.0330943 95343
0 0.0221559 0.938977 0.0443119 0.0300566 95344
0 0.860951 0.696067 0.00743942 0.0215744 95345
0 0.391007 0.817547 0.0181336 0.0560286 95346
0 0.47561 0.857606 0.0192934 0.0233877 95347
0 0.894133 0.975825 0.0651098 0.0445314 95348
0 0.097732 0.993892 0.0508522 0.0085985 95349
0 0.484219 0.85755 0.0370168 0.0239283 95350
0 0.906445 0.973432 0.0400532 0.0396761 95351
0 0.854918 0.832564 0.0172113 0.0294595 95352
0 0.458179 0.757036 0.00733795 0.0180552 95353
0 0.355359 0.989289 0.0134582 0.0214216 95354
0 0.851978 0.8341 0.0202311 0.0292867 95355
0 0.00511405 0.976409 0.0101699 0.0247852 95356
0 0.346693 0.772534 0.00422449 0.00867513 95357
0 0.392681 0.832499 0.018524 0.0838138 95358
0 0.941377 0.852348 0.0235434 0.0423167 95359
0 0.00303267 0.97649 0.00601476 0.0238081 95360
0 0.971677 0.763291 0.0135685 0.0255146 95361
0 0.917448 0.972878 0.0171076 0.0384362 95362
0 0.857201 0.830978 0.0121834 0.0269155 95363
0 0.675627 0.815107 0.01579 0.019646 95364
0 0.974058 0.763726 0.019067 0.0261266 95365
0 0.539255 0.801584 0.00745382 0.0230659 95366
0 0.988946 0.732714 0.00659599 0.0283983 95367
0 0.884232 0.981015 0.0456903 0.0350366 95368
0 0.901428 0.683323 0.00513382 0.0148304 95369
0 0.0536054 0.740509 0.0135591 0.0175873 95370
0 0.849157 0.83338 0.0107319 0.0258145 95371
0 0.996173 0.813541 0.00724678 0.0157749 95372
0 0.715217 0.830858 0.0198215 0.0316203 95373
0 0.105554 0.983079 0.0571311 0.0291077 95374
0 0.853314 0.848861 0.0244324 0.00805461 95375
0 0.577155 0.875644 0.0340601 0.0138518 95376
0 0.911667 0.672109 0.00585556 0.0128109 95377
0 0.665202 0.806787 0.00988865 0.0348538 95378
0 0.921372 0.973239 0.0259083 0.0389353 95379
0 0.456993 0.757791 0.0095026 0.0193044 95380
0 0.773032 0.813851 0.0212418 0.0192434 95381
0 0.538588 0.816078 0.011521 0.0522725 95382
0 0.935909 0.86745 0.0138153 0.0134733 95383
0 0.674961 0.811915 0.0189461 0.0258857 95384
0 0.359796 0.895713 0.0139428 0.031899 95385
0 0.940094 0.674831 0.00598259 0.0158863 95386
0 0.270926 0.729059 0.00671258 0.0106145 95387
0 0.099818 0.992483 0.05451 0.0106296 95388
0 0.958902 0.668464 0.00372314 0.012686 95389
0 0.508503 0.720914 0.00973959 0.0117645 95390
0 0.885358 0.975755 0.041827 0.0294328 95391
0 0.577673 0.879708 0.0343655 0.0133564 95392
0 0.153446 0.98361 0.0177265 0.0124134 95393
0 0.990462 0.733257 0.00971985 0.0305891 95394
0 0.939942 0.678281 0.00596561 0.011699 95395
0 0.333304 0.7247 0.01306 0.0133389 95396
0 0.837981 0.835386 0.0305922 0.0331616 95397
0 0.507078 0.721076 0.015639 0.0128905 95398
0 0.928175 0.681531 0.0068531 0.00902515 95399
0 0.00880834 0.976655 0.0174435 0.0268127 95400
0 0.819096 0.814402 0.00959892 0.0100786 95401
0 0.00362034 0.973494 0.00717436 0.0301241 95402
0 0.33274 0.725089 0.0239385 0.0148787 95403
0 0.00407318 0.759457 0.008065 0.00865919 95404
0 0.54034 0.843219 0.0103964 0.0403548 95405
0 0.00585238 0.973424 0.0115531 0.0315464 95406
0 0.863319 0.835095 0.0282011 0.0350286 95407
0 0.881735 0.985448 0.0416594 0.0282291 95408
0 0.334818 0.726174 0.0258667 0.0143294 95409
0 0.578061 0.88685 0.0351524 0.00891418 95410
0 0.858714 0.835976 0.0386141 0.0365738 95411
0 0.930175 0.73268 0.00993919 0.0360755 95412
0 0.78145 0.813698 0.0360458 0.0200751 95413
0 0.49538 0.862983 0.0148293 0.0110811 95414
0 0.171806 0.736318 0.0207702 0.00741391 95415
0 0.730606 0.77826 0.00815887 0.0374725 95416
0 0.84443 0.842344 0.0438469 0.0220388 95417
0 0.958637 0.666512 0.00397987 0.0139677 95418
0 0.103168 0.984577 0.062293 0.0258245 95419
0 0.113396 0.995194 0.0811237 0.00961253 95420
0 0.953986 0.66081 0.00468407 0.0108476 95421
0 0.0556984 0.745444 0.0434214 0.0278195 95422
0 0.669103 0.806898 0.0182866 0.035713 95423
0 0.0765028 0.753909 0.00567927 0.0105701 95424
0 0.349623 0.914279 0.0332091 0.0171967 95425
0 0.895799 0.973283 0.0191303 0.0229165 95426
0 0.980597 0.757614 0.0383995 0.0141412 95427
0 0.0558808 0.750309 0.0432631 0.0178667 95428
0 0.955296 0.6751 0.00538597 0.00965042 95429
0 0.537637 0.817341 0.0165808 0.054582 95430
0 0.870941 0.845168 0.0115734 0.0158842 95431
