0 0.47678 0.834346 0.0156056 0.0673838 22346
0 0.455417 0.833567 0.0121235 0.068659 22347
0 0.718525 0.830753 0.0143404 0.0302397 22348
0 0.697041 0.792345 0.0110131 0.0503006 22349
0 0.830605 0.834638 0.0172283 0.0335258 22350
0 0.872659 0.758955 0.00898209 0.0478851 22351
0 0.768243 0.780399 0.00880003 0.042138 22352
0 0.744135 0.784015 0.00834665 0.0473811 22353
0 0.843128 0.766626 0.00823822 0.0474465 22354
0 0.793824 0.775661 0.0111861 0.048357 22355
0 0.0298387 0.905016 0.0133501 0.0503467 22356
0 0.953538 0.849437 0.0220528 0.0410539 22357
0 0.478504 0.779549 0.00862331 0.0224292 22358
0 0.920079 0.754893 0.0110943 0.0423708 22359
0 0.517742 0.806466 0.00894375 0.0334622 22360
0 0.856292 0.830229 0.015332 0.0328451 22361
0 0.821782 0.771417 0.00884209 0.0413537 22362
0 0.907676 0.754813 0.00923004 0.0454895 22363
0 0.755886 0.781886 0.00772419 0.047108 22364
0 0.0221651 0.938448 0.044276 0.0296772 22365
0 0.0694915 0.742844 0.00847244 0.0280611 22366
0 0.278709 0.728626 0.00739746 0.0156796 22367
0 0.996058 0.80986 0.0074646 0.0238503 22368
0 0.837458 0.774097 0.0057415 0.029913 22369
0 0.894497 0.976256 0.0655899 0.0456285 22370
0 0.453462 0.780236 0.00766392 0.0171282 22371
0 0.88391 0.979517 0.0444424 0.0394224 22372
0 0.355094 0.989 0.0145707 0.0219998 22373
0 0.00926204 0.750092 0.00889739 0.0157864 22374
0 0.198731 0.915764 0.046465 0.0324648 22375
0 0.327544 0.750971 0.00862794 0.0129622 22376
0 0.147046 0.738462 0.00759602 0.0119307 22377
0 0.433621 0.910962 0.0243286 0.0440487 22378
0 0.906225 0.973133 0.0440086 0.0401733 22379
0 0.196642 0.733447 0.00828295 0.010968 22380
0 0.0530505 0.752577 0.00506763 0.00772061 22381
0 0.00692698 0.975745 0.0137779 0.0256872 22382
0 0.917835 0.972782 0.0181 0.0396291 22383
0 0.768486 0.696816 0.00802269 0.0139437 22384
0 0.439001 0.9137 0.0136652 0.0357652 22385
0 0.675604 0.815908 0.0152012 0.0178572 22386
0 0.972531 0.762738 0.0143383 0.0274231 22387
0 0.42909 0.910578 0.0156639 0.0441698 22388
0 0.323467 0.712013 0.00597072 0.0159329 22389
0 0.921281 0.9733 0.0272182 0.0404633 22390
0 0.451966 0.785852 0.0202379 0.0081053 22391
0 0.00260918 0.975925 0.00515944 0.0244154 22392
0 0.950868 0.736998 0.00901451 0.0311795 22393
0 0.125701 0.985879 0.0269906 0.0204139 22394
0 0.853576 0.831367 0.0213108 0.0362779 22395
0 0.0719506 0.750349 0.00708184 0.0142473 22396
0 0.791311 0.697041 0.00527344 0.0152747 22397
0 0.159403 0.739879 0.00537777 0.00774265 22398
0 0.403058 0.753075 0.00601692 0.010789 22399
0 0.679276 0.8156 0.0203255 0.018062 22400
0 0.527628 0.739682 0.00501251 0.00834554 22401
0 0.100854 0.994224 0.0580852 0.00793525 22402
0 0.283451 0.737611 0.0181603 0.00836911 22403
0 0.774028 0.813045 0.00690765 0.0146203 22404
0 0.883374 0.985133 0.0430176 0.0286197 22405
0 0.576935 0.875425 0.031761 0.0134433 22406
0 0.715735 0.831269 0.0201387 0.0309172 22407
0 0.992031 0.675081 0.00567226 0.0178555 22408
0 0.327382 0.752605 0.00987024 0.0128398 22409
0 0.116961 0.984089 0.0330927 0.0232449 22410
0 0.109604 0.980456 0.0189846 0.0231744 22411
0 0.104772 0.987865 0.0656588 0.0202345 22412
0 0.576794 0.875224 0.0320168 0.0132389 22413
0 0.328167 0.730568 0.0141147 0.00977105 22414
0 0.437563 0.911288 0.0171693 0.0416506 22415
0 0.00885529 0.75188 0.0113563 0.012601 22416
0 0.105429 0.985677 0.0651572 0.023723 22417
0 0.852451 0.838263 0.0233448 0.0248427 22418
0 0.853053 0.846259 0.0261812 0.013403 22419
0 0.973706 0.753016 0.00527344 0.00914408 22420
0 0.933705 0.727957 0.00723839 0.0259908 22421
0 0.773104 0.812742 0.0203596 0.0168349 22422
0 0.973348 0.675368 0.00684223 0.0165065 22423
0 0.771012 0.812439 0.0149272 0.0156932 22424
0 0.858106 0.847465 0.0371353 0.012301 22425
0 0.455197 0.784732 0.0133551 0.0100674 22426
0 0.306773 0.71632 0.0146951 0.00891554 22427
0 0.974646 0.770256 0.018314 0.0133987 22428
0 0.971491 0.769001 0.0132919 0.0161862 22429
0 0.766915 0.813117 0.00814171 0.0151676 22430
0 0.768866 0.699086 0.00851707 0.0180805 22431
0 0.151179 0.739852 0.0224168 0.0115936 22432
0 0.94486 0.867004 0.0285084 0.0150865 22433
0 0.779056 0.81545 0.00851822 0.0111884 22434
0 0.540613 0.849025 0.00716381 0.0283973 22435
0 0.905881 0.975985 0.0612713 0.0452776 22436
0 0.752888 0.789819 0.0107126 0.0337036 22437
0 0.937327 0.867234 0.013792 0.0148738 22438
0 0.0686106 0.75866 0.0228035 0.00740526 22439
0 0.0618048 0.759058 0.0407823 0.0088996 22440
0 0.791174 0.820582 0.0243152 0.0064209 22441
0 0.949425 0.860917 0.013763 0.0173477 22442
0 0.00910637 0.76076 0.0155569 0.0101081 22443
0 0.859985 0.845871 0.038773 0.0166134 22444
0 0.282257 0.729432 0.00880356 0.0132256 22445
0 0.455036 0.780199 0.0113483 0.0182363 22446
0 0.865972 0.845123 0.0244114 0.0162903 22447
0 0.862562 0.832415 0.0290371 0.0380581 22448
0 0.946003 0.865821 0.0217091 0.0125166 22449
0 0.146298 0.74137 0.0157697 0.00956285 22450
0 0.322497 0.711764 0.00963912 0.0151703 22451
0 0.947689 0.850704 0.0329559 0.0459184 22452
0 0.593715 0.913522 0.0618187 0.0120165 22453
0 0.755289 0.776782 0.0099412 0.0468085 22454
0 0.109593 0.973749 0.0193251 0.0381822 22455
0 0.87188 0.845381 0.0132879 0.0151786 22456
0 0.857193 0.795247 0.0175308 0.0140428 22457
0 0.327058 0.755702 0.0103036 0.0132165 22458
0 0.83872 0.834971 0.0336182 0.0338765 22459
