0 0.452951 0.833983 0.0126341 0.067599 4353
0 0.480888 0.830972 0.0132931 0.0631192 4354
0 0.787849 0.776848 0.0111144 0.0475569 4355
0 0.698237 0.792915 0.00947962 0.051417 4356
0 0.810203 0.775019 0.00826645 0.0438293 4357
0 0.953449 0.849153 0.0225357 0.042372 4358
0 0.984901 0.737612 0.0110516 0.0470084 4359
0 0.776005 0.778961 0.0101313 0.0471291 4360
0 0.191016 0.875053 0.00990446 0.0530092 4361
0 0.842783 0.765935 0.0101727 0.0468816 4362
0 0.679882 0.792942 0.00850143 0.0390011 4363
0 0.829134 0.769798 0.0079176 0.0412477 4364
0 0.861872 0.76257 0.00838852 0.0393202 4365
0 0.717156 0.83035 0.0145464 0.0312812 4366
0 0.936785 0.743638 0.00950661 0.0494368 4367
0 0.765108 0.697703 0.00638447 0.0162415 4368
0 0.830362 0.834481 0.0181332 0.0330139 4369
0 0.783464 0.698406 0.00658245 0.0194092 4370
0 0.115099 0.983782 0.0312129 0.021491 4371
0 0.51235 0.779181 0.00945606 0.0233751 4372
0 0.00872934 0.749238 0.00790764 0.0178448 4373
0 0.85578 0.830824 0.0156845 0.0330132 4374
0 0.485136 0.768097 0.00850735 0.0249578 4375
0 0.354926 0.989209 0.014873 0.0215825 4376
0 0.906986 0.973264 0.0431396 0.0401425 4377
0 0.966616 0.741885 0.00883675 0.0465352 4378
0 0.853322 0.831795 0.021772 0.0346505 4379
0 0.995629 0.813681 0.00831947 0.0182334 4380
0 0.00686819 0.74942 0.0117228 0.0178665 4381
0 0.883493 0.980196 0.0449266 0.0374152 4382
0 0.895163 0.976097 0.0679115 0.0448244 4383
0 0.199216 0.916165 0.0455624 0.0311846 4384
0 0.299107 0.754734 0.00968227 0.0172902 4385
0 0.329713 0.71317 0.00603743 0.0179664 4386
0 0.391285 0.812982 0.0170288 0.0471585 4387
0 0.90944 0.742326 0.00819492 0.0211999 4388
0 0.495337 0.805842 0.0107641 0.0367594 4389
0 0.00598159 0.981534 0.0118847 0.0138841 4390
0 0.921444 0.973521 0.0256123 0.0407093 4391
0 0.022064 0.938751 0.044128 0.0302963 4392
0 0.54061 0.849507 0.00698376 0.0259379 4393
0 0.49256 0.803038 0.00799017 0.034461 4394
0 0.107848 0.984983 0.0485612 0.0243956 4395
0 0.0954254 0.994247 0.0459407 0.00802307 4396
0 0.91303 0.972947 0.0286591 0.0396196 4397
0 0.988496 0.672601 0.00577888 0.0168671 4398
0 0.917864 0.972744 0.0176517 0.0399743 4399
0 0.881125 0.984786 0.0401196 0.0287038 4400
0 0.948283 0.850897 0.0324764 0.0456467 4401
0 0.102185 0.991338 0.0591103 0.0129242 4402
0 0.295536 0.734779 0.0111819 0.00922445 4403
0 0.577608 0.875801 0.0326384 0.014523 4404
0 0.83367 0.834478 0.0187614 0.0339715 4405
0 0.836456 0.834941 0.0262371 0.0343102 4406
0 0.713688 0.831516 0.0213388 0.0331733 4407
0 0.964231 0.74293 0.0131495 0.0473582 4408
0 0.956603 0.849166 0.0162621 0.0369022 4409
0 0.874254 0.678736 0.00734138 0.0216024 4410
0 0.424234 0.912463 0.0203524 0.045173 4411
0 0.421392 0.923154 0.010851 0.0235257 4412
0 0.909904 0.683192 0.00576782 0.0124434 4413
0 0.974191 0.763519 0.0184626 0.0262566 4414
0 0.365086 0.730251 0.0107207 0.0128028 4415
0 0.95275 0.661459 0.00429783 0.00924411 4416
0 0.429634 0.91993 0.00788746 0.0293694 4417
0 0.676021 0.815979 0.0170272 0.0206223 4418
0 0.884348 0.762348 0.00636978 0.0208701 4419
0 0.952272 0.861546 0.0241222 0.0213804 4420
0 0.966568 0.743329 0.0146259 0.0544764 4421
0 0.900939 0.97438 0.0310093 0.0357583 4422
0 0.982595 0.652538 0.00518551 0.0172006 4423
0 0.96818 0.739437 0.0121525 0.0420683 4424
0 0.841622 0.83467 0.0449793 0.0368718 4425
0 0.87355 0.672805 0.00536537 0.00955531 4426
0 0.979836 0.649711 0.00770531 0.015475 4427
0 0.972739 0.752435 0.00458794 0.00715705 4428
0 0.987335 0.671639 0.00810661 0.01747 4429
0 0.983003 0.657297 0.00462952 0.0198242 4430
0 0.00605554 0.978591 0.0120007 0.0191176 4431
0 0.988895 0.675548 0.00565681 0.0186781 4432
0 0.367594 0.7312 0.0174035 0.014388 4433
0 0.321711 0.717108 0.0208535 0.0110053 4434
0 0.202394 0.729835 0.0113453 0.0099784 4435
0 0.995363 0.808658 0.0088007 0.0288764 4436
0 0.323117 0.713651 0.0194782 0.0182042 4437
0 0.863775 0.763117 0.0125534 0.0398424 4438
0 0.676466 0.798362 0.0154633 0.0508425 4439
0 0.840584 0.766352 0.00785179 0.0381454 4440
0 0.884119 0.766422 0.00769997 0.0295881 4441
0 0.124477 0.986682 0.0289151 0.0196482 4442
0 0.11959 0.982976 0.040895 0.0253143 4443
0 0.974425 0.770281 0.0180822 0.0133569 4444
0 0.828759 0.837536 0.016383 0.0284953 4445
0 0.947882 0.864829 0.0353899 0.0193654 4446
0 0.87408 0.985055 0.0258121 0.026885 4447
0 0.935745 0.867031 0.0112183 0.0146701 4448
0 0.773829 0.778664 0.0114228 0.0478692 4449
0 0.577668 0.872841 0.0334669 0.0205824 4450
0 0.897922 0.975525 0.0247013 0.0311535 4451
