0 0.453143 0.833769 0.0126291 0.068475 None
0 0.809657 0.771662 0.0102482 0.050509 None
0 0.778639 0.778739 0.00992241 0.0448622 None
0 0.843693 0.765087 0.00705833 0.0489648 None
0 0.796753 0.774678 0.0081749 0.0496187 None
0 0.830652 0.835017 0.0177082 0.0329768 None
0 0.953485 0.849885 0.0221832 0.0421054 None
0 0.755419 0.781278 0.00801525 0.0491594 None
0 0.827292 0.768351 0.0104649 0.0538603 None
0 0.73681 0.785224 0.00836353 0.0485986 None
0 0.702397 0.794071 0.0099699 0.0447027 None
0 0.410045 0.761171 0.00372639 0.00886502 None
0 0.717573 0.830456 0.0130508 0.031133 None
0 0.894119 0.975406 0.0669188 0.0476073 None
0 0.42269 0.781407 0.00824776 0.0207499 None
0 0.797249 0.698042 0.00547543 0.0143166 None
0 0.856387 0.83094 0.0145384 0.0338194 None
0 0.560112 0.812924 0.0110785 0.0411485 None
0 0.941263 0.726851 0.00730057 0.0200592 None
0 0.477407 0.853323 0.0181415 0.0317152 None
0 0.115094 0.981075 0.0308985 0.0228151 None
0 0.905965 0.972253 0.0438744 0.0410624 None
0 0.853557 0.831366 0.021026 0.0342341 None
0 0.69543 0.79514 0.00745115 0.042543 None
0 0.0221875 0.938517 0.044375 0.028124 None
0 0.974663 0.764047 0.0190475 0.0257022 None
0 0.354487 0.98929 0.0154339 0.0214203 None
0 0.27577 0.729623 0.00582733 0.0164078 None
0 0.712678 0.830803 0.0243571 0.0322378 None
0 0.67809 0.815514 0.0199413 0.0183516 None
0 0.434195 0.914363 0.023378 0.0372838 None
0 0.52581 0.734994 0.0149485 0.0110189 None
0 0.318107 0.713506 0.00564008 0.016939 None
0 0.135366 0.737278 0.00466442 0.00897742 None
0 0.065463 0.746941 0.00666232 0.0250144 None
0 0.77991 0.698243 0.00605774 0.0147257 None
0 0.36917 0.75684 0.00681534 0.0120673 None
0 0.369742 0.757606 0.0122317 0.0114797 None
0 0.436587 0.918547 0.0188002 0.028479 None
0 0.883427 0.985424 0.0454838 0.0274255 None
0 0.576663 0.875776 0.0318686 0.0139157 None
0 0.440893 0.919168 0.0101194 0.0247067 None
0 0.00249181 0.976434 0.00494649 0.0236121 None
0 0.00566883 0.976178 0.0112873 0.0249376 None
0 0.119946 0.983009 0.0400914 0.0251929 None
0 0.27453 0.730045 0.0080658 0.017946 None
0 0.106119 0.98384 0.0597386 0.0275943 None
0 0.901595 0.681365 0.00377789 0.0139859 None
0 0.984868 0.671192 0.00570984 0.02258 None
0 0.429796 0.915993 0.0202618 0.0347175 None
0 0.0985391 0.994079 0.0524308 0.00857714 None
0 0.0655871 0.733451 0.00595011 0.0152056 None
0 0.67187 0.817121 0.00803347 0.016154 None
0 0.473378 0.853874 0.026002 0.0322181 None
0 0.884602 0.978641 0.0486042 0.040879 None
0 0.00439065 0.751718 0.00869814 0.0171109 None
0 0.95952 0.674921 0.00622425 0.0200328 None
0 0.995982 0.811262 0.00762367 0.0214311 None
0 0.951897 0.661161 0.00373535 0.0102858 None
0 0.996169 0.81582 0.00724792 0.0123183 None
0 0.943608 0.726676 0.0125893 0.0209096 None
0 0.982204 0.652418 0.00546169 0.0211171 None
0 0.184899 0.733403 0.0116963 0.00866157 None
0 0.985302 0.665267 0.00465164 0.021206 None
0 0.699477 0.795917 0.0113411 0.0472321 None
0 0.065199 0.743111 0.00897551 0.0334924 None
0 0.979946 0.669999 0.00558682 0.0232537 None
0 0.0604463 0.740072 0.00580829 0.0129137 None
0 0.540545 0.846517 0.0061574 0.0209329 None
0 0.540562 0.849523 0.00686026 0.0264231 None
0 0.102311 0.991968 0.0600123 0.012125 None
0 0.773019 0.813052 0.0200579 0.0155555 None
0 0.959083 0.850484 0.0114285 0.0384528 None
0 0.143796 0.737487 0.00811582 0.00727912 None
0 0.980469 0.668056 0.00652351 0.0289161 None
0 0.697517 0.793632 0.0100502 0.0461175 None
0 0.921953 0.972818 0.0270145 0.0423754 None
0 0.0619533 0.744725 0.00933982 0.0276294 None
0 0.423629 0.78193 0.0134735 0.0199761 None
0 0.139944 0.737606 0.0155281 0.00887587 None
0 0.303004 0.717921 0.00520678 0.00807614 None
0 0.420712 0.915357 0.0503716 0.0393517 None
0 0.391532 0.833712 0.0173912 0.0864627 None
0 0.91568 0.973277 0.0395147 0.0442551 None
0 0.421503 0.7815 0.0150004 0.0226669 None
0 0.290697 0.727581 0.0116378 0.00823093 None
0 0.852791 0.848236 0.0245876 0.00975376 None
0 0.76973 0.813038 0.0133772 0.0153486 None
0 0.526697 0.736382 0.0164493 0.00897759 None
0 0.884946 0.685576 0.00586586 0.0083196 None
0 0.974313 0.674046 0.00593414 0.016088 None
0 0.951937 0.665601 0.00470047 0.0197074 None
0 0.858164 0.836479 0.0424156 0.0354682 None
0 0.862717 0.832713 0.0291786 0.0380854 None
0 0.97166 0.652776 0.00530777 0.0166562 None
0 0.34978 0.989334 0.0257511 0.021257 None
0 0.93576 0.866833 0.0110851 0.0148755 None
0 0.972142 0.762983 0.0135548 0.0270628 None
0 0.557575 0.813222 0.0112038 0.0405529 None
0 0.00457551 0.755417 0.0090933 0.0183112 None
0 0.853052 0.845952 0.0258249 0.013974 None
0 0.983306 0.770636 0.0330456 0.0107571 None
0 0.953271 0.759099 0.0201048 0.00827111 None
0 0.860035 0.795769 0.00599175 0.010319 None
0 0.419106 0.761764 0.0245733 0.00898912 None
0 0.98051 0.771867 0.0139618 0.0100428 None
0 0.42235 0.784036 0.00963154 0.0259101 None
0 0.273977 0.736733 0.0092886 0.00830129 None
0 0.15344 0.983734 0.017793 0.0124451 None
0 0.988781 0.769317 0.0219898 0.010114 None
0 0.95903 0.662946 0.00586376 0.00985955 None
0 0.694231 0.793713 0.0106827 0.0463501 None
0 0.737873 0.785929 0.0119427 0.0536509 None
0 0.592955 0.910067 0.0616333 0.0187585 None
0 0.983986 0.675106 0.0076313 0.0182384 None
0 0.683588 0.81532 0.0280884 0.0182126 None
0 0.856483 0.825005 0.0171192 0.0355035 None
