0 0.464653 0.838121 0.0148255 0.0621796 None
0 0.452825 0.833641 0.011444 0.0674069 None
0 0.830725 0.834391 0.017342 0.0339929 None
0 0.706815 0.791097 0.00992451 0.0477329 None
0 0.795225 0.775383 0.0106476 0.0495344 None
0 0.6951 0.793605 0.00976887 0.0465753 None
0 0.806982 0.77398 0.00876103 0.0454624 None
0 0.71859 0.830161 0.0145655 0.0316386 None
0 0.533653 0.817214 0.00957203 0.041011 None
0 0.754642 0.782038 0.00914612 0.0499702 None
0 0.87909 0.758593 0.00823536 0.0468041 None
0 0.745157 0.784834 0.0107358 0.0488776 None
0 0.84501 0.765806 0.011845 0.0492913 None
0 0.276515 0.727983 0.00789967 0.0167938 None
0 0.856354 0.83044 0.0165276 0.0333171 None
0 0.337961 0.755701 0.00754986 0.019495 None
0 0.967982 0.738133 0.00692711 0.0338689 None
0 0.0711438 0.742724 0.00691557 0.0275299 None
0 0.456555 0.783101 0.00887947 0.0245724 None
0 0.892429 0.976233 0.0618778 0.0453366 None
0 0.823256 0.78068 0.00544891 0.0287491 None
0 0.953535 0.849335 0.0219452 0.0411597 None
0 0.434931 0.913875 0.0214293 0.0378703 None
0 0.00804096 0.747723 0.00977447 0.0184179 None
0 0.957184 0.848025 0.0151241 0.0381161 None
0 0.904132 0.973025 0.0386223 0.0391596 None
0 0.973664 0.762722 0.0168423 0.0276757 None
0 0.93157 0.727955 0.00633583 0.0226834 None
0 0.198325 0.915875 0.0458368 0.0313193 None
0 0.959547 0.744024 0.00899239 0.0351479 None
0 0.87898 0.679145 0.00748444 0.019554 None
0 0.116155 0.983551 0.032046 0.0241013 None
0 0.319558 0.712716 0.00550652 0.0224642 None
0 0.354479 0.989327 0.0154658 0.0212911 None
0 0.529998 0.740228 0.00867062 0.00889621 None
0 0.771995 0.698436 0.00630035 0.0181062 None
0 0.0221425 0.938644 0.044285 0.0282505 None
0 0.00589833 0.975724 0.0117277 0.0263334 None
0 0.0522405 0.752185 0.00404391 0.00631104 None
0 0.897196 0.67913 0.00699005 0.0218536 None
0 0.85407 0.831576 0.0218735 0.0362452 None
0 0.108764 0.984254 0.0513236 0.0260391 None
0 0.880924 0.759217 0.011425 0.0477983 None
0 0.534371 0.740571 0.0178249 0.0095654 None
0 0.919716 0.680648 0.00825615 0.0144921 None
0 0.958984 0.751176 0.00905685 0.0357301 None
0 0.78902 0.698522 0.00457363 0.017543 None
0 0.0979994 0.994407 0.0508103 0.00818329 None
0 0.883615 0.983978 0.0450743 0.030355 None
0 0.885535 0.978787 0.0485874 0.0406175 None
0 0.714827 0.830797 0.0225114 0.031936 None
0 0.00971026 0.976153 0.019404 0.0282606 None
0 0.103032 0.993279 0.0608386 0.00950996 None
0 0.675231 0.815563 0.0155224 0.0204592 None
0 0.973332 0.673501 0.00563812 0.0185522 None
0 0.949472 0.858609 0.0136765 0.023074 None
0 0.112825 0.981916 0.0257938 0.0233821 None
0 0.304965 0.729811 0.00611334 0.00863749 None
0 0.99588 0.813891 0.0078373 0.0145294 None
0 0.141978 0.739338 0.00779552 0.00773315 None
0 0.190311 0.734417 0.0122327 0.00834622 None
0 0.155086 0.739022 0.00674343 0.00730828 None
0 0.305578 0.730747 0.00504823 0.00739458 None
0 0.577557 0.875678 0.0331935 0.0142519 None
0 0.971479 0.762469 0.0105976 0.0275501 None
0 0.57751 0.875427 0.0325764 0.0138828 None
0 0.391157 0.831733 0.0180779 0.0856896 None
0 0.982666 0.671704 0.00559196 0.0223184 None
0 0.440982 0.772104 0.00844536 0.0195336 None
0 0.14633 0.740081 0.0239736 0.00995026 None
0 0.863932 0.832991 0.0325121 0.0382528 None
0 0.770927 0.812389 0.0136683 0.0148953 None
0 0.915273 0.972282 0.0157379 0.0378357 None
0 0.124469 0.985262 0.0298074 0.0223046 None
0 0.872766 0.845675 0.0141214 0.0144745 None
0 0.313496 0.73258 0.032086 0.00786658 None
0 0.958637 0.752249 0.0113659 0.0415992 None
0 0.948019 0.85067 0.0316114 0.0448271 None
0 0.0763999 0.739533 0.00419972 0.00984192 None
0 0.772905 0.812063 0.00854149 0.0145355 None
0 0.0728371 0.743696 0.011369 0.0267961 None
0 0.307329 0.729909 0.00926208 0.00758413 None
0 0.981824 0.665137 0.00686302 0.0314367 None
0 0.0105442 0.759435 0.018283 0.008137 None
0 0.922621 0.975438 0.0270439 0.0370351 None
0 0.311263 0.729886 0.0306095 0.00860782 None
0 0.188853 0.735082 0.0153264 0.00994924 None
0 0.946161 0.859271 0.0301445 0.0285789 None
0 0.957864 0.745324 0.0122925 0.0384499 None
0 0.779796 0.816006 0.00775528 0.00994975 None
0 0.773897 0.812757 0.0196801 0.0164622 None
0 0.937049 0.866946 0.0133026 0.0150957 None
0 0.983031 0.677779 0.00536537 0.0145628 None
0 0.44359 0.773285 0.0139995 0.0214196 None
0 0.913993 0.974345 0.044956 0.0430176 None
0 0.860878 0.845936 0.0383741 0.0157688 None
0 0.944042 0.865629 0.0263241 0.0177826 None
0 0.982478 0.66155 0.00829964 0.0176384 None
0 0.709402 0.832427 0.0321405 0.0299469 None
0 0.535416 0.820942 0.0131147 0.0485474 None
0 0.307012 0.715031 0.018329 0.0080797 None
0 0.0498097 0.752103 0.00954028 0.0070655 None
