0 0.452299 0.834521 0.0122093 0.0652179 None
0 0.493638 0.826262 0.0133923 0.0553196 None
0 0.6421 0.800523 0.0133175 0.0541467 None
0 0.842171 0.766887 0.00903282 0.0454512 None
0 0.830837 0.834931 0.0177671 0.0331134 None
0 0.678505 0.788013 0.00957155 0.0436978 None
0 0.796322 0.776142 0.00863199 0.0480428 None
0 0.953643 0.850766 0.0218836 0.0406464 None
0 0.559923 0.817862 0.0113503 0.0485404 None
0 0.743617 0.78289 0.0102945 0.0485168 None
0 0.718464 0.82962 0.0146167 0.0326658 None
0 0.937955 0.727694 0.00829239 0.0211895 None
0 0.706627 0.789944 0.00790348 0.0481384 None
0 0.0220869 0.938046 0.0441738 0.0277557 None
0 0.689549 0.79523 0.00973759 0.0457464 None
0 0.114587 0.982427 0.0334814 0.0278046 None
0 0.0163629 0.750708 0.00908051 0.0176029 None
0 0.0661287 0.733314 0.00648437 0.0193949 None
0 0.315032 0.710243 0.00643601 0.0199904 None
0 0.854604 0.829743 0.0172157 0.0341539 None
0 0.890775 0.975609 0.0590696 0.0468533 None
0 0.434365 0.913654 0.0243629 0.0363976 None
0 0.354993 0.989111 0.0151369 0.0217772 None
0 0.701613 0.792398 0.00672503 0.0422813 None
0 0.902837 0.97229 0.0356867 0.0405185 None
0 0.273078 0.726693 0.00490446 0.0161909 None
0 0.198416 0.915455 0.045139 0.0320436 None
0 0.095404 0.994173 0.0462417 0.00796848 None
0 0.365357 0.772841 0.016801 0.0134108 None
0 0.291192 0.721815 0.00831776 0.017405 None
0 0.106985 0.982795 0.0486765 0.0289846 None
0 0.490267 0.729081 0.00535812 0.0103914 None
0 0.910649 0.973354 0.0493107 0.0425625 None
0 0.703607 0.791293 0.00978756 0.0454634 None
0 0.696178 0.797299 0.00778723 0.0389757 None
0 0.0056306 0.978937 0.0112159 0.0185737 None
0 0.475132 0.858395 0.0182816 0.0210046 None
0 0.847698 0.698036 0.00443535 0.0192618 None
0 0.440341 0.917773 0.0122368 0.0276944 None
0 0.883406 0.984775 0.0446598 0.0287662 None
0 0.82145 0.696406 0.00556526 0.0192752 None
0 0.71537 0.829955 0.0214745 0.033421 None
0 0.975291 0.74152 0.00752792 0.0329375 None
0 0.971634 0.762066 0.012182 0.0262573 None
0 0.391133 0.832164 0.0182451 0.0873939 None
0 0.974034 0.752172 0.0189625 0.0480957 None
0 0.896248 0.684152 0.00385971 0.0209422 None
0 0.577131 0.875257 0.0332953 0.0132772 None
0 0.428229 0.759706 0.0193764 0.0130288 None
0 0.88418 0.978866 0.0459354 0.039996 None
0 0.697614 0.794445 0.00937214 0.0433058 None
0 0.773098 0.812836 0.0207087 0.0170142 None
0 0.918663 0.973171 0.0343502 0.042549 None
0 0.983846 0.668381 0.00445347 0.0201039 None
0 0.0686909 0.734187 0.0119514 0.0219662 None
0 0.676106 0.816145 0.0155077 0.0180254 None
0 0.973103 0.672073 0.00477524 0.0171728 None
0 0.996401 0.815117 0.00677948 0.0117204 None
0 0.996273 0.810502 0.00704498 0.021248 None
0 0.292431 0.72174 0.0123884 0.018659 None
0 0.162055 0.727848 0.0135041 0.0103756 None
0 0.974532 0.771246 0.0184786 0.0108109 None
0 0.881744 0.725931 0.0258202 0.0105832 None
0 0.137078 0.741517 0.0193281 0.0102861 None
0 0.577419 0.875724 0.0331608 0.0132399 None
0 0.926438 0.683228 0.0045372 0.0128501 None
0 0.974197 0.768366 0.0190851 0.0167718 None
0 0.972259 0.76108 0.0160725 0.0300062 None
0 0.852503 0.849051 0.0258982 0.00920665 None
0 0.136296 0.741546 0.0127638 0.00813361 None
0 0.826666 0.812612 0.0224312 0.0124732 None
0 0.99757 0.671381 0.00438576 0.0146077 None
0 0.957893 0.851049 0.0137146 0.0368357 None
0 0.143927 0.741093 0.00695324 0.00917528 None
0 0.762043 0.7848 0.0347017 0.0189246 None
0 0.679762 0.79101 0.0115061 0.0460914 None
0 0.695007 0.793483 0.0192123 0.0459832 None
0 0.588098 0.913439 0.0410754 0.0113729 None
0 0.00939876 0.979003 0.0187799 0.0213394 None
0 0.971598 0.747149 0.0150547 0.0447181 None
0 0.585393 0.912535 0.0469723 0.0142683 None
0 0.935927 0.867075 0.0116997 0.0149499 None
0 0.159637 0.727926 0.0190853 0.0117771 None
0 0.577353 0.880497 0.0331584 0.0103838 None
0 0.779756 0.813925 0.0157495 0.0168745 None
0 0.947276 0.853022 0.0342512 0.0433283 None
0 0.871769 0.845302 0.0132944 0.0155813 None
0 0.952832 0.86162 0.0185337 0.0205549 None
0 0.424599 0.922015 0.0202667 0.0222317 None
0 0.31476 0.713441 0.00761285 0.0236115 None
0 0.57239 0.806273 0.0312338 0.0112674 None
0 0.914381 0.968985 0.00962486 0.0343245 None
0 0.391151 0.815265 0.0175255 0.0519382 None
0 0.941996 0.676204 0.00922546 0.0140388 None
0 0.427155 0.914051 0.0223738 0.0362406 None
0 0.78262 0.813499 0.0133807 0.0162821 None
0 0.89482 0.678827 0.00646553 0.0186357 None
0 0.854615 0.6903 0.00494308 0.00636266 None
0 0.849369 0.83288 0.0277294 0.0356506 None
0 0.843696 0.847096 0.0445229 0.0134725 None
0 0.836935 0.835379 0.0301319 0.0339525 None
