0 0.584122 0.807762 0.0100841 0.0563141 94428
0 0.452705 0.834408 0.0121125 0.0668355 94429
0 0.796357 0.775344 0.00841122 0.0504215 94430
0 0.831167 0.835039 0.0169952 0.0326525 94431
0 0.39948 0.840767 0.0130213 0.0674815 94432
0 0.331157 0.901099 0.0159784 0.0814034 94433
0 0.649607 0.802838 0.00949707 0.0492754 94434
0 0.843085 0.761924 0.00795574 0.0359775 94435
0 0.554995 0.818868 0.00904446 0.0508547 94436
0 0.689393 0.795464 0.0109682 0.0471236 94437
0 0.54413 0.816256 0.0111118 0.056661 94438
0 0.72918 0.785491 0.0102729 0.0500332 94439
0 0.718125 0.83033 0.0138227 0.0312609 94440
0 0.390905 0.819631 0.0172074 0.059394 94441
0 0.957148 0.847931 0.0150642 0.0354309 94442
0 0.701315 0.795236 0.0108726 0.0507646 94443
0 0.115952 0.982851 0.0357258 0.0276411 94444
0 0.71649 0.787537 0.0090353 0.0448751 94445
0 0.666339 0.804618 0.00777473 0.0315718 94446
0 0.930571 0.745539 0.00955048 0.0560516 94447
0 0.198169 0.916426 0.0450346 0.0305366 94448
0 0.945328 0.850371 0.0193314 0.0384108 94449
0 0.971518 0.762887 0.0136293 0.0262448 94450
0 0.0221689 0.938695 0.0443377 0.030152 94451
0 0.893982 0.975749 0.0647673 0.0444355 94452
0 0.475619 0.857479 0.0189675 0.0235136 94453
0 0.484335 0.857653 0.0370039 0.0236786 94454
0 0.0977666 0.993948 0.0512434 0.00844455 94455
0 0.906409 0.973354 0.0399467 0.0396159 94456
0 0.859564 0.695716 0.00847569 0.0211141 94457
0 0.852926 0.83357 0.0226114 0.0301995 94458
0 0.677303 0.815007 0.0195532 0.0199219 94459
0 0.856223 0.832562 0.0147522 0.0295842 94460
0 0.35535 0.989286 0.0134766 0.0214272 94461
0 0.917449 0.972893 0.0170929 0.0384849 94462
0 0.00538336 0.976285 0.010704 0.0250922 94463
0 0.992368 0.731017 0.00577717 0.0250924 94464
0 0.974252 0.763175 0.0191317 0.0268141 94465
0 0.00274339 0.97636 0.00544158 0.0239668 94466
0 0.883783 0.980815 0.0448414 0.0359616 94467
0 0.715171 0.830724 0.0202766 0.0320475 94468
0 0.849218 0.833496 0.0113489 0.0261698 94469
0 0.996169 0.813522 0.00725517 0.0157596 94470
0 0.106997 0.983138 0.0551456 0.0288778 94471
0 0.0514928 0.740879 0.00655673 0.015859 94472
0 0.853355 0.849076 0.0243494 0.00783471 94473
0 0.921328 0.97322 0.0258013 0.0389582 94474
0 0.772978 0.813618 0.0207497 0.0183809 94475
0 0.940858 0.851154 0.0169325 0.0399355 94476
0 0.57711 0.875697 0.0340309 0.013818 94477
0 0.672055 0.809465 0.0158585 0.0308692 94478
0 0.347447 0.772275 0.00338779 0.00894538 94479
0 0.819127 0.814413 0.00975342 0.0101718 94480
0 0.941359 0.852238 0.0274073 0.0415482 94481
0 0.00873911 0.976478 0.017335 0.0269618 94482
0 0.57759 0.879551 0.0343102 0.0133767 94483
0 0.667806 0.805766 0.0106521 0.0347341 94484
0 0.716969 0.791478 0.0112358 0.0513818 94485
0 0.283551 0.739617 0.00774961 0.0121077 94486
0 0.10048 0.992501 0.0561031 0.0106618 94487
0 0.940773 0.674502 0.00564041 0.013834 94488
0 0.863983 0.835095 0.0271427 0.0349886 94489
0 0.153463 0.983653 0.0177197 0.0123489 94490
0 0.903346 0.684924 0.00575676 0.0117437 94491
0 0.837861 0.835348 0.0303349 0.0332469 94492
0 0.272827 0.732636 0.010958 0.0145359 94493
0 0.00360003 0.755827 0.0071684 0.0107564 94494
0 0.859066 0.835819 0.0379162 0.0366282 94495
0 0.360412 0.895056 0.0133484 0.0333915 94496
0 0.859549 0.69897 0.0101059 0.0281925 94497
0 0.00336906 0.973045 0.00667798 0.0308445 94498
0 0.959118 0.669859 0.00349236 0.0130177 94499
0 0.507389 0.71943 0.0083992 0.0104631 94500
0 0.781927 0.81381 0.0355703 0.0196384 94501
0 0.33479 0.726616 0.0199134 0.00933211 94502
0 0.959256 0.849617 0.0208553 0.0381516 94503
0 0.664023 0.805994 0.0125137 0.0354204 94504
0 0.911205 0.671595 0.00668831 0.0108626 94505
0 0.940474 0.679024 0.00483627 0.0102342 94506
0 0.495513 0.863089 0.01495 0.0109962 94507
0 0.332229 0.725692 0.0122306 0.00935296 94508
0 0.505807 0.719322 0.0126144 0.0114948 94509
0 0.543766 0.809416 0.00945539 0.0381375 94510
0 0.954884 0.674832 0.00536118 0.010049 94511
0 0.578029 0.886963 0.0350048 0.00898641 94512
0 0.931255 0.726314 0.00892067 0.023398 94513
0 0.877978 0.985073 0.0334621 0.0280521 94514
0 0.844425 0.841944 0.0440025 0.0228882 94515
0 0.895652 0.972518 0.0195995 0.0296529 94516
0 0.330576 0.725424 0.0231906 0.0107222 94517
0 0.540952 0.848303 0.00694046 0.0259196 94518
