0 0.452988 0.833999 0.0128513 0.0673886 None
0 0.480789 0.830096 0.0134674 0.0614265 None
0 0.697979 0.794158 0.00913734 0.0468477 None
0 0.777003 0.777709 0.0095686 0.0491024 None
0 0.215783 0.873891 0.0115732 0.0541141 None
0 0.953508 0.848701 0.0221827 0.042431 None
0 0.867687 0.763285 0.00857468 0.0422908 None
0 0.843001 0.764506 0.00714302 0.0451033 None
0 0.829651 0.834396 0.0174679 0.0327555 None
0 0.789117 0.777864 0.012692 0.0476434 None
0 0.517955 0.782439 0.00962677 0.0358068 None
0 0.848282 0.765981 0.00869789 0.0423598 None
0 0.00999135 0.746924 0.0091111 0.0172848 None
0 0.426497 0.909724 0.0165882 0.0493973 None
0 0.908057 0.744739 0.0085865 0.0246285 None
0 0.676991 0.792049 0.00915871 0.0355891 None
0 0.815293 0.772125 0.00961723 0.0422662 None
0 0.354328 0.989001 0.0151179 0.0219975 None
0 0.976945 0.738067 0.00898857 0.0409356 None
0 0.717699 0.830549 0.0149269 0.0322025 None
0 0.198738 0.915546 0.0457231 0.0327033 None
0 0.0221163 0.938429 0.0442325 0.0295061 None
0 0.95661 0.74202 0.00870132 0.0305505 None
0 0.944465 0.749751 0.00867157 0.0378562 None
0 0.115207 0.983382 0.0304818 0.0244622 None
0 0.855336 0.832164 0.0191704 0.0335904 None
0 0.995671 0.811927 0.0082325 0.0210154 None
0 0.906423 0.973224 0.0416958 0.0404138 None
0 0.883462 0.979843 0.0449171 0.0389194 None
0 0.978016 0.738735 0.0122393 0.043622 None
0 0.714369 0.830711 0.0220497 0.0328088 None
0 0.489917 0.805377 0.0075264 0.0434067 None
0 0.820203 0.771954 0.0078289 0.0401103 None
0 0.0769174 0.743213 0.0146443 0.0170748 None
0 0.294808 0.747097 0.0120028 0.0319007 None
0 0.894587 0.976037 0.0666687 0.0453498 None
0 0.577108 0.87473 0.0333299 0.0164057 None
0 0.889719 0.762771 0.00621815 0.0275899 None
0 0.423635 0.909893 0.0226997 0.0516766 None
0 0.0959845 0.994286 0.0474439 0.00827111 None
0 0.119843 0.985052 0.0402981 0.0223745 None
0 0.851856 0.833744 0.0244499 0.0350321 None
0 0.675571 0.815275 0.0152375 0.0195991 None
0 0.420035 0.925806 0.0123825 0.0180776 None
0 0.675604 0.799835 0.0125971 0.0506816 None
0 0.103628 0.984347 0.0551565 0.0260359 None
0 0.494252 0.781346 0.00603619 0.0186917 None
0 0.390972 0.818866 0.0173646 0.0584169 None
0 0.33096 0.712358 0.00632219 0.0148231 None
0 0.9174 0.972554 0.0178638 0.0393041 None
0 0.295262 0.735232 0.0113901 0.0127211 None
0 0.00566588 0.981512 0.0112506 0.0143879 None
0 0.109606 0.981262 0.0198973 0.0237193 None
0 0.92047 0.973299 0.0248423 0.0408217 None
0 0.765744 0.694615 0.00609379 0.0122877 None
0 0.490565 0.805015 0.01078 0.044242 None
0 0.781358 0.696707 0.00892105 0.0151176 None
0 0.769825 0.812677 0.0158373 0.01588 None
0 0.97754 0.658838 0.0141914 0.0319103 None
0 0.101605 0.987731 0.0586226 0.0203003 None
0 0.974343 0.763003 0.0185751 0.026807 None
0 0.871804 0.680309 0.00784683 0.018288 None
0 0.295061 0.756134 0.0105112 0.0143887 None
0 0.953019 0.855558 0.0214376 0.0305929 None
0 0.972101 0.738379 0.0063551 0.0361569 None
0 0.118807 0.985104 0.025763 0.0237005 None
0 0.702654 0.831653 0.04502 0.0340915 None
0 0.974851 0.737287 0.010113 0.0390822 None
0 0.540609 0.850902 0.00693855 0.0297702 None
0 0.818031 0.774098 0.0113216 0.0438263 None
0 0.772538 0.813045 0.0216786 0.0169807 None
0 0.882575 0.985344 0.0434696 0.0286942 None
0 0.978506 0.653501 0.00903931 0.0214682 None
0 0.125368 0.985704 0.0280059 0.0217044 None
0 0.852225 0.848625 0.0250828 0.00900506 None
0 0.982142 0.737949 0.00626125 0.0374232 None
0 0.937778 0.726178 0.00517044 0.016676 None
0 0.850108 0.837608 0.0225437 0.027407 None
0 0.980482 0.738934 0.00933056 0.0441221 None
0 0.947455 0.850597 0.0337833 0.0469832 None
0 0.890798 0.763559 0.00851173 0.029009 None
0 0.429329 0.90931 0.0116215 0.0464261 None
0 0.488497 0.804042 0.012607 0.0476383 None
0 0.199526 0.728402 0.0143757 0.0102783 None
0 0.692691 0.841454 0.0343972 0.0146778 None
0 0.0586051 0.747604 0.00301292 0.00630832 None
0 0.490369 0.784647 0.0154217 0.0256517 None
0 0.330045 0.717112 0.0335446 0.00953166 None
0 0.539775 0.740005 0.00553455 0.0106047 None
0 0.935807 0.865998 0.0114746 0.0152547 None
0 0.589816 0.906964 0.038228 0.0236754 None
0 0.858645 0.847824 0.0403034 0.0132182 None
0 0.29154 0.757584 0.019534 0.0123155 None
0 0.857131 0.83428 0.0401413 0.0388246 None
0 0.779223 0.816199 0.00766087 0.00974172 None
0 0.106932 0.740979 0.0147869 0.0112995 None
0 0.90169 0.974854 0.032202 0.0358775 None
0 0.00825805 0.747531 0.0127106 0.0177667 None
0 0.485233 0.815377 0.00717831 0.031661 None
0 0.490734 0.781289 0.0142927 0.0202167 None
0 0.791042 0.821059 0.023616 0.00602231 None
0 0.860284 0.832993 0.0217484 0.0359955 None
0 0.491723 0.801401 0.0120401 0.0519229 None
0 0.949737 0.863432 0.0354042 0.0201255 None
0 0.891918 0.764841 0.0118481 0.0322869 None
0 0.949762 0.865551 0.0397564 0.017511 None
0 0.845107 0.845474 0.0416901 0.0159926 None
0 0.678603 0.803683 0.0152685 0.0425246 None
0 0.782387 0.697902 0.00710859 0.0167424 None
0 0.936895 0.72869 0.00607071 0.0248132 None
0 0.104905 0.982147 0.036012 0.0273041 None
0 0.48886 0.783809 0.015572 0.0131919 None
0 0.197707 0.728647 0.0185668 0.0109517 None
0 0.594183 0.906808 0.0575909 0.0237634 None
0 0.57694 0.87126 0.0339672 0.0234748 None
0 0.894067 0.985882 0.0247009 0.024497 None
