0 0.7611 0.779913 0.0105082 0.0502031 60549
0 0.797113 0.774636 0.00791674 0.0469621 60550
0 0.626112 0.807875 0.0114548 0.0515338 60551
0 0.953761 0.85004 0.0228361 0.0429023 60552
0 0.830561 0.834677 0.0175079 0.0333432 60553
0 0.84258 0.765433 0.00849304 0.0446855 60554
0 0.692487 0.795609 0.00990915 0.0472731 60555
0 0.452306 0.834029 0.0125751 0.06802 60556
0 0.746398 0.782427 0.00793343 0.045919 60557
0 0.547617 0.81504 0.011431 0.0502341 60558
0 0.703466 0.791808 0.00969534 0.0468074 60559
0 0.718131 0.830376 0.0150135 0.0318885 60560
0 0.890445 0.975594 0.0579346 0.0454236 60561
0 0.731249 0.787115 0.0107849 0.0476776 60562
0 0.474195 0.855537 0.0174364 0.02741 60563
0 0.940659 0.72861 0.00641155 0.0196157 60564
0 0.1988 0.915915 0.0477113 0.0319036 60565
0 0.736651 0.788077 0.00793676 0.042981 60566
0 0.0571654 0.735767 0.00546646 0.015878 60567
0 0.00499128 0.751133 0.00977307 0.0183941 60568
0 0.855917 0.831564 0.0151201 0.0305013 60569
0 0.0637878 0.751586 0.0091049 0.0116455 60570
0 0.432494 0.914935 0.0265743 0.0374537 60571
0 0.273869 0.728238 0.00713787 0.0179891 60572
0 0.676348 0.815574 0.0158949 0.0173864 60573
0 0.35529 0.989246 0.0132972 0.0215078 60574
0 0.293052 0.72374 0.00696058 0.017295 60575
0 0.974296 0.76325 0.019714 0.0264793 60576
0 0.114642 0.981531 0.0323562 0.0294254 60577
0 0.316871 0.718422 0.00515265 0.0189465 60578
0 0.988612 0.677551 0.00641346 0.0228473 60579
0 0.0222275 0.938739 0.0443318 0.030139 60580
0 0.883388 0.985274 0.0432667 0.0270432 60581
0 0.902617 0.97289 0.0344658 0.0398807 60582
0 0.714069 0.830815 0.0233971 0.0325477 60583
0 0.85247 0.832518 0.0216892 0.0334595 60584
0 0.852599 0.848746 0.0268246 0.00970544 60585
0 0.391551 0.817693 0.0163523 0.0571116 60586
0 0.396665 0.778572 0.00662374 0.0188309 60587
0 0.99646 0.810763 0.00665321 0.0197472 60588
0 0.577159 0.874553 0.032671 0.0162296 60589
0 0.108749 0.982207 0.0482655 0.0305584 60590
0 0.108842 0.980347 0.0209777 0.0265988 60591
0 0.00549972 0.981357 0.0109094 0.0138801 60592
0 0.897641 0.681461 0.00344887 0.0145949 60593
0 0.0997199 0.994251 0.055649 0.00900947 60594
0 0.00560616 0.758533 0.0109519 0.00888774 60595
0 0.821441 0.698493 0.00610313 0.0145062 60596
0 0.976426 0.771404 0.0152744 0.0101037 60597
0 0.0722047 0.750719 0.00472817 0.00998315 60598
0 0.137023 0.741643 0.0149041 0.0103275 60599
0 0.518025 0.731338 0.00544424 0.00780979 60600
0 0.851725 0.845813 0.0260611 0.0136288 60601
0 0.0502227 0.740658 0.0107409 0.00817532 60602
0 0.884504 0.979506 0.0456299 0.0372964 60603
0 0.991337 0.679032 0.00691414 0.0229479 60604
0 0.0663442 0.757974 0.0182049 0.0090683 60605
0 0.550283 0.808061 0.00799103 0.0321838 60606
0 0.521166 0.73788 0.0168561 0.00651211 60607
0 0.959428 0.850262 0.0115919 0.0389333 60608
0 0.167993 0.738857 0.0158249 0.00943654 60609
0 0.971525 0.760529 0.0104233 0.0220527 60610
0 0.548736 0.808597 0.0106267 0.0377089 60611
0 0.0662491 0.75404 0.015006 0.0123035 60612
0 0.39443 0.756783 0.00573788 0.00874634 60613
0 0.862615 0.834552 0.032806 0.03689 60614
0 0.707859 0.7863 0.00504856 0.014484 60615
0 0.884108 0.988999 0.041012 0.0193917 60616
0 0.272116 0.735887 0.0104512 0.00817905 60617
0 0.969583 0.673165 0.00616112 0.0179533 60618
0 0.979789 0.674528 0.00627327 0.0161055 60619
0 0.491209 0.864873 0.0223773 0.00760905 60620
0 0.935996 0.866432 0.0113628 0.0145969 60621
0 0.691346 0.796374 0.0155712 0.0498311 60622
0 0.979195 0.762866 0.0308413 0.0266719 60623
0 0.712727 0.834753 0.0253675 0.0258765 60624
0 0.540939 0.843548 0.00600929 0.0173971 60625
0 0.911889 0.973497 0.0496954 0.0419328 60626
0 0.519552 0.731035 0.00843983 0.00872328 60627
0 0.900905 0.974316 0.0728203 0.044005 60628
0 0.587813 0.913356 0.051483 0.0116682 60629
0 0.743043 0.782565 0.0142244 0.0503635 60630
0 0.978504 0.771161 0.0136398 0.0101744 60631
0 0.860027 0.795224 0.00594215 0.0127743 60632
0 0.272515 0.733795 0.00948687 0.00993025 60633
0 0.10372 0.982683 0.0628124 0.0307665 60634
0 0.924071 0.681056 0.00732365 0.0109556 60635
0 0.483498 0.85598 0.0368328 0.0265038 60636
0 0.546532 0.810146 0.0136623 0.0409953 60637
0 0.944142 0.865841 0.027478 0.0158396 60638
0 0.394402 0.759211 0.00701327 0.0131504 60639
0 0.850031 0.837485 0.0300121 0.0312147 60640
0 0.0533666 0.738102 0.014121 0.0127453 60641
0 0.577701 0.882293 0.0326409 0.00857442 60642
0 0.752638 0.827016 0.0302923 0.00736321 60643
0 0.540864 0.84939 0.00681763 0.0275821 60644
0 0.84243 0.834465 0.0414085 0.0361883 60645
0 0.96378 0.851012 0.0478516 0.044891 60646
0 0.543441 0.811428 0.00750265 0.0274428 60647
0 0.421164 0.915176 0.0495786 0.0388628 60648
0 0.771546 0.812849 0.0153602 0.0143509 60649
0 0.00949929 0.981144 0.0188248 0.0156601 60650
0 0.919322 0.973533 0.0348816 0.040556 60651
0 0.758968 0.824431 0.0141651 0.00609233 60652
0 0.541838 0.845056 0.00708675 0.020478 60653
0 0.967084 0.863331 0.0414434 0.0125242 60654
0 0.0643677 0.756829 0.0207135 0.00878398 60655
0 0.00612673 0.979095 0.012139 0.0184077 60656
0 0.961284 0.866299 0.0533575 0.0154392 60657
0 0.575024 0.873789 0.0370459 0.0172441 60658
0 0.439453 0.914769 0.0129827 0.0345052 60659
0 0.165005 0.739402 0.0173457 0.00880364 60660
0 0.792248 0.696538 0.0045023 0.0142144 60661
0 0.871543 0.845371 0.0135769 0.0158295 60662
0 0.542646 0.812812 0.00578728 0.0222994 60663
0 0.972996 0.649306 0.0104364 0.0154179 60664
0 0.953195 0.863439 0.0227192 0.0177599 60665
