0 0.452215 0.833845 0.0120329 0.0662187 80487
0 0.476714 0.823094 0.013695 0.0463155 80488
0 0.554478 0.818789 0.0114569 0.049352 80489
0 0.442133 0.892018 0.0157462 0.0802483 80490
0 0.662724 0.795468 0.0125006 0.0560601 80491
0 0.621161 0.803398 0.0105103 0.0522924 80492
0 0.718003 0.830244 0.0136594 0.031603 80493
0 0.842084 0.767032 0.0090292 0.0451253 80494
0 0.796581 0.775837 0.00853519 0.0488578 80495
0 0.0221102 0.939197 0.0442205 0.0306113 80496
0 0.114232 0.98324 0.0331486 0.0272088 80497
0 0.831316 0.835225 0.0189247 0.0330804 80498
0 0.934335 0.727333 0.00721207 0.0223555 80499
0 0.0186557 0.750942 0.0121801 0.0202884 80500
0 0.734669 0.784805 0.00905781 0.0488649 80501
0 0.198281 0.915698 0.0447269 0.0323893 80502
0 0.702428 0.792186 0.0112747 0.046277 80503
0 0.0654757 0.738698 0.00704172 0.0202935 80504
0 0.953984 0.850337 0.0238068 0.0399587 80505
0 0.856758 0.830182 0.0137373 0.0336368 80506
0 0.69001 0.793983 0.00746841 0.0465103 80507
0 0.974748 0.762294 0.017572 0.0272159 80508
0 0.906917 0.972535 0.0442331 0.0411219 1364
0 0.675436 0.815385 0.0150827 0.0184106 80509
0 0.355012 0.989184 0.0148766 0.021632 80510
0 0.475978 0.856446 0.0180256 0.0253272 80511
0 0.484323 0.856635 0.0356801 0.0263136 80512
0 0.318765 0.710565 0.00551271 0.0153802 80513
0 0.488505 0.727903 0.0123962 0.0129079 80514
0 0.694428 0.797858 0.00876713 0.0381056 80515
0 0.893521 0.975497 0.0646685 0.0467892 80516
0 0.852897 0.830753 0.0217247 0.0358738 80517
0 0.368722 0.772732 0.00585337 0.0125305 80518
0 0.853208 0.848284 0.024752 0.00910322 80519
0 0.00600583 0.978551 0.0119172 0.0208274 80520
0 0.0220478 0.76146 0.0221091 0.00727064 80521
0 0.697613 0.793417 0.008706 0.0452203 80522
0 0.883457 0.981077 0.0448921 0.0364555 80523
0 0.0980472 0.994255 0.0522755 0.00844116 80524
0 0.431937 0.764454 0.0195505 0.0145952 80525
0 0.067891 0.740944 0.0126095 0.0247854 80526
0 0.0676827 0.751074 0.0111596 0.00738898 80527
0 0.291475 0.723661 0.00678587 0.0136383 80528
0 0.995881 0.813543 0.00782738 0.0160366 80529
0 0.692463 0.796596 0.0100679 0.0436903 80530
0 0.967609 0.746399 0.00914268 0.0362922 80531
0 0.83451 0.835787 0.0154491 0.0324205 80532
0 0.771524 0.813278 0.0195539 0.0172565 80533
0 0.890683 0.685568 0.0040535 0.0189692 80534
0 0.577873 0.875273 0.033456 0.0139821 80535
0 0.853246 0.844475 0.0233973 0.0104123 80536
0 0.102617 0.983624 0.0567532 0.0279095 80537
0 0.920247 0.972807 0.0232262 0.041374 80538
0 0.958907 0.849922 0.0183205 0.0388814 80539
0 0.273773 0.731006 0.00455303 0.0180101 80540
0 0.940777 0.675935 0.00481224 0.0187944 80541
0 0.578085 0.875478 0.0337598 0.01468 80542
0 0.952037 0.860662 0.0198551 0.0206994 80543
0 0.826593 0.835424 0.0105785 0.0309421 80544
0 0.166525 0.729093 0.00621343 0.00824517 80545
0 0.852989 0.83783 0.0222546 0.0226013 80546
0 0.968909 0.750329 0.0103748 0.0406826 80547
0 0.914823 0.971724 0.0105835 0.0398643 80548
0 0.585352 0.913901 0.0476415 0.0114129 80549
0 0.0675572 0.752085 0.0125365 0.0100199 80550
0 0.00919922 0.978503 0.018308 0.0232973 80551
0 0.798471 0.775798 0.0124392 0.0491031 80552
0 0.0820282 0.747342 0.00587096 0.0114943 80553
0 0.779106 0.817055 0.0095726 0.0118296 80554
0 0.983634 0.66087 0.00396748 0.0157406 80555
0 0.959772 0.851424 0.0353376 0.0417962 80556
0 0.970385 0.759003 0.0126663 0.0265377 80557
0 0.732474 0.784022 0.0129446 0.0514613 80558
0 0.593547 0.913529 0.0628444 0.0121346 80559
0 0.540411 0.848703 0.00715981 0.0281467 80560
0 0.706047 0.843029 0.0122989 0.00869531 80561
0 0.953074 0.683123 0.00530834 0.0191226 80562
0 0.921123 0.683219 0.0053978 0.00909424 80563
0 0.699974 0.793256 0.0161096 0.0497772 80564
0 0.769153 0.814089 0.0249205 0.019408 80565
0 0.972289 0.670726 0.00724201 0.0142605 80566
0 0.825693 0.695372 0.00636234 0.0162983 80567
0 0.707118 0.786587 0.00548754 0.0204681 80568
0 0.777894 0.815666 0.0132872 0.015781 80569
0 0.0730532 0.746799 0.0236054 0.014031 80570
0 0.561028 0.813437 0.00483837 0.0179501 80571
0 0.431339 0.891475 0.0142307 0.0163961 80572
0 0.664119 0.788369 0.0107896 0.0411964 80573
0 0.391145 0.832589 0.0181106 0.0874847 80574
0 0.956654 0.867633 0.027248 0.0125404 80575
0 0.955773 0.864071 0.0283949 0.0190498 80576
0 0.135415 0.737111 0.0059577 0.00797594 80577
0 0.603773 0.914104 0.0427577 0.0108149 80578
0 0.494464 0.863887 0.015864 0.0091724 80579
0 0.286738 0.726023 0.00852709 0.00765483 80580
0 0.843258 0.836334 0.0443619 0.0329057 80581
0 0.2913 0.723878 0.0146735 0.0121358 80582
0 0.267231 0.737034 0.0097157 0.0084549 80583
0 0.996766 0.673164 0.00518341 0.0102941 80584
0 0.130238 0.982925 0.0645439 0.0263241 80585
0 0.00638726 0.973529 0.0126428 0.0324936 80586
0 0.882511 0.9862 0.0433651 0.026669 80587
0 0.872536 0.845758 0.0147011 0.0147627 80588
0 0.902022 0.974629 0.0338366 0.0358344 80589
0 0.949743 0.865646 0.0371279 0.0175249 80590
0 0.947493 0.853081 0.0387726 0.0428053 80591
0 0.981361 0.762239 0.0313934 0.0272966 80592
0 0.79091 0.821408 0.027033 0.0060652 80593
0 0.293181 0.725854 0.0175384 0.01065 80594
0 0.927504 0.729423 0.0257944 0.0158481 80595
0 0.0176241 0.760824 0.0229521 0.00812073 80596
0 0.891722 0.685385 0.00601082 0.019734 80597
0 0.995734 0.801924 0.008078 0.040017 80598
0 0.796178 0.81772 0.0388958 0.0108019 80599
0 0.473243 0.857466 0.0169068 0.0232279 80600
0 0.35461 0.775897 0.0305495 0.00806868 80601
0 0.954576 0.863961 0.0262154 0.0194044 80602
0 0.934892 0.676088 0.00798378 0.0148365 80603
0 0.162006 0.729459 0.0130877 0.00891402 80604
0 0.849069 0.69679 0.00525475 0.016362 80605
