0 0.477214 0.833675 0.0157822 0.0686464 17194
0 0.453325 0.833761 0.0118755 0.0668393 17195
0 0.830246 0.834721 0.0174126 0.0333493 17196
0 0.718744 0.830263 0.0145233 0.0317437 17197
0 0.793995 0.775411 0.00954495 0.0472134 17198
0 0.780236 0.780315 0.00901175 0.0406657 17199
0 0.843433 0.764641 0.00848236 0.0459961 17200
0 0.929701 0.750093 0.0101397 0.0460995 17201
0 0.6993 0.793122 0.0108959 0.0478027 17202
0 0.953358 0.848907 0.0220413 0.0397627 17203
0 0.745254 0.784458 0.0115494 0.0456848 17204
0 0.514816 0.807777 0.00750942 0.0398527 17205
0 0.757028 0.784393 0.00874195 0.044966 17206
0 0.835621 0.770062 0.00649643 0.0375848 17207
0 0.973679 0.762493 0.0188475 0.0282789 17208
0 0.855812 0.830839 0.0165491 0.0341102 17209
0 0.853217 0.832213 0.0227055 0.0357593 17210
0 0.0778374 0.898191 0.0112415 0.0637217 17211
0 0.891847 0.757746 0.0108736 0.0468828 17212
0 0.197987 0.915464 0.0459869 0.032073 17213
0 0.436796 0.909108 0.0187779 0.0475535 17214
0 0.320296 0.750196 0.00936642 0.0130636 17215
0 0.00604754 0.751143 0.0107669 0.0192342 17216
0 0.354868 0.989332 0.0145696 0.0213368 17217
0 0.323127 0.710284 0.00547342 0.0147291 17218
0 0.577735 0.87518 0.032741 0.0160577 17219
0 0.905656 0.972586 0.0415302 0.0417915 17220
0 0.841946 0.765362 0.00862999 0.0446699 17221
0 0.114733 0.981887 0.0302942 0.0233131 17222
0 0.902944 0.679075 0.0062582 0.0180921 17223
0 0.0690511 0.737423 0.00710263 0.0141062 17224
0 0.676287 0.815574 0.0164431 0.0184324 17225
0 0.894257 0.97525 0.065856 0.04653 17226
0 0.936474 0.741551 0.00705852 0.0308584 17227
0 0.488412 0.777808 0.00800858 0.0220491 17228
0 0.0708445 0.751083 0.00708423 0.0190879 17229
0 0.996024 0.810694 0.00754185 0.0218818 17230
0 0.509627 0.812476 0.00474052 0.0261492 17231
0 0.365923 0.75156 0.00869923 0.0144358 17232
0 0.0221553 0.939275 0.044265 0.0300232 17233
0 0.792728 0.695699 0.00737 0.0109302 17234
0 0.391685 0.816903 0.0172157 0.0540775 17235
0 0.282249 0.733203 0.00977783 0.00854017 17236
0 0.531191 0.738921 0.0170324 0.0114573 17237
0 0.885057 0.684265 0.00602474 0.0115857 17238
0 0.108945 0.984089 0.0438296 0.0270406 17239
0 0.00271071 0.97967 0.00537104 0.0178647 17240
0 0.00582656 0.97964 0.0116055 0.0192379 17241
0 0.979018 0.650718 0.00630379 0.0191489 17242
0 0.069104 0.73832 0.00879731 0.016374 17243
0 0.772653 0.812528 0.00794868 0.0146598 17244
0 0.338573 0.729917 0.0054481 0.00814412 17245
0 0.513276 0.80773 0.0102215 0.0405709 17246
0 0.109035 0.981166 0.0190456 0.0223443 17247
0 0.00283742 0.985168 0.00558944 0.028914 17248
0 0.161535 0.738836 0.00568714 0.00853373 17249
0 0.774037 0.812524 0.0196169 0.0165144 17250
0 0.511152 0.814047 0.00690556 0.0323498 17251
0 0.936984 0.867011 0.0132004 0.0161996 17252
0 0.76944 0.812084 0.0122422 0.0153866 17253
0 0.540345 0.848342 0.0067111 0.0251395 17254
0 0.0530216 0.752608 0.0046422 0.00727268 17255
0 0.872557 0.846 0.014864 0.0158415 17256
0 0.76737 0.8124 0.00774412 0.0140649 17257
0 0.921903 0.973147 0.0266302 0.04214 17258
0 0.884733 0.979527 0.0474886 0.0389474 17259
0 0.776599 0.813199 0.0136471 0.0148982 17260
0 0.683311 0.815594 0.0288843 0.0188132 17261
0 0.102374 0.993854 0.0606761 0.00953674 17262
0 0.464117 0.778714 0.00789146 0.0179321 17263
0 0.915159 0.973631 0.0397266 0.0434163 17264
0 0.949159 0.865355 0.0371727 0.0192405 17265
0 0.200215 0.730897 0.00853548 0.00790609 17266
0 0.281962 0.735163 0.011913 0.011829 17267
0 0.148488 0.74096 0.00593605 0.00725742 17268
0 0.948469 0.850972 0.0291424 0.0452304 17269
0 0.119266 0.984096 0.0390649 0.0243446 17270
0 0.680773 0.816241 0.0189207 0.0192105 17271
0 0.465143 0.77956 0.0110123 0.017463 17272
0 0.917361 0.970814 0.0153717 0.0395666 17273
0 0.58578 0.907333 0.0435843 0.0233605 17274
0 0.692885 0.79088 0.0085062 0.0241094 17275
0 0.151678 0.739936 0.0113399 0.00791168 17276
0 0.00913751 0.979622 0.0181255 0.0206502 17277
0 0.0770036 0.888857 0.0117919 0.0451116 17278
0 0.767193 0.698214 0.00688829 0.0147051 17279
0 0.486492 0.778349 0.0120903 0.0213623 17280
0 0.949031 0.863198 0.0347527 0.0207443 17281
0 0.120636 0.985733 0.0197824 0.0230723 17282
0 0.864117 0.834056 0.0325138 0.0391296 17283
0 0.937243 0.738459 0.00864258 0.037165 17284
0 0.182019 0.857788 0.037107 0.0248871 17285
0 0.715832 0.830692 0.0206512 0.0322144 17286
0 0.509729 0.811608 0.00882711 0.0280253 17287
0 0.366923 0.754529 0.0131992 0.0208328 17288
0 0.0966074 0.994016 0.0484953 0.0078264 17289
0 0.00827484 0.984359 0.0164682 0.0285197 17290
0 0.843582 0.832451 0.0421408 0.0390654 17291
0 0.0789094 0.891026 0.0128762 0.0501634 17292
0 0.693888 0.796388 0.0117771 0.0409129 17293
0 0.124723 0.986392 0.0269492 0.0216721 17294
0 0.495506 0.819623 0.0259886 0.0144392 17295
0 0.58586 0.907483 0.0435595 0.0231527 17296
0 0.955509 0.86838 0.0297739 0.0110229 17297
