0 0.796726 0.775097 0.00875893 0.0483812 None
0 0.764253 0.778406 0.010837 0.0519765 None
0 0.692576 0.795496 0.00995674 0.0471525 None
0 0.953789 0.849991 0.022884 0.042826 None
0 0.830529 0.834647 0.0175083 0.0333652 None
0 0.549278 0.815538 0.0117365 0.0523622 None
0 0.628934 0.803174 0.0104605 0.0442654 None
0 0.452133 0.834125 0.0122754 0.0682183 None
0 0.842344 0.765012 0.00865326 0.0439965 None
0 0.474222 0.85455 0.0167612 0.0282233 None
0 0.890394 0.975666 0.0579372 0.0456053 None
0 0.940399 0.72857 0.00683899 0.0202193 None
0 0.70276 0.791888 0.00901308 0.046169 None
0 0.718233 0.830188 0.0147741 0.0322032 None
0 0.747654 0.784182 0.0087389 0.0462519 None
0 0.0648068 0.751727 0.00799048 0.0120124 None
0 0.0574795 0.736288 0.00497113 0.0169479 None
0 0.390987 0.819421 0.017697 0.0609933 None
0 0.973933 0.763305 0.0197666 0.0265481 None
0 0.855457 0.831636 0.0164494 0.030914 None
0 0.199208 0.916171 0.047976 0.0314192 None
0 0.434008 0.914206 0.0229991 0.0365567 None
0 0.676252 0.815551 0.0155825 0.0170271 None
0 0.11467 0.981688 0.0322388 0.0291538 None
0 0.00504362 0.750212 0.00947119 0.019004 None
0 0.355281 0.989216 0.0133013 0.0215689 None
0 0.735083 0.783539 0.0101755 0.0494795 None
0 0.745732 0.784156 0.00855656 0.0486798 None
0 0.317591 0.71598 0.00541267 0.0166278 None
0 0.273806 0.728231 0.00665388 0.0178565 None
0 0.852331 0.832452 0.0229507 0.0338403 None
0 0.990294 0.677811 0.00655251 0.0229205 None
0 0.0221696 0.939157 0.0443392 0.0298262 None
0 0.902245 0.972918 0.0346989 0.0402673 None
0 0.883374 0.985076 0.0435593 0.0274784 None
0 0.713891 0.830601 0.0236465 0.0329812 None
0 0.577178 0.874651 0.0326447 0.0160451 None
0 0.293205 0.722932 0.00696907 0.0177728 None
0 0.10764 0.982353 0.0483329 0.0302809 None
0 0.852547 0.848976 0.0269138 0.00936517 None
0 0.996375 0.810234 0.00682831 0.0209524 None
0 0.897561 0.681117 0.00475178 0.0161302 None
0 0.0637851 0.751632 0.011656 0.0126768 None
0 0.740318 0.785134 0.00812416 0.04726 None
0 0.109014 0.980528 0.0211504 0.026357 None
0 0.00554299 0.981393 0.010997 0.0135437 None
0 0.0651596 0.7535 0.0101161 0.0129398 None
0 0.519026 0.73167 0.00434971 0.00916273 None
0 0.0493177 0.740752 0.0118051 0.00855577 None
0 0.976503 0.771506 0.0149208 0.00996128 None
0 0.738221 0.783524 0.00971718 0.0502869 None
0 0.0986763 0.994235 0.0535243 0.00898878 None
0 0.0718846 0.750704 0.00456593 0.00870955 None
0 0.166458 0.738746 0.013916 0.0107727 None
0 0.971675 0.762874 0.0129707 0.0268982 None
0 0.519883 0.731508 0.00641995 0.00992245 None
0 0.861833 0.834577 0.0345787 0.0372026 None
0 0.959566 0.849957 0.0113594 0.0387031 None
0 0.884339 0.979629 0.0456974 0.0374235 None
0 0.137302 0.741793 0.0140742 0.0105331 None
0 0.294059 0.721566 0.00738411 0.0150969 None
0 0.978878 0.672452 0.00646534 0.0169613 None
0 0.540998 0.847601 0.00599718 0.0249773 None
0 0.707802 0.785543 0.00504799 0.0141052 None
0 0.391008 0.83292 0.0178257 0.0877757 None
0 0.0058492 0.757648 0.0112451 0.0115282 None
0 0.851636 0.845301 0.0261627 0.0144897 None
0 0.936056 0.866467 0.0114887 0.0146518 None
0 0.275659 0.727907 0.00772295 0.0179267 None
0 0.3188 0.716218 0.00763216 0.0173713 None
0 0.774976 0.812419 0.010931 0.0152727 None
0 0.853494 0.848304 0.0297855 0.01294 None
0 0.977834 0.762863 0.0289085 0.0269258 None
0 0.944563 0.865746 0.0284687 0.0161947 None
0 0.0668201 0.757723 0.0191701 0.0100808 None
0 0.8602 0.795226 0.00545311 0.0127443 None
0 0.1083 0.982037 0.0314991 0.0271444 None
0 0.491624 0.864923 0.0214769 0.00716349 None
0 0.979158 0.672555 0.00746956 0.0210144 None
0 0.392791 0.758689 0.00895405 0.0121936 None
0 0.760327 0.824383 0.0122084 0.00610928 None
0 0.775529 0.8123 0.0152809 0.0161818 None
0 0.712743 0.835982 0.0253139 0.0234507 None
0 0.732624 0.782593 0.0108576 0.0493254 None
0 0.437512 0.914469 0.0166864 0.0351125 None
0 0.530619 0.824212 0.0252146 0.00811462 None
0 0.587794 0.913312 0.051552 0.0118432 None
0 0.923562 0.682028 0.00749836 0.0131516 None
0 0.704336 0.788091 0.0121525 0.0414124 None
0 0.88434 0.989101 0.0404629 0.0191962 None
0 0.969961 0.673313 0.00507622 0.0171688 None
0 0.577755 0.882599 0.0327534 0.00870022 None
0 0.749332 0.785292 0.00894022 0.0440043 None
0 0.532698 0.825984 0.0283836 0.00940026 None
0 0.960155 0.86654 0.0555016 0.0150998 None
0 0.772024 0.812631 0.0164655 0.0153276 None
0 0.423753 0.914996 0.0442223 0.038588 None
0 0.978185 0.77125 0.0143997 0.0101088 None
0 0.738235 0.76996 0.00832863 0.0268141 None
0 0.849289 0.837055 0.0316181 0.0322856 None
0 0.75262 0.826869 0.0302708 0.00724386 None
0 0.96675 0.863283 0.0420553 0.0124361 None
0 0.790932 0.69744 0.00480738 0.0129872 None
0 0.106353 0.982369 0.069365 0.031101 None
0 0.951923 0.676768 0.00708389 0.015545 None
0 0.912939 0.973559 0.0480082 0.0419349 None
0 0.121398 0.983822 0.0370576 0.0256097 None
0 0.842731 0.83438 0.0419971 0.0363196 None
0 0.0518334 0.739185 0.0176365 0.0127296 None
0 0.421167 0.763233 0.009865 0.0105082 None
0 0.963367 0.85108 0.0484957 0.0449456 None
0 0.614916 0.804004 0.0180105 0.00723402 None
0 0.965279 0.859986 0.0444729 0.0231232 None
0 0.577937 0.880429 0.033798 0.0130046 None
0 0.97431 0.862511 0.0276041 0.0111355 None
0 0.518449 0.731295 0.00898371 0.0104231 None
0 0.00948022 0.981245 0.0187936 0.0150896 None
0 0.575037 0.873862 0.0372179 0.017158 None
0 0.956245 0.864202 0.0321241 0.0170542 None
0 0.521132 0.736718 0.0180464 0.00724928 None
0 0.534002 0.828678 0.0308645 0.0131558 None
0 0.986477 0.767344 0.0267511 0.0133147 None
0 0.978472 0.669273 0.007444 0.0206204 None
0 0.871705 0.845393 0.0137451 0.0157481 None
0 0.577679 0.8778 0.0327288 0.0149743 None
0 0.00601162 0.978999 0.0119003 0.0182675 None
