0 0.452821 0.83313 0.0129761 0.0682861 None
0 0.704271 0.791113 0.0104863 0.0482785 None
0 0.723519 0.789503 0.00925446 0.043003 None
0 0.741366 0.785169 0.00865803 0.0457855 None
0 0.718497 0.829411 0.0145847 0.0328101 None
0 0.830541 0.834859 0.0174929 0.0335497 None
0 0.823427 0.77073 0.0110115 0.0493418 None
0 0.69142 0.794101 0.0105639 0.0454519 None
0 0.755544 0.781283 0.00779572 0.0498142 None
0 0.548171 0.812368 0.011079 0.0482697 None
0 0.842799 0.76531 0.00589752 0.0457201 None
0 0.8486 0.764038 0.00996189 0.050218 None
0 0.797875 0.773658 0.00940247 0.0538208 None
0 0.814824 0.781335 0.00604019 0.0312434 None
0 0.472221 0.85466 0.0177094 0.0323435 None
0 0.953383 0.849822 0.0222681 0.0414171 None
0 0.855388 0.830413 0.016011 0.0351512 None
0 0.434703 0.914061 0.0222967 0.0373667 None
0 0.523515 0.73812 0.00768585 0.0111199 None
0 0.115318 0.9832 0.0309163 0.0258687 None
0 0.00895981 0.751409 0.00897525 0.0180627 None
0 0.974459 0.763366 0.0188545 0.025471 None
0 0.792465 0.77621 0.00728912 0.0478892 None
0 0.357004 0.756724 0.00695181 0.0175556 None
0 0.276388 0.725642 0.00458426 0.0185716 None
0 0.957154 0.848017 0.0150469 0.0379495 None
0 0.883352 0.985376 0.0452042 0.0274807 None
0 0.14077 0.739265 0.00653701 0.00930854 None
0 0.891455 0.976266 0.0612354 0.0461617 None
0 0.355399 0.989255 0.0138032 0.021491 None
0 0.903325 0.972675 0.0378689 0.0389859 None
0 0.851795 0.831877 0.0236946 0.0380983 None
0 0.43652 0.779546 0.00827751 0.0182156 None
0 0.433478 0.778914 0.00489588 0.0183497 None
0 0.776142 0.696857 0.00637598 0.0132691 None
0 0.0671279 0.738584 0.00521477 0.0140639 None
0 0.00804621 0.751513 0.0124854 0.0187624 None
0 0.99557 0.813533 0.00844917 0.0160489 None
0 0.882008 0.682841 0.00572643 0.0192896 None
0 0.069433 0.743895 0.00984601 0.0243717 None
0 0.00910398 0.76081 0.0177341 0.00715298 None
0 0.0960326 0.993935 0.0469167 0.00870361 None
0 0.910247 0.973647 0.0488386 0.0417341 None
0 0.0220961 0.93808 0.0441922 0.0293971 None
0 0.991538 0.742273 0.00839882 0.0339189 None
0 0.198971 0.916013 0.0440969 0.0315372 None
0 0.318993 0.713775 0.00544181 0.0175913 None
0 0.793004 0.697502 0.00591965 0.0167284 None
0 0.0707774 0.746599 0.00728099 0.0191381 None
0 0.00538145 0.97826 0.0107007 0.0208445 None
0 0.103246 0.983934 0.0592718 0.0274648 None
0 0.18918 0.734345 0.0125464 0.0108861 None
0 0.0676359 0.741405 0.00633717 0.0205555 None
0 0.43261 0.778497 0.00462208 0.0175303 None
0 0.998085 0.735098 0.00336456 0.0398571 None
0 0.795025 0.773278 0.0120022 0.053389 None
0 0.110325 0.980798 0.0210748 0.0226522 None
0 0.990545 0.744497 0.00678368 0.0258036 None
0 0.973337 0.674574 0.00432968 0.0187935 None
0 0.922225 0.973676 0.0263699 0.0414568 None
0 0.676108 0.815279 0.015526 0.0198185 None
0 0.93644 0.728268 0.00727329 0.0183736 None
0 0.885058 0.979842 0.0489079 0.0386726 None
0 0.943251 0.72421 0.0204964 0.012812 None
0 0.770084 0.812772 0.0156193 0.0163166 None
0 0.967144 0.674712 0.00425205 0.0186898 None
0 0.990692 0.74671 0.00921631 0.0410919 None
0 0.820195 0.772468 0.0104216 0.0479421 None
0 0.897946 0.6833 0.00336723 0.0120633 None
0 0.576685 0.875527 0.0311778 0.0134132 None
0 0.120678 0.985304 0.0382332 0.0227731 None
0 0.948736 0.850794 0.0309387 0.0446859 None
0 0.055996 0.752154 0.00400594 0.00883755 None
0 0.902166 0.979057 0.0331341 0.0270081 None
0 0.577044 0.875951 0.0318222 0.0136163 None
0 0.893702 0.980063 0.0522646 0.0298547 None
0 0.772813 0.813114 0.0214003 0.017571 None
0 0.982138 0.661473 0.0100037 0.0281513 None
0 0.391285 0.831944 0.0186817 0.0873011 None
0 0.870572 0.845327 0.017329 0.0164173 None
0 0.936804 0.731318 0.00791626 0.0200273 None
0 0.947904 0.8573 0.0317251 0.0332211 None
0 0.00910466 0.977778 0.0180542 0.0235079 None
0 0.983 0.653017 0.00778809 0.0156271 None
0 0.147264 0.739027 0.0210474 0.00947639 None
0 0.00483725 0.97178 0.00964123 0.0330041 None
0 0.96804 0.674381 0.00450706 0.0202144 None
0 0.12605 0.986328 0.0255263 0.021522 None
0 0.389303 0.80013 0.00966635 0.0202457 None
0 0.142737 0.739896 0.019733 0.00985497 None
0 0.918777 0.980542 0.0314682 0.0266183 None
0 0.989421 0.755811 0.00800343 0.0315976 None
0 0.779254 0.816081 0.00832424 0.0111318 None
0 0.274786 0.72589 0.00699039 0.018378 None
0 0.588129 0.908042 0.0527466 0.0237591 None
0 0.540227 0.843261 0.00660152 0.0161923 None
0 0.840578 0.833988 0.0379837 0.0361874 None
0 0.949374 0.859972 0.0140022 0.0206282 None
0 0.901187 0.982793 0.0723763 0.0327657 None
0 0.820874 0.771661 0.0161697 0.0501258 None
0 0.851917 0.846809 0.0253742 0.0116435 None
0 0.409983 0.767834 0.00350189 0.0100349 None
0 0.49159 0.862787 0.0220921 0.0116998 None
0 0.00511602 0.961671 0.0101773 0.0562251 None
0 0.896585 0.972597 0.0243715 0.0309075 None
0 0.924833 0.983777 0.0204182 0.0201894 None
0 0.863262 0.832289 0.0322086 0.0395957 None
0 0.0551629 0.751685 0.00559731 0.0088128 None
