0 0.796832 0.77558 0.0125917 0.0493766 None
0 0.774301 0.777208 0.0120493 0.0507643 None
0 0.553969 0.816173 0.0115335 0.0546312 None
0 0.637941 0.804269 0.00975857 0.0489068 None
0 0.452391 0.833461 0.0123714 0.0685004 None
0 0.692484 0.796425 0.00957203 0.0458586 None
0 0.95376 0.850009 0.0228287 0.0428328 None
0 0.830572 0.83461 0.017482 0.0334479 None
0 0.702677 0.791752 0.0101953 0.0473229 None
0 0.736672 0.786071 0.00889416 0.0463182 None
0 0.718338 0.831093 0.0144623 0.0303494 None
0 0.890362 0.975673 0.0577854 0.0454841 None
0 0.843139 0.763546 0.00691071 0.0395637 None
0 0.939816 0.728245 0.00708656 0.0208427 None
0 0.746916 0.782286 0.0112976 0.0506633 None
0 0.475398 0.856117 0.0300121 0.0295492 None
0 0.0578692 0.740893 0.0051803 0.0192888 None
0 0.856373 0.830489 0.0136822 0.032253 None
0 0.755041 0.788477 0.00682373 0.0349257 None
0 0.00472817 0.751781 0.00883839 0.0175083 None
0 0.974961 0.763096 0.0209595 0.0265398 None
0 0.43452 0.914108 0.0219844 0.0369893 None
0 0.11477 0.981885 0.0329542 0.0294315 None
0 0.996118 0.675862 0.00734444 0.0277615 None
0 0.355272 0.98919 0.0136347 0.0216192 None
0 0.318389 0.714757 0.00512195 0.0167226 None
0 0.676186 0.815474 0.0155657 0.0175724 None
0 0.0660463 0.752415 0.00775243 0.0153622 None
0 0.902114 0.97293 0.0345766 0.0401654 None
0 0.00596683 0.97745 0.0119024 0.0227712 None
0 0.273832 0.728855 0.00616713 0.0160051 None
0 0.29192 0.720105 0.00710387 0.0183272 None
0 0.883333 0.985006 0.0433554 0.0276605 None
0 0.0221746 0.939145 0.0443492 0.0313043 None
0 0.714098 0.831587 0.0233488 0.0311211 None
0 0.977722 0.668823 0.004319 0.0203782 None
0 0.108573 0.980164 0.0199372 0.025165 None
0 0.107477 0.982387 0.051065 0.0302056 None
0 0.391025 0.819008 0.0176087 0.059514 None
0 0.199373 0.915991 0.0471508 0.0316135 None
0 0.404835 0.776141 0.0122934 0.0159037 None
0 0.996372 0.810201 0.00683365 0.0209795 None
0 0.852575 0.84878 0.0268145 0.00967373 None
0 0.291888 0.722727 0.00664701 0.0162398 None
0 0.00644914 0.759555 0.0126745 0.00962847 None
0 0.852595 0.831416 0.0214005 0.0356915 None
0 0.75401 0.787338 0.00805836 0.0385342 None
0 0.138551 0.741356 0.0160895 0.0116435 None
0 0.0684406 0.751201 0.0100122 0.0147 None
0 0.520703 0.730585 0.00966244 0.0109133 None
0 0.974927 0.771157 0.0180496 0.0113134 None
0 0.481167 0.855474 0.0326435 0.0281342 None
0 0.577075 0.874671 0.0327389 0.0158983 None
0 0.067072 0.754471 0.0108045 0.0123793 None
0 0.969991 0.673151 0.00516472 0.0193361 None
0 0.750108 0.787217 0.0136393 0.0393183 None
0 0.420292 0.761631 0.00425959 0.0120222 None
0 0.982408 0.670096 0.00573673 0.0179216 None
0 0.0994107 0.994276 0.0547853 0.00881059 None
0 0.972875 0.752762 0.00659504 0.00708211 None
0 0.88448 0.979541 0.0458736 0.0375941 None
0 0.959639 0.850226 0.0113083 0.0387009 None
0 0.304836 0.718923 0.0122735 0.00954183 None
0 0.814812 0.696943 0.0070713 0.0124056 None
0 0.0717284 0.757447 0.0224847 0.0100021 None
0 0.851474 0.84565 0.0256542 0.0129052 None
0 0.481397 0.853996 0.018442 0.0276289 None
0 0.922414 0.680316 0.00634079 0.0134802 None
0 0.0498032 0.740388 0.00998201 0.0116486 None
0 0.712728 0.835364 0.0252938 0.0246914 None
0 0.00609776 0.973119 0.0120387 0.0320436 None
0 0.936242 0.866218 0.0113859 0.0148554 None
0 0.104255 0.983247 0.0651724 0.02954 None
0 0.416779 0.762457 0.0114645 0.0132397 None
0 0.990498 0.767922 0.0185631 0.0116659 None
0 0.419478 0.761777 0.00584106 0.0138869 None
0 0.119221 0.984365 0.0395926 0.025081 None
0 0.862901 0.833444 0.0323141 0.0387029 None
0 0.391039 0.833071 0.0182252 0.0883179 None
0 0.884353 0.989033 0.0401463 0.0193397 None
0 0.440002 0.914712 0.0117688 0.0345666 None
0 0.273232 0.733201 0.00738249 0.0136861 None
0 0.989769 0.765651 0.0199915 0.0136337 None
0 0.944478 0.865477 0.0282303 0.0166501 None
0 0.388971 0.760036 0.00978594 0.0102634 None
0 0.8559 0.84765 0.0348845 0.0144097 None
0 0.76008 0.824411 0.0113451 0.00631477 None
0 0.587833 0.913248 0.0515389 0.0118942 None
0 0.108934 0.982303 0.0742457 0.0308068 None
0 0.839755 0.834405 0.0361256 0.0360306 None
0 0.555725 0.810942 0.00947857 0.0439653 None
0 0.814691 0.699698 0.00825729 0.017471 None
0 0.861255 0.843666 0.0338818 0.0203681 None
0 0.860128 0.795216 0.00607033 0.0129774 None
0 0.912256 0.973562 0.0492388 0.0419705 None
0 0.960805 0.866391 0.0542847 0.0154507 None
0 0.00919843 0.977329 0.0182332 0.0246543 None
0 0.985509 0.765382 0.0286526 0.0142712 None
0 0.967055 0.863222 0.0414845 0.0124447 None
0 0.421697 0.914946 0.0486772 0.0394135 None
0 0.871753 0.845383 0.013575 0.0158437 None
0 0.755532 0.787222 0.00913048 0.0381878 None
0 0.963546 0.851075 0.0481667 0.0448493 None
0 0.788413 0.699253 0.00587912 0.012687 None
0 0.577665 0.881871 0.0326303 0.00884654 None
0 0.953159 0.863276 0.0232544 0.0182973 None
0 0.0532118 0.740742 0.0151385 0.016501 None
0 0.574952 0.873887 0.0370913 0.0171348 None
0 0.855787 0.838111 0.0456297 0.0334873 None
0 0.692448 0.820029 0.0106419 0.00884603 None
