0 0.251691 0.903178 0.0162368 0.0760793 101549
0 0.367579 0.845717 0.0124071 0.0633021 101550
0 0.452878 0.834233 0.0119858 0.0671017 101551
0 0.627247 0.804796 0.00866394 0.0521576 101552
0 0.502701 0.824189 0.0100611 0.0597746 101553
0 0.842863 0.764659 0.00824413 0.0406486 101554
0 0.543837 0.813715 0.0105435 0.0576458 101555
0 0.718459 0.83021 0.0143175 0.031184 101556
0 0.797385 0.775305 0.00928822 0.0494612 101557
0 0.688501 0.794767 0.0107985 0.0452535 101558
0 0.554953 0.818453 0.00900402 0.0472426 101559
0 0.831257 0.835002 0.0167297 0.0322689 101560
0 0.114478 0.98249 0.0313401 0.0238288 101561
0 0.702416 0.792367 0.0107126 0.0462646 101562
0 0.643492 0.810781 0.00693569 0.034829 101563
0 0.956462 0.847745 0.0165144 0.0338874 101564
0 0.732667 0.786106 0.00788078 0.0457882 101565
0 0.391051 0.831611 0.0179443 0.0841404 101566
0 0.966772 0.734161 0.0054924 0.0252957 101567
0 0.19856 0.916125 0.0437658 0.0306444 101568
0 0.854011 0.834282 0.0202784 0.028064 101569
0 0.475716 0.857526 0.0175568 0.0231011 101570
0 0.740962 0.783809 0.00656242 0.0469426 101571
0 0.355219 0.989408 0.0147709 0.0211831 101572
0 0.0222283 0.938661 0.0443796 0.0285185 101573
0 0.00804892 0.73787 0.0130104 0.0239924 101574
0 0.577819 0.874982 0.0325665 0.0158256 101575
0 0.973959 0.762993 0.0183802 0.0265215 101576
0 0.890786 0.977101 0.0597145 0.0437351 101577
0 0.981014 0.73508 0.00579948 0.0281782 101578
0 0.01014 0.751972 0.0201831 0.00954251 101579
0 0.90483 0.973344 0.0388905 0.0383024 101580
0 0.883036 0.985034 0.0441578 0.0281935 101581
0 0.00567776 0.975817 0.0112795 0.0256982 101582
0 0.339516 0.771981 0.00406795 0.0108763 101583
0 0.93162 0.72707 0.00839882 0.0200655 101584
0 0.536272 0.758279 0.00967465 0.0178401 101585
0 0.952055 0.848367 0.024894 0.0345734 101586
0 0.484887 0.857565 0.0353971 0.022936 101587
0 0.945372 0.85441 0.0113264 0.0185727 101588
0 0.73966 0.7826 0.00600233 0.0481393 101589
0 0.676178 0.815282 0.0162043 0.018355 101590
0 0.901467 0.975548 0.0316982 0.0324717 101591
0 0.94785 0.856586 0.0163933 0.0222883 101592
0 0.922189 0.751179 0.0101131 0.0334017 101593
0 0.0976404 0.994042 0.0505105 0.00818075 101594
0 0.912227 0.974212 0.0468908 0.040791 101595
0 0.462825 0.758442 0.00947285 0.0151849 101596
0 0.917484 0.972252 0.015939 0.0367655 101597
0 0.922312 0.973523 0.0260025 0.0391788 101598
0 0.941221 0.672978 0.00532246 0.0198236 101599
0 0.78517 0.81407 0.0377897 0.0189707 101600
0 0.853168 0.836448 0.0256947 0.0323951 101601
0 0.914899 0.972136 0.0104851 0.0366899 101602
0 0.974633 0.771223 0.0182556 0.0106249 101603
0 0.834263 0.835217 0.0237759 0.0329595 101604
0 0.287733 0.73921 0.0109869 0.0130575 101605
0 0.148182 0.747973 0.0215248 0.0134042 101606
0 0.736263 0.783394 0.010693 0.0508884 101607
0 0.731585 0.778221 0.00830669 0.0299822 101608
0 0.972865 0.752422 0.00536461 0.00745036 101609
0 0.0639251 0.734757 0.0118569 0.0149529 101610
0 0.991174 0.670595 0.0047472 0.0172425 101611
0 0.776863 0.814125 0.0238268 0.0182356 101612
0 0.967395 0.737209 0.00686092 0.0321815 101613
0 0.592814 0.907393 0.0625723 0.0233671 101614
0 0.94246 0.85884 0.0255922 0.0284648 101615
0 0.00460116 0.972822 0.0091562 0.0309625 101616
0 0.0765605 0.740711 0.0107323 0.0151871 101617
0 0.103532 0.984325 0.0543864 0.0264967 101618
0 0.0657262 0.735684 0.0140903 0.0147156 101619
0 0.950296 0.866711 0.0432327 0.0162781 101620
0 0.00844998 0.975748 0.016744 0.0271579 101621
0 0.770514 0.81301 0.0151392 0.0175713 101622
0 0.959292 0.862309 0.0384005 0.012177 101623
0 0.951627 0.863487 0.0456299 0.0195685 101624
0 0.927204 0.732498 0.0184202 0.0316376 101625
0 0.119646 0.983923 0.0409383 0.0249139 101626
0 0.923437 0.74899 0.0128099 0.0366286 101627
0 0.0427833 0.737593 0.00719594 0.0131833 101628
0 0.860515 0.79432 0.00517921 0.0141407 101629
0 0.78888 0.815429 0.0302569 0.0159814 101630
0 0.141266 0.744088 0.00668917 0.012508 101631
0 0.959956 0.862619 0.0536785 0.0104638 101632
0 0.593829 0.911516 0.060973 0.0149668 101633
0 0.264828 0.716118 0.0151668 0.0178592 101634
0 0.0614348 0.733885 0.00722482 0.0139065 101635
0 0.996065 0.807638 0.0074604 0.028675 101636
0 0.872235 0.844672 0.0144943 0.014856 101637
0 0.593103 0.907181 0.0626123 0.022621 101638
0 0.957368 0.866104 0.0587441 0.0161326 101639
0 0.540782 0.853519 0.00669327 0.0198112 101640
0 0.852967 0.842084 0.0249519 0.0219693 101641
0 0.495251 0.863494 0.0163297 0.00943637 101642
0 0.997313 0.669535 0.00473557 0.0184397 101643
0 0.949114 0.86 0.0408068 0.026846 101644
0 0.857718 0.836482 0.0421989 0.0370253 101645
0 0.861075 0.846029 0.0381187 0.0158057 101646
0 0.49902 0.863122 0.0247944 0.00974087 101647
0 0.0781862 0.742999 0.015149 0.0185489 101648
0 0.341253 0.772469 0.00734024 0.0123274 101649
0 0.982157 0.748013 0.00708275 0.0138645 101650
0 0.996126 0.816835 0.00727119 0.0128001 101651
0 0.9352 0.867601 0.0133286 0.0133401 101652
0 0.595006 0.91346 0.0557464 0.0108778 101653
0 0.891644 0.988115 0.0296326 0.0208269 101654
0 0.968817 0.736163 0.00921822 0.0303562 101655
0 0.00371394 0.958914 0.00735861 0.0586638 101656
0 0.872382 0.845597 0.0147652 0.0149109 101657
0 0.00528499 0.968331 0.0105578 0.0421326 101658
0 0.123136 0.985808 0.0334039 0.0203111 101659
0 0.99744 0.665738 0.00458145 0.0182553 101660
0 0.985726 0.65741 0.00512962 0.013208 101661
0 0.963615 0.67274 0.00769215 0.0182985 101662
