0 0.469947 0.835093 0.0153166 0.0658771 None
0 0.455031 0.832556 0.0124082 0.0688421 None
0 0.830695 0.834456 0.017506 0.0341037 None
0 0.892832 0.757247 0.0100746 0.0472429 None
0 0.857954 0.764144 0.00928268 0.0495183 None
0 0.843007 0.767209 0.00869217 0.0468726 None
0 0.756173 0.78133 0.0103715 0.050961 None
0 0.695357 0.793723 0.00979233 0.0474211 None
0 0.706123 0.791151 0.00996933 0.0480175 None
0 0.794362 0.775745 0.0103934 0.0490051 None
0 0.81309 0.77441 0.00885201 0.0476352 None
0 0.745223 0.785556 0.00922871 0.0480489 None
0 0.466753 0.779078 0.00784006 0.0248559 None
0 0.892816 0.976113 0.0617096 0.0454841 None
0 0.718555 0.829877 0.0147156 0.0322866 None
0 0.0710905 0.740637 0.00770466 0.0264355 None
0 0.434541 0.913578 0.0221366 0.0378138 None
0 0.856168 0.830562 0.0161915 0.0329274 None
0 0.960959 0.736778 0.00759125 0.0298306 None
0 0.277582 0.728166 0.00651484 0.0143212 None
0 0.831577 0.777727 0.00720406 0.0284654 None
0 0.00941547 0.751979 0.00993644 0.0169111 None
0 0.953529 0.849343 0.0219919 0.0411106 None
0 0.527339 0.812966 0.0103344 0.0393807 None
0 0.33271 0.754101 0.00775065 0.0178914 None
0 0.198115 0.915913 0.0444022 0.0304296 None
0 0.957202 0.848088 0.0151485 0.0381931 None
0 0.118129 0.983769 0.0362086 0.0238196 None
0 0.320187 0.715585 0.00678658 0.0227431 None
0 0.354859 0.989311 0.0149358 0.0213382 None
0 0.971853 0.763122 0.0138365 0.0274967 None
0 0.932015 0.727403 0.00569267 0.0234714 None
0 0.903528 0.973089 0.039142 0.0394101 None
0 0.0222036 0.938729 0.0440857 0.0276406 None
0 0.853894 0.831755 0.0215721 0.0361745 None
0 0.972312 0.672183 0.00507889 0.0172145 None
0 0.528908 0.73975 0.00610762 0.00942841 None
0 0.192939 0.734657 0.00961764 0.00912764 None
0 0.444291 0.780662 0.0112818 0.0174739 None
0 0.940064 0.749368 0.0117043 0.0428075 None
0 0.789284 0.697787 0.00829973 0.017775 None
0 0.533696 0.740184 0.0157095 0.00956065 None
0 0.896751 0.677809 0.00738506 0.0228575 None
0 0.522856 0.810156 0.00610266 0.0260335 None
0 0.769171 0.698676 0.00638199 0.0181686 None
0 0.0974892 0.994245 0.0505959 0.00829959 None
0 0.10976 0.984587 0.0537757 0.0255066 None
0 0.31745 0.720329 0.0124352 0.0147408 None
0 0.103635 0.993579 0.0619387 0.00893555 None
0 0.714791 0.830525 0.0226245 0.0325623 None
0 0.00517054 0.942577 0.0102831 0.0930688 None
0 0.978012 0.662306 0.00621948 0.0237814 None
0 0.949594 0.858525 0.0138805 0.0232137 None
0 0.00514392 0.975615 0.0102586 0.0252262 None
0 0.111654 0.98168 0.0235845 0.0232802 None
0 0.441917 0.78072 0.0163025 0.0177565 None
0 0.525498 0.809235 0.0120525 0.0338426 None
0 0.863821 0.833366 0.0325455 0.0381656 None
0 0.676921 0.81622 0.0184857 0.0198039 None
0 0.577392 0.875282 0.0323645 0.0137783 None
0 0.31745 0.715828 0.0127088 0.0245728 None
0 0.985533 0.678219 0.00557022 0.0150633 None
0 0.00368786 0.943374 0.00730797 0.0952915 None
0 0.884755 0.983625 0.045825 0.0301103 None
0 0.0538773 0.751227 0.00485964 0.0075887 None
0 0.144767 0.739656 0.0077971 0.00783386 None
0 0.978401 0.655971 0.00642586 0.0200929 None
0 0.124938 0.985537 0.0292636 0.0217475 None
0 0.577636 0.8757 0.0326843 0.0142432 None
0 0.316615 0.728676 0.0164646 0.0073405 None
0 0.995888 0.813905 0.00782356 0.0146303 None
0 0.772355 0.812659 0.00934649 0.0149495 None
0 0.0720121 0.759316 0.0210967 0.0119563 None
0 0.00602161 0.955606 0.0119499 0.0662913 None
0 0.982065 0.661944 0.00645714 0.0203244 None
0 0.872763 0.845711 0.014127 0.0143856 None
0 0.537675 0.740725 0.023175 0.00960151 None
0 0.947997 0.850684 0.0316921 0.0447944 None
0 0.770394 0.813092 0.013883 0.0148007 None
0 0.980294 0.662872 0.012077 0.0294485 None
0 0.879714 0.672322 0.00580902 0.0106969 None
0 0.306475 0.715582 0.0136717 0.00946452 None
0 0.937311 0.866959 0.0138275 0.0151191 None
0 0.150658 0.739979 0.0213607 0.0104077 None
0 0.945988 0.859359 0.0297218 0.028273 None
0 0.706797 0.831328 0.0377298 0.0325387 None
0 0.939761 0.760086 0.01208 0.026915 None
0 0.754204 0.796192 0.00864429 0.0220327 None
0 0.963982 0.667749 0.00495224 0.0132623 None
0 0.96284 0.737788 0.0109856 0.0316457 None
0 0.943967 0.866011 0.0260853 0.0168925 None
0 0.866633 0.797169 0.0359556 0.0131246 None
0 0.779596 0.816074 0.00814095 0.0100396 None
0 0.975013 0.762611 0.0177948 0.0272413 None
0 0.981249 0.667385 0.013908 0.0344755 None
0 0.774187 0.812964 0.0191217 0.0165941 None
0 0.0100966 0.76015 0.0166379 0.0053755 None
0 0.860764 0.845847 0.038485 0.0157091 None
0 0.534247 0.738653 0.0172646 0.0130191 None
0 0.317057 0.730629 0.0170842 0.0070855 None
0 0.00198617 0.911579 0.00390535 0.0317808 None
0 0.807504 0.71935 0.0618454 0.0146332 None
0 0.00834198 0.759582 0.0161878 0.00601976 None
0 0.308123 0.717278 0.0164245 0.0117062 None
0 0.869706 0.799995 0.029583 0.0113705 None
0 0.853218 0.845376 0.0263165 0.0145989 None
0 0.935011 0.727616 0.00724106 0.0232006 None
0 0.852021 0.838166 0.0237762 0.0260512 None
0 0.879509 0.985604 0.0357821 0.0272536 None
0 0.391334 0.832097 0.0184564 0.0877153 None
0 0.540529 0.848756 0.008284 0.0277869 None
0 0.131337 0.98424 0.0637022 0.0201029 None
0 0.910368 0.977339 0.0482243 0.0333035 None
