0 0.495236 0.82666 0.0136706 0.0537625 None
0 0.642204 0.800467 0.0167532 0.0542152 None
0 0.452274 0.834354 0.0122368 0.0657423 None
0 0.84206 0.766684 0.00875702 0.0456601 None
0 0.830827 0.834908 0.0177536 0.033155 None
0 0.796429 0.776168 0.00836086 0.0477593 None
0 0.744471 0.783708 0.00914297 0.0475345 None
0 0.95361 0.850697 0.0219391 0.0405707 None
0 0.67991 0.791084 0.0105284 0.0498416 None
0 0.938714 0.72793 0.00802422 0.0211589 None
0 0.718529 0.829658 0.0146646 0.0326531 None
0 0.560632 0.818235 0.0114038 0.0505347 None
0 0.114603 0.982403 0.033601 0.0277612 None
0 0.0220918 0.938052 0.0441835 0.02771 None
0 0.0160127 0.750304 0.0102914 0.0179494 None
0 0.272699 0.725437 0.00548887 0.0193383 None
0 0.0662046 0.732871 0.00619338 0.0197761 None
0 0.689571 0.795309 0.00996189 0.0454905 None
0 0.315157 0.711071 0.00590911 0.0191084 None
0 0.855178 0.829466 0.0152002 0.0337238 None
0 0.89075 0.975633 0.0590549 0.0468589 None
0 0.354972 0.989118 0.0151806 0.0217633 None
0 0.702462 0.79171 0.0081028 0.0443448 None
0 0.291516 0.722969 0.00930147 0.0169708 None
0 0.433939 0.914223 0.0242167 0.0370605 None
0 0.707931 0.789721 0.00836067 0.0476644 None
0 0.902783 0.972297 0.0355671 0.040515 None
0 0.853048 0.830071 0.0211107 0.034456 None
0 0.198471 0.91562 0.0451159 0.031763 None
0 0.0954103 0.994174 0.0462618 0.00799798 None
0 0.84692 0.699283 0.00619736 0.0182666 None
0 0.106374 0.9828 0.0503917 0.0290358 None
0 0.475478 0.858129 0.0186465 0.0216215 None
0 0.910664 0.973396 0.0492462 0.0426215 None
0 0.434397 0.758956 0.00567207 0.0120928 None
0 0.00564776 0.978995 0.0112439 0.0186317 None
0 0.715417 0.829988 0.0215136 0.0333879 None
0 0.883448 0.98474 0.0448048 0.028893 None
0 0.97578 0.741405 0.00796738 0.0344089 None
0 0.896329 0.682813 0.00466042 0.0238385 None
0 0.365295 0.773193 0.0179932 0.0148885 None
0 0.440334 0.91922 0.0112131 0.0250404 None
0 0.493009 0.729447 0.0130633 0.0122325 None
0 0.369608 0.773812 0.00966315 0.0135657 None
0 0.972051 0.76223 0.01124 0.0263736 None
0 0.69746 0.796192 0.00683718 0.0394219 None
0 0.577149 0.875281 0.0333136 0.0133247 None
0 0.760846 0.784261 0.0298841 0.018613 None
0 0.363285 0.772619 0.0142526 0.0132161 None
0 0.884095 0.979012 0.0458416 0.0398149 None
0 0.972558 0.763411 0.0188593 0.0266912 None
0 0.0684205 0.733611 0.0108996 0.0212307 None
0 0.577422 0.875743 0.0331884 0.0132935 None
0 0.973074 0.672042 0.00446167 0.0158702 None
0 0.973727 0.753777 0.00496025 0.0119861 None
0 0.920506 0.973176 0.0305241 0.0424611 None
0 0.69949 0.792972 0.00988512 0.045855 None
0 0.67691 0.815827 0.0168612 0.0195891 None
0 0.160418 0.728673 0.00918493 0.00833944 None
0 0.996404 0.815271 0.00677586 0.0114122 None
0 0.926712 0.683278 0.00437241 0.0106888 None
0 0.418356 0.759815 0.00468044 0.0133843 None
0 0.996277 0.81047 0.00703621 0.0213248 None
0 0.822154 0.698196 0.00564919 0.0170255 None
0 0.973373 0.750174 0.0202515 0.0525404 None
0 0.85252 0.849077 0.0259148 0.00920207 None
0 0.975024 0.771604 0.0173908 0.0102154 None
0 0.391166 0.831954 0.0179024 0.0864475 None
0 0.894783 0.681336 0.00705185 0.0237442 None
0 0.77288 0.812827 0.0201323 0.0169225 None
0 0.974435 0.770901 0.0185196 0.0119368 None
0 0.973768 0.767091 0.0199499 0.0198978 None
0 0.558363 0.818167 0.015745 0.0521325 None
0 0.161733 0.728757 0.0150948 0.00904829 None
0 0.429953 0.918263 0.0160412 0.0276194 None
0 0.826634 0.81295 0.0226137 0.0121448 None
0 0.947256 0.852971 0.0344318 0.0438731 None
0 0.958206 0.850737 0.013155 0.035573 None
0 0.00943757 0.97883 0.0188245 0.021462 None
0 0.541327 0.848581 0.00677032 0.0267968 None
0 0.588046 0.9135 0.0411423 0.0113871 None
0 0.709465 0.787414 0.0081461 0.0442547 None
0 0.29006 0.723638 0.0133398 0.0180444 None
0 0.417722 0.760859 0.00625124 0.0117516 None
0 0.585381 0.912562 0.047049 0.0142849 None
0 0.428241 0.914524 0.0252466 0.0370343 None
0 0.935932 0.867151 0.0118202 0.0150964 None
0 0.00312266 0.751221 0.00618854 0.00844693 None
0 0.136194 0.74196 0.0224567 0.0110711 None
0 0.871871 0.845337 0.0136143 0.0156296 None
0 0.709839 0.793192 0.0124645 0.0509915 None
0 0.785739 0.773418 0.0179066 0.0100494 None
0 0.677327 0.795186 0.0157848 0.0584056 None
0 0.673615 0.816712 0.0108595 0.0180793 None
0 0.577352 0.879557 0.0333295 0.0120114 None
0 0.914379 0.969998 0.00965195 0.0362959 None
0 0.424537 0.922049 0.0195642 0.0218847 None
0 0.695096 0.796024 0.0118158 0.0437792 None
0 0.269628 0.725855 0.0116542 0.0210812 None
0 0.305594 0.715625 0.0105311 0.00717672 None
0 0.101891 0.987416 0.0576798 0.0200738 None
0 0.952467 0.862831 0.0189529 0.0184201 None
0 0.843805 0.847527 0.0443254 0.0126072 None
0 0.0163334 0.758874 0.0129196 0.00702633 None
0 0.778572 0.813974 0.0182297 0.0172613 None
0 0.924371 0.98137 0.0225887 0.0244242 None
0 0.422022 0.923177 0.0178438 0.0209256 None
0 0.592259 0.913772 0.0319564 0.00992059 None
0 0.855997 0.82198 0.0169361 0.0268061 None
0 0.94473 0.865924 0.0287292 0.0168657 None
