0 0.451339 0.834243 0.0137866 0.0662972 90025
0 0.375306 0.89981 0.0228967 0.0806871 90026
0 0.427989 0.835947 0.0150492 0.0617335 90027
0 0.796321 0.775989 0.00882502 0.0489165 90028
0 0.568115 0.812473 0.0107413 0.0550391 90029
0 0.555108 0.81921 0.0106649 0.0513231 90030
0 0.608273 0.806471 0.0136524 0.057412 90031
0 0.830879 0.834893 0.0179195 0.0336266 90032
0 0.843303 0.767476 0.00809517 0.0468926 90033
0 0.722301 0.78696 0.0119147 0.0491614 90034
0 0.71805 0.829944 0.0139704 0.0317196 90035
0 0.114611 0.983772 0.0323292 0.0264236 90036
0 0.663175 0.801291 0.00900145 0.0449977 90037
0 0.475959 0.856691 0.0210217 0.0255452 90038
0 0.198316 0.915968 0.0450219 0.0314195 90039
0 0.893995 0.975443 0.0630344 0.0450085 90040
0 0.70371 0.792089 0.00766468 0.0445828 90041
0 0.974736 0.762216 0.0184704 0.0275487 90042
0 0.688285 0.794795 0.0117157 0.0457667 90043
0 0.955868 0.849879 0.0188412 0.0389038 90044
0 0.354997 0.989354 0.0136795 0.0212928 90045
0 0.855677 0.830682 0.0160707 0.0332715 90046
0 0.934859 0.728656 0.0073204 0.0256378 90047
0 0.942203 0.746205 0.00809822 0.0389604 90048
0 0.701776 0.791025 0.0107344 0.0477129 90049
0 0.0111396 0.751844 0.00889339 0.016409 90050
0 0.728317 0.790708 0.011025 0.0100474 90051
0 0.0225557 0.938601 0.0451115 0.0308183 90052
0 0.905464 0.973178 0.0414654 0.0396949 90053
0 0.458707 0.762926 0.00437336 0.0113205 90054
0 0.855427 0.699857 0.00654297 0.0235791 90055
0 0.84777 0.697422 0.00526581 0.0136371 90056
0 0.00575353 0.977088 0.0114309 0.0241384 90057
0 0.0947901 0.994328 0.0454414 0.00819261 90058
0 0.950616 0.858736 0.015847 0.0240985 90059
0 0.0149946 0.759909 0.0230554 0.00728116 90060
0 0.699392 0.791052 0.00832596 0.047348 90061
0 0.447843 0.762408 0.0066946 0.0187819 90062
0 0.0549223 0.743881 0.00686226 0.0168905 90063
0 0.852846 0.831334 0.0224848 0.0348051 90064
0 0.352747 0.772485 0.00626888 0.0112583 90065
0 0.391252 0.832641 0.0183352 0.0854733 90066
0 0.952997 0.853613 0.0201313 0.0337828 90067
0 0.8835 0.984647 0.0448465 0.0283381 90068
0 0.852843 0.84882 0.0258896 0.00913357 90069
0 0.577544 0.875654 0.0321992 0.014621 90070
0 0.00906017 0.976707 0.0181203 0.0265767 90071
0 0.727015 0.79021 0.0162804 0.011043 90072
0 0.995958 0.810443 0.00767975 0.0229535 90073
0 0.714545 0.8303 0.0215708 0.0325416 90074
0 0.0117612 0.753069 0.0169601 0.0175176 90075
0 0.680402 0.801291 0.00568542 0.0304649 90076
0 0.680127 0.797798 0.00567093 0.0210398 90077
0 0.996114 0.815401 0.00736351 0.013081 90078
0 0.06788 0.750314 0.0140402 0.0117076 90079
0 0.679597 0.804295 0.00751152 0.0342202 90080
0 0.484332 0.857037 0.0386257 0.0263791 90081
0 0.0669504 0.750252 0.0156256 0.0124525 90082
0 0.686276 0.794316 0.0118546 0.0459725 90083
0 0.852235 0.845439 0.023317 0.0121772 90084
0 0.886421 0.977423 0.0487875 0.0386319 90085
0 0.577364 0.875288 0.031837 0.0143138 90086
0 0.0565316 0.743948 0.00861564 0.0170865 90087
0 0.494445 0.720887 0.00690031 0.0127336 90088
0 0.588264 0.913497 0.0544245 0.012321 90089
0 0.284987 0.731058 0.0130411 0.0155545 90090
0 0.0148094 0.753704 0.0234577 0.018702 90091
0 0.280103 0.730695 0.00721054 0.017824 90092
0 0.956594 0.870542 0.0283424 0.00791151 90093
0 0.281232 0.732116 0.00767479 0.0155367 90094
0 0.170544 0.735416 0.0159746 0.0106518 90095
0 0.907107 0.672389 0.00632553 0.0127538 90096
0 0.00642318 0.973748 0.0127391 0.0316545 90097
0 0.132307 0.7468 0.0207231 0.0110185 90098
0 0.972876 0.652723 0.00411949 0.0107261 90099
0 0.153345 0.983559 0.0176149 0.0124573 90100
0 0.610208 0.806096 0.01078 0.0532774 90101
0 0.591103 0.914588 0.0453041 0.00959981 90102
0 0.955251 0.867086 0.0353271 0.0126631 90103
0 0.676972 0.812664 0.0130463 0.0231359 90104
0 0.350975 0.772903 0.00987825 0.0116136 90105
0 0.67573 0.806711 0.0151535 0.0352837 90106
0 0.494002 0.721045 0.00930252 0.014182 90107
0 0.00919801 0.753045 0.013411 0.0162867 90108
0 0.72397 0.790989 0.0209217 0.0361498 90109
0 0.950885 0.851003 0.0278404 0.0415838 90110
0 0.806413 0.817635 0.0616484 0.0120216 90111
0 0.996011 0.804855 0.00754089 0.0339008 90112
0 0.0576266 0.744984 0.0140812 0.0184153 90113
0 0.102703 0.984755 0.0608321 0.0262763 90114
0 0.950263 0.859105 0.0229059 0.0256232 90115
0 0.424051 0.830301 0.0085516 0.0288157 90116
0 0.328281 0.72087 0.0224294 0.0143555 90117
0 0.0145774 0.757929 0.0254272 0.0115016 90118
0 0.324302 0.720802 0.0141561 0.014259 90119
0 0.91789 0.972655 0.0175159 0.0387677 90120
0 0.311749 0.766612 0.010285 0.0129003 90121
0 0.675235 0.815265 0.0146105 0.0189799 90122
0 0.497688 0.721669 0.0159843 0.014268 90123
0 0.84157 0.835492 0.039897 0.0343207 90124
0 0.0539058 0.747435 0.0104031 0.0200646 90125
0 0.720417 0.78495 0.0152611 0.031665 90126
0 0.967457 0.863322 0.0378233 0.0115431 90127
0 0.954562 0.86028 0.0283371 0.027377 90128
0 0.589348 0.908779 0.0574312 0.0214752 90129
0 0.934973 0.865588 0.0141506 0.0156014 90130
0 0.938219 0.739673 0.0137524 0.0480065 90131
0 0.769898 0.813115 0.0143889 0.0151374 90132
0 0.706547 0.842811 0.0148573 0.00915476 90133
0 0.697654 0.841242 0.0243595 0.0138102 90134
0 0.132023 0.744094 0.0208739 0.0121312 90135
0 0.285665 0.728383 0.0169335 0.0192501 90136
0 0.974368 0.863219 0.0249367 0.00938416 90137
0 0.94089 0.671591 0.0206333 0.0120756 90138
0 0.96155 0.850964 0.0359486 0.0407074 90139
