0 0.453143 0.834039 0.0124097 0.0676159 None
0 0.481429 0.830929 0.0145552 0.0645276 None
0 0.698068 0.794354 0.00938129 0.0482744 None
0 0.81158 0.773781 0.0086338 0.0453607 None
0 0.20386 0.874685 0.0151711 0.0528276 None
0 0.953349 0.848964 0.0224808 0.0426907 None
0 0.677401 0.791871 0.0085104 0.0353656 None
0 0.424181 0.9105 0.0180798 0.0498006 None
0 0.515077 0.778688 0.00784102 0.0244524 None
0 0.777498 0.778641 0.00998383 0.0461487 None
0 0.824033 0.770031 0.00997543 0.0426134 None
0 0.980544 0.741569 0.0110327 0.0508806 None
0 0.787562 0.776961 0.0108072 0.0472226 None
0 0.717169 0.830352 0.0145155 0.031302 None
0 0.765706 0.696839 0.00704021 0.0174969 None
0 0.866821 0.761915 0.00878716 0.0425642 None
0 0.969614 0.736871 0.00791359 0.0396325 None
0 0.830382 0.834526 0.0182114 0.0329312 None
0 0.941095 0.74615 0.00893478 0.0431985 None
0 0.491884 0.807234 0.0106707 0.0426236 None
0 0.843287 0.765162 0.00738678 0.0465125 None
0 0.115155 0.983454 0.0313256 0.0211066 None
0 0.855417 0.831149 0.0160559 0.0331421 None
0 0.782453 0.696785 0.00634375 0.0167692 None
0 0.354916 0.989204 0.0149021 0.0215929 None
0 0.908767 0.742437 0.00792847 0.0227085 None
0 0.907011 0.973311 0.0432888 0.0402822 None
0 0.391314 0.815633 0.0171139 0.0516263 None
0 0.00911944 0.747988 0.00810634 0.0165499 None
0 0.995626 0.813682 0.00832806 0.0182987 None
0 0.959327 0.741696 0.00692177 0.0306693 None
0 0.883504 0.980518 0.0449821 0.0369734 None
0 0.895192 0.976124 0.0680073 0.0449683 None
0 0.844856 0.765255 0.0103273 0.0470032 None
0 0.199214 0.915675 0.0452193 0.0319987 None
0 0.847572 0.768873 0.00616646 0.0394165 None
0 0.714602 0.830873 0.0202512 0.0319441 None
0 0.296406 0.754533 0.00833201 0.0207421 None
0 0.00596868 0.981522 0.0118571 0.0137555 None
0 0.852094 0.832732 0.0217361 0.0350801 None
0 0.887431 0.766712 0.00730934 0.029098 None
0 0.921464 0.973579 0.0258827 0.0408159 None
0 0.488794 0.779712 0.00922585 0.0195818 None
0 0.540529 0.849238 0.00705891 0.0263574 None
0 0.0991601 0.994192 0.053313 0.00828315 None
0 0.940195 0.741766 0.00765209 0.0513311 None
0 0.10382 0.992739 0.0625546 0.010463 None
0 0.0722439 0.748328 0.00376011 0.0105337 None
0 0.0220599 0.938953 0.0441198 0.0304291 None
0 0.948289 0.850232 0.0319897 0.0462129 None
0 0.577704 0.875716 0.032634 0.0146159 None
0 0.106272 0.985201 0.0583665 0.0243656 None
0 0.91793 0.972781 0.0179668 0.0400058 None
0 0.366188 0.732473 0.00828886 0.0120177 None
0 0.676061 0.815856 0.0165531 0.0183082 None
0 0.833818 0.834507 0.0176666 0.0337457 None
0 0.00787544 0.748722 0.0111984 0.0164497 None
0 0.675831 0.799648 0.0128181 0.050788 None
0 0.1199 0.984783 0.0394309 0.0215973 None
0 0.484628 0.779764 0.0179489 0.0201002 None
0 0.295876 0.736463 0.0116117 0.0141941 None
0 0.683977 0.818821 0.0327602 0.0118323 None
0 0.90725 0.975768 0.0562304 0.0438256 None
0 0.330654 0.713305 0.00533981 0.0148383 None
0 0.484013 0.781202 0.0187153 0.0172033 None
0 0.423313 0.923132 0.0161505 0.0256865 None
0 0.515399 0.784417 0.00848351 0.0366452 None
0 0.889712 0.766845 0.0116156 0.0303423 None
0 0.973702 0.76543 0.0171568 0.0229719 None
0 0.939253 0.725572 0.00561943 0.0194121 None
0 0.939113 0.742085 0.0122482 0.0511929 None
0 0.900524 0.974453 0.0304737 0.0355379 None
0 0.329942 0.71152 0.00728459 0.0155808 None
0 0.577692 0.875414 0.0327195 0.0139893 None
0 0.0060409 0.978623 0.0119682 0.0189738 None
0 0.577724 0.871893 0.033633 0.0223207 None
0 0.950276 0.862652 0.0305765 0.0206623 None
0 0.995317 0.808434 0.00890408 0.0293416 None
0 0.328447 0.714778 0.0116199 0.0136968 None
0 0.819499 0.772104 0.0188442 0.047503 None
0 0.978968 0.6496 0.00513496 0.0138173 None
0 0.0584111 0.748897 0.00305505 0.00429315 None
0 0.879167 0.98604 0.0368917 0.0269819 None
0 0.912329 0.6823 0.00488491 0.0132738 None
0 0.710844 0.832335 0.0272272 0.0335571 None
0 0.94796 0.865003 0.0355297 0.0192854 None
0 0.426252 0.903103 0.0138006 0.0360613 None
0 0.936483 0.8666 0.012402 0.0152157 None
0 0.546114 0.740038 0.0209684 0.00761176 None
0 0.53903 0.740047 0.00598412 0.00680881 None
0 0.874142 0.985161 0.0260185 0.0270715 None
0 0.942093 0.742514 0.0111675 0.0516254 None
0 0.68865 0.82043 0.0257583 0.0085239 None
0 0.0798902 0.747247 0.0135829 0.015841 None
0 0.486224 0.806764 0.0232638 0.0649033 None
