0 0.842962 0.765689 0.0083046 0.0448147 106797
0 0.516667 0.819653 0.0107426 0.0600255 106798
0 0.453735 0.835209 0.0116201 0.0641415 106799
0 0.351596 0.848086 0.0147492 0.0619717 106800
0 0.796715 0.774972 0.00838509 0.0465895 106801
0 0.555329 0.818431 0.0100183 0.0485557 106802
0 0.473149 0.828619 0.00902672 0.0562249 106803
0 0.831218 0.834745 0.0169117 0.0328956 106804
0 0.743134 0.783554 0.00745945 0.048961 106805
0 0.391169 0.817585 0.0171367 0.0545203 106806
0 0.610474 0.808778 0.00909538 0.0477634 106807
0 0.623841 0.815317 0.00794678 0.0392853 106808
0 0.733586 0.786103 0.00895252 0.0457913 106809
0 0.688989 0.795111 0.0104561 0.0443553 106810
0 0.701016 0.793312 0.0105456 0.0449836 106811
0 0.114459 0.982725 0.0319181 0.0252611 106812
0 0.194677 0.899311 0.0127822 0.0667525 106813
0 0.718533 0.830465 0.0133221 0.0310293 106814
0 0.902752 0.972837 0.0333851 0.0391713 106815
0 0.956281 0.849499 0.0166939 0.0379852 106816
0 0.19813 0.916214 0.0457486 0.0304016 106817
0 0.952051 0.736285 0.00508461 0.0174978 106818
0 0.928861 0.72864 0.00644512 0.0228278 106819
0 0.889915 0.976121 0.0583401 0.0455231 106820
0 0.355158 0.98937 0.0138297 0.0212609 106821
0 0.477072 0.856752 0.0128045 0.0247226 106822
0 0.287399 0.736736 0.0157664 0.00956014 106823
0 0.0959825 0.739254 0.00725393 0.0251092 106824
0 0.919063 0.750925 0.0130676 0.0365399 106825
0 0.853351 0.835101 0.0212353 0.026327 106826
0 0.715495 0.830771 0.0198973 0.0320224 106827
0 0.854915 0.834504 0.0149937 0.0253581 106828
0 0.878147 0.697023 0.00552864 0.0194544 106829
0 0.91626 0.750898 0.00729332 0.0360223 106830
0 0.896464 0.685467 0.00636902 0.0177607 106831
0 0.0220795 0.938304 0.044159 0.0291146 106832
0 0.948916 0.85098 0.0315811 0.0408535 106833
0 0.676819 0.815525 0.0164762 0.018593 106834
0 0.286459 0.728756 0.00626144 0.0155411 106835
0 0.996161 0.81342 0.00727215 0.0167911 106836
0 0.23968 0.721177 0.00674105 0.014561 106837
0 0.972343 0.762404 0.0149265 0.0272081 106838
0 0.883528 0.981588 0.0454924 0.0355757 106839
0 0.00394642 0.747668 0.00781454 0.0134791 106840
0 0.989089 0.731399 0.00955009 0.0241075 106841
0 0.194552 0.884516 0.0120445 0.0374196 106842
0 0.769858 0.81309 0.0152098 0.0153359 106843
0 0.468858 0.759362 0.0108309 0.0155168 106844
0 0.773219 0.813477 0.0217426 0.0163774 106845
0 0.330521 0.770746 0.00646119 0.0137817 106846
0 0.97345 0.752451 0.00699883 0.00875244 106847
0 0.590965 0.765689 0.00968018 0.0176041 106848
0 0.0961217 0.743987 0.00756502 0.0350501 106849
0 0.940529 0.674075 0.00581417 0.019958 106850
0 0.944948 0.853831 0.0321739 0.0386814 106851
0 0.212766 0.990258 0.0183683 0.0193492 106852
0 0.87927 0.696607 0.00865555 0.0200528 106853
0 0.923177 0.675762 0.00783501 0.0268442 106854
0 0.0985483 0.994435 0.0541478 0.00834113 106855
0 0.937183 0.859897 0.0175678 0.0266795 106856
0 0.973766 0.768704 0.0187336 0.0163483 106857
0 0.00580061 0.979413 0.0115728 0.0187107 106858
0 0.473504 0.856898 0.0210842 0.025838 106859
0 0.0994988 0.984556 0.0628963 0.0279934 106860
0 0.588066 0.911969 0.0540103 0.014621 106861
0 0.57759 0.875565 0.0334351 0.0133558 106862
0 0.913445 0.974366 0.0444382 0.0421475 106863
0 0.287173 0.730575 0.0119726 0.0192663 106864
0 0.92139 0.973813 0.0289438 0.0406309 106865
0 0.843421 0.835397 0.0412788 0.0334374 106866
0 0.482496 0.856817 0.0177847 0.0242642 106867
0 0.975667 0.674889 0.00587006 0.0174679 106868
0 0.975255 0.771796 0.0175472 0.0104902 106869
0 0.979477 0.650674 0.00569229 0.0132812 106870
0 0.914077 0.971935 0.00993042 0.0365879 106871
0 0.861597 0.836061 0.0367521 0.0327535 106872
0 0.953606 0.736565 0.00808334 0.018346 106873
0 0.485188 0.856965 0.0356581 0.0240407 106874
0 0.235647 0.731689 0.0310163 0.0123906 106875
0 0.713653 0.837473 0.023325 0.0201891 106876
0 0.522407 0.723689 0.0135098 0.0105415 106877
0 0.577158 0.875186 0.0334642 0.0133274 106878
0 0.104287 0.747801 0.0123755 0.0138024 106879
0 0.974651 0.675536 0.0069767 0.0174299 106880
0 0.994798 0.813605 0.0100346 0.0174076 106881
0 0.185523 0.912965 0.0197801 0.0243656 106882
0 0.589273 0.91347 0.0495408 0.0111623 106883
0 0.882678 0.695934 0.00429955 0.0169274 106884
0 0.872642 0.845583 0.0146671 0.015095 106885
0 0.970574 0.771379 0.0289555 0.0153297 106886
0 0.197208 0.900164 0.0180193 0.06917 106887
0 0.712155 0.832231 0.0265999 0.0317346 106888
0 0.250444 0.768088 0.0190332 0.0129144 106889
0 0.969205 0.763376 0.0261608 0.028948 106890
0 0.687485 0.787408 0.00847769 0.0320875 106891
0 0.351744 0.83717 0.0136505 0.0393424 106892
0 0.854707 0.836233 0.050395 0.0364368 106893
0 0.947566 0.859139 0.0386829 0.0317003 106894
0 0.926386 0.736594 0.0118406 0.0352641 106895
0 0.924068 0.978366 0.0232914 0.0303399 106896
0 0.875347 0.985072 0.0294399 0.0284451 106897
0 0.588437 0.907855 0.0538935 0.0230187 106898
0 0.494916 0.862723 0.0162741 0.0110036 106899
0 0.153531 0.98331 0.0178397 0.0131507 106900
0 0.18865 0.914033 0.0270978 0.0264396 106901
0 0.591303 0.908063 0.0605103 0.0223975 106902
0 0.195405 0.922383 0.00860076 0.0431149 106903
0 0.952605 0.661485 0.00546951 0.0123526 106904
0 0.191966 0.91783 0.0298384 0.0333678 106905
0 0.119559 0.984304 0.040352 0.0226873 106906
