0 0.267171 0.902012 0.0161902 0.0774797 100102
0 0.45258 0.835015 0.0127851 0.0661704 100103
0 0.509635 0.820188 0.0125005 0.0535131 100104
0 0.373076 0.844505 0.0121647 0.0632558 100105
0 0.842773 0.764888 0.00846577 0.0405216 100106
0 0.797225 0.7752 0.00921383 0.0500231 100107
0 0.718421 0.829619 0.0143634 0.0324131 100108
0 0.702475 0.792667 0.0103984 0.0472477 100109
0 0.689072 0.79483 0.0102721 0.0458554 100110
0 0.730819 0.786132 0.00867491 0.0457904 100111
0 0.831296 0.835002 0.0167858 0.032529 100112
0 0.630701 0.804958 0.00869446 0.0469081 100113
0 0.95668 0.847868 0.0161343 0.0346139 100114
0 0.114346 0.98273 0.0310958 0.0240943 100115
0 0.198675 0.916256 0.0435705 0.0305881 100116
0 0.946243 0.850072 0.0146809 0.0362379 100117
0 0.391072 0.83246 0.0177268 0.0852753 100118
0 0.93037 0.728231 0.00828915 0.0214915 100119
0 0.924377 0.751573 0.00879478 0.0373766 100120
0 0.853845 0.83427 0.0203125 0.0281023 100121
0 0.971264 0.733894 0.00623055 0.0282413 100122
0 0.550611 0.81484 0.00887566 0.0535934 100123
0 0.355221 0.98941 0.0147545 0.0211802 100124
0 0.554207 0.815331 0.0114856 0.0556122 100125
0 0.475677 0.857215 0.0174417 0.0238841 100126
0 0.0222033 0.938729 0.0444066 0.0294157 100127
0 0.971676 0.762607 0.0137785 0.0264989 100128
0 0.8909 0.976932 0.0599581 0.0441162 100129
0 0.7398 0.783188 0.00669899 0.0455443 100130
0 0.577756 0.874956 0.0325041 0.0158184 100131
0 0.904733 0.973282 0.0386337 0.0384191 100132
0 0.649199 0.811936 0.00537586 0.0240684 100133
0 0.883007 0.984892 0.0441267 0.0284461 100134
0 0.555836 0.81725 0.00868244 0.0507938 100135
0 0.677165 0.815341 0.0183353 0.018179 100136
0 0.00581542 0.975889 0.0115578 0.0255907 100137
0 0.519217 0.757112 0.0104042 0.0199549 100138
0 0.484605 0.857259 0.0360742 0.0240551 100139
0 0.00321562 0.976022 0.00638028 0.024314 100140
0 0.941671 0.852704 0.0253605 0.0412269 100141
0 0.941047 0.67186 0.00605907 0.019554 100142
0 0.911327 0.974249 0.0485226 0.0409137 100143
0 0.0419934 0.737587 0.00794799 0.0150153 100144
0 0.340903 0.772044 0.0038116 0.0102325 100145
0 0.950973 0.850225 0.0286295 0.0379937 100146
0 0.0982703 0.994136 0.0519928 0.00809598 100147
0 0.922376 0.973583 0.0261585 0.0391978 100148
0 0.0608333 0.732041 0.00777917 0.0155777 100149
0 0.853175 0.83645 0.025798 0.0324827 100150
0 0.917414 0.972191 0.0158043 0.0364504 100151
0 0.866555 0.695879 0.00663147 0.0142097 100152
0 0.391515 0.814977 0.0165504 0.0496209 100153
0 0.94258 0.850267 0.018819 0.0375353 100154
0 0.962142 0.6732 0.00518227 0.0197914 100155
0 0.927318 0.744093 0.0148739 0.0526571 100156
0 0.990948 0.671027 0.00465984 0.0158084 100157
0 0.914772 0.972149 0.0103447 0.0367035 100158
0 0.895297 0.6822 0.00570164 0.0140757 100159
0 0.78596 0.81396 0.0366032 0.0191615 100160
0 0.860446 0.79463 0.00545235 0.013598 100161
0 0.288469 0.738744 0.00956726 0.01435 100162
0 0.286408 0.738815 0.0138775 0.0144889 100163
0 0.541076 0.848308 0.00761967 0.0296351 100164
0 0.99799 0.729295 0.00360489 0.0276006 100165
0 0.940644 0.674367 0.00570126 0.0205302 100166
0 0.899743 0.975363 0.0304413 0.0337121 100167
0 0.926614 0.751894 0.0129665 0.0410914 100168
0 0.974614 0.771431 0.0183697 0.0105913 100169
0 0.9969 0.670075 0.00553989 0.0171507 100170
0 0.00846264 0.975908 0.0167549 0.0270064 100171
0 0.935599 0.866574 0.0145187 0.0147705 100172
0 0.1022 0.984495 0.05858 0.0261468 100173
0 0.996054 0.807679 0.00748329 0.0285678 100174
0 0.773867 0.813557 0.0206347 0.018877 100175
0 0.923483 0.679857 0.0060236 0.0104971 100176
0 0.770651 0.812963 0.0142662 0.0172687 100177
0 0.592874 0.907388 0.0623358 0.0232771 100178
0 0.737462 0.781863 0.0091198 0.048842 100179
0 0.938181 0.866288 0.0203918 0.0160458 100180
0 0.263941 0.723783 0.008846 0.0145911 100181
0 0.0622528 0.732337 0.0107357 0.0160592 100182
0 0.265396 0.729294 0.0101427 0.00939178 100183
0 0.866573 0.695051 0.00812149 0.0166195 100184
0 0.963094 0.673195 0.00588493 0.0195341 100185
0 0.119746 0.98391 0.040901 0.0248286 100186
0 0.141904 0.751347 0.0303629 0.0097524 100187
0 0.916842 0.67122 0.00667725 0.0109375 100188
0 0.597672 0.804918 0.0300498 0.0115985 100189
0 0.778286 0.815384 0.0110029 0.0154714 100190
0 0.788922 0.815723 0.0302549 0.0156052 100191
0 0.0419122 0.734469 0.00806264 0.021099 100192
0 0.785472 0.814102 0.026689 0.017829 100193
0 0.37361 0.836352 0.0116499 0.0429913 100194
0 0.593935 0.911755 0.0603273 0.0143438 100195
0 0.460336 0.756273 0.00940504 0.0118095 100196
0 0.956867 0.867143 0.0600964 0.0146925 100197
0 0.950874 0.868097 0.0430964 0.0146586 100198
0 0.844595 0.836585 0.0454189 0.0343564 100199
0 0.860754 0.845965 0.0387701 0.0161943 100200
0 0.948581 0.861313 0.040727 0.0286743 100201
0 0.996115 0.816757 0.0072958 0.01309 100202
0 0.958359 0.848869 0.0226868 0.0352117 100203
0 0.974885 0.762464 0.0212475 0.0278232 100204
0 0.857486 0.837646 0.0438957 0.0330922 100205
0 0.964803 0.863038 0.0438236 0.00969374 100206
0 0.512463 0.722467 0.0194077 0.0113 100207
0 0.89119 0.987258 0.0305885 0.0225354 100208
