0 0.452835 0.833284 0.0129258 0.0674754 None
0 0.80928 0.770682 0.0100925 0.0508192 None
0 0.83063 0.834936 0.0175034 0.0329688 None
0 0.767775 0.779856 0.00866051 0.0425764 None
0 0.843631 0.766716 0.00728073 0.0463169 None
0 0.95361 0.849855 0.022184 0.042455 None
0 0.75319 0.781061 0.00786934 0.0489014 None
0 0.70272 0.792912 0.0106183 0.0448646 None
0 0.693349 0.793986 0.00962858 0.0438473 None
0 0.736887 0.785853 0.00888233 0.0464791 None
0 0.796847 0.775555 0.00864439 0.0482412 None
0 0.564589 0.815819 0.0120838 0.0454583 None
0 0.679875 0.794659 0.0110485 0.0413317 None
0 0.781004 0.786434 0.006213 0.0313999 None
0 0.0221692 0.938695 0.0442493 0.028403 None
0 0.789615 0.774 0.00771046 0.0482854 None
0 0.19796 0.915976 0.0453173 0.0319675 None
0 0.482269 0.858076 0.0287483 0.0219893 None
0 0.938298 0.728867 0.00790081 0.0223285 None
0 0.717874 0.830234 0.013992 0.0317364 None
0 0.856462 0.830636 0.013938 0.0330031 None
0 0.287576 0.723281 0.00704012 0.0163818 None
0 0.115219 0.981208 0.0313536 0.0232775 None
0 0.973956 0.763076 0.0188774 0.0270928 None
0 0.852861 0.831776 0.0224468 0.0342563 None
0 0.90787 0.97274 0.0442808 0.042647 None
0 0.275495 0.730904 0.00638394 0.0158179 None
0 0.432558 0.914789 0.0266718 0.0377148 None
0 0.894501 0.975275 0.0681992 0.0470205 None
0 0.0069328 0.748618 0.00890951 0.0184004 None
0 0.713946 0.830332 0.0224575 0.0324816 None
0 0.119735 0.982595 0.0403421 0.0262105 None
0 0.354403 0.989293 0.0156308 0.0214135 None
0 0.316282 0.714326 0.00601778 0.0187215 None
0 0.0631717 0.742565 0.0105337 0.0263563 None
0 0.0648279 0.74572 0.00698686 0.0204983 None
0 0.274371 0.730869 0.00837593 0.0166402 None
0 0.00578069 0.975461 0.0115018 0.0268489 None
0 0.996207 0.807548 0.00718193 0.0278761 None
0 0.0612151 0.741944 0.0154685 0.0279322 None
0 0.883471 0.97947 0.0462223 0.0389269 None
0 0.576297 0.875775 0.0316687 0.013874 None
0 0.182838 0.734684 0.0106101 0.00884433 None
0 0.141041 0.738089 0.0174284 0.00974884 None
0 0.440799 0.919092 0.0103218 0.0249642 None
0 0.0973964 0.994117 0.0504754 0.00847236 None
0 0.00263811 0.975884 0.00522746 0.0253676 None
0 0.135413 0.738766 0.00533223 0.00832011 None
0 0.00594421 0.749031 0.0118531 0.0198442 None
0 0.97208 0.671544 0.00688629 0.018524 None
0 0.0556167 0.740723 0.00845015 0.00928277 None
0 0.983017 0.667136 0.00580597 0.0214133 None
0 0.522442 0.73571 0.00995989 0.00998433 None
0 0.10695 0.983773 0.0660939 0.0279466 None
0 0.428467 0.916862 0.0208164 0.0326796 None
0 0.980295 0.666019 0.00664711 0.0198016 None
0 0.984063 0.668305 0.00528984 0.0202698 None
0 0.416524 0.778991 0.00833302 0.0175529 None
0 0.54059 0.849048 0.00689068 0.0275926 None
0 0.981041 0.667735 0.00624161 0.0217508 None
0 0.921878 0.972568 0.0269249 0.0425852 None
0 0.67818 0.816923 0.0197242 0.0161401 None
0 0.955582 0.668979 0.0078373 0.0250905 None
0 0.39124 0.817293 0.0177596 0.0546907 None
0 0.879486 0.686594 0.00534554 0.0155116 None
0 0.954539 0.663794 0.00573235 0.0170011 None
0 0.980333 0.668951 0.00896454 0.0237226 None
0 0.958081 0.850412 0.0136095 0.0390459 None
0 0.771122 0.812813 0.0120396 0.0150123 None
0 0.957757 0.670894 0.00761948 0.0210354 None
0 0.990761 0.770249 0.0179935 0.00725454 None
0 0.927706 0.679911 0.00623703 0.0119851 None
0 0.916213 0.969804 0.0136951 0.0385079 None
0 0.918156 0.97151 0.0188297 0.0404775 None
0 0.423274 0.915136 0.0451772 0.0389737 None
0 0.419212 0.762662 0.0238497 0.0113797 None
0 0.676973 0.798272 0.0172653 0.0495692 None
0 0.00381026 0.973984 0.00756148 0.0298804 None
0 0.852708 0.848756 0.0243027 0.00879584 None
0 0.85803 0.835011 0.0423973 0.0382392 None
0 0.975969 0.771423 0.0158695 0.0103778 None
0 0.863464 0.833086 0.030299 0.0384811 None
0 0.79863 0.774553 0.0110089 0.0498959 None
0 0.153468 0.983784 0.0175604 0.0123691 None
0 0.879893 0.983179 0.0386681 0.0318958 None
0 0.349492 0.989339 0.0263083 0.0212019 None
0 0.971089 0.670754 0.00671654 0.0201223 None
0 0.00600859 0.755789 0.0119828 0.014034 None
0 0.416309 0.78038 0.0152095 0.0180023 None
0 0.412958 0.763231 0.00856342 0.00955471 None
0 0.00913362 0.975845 0.018039 0.0285222 None
0 0.415783 0.777122 0.0182762 0.0224698 None
0 0.90372 0.977254 0.0356308 0.0320201 None
0 0.768301 0.813182 0.0103003 0.0147173 None
0 0.990734 0.76824 0.0180504 0.0101757 None
0 0.935766 0.866876 0.0110535 0.0148553 None
0 0.67384 0.81794 0.0112357 0.014248 None
0 0.684193 0.796089 0.0129625 0.0450131 None
0 0.873771 0.985301 0.0262392 0.0271891 None
0 0.990102 0.765424 0.0193243 0.0140274 None
0 0.137878 0.739955 0.0231446 0.00842658 None
0 0.90829 0.755237 0.0256109 0.010799 None
0 0.433865 0.830589 0.0298561 0.0143253 None
0 0.592937 0.909784 0.0616885 0.0193453 None
0 0.40997 0.932773 0.0290363 0.00721012 None
0 0.592642 0.907046 0.0618594 0.0240299 None
0 0.779398 0.815043 0.00776253 0.0118798 None
0 0.589688 0.914029 0.0556507 0.010182 None
0 0.411492 0.762358 0.00777063 0.0104879 None
0 0.413564 0.781768 0.0143448 0.0133318 None
0 0.964224 0.851107 0.0459984 0.0444177 None
0 0.952577 0.86074 0.0192532 0.021776 None
0 0.802973 0.772401 0.0204426 0.0517473 None
0 0.773953 0.812827 0.0191071 0.0167297 None
0 0.971629 0.862165 0.0329983 0.0118842 None
0 0.779844 0.698131 0.00722332 0.0173694 None
