0 0.602667 0.809313 0.0101503 0.0495385 66054
0 0.534306 0.81971 0.0133194 0.0547233 66055
0 0.830782 0.834659 0.0174622 0.0335836 66056
0 0.452358 0.83445 0.0123072 0.0665192 66057
0 0.953717 0.849821 0.0219862 0.0427763 66058
0 0.702499 0.789096 0.0103617 0.0522113 66059
0 0.84252 0.766351 0.00879135 0.0445545 66060
0 0.692728 0.794971 0.0102476 0.0484616 66061
0 0.74662 0.782108 0.0074995 0.046146 66062
0 0.797052 0.775796 0.00719719 0.0475008 66063
0 0.475688 0.854041 0.016364 0.0301068 66064
0 0.723354 0.788541 0.0100445 0.0443163 66065
0 0.732552 0.783758 0.00886459 0.0511234 66066
0 0.939579 0.728465 0.00678864 0.0205963 66067
0 0.198062 0.916059 0.0456933 0.0308185 66068
0 0.718206 0.830926 0.0130972 0.0302114 66069
0 0.00780418 0.747607 0.00882154 0.016213 66070
0 0.270446 0.732857 0.0080946 0.0159865 66071
0 0.287946 0.724971 0.00510559 0.0170614 66072
0 0.974066 0.762553 0.0179146 0.0274589 66073
0 0.856841 0.828898 0.0136999 0.0335714 66074
0 0.354445 0.989183 0.0150321 0.0216331 66075
0 0.433784 0.914225 0.0245085 0.0375841 66076
0 0.0220887 0.938488 0.0441773 0.0281274 66077
0 0.971502 0.762278 0.0123756 0.0272815 66078
0 0.401573 0.764492 0.00525007 0.0159132 66079
0 0.0614952 0.739804 0.00534709 0.0249568 66080
0 0.114621 0.982559 0.032156 0.027278 66081
0 0.00582037 0.98048 0.0115728 0.0161163 66082
0 0.883401 0.984491 0.043684 0.0298891 66083
0 0.910786 0.972779 0.0481117 0.042746 66084
0 0.92154 0.972172 0.0273876 0.0416212 66085
0 0.313118 0.709086 0.00609078 0.0154728 66086
0 0.712134 0.831578 0.0258772 0.0312631 66087
0 0.853989 0.830105 0.0207165 0.0355381 66088
0 0.268526 0.733123 0.0119768 0.0168908 66089
0 0.0658682 0.748311 0.00690475 0.0133308 66090
0 0.507801 0.732133 0.00715847 0.0120148 66091
0 0.833376 0.694107 0.0045414 0.0127916 66092
0 0.676505 0.815259 0.0166427 0.0189545 66093
0 0.0625951 0.741065 0.00829904 0.0273994 66094
0 0.155417 0.733741 0.0146278 0.0126879 66095
0 0.996169 0.811488 0.00725021 0.0206852 66096
0 0.903928 0.972274 0.0371349 0.0411096 66097
0 0.140512 0.739295 0.00435941 0.00756785 66098
0 0.393261 0.775514 0.00541425 0.0144036 66099
0 0.437501 0.915001 0.0166715 0.0347651 66100
0 0.39108 0.833214 0.0185515 0.0864646 66101
0 0.392332 0.774534 0.00743799 0.0140923 66102
0 0.577012 0.875809 0.0339434 0.0138818 66103
0 0.738889 0.779875 0.00488911 0.0274424 66104
0 0.102893 0.98332 0.0618104 0.0293284 66105
0 0.896439 0.975988 0.0696011 0.0457123 66106
0 0.110245 0.98131 0.0230424 0.0251214 66107
0 0.0103309 0.757787 0.0178108 0.0109643 66108
0 0.102049 0.99426 0.060103 0.00838928 66109
0 0.891205 0.6734 0.00528793 0.00974452 66110
0 0.394885 0.774027 0.0110754 0.0128489 66111
0 0.872584 0.845538 0.0150982 0.0151737 66112
0 0.770853 0.812646 0.0123134 0.014871 66113
0 0.914632 0.971333 0.0107098 0.0406991 66114
0 0.132312 0.73893 0.00654788 0.00850881 66115
0 0.978909 0.673962 0.00567818 0.0200434 66116
0 0.739001 0.780622 0.00650816 0.0345093 66117
0 0.742784 0.780655 0.00978203 0.0440674 66118
0 0.737929 0.782645 0.00573483 0.048213 66119
0 0.0656877 0.742136 0.0157302 0.0289144 66120
0 0.959067 0.850439 0.0116516 0.036714 66121
0 0.860388 0.79498 0.00787163 0.0130168 66122
0 0.946691 0.673259 0.00487709 0.0106575 66123
0 0.43605 0.908401 0.0249303 0.0485925 66124
0 0.397993 0.766141 0.0186445 0.0186081 66125
0 0.120021 0.983595 0.0421588 0.0275224 66126
0 0.130497 0.738802 0.00658913 0.00882162 66127
0 0.853072 0.847368 0.0262358 0.0120558 66128
0 0.00911105 0.980643 0.0181044 0.017051 66129
0 0.429054 0.913849 0.0345417 0.039642 66130
0 0.131099 0.737765 0.00464146 0.0103548 66131
0 0.864348 0.832973 0.031982 0.0403186 66132
0 0.28726 0.723888 0.00731959 0.0201182 66133
0 0.859983 0.845999 0.040773 0.016648 66134
0 0.435109 0.762834 0.00391712 0.00793254 66135
0 0.943834 0.739761 0.0185261 0.0089074 66136
0 0.922943 0.981958 0.0252209 0.0231542 66137
0 0.775634 0.81287 0.0154869 0.01638 66138
0 0.736783 0.783092 0.0149472 0.0510017 66139
0 0.778167 0.81437 0.0108578 0.0134794 66140
0 0.90927 0.673931 0.00802307 0.0116518 66141
0 0.391024 0.814362 0.0179917 0.048656 66142
0 0.856925 0.795605 0.0181129 0.012795 66143
0 0.858461 0.832985 0.0440014 0.0423631 66144
0 0.393017 0.820723 0.021359 0.110881 66145
0 0.577241 0.873061 0.0341703 0.0198512 66146
0 0.889963 0.984973 0.0330318 0.0272425 66147
0 0.575435 0.881688 0.0311356 0.00634494 66148
0 0.858898 0.847284 0.0387417 0.0132755 66149
0 0.996243 0.803517 0.00707817 0.0369575 66150
0 0.952152 0.862765 0.0189312 0.0185364 66151
0 0.506678 0.733517 0.00968037 0.0121263 66152
0 0.971439 0.659695 0.00522785 0.0116382 66153
