0 0.391401 0.831473 0.0183894 0.0839918 95542
0 0.453189 0.834267 0.0132946 0.0666655 95543
0 0.796718 0.776023 0.00898304 0.0512589 95544
0 0.320823 0.902348 0.0196671 0.0795685 95545
0 0.554771 0.81679 0.00948639 0.0461723 95546
0 0.579752 0.811104 0.0122494 0.0598426 95547
0 0.831182 0.835096 0.0170534 0.0325748 95548
0 0.720408 0.787372 0.0109772 0.0488888 95549
0 0.537883 0.818496 0.0123201 0.0567881 95550
0 0.645965 0.802774 0.00967789 0.0492252 95551
0 0.843183 0.76402 0.00816536 0.0396732 95552
0 0.717994 0.830326 0.0135609 0.0313419 95553
0 0.689519 0.795939 0.0114235 0.0464588 95554
0 0.957083 0.848131 0.0153481 0.0363597 95555
0 0.70151 0.795104 0.011478 0.0499936 95556
0 0.116307 0.982815 0.0366361 0.0279468 95557
0 0.731646 0.785134 0.00989399 0.050964 95558
0 0.198413 0.916479 0.0449881 0.0305435 95559
0 0.929475 0.746238 0.00940781 0.0550249 95560
0 0.0221512 0.938937 0.0443024 0.0299408 95561
0 0.944671 0.850846 0.0165411 0.0393111 95562
0 0.663058 0.806328 0.00708618 0.0341315 95563
0 0.89409 0.975859 0.065098 0.0446159 95564
0 0.484309 0.857665 0.0369882 0.023902 95565
0 0.475761 0.857667 0.0194965 0.0232929 95566
0 0.0964955 0.994058 0.0481775 0.00831994 95567
0 0.906446 0.973497 0.0400784 0.0398439 95568
0 0.852882 0.833688 0.0226358 0.030285 95569
0 0.971577 0.763239 0.0135365 0.0257936 95570
0 0.355358 0.989281 0.0134861 0.0214376 95571
0 0.860905 0.696161 0.00739117 0.0210271 95572
0 0.974069 0.763513 0.0190157 0.0264513 95573
0 0.932072 0.745745 0.0146576 0.0561405 95574
0 0.00512474 0.976402 0.01019 0.0248352 95575
0 0.987344 0.732756 0.00601139 0.0296095 95576
0 0.857199 0.830978 0.0122993 0.0269399 95577
0 0.917444 0.972895 0.0171101 0.0384883 95578
0 0.00320801 0.976483 0.0063629 0.0239039 95579
0 0.940769 0.85252 0.0226376 0.0430769 95580
0 0.34651 0.772368 0.00430665 0.00973799 95581
0 0.883769 0.981169 0.0449757 0.035512 95582
0 0.106588 0.983023 0.056409 0.0290582 95583
0 0.675589 0.815103 0.0161427 0.019574 95584
0 0.849104 0.833414 0.0111855 0.0259956 95585
0 0.996176 0.813502 0.00724144 0.0157928 95586
0 0.0550899 0.73982 0.0123889 0.0188761 95587
0 0.715299 0.830745 0.0199533 0.0319071 95588
0 0.901302 0.683168 0.00514412 0.0160331 95589
0 0.85334 0.848906 0.0243876 0.00806105 95590
0 0.577137 0.875632 0.0339221 0.0138 95591
0 0.921431 0.973284 0.0260899 0.0390862 95592
0 0.95955 0.67127 0.00378284 0.0161273 95593
0 0.054855 0.741108 0.0152166 0.0230801 95594
0 0.731001 0.77866 0.00823612 0.0393536 95595
0 0.773066 0.813773 0.0213223 0.0192598 95596
0 0.940036 0.674994 0.00585327 0.0164447 95597
0 0.0771612 0.754517 0.00559561 0.01038 95598
0 0.460162 0.753398 0.00360708 0.0111891 95599
0 0.860191 0.695661 0.00972519 0.023094 95600
0 0.0999674 0.992426 0.0548564 0.0106269 95601
0 0.577561 0.879294 0.0341654 0.0138377 95602
0 0.987453 0.672456 0.00508347 0.0143728 95603
0 0.83701 0.835352 0.0286449 0.0332187 95604
0 0.912401 0.672741 0.00557251 0.0130827 95605
0 0.333633 0.724566 0.0127438 0.0125305 95606
0 0.153459 0.983643 0.0177642 0.0123888 95607
0 0.939954 0.678165 0.00580978 0.0118646 95608
0 0.929676 0.730124 0.00935993 0.0295919 95609
0 0.00880269 0.976626 0.0174328 0.0268236 95610
0 0.334101 0.724585 0.0190902 0.0143965 95611
0 0.819094 0.814415 0.00960464 0.0100891 95612
0 0.00377995 0.973404 0.00749251 0.0303284 95613
0 0.863347 0.835091 0.0280937 0.0350288 95614
0 0.509717 0.721578 0.0150982 0.0119642 95615
0 0.360085 0.895841 0.0139361 0.0313029 95616
0 0.509452 0.721001 0.00798416 0.010901 95617
0 0.00585545 0.97329 0.0115581 0.0317898 95618
0 0.935249 0.867607 0.0125261 0.0133952 95619
0 0.495264 0.862574 0.0152098 0.012362 95620
0 0.337656 0.72542 0.0232054 0.0133565 95621
0 0.665075 0.806939 0.0113949 0.0359239 95622
0 0.990025 0.733223 0.0107073 0.031072 95623
0 0.78143 0.813619 0.036146 0.0201742 95624
0 0.332694 0.724779 0.0278276 0.0144779 95625
0 0.928196 0.68133 0.00719624 0.00946706 95626
0 0.27672 0.734697 0.0281165 0.0207187 95627
0 0.877586 0.985186 0.0328251 0.0280765 95628
0 0.270932 0.731019 0.00931635 0.0130164 95629
0 0.95368 0.660997 0.00427513 0.010896 95630
0 0.577908 0.887054 0.0347585 0.0090115 95631
0 0.34143 0.915978 0.0336063 0.0131042 95632
0 0.103329 0.984299 0.0626862 0.0263577 95633
0 0.844435 0.840984 0.0439217 0.0247562 95634
0 0.113277 0.99524 0.080929 0.00952098 95635
0 0.895843 0.9734 0.019239 0.0229631 95636
0 0.6484 0.8028 0.0146725 0.0491947 95637
