0 0.797056 0.775849 0.0125475 0.0498255 56679
0 0.452047 0.833067 0.0119177 0.0674576 56680
0 0.777788 0.777437 0.00984306 0.052851 56681
0 0.555528 0.816167 0.0125135 0.0531055 56682
0 0.642748 0.805061 0.0098465 0.0450053 56683
0 0.953734 0.850006 0.0227562 0.0428426 56684
0 0.692448 0.79655 0.00964813 0.0455183 56685
0 0.830583 0.83465 0.0174469 0.0333528 56686
0 0.736742 0.785628 0.0084816 0.0475088 56687
0 0.702504 0.792179 0.010186 0.0455987 56688
0 0.718382 0.83013 0.0144395 0.0321794 56689
0 0.939988 0.72793 0.00727863 0.0205563 56690
0 0.89037 0.9757 0.0577644 0.0455102 56691
0 0.974579 0.762937 0.0193398 0.0272151 56692
0 0.47578 0.856666 0.0334848 0.0244661 56693
0 0.843784 0.762977 0.00739994 0.0391883 56694
0 0.75217 0.78205 0.00910893 0.0504879 56695
0 0.746895 0.784949 0.00727024 0.0474826 56696
0 0.058379 0.740429 0.00485468 0.0190506 56697
0 0.856387 0.830458 0.0136181 0.0323366 56698
0 0.00496239 0.752771 0.00957736 0.0170383 56699
0 0.355277 0.989184 0.0136153 0.0216324 56700
0 0.434169 0.91439 0.0229717 0.0374569 56701
0 0.902056 0.97295 0.0347055 0.0401577 56702
0 0.676373 0.815186 0.0159085 0.0178891 56703
0 0.290886 0.721045 0.00623298 0.0164602 56704
0 0.273843 0.729975 0.00580988 0.0165334 56705
0 0.11469 0.98149 0.0326526 0.0292945 56706
0 0.319059 0.714305 0.00555997 0.0161092 56707
0 0.108994 0.979539 0.0202972 0.0248047 56708
0 0.748292 0.783456 0.0102993 0.0511319 56709
0 0.754504 0.783378 0.010305 0.0466856 56710
0 0.198943 0.915886 0.046389 0.0318049 56711
0 0.757959 0.788697 0.00741501 0.0344686 56712
0 0.99687 0.675079 0.00582542 0.0284873 56713
0 0.883345 0.984962 0.0433847 0.0277134 56714
0 0.00598375 0.977351 0.0119527 0.0230757 56715
0 0.290872 0.726674 0.00670166 0.0124434 56716
0 0.714229 0.830665 0.0231514 0.0329146 56717
0 0.402837 0.77597 0.00783167 0.0138424 56718
0 0.99638 0.810227 0.00681763 0.0209256 56719
0 0.852579 0.848735 0.0268013 0.00974969 56720
0 0.852544 0.831427 0.0213688 0.0357808 56721
0 0.741251 0.785624 0.00525055 0.0468299 56722
0 0.105072 0.982376 0.0550705 0.030461 56723
0 0.0502269 0.741071 0.0119965 0.0129608 56724
0 0.0673264 0.752192 0.0107439 0.0165002 56725
0 0.922478 0.680943 0.00607758 0.0150721 56726
0 0.0688429 0.752072 0.0160383 0.0172234 56727
0 0.520269 0.730157 0.0112617 0.0129466 56728
0 0.407328 0.7752 0.0129739 0.015035 56729
0 0.0221583 0.938617 0.0443165 0.0319561 56730
0 0.102593 0.99399 0.0616549 0.00928141 56731
0 0.960066 0.850373 0.0103405 0.0382197 56732
0 0.577052 0.874591 0.0327663 0.0159444 56733
0 0.884839 0.97952 0.0465817 0.0377385 56734
0 0.00510901 0.757456 0.0101415 0.0106069 56735
0 0.41802 0.763462 0.0101494 0.0135239 56736
0 0.440851 0.9179 0.00951977 0.0255737 56737
0 0.404785 0.776423 0.0143303 0.0140728 56738
0 0.969867 0.670352 0.004636 0.0140775 56739
0 0.970044 0.672702 0.00530033 0.0179443 56740
0 0.273285 0.73436 0.00709047 0.0125604 56741
0 0.979684 0.670054 0.00628624 0.0214205 56742
0 0.00560098 0.756514 0.0109585 0.0142726 56743
0 0.85145 0.845697 0.0255318 0.0128898 56744
0 0.138426 0.739289 0.0154823 0.0121045 56745
0 0.39156 0.812577 0.0166042 0.0457075 56746
0 0.576969 0.87432 0.0328213 0.0157545 56747
0 0.304043 0.718753 0.0124109 0.00962813 56748
0 0.99065 0.767935 0.0182484 0.0111816 56749
0 0.103765 0.983107 0.0647647 0.0301381 56750
0 0.739753 0.784406 0.0106249 0.0492167 56751
0 0.979448 0.66668 0.00602036 0.0155439 56752
0 0.429318 0.914818 0.0330694 0.0386271 56753
0 0.936239 0.866223 0.0113789 0.0148041 56754
0 0.0715235 0.754554 0.0236454 0.0153222 56755
0 0.989262 0.763046 0.0210579 0.0121372 56756
0 0.541052 0.849097 0.00780468 0.0274129 56757
0 0.854962 0.847749 0.032951 0.0142619 56758
0 0.836989 0.834507 0.0305248 0.0356486 56759
0 0.989803 0.755705 0.0200039 0.00958422 56760
0 0.953212 0.860915 0.0220192 0.0224375 56761
0 0.862963 0.833363 0.0319572 0.0387061 56762
0 0.944356 0.865297 0.027916 0.0169471 56763
0 0.88487 0.989271 0.0390104 0.0187717 56764
0 0.843574 0.836528 0.0431189 0.0331519 56765
0 0.856896 0.834209 0.0433418 0.0398936 56766
0 0.861433 0.84371 0.0334038 0.0203257 56767
0 0.00925433 0.977012 0.0183653 0.025392 56768
0 0.55539 0.806843 0.0113918 0.0328684 56769
0 0.587795 0.913107 0.0515753 0.0122538 56770
0 0.960752 0.866404 0.0543541 0.0156762 56771
0 0.121152 0.984891 0.0188312 0.02446 56772
0 0.858197 0.781418 0.0506525 0.0105177 56773
0 0.871752 0.8454 0.013496 0.0158634 56774
0 0.859971 0.795248 0.00663891 0.0124951 56775
0 0.912591 0.973593 0.0486126 0.0419332 56776
0 0.122085 0.985544 0.0309967 0.0218345 56777
0 0.968358 0.863076 0.0387234 0.0118964 56778
