0 0.452501 0.833477 0.0122873 0.0672438 41770
0 0.714992 0.790453 0.00906916 0.0438704 41771
0 0.718569 0.830681 0.0143301 0.0305522 41772
0 0.830539 0.834832 0.0176041 0.0336382 41773
0 0.755825 0.781247 0.00741043 0.048898 41774
0 0.79673 0.774931 0.00819588 0.0491194 41775
0 0.819693 0.770119 0.0101135 0.0469099 41776
0 0.786481 0.778054 0.00943222 0.0445981 41777
0 0.738777 0.785012 0.00907421 0.0466078 41778
0 0.806749 0.781596 0.00627632 0.0311747 41779
0 0.953337 0.84975 0.0223743 0.0418294 41780
0 0.553472 0.812891 0.0121618 0.0453635 41781
0 0.694237 0.795045 0.00941353 0.0444672 41782
0 0.843438 0.7674 0.0083149 0.0454336 41783
0 0.0666426 0.740453 0.00653853 0.0274675 41784
0 0.434896 0.914169 0.0220559 0.0375826 41785
0 0.115419 0.983357 0.0311547 0.0262899 41786
0 0.473367 0.85514 0.0194128 0.0301807 41787
0 0.855851 0.83205 0.0154537 0.0316772 41788
0 0.837624 0.765231 0.00814705 0.0451199 41789
0 0.702382 0.79121 0.010601 0.0479974 41790
0 0.974077 0.763843 0.0193136 0.0246668 41791
0 0.198822 0.91621 0.0454972 0.0308597 41792
0 0.0665749 0.735406 0.00638155 0.0178311 41793
0 0.428761 0.778198 0.00997858 0.018689 41794
0 0.318316 0.713679 0.00578375 0.0170695 41795
0 0.891006 0.976579 0.0603527 0.0453535 41796
0 0.957025 0.848284 0.0153355 0.0391035 41797
0 0.355444 0.989256 0.0137318 0.0214881 41798
0 0.88339 0.98547 0.0451393 0.0272186 41799
0 0.903119 0.972788 0.0380339 0.0389711 41800
0 0.00651822 0.752712 0.0101397 0.0211253 41801
0 0.795284 0.697907 0.00428886 0.0159356 41802
0 0.778084 0.698172 0.00500145 0.0168848 41803
0 0.02215 0.938065 0.0443 0.0300666 41804
0 0.702362 0.807658 0.00504303 0.0151355 41805
0 0.103866 0.983815 0.0594751 0.0276113 41806
0 0.276991 0.727831 0.0056623 0.0159376 41807
0 0.852527 0.833299 0.0225639 0.0349535 41808
0 0.90999 0.973708 0.0490685 0.0417864 41809
0 0.676024 0.815485 0.0154421 0.0191923 41810
0 0.995543 0.813614 0.00850487 0.0159414 41811
0 0.0943614 0.993903 0.0440796 0.00860664 41812
0 0.526569 0.736842 0.0174395 0.01309 41813
0 0.00543116 0.978521 0.0108148 0.0204861 41814
0 0.00562968 0.755043 0.0110094 0.0165005 41815
0 0.69903 0.792658 0.0122057 0.0487549 41816
0 0.982141 0.662105 0.00912209 0.032618 41817
0 0.0677479 0.741182 0.00982792 0.0290795 41818
0 0.93825 0.726639 0.00737305 0.0152222 41819
0 0.110353 0.980899 0.0211221 0.0228465 41820
0 0.120432 0.985097 0.0391951 0.0234304 41821
0 0.921336 0.973732 0.0282612 0.0417721 41822
0 0.769931 0.812564 0.0151764 0.0164893 41823
0 0.9637 0.677411 0.00580902 0.0145608 41824
0 0.52635 0.736772 0.0178791 0.0137105 41825
0 0.186182 0.734849 0.0121089 0.00797255 41826
0 0.57743 0.875954 0.0326663 0.0137295 41827
0 0.925824 0.682783 0.00561371 0.0138845 41828
0 0.902013 0.978595 0.0335295 0.0275923 41829
0 0.948585 0.850766 0.0314003 0.0451538 41830
0 0.577103 0.875547 0.0321543 0.0135783 41831
0 0.9811 0.664409 0.00738373 0.0259029 41832
0 0.585223 0.80081 0.0259686 0.0139245 41833
0 0.793588 0.697953 0.00735626 0.016154 41834
0 0.973291 0.651599 0.00534229 0.0130325 41835
0 0.772849 0.812634 0.0217974 0.0177453 41836
0 0.840971 0.83447 0.0392673 0.035424 41837
0 0.0091102 0.977981 0.0180571 0.0231823 41838
0 0.863315 0.83413 0.0325764 0.0362749 41839
0 0.857385 0.835638 0.0440294 0.036515 41840
0 0.0677632 0.749186 0.0100779 0.0140367 41841
0 0.978232 0.66883 0.00682755 0.0260636 41842
0 0.587967 0.908032 0.0527241 0.0238118 41843
0 0.36465 0.752437 0.00444279 0.00746867 41844
0 0.872268 0.845477 0.0142488 0.0150452 41845
0 0.989265 0.674649 0.00485973 0.0188733 41846
0 0.0674526 0.746888 0.0101805 0.0200851 41847
0 0.779419 0.815834 0.00804291 0.0108446 41848
0 0.12615 0.986284 0.0257319 0.0217011 41849
0 0.851836 0.846388 0.0250011 0.0123267 41850
0 0.923982 0.981005 0.0219072 0.0257487 41851
0 0.913097 0.980683 0.0431198 0.0269721 41852
0 0.936868 0.867107 0.0128237 0.0151852 41853
0 0.884675 0.683694 0.00620747 0.00994873 41854
0 0.948452 0.857877 0.0313927 0.029531 41855
0 0.0051586 0.972074 0.0102763 0.0326345 41856
0 0.945711 0.865106 0.0297825 0.0183251 41857
0 0.0557667 0.752836 0.00482589 0.00824619 41858
0 0.678311 0.814245 0.0198685 0.0203325 41859
0 0.899686 0.972727 0.0309174 0.0321372 41860
0 0.813804 0.772818 0.00598984 0.0199019 41861
0 0.974187 0.674598 0.00562248 0.0189189 41862
0 0.790483 0.819642 0.0275133 0.0088562 41863
0 0.991135 0.676822 0.00622101 0.0146683 41864
0 0.794626 0.697065 0.00614185 0.0176232 41865
0 0.859478 0.845689 0.0403736 0.0163142 41866
0 0.110786 0.985202 0.0273044 0.0225803 41867
0 0.902539 0.982873 0.0687157 0.0323225 41868
0 0.673302 0.816432 0.021229 0.0210349 41869
0 0.540423 0.845978 0.006355 0.0211022 41870
0 0.0643316 0.751239 0.0200756 0.0115494 41871
0 0.938129 0.727499 0.00896893 0.0180315 41872
0 0.925127 0.984013 0.0198242 0.0198924 41873
