0 0.452401 0.834455 0.0120655 0.0660507 None
0 0.47178 0.826629 0.0123999 0.0549825 None
0 0.658059 0.796484 0.0109827 0.0561941 None
0 0.554885 0.819259 0.0115973 0.0502791 None
0 0.796386 0.775608 0.00834465 0.0488363 None
0 0.842473 0.76704 0.00912933 0.0457965 None
0 0.718285 0.830526 0.0138293 0.0310415 None
0 0.73272 0.78523 0.00977182 0.0499639 None
0 0.702481 0.792466 0.0112089 0.0471959 None
0 0.831258 0.835221 0.0188122 0.0329363 None
0 0.114289 0.983286 0.0331406 0.0274183 None
0 0.615776 0.804867 0.0113651 0.0564026 None
0 0.443471 0.89101 0.0163783 0.0832669 None
0 0.0181569 0.753348 0.0110305 0.0219303 None
0 0.0220519 0.938822 0.0441039 0.0312095 None
0 0.688221 0.796121 0.00988255 0.043437 None
0 0.856457 0.829817 0.0135712 0.0328461 None
0 0.198289 0.916101 0.0449445 0.0314199 None
0 0.675965 0.815634 0.0162972 0.0185345 None
0 0.953483 0.850366 0.0229666 0.039445 None
0 0.966413 0.749141 0.00835114 0.0354536 None
0 0.935089 0.725515 0.00735283 0.0202705 None
0 0.0643934 0.741709 0.00723739 0.0220713 None
0 0.436147 0.762959 0.0195905 0.0128408 None
0 0.00605974 0.978076 0.01205 0.0210704 None
0 0.475741 0.856645 0.0175488 0.0246119 None
0 0.355025 0.989177 0.0148348 0.0216459 None
0 0.956814 0.848352 0.0161404 0.0358097 None
0 0.883522 0.979409 0.045018 0.0395871 None
0 0.907175 0.972902 0.0430914 0.0419183 None
0 0.826838 0.697056 0.00511284 0.0173562 None
0 0.974362 0.76193 0.0173618 0.0280396 None
0 0.367155 0.774173 0.00721793 0.0139923 None
0 0.85309 0.830569 0.0207924 0.0359255 None
0 0.391061 0.814696 0.0179295 0.0514367 None
0 0.0666374 0.743079 0.0119627 0.0251658 None
0 0.995897 0.813493 0.00779419 0.0159149 None
0 0.92092 0.972793 0.0252247 0.0416195 None
0 0.853191 0.848009 0.0248203 0.00962253 None
0 0.893932 0.975292 0.0654108 0.0466095 None
0 0.694123 0.802392 0.00999336 0.0311408 None
0 0.692149 0.797 0.0123207 0.0424852 None
0 0.772502 0.813722 0.0209156 0.0169484 None
0 0.273828 0.730245 0.00482235 0.018729 None
0 0.0988846 0.994201 0.0542707 0.00844981 None
0 0.690093 0.795955 0.0121983 0.0446947 None
0 0.484219 0.856661 0.036415 0.0247745 None
0 0.487275 0.724473 0.0124907 0.0150116 None
0 0.318921 0.710665 0.00644126 0.0146264 None
0 0.97343 0.759117 0.00905457 0.023406 None
0 0.578032 0.875383 0.0337238 0.0149495 None
0 0.340345 0.771247 0.00580621 0.0101525 None
0 0.290976 0.724465 0.00632076 0.0095576 None
0 0.577847 0.87511 0.033438 0.0143377 None
0 0.916832 0.972201 0.0151005 0.040761 None
0 0.85324 0.843556 0.0233082 0.0116336 None
0 0.698052 0.792737 0.00689802 0.0468665 None
0 0.7696 0.813316 0.0148524 0.0169568 None
0 0.444198 0.867966 0.0136911 0.0378913 None
0 0.971626 0.670948 0.00555534 0.0176247 None
0 0.699388 0.791788 0.00818787 0.0472453 None
0 0.852568 0.845377 0.0223949 0.0115036 None
0 0.827362 0.834855 0.012228 0.032369 None
0 0.951172 0.858706 0.0176434 0.0239939 None
0 0.101525 0.983561 0.0577123 0.0272254 None
0 0.779105 0.816671 0.00964699 0.0126377 None
0 0.167503 0.729792 0.00903683 0.00865326 None
0 0.585395 0.913924 0.0477873 0.0115012 None
0 0.985365 0.661938 0.00391769 0.0135024 None
0 0.00902843 0.978247 0.0179211 0.0226008 None
0 0.936205 0.726133 0.0100025 0.0218714 None
0 0.769354 0.814609 0.0248421 0.0189863 None
0 0.927404 0.729017 0.0125746 0.00917291 None
0 0.540392 0.848765 0.00716114 0.0281453 None
0 0.850762 0.697258 0.00641899 0.0170485 None
0 0.948498 0.851487 0.0322178 0.0432281 None
0 0.0681316 0.74909 0.0145395 0.0129974 None
0 0.390911 0.829358 0.0180654 0.0810235 None
0 0.0729039 0.747892 0.0246541 0.0174106 None
0 0.855634 0.847224 0.0298634 0.0126421 None
0 0.539946 0.844608 0.00618019 0.0203512 None
0 0.593514 0.913495 0.0628715 0.0123835 None
0 0.849476 0.697593 0.00651226 0.0161894 None
0 0.926298 0.728935 0.0261044 0.00945163 None
0 0.706318 0.842834 0.0115103 0.00898132 None
0 0.968191 0.749308 0.0116529 0.0363415 None
0 0.889463 0.685743 0.00460339 0.0164536 None
0 0.494462 0.863892 0.015612 0.00912086 None
0 0.872541 0.845747 0.0146259 0.0147508 None
0 0.646583 0.818334 0.0161442 0.0150718 None
0 0.442695 0.911307 0.015159 0.0426053 None
0 0.291293 0.724026 0.0153097 0.0101905 None
0 0.291033 0.722274 0.00648298 0.0131361 None
0 0.6038 0.913955 0.0426451 0.0111447 None
0 0.985739 0.668402 0.00519447 0.015532 None
0 0.139175 0.7374 0.00806184 0.00828281 None
0 0.854085 0.684168 0.00678902 0.0125995 None
0 0.75165 0.827312 0.0281824 0.00761312 None
0 0.936853 0.676177 0.00922318 0.0177834 None
0 0.894936 0.972034 0.0203316 0.0324166 None
0 0.995753 0.802581 0.00804596 0.0384255 None
0 0.404089 0.854572 0.0537033 0.0234758 None
0 0.952672 0.725386 0.0296345 0.0151226 None
0 0.0637138 0.743054 0.0100607 0.0248284 None
0 0.357336 0.851011 0.0204269 0.0143862 None
0 0.936486 0.67924 0.00852966 0.0116575 None
0 0.293175 0.726082 0.0197034 0.00869395 None
