0 0.423669 0.895352 0.0169928 0.0807088 None
0 0.453671 0.834066 0.0139534 0.0667942 None
0 0.791282 0.777036 0.0100746 0.0479462 None
0 0.480836 0.831082 0.0129709 0.0647463 None
0 0.830208 0.834619 0.017141 0.0338886 None
0 0.14893 0.887182 0.0150801 0.0564494 None
0 0.699915 0.794152 0.00964661 0.0434058 None
0 0.954465 0.743073 0.0081089 0.0449249 None
0 0.993708 0.735509 0.0113838 0.0454015 None
0 0.756506 0.782539 0.0106936 0.0470834 None
0 0.685161 0.798345 0.0100586 0.0404987 None
0 0.768836 0.778406 0.0092783 0.0477763 None
0 0.799935 0.776484 0.00863819 0.041412 None
0 0.718363 0.830409 0.0126821 0.0313707 None
0 0.508045 0.8077 0.0096693 0.0351988 None
0 0.89514 0.975564 0.0654015 0.0455777 None
0 0.855412 0.831265 0.0161217 0.0338638 None
0 0.91938 0.749941 0.0115765 0.0459944 None
0 0.953601 0.848189 0.0220318 0.0376428 None
0 0.504632 0.777968 0.00930634 0.0175473 None
0 0.198592 0.91579 0.0456758 0.0318246 None
0 0.956672 0.847666 0.0162296 0.0363568 None
0 0.9752 0.74238 0.00920067 0.0306456 None
0 0.0221595 0.938592 0.04431 0.0295034 None
0 0.843811 0.765634 0.00732841 0.0448005 None
0 0.935496 0.727304 0.00589085 0.0221334 None
0 0.328026 0.712052 0.00578165 0.015783 None
0 0.00704309 0.750329 0.00949876 0.0175268 None
0 0.116462 0.983587 0.0330311 0.0266452 None
0 0.788155 0.698824 0.00638008 0.0170902 None
0 0.57754 0.874675 0.0333469 0.0161665 None
0 0.676673 0.815453 0.0165761 0.0188805 None
0 0.85253 0.832086 0.0214458 0.036038 None
0 0.355271 0.989055 0.0139586 0.0218894 None
0 0.00624126 0.981278 0.0123974 0.0146808 None
0 0.480687 0.780012 0.00681191 0.0184269 None
0 0.995821 0.813288 0.0079422 0.0172299 None
0 0.845699 0.767572 0.00757408 0.0410217 None
0 0.952122 0.859397 0.0199007 0.0249861 None
0 0.987879 0.678499 0.00525703 0.0123071 None
0 0.979152 0.67518 0.00498238 0.0190219 None
0 0.852918 0.76883 0.00967426 0.0395877 None
0 0.0946426 0.994196 0.0448654 0.00845252 None
0 0.884182 0.979482 0.0442078 0.037638 None
0 0.0559106 0.751526 0.00482477 0.0103748 None
0 0.307704 0.753911 0.00764236 0.0174289 None
0 0.712444 0.830877 0.0263884 0.0327006 None
0 0.505418 0.826247 0.0338816 0.00829909 None
0 0.911188 0.719278 0.0630072 0.0186189 None
0 0.109657 0.981578 0.0197364 0.0237013 None
0 0.291513 0.734425 0.0100334 0.00967051 None
0 0.358252 0.729353 0.0099565 0.0121331 None
0 0.309082 0.754747 0.0126299 0.0181363 None
0 0.680519 0.809956 0.016609 0.0253984 None
0 0.921903 0.973428 0.028161 0.04136 None
0 0.529857 0.740687 0.00475416 0.00907322 None
0 0.131619 0.983464 0.0633696 0.0260527 None
0 0.980414 0.663782 0.0074686 0.0424346 None
0 0.851484 0.845413 0.0222897 0.0132026 None
0 0.0759354 0.753387 0.0148588 0.0109836 None
0 0.974364 0.763884 0.0186016 0.0250824 None
0 0.122488 0.984602 0.0349221 0.0244617 None
0 0.577455 0.870211 0.033855 0.0254069 None
0 0.912964 0.973945 0.0369102 0.0418861 None
0 0.976188 0.743101 0.0127361 0.0313533 None
0 0.111398 0.98306 0.0254883 0.0256036 None
0 0.00380405 0.755245 0.00757576 0.014763 None
0 0.480291 0.785975 0.00855427 0.0304694 None
0 0.917799 0.972559 0.0185295 0.039425 None
0 0.00616966 0.752621 0.0121349 0.0217129 None
0 0.590614 0.911041 0.0584858 0.0177816 None
0 0.156327 0.740686 0.0134166 0.0105248 None
0 0.868242 0.76573 0.0048563 0.0242062 None
0 0.95689 0.850444 0.0257011 0.0401972 None
0 0.0091415 0.981165 0.0181645 0.015969 None
0 0.852682 0.847193 0.0261118 0.0114865 None
0 0.863074 0.83316 0.0345573 0.0388217 None
0 0.177351 0.73885 0.0610642 0.013757 None
0 0.90384 0.673883 0.00609817 0.0109131 None
0 0.102868 0.984802 0.060873 0.026295 None
0 0.980642 0.654695 0.00694237 0.0239429 None
0 0.973658 0.757179 0.01425 0.0263309 None
0 0.848884 0.833332 0.0294971 0.0358331 None
0 0.843329 0.845697 0.0449291 0.0158308 None
0 0.358455 0.730408 0.0166818 0.0140717 None
0 0.0568172 0.751331 0.00636078 0.0106784 None
0 0.973547 0.768588 0.0170044 0.0164591 None
0 0.514366 0.827775 0.016857 0.00929413 None
0 0.489923 0.86214 0.0263413 0.0119626 None
0 0.90273 0.973618 0.0499741 0.041782 None
0 0.772879 0.812771 0.0102242 0.0142785 None
0 0.766185 0.696118 0.00524311 0.0132587 None
0 0.535473 0.741304 0.0161701 0.00951758 None
0 0.679317 0.801976 0.0221602 0.0455922 None
0 0.975765 0.767657 0.0220139 0.0185489 None
0 0.924447 0.681012 0.00657177 0.0109807 None
0 0.982411 0.655649 0.00720215 0.0217512 None
0 0.872346 0.84549 0.0145294 0.0153332 None
0 0.852305 0.842518 0.0552128 0.0243196 None
0 0.951389 0.862853 0.0191734 0.0209451 None
0 0.317464 0.718008 0.0270045 0.00950487 None
0 0.959339 0.848526 0.0153847 0.0368374 None
0 0.995376 0.808489 0.0087738 0.0282708 None
0 0.792812 0.820835 0.0237146 0.00602044 None
0 0.0972759 0.986261 0.0508426 0.0216402 None
0 0.842308 0.833209 0.0421505 0.038108 None
0 0.936622 0.867061 0.0125572 0.0155835 None
0 0.591041 0.907528 0.0595955 0.0242032 None
0 0.953766 0.859831 0.0286842 0.0273488 None
0 0.591222 0.907702 0.0610084 0.0243142 None
0 0.936078 0.867063 0.0115711 0.0156708 None
0 0.479856 0.803199 0.00926247 0.0174611 None
0 0.987532 0.679604 0.00825233 0.0121113 None
