0 0.453297 0.833592 0.0123864 0.0677524 None
0 0.796129 0.773767 0.0106277 0.0532608 None
0 0.842995 0.765705 0.00861015 0.0496009 None
0 0.69224 0.793901 0.00968609 0.0479167 None
0 0.718211 0.830263 0.0147188 0.0308716 None
0 0.76146 0.783088 0.0104378 0.0463225 None
0 0.831204 0.834677 0.0184971 0.0334696 None
0 0.77347 0.777492 0.0101965 0.0507504 None
0 0.663238 0.800625 0.0109176 0.0454193 None
0 0.703118 0.79049 0.00846348 0.0474901 None
0 0.748351 0.782295 0.00895576 0.0494971 None
0 0.736568 0.785721 0.00909147 0.0467085 None
0 0.561563 0.815309 0.0111383 0.053518 None
0 0.95352 0.849253 0.0220127 0.0415161 None
0 0.856124 0.830503 0.0144531 0.0328512 None
0 0.198138 0.91565 0.0463636 0.0316559 None
0 0.287907 0.723817 0.00732937 0.0161813 None
0 0.93798 0.728013 0.00997868 0.0233183 None
0 0.803782 0.697776 0.00511246 0.01719 None
0 0.95692 0.848681 0.0153984 0.0402215 None
0 0.483202 0.859324 0.0379913 0.019105 None
0 0.354955 0.989137 0.0146516 0.0217263 None
0 0.391121 0.831073 0.0180715 0.0859399 None
0 0.43383 0.914457 0.0242941 0.0358263 None
0 0.0222238 0.937955 0.0443316 0.0289741 None
0 0.0608846 0.738619 0.00525341 0.0196574 None
0 0.883964 0.980445 0.0457668 0.0379032 None
0 0.116592 0.983646 0.0328757 0.0257816 None
0 0.676519 0.816376 0.0174929 0.0182732 None
0 0.00517952 0.7534 0.0103315 0.0180647 None
0 0.853277 0.830985 0.0220142 0.0342719 None
0 0.540828 0.849171 0.00691528 0.0269606 None
0 0.317042 0.710172 0.00647669 0.0170751 None
0 0.520496 0.729162 0.00766296 0.0152724 None
0 0.921359 0.973441 0.0270336 0.0403249 None
0 0.890333 0.976142 0.0578854 0.0452874 None
0 0.577408 0.875742 0.0328133 0.0147037 None
0 0.995919 0.811626 0.00774956 0.019711 None
0 0.00299901 0.974982 0.00594819 0.0262716 None
0 0.095505 0.994254 0.0462595 0.00815904 None
0 0.853071 0.848382 0.0245567 0.00946333 None
0 0.11029 0.984282 0.0515752 0.0266625 None
0 0.74583 0.783021 0.0104475 0.0503491 None
0 0.0667253 0.744491 0.00840392 0.0204441 None
0 0.409841 0.776683 0.00890141 0.0200382 None
0 0.913686 0.973127 0.0110462 0.0390461 None
0 0.00537522 0.974955 0.0106759 0.0271793 None
0 0.902839 0.973438 0.0333862 0.0408313 None
0 0.971784 0.76272 0.0134968 0.0272461 None
0 0.410515 0.77392 0.0143564 0.0256412 None
0 0.908282 0.973312 0.0219431 0.039938 None
0 0.274594 0.730885 0.00684919 0.0179131 None
0 0.104003 0.993691 0.0639165 0.00878279 None
0 0.391161 0.811509 0.0173411 0.0438594 None
0 0.562754 0.805868 0.00989208 0.0348592 None
0 0.408462 0.77735 0.0152823 0.0196072 None
0 0.973641 0.763129 0.0189505 0.0273431 None
0 0.112662 0.982458 0.0258996 0.0218881 None
0 0.521647 0.729779 0.0130402 0.0178796 None
0 0.519141 0.729638 0.0137371 0.0160604 None
0 0.138544 0.741052 0.0141992 0.0105426 None
0 0.877252 0.681522 0.00484715 0.0144677 None
0 0.97356 0.7693 0.0184198 0.0156216 None
0 0.135745 0.741113 0.0197388 0.0112128 None
0 0.00459236 0.757488 0.00911784 0.0108944 None
0 0.77323 0.812526 0.00556192 0.0150174 None
0 0.852219 0.84534 0.0225006 0.0117374 None
0 0.78356 0.69667 0.00491486 0.0131798 None
0 0.972503 0.753052 0.00631905 0.00888011 None
0 0.125165 0.985153 0.0285461 0.0235684 None
0 0.109213 0.981472 0.01884 0.0218887 None
0 0.00932792 0.975301 0.0184901 0.0296366 None
0 0.00457759 0.970184 0.00912845 0.0373199 None
0 0.494586 0.858623 0.0155781 0.0187419 None
0 0.438499 0.914642 0.0152798 0.0339905 None
0 0.974435 0.771369 0.0193432 0.0112691 None
0 0.949707 0.859904 0.0146484 0.0219449 None
0 0.131492 0.984267 0.0630016 0.0224694 None
0 0.911055 0.975776 0.0492012 0.04425 None
0 0.954044 0.674428 0.00887871 0.0129217 None
0 0.411636 0.770635 0.0110864 0.0280497 None
0 0.0673448 0.7444 0.0113366 0.0218523 None
0 0.381483 0.759827 0.0134736 0.0118612 None
0 0.994872 0.810598 0.00981102 0.0225871 None
0 0.521733 0.736751 0.0149143 0.00801866 None
0 0.857057 0.847156 0.0327332 0.0140896 None
0 0.779722 0.816272 0.00795927 0.00920529 None
0 0.947363 0.859865 0.00991879 0.0189629 None
0 0.936214 0.866853 0.0116505 0.0160451 None
0 0.995761 0.805231 0.0080471 0.0324975 None
0 0.00305419 0.962871 0.00603154 0.0502535 None
0 0.761278 0.824534 0.0114872 0.00674388 None
0 0.843914 0.846124 0.0442833 0.0143561 None
0 0.862955 0.832879 0.0312672 0.0374871 None
0 0.314373 0.716049 0.0213889 0.00692071 None
0 0.180962 0.735929 0.0155742 0.00866665 None
0 0.696718 0.792604 0.0187305 0.0498315 None
0 0.895682 0.683945 0.00421371 0.0171861 None
0 0.768022 0.812587 0.00925617 0.0146376 None
0 0.409291 0.771645 0.0182713 0.0309119 None
0 0.153683 0.98353 0.0179945 0.0138658 None
0 0.955801 0.863699 0.0302925 0.020133 None
0 0.957421 0.855415 0.0266144 0.0329237 None
0 0.587171 0.912567 0.0439673 0.013227 None
0 0.936119 0.866454 0.0116926 0.0160795 None
