0 0.478802 0.833344 0.0157232 0.0664452 None
0 0.453285 0.833531 0.0121395 0.0672604 None
0 0.830174 0.834696 0.0175552 0.0334167 None
0 0.718765 0.830317 0.0145256 0.0316671 None
0 0.0852886 0.898001 0.0155231 0.0637709 None
0 0.79452 0.775403 0.0090416 0.0465759 None
0 0.783316 0.77925 0.00869608 0.0402686 None
0 0.953387 0.848813 0.021986 0.0395603 None
0 0.435961 0.907856 0.0166813 0.0505503 None
0 0.894663 0.756658 0.00871391 0.047149 None
0 0.97384 0.762329 0.0189003 0.0281345 None
0 0.932627 0.748172 0.00856285 0.0435757 None
0 0.842414 0.764743 0.00912876 0.0460195 None
0 0.514019 0.809251 0.00883904 0.0418332 None
0 0.855865 0.830888 0.0167358 0.0342194 None
0 0.852916 0.832261 0.0234926 0.0358378 None
0 0.745973 0.784332 0.0105541 0.0461195 None
0 0.758049 0.784718 0.0064209 0.0433529 None
0 0.197988 0.914963 0.0457505 0.03294 None
0 0.699994 0.793935 0.00891476 0.0442234 None
0 0.00550271 0.750332 0.0105151 0.0178686 None
0 0.889035 0.758826 0.00719776 0.0385461 None
0 0.354926 0.989323 0.0144504 0.0212772 None
0 0.0221741 0.939133 0.0442518 0.0301982 None
0 0.319665 0.750692 0.00721579 0.0111272 None
0 0.4887 0.777438 0.00649986 0.0224994 None
0 0.894109 0.974889 0.0645756 0.0461317 None
0 0.905563 0.972489 0.0417372 0.0418449 None
0 0.0704597 0.746311 0.00860357 0.029668 None
0 0.0130913 0.881825 0.0260667 0.0173499 None
0 0.792192 0.695296 0.00725136 0.0111904 None
0 0.577774 0.875519 0.0328028 0.015528 None
0 0.697452 0.794406 0.010297 0.0455017 None
0 0.693366 0.795773 0.00928907 0.0456526 None
0 0.676222 0.815712 0.0155205 0.0186539 None
0 0.114568 0.981764 0.0302149 0.0235799 None
0 0.359179 0.7517 0.00704613 0.0162055 None
0 0.464761 0.776348 0.00653458 0.0195685 None
0 0.837323 0.767783 0.0067749 0.0407399 None
0 0.322996 0.710286 0.00614953 0.0154275 None
0 0.996126 0.811003 0.00733223 0.0211992 None
0 0.90337 0.678988 0.00671692 0.0194209 None
0 0.052607 0.753256 0.0050835 0.00811869 None
0 0.487617 0.777681 0.009268 0.0227656 None
0 0.0667577 0.742523 0.00722033 0.0230459 None
0 0.695769 0.796395 0.010692 0.0480309 None
0 0.0688122 0.745635 0.010461 0.0293165 None
0 0.110264 0.981112 0.021389 0.0228366 None
0 0.00592897 0.980394 0.0117798 0.0153214 None
0 0.105532 0.983945 0.0502075 0.0273153 None
0 0.161026 0.737065 0.0059422 0.00986159 None
0 0.951688 0.857615 0.0191488 0.0254595 None
0 0.884884 0.684349 0.00581703 0.0118475 None
0 0.771709 0.812393 0.0170467 0.0153093 None
0 0.531782 0.739974 0.0172476 0.00888638 None
0 0.951834 0.860056 0.0260952 0.0244768 None
0 0.391418 0.823954 0.0173624 0.0691233 None
0 0.511092 0.80975 0.00533314 0.0230464 None
0 0.391376 0.81283 0.0173722 0.0470101 None
0 0.512938 0.812891 0.00895844 0.0293304 None
0 0.979051 0.648503 0.00703583 0.0170903 None
0 0.755909 0.783563 0.0108938 0.0455132 None
0 0.775602 0.812885 0.0160645 0.0157666 None
0 0.884664 0.979319 0.0464399 0.0385076 None
0 0.84741 0.771816 0.00533142 0.0263179 None
0 0.341262 0.730646 0.00509806 0.00772858 None
0 0.101768 0.993898 0.0591161 0.00933906 None
0 0.974256 0.670381 0.00580521 0.0154718 None
0 0.843384 0.769511 0.0103811 0.0350925 None
0 0.93696 0.867014 0.0131424 0.0161686 None
0 0.87253 0.845963 0.014809 0.0157662 None
0 0.464827 0.774471 0.00768528 0.0242632 None
0 0.740304 0.777446 0.00594597 0.0235175 None
0 0.969744 0.647313 0.00291252 0.00974867 None
0 0.913572 0.973493 0.0428875 0.0431898 None
0 0.540778 0.849336 0.00771961 0.0271108 None
0 0.948722 0.850889 0.0280838 0.0450029 None
0 0.921925 0.973692 0.0266115 0.0413456 None
0 0.949092 0.865144 0.0369095 0.019436 None
0 0.148948 0.740518 0.0071703 0.0067844 None
0 0.00526397 0.75735 0.0104704 0.00970781 None
0 0.00742726 0.97909 0.0147221 0.0180505 None
0 0.358862 0.752914 0.0158558 0.0170166 None
0 0.00937924 0.980573 0.018612 0.0163118 None
0 0.118862 0.983817 0.0384319 0.0243452 None
0 0.948876 0.866371 0.0375666 0.0168318 None
0 0.0965071 0.993909 0.0481374 0.007842 None
0 0.757172 0.782 0.00740929 0.0480852 None
0 0.585812 0.907331 0.0435795 0.0233022 None
0 0.46351 0.783098 0.0269981 0.0114234 None
0 0.979771 0.652501 0.00911255 0.023763 None
0 0.119965 0.985026 0.0209713 0.0244707 None
0 0.356324 0.752579 0.0143512 0.0164595 None
0 0.864123 0.833606 0.0324318 0.0398505 None
0 0.0711388 0.753781 0.00971673 0.0425642 None
0 0.397704 0.825905 0.108272 0.0169125 None
0 0.199357 0.730937 0.0077733 0.00716892 None
0 0.917338 0.969971 0.0147369 0.0380636 None
0 0.743105 0.782757 0.0131762 0.0421705 None
0 0.00557217 0.753587 0.0110071 0.0172609 None
0 0.368761 0.829317 0.0406187 0.0162723 None
0 0.715933 0.830775 0.0203678 0.0319984 None
0 0.844371 0.832301 0.0408665 0.0393324 None
0 0.766826 0.694466 0.00724373 0.00847626 None
0 0.679562 0.814729 0.0222703 0.0209671 None
0 0.877888 0.673187 0.00508423 0.00765517 None
0 0.18231 0.856865 0.0163759 0.0221581 None
0 0.994815 0.81069 0.00992241 0.0230584 None
0 0.585944 0.908274 0.0433271 0.0215522 None
0 0.365136 0.826295 0.0425891 0.0122504 None
0 0.0535547 0.753765 0.00693724 0.00801375 None
0 0.956105 0.868422 0.0285683 0.0108131 None
0 0.819383 0.814449 0.0114731 0.0114644 None
0 0.465242 0.779245 0.00988846 0.0160244 None
0 0.495794 0.817595 0.0167235 0.009532 None
0 0.955582 0.867412 0.0494251 0.0137982 None
