0 0.477405 0.833856 0.0155036 0.0688922 None
0 0.453361 0.833748 0.0120616 0.0667226 None
0 0.830242 0.834715 0.0174244 0.0333974 None
0 0.718763 0.830278 0.0145718 0.0317257 None
0 0.79425 0.775541 0.00917892 0.0468994 None
0 0.0808462 0.899679 0.0138871 0.0642497 None
0 0.781153 0.781187 0.00980988 0.0390822 None
0 0.930441 0.750143 0.0091095 0.0438192 None
0 0.843606 0.764939 0.00950928 0.0466037 None
0 0.953373 0.848848 0.0219999 0.0396342 None
0 0.892095 0.756985 0.0109213 0.0483434 None
0 0.744322 0.784279 0.0136571 0.046373 None
0 0.514731 0.809373 0.00794811 0.0421819 None
0 0.973827 0.762385 0.0189322 0.0280924 None
0 0.836271 0.77079 0.00667362 0.0402581 None
0 0.69969 0.793625 0.00969391 0.047652 None
0 0.198018 0.915643 0.0459964 0.0318102 None
0 0.855834 0.830808 0.0166203 0.0342246 None
0 0.757567 0.783993 0.00819092 0.0458557 None
0 0.852834 0.832216 0.0235216 0.0359473 None
0 0.00633211 0.750683 0.00993476 0.0178338 None
0 0.364755 0.750919 0.00640392 0.0151956 None
0 0.354924 0.98931 0.0144477 0.0212996 None
0 0.320242 0.750339 0.00861268 0.0134449 None
0 0.437584 0.909434 0.0178089 0.047407 None
0 0.323109 0.710486 0.00544701 0.0153458 None
0 0.0699988 0.745668 0.00899117 0.0314897 None
0 0.701697 0.793012 0.00621338 0.0447954 None
0 0.905662 0.972619 0.0416883 0.0419493 None
0 0.488311 0.777944 0.00793896 0.0222802 None
0 0.577761 0.875266 0.0326792 0.0159281 None
0 0.391369 0.817224 0.0172909 0.0550619 None
0 0.0221129 0.939368 0.0441951 0.029972 None
0 0.509726 0.810362 0.00519028 0.0233732 None
0 0.894279 0.975172 0.0658865 0.046611 None
0 0.675694 0.815575 0.0151051 0.0188775 None
0 0.114633 0.981768 0.0301897 0.0234731 None
0 0.996037 0.810678 0.00751667 0.0218157 None
0 0.0690107 0.738334 0.00725503 0.0164619 None
0 0.90297 0.679002 0.00629311 0.0188753 None
0 0.070802 0.749537 0.00812666 0.0224311 None
0 0.0687993 0.741135 0.00997484 0.0232649 None
0 0.792852 0.695206 0.00717669 0.010146 None
0 0.936362 0.741704 0.00727806 0.0316372 None
0 0.979276 0.651102 0.00731583 0.0200346 None
0 0.951882 0.855048 0.0196264 0.0304699 None
0 0.885022 0.684358 0.00607204 0.0116597 None
0 0.0528824 0.753 0.00447028 0.00737779 None
0 0.110184 0.981095 0.0211896 0.0227212 None
0 0.694742 0.793769 0.00777035 0.0455112 None
0 0.00577986 0.98024 0.0115068 0.0173364 None
0 0.53079 0.739398 0.0166075 0.0103923 None
0 0.107591 0.98399 0.0464525 0.0272512 None
0 0.692615 0.789055 0.00888691 0.0309425 None
0 0.33908 0.730166 0.00565958 0.0087204 None
0 0.69307 0.79466 0.0105619 0.0454904 None
0 0.0026894 0.980579 0.00532011 0.0155429 None
0 0.513173 0.807792 0.0111793 0.0401388 None
0 0.51322 0.813409 0.0101889 0.0351549 None
0 0.935726 0.736473 0.00724831 0.0414451 None
0 0.772919 0.81258 0.00769386 0.0146573 None
0 0.774237 0.812509 0.0193272 0.0164678 None
0 0.540514 0.849505 0.00712337 0.0268772 None
0 0.951502 0.860491 0.0269596 0.023867 None
0 0.772801 0.812203 0.0115294 0.0153019 None
0 0.776691 0.813076 0.0134086 0.0150726 None
0 0.769391 0.812157 0.0122887 0.0154999 None
0 0.872561 0.845981 0.0148645 0.0158152 None
0 0.884782 0.97952 0.0474237 0.0389579 None
0 0.913484 0.973536 0.0430712 0.0433441 None
0 0.0695567 0.748576 0.0160964 0.0227653 None
0 0.936966 0.867006 0.0131615 0.0161969 None
0 0.767293 0.812457 0.00766726 0.0139489 None
0 0.921885 0.973535 0.0265442 0.0414241 None
0 0.161158 0.738487 0.00555434 0.00939246 None
0 0.464391 0.778509 0.00818787 0.018279 None
0 0.152381 0.739858 0.0179393 0.0101225 None
0 0.979842 0.654624 0.0087532 0.0214584 None
0 0.102397 0.993802 0.060649 0.00959032 None
0 0.36063 0.751552 0.00687351 0.0153826 None
0 0.948521 0.85094 0.0285164 0.0450994 None
0 0.949071 0.865116 0.0369671 0.0195669 None
0 0.199897 0.730792 0.00869885 0.00801256 None
0 0.148745 0.740539 0.00545938 0.00748528 None
0 0.11909 0.983934 0.0387159 0.0243761 None
0 0.00370862 0.979752 0.00736555 0.0174672 None
0 0.00927062 0.980146 0.0184668 0.0177219 None
0 0.0030041 0.985785 0.00590182 0.0269945 None
0 0.754883 0.787384 0.0133453 0.0391864 None
0 0.585762 0.907345 0.0436303 0.0233373 None
0 0.917308 0.97045 0.0148849 0.0389404 None
0 0.340414 0.731742 0.0154658 0.0119202 None
0 0.0475463 0.884477 0.0593873 0.0267256 None
0 0.864313 0.834135 0.0321201 0.0389855 None
0 0.680373 0.8144 0.0245065 0.0210008 None
0 0.715912 0.830726 0.02056 0.0321079 None
0 0.509242 0.810207 0.00760212 0.0252253 None
0 0.430794 0.908312 0.0132794 0.0472911 None
0 0.42825 0.90691 0.0111967 0.0468838 None
0 0.877838 0.67378 0.00642967 0.00860477 None
0 0.120484 0.985553 0.0200767 0.0234412 None
0 0.835079 0.771136 0.00934563 0.0410987 None
0 0.0696094 0.747232 0.0141878 0.0321906 None
0 0.524356 0.738834 0.00567074 0.00995687 None
0 0.742375 0.782593 0.0112091 0.0427416 None
0 0.683636 0.811445 0.0172203 0.025765 None
0 0.428501 0.905757 0.0080637 0.0475525 None
0 0.436006 0.908281 0.0130451 0.0450887 None
0 0.0966212 0.993927 0.048405 0.00784064 None
0 0.76736 0.695346 0.00715981 0.00986048 None
0 0.971157 0.648271 0.00327263 0.00983836 None
0 0.589013 0.907208 0.0316994 0.0220123 None
0 0.843818 0.832442 0.041724 0.0390622 None
0 0.924681 0.981485 0.020916 0.0250654 None
0 0.819333 0.814483 0.0113396 0.0112842 None
0 0.925572 0.985777 0.0185005 0.0164917 None
