0 0.453592 0.833386 0.0116497 0.0673045 15297
0 0.480025 0.832996 0.0142303 0.0652096 15298
0 0.436018 0.899761 0.0157363 0.0676848 15299
0 0.830193 0.834756 0.0175152 0.0333667 15300
0 0.71878 0.829957 0.0145639 0.032328 15301
0 0.785083 0.778653 0.00848351 0.0416245 15302
0 0.0961372 0.897711 0.016273 0.0622698 15303
0 0.898701 0.755929 0.00869446 0.046029 15304
0 0.795529 0.776074 0.0084156 0.0463847 15305
0 0.884233 0.759388 0.00768814 0.0399957 15306
0 0.514473 0.806842 0.0113729 0.0367038 15307
0 0.698477 0.794212 0.00910683 0.0453539 15308
0 0.758689 0.782085 0.00718832 0.0474579 15309
0 0.95343 0.848695 0.0218391 0.0393416 15310
0 0.843342 0.765554 0.00822487 0.04706 15311
0 0.8558 0.830881 0.0165947 0.03426 15312
0 0.489332 0.781659 0.00916386 0.0257989 15313
0 0.936209 0.751521 0.00833054 0.0428284 15314
0 0.354945 0.989417 0.0144848 0.0211656 15315
0 0.746397 0.783368 0.0097784 0.0465847 15316
0 0.905715 0.972531 0.0408558 0.0417572 15317
0 0.973779 0.762471 0.0190508 0.0284027 15318
0 0.838388 0.767125 0.0064558 0.0403651 15319
0 0.351022 0.750305 0.00727139 0.0140442 15320
0 0.692218 0.79541 0.00771494 0.0425598 15321
0 0.0709787 0.746846 0.00891049 0.0259603 15322
0 0.465271 0.773061 0.00705261 0.0209385 15323
0 0.00667367 0.749975 0.00722251 0.0190379 15324
0 0.197915 0.914995 0.0459481 0.0330519 15325
0 0.852249 0.832347 0.0244942 0.0376756 15326
0 0.577761 0.875484 0.0327513 0.0155312 15327
0 0.997229 0.739755 0.00511665 0.0320557 15328
0 0.929028 0.741026 0.00637531 0.0297017 15329
0 0.67642 0.815604 0.0162903 0.0188928 15330
0 0.903163 0.679028 0.00646439 0.0221082 15331
0 0.791189 0.694851 0.00755196 0.0116347 15332
0 0.114548 0.981568 0.0301375 0.0229747 15333
0 0.0517957 0.752834 0.00608349 0.00928853 15334
0 0.0220852 0.938957 0.044151 0.0307492 15335
0 0.996137 0.811012 0.00730972 0.0212431 15336
0 0.00531658 0.749849 0.0102246 0.0194229 15337
0 0.0695598 0.746019 0.00745997 0.027537 15338
0 0.893664 0.975149 0.0645641 0.0461646 15339
0 0.0059965 0.98127 0.0119174 0.0139077 15340
0 0.531299 0.741481 0.0144754 0.00903965 15341
0 0.323452 0.711674 0.00593162 0.0205648 15342
0 0.884318 0.684135 0.00657806 0.0130239 15343
0 0.884249 0.979324 0.045974 0.0385105 15344
0 0.109756 0.981031 0.0203268 0.0225145 15345
0 0.769369 0.811977 0.0125566 0.0153249 15346
0 0.772546 0.812578 0.00854054 0.0144792 15347
0 0.0685439 0.745915 0.012379 0.0273788 15348
0 0.979473 0.650771 0.00683136 0.0203547 15349
0 0.104566 0.984043 0.0520485 0.0271339 15350
0 0.00933792 0.758273 0.0185072 0.00979445 15351
0 0.318958 0.750487 0.0108057 0.0118462 15352
0 0.921768 0.972967 0.0268768 0.0424489 15353
0 0.773806 0.812299 0.0201423 0.0166083 15354
0 0.917387 0.971008 0.0157856 0.0398288 15355
0 0.996223 0.739864 0.00705585 0.033137 15356
0 0.00927604 0.981122 0.0184232 0.0152557 15357
0 0.679125 0.814749 0.0215888 0.0203234 15358
0 0.756624 0.781411 0.0112427 0.0494622 15359
0 0.936958 0.867033 0.0131367 0.0161397 15360
0 0.00880723 0.880423 0.0175255 0.01706 15361
0 0.466259 0.774862 0.0104403 0.0230888 15362
0 0.779128 0.814062 0.008846 0.0128672 15363
0 0.540903 0.849265 0.00747528 0.0267614 15364
0 0.872513 0.845979 0.0147511 0.0157081 15365
0 0.10152 0.993949 0.0585996 0.009277 15366
0 0.94873 0.850773 0.0260105 0.0446842 15367
0 0.540531 0.84627 0.00635204 0.0208893 15368
0 0.935556 0.727567 0.00838833 0.0200158 15369
0 0.980286 0.652818 0.00787888 0.0227319 15370
0 0.052506 0.753501 0.00936518 0.00953607 15371
0 0.768783 0.697925 0.00931511 0.0169562 15372
0 0.882739 0.759503 0.0107216 0.0413808 15373
0 0.791339 0.77759 0.0165447 0.044752 15374
0 0.489534 0.787262 0.0109206 0.0375164 15375
0 0.948949 0.864865 0.036558 0.0197808 15376
0 0.00757674 0.979186 0.0150278 0.0180818 15377
0 0.00551257 0.756648 0.0109671 0.0114451 15378
0 0.0961046 0.993907 0.0473077 0.0078242 15379
0 0.118766 0.984024 0.0379598 0.023782 15380
0 0.58619 0.907303 0.0428287 0.0232903 15381
0 0.198311 0.731444 0.00854137 0.00854662 15382
0 0.69013 0.796999 0.0110043 0.0480838 15383
0 0.565685 0.837978 0.00689812 0.0105767 15384
0 0.58637 0.909151 0.0423786 0.0198185 15385
0 0.120487 0.985499 0.0197963 0.0235207 15386
0 0.936246 0.745513 0.0113239 0.0547345 15387
0 0.349685 0.752223 0.0119562 0.0130383 15388
0 0.863565 0.833337 0.0329718 0.0397759 15389
0 0.465256 0.782282 0.0187653 0.0119929 15390
0 0.15417 0.73944 0.0198625 0.0128213 15391
0 0.466616 0.77979 0.0143833 0.0166653 15392
0 0.844295 0.832299 0.0405331 0.0394116 15393
0 0.974519 0.669551 0.00598946 0.0158058 15394
0 0.347238 0.756725 0.0273808 0.012246 15395
0 0.0283924 0.896221 0.0559728 0.0199514 15396
0 0.933705 0.748554 0.0145489 0.0467234 15397
0 0.994814 0.81074 0.00992069 0.0230477 15398
0 0.924592 0.678771 0.00667419 0.0115207 15399
0 0.0725052 0.744569 0.0165088 0.0205502 15400
0 0.946727 0.852754 0.0353495 0.0442098 15401
0 0.995592 0.754265 0.00831909 0.00676473 15402
0 0.935401 0.721783 0.00562077 0.0158746 15403
0 0.593526 0.914279 0.0277733 0.00878465 15404
0 0.585807 0.906835 0.0230596 0.0211792 15405
0 0.952453 0.663643 0.00636005 0.00705278 15406
0 0.0508401 0.752473 0.00889547 0.0103672 15407
