0 0.587319 0.809724 0.0110365 0.0566466 86445
0 0.554711 0.819026 0.010345 0.0498847 86446
0 0.630448 0.800948 0.0117359 0.0582425 86447
0 0.796544 0.775819 0.00840302 0.0487779 86448
0 0.830919 0.834902 0.0178898 0.0334917 86449
0 0.843538 0.766531 0.00783005 0.0483551 86450
0 0.418454 0.895787 0.0173702 0.0806207 86451
0 0.718151 0.830125 0.0138109 0.0313314 86452
0 0.452425 0.83391 0.0121712 0.0675012 86453
0 0.114475 0.983668 0.0316854 0.0261778 86454
0 0.724149 0.78615 0.00839291 0.0493601 86455
0 0.671945 0.7941 0.00820656 0.0377774 86456
0 0.689229 0.795295 0.00979843 0.0453208 86457
0 0.935819 0.729329 0.0076786 0.0264196 86458
0 0.702104 0.792838 0.00874653 0.0428345 86459
0 0.893583 0.975313 0.0615864 0.044416 86460
0 0.0224998 0.938715 0.0449996 0.0303965 86461
0 0.475708 0.857038 0.0193048 0.0250729 86462
0 0.695462 0.79192 0.00698433 0.0470625 86463
0 0.355297 0.989362 0.0136853 0.0212752 86464
0 0.954631 0.849834 0.0208187 0.0384382 86465
0 0.85579 0.830348 0.0139374 0.0325348 86466
0 0.0156351 0.752125 0.00972483 0.0182482 86467
0 0.0579292 0.742872 0.00699031 0.0178377 86468
0 0.95583 0.747305 0.00716362 0.0381846 86469
0 0.974674 0.762284 0.0177418 0.027105 86470
0 0.957297 0.848291 0.0157883 0.0350094 86471
0 0.107813 0.984033 0.0452129 0.0266463 86472
0 0.198006 0.915684 0.0454839 0.0317803 86473
0 0.278056 0.727304 0.00447531 0.0164373 86474
0 0.00892725 0.978355 0.0177488 0.0196732 86475
0 0.905064 0.97316 0.0409184 0.0393221 86476
0 0.0575531 0.744826 0.00818131 0.022308 86477
0 0.852784 0.831125 0.0221437 0.033589 86478
0 0.0775093 0.751 0.0061666 0.0107717 86479
0 0.0951839 0.994239 0.0457471 0.00817871 86480
0 0.484949 0.856929 0.03809 0.0252136 86481
0 0.358632 0.77272 0.00598588 0.0143872 86482
0 0.883574 0.984614 0.0447311 0.0282359 86483
0 0.6877 0.792836 0.00771656 0.0420364 86484
0 0.447016 0.832428 0.00884552 0.0655231 86485
0 0.951338 0.850828 0.016951 0.0386739 86486
0 0.97249 0.761192 0.0109135 0.0254747 86487
0 0.441774 0.761752 0.0138397 0.0128564 86488
0 0.852848 0.848729 0.0258987 0.00933024 86489
0 0.577495 0.875516 0.0320297 0.0146535 86490
0 0.673705 0.800963 0.0123165 0.0476925 86491
0 0.32197 0.717702 0.00784698 0.0116889 86492
0 0.951566 0.857329 0.0144306 0.0259338 86493
0 0.950354 0.850995 0.0242401 0.0409461 86494
0 0.995969 0.810377 0.0076561 0.0230357 86495
0 0.455854 0.761011 0.00429726 0.0123993 86496
0 0.678378 0.814999 0.0126966 0.0186266 86497
0 0.356199 0.773419 0.014108 0.0157182 86498
0 0.853337 0.697932 0.00561085 0.0207638 86499
0 0.455066 0.761323 0.00572481 0.0125487 86500
0 0.491431 0.721542 0.00840693 0.0108914 86501
0 0.0168361 0.752627 0.0130219 0.0195263 86502
0 0.577303 0.875131 0.0316648 0.0143063 86503
0 0.937539 0.673644 0.00800285 0.0146359 86504
0 0.714864 0.830583 0.0207995 0.0318671 86505
0 0.996132 0.815722 0.0073288 0.0123913 86506
0 0.722783 0.777611 0.00895824 0.0346324 86507
0 0.0188505 0.760156 0.0198655 0.00675812 86508
0 0.937625 0.677245 0.00832214 0.0182538 86509
0 0.884783 0.978487 0.0477898 0.0369278 86510
0 0.0559446 0.751302 0.0118905 0.0106384 86511
0 0.859432 0.794963 0.00618095 0.0131794 86512
0 0.852014 0.844782 0.0226604 0.0121121 86513
0 0.588219 0.913358 0.0543115 0.0120812 86514
0 0.492165 0.723 0.0103239 0.0114985 86515
0 0.844948 0.847465 0.0423462 0.0120472 86516
0 0.153365 0.983606 0.0175251 0.01241 86517
0 0.166525 0.735333 0.0221614 0.00956692 86518
0 0.444032 0.761567 0.0197405 0.0140598 86519
0 0.130624 0.741101 0.0136852 0.00974426 86520
0 0.694367 0.793424 0.0100918 0.0491241 86521
0 0.835444 0.696861 0.00595322 0.0176455 86522
0 0.275722 0.72729 0.00901833 0.0167487 86523
0 0.917927 0.972607 0.0170612 0.0383791 86524
0 0.958354 0.867264 0.056366 0.0144811 86525
0 0.93879 0.673305 0.0117161 0.0136666 86526
0 0.591731 0.914514 0.0440338 0.00942976 86527
0 0.946297 0.852789 0.0362923 0.0421945 86528
0 0.996017 0.80412 0.00753403 0.0354285 86529
0 0.339699 0.771404 0.0423637 0.0122803 86530
0 0.935706 0.865484 0.0150387 0.0173496 86531
0 0.837294 0.835467 0.0311192 0.0338681 86532
0 0.4578 0.761342 0.00835476 0.0123342 86533
0 0.495705 0.863076 0.0162004 0.010773 86534
0 0.703828 0.792458 0.0127773 0.0450955 86535
0 0.937886 0.860301 0.019035 0.0245538 86536
0 0.853634 0.700332 0.00716553 0.0260278 86537
0 0.957001 0.869115 0.0273842 0.0096656 86538
0 0.123067 0.985715 0.033612 0.0207718 86539
0 0.959988 0.848615 0.0121956 0.0339766 86540
0 0.415509 0.84267 0.0384731 0.0175323 86541
