0 0.452819 0.833191 0.0129963 0.0682794 38349
0 0.724321 0.789226 0.00841579 0.0433061 38350
0 0.704227 0.790906 0.0102907 0.0478826 38351
0 0.741862 0.785223 0.00856915 0.04607 38352
0 0.718516 0.829491 0.0144638 0.0326089 38353
0 0.830543 0.834834 0.0174955 0.0335592 38354
0 0.824097 0.770292 0.0104137 0.0511358 38355
0 0.547942 0.811945 0.0109526 0.0488397 38356
0 0.691219 0.794325 0.0104465 0.0455527 38357
0 0.755732 0.781072 0.00744095 0.0492718 38358
0 0.8429 0.765545 0.00611229 0.0464566 38359
0 0.849149 0.765327 0.00999413 0.0491659 38360
0 0.471613 0.85463 0.0168221 0.0324988 38361
0 0.953374 0.849847 0.0222603 0.0414571 38362
0 0.816015 0.780451 0.00648804 0.0335997 38363
0 0.797344 0.773359 0.00975943 0.0530175 38364
0 0.855423 0.830401 0.0159771 0.0350065 38365
0 0.115336 0.983266 0.0309255 0.0260217 38366
0 0.434686 0.91423 0.0221285 0.0375671 38367
0 0.356843 0.756735 0.00774655 0.0183784 38368
0 0.00916749 0.751496 0.00960287 0.0193181 38369
0 0.989164 0.742932 0.00727081 0.035611 38370
0 0.957153 0.848094 0.0150448 0.0380812 38371
0 0.276171 0.725249 0.00503163 0.0178626 38372
0 0.974503 0.763362 0.0186535 0.0252455 38373
0 0.069794 0.743342 0.00929058 0.024644 38374
0 0.903354 0.972683 0.0376097 0.0390293 38375
0 0.890715 0.976045 0.0601883 0.045195 38376
0 0.355392 0.989246 0.0138362 0.0215073 38377
0 0.883391 0.985345 0.0452444 0.0275635 38378
0 0.523218 0.738919 0.00708408 0.0102471 38379
0 0.851817 0.831878 0.023658 0.0379968 38380
0 0.437025 0.77868 0.00759449 0.0176297 38381
0 0.882104 0.682427 0.00548973 0.0185404 38382
0 0.0676537 0.738312 0.00638928 0.0144223 38383
0 0.189654 0.733779 0.011179 0.0102183 38384
0 0.0959428 0.993915 0.0467416 0.00872277 38385
0 0.775976 0.696097 0.00680313 0.0126731 38386
0 0.793302 0.775936 0.00663929 0.0405424 38387
0 0.995582 0.813526 0.00842629 0.016076 38388
0 0.00535863 0.978658 0.0106466 0.0200697 38389
0 0.103116 0.983897 0.0587561 0.027515 38390
0 0.0220693 0.938398 0.0440691 0.0281482 38391
0 0.00967662 0.76065 0.0180161 0.00824127 38392
0 0.910308 0.973639 0.0487188 0.0418016 38393
0 0.936202 0.729045 0.00651703 0.0186008 38394
0 0.997843 0.736319 0.00383339 0.0395403 38395
0 0.140793 0.738267 0.00698414 0.00948707 38396
0 0.792893 0.696487 0.00549927 0.0178994 38397
0 0.937811 0.725233 0.00937309 0.0128304 38398
0 0.110681 0.980866 0.0217578 0.0227692 38399
0 0.795731 0.770469 0.0119972 0.0533719 38400
0 0.922242 0.973686 0.0263638 0.0414805 38401
0 0.319381 0.71348 0.0062376 0.0172862 38402
0 0.770359 0.812803 0.0161501 0.0164914 38403
0 0.40988 0.768237 0.00435371 0.00928853 38404
0 0.885515 0.979745 0.0498356 0.0388628 38405
0 0.897882 0.683714 0.00370941 0.0128421 38406
0 0.676205 0.815642 0.0154723 0.019289 38407
0 0.996317 0.673763 0.00692387 0.0149328 38408
0 0.0560669 0.751891 0.00394506 0.00909 38409
0 0.145047 0.738444 0.0162961 0.00952877 38410
0 0.576736 0.875538 0.0312658 0.0133111 38411
0 0.120407 0.98517 0.0386765 0.023115 38412
0 0.0100456 0.752674 0.0150474 0.0227349 38413
0 0.990932 0.741677 0.0109741 0.0374803 38414
0 0.94875 0.850797 0.030891 0.0446988 38415
0 0.902207 0.979187 0.0329666 0.026673 38416
0 0.982253 0.66231 0.00997715 0.0270215 38417
0 0.936649 0.731928 0.00798855 0.0191176 38418
0 0.97281 0.674424 0.00503922 0.0190055 38419
0 0.577113 0.875939 0.03193 0.013583 38420
0 0.895558 0.979907 0.048102 0.0297048 38421
0 0.923091 0.978403 0.0240179 0.0308933 38422
0 0.997716 0.727966 0.00414391 0.0265388 38423
0 0.391162 0.832416 0.0180824 0.0874792 38424
0 0.947922 0.856953 0.0317396 0.0339393 38425
0 0.4101 0.767894 0.0061079 0.00936788 38426
0 0.871341 0.84539 0.015789 0.0162496 38427
0 0.81769 0.777211 0.00967369 0.0397027 38428
0 0.00909888 0.978488 0.0180059 0.0220934 38429
0 0.778787 0.815092 0.00919914 0.0135383 38430
0 0.489899 0.862099 0.0255789 0.0143048 38431
0 0.850279 0.76213 0.00876198 0.0485718 38432
0 0.146948 0.738532 0.0214111 0.00985447 38433
0 0.126 0.986415 0.0254545 0.0214144 38434
0 0.707594 0.783174 0.00462532 0.0151087 38435
0 0.919394 0.980608 0.0298306 0.0263156 38436
0 0.111649 0.985024 0.0292492 0.0228407 38437
0 0.540219 0.843098 0.00671062 0.0161567 38438
0 0.433695 0.778139 0.0172918 0.0186271 38439
0 0.839375 0.834113 0.0355972 0.0359453 38440
0 0.588171 0.908009 0.052788 0.023743 38441
0 0.0571254 0.751416 0.00669631 0.0082567 38442
0 0.528267 0.740591 0.0182611 0.00749664 38443
0 0.390254 0.799369 0.00794926 0.0195336 38444
0 0.821555 0.770911 0.0155687 0.0525011 38445
0 0.93708 0.735492 0.00911789 0.0137361 38446
0 0.851912 0.846919 0.0255064 0.0115028 38447
0 0.924888 0.983747 0.0202755 0.0202348 38448
0 0.901709 0.982847 0.0714405 0.0326121 38449
0 0.949228 0.859895 0.0137192 0.0205563 38450
0 0.896791 0.972609 0.0244478 0.0309753 38451
0 0.863134 0.832283 0.0323528 0.0395138 38452
0 0.793746 0.696576 0.00760059 0.0186373 38453
