0 0.451114 0.834194 0.01434 0.06533 None
0 0.394597 0.898019 0.0214614 0.0828408 None
0 0.575698 0.812202 0.0116983 0.0581913 None
0 0.435772 0.835163 0.0125191 0.0626855 None
0 0.555355 0.819418 0.00990105 0.0511163 None
0 0.796502 0.775777 0.00900526 0.0493869 None
0 0.722095 0.786625 0.00980072 0.0489826 None
0 0.618533 0.804195 0.0140034 0.0595425 None
0 0.830874 0.834901 0.0178661 0.0335605 None
0 0.843082 0.767111 0.00895042 0.0466736 None
0 0.666163 0.800699 0.00856123 0.0464556 None
0 0.718039 0.830197 0.0136185 0.0312229 None
0 0.114569 0.98379 0.0322174 0.0264126 None
0 0.475517 0.856441 0.0191123 0.0259393 None
0 0.198021 0.915901 0.0458735 0.0313049 None
0 0.893482 0.975384 0.0612516 0.0446911 None
0 0.957425 0.847864 0.0156288 0.0341671 None
0 0.935692 0.728598 0.00863323 0.0273126 None
0 0.355146 0.989349 0.0139988 0.0213019 None
0 0.701921 0.792323 0.00846539 0.0440935 None
0 0.94844 0.747772 0.00674057 0.0362891 None
0 0.391398 0.815369 0.0182157 0.051286 None
0 0.0225505 0.938729 0.045101 0.0301993 None
0 0.856259 0.830821 0.0144365 0.0326494 None
0 0.974353 0.762726 0.0183746 0.0267461 None
0 0.686984 0.79578 0.010716 0.0431196 None
0 0.905167 0.973162 0.0411568 0.0393904 None
0 0.695358 0.79542 0.00856829 0.0418913 None
0 0.0120346 0.751787 0.00904386 0.0159946 None
0 0.852916 0.831287 0.0221584 0.0333913 None
0 0.854112 0.699966 0.00634689 0.0229117 None
0 0.954419 0.849725 0.021265 0.0381551 None
0 0.679137 0.815028 0.0107229 0.0182892 None
0 0.0956521 0.99432 0.0472333 0.00817447 None
0 0.0075857 0.97907 0.0150829 0.0187853 None
0 0.883542 0.98469 0.0448624 0.0280543 None
0 0.445066 0.762418 0.00667953 0.0140055 None
0 0.00545589 0.979095 0.0108568 0.0179643 None
0 0.680712 0.814722 0.0152046 0.0191281 None
0 0.577498 0.875494 0.032294 0.0148322 None
0 0.457685 0.763249 0.00432606 0.011225 None
0 0.355486 0.772052 0.00875826 0.0131005 None
0 0.852795 0.848834 0.0259686 0.00927582 None
0 0.97221 0.760355 0.011285 0.0224764 None
0 0.676208 0.815341 0.0161894 0.0184967 None
0 0.995962 0.81047 0.0076704 0.0229869 None
0 0.950643 0.854748 0.014893 0.029069 None
0 0.698232 0.79288 0.00941849 0.046578 None
0 0.95221 0.8548 0.0200188 0.0319743 None
0 0.0565895 0.742886 0.00696945 0.0160692 None
0 0.0549216 0.745458 0.0112449 0.0210405 None
0 0.279445 0.72933 0.0051198 0.0147339 None
0 0.974757 0.770868 0.0178909 0.0111694 None
0 0.0732185 0.750895 0.00479935 0.0108719 None
0 0.996113 0.815246 0.00736637 0.0134966 None
0 0.714861 0.83058 0.0207218 0.0319178 None
0 0.322718 0.769607 0.0228017 0.0137299 None
0 0.285077 0.728552 0.00425091 0.0116397 None
0 0.577353 0.875169 0.031967 0.0144418 None
0 0.484525 0.856596 0.0383804 0.0262839 None
0 0.588174 0.913393 0.0541774 0.0120882 None
0 0.356942 0.77191 0.0136943 0.0140269 None
0 0.1018 0.984751 0.0591158 0.0263909 None
0 0.884763 0.97844 0.0479603 0.0368306 None
0 0.153359 0.983612 0.0175728 0.0124315 None
0 0.00999282 0.979087 0.0197915 0.0203383 None
0 0.119632 0.98465 0.0403651 0.023366 None
0 0.590776 0.914503 0.045955 0.00960049 None
0 0.453739 0.763129 0.0112654 0.0116753 None
0 0.843948 0.847532 0.0444752 0.0122954 None
0 0.704509 0.792265 0.014225 0.0452674 None
0 0.956798 0.866663 0.0581738 0.0146342 None
0 0.949705 0.748425 0.0090065 0.0374337 None
0 0.949573 0.858417 0.0252865 0.0266469 None
0 0.956451 0.869619 0.0281347 0.00892063 None
0 0.941359 0.863672 0.0262243 0.0166046 None
0 0.947504 0.851118 0.0287888 0.0404772 None
0 0.494307 0.723883 0.011198 0.0109585 None
0 0.946198 0.856949 0.0280853 0.0301678 None
0 0.852056 0.844575 0.02267 0.0123928 None
0 0.947162 0.866534 0.044722 0.0174544 None
0 0.951853 0.868402 0.0377249 0.0115302 None
0 0.935502 0.865103 0.0149418 0.0156679 None
0 0.6726 0.800929 0.0202406 0.0473426 None
0 0.996 0.804618 0.0075676 0.0345022 None
0 0.707666 0.786365 0.00754471 0.0162655 None
0 0.96581 0.862761 0.0401859 0.0102298 None
0 0.068924 0.750977 0.0134313 0.011269 None
0 0.83949 0.835522 0.0356768 0.0340602 None
0 0.480804 0.856175 0.0189075 0.0259199 None
0 0.9715 0.862961 0.0302055 0.00915036 None
0 0.769446 0.813364 0.0140271 0.0157059 None
0 0.285651 0.726047 0.00968514 0.013053 None
0 0.917965 0.972601 0.017415 0.0383918 None
0 0.136488 0.746707 0.00730824 0.00890503 None
0 0.588835 0.909847 0.0562625 0.019034 None
0 0.705028 0.789821 0.0149017 0.0323781 None
0 0.976091 0.669724 0.00539703 0.015863 None
0 0.779263 0.816946 0.00876198 0.0121535 None
0 0.540713 0.849675 0.00685577 0.0275143 None
0 0.698015 0.840827 0.0234196 0.013009 None
