0 0.420963 0.835588 0.0112635 0.061929 None
0 0.452261 0.834473 0.011944 0.0657135 None
0 0.72224 0.786264 0.011272 0.0499396 None
0 0.602742 0.806189 0.010302 0.0585256 None
0 0.830832 0.835157 0.0178604 0.032578 None
0 0.843155 0.764822 0.00808048 0.0491062 None
0 0.796412 0.775201 0.00843906 0.0501675 None
0 0.563735 0.814513 0.0118499 0.0558373 None
0 0.717812 0.829465 0.0137961 0.0329424 None
0 0.554339 0.818049 0.0085784 0.0491099 None
0 0.660077 0.799929 0.00971527 0.04709 None
0 0.953258 0.850094 0.0220291 0.0399807 None
0 0.689735 0.795057 0.0113289 0.0455387 None
0 0.114352 0.982747 0.0325062 0.0278965 None
0 0.856402 0.831018 0.0139019 0.0301192 None
0 0.362011 0.899321 0.0152596 0.0832314 None
0 0.703903 0.791354 0.00863628 0.0474243 None
0 0.699112 0.791533 0.00667801 0.0458896 None
0 0.678079 0.81201 0.020023 0.0249407 None
0 0.971987 0.762197 0.01334 0.0283698 None
0 0.917424 0.972927 0.0168869 0.0385963 None
0 0.48422 0.857277 0.0367225 0.0239851 None
0 0.475667 0.857238 0.0188613 0.0232488 None
0 0.974637 0.762384 0.0189816 0.0284899 None
0 0.708607 0.790097 0.00871697 0.0454193 None
0 0.362098 0.886854 0.0154347 0.0588686 None
0 0.674974 0.812173 0.0143512 0.0250051 None
0 0.858026 0.702773 0.00538559 0.0291199 None
0 0.883851 0.980204 0.0447098 0.0375183 None
0 0.198107 0.91598 0.0448107 0.0312027 None
0 0.893861 0.97591 0.064426 0.044456 None
0 0.706998 0.790329 0.00862198 0.0467567 None
0 0.939696 0.748445 0.00620899 0.0304796 None
0 0.857767 0.698054 0.00502167 0.0189042 None
0 0.906522 0.97358 0.0395775 0.0402086 None
0 0.852653 0.832195 0.0207157 0.0336412 None
0 0.0542682 0.744377 0.00454373 0.0159454 None
0 0.0725148 0.750366 0.0061638 0.0099684 None
0 0.00792378 0.755597 0.0102845 0.0118754 None
0 0.0221555 0.938609 0.0443111 0.0312719 None
0 0.459452 0.760399 0.00603189 0.013029 None
0 0.00547355 0.975892 0.01088 0.02573 None
0 0.0964559 0.994133 0.0488341 0.00819244 None
0 0.92172 0.974032 0.0262772 0.0404836 None
0 0.355378 0.989289 0.0133609 0.0214215 None
0 0.00302537 0.976 0.00600077 0.0241614 None
0 0.351397 0.772227 0.0086751 0.0142063 None
0 0.715319 0.829747 0.0193895 0.0335883 None
0 0.279775 0.73258 0.00867014 0.0165424 None
0 0.996155 0.813547 0.00728378 0.0158813 None
0 0.853355 0.846812 0.0246809 0.0121043 None
0 0.32896 0.721018 0.0109898 0.0124878 None
0 0.577227 0.875709 0.0338447 0.0138736 None
0 0.959445 0.850553 0.0102688 0.0358195 None
0 0.452964 0.760915 0.0191492 0.0137326 None
0 0.849067 0.696574 0.00548191 0.0153259 None
0 0.00853111 0.976008 0.0169691 0.0274446 None
0 0.540956 0.848467 0.0079236 0.0281745 None
0 0.772596 0.813932 0.0205137 0.0181661 None
0 0.391593 0.831883 0.0175909 0.0862566 None
0 0.0109707 0.75976 0.0174032 0.00795542 None
0 0.449244 0.762714 0.0109289 0.0100915 None
0 0.702142 0.793711 0.0114264 0.0509691 None
0 0.311188 0.765456 0.0168813 0.0133341 None
0 0.36201 0.876292 0.0150167 0.03811 None
0 0.0513115 0.74619 0.0126041 0.0194909 None
0 0.496055 0.718269 0.00921345 0.0112123 None
0 0.880436 0.984407 0.0385403 0.0301392 None
0 0.940486 0.750681 0.00775337 0.0357407 None
0 0.00422584 0.973331 0.008385 0.0299082 None
0 0.909005 0.671347 0.00704308 0.00958184 None
0 0.859216 0.794971 0.0082983 0.0127811 None
0 0.137107 0.748155 0.0178129 0.00911255 None
0 0.00641752 0.973321 0.0126605 0.0314543 None
0 0.664597 0.80986 0.0174686 0.0285133 None
0 0.933391 0.728598 0.00855675 0.0231069 None
0 0.903415 0.683509 0.0059288 0.0126941 None
0 0.120364 0.983568 0.0391284 0.0256449 None
0 0.900649 0.972519 0.0286999 0.0324927 None
0 0.871195 0.845319 0.0120907 0.015977 None
0 0.712253 0.793824 0.00886955 0.047762 None
0 0.677643 0.796757 0.00579214 0.017529 None
0 0.495454 0.86288 0.0148578 0.0111416 None
0 0.852133 0.843976 0.0214722 0.0133959 None
0 0.874336 0.772833 0.0512054 0.0191874 None
