0 0.453585 0.833834 0.0121313 0.0676202 52904
0 0.843039 0.765621 0.00855026 0.0496769 52905
0 0.831214 0.834675 0.0185585 0.0335144 52906
0 0.661422 0.80044 0.010354 0.0448022 52907
0 0.692109 0.79412 0.00930681 0.0467341 52908
0 0.718246 0.830624 0.0146788 0.0302806 52909
0 0.703103 0.790456 0.00846195 0.0483276 52910
0 0.391059 0.81752 0.0177921 0.0565891 52911
0 0.561039 0.81555 0.0121176 0.0548111 52912
0 0.771183 0.778755 0.0113414 0.0512429 52913
0 0.747449 0.782299 0.00724707 0.0486867 52914
0 0.736592 0.78567 0.0088974 0.0464481 52915
0 0.759599 0.782085 0.00965796 0.043966 52916
0 0.953496 0.849279 0.0220497 0.0415531 52917
0 0.856125 0.830489 0.0144398 0.0329546 52918
0 0.792315 0.775467 0.00813255 0.0481306 52919
0 0.797248 0.775857 0.00878563 0.0495889 52920
0 0.0221364 0.938109 0.0442729 0.0294742 52921
0 0.95669 0.848825 0.015827 0.0405913 52922
0 0.939383 0.727723 0.00766983 0.0214159 52923
0 0.0609951 0.738866 0.00484425 0.0188468 52924
0 0.288095 0.723364 0.00682869 0.0179264 52925
0 0.794032 0.775201 0.0111667 0.0508938 52926
0 0.118729 0.983689 0.0372038 0.0260949 52927
0 0.677373 0.816296 0.0186373 0.0188222 52928
0 0.354947 0.98915 0.0146495 0.0217011 52929
0 0.433786 0.914466 0.0243834 0.0358259 52930
0 0.19828 0.915415 0.0456939 0.0319973 52931
0 0.738724 0.785723 0.0108105 0.0458018 52932
0 0.971647 0.762699 0.0137787 0.0266524 52933
0 0.00567895 0.752973 0.00853002 0.0191316 52934
0 0.883902 0.980504 0.0455572 0.0377848 52935
0 0.066917 0.747852 0.00777634 0.0192525 52936
0 0.744348 0.782968 0.00792275 0.0491126 52937
0 0.482076 0.858176 0.0352505 0.0211772 52938
0 0.852938 0.83088 0.0208164 0.0349691 52939
0 0.89034 0.976174 0.057843 0.0452803 52940
0 0.974031 0.763014 0.0195091 0.0277635 52941
0 0.80441 0.697903 0.00545177 0.0164515 52942
0 0.853074 0.848352 0.0245754 0.00952284 52943
0 0.108728 0.98427 0.0593291 0.0268382 52944
0 0.995917 0.811679 0.00775261 0.0196493 52945
0 0.921363 0.973445 0.0270061 0.0403076 52946
0 0.0959485 0.994263 0.0471412 0.00822076 52947
0 0.519953 0.728484 0.014481 0.0168555 52948
0 0.00290054 0.974293 0.00575626 0.0272464 52949
0 0.317568 0.709916 0.00586948 0.0167511 52950
0 0.902723 0.973388 0.0336216 0.0404865 52951
0 0.577378 0.875757 0.0328552 0.0146337 52952
0 0.913828 0.973121 0.0109631 0.03911 52953
0 0.274413 0.730715 0.00688 0.0181868 52954
0 0.104272 0.993895 0.064418 0.00855509 52955
0 0.00531404 0.974297 0.0105542 0.0282432 52956
0 0.138835 0.741359 0.0148092 0.0097702 52957
0 0.715504 0.831053 0.0204232 0.0309614 52958
0 0.940262 0.728004 0.0103559 0.0231771 52959
0 0.877036 0.68104 0.00561352 0.0145265 52960
0 0.00458562 0.758289 0.00909854 0.0100616 52961
0 0.413842 0.762596 0.00569859 0.013559 52962
0 0.783473 0.696684 0.00530825 0.0129684 52963
0 0.744883 0.782757 0.012026 0.0503435 52964
0 0.112687 0.982514 0.0259946 0.022133 52965
0 0.768457 0.782547 0.00875578 0.0406238 52966
0 0.983474 0.670219 0.00550995 0.0201118 52967
0 0.997969 0.66823 0.00362072 0.0182271 52968
0 0.409883 0.775224 0.00874243 0.0187873 52969
0 0.766794 0.783017 0.009062 0.0391708 52970
0 0.922642 0.737434 0.00580177 0.00894267 52971
0 0.852321 0.845467 0.0227909 0.0116221 52972
0 0.541007 0.848015 0.00769367 0.0289798 52973
0 0.0680056 0.748526 0.0106067 0.0204836 52974
0 0.974236 0.770856 0.0193176 0.0122789 52975
0 0.406711 0.77791 0.0136503 0.0177443 52976
0 0.895067 0.683982 0.00484486 0.0190587 52977
0 0.00457119 0.970056 0.00913582 0.0374797 52978
0 0.412849 0.763876 0.00648365 0.0152571 52979
0 0.880546 0.984068 0.0388783 0.0307675 52980
0 0.4092 0.770725 0.0199398 0.0284948 52981
0 0.315495 0.710056 0.0113328 0.0179633 52982
0 0.129992 0.983994 0.0603902 0.0246073 52983
0 0.770996 0.812205 0.0167967 0.0166087 52984
0 0.940397 0.73642 0.0144688 0.0100086 52985
0 0.00937581 0.974924 0.0186085 0.030031 52986
0 0.382668 0.75919 0.0113261 0.0120353 52987
0 0.953363 0.675463 0.00678463 0.0130463 52988
0 0.125162 0.98517 0.0287569 0.0235938 52989
0 0.972521 0.673839 0.00711784 0.0147783 52990
0 0.109273 0.981511 0.0189868 0.0220866 52991
0 0.438001 0.914624 0.0162799 0.0340853 52992
0 0.411167 0.764526 0.00831261 0.0179918 52993
0 0.910663 0.975817 0.05014 0.0443271 52994
0 0.135783 0.741408 0.020926 0.011107 52995
0 0.00307588 0.961514 0.00610368 0.0528063 52996
0 0.697388 0.79226 0.0192759 0.0500339 52997
0 0.857625 0.847147 0.0340122 0.0140969 52998
0 0.994869 0.810601 0.00981751 0.0226132 52999
0 0.133564 0.565663 0.0496795 0.0115679 53000
0 0.772803 0.812471 0.00736179 0.0149858 53001
0 0.936225 0.866852 0.0116714 0.016036 53002
0 0.844837 0.846573 0.0423706 0.0134237 53003
0 0.938659 0.728792 0.0105654 0.0235823 53004
0 0.99577 0.805286 0.00802746 0.0324097 53005
0 0.863058 0.832906 0.0317406 0.0376465 53006
0 0.0569652 0.740117 0.0129185 0.0167308 53007
0 0.947431 0.86007 0.0100559 0.0187949 53008
0 0.77979 0.815814 0.00784588 0.00978343 53009
0 0.924255 0.681456 0.0059391 0.00905863 53010
0 0.955888 0.863982 0.0303389 0.0195967 53011
0 0.97642 0.771769 0.0186266 0.0108348 53012
0 0.587398 0.912888 0.0432852 0.0124825 53013
0 0.110399 0.984494 0.0364861 0.022977 53014
0 0.980324 0.76245 0.0319199 0.028565 53015
0 0.760971 0.824488 0.0108927 0.00669217 53016
0 0.95741 0.867264 0.0263603 0.0109014 53017
0 0.153482 0.983361 0.0179164 0.0130069 53018
0 0.0628915 0.746728 0.026677 0.0229201 53019
0 0.574419 0.874497 0.0370083 0.0166392 53020
0 0.959409 0.869136 0.0225384 0.00885213 53021
0 0.153762 0.983529 0.0178612 0.0140193 53022
0 0.0967445 0.986765 0.0494678 0.0208644 53023
0 0.936136 0.866484 0.0116871 0.0160007 53024
