0 0.453056 0.833132 0.012511 0.0685093 None
0 0.755538 0.781311 0.00774212 0.0483985 None
0 0.843074 0.765445 0.0082943 0.0473002 None
0 0.83067 0.834634 0.0176231 0.0336185 None
0 0.862416 0.761998 0.00933094 0.0505327 None
0 0.543576 0.815019 0.0125099 0.0565296 None
0 0.695634 0.794368 0.009268 0.0453986 None
0 0.734576 0.787948 0.00849361 0.0401203 None
0 0.744403 0.784326 0.00845814 0.0458204 None
0 0.705461 0.791603 0.0112968 0.0479401 None
0 0.830364 0.765176 0.0104248 0.0460334 None
0 0.953792 0.848808 0.0219227 0.0398295 None
0 0.800987 0.776709 0.00829945 0.043927 None
0 0.8174 0.779975 0.00590134 0.030648 None
0 0.272732 0.729642 0.00584183 0.017091 None
0 0.433817 0.914584 0.0243095 0.0370002 None
0 0.853163 0.831852 0.0212276 0.034847 None
0 0.795525 0.776099 0.00666285 0.049331 None
0 0.0713696 0.740683 0.00864511 0.0229177 None
0 0.348529 0.754647 0.0102123 0.0183441 None
0 0.718161 0.830265 0.013862 0.0320635 None
0 0.936112 0.724347 0.00596008 0.0197391 None
0 0.891977 0.976135 0.0616608 0.0459412 None
0 0.712519 0.830925 0.0262081 0.0325611 None
0 0.0100573 0.747588 0.00827257 0.0195957 None
0 0.790014 0.699568 0.00567093 0.0165965 None
0 0.46921 0.854308 0.0122936 0.0312361 None
0 0.198915 0.916122 0.0462254 0.0317993 None
0 0.473234 0.852323 0.0201533 0.0351778 None
0 0.0221964 0.938397 0.0443928 0.0293562 None
0 0.977467 0.739552 0.0094305 0.0345266 None
0 0.00562578 0.976436 0.0112016 0.025335 None
0 0.114772 0.98088 0.0300921 0.0231647 None
0 0.905159 0.973202 0.0414494 0.0402805 None
0 0.577716 0.875738 0.0323938 0.0148694 None
0 0.983321 0.737492 0.00911293 0.036697 None
0 0.980029 0.738376 0.0147274 0.0371514 None
0 0.354564 0.989266 0.0161134 0.0214676 None
0 0.856147 0.830906 0.0151621 0.0337368 None
0 0.10966 0.980471 0.0199767 0.0231218 None
0 0.440124 0.775668 0.005828 0.0127618 None
0 0.319896 0.709927 0.00659566 0.0180057 None
0 0.895296 0.682002 0.00505867 0.0156579 None
0 0.952823 0.856315 0.0205265 0.0298581 None
0 0.67597 0.815716 0.0145629 0.0191328 None
0 0.191056 0.730633 0.0104245 0.0077262 None
0 0.741936 0.785304 0.0090868 0.0445519 None
0 0.47694 0.851675 0.0131628 0.0346358 None
0 0.801414 0.776024 0.0119928 0.0460726 None
0 0.450435 0.77578 0.00728264 0.0124607 None
0 0.885039 0.979124 0.0482529 0.0398485 None
0 0.772513 0.700158 0.00732059 0.01912 None
0 0.141878 0.735112 0.00685821 0.00818583 None
0 0.922912 0.68057 0.0090519 0.011742 None
0 0.950819 0.859783 0.0164993 0.021815 None
0 0.150898 0.735834 0.0252251 0.00940535 None
0 0.412558 0.768159 0.00384121 0.00644667 None
0 0.107844 0.983728 0.053463 0.0273758 None
0 0.119752 0.984428 0.0396231 0.0230406 None
0 0.882228 0.681369 0.0092247 0.0154994 None
0 0.440931 0.917972 0.0101307 0.0258269 None
0 0.922061 0.97365 0.026952 0.0411438 None
0 0.769725 0.812927 0.0129515 0.015722 None
0 0.75179 0.781766 0.0146675 0.0496999 None
0 0.272641 0.736766 0.0181367 0.0110035 None
0 0.10372 0.993825 0.063165 0.00910068 None
0 0.682621 0.815327 0.0206392 0.0185303 None
0 0.996532 0.810907 0.00652046 0.0208249 None
0 0.996589 0.814261 0.00640068 0.0139613 None
0 0.912142 0.975171 0.0467758 0.0445626 None
0 0.77375 0.813236 0.0196587 0.0171326 None
0 0.00788805 0.747956 0.0132571 0.0201896 None
0 0.858706 0.834141 0.0376553 0.0391705 None
0 0.77649 0.81374 0.0137036 0.0162788 None
0 0.850542 0.83694 0.0209311 0.0273641 None
0 0.879666 0.985242 0.0374064 0.0280056 None
0 0.125884 0.985703 0.0279181 0.0205229 None
0 0.956407 0.866577 0.0283815 0.0146583 None
0 0.441498 0.775866 0.00909281 0.0142097 None
0 0.880825 0.677707 0.00818253 0.0161511 None
0 0.974898 0.768288 0.0187466 0.0161567 None
0 0.104842 0.985507 0.0652641 0.0248723 None
0 0.835639 0.834201 0.0284052 0.0348636 None
0 0.318441 0.709976 0.00944991 0.0189265 None
0 0.923769 0.97786 0.0238052 0.0318648 None
0 0.990724 0.755651 0.0183971 0.00820041 None
0 0.467239 0.853194 0.0115167 0.0307142 None
0 0.88344 0.680695 0.0126701 0.0167372 None
0 0.824713 0.814857 0.0247976 0.0102295 None
0 0.956377 0.852342 0.0284702 0.0392544 None
0 0.448989 0.776851 0.010722 0.0149346 None
0 0.148502 0.738465 0.0307402 0.00969442 None
0 0.960156 0.849726 0.017256 0.0401174 None
0 0.972551 0.673101 0.00544758 0.0176375 None
0 0.424615 0.929025 0.0151449 0.00999688 None
0 0.732963 0.787161 0.0115543 0.0415924 None
0 0.984617 0.759312 0.0303938 0.0127801 None
0 0.976169 0.770686 0.0208672 0.0120978 None
0 0.957472 0.86861 0.0261082 0.0103868 None
0 0.85983 0.838778 0.0347883 0.0290704 None
0 0.84123 0.833141 0.0449204 0.0360155 None
0 0.590826 0.908 0.0576803 0.0229708 None
0 0.273109 0.731365 0.015598 0.0203993 None
0 0.391315 0.832435 0.017569 0.0853149 None
0 0.58953 0.911491 0.0561687 0.015917 None
0 0.976606 0.739152 0.0184675 0.0375777 None
0 0.790641 0.702702 0.00753288 0.0229284 None
0 0.915287 0.96955 0.011051 0.0334278 None
0 0.0532887 0.747662 0.00494184 0.00845761 None
0 0.153504 0.983387 0.0175467 0.0132329 None
0 0.894581 0.680424 0.00651245 0.0180411 None
0 0.349988 0.989276 0.0262592 0.021386 None
