0 0.796847 0.775738 0.0126587 0.0500804 57469
0 0.775254 0.777708 0.0107083 0.0509538 57470
0 0.554379 0.815606 0.0116856 0.0538286 57471
0 0.639039 0.804827 0.0106443 0.0498532 57472
0 0.692457 0.796312 0.00974627 0.0462689 57473
0 0.452398 0.833434 0.0121914 0.068621 57474
0 0.953749 0.850018 0.0228096 0.0428552 57475
0 0.830576 0.83462 0.0174767 0.0334354 57476
0 0.702704 0.791995 0.0102569 0.0462073 57477
0 0.73681 0.785768 0.00939751 0.0472826 57478
0 0.747456 0.783056 0.0113239 0.0494948 57479
0 0.718234 0.830432 0.0147091 0.0317522 57480
0 0.843115 0.76346 0.00686455 0.0394362 57481
0 0.89036 0.975696 0.0578121 0.0455597 57482
0 0.939814 0.728199 0.00708694 0.0209549 57483
0 0.475374 0.855714 0.0295116 0.0287343 57484
0 0.0578991 0.740559 0.00503993 0.0191118 57485
0 0.974693 0.763126 0.0201828 0.026513 57486
0 0.856388 0.8305 0.0136574 0.0322218 57487
0 0.00480417 0.751931 0.00884734 0.0176665 57488
0 0.755513 0.78859 0.00650396 0.0350125 57489
0 0.199398 0.916478 0.0468028 0.0305001 57490
0 0.0654159 0.752065 0.00690876 0.0167652 57491
0 0.318461 0.714659 0.00514212 0.0168911 57492
0 0.355277 0.989189 0.0136251 0.0216229 57493
0 0.43451 0.914022 0.0219242 0.0367886 57494
0 0.996067 0.675874 0.00739117 0.0275993 57495
0 0.676207 0.815474 0.0156043 0.0176693 57496
0 0.902113 0.972951 0.0346054 0.0402179 57497
0 0.108921 0.979969 0.0203474 0.0245368 57498
0 0.00597083 0.977473 0.0119171 0.0227085 57499
0 0.0691376 0.75131 0.00989463 0.0171158 57500
0 0.114398 0.981722 0.0319388 0.0279083 57501
0 0.291914 0.719704 0.00719042 0.0195129 57502
0 0.883336 0.984868 0.0434498 0.0279544 57503
0 0.714195 0.830945 0.0231396 0.0324188 57504
0 0.0221961 0.939076 0.0443922 0.0314002 57505
0 0.138627 0.741105 0.0165453 0.0112322 57506
0 0.273901 0.728973 0.00596352 0.0156562 57507
0 0.996371 0.810209 0.00683365 0.0209744 57508
0 0.852582 0.848757 0.0267929 0.00972256 57509
0 0.852428 0.831308 0.0242756 0.0344371 57510
0 0.00631729 0.759317 0.0123761 0.0104965 57511
0 0.291899 0.723538 0.00659409 0.0171407 57512
0 0.0676469 0.753187 0.0117974 0.0157735 57513
0 0.978296 0.66897 0.0056776 0.0195737 57514
0 0.404494 0.776261 0.0121725 0.0149292 57515
0 0.520665 0.730661 0.0094923 0.0102749 57516
0 0.10441 0.982656 0.0556617 0.0299469 57517
0 0.391069 0.816055 0.0176077 0.0528237 57518
0 0.577071 0.874682 0.0327227 0.01587 57519
0 0.319167 0.714863 0.00693445 0.0179208 57520
0 0.750514 0.787297 0.00985661 0.0389036 57521
0 0.419922 0.761528 0.00541592 0.0129405 57522
0 0.978721 0.668215 0.00775433 0.0207453 57523
0 0.972903 0.755984 0.00914612 0.0132582 57524
0 0.970103 0.672692 0.0047863 0.0179618 57525
0 0.974593 0.769946 0.0188858 0.0134189 57526
0 0.101699 0.99414 0.0596981 0.00895131 57527
0 0.884495 0.979589 0.0460239 0.0377245 57528
0 0.959869 0.850319 0.0108162 0.03848 57529
0 0.0714694 0.757873 0.0241756 0.0107259 57530
0 0.74533 0.783381 0.0124132 0.050767 57531
0 0.391048 0.833169 0.0182403 0.0886115 57532
0 0.982341 0.669969 0.00664864 0.0171329 57533
0 0.922406 0.680186 0.00634632 0.0140445 57534
0 0.85146 0.845671 0.0255785 0.0129471 57535
0 0.416611 0.762205 0.0122706 0.0149009 57536
0 0.814303 0.6972 0.00744057 0.0128276 57537
0 0.712712 0.834667 0.0253236 0.0261186 57538
0 0.48132 0.853818 0.0188177 0.0275311 57539
0 0.304619 0.719924 0.016663 0.0118093 57540
0 0.482424 0.855091 0.0393116 0.0265523 57541
0 0.00610098 0.973087 0.0120522 0.0321042 57542
0 0.0498021 0.740483 0.00999962 0.0121986 57543
0 0.990426 0.767814 0.0187115 0.0118683 57544
0 0.936233 0.866219 0.0113747 0.0148524 57545
0 0.980995 0.66955 0.0083992 0.0203017 57546
0 0.989799 0.765634 0.0199314 0.0137 57547
0 0.103456 0.983229 0.0644907 0.0298299 57548
0 0.862949 0.833416 0.0321676 0.0387204 57549
0 0.855605 0.847655 0.0342226 0.0144253 57550
0 0.587821 0.913206 0.0515413 0.0119939 57551
0 0.944363 0.865474 0.0279839 0.0166334 57552
0 0.839209 0.834437 0.0350283 0.0359363 57553
0 0.861371 0.843595 0.0335936 0.0205102 57554
0 0.121137 0.98459 0.0189992 0.0251424 57555
0 0.88481 0.98931 0.0391224 0.0187564 57556
0 0.856747 0.834345 0.0436668 0.0394138 57557
0 0.760059 0.824281 0.0103659 0.00618557 57558
0 0.426232 0.915877 0.0390341 0.0393494 57559
0 0.00918341 0.977253 0.0182112 0.0247738 57560
0 0.493592 0.864065 0.0160774 0.00951216 57561
0 0.96073 0.866376 0.0544209 0.0155474 57562
0 0.912818 0.973592 0.0479492 0.041943 57563
0 0.482711 0.861499 0.0376168 0.0155655 57564
0 0.860124 0.795205 0.0061615 0.0130081 57565
0 0.770228 0.812381 0.0119828 0.0148027 57566
0 0.87174 0.845383 0.0135368 0.0158444 57567
0 0.967468 0.863198 0.0406366 0.0122826 57568
0 0.540748 0.847993 0.00613842 0.0263948 57569
0 0.953127 0.863028 0.0229763 0.0187005 57570
0 0.577657 0.881861 0.0326132 0.00893351 57571
0 0.574912 0.873872 0.0371015 0.0171455 57572
0 0.0530075 0.740529 0.0152924 0.0168481 57573
0 0.788319 0.69929 0.0059866 0.0127188 57574
0 0.963442 0.851097 0.0483467 0.0448108 57575
0 0.124931 0.986092 0.0259379 0.0220123 57576
0 0.707863 0.785872 0.00461264 0.0135393 57577
