0 0.570279 0.816355 0.0119127 0.0497976 None
0 0.659209 0.796989 0.0149773 0.0545734 None
0 0.452573 0.833473 0.0132237 0.0663378 None
0 0.506031 0.825459 0.011776 0.0592224 None
0 0.691737 0.790889 0.0102678 0.0542716 None
0 0.796199 0.775249 0.0090353 0.0497484 None
0 0.953553 0.850809 0.0218147 0.0408615 None
0 0.830826 0.834817 0.0175833 0.0329498 None
0 0.746312 0.782556 0.00764608 0.0495548 None
0 0.715638 0.788623 0.00866318 0.0477553 None
0 0.842179 0.766636 0.0086071 0.0451955 None
0 0.98417 0.73881 0.0085846 0.0332694 None
0 0.718157 0.829774 0.0137403 0.0323859 None
0 0.708646 0.790802 0.0072403 0.0437568 None
0 0.701596 0.791312 0.00902119 0.0461999 None
0 0.114617 0.982736 0.0333803 0.0281582 None
0 0.475715 0.856885 0.0180438 0.0240367 None
0 0.939117 0.726582 0.0078701 0.0187107 None
0 0.890617 0.975397 0.0577499 0.0466743 None
0 0.0633935 0.737515 0.00754175 0.022414 None
0 0.433959 0.914381 0.0244673 0.0364285 None
0 0.290722 0.720472 0.00672979 0.0161284 None
0 0.854509 0.829786 0.0174427 0.0341556 None
0 0.31449 0.714352 0.00680118 0.018948 None
0 0.0128968 0.748291 0.0121365 0.0170915 None
0 0.973675 0.762391 0.0193668 0.027465 None
0 0.902285 0.972382 0.0349766 0.040841 None
0 0.00582801 0.979443 0.0115791 0.0179365 None
0 0.270766 0.723703 0.00807667 0.0161989 None
0 0.107481 0.982908 0.0475681 0.028734 None
0 0.355196 0.989074 0.0145817 0.0218521 None
0 0.0950348 0.994252 0.045695 0.00805732 None
0 0.677894 0.814812 0.0183727 0.0181344 None
0 0.843604 0.697488 0.00651379 0.0201225 None
0 0.414351 0.76031 0.0039669 0.0108678 None
0 0.883388 0.984916 0.043585 0.0285792 None
0 0.0221676 0.938003 0.0443351 0.029449 None
0 0.372454 0.773737 0.0100407 0.0112352 None
0 0.0651112 0.739568 0.0116549 0.0264994 None
0 0.930221 0.680186 0.00642376 0.0167141 None
0 0.289972 0.720179 0.00652752 0.0187959 None
0 0.973317 0.67262 0.00795708 0.0177029 None
0 0.51695 0.810192 0.0520607 0.0151917 None
0 0.972721 0.760521 0.00959969 0.0245365 None
0 0.441105 0.918845 0.00977964 0.0240809 None
0 0.71558 0.830225 0.0202206 0.0329576 None
0 0.982533 0.663633 0.00360069 0.016666 None
0 0.577163 0.875098 0.033284 0.0135959 None
0 0.391302 0.813245 0.0163628 0.0470557 None
0 0.996284 0.810384 0.00702477 0.021307 None
0 0.484398 0.856733 0.0356869 0.0238336 None
0 0.996414 0.814981 0.00675125 0.0118635 None
0 0.526044 0.809601 0.0340189 0.0134711 None
0 0.519481 0.815627 0.0520771 0.0267198 None
0 0.159432 0.728336 0.00866456 0.0100779 None
0 0.852468 0.848951 0.0260799 0.00936856 None
0 0.778011 0.771019 0.0280808 0.0123038 None
0 0.826893 0.812471 0.0219942 0.0124873 None
0 0.731105 0.782543 0.0270205 0.0161535 None
0 0.895915 0.67422 0.00884171 0.0101284 None
0 0.975757 0.771178 0.0156815 0.0103578 None
0 0.577415 0.87562 0.0331841 0.0134018 None
0 0.958604 0.850882 0.0122067 0.0360508 None
0 0.661054 0.79859 0.0106184 0.0481257 None
0 0.91351 0.973235 0.0450088 0.0430411 None
0 0.269717 0.721935 0.012009 0.0209008 None
0 0.989814 0.670904 0.00340405 0.0138111 None
0 0.119559 0.984066 0.0401987 0.0251682 None
0 0.839708 0.835521 0.0358475 0.0341507 None
0 0.904379 0.974105 0.0597992 0.0454783 None
0 0.946652 0.67578 0.00681839 0.0172177 None
0 0.496038 0.727764 0.00624742 0.00882704 None
0 0.391257 0.83057 0.0169368 0.0815335 None
0 0.773921 0.813617 0.0225047 0.0181593 None
0 0.947215 0.853015 0.0342384 0.0434914 None
0 0.952699 0.862617 0.0191093 0.0190477 None
0 0.494687 0.862188 0.0154331 0.0116245 None
0 0.7448 0.781734 0.0104795 0.0490751 None
0 0.935932 0.867081 0.0117273 0.0150486 None
