0 0.452484 0.833881 0.0112061 0.0671071 None
0 0.79724 0.775162 0.0100889 0.0511224 None
0 0.780232 0.776463 0.0110436 0.0510552 None
0 0.831194 0.834722 0.018483 0.0334559 None
0 0.645533 0.803246 0.010191 0.0489616 None
0 0.692507 0.794455 0.00939684 0.0467495 None
0 0.556667 0.816432 0.0123569 0.0552304 None
0 0.718298 0.830332 0.0148806 0.0309063 None
0 0.736276 0.786111 0.00962524 0.0472738 None
0 0.843123 0.760347 0.00801163 0.0380286 None
0 0.953522 0.849301 0.0220247 0.0415602 None
0 0.701486 0.791892 0.00802746 0.0476485 None
0 0.753245 0.781952 0.00814648 0.0493985 None
0 0.391014 0.820338 0.0176363 0.0622299 None
0 0.746524 0.782968 0.00807838 0.0465976 None
0 0.940833 0.728171 0.00742359 0.022092 None
0 0.856234 0.830717 0.0144402 0.0326285 None
0 0.0586045 0.739843 0.00513479 0.01588 None
0 0.675597 0.815886 0.0150411 0.020429 None
0 0.434078 0.914263 0.0235758 0.0359763 None
0 0.973422 0.7622 0.021047 0.0295495 None
0 0.290596 0.722158 0.00529051 0.0155379 None
0 0.00479089 0.752387 0.00928414 0.0174415 None
0 0.956792 0.848816 0.015642 0.040525 None
0 0.355097 0.989127 0.0144064 0.0217456 None
0 0.0663327 0.752047 0.00607836 0.0163605 None
0 0.883771 0.980612 0.0459648 0.0378133 None
0 0.921272 0.973307 0.0274645 0.0405558 None
0 0.274152 0.731336 0.00764394 0.018926 None
0 0.198265 0.916048 0.0460589 0.0312225 None
0 0.119581 0.983458 0.0390267 0.0268307 None
0 0.852682 0.831061 0.0213324 0.0346083 None
0 0.0221261 0.938211 0.0442521 0.0288654 None
0 0.318873 0.712521 0.00521069 0.0164927 None
0 0.134312 0.739416 0.00628223 0.0109714 None
0 0.758312 0.786174 0.00674877 0.0405487 None
0 0.482277 0.855023 0.0392806 0.0277069 None
0 0.853109 0.848496 0.0250378 0.00916595 None
0 0.702497 0.794242 0.0105845 0.0442705 None
0 0.00293331 0.97603 0.00581006 0.0242113 None
0 0.890435 0.976085 0.0587461 0.0455617 None
0 0.577282 0.875783 0.033462 0.0146822 None
0 0.0968873 0.994194 0.0493132 0.00829383 None
0 0.715192 0.83088 0.0212948 0.031464 None
0 0.490385 0.854578 0.0241995 0.0272064 None
0 0.00525411 0.975912 0.0104393 0.0253313 None
0 0.913987 0.972705 0.0105812 0.0392629 None
0 0.995858 0.81153 0.00787315 0.020204 None
0 0.902989 0.973425 0.0337524 0.0412259 None
0 0.403431 0.776061 0.00505419 0.0137733 None
0 0.755367 0.782079 0.0118008 0.0501034 None
0 0.970404 0.673041 0.00506878 0.0166118 None
0 0.810735 0.697545 0.00693703 0.0178677 None
0 0.124273 0.985018 0.0312718 0.0240818 None
0 0.106318 0.989686 0.0687566 0.0169681 None
0 0.908091 0.973227 0.024646 0.0400669 None
0 0.0521645 0.739899 0.0092068 0.0151859 None
0 0.00476416 0.756119 0.00942765 0.0132206 None
0 0.109231 0.980419 0.0194624 0.0234768 None
0 0.387046 0.760764 0.0115413 0.011899 None
0 0.407316 0.777427 0.0117561 0.0176578 None
0 0.287229 0.728663 0.0179468 0.0097541 None
0 0.105601 0.981458 0.0125097 0.0204658 None
0 0.0706211 0.752551 0.00469691 0.0135488 None
0 0.138639 0.739443 0.0179451 0.0152798 None
0 0.131868 0.983665 0.0621334 0.0245663 None
0 0.996648 0.675886 0.00627842 0.0241033 None
0 0.852294 0.845308 0.0231453 0.011752 None
0 0.290209 0.723729 0.00930753 0.0159524 None
0 0.74474 0.783501 0.0115549 0.0495926 None
0 0.0632934 0.749571 0.0332392 0.0151815 None
0 0.00942433 0.97619 0.0186739 0.0275943 None
0 0.112424 0.983056 0.0320785 0.0257323 None
0 0.00314691 0.971923 0.00625568 0.0323459 None
0 0.541242 0.848401 0.0070715 0.0283922 None
0 0.068193 0.758722 0.023242 0.00912526 None
0 0.0671097 0.753755 0.00682249 0.0160539 None
0 0.415676 0.763051 0.00723686 0.0108327 None
0 0.00595808 0.972092 0.0117844 0.034023 None
0 0.98375 0.67122 0.0060154 0.0170541 None
0 0.981732 0.671755 0.0044323 0.0177635 None
0 0.911257 0.975777 0.0488148 0.0447564 None
0 0.858068 0.847016 0.0353397 0.0140598 None
0 0.672719 0.816835 0.0212078 0.0228322 None
0 0.153825 0.983499 0.0178296 0.0142381 None
0 0.968065 0.782795 0.024118 0.0101334 None
0 0.996087 0.674353 0.00727825 0.0295144 None
0 0.440221 0.915009 0.0115153 0.0329909 None
0 0.994857 0.810371 0.00985641 0.0232673 None
0 0.947388 0.860011 0.00993881 0.0188924 None
0 0.84416 0.84644 0.0440922 0.0136915 None
0 0.896571 0.681252 0.00520477 0.0133993 None
0 0.996778 0.665028 0.00606461 0.011706 None
0 0.863155 0.833223 0.0316406 0.0370385 None
0 0.993626 0.772763 0.0122784 0.0102568 None
0 0.956896 0.856472 0.0266073 0.0314236 None
0 0.936243 0.866896 0.0117086 0.016016 None
0 0.84222 0.760329 0.0111938 0.0357832 None
0 0.955855 0.863669 0.0304768 0.0203132 None
0 0.273087 0.732197 0.0102695 0.0213877 None
0 0.948672 0.862589 0.0126245 0.0171438 None
0 0.995664 0.801841 0.00824127 0.0398339 None
0 0.557133 0.804111 0.0107912 0.0274653 None
0 0.924092 0.983222 0.0201241 0.0206675 None
0 0.936158 0.866506 0.0117674 0.0160105 None
0 0.950979 0.675452 0.00640526 0.0143506 None
0 0.00306812 0.957788 0.00607053 0.0606301 None
0 0.959301 0.869037 0.0228022 0.00904134 None
0 0.00451558 0.966782 0.00899843 0.0452684 None
0 0.973446 0.774316 0.0222118 0.0108912 None
0 0.186441 0.736429 0.0278416 0.0107232 None
0 0.0508516 0.742387 0.00899264 0.00952471 None
