0 0.452317 0.8343 0.0119595 0.0661743 91642
0 0.357695 0.901305 0.0209241 0.0799067 91643
0 0.599893 0.807777 0.0117878 0.0558204 91644
0 0.417515 0.837924 0.0138918 0.0635374 91645
0 0.796507 0.775071 0.00867453 0.0504279 91646
0 0.843158 0.764909 0.00830689 0.0488125 91647
0 0.830821 0.835153 0.0178247 0.0325724 91648
0 0.722903 0.785979 0.00898323 0.050176 91649
0 0.559896 0.814353 0.00946894 0.0570329 91650
0 0.717845 0.830211 0.013633 0.0314423 91651
0 0.657749 0.800134 0.0077261 0.0454492 91652
0 0.689193 0.79486 0.0106759 0.0453525 91653
0 0.114338 0.982792 0.0324561 0.0276238 91654
0 0.553675 0.817805 0.00801525 0.0492638 91655
0 0.856237 0.831441 0.0148535 0.0299842 91656
0 0.937768 0.75207 0.00692863 0.0383406 91657
0 0.198136 0.916046 0.0454754 0.0312842 91658
0 0.484184 0.857626 0.0368687 0.0235107 91659
0 0.973961 0.763139 0.0171154 0.0273007 91660
0 0.957131 0.848451 0.0150236 0.0365546 91661
0 0.0221392 0.938553 0.0442785 0.0305033 91662
0 0.475516 0.85745 0.0188696 0.0230981 91663
0 0.70865 0.789922 0.00957069 0.0465108 91664
0 0.699232 0.791442 0.00694952 0.0433356 91665
0 0.701648 0.794211 0.00826798 0.0429567 91666
0 0.951724 0.84996 0.0255535 0.0396844 91667
0 0.706868 0.79058 0.0125209 0.0489105 91668
0 0.0533815 0.745902 0.00517964 0.0191291 91669
0 0.677696 0.814935 0.0196895 0.0199063 91670
0 0.917466 0.972932 0.0170406 0.0385776 91671
0 0.906568 0.973373 0.0398235 0.0395248 91672
0 0.893826 0.975784 0.064682 0.0443236 91673
0 0.0964148 0.994141 0.0487515 0.00820957 91674
0 0.70287 0.792536 0.0085331 0.0444804 91675
0 0.355383 0.989299 0.013353 0.0214026 91676
0 0.852913 0.832767 0.0214607 0.0329939 91677
0 0.883639 0.98091 0.0448158 0.0361206 91678
0 0.675776 0.798681 0.00705299 0.0216288 91679
0 0.0052466 0.976138 0.0104395 0.0252735 91680
0 0.3513 0.772124 0.00857677 0.0151994 91681
0 0.0721147 0.750263 0.00546436 0.00991482 91682
0 0.00232902 0.976257 0.0046103 0.0237554 91683
0 0.280354 0.734746 0.00617132 0.0177022 91684
0 0.677041 0.810676 0.0180775 0.0289666 91685
0 0.920895 0.973167 0.0249073 0.0389265 91686
0 0.715273 0.830614 0.0195375 0.0321357 91687
0 0.996176 0.813571 0.00724106 0.0157043 91688
0 0.738133 0.794138 0.031444 0.0112183 91689
0 0.391487 0.832098 0.0179708 0.0863529 91690
0 0.931597 0.728726 0.00752487 0.0204407 91691
0 0.00679883 0.756268 0.0103182 0.0102753 91692
0 0.450681 0.76191 0.00598354 0.0140147 91693
0 0.85209 0.696787 0.00492783 0.0162192 91694
0 0.540875 0.848104 0.0079073 0.0288205 91695
0 0.674579 0.798365 0.00634556 0.0213065 91696
0 0.57719 0.875746 0.034021 0.0138129 91697
0 0.948926 0.85862 0.0132835 0.0223301 91698
0 0.859054 0.697413 0.00461445 0.0158646 91699
0 0.948566 0.857516 0.0220741 0.0259928 91700
0 0.853243 0.847815 0.0246109 0.0108249 91701
0 0.677193 0.805683 0.0146379 0.0338189 91702
0 0.688217 0.791407 0.00891724 0.039928 91703
0 0.772175 0.813636 0.0195357 0.0177833 91704
0 0.904081 0.683959 0.00575905 0.0108067 91705
0 0.859005 0.702151 0.00495949 0.0247369 91706
0 0.501975 0.719765 0.0202048 0.0116085 91707
0 0.497715 0.719136 0.0109825 0.00993907 91708
0 0.00859146 0.976364 0.017046 0.0269855 91709
0 0.1424 0.748089 0.0118379 0.00845439 91710
0 0.284373 0.735022 0.0149425 0.018296 91711
0 0.309733 0.766474 0.0172563 0.013177 91712
0 0.895952 0.97396 0.0195414 0.0251799 91713
0 0.852466 0.838191 0.0220215 0.0243193 91714
0 0.00296515 0.973282 0.00587813 0.0301192 91715
0 0.93478 0.750314 0.0134884 0.0414661 91716
0 0.946918 0.860285 0.0187965 0.0202406 91717
0 0.0624335 0.743435 0.00840681 0.0106927 91718
0 0.871458 0.845419 0.0125751 0.0159929 91719
0 0.136922 0.747752 0.0225155 0.00888129 91720
0 0.494928 0.862735 0.0156906 0.0118157 91721
0 0.859196 0.795155 0.00778351 0.012422 91722
0 0.909324 0.670955 0.00664902 0.0105065 91723
0 0.946058 0.852082 0.0378521 0.0432671 91724
0 0.00611089 0.973104 0.0120584 0.0321994 91725
0 0.460189 0.761967 0.00769129 0.0134774 91726
0 0.987347 0.66909 0.00869942 0.0133558 91727
0 0.877754 0.985099 0.0332939 0.0283349 91728
0 0.0999129 0.992422 0.0551513 0.0110447 91729
0 0.556171 0.818327 0.0108294 0.0561434 91730
0 0.97466 0.77055 0.0186989 0.016422 91731
0 0.819278 0.814753 0.00965042 0.00975596 91732
