0 0.451853 0.834395 0.0124824 0.0660258 None
0 0.508447 0.823507 0.0129004 0.055926 None
0 0.842385 0.767016 0.0085495 0.0456272 None
0 0.796505 0.774899 0.00808334 0.0470352 None
0 0.575009 0.816053 0.0116434 0.0491821 None
0 0.71865 0.830633 0.0138037 0.0310937 None
0 0.953681 0.849847 0.0225 0.0412048 None
0 0.66557 0.791424 0.00838785 0.0471093 None
0 0.746312 0.782399 0.00792961 0.0491869 None
0 0.830881 0.834893 0.017709 0.0332564 None
0 0.11495 0.982726 0.0339017 0.0270738 None
0 0.987314 0.744926 0.00925446 0.0443414 None
0 0.716754 0.788993 0.00759735 0.0476776 None
0 0.710132 0.790311 0.00789127 0.045678 None
0 0.475178 0.856794 0.0177311 0.0251272 None
0 0.197803 0.916416 0.0448936 0.0314162 None
0 0.432121 0.914196 0.0271748 0.0371999 None
0 0.69163 0.794765 0.00741215 0.0448768 None
0 0.69701 0.790992 0.0105828 0.0521379 None
0 0.856593 0.829614 0.0135975 0.0326621 None
0 0.355443 0.989104 0.0140557 0.0217912 None
0 0.390734 0.81204 0.0184373 0.045627 None
0 0.0118818 0.750213 0.00914919 0.0209232 None
0 0.00559729 0.979321 0.0111147 0.0178138 None
0 0.9718 0.762128 0.0123623 0.0275404 None
0 0.269635 0.724659 0.0066762 0.0175285 None
0 0.890485 0.975509 0.058746 0.0470605 None
0 0.938528 0.728462 0.00862885 0.0197908 None
0 0.974609 0.76208 0.0181263 0.0281776 None
0 0.0635302 0.737837 0.00832822 0.0169254 None
0 0.694715 0.790485 0.0113537 0.0538038 None
0 0.0220732 0.93846 0.0441465 0.0297624 None
0 0.910592 0.973236 0.048823 0.0430684 None
0 0.314914 0.713146 0.0067471 0.0180725 None
0 0.390868 0.831708 0.0189201 0.0857615 None
0 0.852795 0.830706 0.0230368 0.0348317 None
0 0.699755 0.790602 0.0085453 0.0487206 None
0 0.42314 0.761592 0.026475 0.013416 None
0 0.0946612 0.994436 0.04661 0.00807343 None
0 0.376642 0.776568 0.0049459 0.015429 None
0 0.902959 0.972511 0.0334127 0.0417226 None
0 0.28991 0.718947 0.00698805 0.0163947 None
0 0.378176 0.776736 0.00822563 0.0156364 None
0 0.99637 0.811962 0.00683537 0.018005 None
0 0.883295 0.979587 0.0451191 0.0391744 None
0 0.0688685 0.74903 0.00913603 0.0135486 None
0 0.484449 0.856841 0.0366864 0.0247755 None
0 0.268454 0.72409 0.00925164 0.0187664 None
0 0.972943 0.678069 0.00624619 0.0217189 None
0 0.0687232 0.749199 0.00927664 0.0136385 None
0 0.852913 0.84804 0.0263828 0.010879 None
0 0.540706 0.848841 0.00647812 0.0267697 None
0 0.920698 0.973282 0.0302012 0.0423228 None
0 0.576182 0.87508 0.0362797 0.0146586 None
0 0.157302 0.7309 0.0104897 0.012027 None
0 0.497689 0.727196 0.00679379 0.0126958 None
0 0.990452 0.669171 0.00395241 0.0143965 None
0 0.0133199 0.750741 0.0129725 0.0227247 None
0 0.956571 0.849818 0.0166002 0.0386554 None
0 0.842148 0.697327 0.00515251 0.0168023 None
0 0.101575 0.993564 0.0600422 0.00883755 None
0 0.718547 0.788637 0.00957413 0.0475971 None
0 0.773157 0.812876 0.0206095 0.0156657 None
0 0.290551 0.720704 0.00914383 0.0176361 None
0 0.0101515 0.750663 0.014227 0.0214216 None
0 0.576798 0.875771 0.0355551 0.0138614 None
0 0.133727 0.73866 0.00535355 0.00889791 None
0 0.715408 0.831003 0.0203766 0.0326057 None
0 0.974838 0.771326 0.0180428 0.0102634 None
0 0.813607 0.698936 0.0074604 0.01804 None
0 0.903439 0.685535 0.00334129 0.0138651 None
0 0.288854 0.719337 0.00593395 0.0170037 None
0 0.101742 0.983229 0.0600822 0.027555 None
0 0.0603652 0.737894 0.0162538 0.0171468 None
0 0.516241 0.805421 0.0283756 0.0159081 None
0 0.130782 0.982473 0.0656833 0.0277256 None
0 0.481603 0.856536 0.0184395 0.0239973 None
0 0.67534 0.814738 0.0189302 0.0195338 None
0 0.778567 0.813717 0.010084 0.0144145 None
0 0.519323 0.807079 0.0220217 0.0120865 None
0 0.945092 0.676937 0.0106468 0.0168579 None
0 0.577458 0.879967 0.0336857 0.0108365 None
0 0.995919 0.671773 0.00678101 0.0113772 None
0 0.953447 0.860652 0.0206661 0.0204139 None
0 0.379326 0.77738 0.0113431 0.0148843 None
0 0.0776184 0.743634 0.00557652 0.0122206 None
0 0.145435 0.734898 0.0345465 0.0201209 None
0 0.00937888 0.979547 0.0185357 0.0196486 None
0 0.269983 0.729498 0.0097394 0.0240757 None
0 0.156693 0.732968 0.0118578 0.0157505 None
0 0.744542 0.782243 0.0111565 0.0494902 None
0 0.138611 0.738718 0.0167872 0.0103071 None
0 0.690509 0.820309 0.0144605 0.00786201 None
0 0.308263 0.717953 0.00582409 0.00985701 None
0 0.859399 0.794987 0.00734406 0.0130229 None
0 0.559414 0.838644 0.00626574 0.00978614 None
0 0.495135 0.862847 0.0159302 0.0108844 None
0 0.935881 0.867001 0.0115116 0.014718 None
0 0.71463 0.836431 0.0211777 0.021413 None
0 0.875547 0.984893 0.0294943 0.0286896 None
0 0.796117 0.814736 0.0439069 0.0167579 None
0 0.440571 0.914988 0.0106934 0.0334527 None
0 0.85697 0.846863 0.0363615 0.0151608 None
