0 0.649591 0.798039 0.0115869 0.0585249 None
0 0.452031 0.834143 0.0108204 0.0656599 None
0 0.796357 0.77574 0.0081666 0.0489376 None
0 0.554793 0.818931 0.010733 0.0502658 None
0 0.842868 0.767201 0.00860004 0.0467051 None
0 0.606525 0.80707 0.0113461 0.0564155 None
0 0.718409 0.830184 0.014106 0.0317461 None
0 0.464696 0.827882 0.0124832 0.0569329 None
0 0.441751 0.894012 0.0170199 0.0793026 None
0 0.831174 0.835303 0.0188681 0.0326352 None
0 0.114333 0.983271 0.033138 0.0274497 None
0 0.0181326 0.75328 0.0109496 0.020913 None
0 0.701176 0.793868 0.0117889 0.0462497 None
0 0.728753 0.785234 0.00839729 0.0521103 None
0 0.681848 0.791665 0.00731277 0.0382909 None
0 0.391049 0.81677 0.0180766 0.0551649 None
0 0.856492 0.829909 0.0136669 0.0327488 None
0 0.198128 0.916194 0.0452919 0.0309584 None
0 0.974043 0.76283 0.0192398 0.0270808 None
0 0.688403 0.794477 0.00855303 0.0460361 None
0 0.952924 0.849774 0.0240429 0.0387616 None
0 0.962964 0.74831 0.00679741 0.0350081 None
0 0.694901 0.794693 0.00752411 0.0476579 None
0 0.319623 0.713748 0.00931835 0.017493 None
0 0.957289 0.848412 0.015435 0.0356871 None
0 0.355001 0.989184 0.0149147 0.021632 None
0 0.483994 0.857079 0.0369694 0.024757 None
0 0.674961 0.815885 0.0149389 0.0184285 None
0 0.364822 0.775236 0.00711608 0.0175564 None
0 0.88357 0.979378 0.0451494 0.0395671 None
0 0.475526 0.85672 0.019137 0.0246007 None
0 0.853036 0.830603 0.0209854 0.035573 None
0 0.697368 0.794399 0.0104666 0.0474111 None
0 0.00559493 0.97778 0.0111121 0.0215893 None
0 0.937293 0.724621 0.00662727 0.0163259 None
0 0.0220797 0.93813 0.0441594 0.0323369 None
0 0.894184 0.975346 0.0658684 0.0467672 None
0 0.906852 0.972801 0.0434504 0.0418752 None
0 0.85319 0.848177 0.0249054 0.00931837 None
0 0.0635156 0.739807 0.00954664 0.0205924 None
0 0.995892 0.813487 0.00780506 0.0159231 None
0 0.0620369 0.739295 0.00711932 0.0187666 None
0 0.273379 0.728885 0.00612483 0.0193965 None
0 0.44204 0.90908 0.0147393 0.049146 None
0 0.920435 0.972791 0.024395 0.0416529 None
0 0.772406 0.813766 0.020835 0.0168896 None
0 0.851963 0.698062 0.0049839 0.0160767 None
0 0.0991186 0.994195 0.0547979 0.00844659 None
0 0.681597 0.79507 0.00861359 0.0465498 None
0 0.578086 0.875374 0.0338339 0.0151242 None
0 0.972978 0.671806 0.00494461 0.015988 None
0 0.363133 0.775359 0.0107523 0.0180183 None
0 0.489989 0.723773 0.00609417 0.0113569 None
0 0.950802 0.856779 0.0165176 0.0258542 None
0 0.577887 0.875061 0.0335499 0.01464 None
0 0.995917 0.671227 0.00457649 0.0166731 None
0 0.270708 0.729006 0.0110016 0.018791 None
0 0.101616 0.983619 0.0575226 0.0274621 None
0 0.948945 0.851643 0.0268295 0.0370327 None
0 0.916342 0.972147 0.0140347 0.0407654 None
0 0.827916 0.696249 0.00755177 0.0152187 None
0 0.170101 0.731782 0.00984511 0.00935872 None
0 0.914327 0.973711 0.0382706 0.0440182 None
0 0.249425 0.859018 0.0383515 0.0174574 None
0 0.0645745 0.749042 0.0122156 0.0136342 None
0 0.0650154 0.741286 0.0132743 0.025284 None
0 0.769459 0.813299 0.0148726 0.0171704 None
0 0.852478 0.845247 0.022221 0.0113732 None
0 0.827718 0.834915 0.0128868 0.0323441 None
0 0.77905 0.816623 0.00974751 0.012736 None
0 0.853243 0.8397 0.0231392 0.0186757 None
0 0.678876 0.814431 0.0188683 0.0219137 None
0 0.881972 0.984498 0.0417164 0.0296702 None
0 0.938179 0.688143 0.00689583 0.0216458 None
0 0.585365 0.913922 0.0477011 0.011527 None
0 0.169347 0.732143 0.0126781 0.010399 None
0 0.828911 0.698541 0.00497627 0.0191911 None
0 0.00915742 0.978016 0.0182491 0.0235704 None
0 0.492344 0.863606 0.0200079 0.0111033 None
0 0.85871 0.847127 0.0362095 0.0129673 None
0 0.441867 0.87091 0.0162065 0.0348606 None
0 0.958018 0.84997 0.0205685 0.0382777 None
0 0.593473 0.913468 0.0627948 0.0123871 None
0 0.715288 0.831719 0.0203205 0.0301429 None
0 0.137078 0.738029 0.00790825 0.00734389 None
0 0.706863 0.842878 0.0103144 0.00882331 None
0 0.76855 0.814364 0.0231138 0.0184228 None
0 0.947216 0.852384 0.0374418 0.0421071 None
0 0.946736 0.860576 0.0232189 0.0198425 None
0 0.492818 0.724651 0.0114281 0.0124422 None
0 0.872581 0.845752 0.0147448 0.0147807 None
0 0.540329 0.848081 0.00626097 0.0256383 None
0 0.995758 0.802536 0.00803757 0.0384874 None
0 0.960531 0.86546 0.0541647 0.0152071 None
0 0.47461 0.852019 0.0202653 0.0319217 None
0 0.946093 0.865242 0.0325315 0.0191511 None
0 0.603729 0.913893 0.0426015 0.011223 None
0 0.782426 0.814199 0.0147376 0.0159566 None
0 0.853447 0.693401 0.00832481 0.0254146 None
0 0.130156 0.982661 0.0640125 0.0269836 None
0 0.677474 0.798597 0.0178631 0.0528229 None
0 0.157002 0.734873 0.043788 0.0140032 None
