0 0.797105 0.77436 0.00782709 0.0476118 None
0 0.762637 0.779699 0.0113256 0.0540148 None
0 0.6278 0.805694 0.00966797 0.0482814 None
0 0.953787 0.850033 0.0228672 0.0428358 None
0 0.830541 0.834681 0.0175041 0.0333184 None
0 0.548419 0.816181 0.0117958 0.0513309 None
0 0.692522 0.795691 0.0097909 0.0472939 None
0 0.84266 0.765248 0.00829849 0.044126 None
0 0.452773 0.834341 0.0120573 0.0680671 None
0 0.70356 0.791514 0.00995445 0.0470554 None
0 0.747342 0.782469 0.00880842 0.0481388 None
0 0.890381 0.975445 0.057832 0.0459578 None
0 0.390942 0.820369 0.0177242 0.0627858 None
0 0.474735 0.854736 0.0158535 0.028007 None
0 0.71811 0.830004 0.0150644 0.032663 None
0 0.731816 0.783905 0.00944614 0.0520542 None
0 0.940446 0.728391 0.00688362 0.0201682 None
0 0.0570923 0.736118 0.00552564 0.0171539 None
0 0.0647028 0.752066 0.00888358 0.0120388 None
0 0.114663 0.981773 0.0318778 0.029344 None
0 0.974006 0.76329 0.0186028 0.0262027 None
0 0.00503597 0.750603 0.00933206 0.0179854 None
0 0.273035 0.729199 0.00867357 0.0193485 None
0 0.855806 0.831624 0.0157612 0.0308112 None
0 0.676409 0.815515 0.0159116 0.0171692 None
0 0.0221283 0.938866 0.0441653 0.0299957 None
0 0.355273 0.989293 0.0133112 0.0214137 None
0 0.199255 0.915946 0.0479713 0.03181 None
0 0.4333 0.914701 0.0250692 0.0370026 None
0 0.738296 0.784286 0.00825081 0.0493429 None
0 0.317241 0.717663 0.00528641 0.0171658 None
0 0.902209 0.972759 0.0345726 0.0406392 None
0 0.989706 0.677512 0.00698566 0.0227448 None
0 0.883352 0.98508 0.0434368 0.0274804 None
0 0.293094 0.722731 0.00749397 0.0182553 None
0 0.714024 0.830439 0.0234434 0.0333103 None
0 0.852342 0.832701 0.0228363 0.0341439 None
0 0.0651434 0.753704 0.0106703 0.0139633 None
0 0.996457 0.810641 0.00665913 0.0200307 None
0 0.577157 0.874641 0.0326788 0.0160995 None
0 0.0721828 0.750075 0.0040921 0.00900133 None
0 0.852581 0.848819 0.0269051 0.00971697 None
0 0.167318 0.738843 0.0147424 0.0102524 None
0 0.00595751 0.758637 0.0116288 0.01024 None
0 0.0480309 0.740598 0.00833149 0.0089503 None
0 0.0055294 0.981269 0.0109779 0.0139235 None
0 0.0958496 0.994251 0.0478683 0.0088323 None
0 0.519324 0.730705 0.00702209 0.008746 None
0 0.897534 0.681306 0.00382214 0.0144694 None
0 0.108852 0.980515 0.0200951 0.0261298 None
0 0.971552 0.762751 0.0119299 0.0265355 None
0 0.975268 0.771315 0.017601 0.0107212 None
0 0.884073 0.979727 0.0451099 0.0372526 None
0 0.137024 0.741679 0.0149286 0.0109019 None
0 0.959469 0.850122 0.0116287 0.0386868 None
0 0.979618 0.67438 0.0056982 0.0158381 None
0 0.540856 0.846264 0.0061554 0.0214199 None
0 0.102007 0.982633 0.0595392 0.0308239 None
0 0.540816 0.849692 0.00679951 0.0270043 None
0 0.397726 0.776578 0.00763149 0.016843 None
0 0.851682 0.84542 0.0261223 0.0144636 None
0 0.862164 0.834552 0.0338371 0.0372026 None
0 0.396844 0.777785 0.0072752 0.0178897 None
0 0.936024 0.866447 0.011412 0.0146339 None
0 0.71272 0.834639 0.025437 0.0261488 None
0 0.86016 0.795271 0.0055584 0.0127228 None
0 0.979883 0.762804 0.0317696 0.0268361 None
0 0.707885 0.78576 0.0050499 0.0144589 None
0 0.0673927 0.75766 0.0190431 0.00965966 None
0 0.944374 0.865744 0.0280808 0.0161801 None
0 0.970004 0.673687 0.00575542 0.01685 None
0 0.884263 0.989056 0.04053 0.0192947 None
0 0.587796 0.913312 0.0515677 0.0119164 None
0 0.692808 0.796346 0.0404499 0.0520821 None
0 0.774428 0.812435 0.00945196 0.0148719 None
0 0.424138 0.914963 0.0436037 0.0383033 None
0 0.481154 0.855202 0.0312786 0.0272756 None
0 0.392664 0.758307 0.00938416 0.0118352 None
0 0.491811 0.864804 0.0211256 0.00763753 None
0 0.57772 0.882365 0.0326809 0.00872209 None
0 0.752279 0.82681 0.0297104 0.00729014 None
0 0.759742 0.824233 0.0123313 0.00612522 None
0 0.900491 0.974095 0.0741323 0.0443176 None
0 0.923548 0.681745 0.00750065 0.0124383 None
0 0.97953 0.771169 0.0115383 0.0102042 None
0 0.84879 0.836873 0.0329365 0.0327159 None
0 0.960695 0.866435 0.0544567 0.0152805 None
0 0.966504 0.863353 0.0426186 0.0126746 None
0 0.96357 0.851067 0.048189 0.0449337 None
0 0.913488 0.9734 0.0468914 0.0422567 None
0 0.451087 0.817849 0.0136452 0.0354431 None
0 0.82033 0.698829 0.00670834 0.0127419 None
0 0.520809 0.736717 0.0165583 0.00708584 None
0 0.57501 0.873833 0.0371817 0.0172119 None
0 0.842447 0.834491 0.0414185 0.0361579 None
0 0.0558094 0.736375 0.00881145 0.0177231 None
0 0.667493 0.829649 0.0125404 0.00769925 None
0 0.974219 0.862541 0.0278484 0.0112623 None
0 0.987322 0.767183 0.0250021 0.0135456 None
0 0.871705 0.845405 0.0137238 0.0157983 None
0 0.317532 0.718868 0.00740814 0.019457 None
0 0.979472 0.673961 0.0075655 0.019416 None
0 0.96531 0.85967 0.0444378 0.0238864 None
0 0.842878 0.765456 0.0123295 0.0446089 None
