0 0.451483 0.83414 0.0136911 0.0662494 None
0 0.575149 0.812284 0.0110885 0.0579142 None
0 0.435403 0.835272 0.0131958 0.0630795 None
0 0.55534 0.819385 0.00986366 0.0510841 None
0 0.39267 0.898983 0.0223979 0.0804923 None
0 0.722013 0.786715 0.009828 0.0492796 None
0 0.796472 0.775558 0.00918875 0.0495853 None
0 0.61837 0.804396 0.013237 0.0580302 None
0 0.830872 0.834902 0.0178455 0.0335475 None
0 0.843373 0.767221 0.00825806 0.0464718 None
0 0.717988 0.83016 0.0135284 0.0312895 None
0 0.665636 0.800367 0.00805912 0.0468764 None
0 0.475244 0.856379 0.0196508 0.0262405 None
0 0.11461 0.983771 0.0323208 0.0264347 None
0 0.198075 0.915622 0.0456836 0.0319829 None
0 0.894011 0.97534 0.0625483 0.0446481 None
0 0.0225623 0.938655 0.0451246 0.0295288 None
0 0.391488 0.811942 0.0178031 0.0440772 None
0 0.702053 0.792257 0.00997534 0.0443353 None
0 0.35515 0.989356 0.0139851 0.0212877 None
0 0.974638 0.762823 0.0182129 0.0266391 None
0 0.955758 0.849178 0.0189777 0.0370171 None
0 0.8563 0.83083 0.0143784 0.0326111 None
0 0.935693 0.727868 0.0085062 0.0267795 None
0 0.687702 0.795106 0.00979672 0.0431678 None
0 0.445635 0.762594 0.00573769 0.0153883 None
0 0.0120695 0.751662 0.00883904 0.0162854 None
0 0.905345 0.973191 0.041111 0.0395413 None
0 0.94767 0.747311 0.00696869 0.0342634 None
0 0.852881 0.831285 0.0223307 0.0335622 None
0 0.0950717 0.994309 0.0459458 0.00816023 None
0 0.00627915 0.979118 0.0124614 0.0181756 None
0 0.883592 0.984688 0.0447819 0.0280358 None
0 0.695912 0.799046 0.0101377 0.0352308 None
0 0.577476 0.875536 0.0320667 0.0147235 None
0 0.391285 0.823765 0.0180364 0.0662923 None
0 0.457616 0.763683 0.00465403 0.0115248 None
0 0.85444 0.698331 0.00641727 0.0203193 None
0 0.69523 0.793271 0.011384 0.0443134 None
0 0.852807 0.848828 0.0259563 0.00919664 None
0 0.984679 0.75146 0.0181749 0.0110426 None
0 0.00905997 0.979072 0.0180199 0.0192167 None
0 0.995954 0.810458 0.00768719 0.0229489 None
0 0.675853 0.814889 0.0172632 0.0197216 None
0 0.679282 0.814784 0.0124552 0.0189058 None
0 0.700264 0.792471 0.0115707 0.0468099 None
0 0.679482 0.813892 0.0163252 0.0207414 None
0 0.9961 0.814885 0.00739212 0.0141783 None
0 0.0565077 0.742226 0.00728223 0.015053 None
0 0.27923 0.729105 0.00577898 0.0151628 None
0 0.0731658 0.751042 0.00458651 0.0104136 None
0 0.577308 0.875174 0.0317329 0.0143997 None
0 0.285039 0.728505 0.00440731 0.0118824 None
0 0.71466 0.830548 0.0210325 0.0320255 None
0 0.951174 0.851587 0.0274353 0.0400752 None
0 0.0546689 0.743766 0.0103593 0.0185911 None
0 0.887259 0.977123 0.0493275 0.0383108 None
0 0.452614 0.763604 0.0132265 0.011397 None
0 0.685909 0.795578 0.0106275 0.0424615 None
0 0.950068 0.859642 0.0163715 0.021051 None
0 0.588199 0.913391 0.0541718 0.0120817 None
0 0.153359 0.983567 0.0175346 0.0124381 None
0 0.355046 0.771751 0.0078054 0.0115775 None
0 0.84501 0.847836 0.0421452 0.0115443 None
0 0.0543249 0.745255 0.0132124 0.0211216 None
0 0.958483 0.866995 0.0559324 0.0132972 None
0 0.85206 0.84495 0.0227537 0.0120378 None
0 0.484256 0.856625 0.0390198 0.026375 None
0 0.102161 0.984742 0.0597693 0.0262926 None
0 0.955563 0.869524 0.0299603 0.00881043 None
0 0.938068 0.863915 0.0203209 0.0166921 None
0 0.591006 0.914487 0.0455147 0.00953335 None
0 0.90394 0.672053 0.00568466 0.0117018 None
0 0.946002 0.852614 0.0322153 0.0394745 None
0 0.322294 0.770537 0.0237837 0.0110365 None
0 0.950911 0.867029 0.0383091 0.0150784 None
0 0.431146 0.83064 0.00695667 0.0375276 None
0 0.935487 0.865144 0.0151258 0.0157657 None
0 0.947462 0.865322 0.0446293 0.0197547 None
0 0.769876 0.813155 0.0146734 0.0156989 None
0 0.995991 0.804705 0.00758381 0.0342328 None
0 0.667491 0.80052 0.0114462 0.0486664 None
0 0.284813 0.726033 0.00990171 0.0130987 None
0 0.959611 0.848551 0.0129917 0.0342906 None
0 0.494068 0.724607 0.0103038 0.0112159 None
0 0.851662 0.771616 0.0127434 0.00802985 None
0 0.841098 0.835541 0.0389301 0.0341156 None
0 0.966814 0.862978 0.0389984 0.0101006 None
0 0.697934 0.840896 0.0230595 0.0128203 None
0 0.321586 0.719463 0.0154229 0.0133345 None
0 0.91788 0.972589 0.0174845 0.0383947 None
0 0.974122 0.862998 0.0253941 0.00901354 None
0 0.588823 0.909821 0.056185 0.0190323 None
0 0.705696 0.84287 0.0142061 0.0091134 None
0 0.32397 0.720111 0.02373 0.014733 None
0 0.990666 0.67959 0.00503826 0.0105962 None
0 0.936171 0.733769 0.0101877 0.0387397 None
0 0.779266 0.816911 0.00873776 0.0120087 None
