0 0.453041 0.83402 0.0129757 0.0673279 99776
0 0.479859 0.82891 0.013681 0.0596039 99777
0 0.697812 0.792813 0.00947361 0.0493405 99778
0 0.953366 0.848947 0.0224285 0.0428725 99779
0 0.776101 0.778039 0.00794392 0.0490924 99780
0 0.843196 0.764095 0.00800514 0.0447527 99781
0 0.222234 0.873842 0.012146 0.0559706 99782
0 0.829411 0.834222 0.0180456 0.0326881 99783
0 0.868644 0.761331 0.00736198 0.0397419 99784
0 0.816029 0.771909 0.0112078 0.0434014 99785
0 0.677323 0.792982 0.0103331 0.0383753 99786
0 0.00976208 0.746563 0.00960531 0.0170695 99787
0 0.425283 0.909341 0.0172257 0.0495314 99788
0 0.79034 0.776642 0.0127886 0.0482059 99789
0 0.519577 0.777647 0.00900259 0.0277054 99790
0 0.198646 0.915333 0.0457791 0.0329302 99791
0 0.354741 0.98903 0.0143128 0.0219401 99792
0 0.907826 0.743659 0.00859947 0.0240716 99793
0 0.849762 0.76379 0.00830154 0.0400109 99794
0 0.854693 0.831999 0.0201992 0.0345388 99795
0 0.0221078 0.938385 0.0442156 0.0290865 99796
0 0.717505 0.830994 0.0143602 0.0313792 99797
0 0.883628 0.980157 0.0453632 0.038344 99798
0 0.935703 0.725829 0.00777779 0.0197105 99799
0 0.973973 0.738992 0.0124777 0.0417626 99800
0 0.715609 0.831344 0.0201807 0.031508 99801
0 0.331434 0.711446 0.0058877 0.015535 99802
0 0.785714 0.777915 0.00713167 0.0466926 99803
0 0.114675 0.982744 0.0305236 0.0248054 99804
0 0.995656 0.811921 0.00826416 0.021019 99805
0 0.766071 0.694749 0.00671845 0.0115238 99806
0 0.37018 0.737748 0.00925155 0.0127045 99807
0 0.917296 0.972693 0.0181833 0.0397458 99808
0 0.391003 0.818405 0.0175043 0.0577255 99809
0 0.489582 0.810255 0.0130552 0.0419657 99810
0 0.496794 0.781313 0.00708885 0.0197574 99811
0 0.945641 0.744427 0.00877457 0.045685 99812
0 0.519493 0.782626 0.0095068 0.0377597 99813
0 0.577127 0.874671 0.033345 0.016587 99814
0 0.676266 0.815947 0.0142379 0.0178494 99815
0 0.487423 0.813208 0.0100837 0.039821 99816
0 0.956269 0.741094 0.00683346 0.0295995 99817
0 0.921481 0.973753 0.0270767 0.0419223 99818
0 0.119865 0.984877 0.0404635 0.0228438 99819
0 0.294755 0.74766 0.0149899 0.0300112 99820
0 0.0962097 0.994244 0.0479981 0.00830807 99821
0 0.104268 0.984194 0.054009 0.0262907 99822
0 0.906788 0.973201 0.0419615 0.0408156 99823
0 0.296223 0.739186 0.0105385 0.013244 99824
0 0.676492 0.799153 0.0126334 0.0513011 99825
0 0.0755168 0.739743 0.0122796 0.0195953 99826
0 0.979763 0.739295 0.00857048 0.0432641 99827
0 0.00564163 0.981378 0.0112099 0.014561 99828
0 0.894983 0.97589 0.0674047 0.045069 99829
0 0.781397 0.695767 0.00775185 0.0139949 99830
0 0.109651 0.98132 0.0200662 0.0238397 99831
0 0.295664 0.744529 0.0129227 0.0248805 99832
0 0.769773 0.812634 0.015756 0.0159129 99833
0 0.935596 0.729764 0.00832081 0.0271888 99834
0 0.2942 0.75631 0.0110648 0.0130358 99835
0 0.420391 0.925641 0.0137096 0.0188438 99836
0 0.711069 0.832226 0.0278288 0.0322486 99837
0 0.0782722 0.726839 0.00602283 0.0108568 99838
0 0.974018 0.765921 0.0173492 0.0211105 99839
0 0.704894 0.831961 0.0407118 0.0328868 99840
0 0.97802 0.657867 0.0112103 0.0321097 99841
0 0.540531 0.850826 0.00706654 0.0305922 99842
0 0.0756342 0.739869 0.012852 0.0209266 99843
0 0.331972 0.717486 0.0370415 0.011871 99844
0 0.118956 0.985061 0.0261428 0.0238147 99845
0 0.293447 0.752153 0.015178 0.0217472 99846
0 0.891889 0.763206 0.00715675 0.0285653 99847
0 0.678916 0.816139 0.0203574 0.0187066 99848
0 0.792497 0.778729 0.0101917 0.0430962 99849
0 0.77249 0.812973 0.0214743 0.0170349 99850
0 0.67914 0.795717 0.0140293 0.0445872 99851
0 0.125365 0.985607 0.0281747 0.0219092 99852
0 0.852209 0.84766 0.0253609 0.0102909 99853
0 0.871465 0.677873 0.00645142 0.0141012 99854
0 0.871494 0.679966 0.00728683 0.0175491 99855
0 0.947338 0.851002 0.0343012 0.0463148 99856
0 0.952391 0.741574 0.00981636 0.02949 99857
0 0.101736 0.984542 0.0587307 0.0264879 99858
0 0.692444 0.841673 0.0331886 0.0144647 99859
0 0.851801 0.837596 0.0248947 0.0285468 99860
0 0.857072 0.83372 0.0408268 0.039663 99861
0 0.423153 0.924641 0.0200522 0.0214654 99862
0 0.845521 0.831948 0.0388096 0.0397892 99863
0 0.95869 0.848579 0.0125294 0.0377214 99864
0 0.421129 0.922676 0.0160376 0.0248678 99865
0 0.479181 0.821603 0.0115548 0.0474486 99866
0 0.492101 0.806049 0.0104774 0.0339494 99867
0 0.814171 0.772082 0.0110161 0.0415139 99868
0 0.935883 0.866064 0.0115395 0.0151735 99869
0 0.107068 0.740415 0.0121961 0.0113244 99870
0 0.10969 0.740418 0.0176264 0.0114407 99871
0 0.77922 0.816346 0.00770569 0.00945435 99872
0 0.858619 0.846382 0.0409634 0.0151952 99873
0 0.0694767 0.747065 0.0235738 0.00956963 99874
0 0.159284 0.738833 0.020412 0.0116723 99875
0 0.589308 0.906948 0.037525 0.0233185 99876
0 0.154145 0.73879 0.00989671 0.010377 99877
0 0.948823 0.748192 0.0141899 0.0446428 99878
0 0.94718 0.86528 0.0343933 0.0182699 99879
0 0.842622 0.845976 0.0463394 0.0156562 99880
0 0.369815 0.735352 0.0104004 0.0169803 99881
0 0.915272 0.975744 0.03988 0.0429191 99882
0 0.673725 0.81616 0.0178358 0.0198498 99883
0 0.391732 0.804238 0.0148197 0.0295726 99884
0 0.162159 0.737683 0.0256652 0.0110051 99885
0 0.0082309 0.74654 0.0128816 0.018319 99886
0 0.105215 0.982125 0.0364987 0.0273427 99887
0 0.493541 0.781585 0.0137884 0.0219969 99888
0 0.790628 0.821001 0.0240159 0.00616625 99889
0 0.895101 0.985652 0.022863 0.0246726 99890
