0 0.453539 0.833901 0.0124268 0.067022 53386
0 0.56108 0.815128 0.0128063 0.0554688 53387
0 0.8429 0.765311 0.00866814 0.0498147 53388
0 0.831182 0.834735 0.0184301 0.0333954 53389
0 0.659508 0.802061 0.0120325 0.0447723 53390
0 0.718288 0.830724 0.0147203 0.0301063 53391
0 0.702893 0.791024 0.00905285 0.0486974 53392
0 0.79074 0.77509 0.00989761 0.0513397 53393
0 0.692314 0.794128 0.00978041 0.0471 53394
0 0.746898 0.782363 0.00733633 0.0487301 53395
0 0.736734 0.785783 0.00881977 0.0467821 53396
0 0.953514 0.849309 0.0220379 0.0416143 53397
0 0.798074 0.77668 0.00881968 0.0482324 53398
0 0.767569 0.780079 0.0115763 0.0474996 53399
0 0.973852 0.762383 0.0204645 0.0287031 53400
0 0.856255 0.83045 0.0143364 0.0327505 53401
0 0.940424 0.727471 0.00746746 0.0214349 53402
0 0.0605912 0.739759 0.0050463 0.0187288 53403
0 0.391002 0.823679 0.0181331 0.0688507 53404
0 0.757144 0.782713 0.00738087 0.04588 53405
0 0.288372 0.722903 0.00737257 0.0163632 53406
0 0.676532 0.8162 0.0183235 0.0195648 53407
0 0.956787 0.848835 0.0156544 0.0405809 53408
0 0.434136 0.914616 0.0237553 0.0361569 53409
0 0.941321 0.727664 0.0100574 0.0229109 53410
0 0.355086 0.989143 0.0144116 0.0217138 53411
0 0.11939 0.983731 0.0386467 0.0262678 53412
0 0.00629563 0.752824 0.00757232 0.0187605 53413
0 0.883863 0.980574 0.0460941 0.0378418 53414
0 0.0664721 0.747768 0.00781519 0.0190691 53415
0 0.0221393 0.938261 0.0442786 0.0294678 53416
0 0.852827 0.83092 0.0210861 0.0348285 53417
0 0.921371 0.973441 0.0270819 0.0403802 53418
0 0.108772 0.984268 0.0609463 0.0269562 53419
0 0.853113 0.848464 0.0250671 0.00939297 53420
0 0.995896 0.811727 0.00779457 0.0196108 53421
0 0.00291192 0.974346 0.0057795 0.0272519 53422
0 0.890274 0.976249 0.0583281 0.0453481 53423
0 0.0959214 0.994247 0.0471048 0.0083274 53424
0 0.0643335 0.74559 0.0129274 0.0234477 53425
0 0.691462 0.784935 0.00817661 0.0311271 53426
0 0.317949 0.709916 0.00559139 0.0169388 53427
0 0.913763 0.973143 0.0110559 0.0391364 53428
0 0.577241 0.875735 0.0333962 0.0147213 53429
0 0.391057 0.813402 0.0176059 0.0478731 53430
0 0.104831 0.993868 0.0655815 0.00869887 53431
0 0.902773 0.973432 0.0336395 0.0407532 53432
0 0.00534387 0.974315 0.0106096 0.0282732 53433
0 0.715451 0.831196 0.0206467 0.0307493 53434
0 0.521532 0.727724 0.0116877 0.0145923 53435
0 0.275553 0.730547 0.00723324 0.0173942 53436
0 0.00326106 0.75855 0.00646482 0.00907627 53437
0 0.139136 0.740974 0.0151311 0.00990109 53438
0 0.951488 0.675043 0.00464745 0.0135893 53439
0 0.414155 0.762527 0.0059412 0.0128733 53440
0 0.909094 0.973158 0.0208897 0.0394687 53441
0 0.0627476 0.749615 0.0306183 0.0154822 53442
0 0.783582 0.697017 0.00455379 0.0141145 53443
0 0.973052 0.671902 0.0068367 0.0166148 53444
0 0.940678 0.736725 0.0139732 0.00956947 53445
0 0.382654 0.758347 0.00937834 0.0132195 53446
0 0.769135 0.756076 0.00845871 0.00999145 53447
0 0.112335 0.982542 0.0253816 0.0223938 53448
0 0.409152 0.772174 0.00720406 0.0164783 53449
0 0.136215 0.741311 0.0213558 0.0106164 53450
0 0.796184 0.77431 0.00854721 0.0525959 53451
0 0.983761 0.669489 0.00644989 0.0214836 53452
0 0.482066 0.857476 0.0338804 0.0235474 53453
0 0.697882 0.792389 0.0185955 0.0500034 53454
0 0.877143 0.68028 0.004702 0.0145752 53455
0 0.0527878 0.742022 0.0108774 0.0102629 53456
0 0.491342 0.854589 0.00391445 0.0182544 53457
0 0.997984 0.668066 0.00359917 0.0181122 53458
0 0.852222 0.845574 0.0230347 0.0115641 53459
0 0.274208 0.731784 0.00786238 0.0191623 53460
0 0.0646081 0.745083 0.0190181 0.0248222 53461
0 0.412582 0.764027 0.0073617 0.015092 53462
0 0.00458599 0.970083 0.00916505 0.0373066 53463
0 0.41103 0.765224 0.0108868 0.0189021 53464
0 0.805541 0.698628 0.00551414 0.0179376 53465
0 0.743973 0.78305 0.0131729 0.0511207 53466
0 0.0093995 0.974871 0.0186516 0.03021 53467
0 0.807007 0.698567 0.00752258 0.017787 53468
0 0.805927 0.701135 0.00503769 0.0222756 53469
0 0.755206 0.782472 0.0106796 0.0475783 53470
0 0.773128 0.812012 0.0068428 0.0152096 53471
0 0.13141 0.983935 0.0634143 0.0251431 53472
0 0.198049 0.915289 0.0454257 0.0315891 53473
0 0.774715 0.811963 0.0175827 0.016747 53474
0 0.10931 0.981549 0.0191119 0.0222383 53475
0 0.0631995 0.747845 0.021251 0.019671 53476
0 0.769227 0.811206 0.0147868 0.017411 53477
0 0.771926 0.811545 0.0111494 0.0153678 53478
0 0.125426 0.985352 0.0284361 0.0233948 53479
0 0.910723 0.975854 0.0500404 0.044332 53480
0 0.923124 0.737126 0.006283 0.00795119 53481
0 0.00310927 0.961306 0.00616369 0.0533091 53482
0 0.440238 0.914952 0.0115444 0.0331299 53483
0 0.858111 0.847039 0.0354549 0.0141069 53484
0 0.994871 0.810707 0.00981331 0.0224443 53485
0 0.181783 0.736241 0.0142779 0.00809428 53486
0 0.77966 0.815995 0.00730572 0.00903456 53487
0 0.93624 0.866885 0.0116972 0.0160166 53488
0 0.844632 0.846608 0.0431652 0.0135128 53489
0 0.947343 0.859972 0.00986309 0.0188538 53490
0 0.934189 0.738415 0.0283825 0.0105028 53491
0 0.541205 0.848325 0.00727406 0.0284522 53492
0 0.955738 0.864028 0.0306877 0.0196301 53493
0 0.86302 0.832923 0.0319038 0.0374485 53494
0 0.995761 0.80548 0.00804062 0.0320053 53495
0 0.791668 0.820843 0.0266367 0.00641039 53496
0 0.924272 0.681664 0.00617027 0.00939297 53497
0 0.895498 0.684799 0.00384026 0.0171504 53498
0 0.153493 0.983363 0.01796 0.0130515 53499
0 0.95959 0.869172 0.0222321 0.00880127 53500
0 0.936151 0.866513 0.0117241 0.0160141 53501
0 0.153735 0.983559 0.0179816 0.014109 53502
0 0.95703 0.856118 0.0262491 0.0319919 53503
0 0.947854 0.863338 0.0112221 0.015774 53504
0 0.957445 0.867398 0.0260576 0.0109751 53505
0 0.587223 0.912596 0.0440778 0.0132935 53506
0 0.67054 0.818421 0.029817 0.0251261 53507
