0 0.380348 0.846045 0.0132856 0.0651177 98407
0 0.452625 0.834467 0.0124848 0.0664095 98408
0 0.636523 0.804294 0.00924969 0.0489029 98409
0 0.56309 0.811586 0.0108496 0.0560379 98410
0 0.842958 0.764347 0.00841675 0.04155 98411
0 0.285383 0.902456 0.0210722 0.0779032 98412
0 0.51997 0.819269 0.0122903 0.0545644 98413
0 0.55491 0.818688 0.00983725 0.0490523 98414
0 0.702495 0.792274 0.010739 0.0481947 98415
0 0.718454 0.829338 0.0144196 0.0330597 98416
0 0.797263 0.775045 0.00938683 0.0506154 98417
0 0.728575 0.786904 0.00873547 0.047806 98418
0 0.688843 0.794489 0.00987282 0.0467312 98419
0 0.956816 0.848737 0.0159092 0.0366865 98420
0 0.737096 0.784794 0.00999537 0.0502175 98421
0 0.831317 0.83498 0.016748 0.0326135 98422
0 0.11454 0.982892 0.0312344 0.0245617 98423
0 0.977539 0.733249 0.00726299 0.0278634 98424
0 0.946883 0.850206 0.01264 0.0373254 98425
0 0.928899 0.728683 0.00793095 0.0240338 98426
0 0.853607 0.834134 0.0202745 0.0283861 98427
0 0.926231 0.753584 0.00872059 0.0413679 98428
0 0.355166 0.989401 0.0148777 0.0211971 98429
0 0.474391 0.856699 0.0201987 0.024274 98430
0 0.198139 0.916133 0.0441996 0.0307807 98431
0 0.653989 0.807328 0.00656376 0.0335108 98432
0 0.0586719 0.728914 0.00543003 0.0145369 98433
0 0.971615 0.76233 0.0134846 0.0271389 98434
0 0.890916 0.97685 0.0598991 0.0441003 98435
0 0.904621 0.973251 0.0384214 0.0384143 98436
0 0.577627 0.875081 0.032559 0.01531 98437
0 0.677121 0.815411 0.0185016 0.0186327 98438
0 0.927842 0.742234 0.00970287 0.0514955 98439
0 0.00577391 0.975492 0.0114807 0.0262283 98440
0 0.0222287 0.938493 0.0444573 0.0298282 98441
0 0.974147 0.762296 0.0188805 0.0278319 98442
0 0.391295 0.812427 0.0171891 0.0446516 98443
0 0.883017 0.984116 0.0441078 0.0297587 98444
0 0.943242 0.85076 0.0193747 0.0385485 98445
0 0.914415 0.670805 0.00607224 0.011725 98446
0 0.391251 0.833258 0.017382 0.0868523 98447
0 0.910964 0.974259 0.0472071 0.0410224 98448
0 0.540892 0.849184 0.00758114 0.0278904 98449
0 0.0371272 0.741059 0.00786487 0.0172173 98450
0 0.940492 0.674222 0.0060936 0.0214784 98451
0 0.501211 0.7562 0.00625973 0.0138418 98452
0 0.097825 0.994166 0.0510805 0.00808614 98453
0 0.109597 0.984122 0.0414306 0.0266096 98454
0 0.92723 0.749231 0.0101891 0.0506582 98455
0 0.715522 0.829637 0.0206991 0.0338036 98456
0 0.285343 0.888648 0.0190099 0.0498613 98457
0 0.92239 0.9736 0.0262653 0.0392554 98458
0 0.483546 0.856789 0.0390169 0.024694 98459
0 0.951611 0.659614 0.0037899 0.0146025 98460
0 0.93681 0.866952 0.0173594 0.0139523 98461
0 0.917426 0.972344 0.015819 0.0367313 98462
0 0.853173 0.836371 0.0257511 0.0327488 98463
0 0.834429 0.835196 0.0238171 0.0332238 98464
0 0.0606472 0.72954 0.0123502 0.014247 98465
0 0.914783 0.972186 0.0103462 0.0367878 98466
0 0.288554 0.738375 0.00991545 0.0147792 98467
0 0.00852575 0.975662 0.0169354 0.0275192 98468
0 0.865024 0.695887 0.00601501 0.0171063 98469
0 0.941197 0.852477 0.0254517 0.0415526 98470
0 0.991753 0.670928 0.00698757 0.0166067 98471
0 0.786859 0.813911 0.0345724 0.0191978 98472
0 0.0625796 0.730639 0.010661 0.0119629 98473
0 0.860616 0.794443 0.00540237 0.0138899 98474
0 0.941677 0.67165 0.00638313 0.0259116 98475
0 0.119678 0.983997 0.0410305 0.0250268 98476
0 0.899422 0.975658 0.0310268 0.0340491 98477
0 0.102278 0.984463 0.0586717 0.0262339 98478
0 0.996045 0.807545 0.00750084 0.0289476 98479
0 0.923541 0.680901 0.00655785 0.00870158 98480
0 0.772766 0.813343 0.0205838 0.0176581 98481
0 0.592795 0.907439 0.0625021 0.0233005 98482
0 0.776304 0.813609 0.0151352 0.0186429 98483
0 0.0805325 0.755124 0.00586603 0.0124749 98484
0 0.284635 0.767065 0.0186355 0.0136186 98485
0 0.977408 0.771449 0.0128531 0.00939941 98486
0 0.959678 0.672867 0.00613499 0.0195596 98487
0 0.77277 0.812799 0.00959597 0.0169386 98488
0 0.769446 0.813074 0.0138635 0.0177429 98489
0 0.77794 0.814347 0.0313953 0.0203749 98490
0 0.110578 0.983801 0.027833 0.0221812 98491
0 0.86591 0.685644 0.00582237 0.0105951 98492
0 0.777745 0.815036 0.0119959 0.016076 98493
0 0.956818 0.86776 0.0607746 0.014168 98494
0 0.968539 0.762563 0.020582 0.0282294 98495
0 0.947623 0.863521 0.0390377 0.0231774 98496
0 0.860604 0.8461 0.0390133 0.0160801 98497
0 0.387213 0.833902 0.0252861 0.0847789 98498
0 0.286323 0.922348 0.0186835 0.040411 98499
0 0.593821 0.911631 0.060409 0.0146725 98500
0 0.996118 0.816556 0.00728531 0.0134247 98501
0 0.855888 0.795348 0.0157425 0.0127838 98502
0 0.855662 0.837338 0.0475708 0.034848 98503
0 0.577751 0.871139 0.0331152 0.0236818 98504
0 0.872529 0.845634 0.014399 0.0148085 98505
0 0.0613921 0.732022 0.0130096 0.0174586 98506
0 0.950801 0.868733 0.0421898 0.0133501 98507
0 0.515687 0.719894 0.00751133 0.00990668 98508
0 0.897253 0.677123 0.00857239 0.0117537 98509
0 0.380209 0.831576 0.0126386 0.037992 98510
0 0.51987 0.808328 0.0104228 0.0318446 98511
