0 0.79669 0.775086 0.00843258 0.0460493 None
0 0.54388 0.817827 0.0118732 0.053074 None
0 0.452947 0.834025 0.0109491 0.0676285 None
0 0.953769 0.850019 0.0228451 0.0428392 None
0 0.830466 0.834627 0.017555 0.0332469 None
0 0.619856 0.808369 0.0102382 0.0466241 None
0 0.724785 0.78663 0.0106875 0.0489471 None
0 0.842602 0.766332 0.0081562 0.0444868 None
0 0.47487 0.854818 0.0168233 0.0290395 None
0 0.692606 0.795222 0.00995579 0.047644 None
0 0.753504 0.780572 0.00872479 0.0488302 None
0 0.703215 0.791794 0.0104596 0.0457579 None
0 0.718208 0.831328 0.0147409 0.0297755 None
0 0.890421 0.975795 0.0578194 0.0451207 None
0 0.745446 0.782212 0.00732021 0.0455478 None
0 0.733944 0.786657 0.00951996 0.0441923 None
0 0.433063 0.914225 0.0252754 0.0365804 None
0 0.0584854 0.736969 0.00478537 0.0186581 None
0 0.00470256 0.752226 0.00923703 0.0202928 None
0 0.938809 0.728886 0.00821285 0.0212663 None
0 0.199009 0.916073 0.0480089 0.0317915 None
0 0.855807 0.831784 0.0157623 0.0312887 None
0 0.315863 0.718995 0.0055974 0.0174172 None
0 0.114415 0.981986 0.0317083 0.0277379 None
0 0.972378 0.763188 0.0158661 0.0256019 None
0 0.35529 0.989258 0.0132946 0.0214845 None
0 0.676966 0.815192 0.0169526 0.0178006 None
0 0.29264 0.723974 0.00646763 0.0177867 None
0 0.0222941 0.939276 0.0445882 0.0298967 None
0 0.852197 0.832383 0.0228321 0.0335025 None
0 0.391138 0.818919 0.0175721 0.0619164 None
0 0.744548 0.785687 0.00873852 0.0450904 None
0 0.0645834 0.751351 0.00593369 0.0130196 None
0 0.987864 0.679244 0.00559463 0.0212513 None
0 0.273681 0.73089 0.00905819 0.0194346 None
0 0.577212 0.87439 0.0327937 0.0165531 None
0 0.90257 0.973128 0.0348532 0.0398505 None
0 0.852604 0.848853 0.0267445 0.00942739 None
0 0.883473 0.985459 0.0434626 0.0267476 None
0 0.743175 0.79097 0.00702286 0.0320923 None
0 0.275159 0.730729 0.00715113 0.0189535 None
0 0.395616 0.769336 0.00665088 0.030879 None
0 0.108294 0.982824 0.0461682 0.029295 None
0 0.109132 0.980165 0.0207615 0.0252635 None
0 0.714208 0.831674 0.0231146 0.0307249 None
0 0.996457 0.810781 0.00666084 0.0197235 None
0 0.51679 0.732536 0.00704994 0.0114643 None
0 0.395672 0.777725 0.00579386 0.015264 None
0 0.294365 0.724396 0.00971317 0.0182309 None
0 0.976565 0.771733 0.0149172 0.00965983 None
0 0.396076 0.759255 0.00575328 0.0119398 None
0 0.00550355 0.981361 0.0109155 0.0141985 None
0 0.516295 0.733388 0.0106043 0.0109734 None
0 0.101047 0.994231 0.0588318 0.00911052 None
0 0.425145 0.7569 0.00743656 0.014053 None
0 0.863288 0.834673 0.0316406 0.0370178 None
0 0.884479 0.979458 0.045738 0.0373908 None
0 0.0706466 0.751263 0.00946426 0.0144908 None
0 0.95944 0.850129 0.0116213 0.0389136 None
0 0.00461158 0.756378 0.00911088 0.0124006 None
0 0.774366 0.813191 0.0175706 0.0156769 None
0 0.860106 0.795134 0.00599308 0.0127706 None
0 0.141536 0.741001 0.00364656 0.00757565 None
0 0.851746 0.84482 0.0258202 0.0153497 None
0 0.101871 0.984869 0.0599471 0.0264723 None
0 0.423438 0.758777 0.010352 0.0126721 None
0 0.936029 0.866488 0.0114426 0.0146423 None
0 0.884399 0.989329 0.040642 0.0187826 None
0 0.0605351 0.742126 0.00739121 0.0258206 None
0 0.517267 0.732869 0.0137446 0.0134098 None
0 0.165932 0.738791 0.0136158 0.0106823 None
0 0.924914 0.681557 0.00815964 0.0105003 None
0 0.977604 0.771618 0.0155674 0.00986277 None
0 0.944264 0.865849 0.0277704 0.0158656 None
0 0.980918 0.762862 0.0341576 0.0267185 None
0 0.587829 0.91344 0.0514343 0.0115567 None
0 0.850656 0.837593 0.0282717 0.030887 None
0 0.135638 0.7411 0.0142471 0.00959744 None
0 0.394389 0.769562 0.0102618 0.0341331 None
0 0.426571 0.756393 0.00437174 0.0138811 None
0 0.913859 0.97375 0.0429798 0.0418242 None
0 0.00951321 0.981177 0.0188607 0.0159061 None
0 0.842774 0.834079 0.0420826 0.0365431 None
0 0.973438 0.649942 0.00844193 0.0149777 None
0 0.577732 0.882258 0.0327093 0.00820584 None
0 0.752707 0.826957 0.0305761 0.00750732 None
0 0.961029 0.866567 0.0537758 0.0149645 None
0 0.901069 0.974931 0.0699726 0.0433251 None
0 0.159086 0.738904 0.0119403 0.0107676 None
0 0.871616 0.845371 0.0138168 0.015919 None
0 0.967008 0.863363 0.0414963 0.0124622 None
0 0.963756 0.851019 0.0478256 0.0449599 None
0 0.12268 0.984896 0.0344167 0.0230679 None
0 0.986252 0.767995 0.0271652 0.0118257 None
0 0.391494 0.79885 0.0170736 0.0903907 None
0 0.391686 0.799052 0.0109579 0.0202067 None
0 0.418512 0.758709 0.0204466 0.0150194 None
0 0.973288 0.656623 0.00905056 0.0267031 None
0 0.00666589 0.979174 0.0132187 0.0186266 None
0 0.531677 0.827017 0.0158587 0.00760905 None
0 0.965405 0.86036 0.0441277 0.0223365 None
0 0.575231 0.8737 0.0370512 0.0173708 None
0 0.953221 0.863533 0.023325 0.0176575 None
0 0.540825 0.85482 0.00663748 0.0160621 None
0 0.493213 0.865 0.0178177 0.00754157 None
0 0.974215 0.862619 0.0277849 0.0111555 None
0 0.85604 0.79534 0.0150463 0.0127797 None
0 0.108541 0.975483 0.0202487 0.0347588 None
0 0.606673 0.816751 0.139406 0.0625637 None
0 0.898581 0.682475 0.00398407 0.0156326 None
0 0.990217 0.767667 0.0191027 0.0114032 None
0 0.10687 0.982864 0.0711465 0.0298709 None
0 0.578101 0.880726 0.0333286 0.0116275 None
0 0.275715 0.730227 0.0138379 0.0199972 None
