0 0.452807 0.833174 0.0129018 0.0679515 None
0 0.740401 0.785269 0.00854683 0.0460075 None
0 0.718521 0.829758 0.0144219 0.0322657 None
0 0.830517 0.834813 0.0177336 0.0335546 None
0 0.719778 0.789087 0.0100301 0.0448559 None
0 0.755783 0.781263 0.00726681 0.0486766 None
0 0.843986 0.76516 0.0107418 0.0500197 None
0 0.549776 0.81325 0.011148 0.0453779 None
0 0.821892 0.770793 0.0124306 0.0502265 None
0 0.703424 0.790454 0.0113194 0.0472531 None
0 0.797426 0.775693 0.00819216 0.0482408 None
0 0.79127 0.778123 0.00823317 0.0433092 None
0 0.434668 0.914237 0.0223539 0.0375322 None
0 0.953372 0.849635 0.0223248 0.0416124 None
0 0.855476 0.830507 0.0161158 0.0344101 None
0 0.473218 0.855417 0.0188044 0.0303341 None
0 0.974379 0.763526 0.0187363 0.0256182 None
0 0.115348 0.983207 0.031016 0.0260271 None
0 0.694138 0.795085 0.0079505 0.0430264 None
0 0.692365 0.794255 0.0100621 0.0451314 None
0 0.521607 0.7386 0.00714741 0.0113732 None
0 0.777476 0.697144 0.00484371 0.0142974 None
0 0.00756069 0.751756 0.010038 0.0183789 None
0 0.277341 0.726574 0.00337114 0.0152783 None
0 0.95623 0.84835 0.016696 0.0394399 None
0 0.883298 0.985413 0.0451 0.0273443 None
0 0.355431 0.989252 0.0137481 0.0214966 None
0 0.318765 0.713561 0.00582495 0.0182777 None
0 0.995552 0.746505 0.00845261 0.0398473 None
0 0.0694028 0.743004 0.00913272 0.0251994 None
0 0.903343 0.97279 0.0378752 0.0390367 None
0 0.434932 0.780209 0.010063 0.0170912 None
0 0.891541 0.976268 0.06136 0.0460965 None
0 0.0678716 0.73725 0.00622456 0.0148461 None
0 0.852822 0.831505 0.0215601 0.0370821 None
0 0.812899 0.781584 0.0064415 0.0311133 None
0 0.198762 0.915724 0.0452172 0.0315828 None
0 0.99555 0.813559 0.00848999 0.015957 None
0 0.0222103 0.93808 0.0443052 0.0296536 None
0 0.91007 0.973678 0.048958 0.0417355 None
0 0.139658 0.740615 0.00623736 0.00764804 None
0 0.0945555 0.993897 0.044595 0.00864919 None
0 0.103702 0.983846 0.0599094 0.0275848 None
0 0.00540052 0.978428 0.0107506 0.0206028 None
0 0.359263 0.754411 0.00595965 0.0129608 None
0 0.46985 0.855932 0.0124994 0.0289751 None
0 0.79424 0.697655 0.00615788 0.0163015 None
0 0.676047 0.815675 0.0156143 0.0187564 None
0 0.937843 0.726085 0.0102608 0.0192105 None
0 0.92229 0.973695 0.0261837 0.04142 None
0 0.962767 0.723071 0.0428333 0.0150652 None
0 0.11023 0.98076 0.0208697 0.0226639 None
0 0.409675 0.76799 0.00326595 0.00986667 None
0 0.966563 0.675595 0.00519447 0.019163 None
0 0.882721 0.684106 0.00462456 0.0179417 None
0 0.769936 0.812694 0.0152723 0.0164063 None
0 0.884758 0.979807 0.0482512 0.038717 None
0 0.360446 0.756601 0.0100709 0.0156369 None
0 0.982213 0.663757 0.00970192 0.0337302 None
0 0.120623 0.985192 0.0387922 0.0230828 None
0 0.577158 0.875957 0.0320884 0.0136937 None
0 0.902109 0.977821 0.0334364 0.0291385 None
0 0.948817 0.850634 0.0308146 0.0448758 None
0 0.576823 0.875561 0.0315367 0.0135678 None
0 0.772821 0.813079 0.0215466 0.0175747 None
0 0.936879 0.724815 0.00873337 0.0245521 None
0 0.898173 0.683702 0.0040226 0.0119525 None
0 0.92307 0.683459 0.00665207 0.0132651 None
0 0.983708 0.650155 0.00606537 0.0140925 None
0 0.587827 0.908023 0.0524911 0.0237952 None
0 0.293605 0.728545 0.0105694 0.00901625 None
0 0.947897 0.85792 0.0316515 0.0317888 None
0 0.523797 0.739246 0.0117046 0.011516 None
0 0.842413 0.833642 0.0418825 0.0373674 None
0 0.00910786 0.978127 0.018063 0.0230404 None
0 0.126132 0.98621 0.0257278 0.0217857 None
0 0.779284 0.81626 0.00822268 0.0107729 None
0 0.872268 0.845484 0.0142097 0.015115 None
0 0.937226 0.730247 0.00945053 0.0212857 None
0 0.861061 0.844197 0.0363709 0.0190648 None
0 0.0560788 0.752627 0.00418353 0.00810343 None
0 0.992973 0.673991 0.00481968 0.0174001 None
0 0.880959 0.683218 0.00727501 0.0162004 None
0 0.918447 0.980313 0.0320801 0.0272664 None
0 0.851772 0.846465 0.025491 0.0124637 None
0 0.137949 0.740611 0.0105269 0.00887316 None
0 0.863087 0.832736 0.0333412 0.0391517 None
0 0.957537 0.724398 0.0532913 0.0177984 None
0 0.882119 0.683526 0.00650539 0.0181063 None
0 0.949409 0.859928 0.0141468 0.0206492 None
0 0.866352 0.840857 0.0258862 0.0248208 None
0 0.983122 0.657556 0.00831642 0.0296868 None
0 0.0573705 0.751868 0.00799384 0.00781962 None
0 0.00493801 0.971401 0.00984549 0.0341965 None
0 0.530744 0.740384 0.0149826 0.00842048 None
0 0.936871 0.86704 0.012849 0.0151677 None
0 0.851198 0.837839 0.0246574 0.026966 None
0 0.946132 0.864411 0.0303871 0.0196286 None
0 0.979869 0.670741 0.00787926 0.0219279 None
0 0.924923 0.984051 0.0202126 0.0198598 None
0 0.673516 0.816149 0.020917 0.020381 None
0 0.540344 0.843879 0.00659342 0.016861 None
0 0.597647 0.915404 0.0314269 0.00872972 None
