0 0.535647 0.817919 0.0131398 0.0552595 95926
0 0.575428 0.809206 0.010691 0.0562551 95927
0 0.796758 0.776378 0.00909481 0.0508782 95928
0 0.554748 0.816739 0.00997219 0.0463657 95929
0 0.452816 0.834197 0.0125916 0.0667784 95930
0 0.391071 0.831997 0.0186557 0.0848099 95931
0 0.831186 0.835089 0.0169586 0.0325182 95932
0 0.643634 0.803105 0.00871229 0.0487979 95933
0 0.721149 0.787482 0.0104705 0.0493351 95934
0 0.718034 0.829851 0.0135712 0.0320899 95935
0 0.843146 0.764419 0.00830326 0.0402101 95936
0 0.689259 0.795802 0.0109339 0.0463947 95937
0 0.701496 0.794802 0.0114623 0.0496345 95938
0 0.733494 0.78504 0.0110329 0.0498057 95939
0 0.957004 0.847961 0.015527 0.0360711 95940
0 0.116427 0.982819 0.0366347 0.0277751 95941
0 0.313711 0.901809 0.0141664 0.0788062 95942
0 0.661803 0.806109 0.00656433 0.0338423 95943
0 0.928861 0.749624 0.00779285 0.0455583 95944
0 0.198469 0.916445 0.0449328 0.0306722 95945
0 0.475619 0.856536 0.0189346 0.0256865 95946
0 0.94559 0.850189 0.0144119 0.0377129 95947
0 0.894082 0.975912 0.0651596 0.0447286 95948
0 0.319814 0.901704 0.0261887 0.0791087 95949
0 0.0221313 0.93891 0.0442626 0.0299927 95950
0 0.906377 0.973474 0.0401745 0.039779 95951
0 0.852897 0.833723 0.0226028 0.0302002 95952
0 0.986156 0.732831 0.00731277 0.0277659 95953
0 0.0964758 0.994099 0.0481391 0.00825636 95954
0 0.943133 0.851584 0.0219765 0.0406989 95955
0 0.00506 0.976282 0.0100725 0.0250909 95956
0 0.0025405 0.976295 0.00503607 0.0240458 95957
0 0.108079 0.983072 0.0549391 0.0288349 95958
0 0.917435 0.972897 0.0171057 0.0384898 95959
0 0.483855 0.856587 0.0359543 0.0256241 95960
0 0.971583 0.763196 0.0135845 0.0260666 95961
0 0.355321 0.98928 0.0135704 0.0214398 95962
0 0.857232 0.831022 0.0122213 0.026963 95963
0 0.884305 0.98161 0.0458344 0.034079 95964
0 0.952374 0.85017 0.0250469 0.039287 95965
0 0.848984 0.83344 0.0109245 0.0259718 95966
0 0.930376 0.74758 0.0110138 0.0506297 95967
0 0.996174 0.813497 0.00724487 0.0157817 95968
0 0.0544708 0.737222 0.0094035 0.0207448 95969
0 0.974294 0.763594 0.0192173 0.0264971 95970
0 0.674777 0.814969 0.0141477 0.0198866 95971
0 0.052513 0.734993 0.00614687 0.0178519 95972
0 0.861144 0.695663 0.0070858 0.0202196 95973
0 0.772766 0.813236 0.0215149 0.019583 95974
0 0.346198 0.772408 0.00386791 0.00891351 95975
0 0.853353 0.848971 0.0243956 0.00792728 95976
0 0.959636 0.670818 0.00486145 0.0171548 95977
0 0.940859 0.673728 0.00665054 0.0186975 95978
0 0.920939 0.973147 0.0251442 0.0388799 95979
0 0.715256 0.830217 0.0199848 0.0327518 95980
0 0.577151 0.875602 0.033999 0.013884 95981
0 0.459773 0.75281 0.00496035 0.0118286 95982
0 0.473257 0.756787 0.00582438 0.0119425 95983
0 0.931898 0.744146 0.0142365 0.0538408 95984
0 0.285322 0.738538 0.00851283 0.011122 95985
0 0.05585 0.740183 0.0103785 0.0220049 95986
0 0.936534 0.867085 0.0159821 0.0137165 95987
0 0.391531 0.817641 0.0172031 0.0559387 95988
0 0.0549509 0.740126 0.0133769 0.0256682 95989
0 0.36028 0.895538 0.0123707 0.0337033 95990
0 0.92972 0.724136 0.00721073 0.0173086 95991
0 0.839014 0.835401 0.0326433 0.0331926 95992
0 0.0999365 0.992376 0.0547887 0.0106466 95993
0 0.577566 0.879474 0.0342226 0.0137522 95994
0 0.391636 0.851855 0.00965443 0.0440698 95995
0 0.339856 0.915989 0.048867 0.0156437 95996
0 0.267415 0.730772 0.00986199 0.0120514 95997
0 0.819108 0.814374 0.00966015 0.0100671 95998
0 0.577657 0.875828 0.033339 0.0136481 95999
0 0.15345 0.983658 0.0177515 0.012361 96000
0 0.901272 0.685218 0.00569649 0.0127426 96001
0 0.895145 0.97455 0.0217907 0.025512 96002
0 0.863414 0.835122 0.0281876 0.035004 96003
0 0.0763323 0.755067 0.00477026 0.01124 96004
0 0.778819 0.813647 0.0337111 0.0209795 96005
0 0.0029329 0.972948 0.00581388 0.030917 96006
0 0.959729 0.666411 0.00425148 0.0140639 96007
0 0.507854 0.721895 0.0171046 0.0125831 96008
0 0.862652 0.695645 0.0107227 0.0208918 96009
0 0.858757 0.835926 0.0386728 0.0366781 96010
0 0.952996 0.659935 0.00412846 0.0110709 96011
0 0.0513604 0.738486 0.0111315 0.0208088 96012
0 0.00879239 0.97674 0.0173803 0.026904 96013
0 0.00579094 0.973045 0.0114294 0.0322761 96014
0 0.948342 0.853167 0.0384972 0.0434089 96015
0 0.319931 0.891926 0.0262396 0.0553816 96016
0 0.941587 0.669198 0.00761261 0.0208862 96017
0 0.335902 0.900441 0.0579256 0.077026 96018
0 0.878287 0.98522 0.0342743 0.0280921 96019
0 0.391476 0.854326 0.012564 0.0405124 96020
0 0.844457 0.841814 0.0439114 0.0230923 96021
0 0.860133 0.694688 0.0104713 0.0232 96022
0 0.577969 0.886959 0.0348837 0.00926632 96023
0 0.358726 0.900336 0.0159791 0.0276394 96024
