0 0.718585 0.830574 0.0142792 0.0304196 None
0 0.455856 0.833891 0.0123871 0.0683611 None
0 0.830602 0.834651 0.0172667 0.0335975 None
0 0.0134139 0.902552 0.0100535 0.0459944 None
0 0.473069 0.834489 0.016531 0.0653637 None
0 0.764522 0.783629 0.00967083 0.0412116 None
0 0.794163 0.775206 0.0113811 0.0496163 None
0 0.84294 0.766874 0.00846748 0.0477488 None
0 0.95354 0.849444 0.0220369 0.0411736 None
0 0.697492 0.794384 0.00926342 0.0508848 None
0 0.817317 0.773222 0.00788555 0.0460461 None
0 0.74414 0.784539 0.00826979 0.0461365 None
0 0.755051 0.781236 0.00742998 0.0488795 None
0 0.520955 0.809757 0.0119932 0.0391519 None
0 0.865548 0.760934 0.00847321 0.0479728 None
0 0.900434 0.754347 0.00937119 0.0463281 None
0 0.856351 0.830163 0.0153629 0.0330494 None
0 0.0693764 0.742347 0.00894392 0.0267307 None
0 0.0220677 0.938905 0.0441353 0.0277371 None
0 0.836358 0.775048 0.00672798 0.0309152 None
0 0.702854 0.794216 0.00806904 0.0444685 None
0 0.433876 0.913271 0.0235914 0.0387756 None
0 0.929732 0.754219 0.00851269 0.0408059 None
0 0.996036 0.809871 0.0075079 0.0238888 None
0 0.474436 0.77906 0.0102203 0.0241272 None
0 0.894536 0.976229 0.0656086 0.0456045 None
0 0.790852 0.697958 0.00649729 0.0188892 None
0 0.278672 0.729083 0.00700407 0.0168898 None
0 0.198768 0.91589 0.0467294 0.032507 None
0 0.0100743 0.751692 0.00876743 0.0173625 None
0 0.355094 0.988952 0.0145818 0.0220956 None
0 0.448714 0.780838 0.00802402 0.0193831 None
0 0.883571 0.983848 0.0436804 0.0309509 None
0 0.329643 0.754336 0.00819788 0.0164195 None
0 0.906297 0.972939 0.0440958 0.0396973 None
0 0.676447 0.815923 0.0169153 0.0181257 None
0 0.768942 0.697026 0.00699644 0.0134927 None
0 0.476236 0.834257 0.010659 0.064408 None
0 0.53297 0.739668 0.0142136 0.00916002 None
0 0.955172 0.736654 0.0091095 0.0303692 None
0 0.753528 0.781971 0.0100315 0.0495426 None
0 0.00696293 0.976016 0.0138395 0.0247487 None
0 0.989404 0.676365 0.00527668 0.0202065 None
0 0.195519 0.734088 0.0082859 0.00980496 None
0 0.920173 0.973293 0.0240181 0.0405707 None
0 0.972943 0.762635 0.0150894 0.0276259 None
0 0.12589 0.985953 0.0274434 0.0205407 None
0 0.853386 0.831446 0.0217602 0.036498 None
0 0.540636 0.852151 0.00696144 0.0223751 None
0 0.101216 0.994296 0.0584322 0.00781962 None
0 0.00319713 0.97626 0.00633742 0.0235965 None
0 0.322141 0.715214 0.00608816 0.0234885 None
0 0.105313 0.991884 0.0666672 0.01244 None
0 0.536527 0.792584 0.0453029 0.0152201 None
0 0.577337 0.875502 0.0324928 0.0136475 None
0 0.11899 0.984408 0.0365387 0.0232625 None
0 0.934782 0.726337 0.00679474 0.0243249 None
0 0.00813595 0.753609 0.00873735 0.0167867 None
0 0.069614 0.752929 0.010271 0.00853814 None
0 0.109526 0.980952 0.0187711 0.0228244 None
0 0.70081 0.794195 0.0121892 0.0473809 None
0 0.884482 0.978305 0.0453562 0.0393533 None
0 0.853122 0.846297 0.0263008 0.0134235 None
0 0.973303 0.675435 0.00662613 0.0157461 None
0 0.577031 0.875269 0.0323958 0.0134932 None
0 0.852455 0.838333 0.0235106 0.024958 None
0 0.973728 0.753622 0.00552788 0.0103385 None
0 0.950261 0.859989 0.0154034 0.0193075 None
0 0.105917 0.985769 0.0669934 0.0236738 None
0 0.85856 0.847334 0.0380268 0.0127021 None
0 0.063117 0.754161 0.0234086 0.00790236 None
0 0.531903 0.739318 0.012058 0.00933245 None
0 0.322137 0.729249 0.0215857 0.009316 None
0 0.146167 0.737601 0.00875335 0.0111192 None
0 0.71574 0.830976 0.0202156 0.0311622 None
0 0.768912 0.698947 0.00794849 0.0174967 None
0 0.974694 0.769747 0.0183079 0.0140288 None
0 0.943076 0.761616 0.0214294 0.0123144 None
0 0.944852 0.867056 0.0286057 0.0150418 None
0 0.883196 0.684727 0.00526714 0.00924818 None
0 0.0637939 0.752792 0.0247027 0.00944723 None
0 0.44784 0.78117 0.0111543 0.0196306 None
0 0.773566 0.813071 0.0082613 0.0147715 None
0 0.937263 0.867266 0.0137102 0.014878 None
0 0.47832 0.828461 0.00718689 0.0467136 None
0 0.39122 0.831773 0.0179896 0.0830763 None
0 0.767152 0.813072 0.00787907 0.0152418 None
0 0.00878447 0.755144 0.0115956 0.0155507 None
0 0.980068 0.660528 0.00723724 0.0124256 None
0 0.864421 0.84516 0.0275436 0.0163232 None
0 0.862795 0.83252 0.0295948 0.0382643 None
0 0.770547 0.812376 0.0161105 0.016212 None
0 0.00679081 0.759574 0.0123534 0.00875244 None
0 0.147227 0.738189 0.0132007 0.0131819 None
0 0.778912 0.815252 0.00894451 0.0118703 None
0 0.790759 0.820051 0.025745 0.00729421 None
0 0.446691 0.785987 0.0188869 0.0111326 None
0 0.593615 0.913679 0.0625799 0.0118754 None
0 0.468636 0.826134 0.00901499 0.0442817 None
0 0.109612 0.973246 0.019272 0.0389401 None
0 0.0648787 0.756591 0.0279495 0.0118564 None
0 0.856251 0.845635 0.0462654 0.0174142 None
0 0.540809 0.856104 0.00820627 0.0315621 None
0 0.778251 0.719295 0.0429857 0.0137477 None
0 0.321217 0.716959 0.00829783 0.0273827 None
0 0.871871 0.845397 0.0132917 0.0151727 None
0 0.839879 0.834997 0.0360878 0.0339823 None
0 0.285484 0.738007 0.021448 0.00763618 None
0 0.795739 0.817024 0.0378688 0.0116842 None
0 0.84594 0.845915 0.0417543 0.0155467 None
0 0.867252 0.761054 0.0116161 0.0487512 None
0 0.819786 0.815192 0.0115574 0.00885535 None
