0 0.554767 0.816547 0.00987692 0.0447942 97342
0 0.526089 0.819081 0.0128466 0.0565574 97343
0 0.452493 0.834539 0.0125135 0.067511 97344
0 0.640225 0.802812 0.0098422 0.0487066 97345
0 0.71846 0.829135 0.0143829 0.0333974 97346
0 0.38566 0.847024 0.0124782 0.0612345 97347
0 0.797401 0.775531 0.00961857 0.0506694 97348
0 0.568371 0.811881 0.0118141 0.0553138 97349
0 0.843381 0.763893 0.0078352 0.0416575 97350
0 0.831292 0.835197 0.0168846 0.0322734 97351
0 0.724732 0.787174 0.0080822 0.0476863 97352
0 0.734663 0.784582 0.00709562 0.0483619 97353
0 0.957105 0.84808 0.0152779 0.0350033 97354
0 0.688917 0.7951 0.0101783 0.045753 97355
0 0.301522 0.901879 0.017844 0.0780351 97356
0 0.657293 0.806529 0.00642996 0.0329953 97357
0 0.114527 0.982821 0.0311927 0.0245682 97358
0 0.927096 0.752977 0.00772514 0.0451029 97359
0 0.949101 0.850528 0.0160488 0.037969 97360
0 0.701969 0.792872 0.010578 0.0472061 97361
0 0.853101 0.834207 0.0214207 0.0287131 97362
0 0.39121 0.820406 0.0175461 0.0610891 97363
0 0.476153 0.856163 0.0181431 0.0254913 97364
0 0.198097 0.915719 0.045601 0.0313127 97365
0 0.355179 0.989446 0.0148812 0.0211078 97366
0 0.972449 0.762109 0.0148926 0.0286394 97367
0 0.905024 0.973301 0.0377678 0.038639 97368
0 0.92935 0.731135 0.00666161 0.0289225 97369
0 0.699821 0.792498 0.00722122 0.0468011 97370
0 0.676637 0.815312 0.0170871 0.0185401 97371
0 0.0222869 0.938576 0.0445737 0.0295183 97372
0 0.891274 0.976631 0.0607302 0.0440864 97373
0 0.88319 0.982272 0.0446136 0.033204 97374
0 0.577758 0.875307 0.0324919 0.0149879 97375
0 0.00563654 0.97535 0.0111977 0.026453 97376
0 0.391324 0.810972 0.0171451 0.0417808 97377
0 0.981349 0.730778 0.00984993 0.0245597 97378
0 0.942338 0.852576 0.0263788 0.0408278 97379
0 0.945771 0.851262 0.0205112 0.039248 97380
0 0.484985 0.856252 0.036294 0.0257402 97381
0 0.951985 0.85033 0.0246113 0.0383182 97382
0 0.0548027 0.728843 0.0071746 0.0160394 97383
0 0.911588 0.974169 0.0479103 0.0408622 97384
0 0.0983204 0.994124 0.0513122 0.00817125 97385
0 0.92239 0.973625 0.0262054 0.0394262 97386
0 0.787349 0.814109 0.0333508 0.0186557 97387
0 0.9172 0.972299 0.0155294 0.0368159 97388
0 0.0359232 0.747311 0.0103435 0.0138387 97389
0 0.104014 0.984086 0.0528998 0.0268833 97390
0 0.391035 0.833066 0.0182933 0.0862027 97391
0 0.715496 0.829339 0.0207196 0.0341376 97392
0 0.914767 0.972223 0.0105232 0.0369456 97393
0 0.924249 0.681881 0.00762558 0.0117437 97394
0 0.540833 0.848861 0.00776243 0.0282874 97395
0 0.914054 0.671921 0.00473194 0.0113057 97396
0 0.936385 0.866502 0.0166008 0.014632 97397
0 0.957076 0.673375 0.00635262 0.0189214 97398
0 0.940866 0.674296 0.00549049 0.0183511 97399
0 0.974861 0.77059 0.0176588 0.0117523 97400
0 0.863782 0.695204 0.00679703 0.0190781 97401
0 0.990618 0.671344 0.00495491 0.0157591 97402
0 0.899067 0.683221 0.00910759 0.0167051 97403
0 0.835109 0.835405 0.025238 0.0328345 97404
0 0.856103 0.836223 0.0290279 0.0316781 97405
0 0.00852653 0.975457 0.0169443 0.0280524 97406
0 0.952046 0.659656 0.00431767 0.0141972 97407
0 0.508537 0.721797 0.0166544 0.0122882 97408
0 0.285969 0.739216 0.00687938 0.0118008 97409
0 0.773259 0.813793 0.0215683 0.0179121 97410
0 0.860507 0.7945 0.00564613 0.0137115 97411
0 0.99603 0.807533 0.00752983 0.0289422 97412
0 0.0569539 0.734168 0.0147605 0.0166005 97413
0 0.855489 0.794924 0.0162727 0.0130544 97414
0 0.777253 0.813762 0.0132662 0.0184208 97415
0 0.941843 0.669304 0.00539589 0.0242901 97416
0 0.119701 0.984123 0.040827 0.0251024 97417
0 0.316838 0.917871 0.012237 0.0125122 97418
0 0.461102 0.750078 0.0047369 0.00984345 97419
0 0.776928 0.814443 0.0294041 0.0198941 97420
0 0.769989 0.813293 0.0151235 0.0177389 97421
0 0.865121 0.685805 0.00652294 0.00951208 97422
0 0.00524273 0.969373 0.0104806 0.0392988 97423
0 0.529823 0.816831 0.00660152 0.0474372 97424
0 0.960853 0.650749 0.00568962 0.0165371 97425
0 0.956563 0.867521 0.0606354 0.0146213 97426
0 0.00412643 0.963078 0.0081536 0.0500756 97427
0 0.951391 0.868571 0.0407787 0.0139848 97428
0 0.592903 0.907537 0.0623851 0.0231228 97429
0 0.857872 0.83768 0.0431759 0.033311 97430
0 0.593673 0.911698 0.0610802 0.0145905 97431
0 0.897227 0.676232 0.00618896 0.0146534 97432
0 0.860618 0.84607 0.0390453 0.0161757 97433
0 0.528375 0.811377 0.00910254 0.0366214 97434
0 0.6593 0.806701 0.00895462 0.0348387 97435
0 0.996098 0.816285 0.00732803 0.0139998 97436
0 0.865341 0.692628 0.0092535 0.0211233 97437
0 0.87253 0.845637 0.0144388 0.0148593 97438
0 0.699451 0.798088 0.0118671 0.0512746 97439
0 0.282984 0.767487 0.00672755 0.0114549 97440
0 0.899522 0.68017 0.0108883 0.0223059 97441
0 0.877761 0.984122 0.0336456 0.0287866 97442
