0 0.452909 0.833843 0.0127606 0.0673282 None
0 0.247411 0.868008 0.0132119 0.0551153 None
0 0.698135 0.796646 0.0084013 0.0427036 None
0 0.953591 0.848769 0.0223083 0.0427862 None
0 0.810222 0.773211 0.00862389 0.0398439 None
0 0.522164 0.778405 0.00826321 0.0252272 None
0 0.984963 0.73745 0.00761452 0.0468675 None
0 0.825982 0.769693 0.00962391 0.0356737 None
0 0.776061 0.777017 0.00784321 0.0505137 None
0 0.873333 0.763607 0.00900116 0.0413459 None
0 0.479007 0.827205 0.0160801 0.0640701 None
0 0.84336 0.763998 0.0079586 0.043476 None
0 0.965836 0.743485 0.00994701 0.0454419 None
0 0.391144 0.817933 0.0173392 0.0568919 None
0 0.422706 0.909719 0.0178591 0.0499042 None
0 0.93099 0.731462 0.00878143 0.0303508 None
0 0.787786 0.77547 0.00812378 0.046775 None
0 0.198383 0.91594 0.0457922 0.0314058 None
0 0.766276 0.696257 0.00766773 0.0150584 None
0 0.354381 0.989202 0.0147508 0.0215953 None
0 0.716703 0.831558 0.0114622 0.0297638 None
0 0.371011 0.738576 0.00798154 0.0112244 None
0 0.795836 0.778256 0.00842619 0.0436049 None
0 0.855301 0.764405 0.00901852 0.0355601 None
0 0.507606 0.781601 0.00590916 0.0205917 None
0 0.883543 0.980213 0.0454456 0.0383055 None
0 0.830344 0.834069 0.0152754 0.032175 None
0 0.782571 0.694189 0.00770216 0.0134297 None
0 0.114694 0.983094 0.0304535 0.0243683 None
0 0.953753 0.744916 0.00924797 0.0449944 None
0 0.484166 0.804182 0.00738964 0.0359482 None
0 0.00984082 0.743068 0.00674758 0.0165514 None
0 0.716665 0.831731 0.0174648 0.0301707 None
0 0.681619 0.786061 0.0111212 0.0240923 None
0 0.995664 0.811882 0.00824909 0.0210032 None
0 0.917192 0.97278 0.0182381 0.0397117 None
0 0.828317 0.833339 0.0113239 0.0299452 None
0 0.855141 0.769734 0.00793343 0.0248464 None
0 0.85721 0.829794 0.0148209 0.0358181 None
0 0.33133 0.707957 0.00522051 0.014062 None
0 0.833858 0.834706 0.00873413 0.0287133 None
0 0.854204 0.762745 0.0117149 0.0392893 None
0 0.921272 0.973511 0.0271612 0.0412649 None
0 0.948103 0.743118 0.00605717 0.0290453 None
0 0.904582 0.74314 0.008461 0.0242245 None
0 0.00761066 0.743428 0.0113891 0.0176568 None
0 0.0221575 0.938364 0.044315 0.0295429 None
0 0.292485 0.75288 0.00659342 0.0184323 None
0 0.096288 0.994203 0.0483183 0.00838759 None
0 0.105068 0.984464 0.0508633 0.0256573 None
0 0.119689 0.985035 0.0401542 0.022541 None
0 0.682453 0.790417 0.0125954 0.0335507 None
0 0.904848 0.748643 0.00897255 0.0352583 None
0 0.57695 0.874482 0.0338285 0.0167347 None
0 0.907814 0.973661 0.0417316 0.041086 None
0 0.676126 0.816059 0.0142629 0.0177002 None
0 0.00562763 0.981405 0.0111781 0.0145067 None
0 0.109614 0.981314 0.019917 0.0239449 None
0 0.97507 0.762882 0.0188297 0.0269804 None
0 0.20338 0.729505 0.00668845 0.00921394 None
0 0.712831 0.832179 0.0208416 0.0313126 None
0 0.895189 0.976333 0.0680611 0.0443351 None
0 0.770309 0.812516 0.0169502 0.0161096 None
0 0.992797 0.659869 0.00525742 0.0128816 None
0 0.975988 0.665505 0.0101765 0.0392897 None
0 0.976539 0.658084 0.00770988 0.0181485 None
0 0.300866 0.742894 0.0115108 0.0136124 None
0 0.794496 0.776236 0.00920734 0.0479285 None
0 0.681762 0.796057 0.0135335 0.0461361 None
0 0.200792 0.72987 0.0123826 0.00972731 None
0 0.117698 0.985228 0.0259308 0.0233687 None
0 0.973438 0.752667 0.00516243 0.00687832 None
0 0.977309 0.653941 0.00869789 0.0205304 None
0 0.973977 0.673912 0.00609932 0.0249887 None
0 0.679181 0.815276 0.0207867 0.0196147 None
0 0.482157 0.806452 0.0111015 0.040194 None
0 0.473325 0.81968 0.00780277 0.0333333 None
0 0.88041 0.984439 0.038905 0.0302355 None
0 0.331781 0.714858 0.0403584 0.0100315 None
0 0.957931 0.848359 0.0140209 0.0382077 None
0 0.125042 0.985626 0.0283981 0.0219037 None
0 0.692676 0.841739 0.0332461 0.0146962 None
0 0.101194 0.984829 0.0580345 0.0258803 None
0 0.898156 0.761722 0.0052475 0.0254008 None
0 0.851507 0.83321 0.0164623 0.034296 None
0 0.702968 0.832611 0.0435654 0.0315596 None
0 0.95123 0.746132 0.0120937 0.0385244 None
0 0.420981 0.926987 0.0159782 0.0163413 None
0 0.0771407 0.743881 0.0100605 0.0167377 None
0 0.849514 0.841753 0.0158524 0.0176471 None
0 0.901616 0.751748 0.0145588 0.0420147 None
0 0.540824 0.850505 0.00764751 0.0314918 None
0 0.870387 0.675289 0.00537453 0.00759989 None
0 0.860076 0.796092 0.00784225 0.010387 None
0 0.293723 0.751611 0.0158999 0.0214664 None
0 0.899582 0.755701 0.0104218 0.0361623 None
0 0.935905 0.865992 0.0116434 0.0152854 None
0 0.426241 0.909386 0.0254343 0.0512058 None
0 0.869877 0.681447 0.0132572 0.0159742 None
0 0.28966 0.753919 0.0113441 0.0171121 None
0 0.915928 0.975515 0.0386292 0.0432912 None
0 0.947357 0.851242 0.0344833 0.0456641 None
0 0.589314 0.906883 0.0389217 0.0233848 None
0 0.962455 0.744977 0.0154045 0.0459173 None
0 0.478903 0.811602 0.0183508 0.050156 None
0 0.951509 0.862833 0.0273602 0.0196252 None
0 0.975487 0.767146 0.0198833 0.0196252 None
0 0.854559 0.848583 0.0210503 0.00828145 None
0 0.89654 0.9774 0.0219528 0.033914 None
0 0.291975 0.755001 0.0124808 0.0154736 None
0 0.939358 0.658476 0.00423775 0.00659841 None
0 0.977109 0.657606 0.0104279 0.0305466 None
0 0.107138 0.981884 0.0317964 0.0274828 None
0 0.896055 0.984317 0.0209871 0.0272644 None
0 0.204331 0.729982 0.0186475 0.0101664 None
0 0.860598 0.83051 0.0121216 0.0385135 None
0 0.790634 0.820699 0.0253612 0.00706177 None
