0 0.555073 0.819484 0.00994949 0.050135 None
0 0.452477 0.83398 0.0115353 0.0670088 None
0 0.626612 0.80333 0.0130811 0.0601868 None
0 0.79631 0.77596 0.00862522 0.0491497 None
0 0.72269 0.786302 0.00932922 0.0500821 None
0 0.443015 0.835709 0.0124119 0.0632139 None
0 0.408953 0.897572 0.0253628 0.0801805 None
0 0.830886 0.834916 0.0178688 0.0334969 None
0 0.843661 0.766622 0.00773182 0.0482771 None
0 0.583481 0.810151 0.010524 0.0544812 None
0 0.717979 0.830144 0.0134348 0.0313239 None
0 0.952873 0.746835 0.0082592 0.0380502 None
0 0.11463 0.983754 0.0322046 0.026491 None
0 0.0225042 0.938591 0.0450084 0.0301414 None
0 0.935501 0.729603 0.00792236 0.0289608 None
0 0.475398 0.856091 0.0188036 0.0267704 None
0 0.893735 0.975394 0.0623222 0.0446079 None
0 0.198025 0.915844 0.0454142 0.0314043 None
0 0.355304 0.989374 0.0136718 0.021252 None
0 0.689206 0.795192 0.00946026 0.0463494 None
0 0.856309 0.830991 0.0140141 0.0323785 None
0 0.0140921 0.752318 0.00803359 0.0169825 None
0 0.955255 0.848842 0.0197597 0.0362581 None
0 0.905156 0.973192 0.0411203 0.0393667 None
0 0.278362 0.728461 0.00469131 0.0159593 None
0 0.695327 0.793054 0.00842114 0.0466036 None
0 0.853767 0.698037 0.00599175 0.0196679 None
0 0.97477 0.762495 0.0182583 0.0271515 None
0 0.702276 0.792417 0.0088068 0.0426782 None
0 0.441506 0.76191 0.00613899 0.014114 None
0 0.852833 0.831181 0.0207714 0.0341641 None
0 0.0570455 0.743674 0.00942043 0.022762 None
0 0.670523 0.798164 0.0100773 0.0415232 None
0 0.056478 0.744372 0.0128954 0.0238315 None
0 0.951925 0.849972 0.014838 0.038098 None
0 0.0955395 0.994309 0.0469909 0.0081231 None
0 0.669828 0.788931 0.00800104 0.0223658 None
0 0.883572 0.984544 0.0450344 0.0284261 None
0 0.00610847 0.978427 0.0121409 0.020992 None
0 0.852829 0.848688 0.0259193 0.00940162 None
0 0.577523 0.875527 0.0321564 0.0147057 None
0 0.972347 0.760226 0.010537 0.0231667 None
0 0.358442 0.771389 0.00780845 0.012188 None
0 0.951324 0.851052 0.0234566 0.0402625 None
0 0.39135 0.824607 0.0182686 0.0692125 None
0 0.995984 0.810359 0.00762634 0.0229572 None
0 0.675767 0.811731 0.0187445 0.0257497 None
0 0.678088 0.814344 0.0136545 0.0201782 None
0 0.678094 0.813552 0.0204809 0.0223999 None
0 0.0133191 0.752843 0.0129552 0.0176332 None
0 0.484727 0.856024 0.037577 0.0272732 None
0 0.0759696 0.750996 0.00516992 0.00944689 None
0 0.00912333 0.978338 0.0181451 0.0233648 None
0 0.996149 0.815686 0.00729408 0.0123478 None
0 0.356037 0.771776 0.0130436 0.0135434 None
0 0.839868 0.699104 0.00710373 0.0213547 None
0 0.67314 0.801013 0.0151533 0.0465463 None
0 0.974974 0.769949 0.0178406 0.0126789 None
0 0.577327 0.875161 0.0317679 0.0143901 None
0 0.852066 0.845201 0.0229082 0.0119792 None
0 0.950913 0.858863 0.0150616 0.0224253 None
0 0.456685 0.761306 0.00423346 0.0126119 None
0 0.911968 0.972817 0.0269104 0.0394012 None
0 0.715046 0.830555 0.0201747 0.0319521 None
0 0.492693 0.721679 0.00752983 0.0111382 None
0 0.854174 0.700549 0.00692711 0.025748 None
0 0.58823 0.913374 0.0544697 0.0123152 None
0 0.849949 0.847839 0.0320749 0.0112257 None
0 0.153363 0.983615 0.0175384 0.0124064 None
0 0.93559 0.865461 0.0143105 0.0164035 None
0 0.321425 0.719617 0.0107049 0.0147936 None
0 0.452797 0.761967 0.0118258 0.0119588 None
0 0.937148 0.863876 0.0174656 0.0184791 None
0 0.884666 0.978543 0.0478975 0.0368679 None
0 0.481103 0.856096 0.0227142 0.0264937 None
0 0.279116 0.728341 0.00674276 0.0161774 None
0 0.491609 0.722999 0.0103909 0.0106974 None
0 0.590899 0.914538 0.0457104 0.00962372 None
0 0.102096 0.984798 0.0596628 0.0263041 None
0 0.672616 0.790117 0.0141428 0.0245253 None
0 0.956285 0.866962 0.0611176 0.0156694 None
0 0.971823 0.761379 0.0140713 0.0250292 None
0 0.626994 0.797074 0.0114449 0.0479996 None
0 0.120652 0.985157 0.0384361 0.0221307 None
0 0.917899 0.972566 0.0171371 0.0384966 None
0 0.99604 0.804195 0.00748825 0.0351961 None
0 0.95997 0.848394 0.0122248 0.0339893 None
0 0.29122 0.727701 0.0132605 0.00906864 None
0 0.946819 0.854157 0.0377506 0.0379132 None
0 0.840511 0.835553 0.0377357 0.0340966 None
0 0.947825 0.86529 0.0432976 0.0196462 None
0 0.167959 0.735004 0.0222305 0.0100064 None
0 0.441614 0.762776 0.00952015 0.0134871 None
0 0.840933 0.697641 0.00945625 0.020435 None
0 0.964862 0.862642 0.0427681 0.0104194 None
0 0.0727935 0.751211 0.0105061 0.00978699 None
0 0.948723 0.867394 0.0422646 0.0132592 None
0 0.589266 0.909398 0.0571651 0.0200631 None
0 0.903598 0.671824 0.00612602 0.00944138 None
0 0.955674 0.868844 0.0303749 0.0101729 None
0 0.540635 0.849599 0.00700912 0.0274367 None
0 0.697579 0.84086 0.0235544 0.0132067 None
0 0.954826 0.747126 0.0119381 0.0394979 None
