0 0.452597 0.833595 0.0124239 0.0675652 None
0 0.815342 0.77059 0.011573 0.0497735 None
0 0.830546 0.834834 0.0176662 0.0336519 None
0 0.718565 0.830152 0.0144381 0.0315531 None
0 0.737935 0.785326 0.0100555 0.0475759 None
0 0.8326 0.767734 0.0110374 0.050856 None
0 0.755923 0.781184 0.00706043 0.0497333 None
0 0.473418 0.852717 0.0198154 0.0359529 None
0 0.694939 0.795332 0.0093998 0.0418589 None
0 0.953394 0.850092 0.0223396 0.0429832 None
0 0.843241 0.766424 0.00804138 0.0467512 None
0 0.796928 0.775635 0.00809937 0.0492035 None
0 0.782507 0.777517 0.00866556 0.0439809 None
0 0.708067 0.794759 0.00918264 0.0393626 None
0 0.555546 0.813874 0.0108574 0.043221 None
0 0.434856 0.914148 0.0221755 0.0376451 None
0 0.855918 0.832356 0.0154776 0.0331511 None
0 0.0665635 0.742135 0.00926905 0.0304216 None
0 0.115475 0.983202 0.0311853 0.0259761 None
0 0.425937 0.779471 0.00843887 0.0182014 None
0 0.702518 0.795105 0.00645981 0.0392578 None
0 0.0222244 0.938209 0.0443811 0.0298208 None
0 0.355404 0.989266 0.0138159 0.0214683 None
0 0.318446 0.713639 0.00589037 0.018583 None
0 0.676755 0.815317 0.017042 0.0194963 None
0 0.883185 0.985417 0.0446213 0.0270959 None
0 0.973989 0.763847 0.0194916 0.0246545 None
0 0.90923 0.973333 0.0498688 0.0410136 None
0 0.795767 0.697663 0.00408249 0.0154444 None
0 0.198891 0.916356 0.0453883 0.0306566 None
0 0.0662065 0.734705 0.00735801 0.016193 None
0 0.890705 0.976695 0.0596752 0.0447386 None
0 0.802533 0.783016 0.00554523 0.0274129 None
0 0.778304 0.698185 0.00604868 0.0168616 None
0 0.00506735 0.751992 0.00971947 0.0196194 None
0 0.995568 0.813575 0.00845528 0.0159465 None
0 0.902215 0.972849 0.0358438 0.038541 None
0 0.0941574 0.993942 0.043608 0.00851983 None
0 0.852646 0.832986 0.0226042 0.0356734 None
0 0.7845 0.77709 0.0127815 0.0447978 None
0 0.00551352 0.978492 0.0109824 0.0205326 None
0 0.276667 0.730551 0.00539341 0.0156069 None
0 0.408476 0.765404 0.00449123 0.00963203 None
0 0.367681 0.756412 0.0105326 0.0119124 None
0 0.112008 0.981375 0.0243263 0.0234895 None
0 0.918921 0.973767 0.0328342 0.0415927 None
0 0.961762 0.676805 0.00446377 0.0142838 None
0 0.941669 0.724549 0.00580902 0.0194617 None
0 0.139109 0.741322 0.0196763 0.0125085 None
0 0.901913 0.979149 0.0326977 0.0265455 None
0 0.120812 0.98528 0.038673 0.0229221 None
0 0.188533 0.735159 0.0184247 0.0102603 None
0 0.576997 0.875625 0.0319721 0.0135788 None
0 0.577298 0.876005 0.0323282 0.0137065 None
0 0.0672978 0.746827 0.00993047 0.0215315 None
0 0.769697 0.812828 0.0147589 0.0158322 None
0 0.98221 0.659432 0.00851707 0.0193576 None
0 0.0696603 0.758288 0.0280703 0.00958896 None
0 0.979803 0.661892 0.00519829 0.0191606 None
0 0.798933 0.775045 0.0118978 0.0480774 None
0 0.103909 0.98471 0.0624558 0.0261195 None
0 0.872255 0.845685 0.0139191 0.0155189 None
0 0.00913632 0.978166 0.0181958 0.0230593 None
0 0.959103 0.850634 0.0112146 0.0396683 None
0 0.126138 0.986119 0.0262365 0.0219744 None
0 0.706584 0.79275 0.0115489 0.0441189 None
0 0.786677 0.775985 0.00962143 0.0401964 None
0 0.5879 0.90806 0.052585 0.0237895 None
0 0.927373 0.681049 0.00508919 0.0110506 None
0 0.710121 0.794731 0.0143543 0.0395155 None
0 0.973724 0.674268 0.00524807 0.0186473 None
0 0.863118 0.833928 0.0322956 0.0363539 None
0 0.526788 0.735607 0.0172342 0.0102481 None
0 0.936361 0.867218 0.0120398 0.0148366 None
0 0.275053 0.732437 0.00881815 0.01484 None
0 0.923173 0.981071 0.0234411 0.0256709 None
0 0.287322 0.724925 0.0112233 0.011123 None
0 0.795417 0.696932 0.00535641 0.0179233 None
0 0.982681 0.657021 0.00863972 0.0252426 None
0 0.865461 0.838762 0.0275965 0.0288742 None
0 0.559351 0.814383 0.00789061 0.040714 None
0 0.973009 0.653604 0.00500202 0.0153433 None
0 0.540722 0.846467 0.00661182 0.0219374 None
0 0.541213 0.8492 0.00814991 0.0273582 None
0 0.772714 0.812839 0.0216265 0.0172007 None
0 0.779465 0.815698 0.00802021 0.0109762 None
0 0.424503 0.780034 0.0139513 0.0189195 None
0 0.916989 0.981051 0.0215107 0.0243337 None
0 0.597288 0.915379 0.0322868 0.0088423 None
0 0.948205 0.850873 0.0318172 0.0456675 None
0 0.944105 0.864849 0.0267506 0.0185677 None
0 0.982566 0.667497 0.0129337 0.0308475 None
0 0.905439 0.982623 0.0636045 0.0321648 None
0 0.674089 0.815216 0.0225636 0.0219672 None
