0 0.453152 0.833487 0.0124685 0.0686147 None
0 0.209568 0.873896 0.0139149 0.0545102 None
0 0.481526 0.830709 0.0140476 0.0647898 None
0 0.697686 0.7942 0.0085331 0.0481137 None
0 0.867575 0.762225 0.0088131 0.044634 None
0 0.953399 0.848945 0.022402 0.0426263 None
0 0.787979 0.777414 0.0119976 0.0480933 None
0 0.517059 0.778487 0.00831089 0.024963 None
0 0.941989 0.745024 0.0102636 0.0458377 None
0 0.814366 0.775769 0.00894413 0.0442624 None
0 0.84382 0.764403 0.00755768 0.0457455 None
0 0.424634 0.910329 0.0195735 0.0493812 None
0 0.777266 0.778801 0.00957775 0.0468274 None
0 0.717066 0.830271 0.0140179 0.0313521 None
0 0.765527 0.696771 0.00772667 0.0173261 None
0 0.83034 0.834527 0.018092 0.0329468 None
0 0.854942 0.830875 0.0170975 0.0340142 None
0 0.115094 0.983458 0.0311307 0.020796 None
0 0.978726 0.739617 0.0104679 0.0467234 None
0 0.354925 0.989203 0.0148792 0.0215946 None
0 0.906719 0.973188 0.0424385 0.0401099 None
0 0.84767 0.766723 0.00585899 0.04161 None
0 0.677537 0.791109 0.00783215 0.0363983 None
0 0.908763 0.743052 0.00807838 0.0240468 None
0 0.888301 0.766113 0.00712814 0.0279994 None
0 0.846544 0.766135 0.00719452 0.0434957 None
0 0.00930579 0.747054 0.0100814 0.0174182 None
0 0.971363 0.736249 0.00799637 0.0397298 None
0 0.995631 0.813623 0.0083168 0.0183818 None
0 0.88351 0.979971 0.0447704 0.0376258 None
0 0.427032 0.907076 0.0140713 0.0427348 None
0 0.958861 0.74049 0.00719261 0.0319699 None
0 0.198395 0.915621 0.0449481 0.0316366 None
0 0.894504 0.975848 0.0663193 0.0446062 None
0 0.490349 0.805431 0.00997448 0.0369778 None
0 0.391402 0.814775 0.0168856 0.049688 None
0 0.822029 0.768542 0.00768623 0.0375482 None
0 0.00599108 0.981785 0.0119207 0.0123591 None
0 0.714533 0.830755 0.0198782 0.0320735 None
0 0.540548 0.849292 0.00708084 0.0262705 None
0 0.675318 0.798729 0.0144987 0.0525396 None
0 0.781733 0.696687 0.00658188 0.0166704 None
0 0.815482 0.77417 0.0124371 0.0474408 None
0 0.0989571 0.9942 0.0528487 0.00823856 None
0 0.295903 0.753695 0.0078434 0.0199612 None
0 0.92013 0.973435 0.0228729 0.0404485 None
0 0.57761 0.875706 0.0324427 0.014642 None
0 0.105851 0.985247 0.0547575 0.0241504 None
0 0.917757 0.972306 0.0165409 0.0389991 None
0 0.102873 0.992204 0.0604441 0.0114314 None
0 0.0220288 0.938789 0.0440575 0.030455 None
0 0.947783 0.850798 0.0330521 0.0459076 None
0 0.0587468 0.749029 0.00204606 0.00471903 None
0 0.880456 0.984693 0.0386433 0.0284922 None
0 0.119162 0.984697 0.0398968 0.0217265 None
0 0.487666 0.783234 0.0189206 0.0136997 None
0 0.83378 0.834856 0.0193283 0.0339274 None
0 0.676041 0.816175 0.0166071 0.0181279 None
0 0.120027 0.98549 0.0253615 0.0227566 None
0 0.81777 0.773832 0.0153278 0.0458282 None
0 0.491108 0.781244 0.00844536 0.019887 None
0 0.0714751 0.74791 0.00432318 0.0102312 None
0 0.423156 0.923358 0.0168495 0.0235369 None
0 0.68384 0.81917 0.0327187 0.0111274 None
0 0.710853 0.831338 0.0275053 0.0327945 None
0 0.821807 0.762543 0.00717068 0.027769 None
0 0.938839 0.742695 0.00647964 0.0488369 None
0 0.852252 0.833149 0.0263973 0.0380432 None
0 0.907547 0.975749 0.0559095 0.0436908 None
0 0.952435 0.86119 0.0235592 0.0218706 None
0 0.900388 0.974444 0.0299208 0.0354753 None
0 0.978885 0.648767 0.0052681 0.0148371 None
0 0.677996 0.799217 0.0162514 0.0524067 None
0 0.982979 0.667682 0.00780373 0.0155696 None
0 0.00607209 0.979014 0.0119793 0.0182861 None
0 0.201992 0.728533 0.0102324 0.00818736 None
0 0.940472 0.742796 0.0133636 0.0512333 None
0 0.577632 0.872082 0.0335638 0.021976 None
0 0.577555 0.875408 0.0324921 0.0139609 None
0 0.90032 0.764275 0.0486122 0.0149926 None
0 0.995311 0.808375 0.00890675 0.0293033 None
0 0.422787 0.922378 0.0161576 0.0253357 None
0 0.890205 0.765707 0.0114632 0.0278466 None
0 0.384993 0.808735 0.00576725 0.0171009 None
0 0.906829 0.743984 0.011834 0.0267646 None
0 0.89333 0.767675 0.0211866 0.0165256 None
0 0.487011 0.78144 0.0173056 0.0176412 None
0 0.874193 0.984705 0.0260454 0.0267175 None
0 0.587066 0.914795 0.0489288 0.0129768 None
0 0.489753 0.811873 0.010466 0.0453159 None
0 0.973578 0.754786 0.0136393 0.0393263 None
0 0.102121 0.743262 0.00658398 0.0118081 None
0 0.6796 0.794375 0.0122225 0.0437625 None
0 0.84115 0.83433 0.0445187 0.0372481 None
0 0.898606 0.766746 0.0526722 0.0208035 None
0 0.971923 0.667596 0.00737286 0.0169341 None
