0 0.470603 0.835242 0.0179166 0.065822 25881
0 0.455293 0.832693 0.0123931 0.0677738 25882
0 0.696064 0.792695 0.00944338 0.0472799 25883
0 0.83071 0.834512 0.0173702 0.0341259 25884
0 0.794546 0.775266 0.0109573 0.049723 25885
0 0.70508 0.791675 0.00999117 0.0475576 25886
0 0.814838 0.774287 0.00844383 0.0468035 25887
0 0.843421 0.766958 0.00802917 0.0472083 25888
0 0.859951 0.765696 0.00967045 0.0530743 25889
0 0.524984 0.81359 0.0120546 0.0426654 25890
0 0.744557 0.784942 0.00881043 0.0475874 25891
0 0.718485 0.829733 0.0147556 0.0325546 25892
0 0.892736 0.976158 0.0617474 0.0455173 25893
0 0.894898 0.756263 0.00887146 0.0492035 25894
0 0.757348 0.782637 0.0109859 0.0478043 25895
0 0.958717 0.736005 0.00774231 0.0286457 25896
0 0.0707383 0.741504 0.00751777 0.025964 25897
0 0.468615 0.779513 0.00673924 0.0239844 25898
0 0.856172 0.830505 0.0161793 0.0329375 25899
0 0.434581 0.913601 0.0221209 0.0377886 25900
0 0.277738 0.728064 0.0066299 0.0148624 25901
0 0.332262 0.75369 0.007617 0.0164636 25902
0 0.833139 0.776757 0.00699406 0.028812 25903
0 0.956437 0.848788 0.016468 0.0397017 25904
0 0.953323 0.849518 0.0218708 0.0410133 25905
0 0.117383 0.983716 0.0348178 0.0237678 25906
0 0.972026 0.762931 0.0130001 0.0276009 25907
0 0.197918 0.915494 0.0447723 0.0319533 25908
0 0.936583 0.750868 0.00941963 0.0447635 25909
0 0.00242677 0.903023 0.00480191 0.0421841 25910
0 0.0093389 0.751999 0.0091396 0.0174364 25911
0 0.903428 0.972952 0.0393688 0.039094 25912
0 0.32085 0.715486 0.00654268 0.0213284 25913
0 0.354911 0.989296 0.0148239 0.021325 25914
0 0.938712 0.750542 0.0101612 0.0446832 25915
0 0.193615 0.736215 0.0116516 0.0123237 25916
0 0.853876 0.831793 0.0214638 0.0362244 25917
0 0.527934 0.738309 0.00630913 0.0120161 25918
0 0.532673 0.739395 0.0159794 0.0107035 25919
0 0.0972798 0.994178 0.0502978 0.00813226 25920
0 0.109912 0.984567 0.0502173 0.0252445 25921
0 0.76907 0.69733 0.00628004 0.0177572 25922
0 0.443558 0.781035 0.00869865 0.0182519 25923
0 0.789375 0.698366 0.00919714 0.0158748 25924
0 0.714829 0.830298 0.0225013 0.0329729 25925
0 0.949716 0.85848 0.0141125 0.0234036 25926
0 0.445739 0.781444 0.0151188 0.0179359 25927
0 0.884048 0.985626 0.0447992 0.0269596 25928
0 0.00518956 0.975488 0.0103407 0.0257511 25929
0 0.113467 0.981915 0.0273087 0.0237088 25930
0 0.89792 0.68226 0.00446663 0.0148704 25931
0 0.0221068 0.938191 0.0441626 0.0283332 25932
0 0.863774 0.833401 0.0325642 0.0381382 25933
0 0.577329 0.875243 0.0323065 0.0137066 25934
0 0.974616 0.763552 0.0183706 0.0263618 25935
0 0.6781 0.816342 0.0206486 0.0209008 25936
0 0.978443 0.66084 0.00647812 0.0227747 25937
0 0.546689 0.794735 0.0663622 0.0167799 25938
0 0.577584 0.875641 0.0326817 0.0142592 25939
0 0.00784264 0.752432 0.0127332 0.0182214 25940
0 0.00362842 0.934898 0.00716406 0.10742 25941
0 0.754049 0.779445 0.00757122 0.0474804 25942
0 0.937136 0.747998 0.0123257 0.0505427 25943
0 0.123586 0.985414 0.0318166 0.0218055 25944
0 0.972249 0.672858 0.00488358 0.0190478 25945
0 0.995863 0.813971 0.00787354 0.0146773 25946
0 0.771278 0.812774 0.0123873 0.0151994 25947
0 0.831664 0.77621 0.0105835 0.0296878 25948
0 0.978652 0.656396 0.00715942 0.0247345 25949
0 0.51917 0.794335 0.0151711 0.00756327 25950
0 0.896852 0.671788 0.00601768 0.0109851 25951
0 0.75335 0.795476 0.00761404 0.0229774 25952
0 0.948082 0.850638 0.031369 0.0447181 25953
0 0.872808 0.845707 0.0140469 0.0143397 25954
0 0.885249 0.979416 0.0472286 0.0393714 25955
0 0.773068 0.812378 0.00864058 0.0153256 25956
0 0.954941 0.759313 0.029727 0.0182337 25957
0 0.318223 0.715934 0.0122126 0.0231388 25958
0 0.774333 0.812996 0.0193198 0.0167745 25959
0 0.934082 0.743684 0.00860806 0.0577488 25960
0 0.00586899 0.970587 0.0116312 0.0363563 25961
0 0.0125442 0.760563 0.0233695 0.00825077 25962
0 0.945932 0.859367 0.0293484 0.0280531 25963
0 0.937324 0.866933 0.0138884 0.0151254 25964
0 0.881973 0.685616 0.0058773 0.00990177 25965
0 0.779338 0.815844 0.00852852 0.0105269 25966
0 0.00480035 0.950458 0.00954453 0.0759584 25967
0 0.0536106 0.75061 0.00501678 0.00751784 25968
0 0.533129 0.738368 0.0172477 0.0132595 25969
0 0.00357266 0.903513 0.00711998 0.0443131 25970
0 0.860753 0.845675 0.0384666 0.0158729 25971
0 0.932797 0.736247 0.00575066 0.0433494 25972
0 0.391718 0.832107 0.0180674 0.0879389 25973
0 0.944136 0.865736 0.0263859 0.0173945 25974
0 0.705511 0.831888 0.0403881 0.0317278 25975
0 0.865762 0.796288 0.0370459 0.0135805 25976
0 0.853273 0.845299 0.0265133 0.0148339 25977
0 0.150736 0.739242 0.0222813 0.0107201 25978
0 0.755978 0.778321 0.0107062 0.0481844 25979
0 0.131398 0.984222 0.0635395 0.0203881 25980
0 0.00947609 0.975396 0.0188803 0.0278992 25981
0 0.798309 0.719605 0.0377466 0.0151659 25982
0 0.769031 0.700556 0.00684528 0.0250536 25983
0 0.315124 0.717161 0.0194364 0.0193007 25984
0 0.0712917 0.745802 0.0190305 0.0198086 25985
