0 0.621996 0.810055 0.0102966 0.0508158 None
0 0.230573 0.900883 0.0136979 0.0761939 None
0 0.453421 0.834228 0.0113791 0.065308 None
0 0.360851 0.848298 0.0123106 0.0619349 None
0 0.842955 0.766002 0.00835266 0.0445101 None
0 0.796513 0.774779 0.00841541 0.0487803 None
0 0.554806 0.81939 0.0104323 0.0487735 None
0 0.533355 0.816908 0.0128906 0.0620075 None
0 0.492342 0.82614 0.00993319 0.058688 None
0 0.702907 0.791657 0.0115349 0.0478112 None
0 0.831252 0.835181 0.0168909 0.0323385 None
0 0.74262 0.783101 0.00856352 0.049924 None
0 0.732618 0.786217 0.00889301 0.0459997 None
0 0.114268 0.982872 0.0321581 0.0258213 None
0 0.689217 0.795436 0.0100056 0.0455938 None
0 0.637042 0.810496 0.00773506 0.0333822 None
0 0.930476 0.728054 0.00752411 0.0241394 None
0 0.0221488 0.938582 0.0442524 0.0287208 None
0 0.718474 0.830105 0.0133844 0.0316861 None
0 0.198574 0.916446 0.0458248 0.0308485 None
0 0.956295 0.848832 0.0165115 0.036751 None
0 0.906435 0.972564 0.0405788 0.0392039 None
0 0.475654 0.858088 0.0178016 0.021992 None
0 0.917352 0.747987 0.00802994 0.0337257 None
0 0.355449 0.989331 0.0140857 0.0213388 None
0 0.0310406 0.734358 0.0112208 0.0306797 None
0 0.555579 0.760503 0.0101147 0.0161719 None
0 0.897614 0.684432 0.00616818 0.0152264 None
0 0.85398 0.835357 0.0207111 0.025826 None
0 0.715469 0.830431 0.0197743 0.0327413 None
0 0.883735 0.980252 0.0450743 0.0380519 None
0 0.947879 0.850076 0.0335243 0.0389877 None
0 0.996189 0.813423 0.00721664 0.016747 None
0 0.678871 0.815682 0.012952 0.0175001 None
0 0.973067 0.762734 0.0162525 0.026884 None
0 0.893912 0.975393 0.0647507 0.0457879 None
0 0.875628 0.69497 0.0112776 0.0140172 None
0 0.391527 0.829512 0.0179036 0.0809842 None
0 0.676457 0.815729 0.0166043 0.0183211 None
0 0.097369 0.9944 0.0527805 0.0084137 None
0 0.961197 0.73701 0.01021 0.0312322 None
0 0.917694 0.972385 0.0173061 0.0381538 None
0 0.464003 0.759713 0.00928144 0.0162145 None
0 0.604143 0.808873 0.0281794 0.00908712 None
0 0.855134 0.832394 0.0174177 0.0268517 None
0 0.287871 0.735623 0.00768452 0.0163303 None
0 0.961202 0.732416 0.00978584 0.0223178 None
0 0.56643 0.81748 0.0163836 0.0129227 None
0 0.7697 0.813153 0.0146072 0.0151211 None
0 0.119394 0.982857 0.0436899 0.0272017 None
0 0.897613 0.686985 0.00679035 0.0203518 None
0 0.00221094 0.976378 0.0043821 0.022866 None
0 0.9731 0.760574 0.0104595 0.0245338 None
0 0.00562098 0.976249 0.0112068 0.0260803 None
0 0.545018 0.769223 0.0359237 0.0119239 None
0 0.587956 0.912682 0.0536387 0.0132736 None
0 0.960929 0.743272 0.00900917 0.0195465 None
0 0.945085 0.859359 0.0322048 0.0276866 None
0 0.944326 0.854232 0.030838 0.0355289 None
0 0.923445 0.677868 0.00629368 0.0223012 None
0 0.635039 0.810846 0.0117556 0.0348782 None
0 0.861896 0.836479 0.035815 0.0319485 None
0 0.844075 0.835827 0.0417536 0.0328089 None
0 0.993729 0.671375 0.00514908 0.0210468 None
0 0.879449 0.984686 0.0365744 0.0296512 None
0 0.962385 0.729723 0.00827675 0.0164459 None
0 0.576798 0.875168 0.0336237 0.0134328 None
0 0.577387 0.875604 0.0335751 0.0133313 None
0 0.549542 0.769037 0.0263627 0.010463 None
0 0.895475 0.973115 0.0189209 0.0255425 None
0 0.939232 0.859331 0.0212494 0.0261166 None
0 0.778722 0.814508 0.0101671 0.0138295 None
0 0.77317 0.813102 0.0220764 0.0169183 None
0 0.0305011 0.743465 0.0139512 0.0173141 None
0 0.937673 0.856819 0.0170567 0.0218738 None
0 0.335887 0.774067 0.00395317 0.0097741 None
0 0.974968 0.771768 0.0179909 0.0106032 None
0 0.030172 0.735943 0.0163783 0.0332831 None
0 0.591387 0.914036 0.0450048 0.0103634 None
0 0.687453 0.7832 0.00726671 0.0245073 None
0 0.922303 0.973318 0.0272852 0.0406314 None
0 0.937443 0.856569 0.0168785 0.021304 None
0 0.713076 0.83708 0.024509 0.0212996 None
0 0.715209 0.791466 0.0323238 0.0133211 None
0 0.484215 0.85833 0.0349653 0.0223672 None
0 0.0278397 0.754663 0.0264652 0.016843 None
0 0.940917 0.6783 0.0066288 0.0142532 None
0 0.994792 0.813611 0.0100428 0.0174093 None
0 0.518628 0.722946 0.0181089 0.0100311 None
0 0.340122 0.851102 0.0292044 0.0122491 None
0 0.87262 0.845575 0.0146149 0.0150194 None
0 0.544052 0.767879 0.0380908 0.0170198 None
0 0.353734 0.838066 0.00606732 0.0246372 None
0 0.971798 0.775972 0.0256027 0.00702616 None
0 0.588893 0.909873 0.0558111 0.0191647 None
0 0.00330864 0.972863 0.00655865 0.0305483 None
0 0.00975208 0.976868 0.0193183 0.0307154 None
0 0.950442 0.867715 0.0414303 0.0148092 None
0 0.646217 0.80561 0.0163831 0.0132894 None
0 0.0846142 0.731236 0.00930817 0.0188534 None
0 0.259054 0.770864 0.00562997 0.0137204 None
0 0.354445 0.83598 0.00775261 0.0310877 None
0 0.711219 0.831959 0.0281511 0.0328973 None
0 0.941037 0.675387 0.00690498 0.015769 None
0 0.359422 0.833499 0.010427 0.0333893 None
0 0.949205 0.864499 0.0408411 0.021385 None
0 0.39143 0.81384 0.0166549 0.048741 None
0 0.859689 0.84452 0.0411379 0.0188877 None
0 0.875682 0.981671 0.0288254 0.0333384 None
0 0.960917 0.669435 0.00384159 0.011556 None
0 0.852036 0.847823 0.0252701 0.0110179 None
0 0.995315 0.671241 0.00621071 0.0189384 None
0 0.577702 0.881562 0.0329698 0.00859782 None
0 0.108973 0.995333 0.0752844 0.00933482 None
0 0.992146 0.670456 0.00736122 0.0221618 None
0 0.100162 0.984408 0.061633 0.0275828 None
