0 0.453512 0.833309 0.0117552 0.0674571 14056
0 0.478765 0.832591 0.0150581 0.0644906 14057
0 0.433339 0.894885 0.0173331 0.0781755 14058
0 0.830138 0.834738 0.0175272 0.0333518 14059
0 0.718655 0.83031 0.014752 0.0316898 14060
0 0.104636 0.893525 0.0136578 0.0618756 14061
0 0.842284 0.765437 0.00950851 0.0469198 14062
0 0.903653 0.754559 0.00963898 0.0472934 14063
0 0.514167 0.810305 0.0111471 0.043142 14064
0 0.940938 0.749653 0.00999489 0.0471832 14065
0 0.69725 0.794107 0.00931168 0.0440977 14066
0 0.759594 0.780852 0.00817013 0.049234 14067
0 0.787902 0.779509 0.00851421 0.0400735 14068
0 0.953426 0.848769 0.0218636 0.039466 14069
0 0.796915 0.776079 0.00822096 0.0464528 14070
0 0.492415 0.78416 0.00733271 0.0320811 14071
0 0.855854 0.831015 0.0167242 0.0343452 14072
0 0.879477 0.761881 0.0122631 0.0464054 14073
0 0.927051 0.740269 0.00725861 0.0310598 14074
0 0.746492 0.783008 0.0101242 0.045922 14075
0 0.355065 0.989426 0.0143579 0.0211477 14076
0 0.905379 0.972417 0.0417631 0.0416897 14077
0 0.89405 0.974918 0.063892 0.0463959 14078
0 0.197961 0.914294 0.0458304 0.0343848 14079
0 0.577744 0.87543 0.0327363 0.0154741 14080
0 0.852303 0.832424 0.0244804 0.0376085 14081
0 0.974009 0.762707 0.0181278 0.0279982 14082
0 0.0713715 0.747041 0.0106129 0.0231089 14083
0 0.675713 0.815618 0.0153696 0.0190148 14084
0 0.994239 0.738098 0.00721245 0.036115 14085
0 0.52712 0.740895 0.00579052 0.010143 14086
0 0.0532074 0.7521 0.00459961 0.00795153 14087
0 0.0049361 0.749614 0.00929568 0.0188388 14088
0 0.00643158 0.749349 0.00666003 0.0180464 14089
0 0.114559 0.981568 0.030231 0.0229519 14090
0 0.996118 0.811046 0.0073473 0.021264 14091
0 0.467086 0.77225 0.007411 0.0220466 14092
0 0.532206 0.741062 0.0155632 0.00842217 14093
0 0.00587916 0.98128 0.0116729 0.0138648 14094
0 0.0221026 0.938875 0.0442053 0.0304942 14095
0 0.790623 0.697384 0.0074625 0.0169344 14096
0 0.888593 0.97885 0.054007 0.0393246 14097
0 0.691495 0.785439 0.00677929 0.0217951 14098
0 0.692835 0.794389 0.00908346 0.0438426 14099
0 0.340551 0.751579 0.00506468 0.0123457 14100
0 0.109636 0.980946 0.0200646 0.0223969 14101
0 0.972845 0.762218 0.00906181 0.0274067 14102
0 0.772364 0.81304 0.018301 0.0157233 14103
0 0.884255 0.68461 0.00692062 0.0122529 14104
0 0.103856 0.984128 0.053383 0.0268304 14105
0 0.540728 0.84915 0.00781517 0.0274982 14106
0 0.316236 0.74911 0.00864058 0.0109436 14107
0 0.936929 0.867034 0.0130821 0.0161329 14108
0 0.903353 0.6792 0.00693626 0.0195589 14109
0 0.284774 0.737037 0.00892167 0.014348 14110
0 0.471755 0.774817 0.00606747 0.0161743 14111
0 0.101913 0.993494 0.0593563 0.00999824 14112
0 0.903199 0.673902 0.00675812 0.00928446 14113
0 0.79864 0.775702 0.0115658 0.0473039 14114
0 0.00632025 0.757995 0.0124235 0.0101144 14115
0 0.948556 0.850859 0.0271667 0.0448836 14116
0 0.872532 0.84598 0.0147272 0.0156233 14117
0 0.852885 0.772269 0.00483723 0.0278146 14118
0 0.982218 0.65272 0.00702305 0.0199123 14119
0 0.779033 0.815378 0.00894966 0.0120616 14120
0 0.934309 0.727256 0.00517254 0.0227224 14121
0 0.878198 0.749105 0.00816002 0.0224759 14122
0 0.0537862 0.752304 0.00622557 0.0091412 14123
0 0.536626 0.740934 0.0243086 0.00837182 14124
0 0.00412595 0.756721 0.00817292 0.0116172 14125
0 0.31142 0.71646 0.0246487 0.00907389 14126
0 0.922056 0.973726 0.026403 0.0412682 14127
0 0.948895 0.864859 0.0365589 0.0198775 14128
0 0.00654319 0.979146 0.0129601 0.0180635 14129
0 0.917376 0.970414 0.015206 0.0387004 14130
0 0.00928777 0.981196 0.0184145 0.0151594 14131
0 0.692318 0.786301 0.00860844 0.0310584 14132
0 0.980978 0.658535 0.0108038 0.0364837 14133
0 0.0975856 0.993875 0.0502632 0.00793796 14134
0 0.587036 0.909087 0.0409637 0.0196879 14135
0 0.863358 0.833347 0.0331982 0.0395738 14136
0 0.346894 0.730687 0.00412569 0.00715366 14137
0 0.586875 0.907265 0.0413481 0.0231761 14138
0 0.15068 0.741154 0.0262242 0.0139103 14139
0 0.12036 0.985328 0.0201835 0.023733 14140
0 0.0721368 0.747811 0.0134411 0.0218308 14141
0 0.118248 0.984022 0.0371282 0.0237088 14142
0 0.881114 0.978528 0.0386253 0.0352202 14143
0 0.982255 0.661572 0.00818405 0.0367206 14144
0 0.844085 0.83232 0.0411016 0.0394762 14145
0 0.980793 0.650245 0.00902596 0.0199561 14146
0 0.325611 0.714085 0.00601625 0.0154307 14147
0 0.994818 0.810757 0.00991325 0.0230972 14148
0 0.0724654 0.746648 0.0150979 0.021858 14149
0 0.86134 0.795465 0.0074379 0.0116889 14150
0 0.391509 0.801079 0.0102329 0.0239905 14151
0 0.587397 0.834424 0.0138838 0.0135642 14152
0 0.565662 0.837935 0.0073288 0.01095 14153
0 0.819378 0.814726 0.0109198 0.0103878 14154
0 0.773201 0.814489 0.0215566 0.0190854 14155
0 0.790819 0.821173 0.0231728 0.00673218 14156
0 0.752127 0.782135 0.0203856 0.0495802 14157
0 0.594955 0.914412 0.0247596 0.00830332 14158
0 0.917074 0.97316 0.0363564 0.0436659 14159
