0 0.45268 0.834141 0.0124559 0.0657983 None
0 0.796258 0.775748 0.00825958 0.0489478 None
0 0.655361 0.796589 0.0118773 0.0580229 None
0 0.61105 0.806847 0.0118176 0.0571676 None
0 0.467922 0.828539 0.011623 0.0562319 None
0 0.55465 0.819387 0.0115185 0.0506444 None
0 0.718359 0.830261 0.0141054 0.0316825 None
0 0.842636 0.766928 0.00841084 0.0456952 None
0 0.443005 0.892484 0.016502 0.0815406 None
0 0.831137 0.835312 0.0188316 0.0326029 None
0 0.730338 0.784685 0.00932865 0.0515598 None
0 0.701581 0.793208 0.0112886 0.0474506 None
0 0.018332 0.753591 0.0116751 0.022132 None
0 0.11429 0.983256 0.0331066 0.0273543 None
0 0.684765 0.794547 0.00813675 0.0444675 None
0 0.198263 0.916338 0.0449554 0.030934 None
0 0.0220541 0.938578 0.0441082 0.0311354 None
0 0.856506 0.829854 0.0137108 0.0329054 None
0 0.675983 0.815578 0.0159658 0.0186656 None
0 0.964533 0.748642 0.00833817 0.0366458 None
0 0.957332 0.848042 0.0152103 0.0347154 None
0 0.390857 0.816271 0.0184716 0.0549476 None
0 0.95117 0.849604 0.0282679 0.0383475 None
0 0.935276 0.723817 0.00649033 0.0179282 None
0 0.973856 0.762257 0.0191727 0.0278531 None
0 0.68996 0.795079 0.00830002 0.0460805 None
0 0.883534 0.979417 0.0450729 0.0394424 None
0 0.475171 0.856331 0.0179497 0.0250634 None
0 0.484233 0.856489 0.0360065 0.0254459 None
0 0.355045 0.989185 0.0148132 0.0216309 None
0 0.365717 0.775243 0.00688162 0.0144285 None
0 0.948189 0.856791 0.0214626 0.0264708 None
0 0.853054 0.830604 0.0209999 0.0359156 None
0 0.82802 0.695678 0.00469837 0.0163441 None
0 0.907051 0.972786 0.0439041 0.0418684 None
0 0.0639268 0.74104 0.00755732 0.0200811 None
0 0.693706 0.794416 0.00866337 0.0464057 None
0 0.00561724 0.977351 0.0111433 0.0225915 None
0 0.894116 0.97527 0.0656479 0.0465876 None
0 0.995902 0.813493 0.00778503 0.0159585 None
0 0.686236 0.795665 0.00977306 0.0464084 None
0 0.696519 0.793741 0.00771217 0.0469225 None
0 0.851133 0.697232 0.00529976 0.0165184 None
0 0.921266 0.972774 0.0258776 0.0417604 None
0 0.772695 0.813936 0.0226217 0.0173621 None
0 0.853213 0.848163 0.0248138 0.00933668 None
0 0.317895 0.712561 0.00504017 0.0166267 None
0 0.437023 0.762642 0.0216963 0.0137136 None
0 0.96539 0.749294 0.0112919 0.038756 None
0 0.691473 0.796245 0.01017 0.0449987 None
0 0.973646 0.757986 0.0085207 0.0200663 None
0 0.487391 0.723159 0.00776215 0.0131731 None
0 0.0999423 0.99416 0.0565654 0.00846659 None
0 0.273089 0.731133 0.00645876 0.0193658 None
0 0.578015 0.87537 0.0337725 0.0150319 None
0 0.577796 0.875117 0.033394 0.0143677 None
0 0.769416 0.813448 0.0157713 0.0173428 None
0 0.916727 0.972136 0.0148209 0.0408013 None
0 0.101536 0.983551 0.0575068 0.0273112 None
0 0.0652107 0.741898 0.0109921 0.0232612 None
0 0.320063 0.712869 0.0100653 0.0176242 None
0 0.972326 0.670729 0.00542107 0.0165424 None
0 0.779072 0.816564 0.00979004 0.0128764 None
0 0.984882 0.663654 0.00408955 0.0186767 None
0 0.882034 0.984451 0.0418463 0.0297689 None
0 0.944154 0.688657 0.00518341 0.0143963 None
0 0.0656409 0.749508 0.0136059 0.0134564 None
0 0.85237 0.845012 0.0218796 0.0115631 None
0 0.170286 0.731116 0.0106316 0.00826162 None
0 0.769196 0.814265 0.0244318 0.0184974 None
0 0.96735 0.748263 0.0138458 0.0363624 None
0 0.062265 0.74163 0.00682759 0.0208037 None
0 0.270351 0.731266 0.0117455 0.0194465 None
0 0.933027 0.728908 0.0199821 0.00950792 None
0 0.853866 0.684091 0.00740414 0.0125063 None
0 0.166566 0.731282 0.0178407 0.00890198 None
0 0.827142 0.835487 0.0116825 0.031075 None
0 0.853036 0.69224 0.009375 0.0275692 None
0 0.292009 0.721195 0.00739274 0.0123484 None
0 0.58536 0.913896 0.0477597 0.0115395 None
0 0.946729 0.728316 0.0350548 0.0103745 None
0 0.828481 0.695472 0.00712967 0.0174264 None
0 0.443789 0.870177 0.0131658 0.0377185 None
0 0.442954 0.911299 0.0156576 0.0444205 None
0 0.85914 0.847063 0.0368675 0.0131619 None
0 0.00588564 0.973621 0.0116298 0.0313061 None
0 0.889159 0.685642 0.00371628 0.0151553 None
0 0.979001 0.762275 0.0290321 0.027921 None
0 0.985176 0.665303 0.00502853 0.0195253 None
0 0.593447 0.913459 0.0627539 0.0124088 None
0 0.715385 0.831112 0.0201729 0.0313522 None
0 0.950249 0.858531 0.0282803 0.0313319 None
0 0.872548 0.845728 0.0146812 0.0147776 None
0 0.962916 0.748245 0.00817642 0.0370495 None
0 0.950395 0.725551 0.0379917 0.0154994 None
0 0.49441 0.863881 0.0155592 0.00954285 None
0 0.270524 0.735155 0.0118546 0.0130666 None
0 0.390782 0.833109 0.0187 0.0892648 None
0 0.995758 0.802734 0.00804043 0.0380683 None
0 0.706641 0.842949 0.0109789 0.00857239 None
0 0.655066 0.785734 0.0112684 0.0342909 None
0 0.00898646 0.977423 0.0178974 0.0249052 None
0 0.996025 0.673621 0.00421906 0.0114051 None
0 0.603956 0.913927 0.0422064 0.0111967 None
0 0.130209 0.982345 0.0641444 0.0273529 None
