0 0.453425 0.834016 0.0133379 0.0672679 9268
0 0.423738 0.895211 0.0168135 0.0809484 9269
0 0.480945 0.831317 0.0131869 0.0639845 9270
0 0.791348 0.776687 0.0098978 0.0485331 9271
0 0.69999 0.794549 0.00941401 0.0425222 9272
0 0.830213 0.834618 0.0171373 0.0338915 9273
0 0.149575 0.886453 0.0131556 0.055207 9274
0 0.954601 0.742565 0.00848923 0.0443041 9275
0 0.993632 0.735815 0.0113476 0.046678 9276
0 0.800435 0.776374 0.00890193 0.0414741 9277
0 0.684669 0.798046 0.0100832 0.0412747 9278
0 0.919567 0.749361 0.0119221 0.0451389 9279
0 0.718308 0.830531 0.0125393 0.0311181 9280
0 0.757187 0.782847 0.0109872 0.0465132 9281
0 0.855386 0.831215 0.0161209 0.033962 9282
0 0.89496 0.97562 0.0650528 0.0456909 9283
0 0.507945 0.807195 0.00957069 0.0357603 9284
0 0.953872 0.84851 0.0217346 0.037992 9285
0 0.768938 0.778267 0.00886002 0.0475559 9286
0 0.198583 0.915719 0.0456753 0.0318831 9287
0 0.843701 0.765716 0.00688095 0.0455597 9288
0 0.974347 0.74182 0.00902882 0.031387 9289
0 0.480589 0.779651 0.00674257 0.0178935 9290
0 0.505378 0.777654 0.00935202 0.0175561 9291
0 0.0220855 0.938855 0.044171 0.029599 9292
0 0.00673527 0.749767 0.011104 0.0185391 9293
0 0.853833 0.766775 0.00853252 0.0442834 9294
0 0.788171 0.698431 0.0063756 0.0179866 9295
0 0.327913 0.711369 0.00606289 0.0156282 9296
0 0.676629 0.815452 0.0165628 0.0189677 9297
0 0.116459 0.983613 0.033027 0.0267117 9298
0 0.852569 0.83204 0.0213091 0.0361306 9299
0 0.935486 0.727302 0.00583859 0.0221473 9300
0 0.57752 0.874639 0.033404 0.0162642 9301
0 0.355262 0.989055 0.0139434 0.0218894 146
0 0.846206 0.766885 0.00743504 0.0436495 9302
0 0.979369 0.67512 0.00457668 0.017722 9303
0 0.00626841 0.981288 0.0124487 0.0146822 9304
0 0.987965 0.678071 0.00481968 0.012536 9305
0 0.995874 0.813117 0.00783634 0.017569 9306
0 0.951353 0.858552 0.0174404 0.0250666 9307
0 0.952764 0.854053 0.0212631 0.0350042 9308
0 0.884175 0.979306 0.0442587 0.0381346 9309
0 0.503197 0.826647 0.0282352 0.00821347 9310
0 0.308372 0.753689 0.00922642 0.0181612 9311
0 0.291582 0.734504 0.0101577 0.00928192 9312
0 0.0947997 0.994192 0.0452575 0.00853102 9313
0 0.0558283 0.751755 0.00520762 0.00955115 9314
0 0.974523 0.763415 0.018483 0.0260995 9315
0 0.680939 0.811773 0.014318 0.0224491 9316
0 0.109673 0.981613 0.0197658 0.0238108 9317
0 0.357406 0.728253 0.00727921 0.0114671 9318
0 0.71249 0.831002 0.0263148 0.0324466 9319
0 0.921905 0.973393 0.027906 0.0413783 9320
0 0.309486 0.75467 0.0126743 0.0185645 9321
0 0.15999 0.741298 0.00591412 0.00771366 9322
0 0.905763 0.973635 0.0436638 0.041698 9323
0 0.868458 0.765362 0.0050951 0.0240957 9324
0 0.98071 0.661353 0.00714607 0.0381921 9325
0 0.529916 0.74101 0.00545101 0.00929396 9326
0 0.851616 0.84542 0.0225414 0.0132858 9327
0 0.917639 0.973397 0.0227539 0.039979 9328
0 0.903797 0.673655 0.00552177 0.0108666 9329
0 0.57743 0.870302 0.0339027 0.025275 9330
0 0.131597 0.983534 0.0634331 0.0259333 9331
0 0.103416 0.984067 0.0618897 0.0277827 9332
0 0.12275 0.984661 0.0344346 0.0243393 9333
0 0.974811 0.759855 0.0164083 0.0288788 9334
0 0.980714 0.654871 0.00701981 0.0244824 9335
0 0.00598582 0.754547 0.0119366 0.0169271 9336
0 0.0064941 0.752304 0.0128634 0.0227441 9337
0 0.0821398 0.744694 0.0154184 0.0182473 9338
0 0.0780992 0.753923 0.0118738 0.0105825 9339
0 0.0737745 0.75385 0.00997955 0.0108627 9340
0 0.852693 0.847189 0.0260654 0.0114878 9341
0 0.154699 0.741204 0.0169929 0.00881789 9342
0 0.917833 0.971739 0.0161224 0.0388034 9343
0 0.863063 0.833048 0.0345898 0.0389823 9344
0 0.975641 0.767362 0.0210854 0.0190796 9345
0 0.00912305 0.981159 0.0181322 0.0160494 9346
0 0.766465 0.695487 0.00436001 0.0119622 9347
0 0.843385 0.845564 0.0450508 0.0162109 9348
0 0.491388 0.862668 0.0243507 0.0108765 9349
0 0.535708 0.741335 0.0167285 0.00983039 9350
0 0.358127 0.730024 0.0169981 0.0146505 9351
0 0.131818 0.98317 0.0626428 0.0173316 9352
0 0.590753 0.91015 0.0588107 0.019536 9353
0 0.0709374 0.755089 0.00847423 0.00866801 9354
0 0.879959 0.983739 0.0359684 0.0299991 9355
0 0.988608 0.677287 0.00518379 0.0122794 9356
0 0.975957 0.74308 0.0126635 0.0342467 9357
0 0.196571 0.736779 0.0157099 0.00947333 9358
0 0.8433 0.833407 0.0411308 0.0363376 9359
0 0.850815 0.844184 0.0201723 0.0128357 9360
0 0.588551 0.912903 0.05388 0.0137472 9361
0 0.678967 0.802126 0.0214288 0.0455378 9362
0 0.971679 0.769488 0.0130243 0.0146025 9363
0 0.872354 0.845489 0.0145187 0.0153344 9364
0 0.358537 0.732653 0.0176001 0.0103187 9365
0 0.824858 0.785476 0.0359413 0.0177165 9366
0 0.77147 0.812407 0.0116903 0.0150543 9367
0 0.995396 0.808708 0.00873203 0.0278514 9368
0 0.851489 0.841478 0.0569435 0.0266327 9369
0 0.93655 0.867048 0.0123951 0.0155412 9370
0 0.951409 0.862988 0.0191626 0.020696 9371
0 0.959401 0.848552 0.0150726 0.0368057 9372
0 0.972649 0.669528 0.00416279 0.0102714 9373
0 0.936079 0.867044 0.0115616 0.0156557 9374
0 0.953627 0.85922 0.0284828 0.0285461 9375
0 0.0974227 0.986154 0.0512212 0.0220266 9376
0 0.792377 0.820721 0.0247311 0.00626628 9377
