0 0.453424 0.834697 0.0117553 0.0647612 None
0 0.842887 0.765761 0.00850143 0.0446781 None
0 0.796584 0.774842 0.00820999 0.0484846 None
0 0.526751 0.81725 0.0111609 0.0568149 None
0 0.48448 0.828108 0.0121407 0.0547173 None
0 0.554943 0.81747 0.0103051 0.0486506 None
0 0.68892 0.79584 0.0102446 0.0469221 None
0 0.831229 0.835134 0.0169819 0.0322849 None
0 0.702919 0.793268 0.0105169 0.0456385 None
0 0.356094 0.847727 0.0131566 0.0620916 None
0 0.616682 0.808994 0.00952435 0.0488783 None
0 0.743172 0.783266 0.007971 0.0491065 None
0 0.732967 0.786069 0.00915089 0.0455153 None
0 0.221247 0.904239 0.0185034 0.0788171 None
0 0.929136 0.728607 0.00700302 0.0254907 None
0 0.114404 0.982817 0.0325555 0.0256985 None
0 0.194715 0.915423 0.0376301 0.0299571 None
0 0.631711 0.812594 0.00663023 0.0347571 None
0 0.718568 0.830302 0.0134666 0.0312503 None
0 0.0220648 0.938552 0.0441296 0.0279922 None
0 0.916658 0.752124 0.00779362 0.037285 None
0 0.956411 0.848494 0.016444 0.0363122 None
0 0.943649 0.75289 0.00619049 0.0291619 None
0 0.475368 0.857245 0.0175432 0.0237061 None
0 0.391004 0.824978 0.0179658 0.0713036 None
0 0.90646 0.972682 0.0402998 0.0390157 None
0 0.957382 0.735429 0.00686588 0.0251568 None
0 0.218112 0.903459 0.0128451 0.0769297 None
0 0.355433 0.989356 0.0139219 0.0212882 None
0 0.943395 0.748609 0.0068615 0.0383894 None
0 0.852968 0.835426 0.022681 0.0258401 None
0 0.855155 0.834638 0.0154228 0.0250671 None
0 0.715598 0.830599 0.0197155 0.0322722 None
0 0.893335 0.976052 0.0641289 0.0464264 None
0 0.677161 0.815674 0.0175381 0.0178462 None
0 0.996199 0.813421 0.00719681 0.016677 None
0 0.568281 0.761643 0.00961561 0.0144294 None
0 0.883832 0.980482 0.0453051 0.0374627 None
0 0.333247 0.773452 0.00446711 0.0142965 None
0 0.949952 0.850427 0.0297504 0.0400781 None
0 0.286872 0.735325 0.00770965 0.0162165 None
0 0.97241 0.76176 0.013382 0.026004 None
0 0.00220117 0.973986 0.00435416 0.0274889 None
0 0.992415 0.751412 0.0147327 0.00817803 None
0 0.482284 0.856963 0.0325714 0.0240328 None
0 0.855066 0.830952 0.0175884 0.0244259 None
0 0.0542363 0.736019 0.00453973 0.0177309 None
0 0.76979 0.81314 0.0146774 0.015086 None
0 0.097772 0.994562 0.0528539 0.00816667 None
0 0.897205 0.685171 0.00640183 0.0155673 None
0 0.973794 0.753226 0.0081398 0.0104494 None
0 0.220931 0.721149 0.00860977 0.0163781 None
0 0.974225 0.767808 0.0187981 0.0177843 None
0 0.946862 0.859583 0.0361809 0.0279831 None
0 0.876232 0.695926 0.00863914 0.016281 None
0 0.391205 0.813661 0.0173763 0.0481625 None
0 0.00522824 0.974333 0.010452 0.0291426 None
0 0.922258 0.973183 0.0274532 0.0405582 None
0 0.943968 0.855315 0.0303488 0.0351566 None
0 0.937362 0.859421 0.0177423 0.0262275 None
0 0.941884 0.675911 0.00627556 0.0153913 None
0 0.776299 0.814005 0.0151548 0.0149323 None
0 0.84422 0.835795 0.041758 0.0327301 None
0 0.134658 0.98454 0.0731596 0.0261237 None
0 0.861526 0.836272 0.0367298 0.0323059 None
0 0.77317 0.813081 0.0220247 0.0168603 None
0 0.896683 0.687831 0.00715122 0.0188639 None
0 0.915622 0.971264 0.0119593 0.0366435 None
0 0.577481 0.875577 0.0333785 0.013306 None
0 0.587997 0.911901 0.0537254 0.0149243 None
0 0.995909 0.732232 0.0077301 0.0272859 None
0 0.104727 0.984529 0.0720097 0.0278932 None
0 0.878898 0.984613 0.0355164 0.0296533 None
0 0.577018 0.875183 0.0334084 0.0132813 None
0 0.565259 0.771771 0.0194648 0.00975545 None
0 0.918094 0.971997 0.0175709 0.0384115 None
0 0.484418 0.85869 0.0370826 0.0206924 None
0 0.9744 0.76285 0.0182987 0.0280155 None
0 0.974911 0.771768 0.018243 0.0105465 None
0 0.467926 0.758519 0.00892792 0.0139743 None
0 0.872613 0.845563 0.0145538 0.015013 None
0 0.252537 0.767615 0.00535917 0.0142799 None
0 0.994798 0.813606 0.0100288 0.0173297 None
0 0.590982 0.913999 0.0457909 0.0103729 None
0 0.153514 0.983754 0.0176541 0.0136195 None
0 0.995892 0.671451 0.00651569 0.0188563 None
0 0.99392 0.670523 0.00883522 0.0223366 None
0 0.52072 0.723641 0.0156133 0.00971358 None
0 0.334927 0.772939 0.00791287 0.0154616 None
0 0.99182 0.669855 0.00656738 0.0213385 None
0 0.285395 0.737247 0.0122071 0.0205646 None
0 0.950123 0.866281 0.0421785 0.0166753 None
0 0.859621 0.844837 0.0412468 0.0182609 None
0 0.713587 0.839874 0.0233452 0.0156023 None
0 0.589046 0.909202 0.0561296 0.0206765 None
0 0.957473 0.862458 0.0259403 0.0157013 None
0 0.895705 0.973623 0.0193716 0.0264404 None
0 0.9494 0.86307 0.0421581 0.0235409 None
