0 0.4525 0.833564 0.0122021 0.0672275 42083
0 0.718543 0.830511 0.0143749 0.0308967 42084
0 0.830543 0.834842 0.0176287 0.033626 42085
0 0.738338 0.784999 0.00988588 0.0480767 42086
0 0.713374 0.791515 0.00952644 0.0423913 42087
0 0.786001 0.778303 0.0105669 0.045461 42088
0 0.755966 0.781198 0.00712757 0.0489471 42089
0 0.818624 0.770729 0.0106007 0.0486303 42090
0 0.796855 0.775262 0.00826378 0.0489926 42091
0 0.695213 0.795198 0.00950718 0.0435808 42092
0 0.953389 0.849945 0.022443 0.0422251 42093
0 0.836467 0.768391 0.0101871 0.0490468 42094
0 0.843201 0.767302 0.00823326 0.0454836 42095
0 0.434927 0.914147 0.0220339 0.0375339 42096
0 0.0670131 0.742386 0.00929989 0.0302473 42097
0 0.11541 0.98326 0.0311514 0.0260817 42098
0 0.855815 0.831409 0.0151901 0.0308521 42099
0 0.70328 0.79336 0.00777092 0.0442117 42100
0 0.473367 0.855323 0.0194377 0.0303572 42101
0 0.805129 0.782632 0.00628052 0.0321535 42102
0 0.554049 0.813189 0.0109613 0.0438578 42103
0 0.427928 0.779133 0.0101671 0.0192456 42104
0 0.31852 0.712623 0.00630593 0.0173231 42105
0 0.198734 0.916226 0.0456757 0.0307451 42106
0 0.276623 0.729036 0.00646634 0.0178823 42107
0 0.973891 0.763726 0.0197441 0.02502 42108
0 0.957236 0.84882 0.0152138 0.0400801 42109
0 0.355433 0.989258 0.0137665 0.0214838 42110
0 0.890983 0.976572 0.060334 0.0453876 42111
0 0.79542 0.697521 0.00405083 0.0159198 42112
0 0.883388 0.985449 0.0451576 0.0272719 42113
0 0.90309 0.972741 0.0379955 0.0389625 42114
0 0.00729595 0.751193 0.00789989 0.0180074 42115
0 0.677192 0.815176 0.0178037 0.0195424 42116
0 0.702433 0.807899 0.00451107 0.0146315 42117
0 0.925769 0.682874 0.00561428 0.01596 42118
0 0.778419 0.698229 0.00541725 0.0167251 42119
0 0.0663792 0.733455 0.00646458 0.013149 42120
0 0.852368 0.833453 0.0229633 0.0350801 42121
0 0.910007 0.973707 0.0491024 0.041815 42122
0 0.995562 0.813537 0.0084671 0.0160611 42123
0 0.0944944 0.993907 0.0442949 0.00860731 42124
0 0.0221474 0.938084 0.0442947 0.0298469 42125
0 0.103979 0.983863 0.0609253 0.0275825 42126
0 0.00578748 0.751668 0.0110524 0.0187008 42127
0 0.556306 0.806639 0.00702362 0.0309545 42128
0 0.703067 0.786911 0.00828943 0.0379629 42129
0 0.00545779 0.979259 0.0108624 0.0191494 42130
0 0.18594 0.734719 0.0107986 0.00812717 42131
0 0.11024 0.98081 0.020914 0.0226936 42132
0 0.982037 0.659258 0.00913658 0.0292918 42133
0 0.2875 0.725077 0.0067915 0.0104923 42134
0 0.067744 0.749119 0.00938435 0.0180861 42135
0 0.290737 0.727203 0.0146785 0.0112174 42136
0 0.939768 0.726121 0.00514355 0.0133765 42137
0 0.28725 0.726859 0.00787039 0.0114929 42138
0 0.92111 0.973717 0.0287746 0.0418238 42139
0 0.120683 0.98527 0.0388543 0.0230011 42140
0 0.577461 0.875973 0.0327072 0.013719 42141
0 0.981276 0.661353 0.00758801 0.0235116 42142
0 0.364657 0.75333 0.00401669 0.00807088 42143
0 0.769758 0.812684 0.0148723 0.0161886 42144
0 0.902026 0.978703 0.0334785 0.0274478 42145
0 0.577156 0.87556 0.0322359 0.0135837 42146
0 0.883934 0.683388 0.00758286 0.0101679 42147
0 0.795089 0.696862 0.00539532 0.0176171 42148
0 0.799879 0.775378 0.0144902 0.0487654 42149
0 0.527265 0.735732 0.0197026 0.011694 42150
0 0.948947 0.850741 0.0302336 0.0450087 42151
0 0.00918107 0.978349 0.0182467 0.0225116 42152
0 0.857676 0.835329 0.0433918 0.0371002 42153
0 0.840209 0.834507 0.0377476 0.035258 42154
0 0.0632365 0.753104 0.016519 0.00948368 42155
0 0.973304 0.65188 0.00592518 0.0135846 42156
0 0.587939 0.908053 0.0527443 0.0238627 42157
0 0.126178 0.986209 0.0259166 0.0218079 42158
0 0.00349062 0.756359 0.00691769 0.0137368 42159
0 0.772853 0.812711 0.0218525 0.0174856 42160
0 0.872271 0.845471 0.0142689 0.0150557 42161
0 0.923968 0.980968 0.0220051 0.0258643 42162
0 0.936785 0.867082 0.0126616 0.0150421 42163
0 0.189837 0.7352 0.0187583 0.00867462 42164
0 0.779463 0.815906 0.00802431 0.0108744 42165
0 0.913971 0.980676 0.0414143 0.026909 42166
0 0.366845 0.754955 0.0101231 0.0084727 42167
0 0.949164 0.859566 0.0137497 0.0210171 42168
0 0.851878 0.846346 0.024848 0.0123598 42169
0 0.963617 0.675695 0.00571594 0.0178524 42170
0 0.899513 0.972622 0.0306175 0.0320748 42171
0 0.947555 0.859256 0.0297024 0.0291846 42172
0 0.793462 0.697641 0.0078373 0.0160309 42173
0 0.945463 0.863908 0.0290136 0.020575 42174
0 0.859489 0.845639 0.0403576 0.0164624 42175
0 0.790488 0.820037 0.0279822 0.00830282 42176
0 0.902616 0.982775 0.0687559 0.0325475 42177
0 0.00549629 0.972383 0.0109413 0.0325829 42178
0 0.189998 0.734984 0.0188617 0.00854323 42179
0 0.597507 0.915405 0.0317825 0.00882331 42180
