0 0.453002 0.834028 0.0129171 0.0673343 None
0 0.698132 0.795767 0.00941906 0.0437725 None
0 0.953598 0.848796 0.0223145 0.0428399 None
0 0.822962 0.770644 0.00908432 0.0384508 None
0 0.843363 0.764508 0.00813618 0.0444585 None
0 0.48006 0.827413 0.0142937 0.0620141 None
0 0.238271 0.867965 0.0101532 0.0503847 None
0 0.422257 0.909986 0.0185978 0.049629 None
0 0.775968 0.77706 0.00774612 0.0503721 None
0 0.982528 0.738046 0.0088501 0.0459032 None
0 0.522191 0.778246 0.0116146 0.0249529 None
0 0.854552 0.762818 0.00818672 0.0397335 None
0 0.950376 0.74447 0.0107018 0.0450704 None
0 0.00966948 0.743506 0.00834805 0.0177366 None
0 0.968893 0.738866 0.013142 0.0367155 None
0 0.810659 0.771451 0.00869522 0.0403954 None
0 0.829917 0.83393 0.0164415 0.0315213 None
0 0.872354 0.763503 0.0104673 0.0401544 None
0 0.788342 0.776825 0.00921078 0.0471088 None
0 0.680119 0.793086 0.0107054 0.0389498 None
0 0.932304 0.731212 0.00958042 0.0278531 None
0 0.198681 0.9155 0.0457533 0.0330443 None
0 0.855387 0.830681 0.0192535 0.0349301 None
0 0.354334 0.98919 0.0148196 0.0216207 None
0 0.716773 0.830866 0.0118236 0.0312229 None
0 0.905895 0.743142 0.00758133 0.0244185 None
0 0.795281 0.780623 0.00809593 0.0390991 None
0 0.0221264 0.938403 0.0442528 0.0294579 None
0 0.765421 0.695975 0.00628538 0.0133021 None
0 0.88362 0.980228 0.0456097 0.0383879 None
0 0.331282 0.709058 0.00552149 0.015392 None
0 0.114704 0.982951 0.030501 0.024785 None
0 0.995671 0.811915 0.00823517 0.0210144 None
0 0.29862 0.741934 0.00591359 0.0136898 None
0 0.716512 0.831199 0.0178959 0.0313666 None
0 0.370782 0.738276 0.00916472 0.0122606 None
0 0.917117 0.972818 0.0183651 0.0397356 None
0 0.921428 0.973829 0.0271727 0.0420134 None
0 0.676104 0.816179 0.0146139 0.0175323 None
0 0.504992 0.782784 0.00932388 0.0181563 None
0 0.976275 0.677643 0.00567665 0.0237378 None
0 0.0956671 0.994268 0.0470036 0.00831231 None
0 0.119809 0.984889 0.0404009 0.0229289 None
0 0.00807906 0.744131 0.0120906 0.0195518 None
0 0.870743 0.680922 0.00814972 0.0161395 None
0 0.104988 0.984264 0.0517875 0.0261576 None
0 0.976875 0.655002 0.00813446 0.0242547 None
0 0.291508 0.753722 0.00884094 0.0154439 None
0 0.781732 0.695231 0.00680809 0.0165819 None
0 0.201212 0.728819 0.0113578 0.00799628 None
0 0.108425 0.740509 0.0134232 0.0119197 None
0 0.0056279 0.981416 0.0111738 0.0145345 None
0 0.576963 0.874518 0.0336681 0.0166482 None
0 0.792456 0.780222 0.0144506 0.0416779 None
0 0.109646 0.981391 0.0199805 0.024135 None
0 0.974664 0.767177 0.0190125 0.0184024 None
0 0.895856 0.976659 0.0694836 0.0442203 None
0 0.712826 0.831731 0.0209415 0.0322127 None
0 0.908218 0.973526 0.0409962 0.0410034 None
0 0.895829 0.762969 0.00656376 0.0235019 None
0 0.769906 0.812618 0.0160164 0.0159156 None
0 0.300124 0.742433 0.0102933 0.0149835 None
0 0.486874 0.809713 0.00649042 0.0396444 None
0 0.332176 0.715521 0.0398217 0.00964881 None
0 0.485687 0.811151 0.0088829 0.0407052 None
0 0.101454 0.985336 0.0586646 0.0249712 None
0 0.707611 0.831925 0.0344093 0.0326033 None
0 0.124957 0.985595 0.0289014 0.0220768 None
0 0.391312 0.817596 0.0171458 0.0562113 None
0 0.958408 0.848148 0.0132057 0.0385505 None
0 0.0751648 0.74301 0.0110858 0.0186856 None
0 0.67898 0.816097 0.0202074 0.0184884 None
0 0.692561 0.841802 0.0330412 0.0144711 None
0 0.880194 0.984487 0.0384674 0.0301954 None
0 0.974216 0.75437 0.0205172 0.0443176 None
0 0.992928 0.660002 0.0053093 0.0105439 None
0 0.421482 0.927332 0.0171509 0.0158346 None
0 0.852781 0.846842 0.026075 0.0116742 None
0 0.676423 0.814722 0.018194 0.0214532 None
0 0.935916 0.866063 0.0116333 0.0152808 None
0 0.00948261 0.749932 0.0145522 0.00955404 None
0 0.842328 0.835223 0.042247 0.0351335 None
0 0.482237 0.813214 0.0136391 0.0443081 None
0 0.589154 0.906859 0.037999 0.0233117 None
0 0.947376 0.85118 0.0344891 0.0459757 None
0 0.946864 0.86535 0.0339348 0.0182977 None
0 0.975073 0.675412 0.00831757 0.0268273 None
0 0.858492 0.845716 0.0410469 0.0172701 None
0 0.916592 0.975562 0.0372189 0.0430376 None
0 0.540831 0.850701 0.00758896 0.0307972 None
0 0.843769 0.842862 0.0451891 0.0226386 None
0 0.766184 0.698207 0.00791702 0.018019 None
0 0.790514 0.820879 0.0245419 0.00662571 None
0 0.779191 0.816375 0.00762482 0.00960626 None
0 0.901468 0.7445 0.0176792 0.0269043 None
0 0.938458 0.658516 0.0055481 0.0070944 None
0 0.870114 0.681421 0.0115425 0.0161165 None
