0 0.797054 0.775844 0.0126007 0.0500083 56496
0 0.451637 0.83316 0.0119274 0.067107 56497
0 0.555499 0.816109 0.0136144 0.0535341 56498
0 0.778543 0.776473 0.00974188 0.0507772 56499
0 0.644326 0.805437 0.009764 0.0471686 56500
0 0.953729 0.850026 0.0227449 0.0428333 56501
0 0.692365 0.79632 0.00974693 0.046049 56502
0 0.830561 0.834772 0.0175797 0.0335232 56503
0 0.736704 0.785638 0.00862293 0.047818 56504
0 0.702468 0.791985 0.0102926 0.0454627 56505
0 0.718436 0.83015 0.014283 0.032113 56506
0 0.89038 0.975681 0.0577297 0.0454529 56507
0 0.843538 0.762945 0.00666161 0.0392965 56508
0 0.940004 0.727976 0.00720596 0.0207004 56509
0 0.974554 0.762887 0.0192341 0.0271154 56510
0 0.747069 0.78447 0.00668697 0.0471798 56511
0 0.752391 0.781756 0.00818691 0.050285 56512
0 0.476231 0.856741 0.0344967 0.0232868 56513
0 0.856381 0.830547 0.0135828 0.0323085 56514
0 0.00484928 0.75269 0.00940543 0.0172867 56515
0 0.434718 0.913947 0.0215902 0.036795 56516
0 0.0581851 0.740691 0.00458653 0.0180891 56517
0 0.35527 0.989179 0.0136363 0.0216412 56518
0 0.676301 0.815166 0.0159256 0.0178623 56519
0 0.483035 0.856716 0.0209902 0.0228307 56520
0 0.114913 0.981399 0.032325 0.0297319 56521
0 0.745943 0.784517 0.00657082 0.0481449 56522
0 0.902055 0.97294 0.0346647 0.0401328 56523
0 0.290825 0.721344 0.00608807 0.0186917 56524
0 0.738277 0.78548 0.00901489 0.0477169 56525
0 0.273865 0.729223 0.00515666 0.0162357 56526
0 0.00599247 0.977431 0.0119698 0.0229906 56527
0 0.883371 0.985005 0.0433704 0.0276001 56528
0 0.108794 0.979414 0.0198822 0.0257562 56529
0 0.0671669 0.752815 0.00802706 0.0155762 56530
0 0.996917 0.675338 0.00571346 0.0276503 56531
0 0.290671 0.726241 0.00662804 0.0137753 56532
0 0.107896 0.98206 0.0499161 0.030975 56533
0 0.714228 0.830675 0.0231553 0.0329285 56534
0 0.852558 0.831365 0.0240967 0.0345113 56535
0 0.852577 0.848713 0.0267788 0.0097953 56536
0 0.75836 0.788295 0.0070138 0.0329851 56537
0 0.405068 0.775772 0.0107685 0.0154846 56538
0 0.996378 0.810236 0.00682144 0.0209939 56539
0 0.756421 0.785064 0.00994406 0.042167 56540
0 0.0687805 0.752617 0.0129035 0.0162299 56541
0 0.430782 0.914879 0.0293744 0.037895 56542
0 0.31933 0.714203 0.00525427 0.0161587 56543
0 0.0222614 0.939009 0.0445228 0.0316723 56544
0 0.417574 0.763473 0.00948343 0.0135047 56545
0 0.754987 0.781451 0.0115314 0.0509522 56546
0 0.102387 0.994037 0.0613032 0.00917274 56547
0 0.00532542 0.757538 0.0105922 0.0103804 56548
0 0.960146 0.850471 0.0101864 0.0381015 56549
0 0.520163 0.729681 0.011923 0.0147712 56550
0 0.88493 0.979509 0.0466442 0.0376485 56551
0 0.577062 0.87462 0.032856 0.0159156 56552
0 0.970406 0.671608 0.00502911 0.0165888 56553
0 0.922478 0.680642 0.00610886 0.0152079 56554
0 0.996688 0.666364 0.0062748 0.0129353 56555
0 0.757413 0.788049 0.00832386 0.0372201 56556
0 0.540963 0.849194 0.0076458 0.0271946 56557
0 0.851461 0.845803 0.0255373 0.0130727 56558
0 0.741863 0.784184 0.00797024 0.0490902 56559
0 0.0722743 0.757013 0.0240642 0.010397 56560
0 0.576971 0.874346 0.032918 0.0157359 56561
0 0.959385 0.676304 0.00567589 0.0130864 56562
0 0.990489 0.767961 0.0185818 0.0112125 56563
0 0.0505039 0.741223 0.0124839 0.013776 56564
0 0.104607 0.982718 0.0665256 0.0307682 56565
0 0.936229 0.866184 0.0113533 0.0147824 56566
0 0.884737 0.989191 0.0394039 0.0189256 56567
0 0.391508 0.812459 0.0167122 0.0459276 56568
0 0.707598 0.785064 0.00508337 0.0147563 56569
0 0.843485 0.836038 0.0435116 0.034347 56570
0 0.85516 0.847672 0.0334362 0.014384 56571
0 0.953194 0.861264 0.0220013 0.0217785 56572
0 0.00925554 0.977013 0.0184007 0.0253589 56573
0 0.862946 0.833368 0.0318466 0.0386763 56574
0 0.944386 0.865391 0.0279293 0.0167509 56575
0 0.981597 0.762599 0.0339596 0.0268038 56576
0 0.861071 0.842924 0.0339302 0.021858 56577
0 0.856788 0.834423 0.0434223 0.0396405 56578
0 0.978736 0.650413 0.00811863 0.0128377 56579
0 0.969898 0.668149 0.00425682 0.0102067 56580
0 0.555641 0.803786 0.0118258 0.0265394 56581
0 0.109474 0.981966 0.0754436 0.0314684 56582
0 0.844705 0.764485 0.00908241 0.0399716 56583
0 0.960735 0.86634 0.0543201 0.0156991 56584
