0 0.453157 0.833444 0.012674 0.0684031 None
0 0.86559 0.760776 0.00929909 0.050219 None
0 0.695556 0.793212 0.0102109 0.0479786 None
0 0.83066 0.834609 0.0176079 0.0336463 None
0 0.706157 0.791518 0.0113503 0.0487166 None
0 0.755395 0.781315 0.00811796 0.0493578 None
0 0.833113 0.766229 0.00912972 0.0487564 None
0 0.843105 0.765941 0.00808659 0.0475654 None
0 0.802103 0.775498 0.00789013 0.0451557 None
0 0.54255 0.817826 0.0109397 0.0527612 None
0 0.744787 0.784501 0.00871468 0.0458559 None
0 0.736733 0.788046 0.0097435 0.0417158 None
0 0.796544 0.776251 0.00714893 0.0505049 None
0 0.953735 0.848942 0.0220085 0.0400896 None
0 0.85293 0.831964 0.0218168 0.0350176 None
0 0.817561 0.78022 0.00599785 0.030594 None
0 0.935915 0.72318 0.00588894 0.0198803 None
0 0.718241 0.829913 0.0140602 0.0328698 None
0 0.346684 0.755583 0.00795636 0.0232975 None
0 0.470205 0.852164 0.015801 0.0358873 None
0 0.433484 0.91483 0.0248976 0.0369568 None
0 0.0720887 0.73907 0.00686196 0.0235986 None
0 0.973546 0.743797 0.00823059 0.0277325 None
0 0.790161 0.699299 0.00548477 0.0159441 None
0 0.89192 0.97593 0.0615074 0.0459425 None
0 0.272651 0.731129 0.00549808 0.0157918 None
0 0.00567591 0.978678 0.0112928 0.0203759 None
0 0.712665 0.830543 0.0257817 0.0335785 None
0 0.00881232 0.746649 0.0102521 0.0185316 None
0 0.0221145 0.938503 0.0442291 0.0287459 None
0 0.114775 0.980964 0.0300078 0.02332 None
0 0.903693 0.973005 0.0379227 0.0400689 None
0 0.198631 0.916114 0.0466361 0.0320214 None
0 0.856127 0.830916 0.0151693 0.0338486 None
0 0.109678 0.980487 0.0199639 0.023121 None
0 0.354411 0.989217 0.0165487 0.021565 None
0 0.675588 0.816108 0.0155268 0.0193678 None
0 0.577709 0.875781 0.0324486 0.0147037 None
0 0.532821 0.739476 0.0159307 0.0103278 None
0 0.771843 0.700231 0.00780334 0.0202858 None
0 0.532822 0.739588 0.0159735 0.00995602 None
0 0.271342 0.731372 0.00817795 0.016541 None
0 0.0720831 0.740731 0.00982141 0.0226213 None
0 0.0713148 0.74259 0.00822101 0.0186081 None
0 0.742893 0.786142 0.00950136 0.0444305 None
0 0.97483 0.742608 0.0109953 0.0312753 None
0 0.3198 0.708666 0.00621738 0.0176161 None
0 0.881533 0.680228 0.00840054 0.0179656 None
0 0.884453 0.979262 0.0470963 0.0395338 None
0 0.296626 0.728109 0.00413389 0.0118269 None
0 0.818798 0.780115 0.00826759 0.0317347 None
0 0.979944 0.737117 0.00880051 0.0324429 None
0 0.921962 0.97357 0.0269909 0.0410356 None
0 0.108429 0.983707 0.0507276 0.0273721 None
0 0.119773 0.984428 0.0394675 0.0233583 None
0 0.951942 0.859804 0.0181221 0.0219676 None
0 0.440899 0.918565 0.0101466 0.024665 None
0 0.681371 0.815744 0.0236183 0.0187129 None
0 0.996531 0.811155 0.00652733 0.0201877 None
0 0.753376 0.782124 0.0108976 0.0491565 None
0 0.909487 0.974954 0.0516735 0.0443932 None
0 0.140642 0.734504 0.00829477 0.00816481 None
0 0.977666 0.675089 0.00755272 0.020729 None
0 0.922873 0.680066 0.00915642 0.0112584 None
0 0.770133 0.813052 0.0137566 0.0156665 None
0 0.976302 0.741297 0.0158068 0.0357118 None
0 0.103847 0.993654 0.0633613 0.00943875 None
0 0.19047 0.730922 0.00942545 0.00822432 None
0 0.774563 0.813415 0.0187471 0.0173598 None
0 0.973792 0.752481 0.0132647 0.0462016 None
0 0.777334 0.813883 0.0127956 0.0162811 None
0 0.880548 0.984507 0.0392376 0.0293689 None
0 0.858708 0.834302 0.0387896 0.0394477 None
0 0.895358 0.682042 0.00651016 0.0148136 None
0 0.414191 0.767483 0.00503254 0.00790863 None
0 0.869427 0.845436 0.0163507 0.0160884 None
0 0.975129 0.762938 0.0190458 0.0268782 None
0 0.126497 0.985753 0.0266972 0.0204768 None
0 0.979131 0.738852 0.0124622 0.0366815 None
0 0.974932 0.767542 0.0180817 0.0178185 None
0 0.672607 0.817076 0.0199663 0.0210212 None
0 0.122699 0.98632 0.0207531 0.0214245 None
0 0.850677 0.835398 0.0216661 0.0302521 None
0 0.956321 0.866495 0.0283955 0.0147861 None
0 0.451984 0.773289 0.00458527 0.00973629 None
0 0.91529 0.971091 0.0114285 0.0365933 None
0 0.887648 0.680353 0.0217199 0.0190164 None
0 0.193407 0.731414 0.0155442 0.00990974 None
0 0.972483 0.673758 0.00641174 0.0200523 None
0 0.269908 0.731513 0.0127799 0.0168033 None
0 0.956451 0.852298 0.0282349 0.0393868 None
0 0.824266 0.814963 0.0239254 0.010198 None
0 0.841103 0.833067 0.0450546 0.0362907 None
0 0.790841 0.702901 0.00703583 0.0235772 None
0 0.776635 0.814709 0.0157806 0.019282 None
0 0.00587599 0.972489 0.011618 0.0330082 None
0 0.977065 0.769503 0.0231678 0.0145403 None
0 0.202476 0.732678 0.0327315 0.0115238 None
0 0.960258 0.849756 0.0166393 0.0397091 None
0 0.718103 0.784683 0.0148485 0.0117126 None
0 0.882438 0.764915 0.0303881 0.0131185 None
