0 0.452793 0.83344 0.012922 0.0674316 40315
0 0.740192 0.784854 0.00868607 0.0465224 40316
0 0.718557 0.829958 0.0143994 0.0318943 40317
0 0.842982 0.765617 0.0102604 0.0482634 40318
0 0.830589 0.834859 0.0176626 0.0337084 40319
0 0.755695 0.780956 0.00750818 0.048902 40320
0 0.718381 0.789677 0.00957079 0.0431766 40321
0 0.822549 0.770206 0.00942574 0.0469184 40322
0 0.796965 0.775299 0.00820942 0.0495229 40323
0 0.702573 0.790815 0.00982094 0.0475623 40324
0 0.789465 0.777041 0.00703926 0.041488 40325
0 0.473304 0.85531 0.0192978 0.0303772 40326
0 0.81136 0.781309 0.00680904 0.0314045 40327
0 0.550963 0.812411 0.0109583 0.0462494 40328
0 0.434687 0.914236 0.0223351 0.0375275 40329
0 0.95337 0.849603 0.0223358 0.0415532 40330
0 0.691073 0.79473 0.00702763 0.0432304 40331
0 0.85591 0.832 0.015501 0.0318671 40332
0 0.974339 0.763491 0.0188 0.0253337 40333
0 0.115367 0.983283 0.031082 0.0260786 40334
0 0.694578 0.794772 0.00670471 0.0429962 40335
0 0.778013 0.699128 0.00564938 0.0186984 40336
0 0.692499 0.793869 0.00976925 0.0446545 40337
0 0.198652 0.915478 0.0451892 0.0319465 40338
0 0.318635 0.713617 0.00540214 0.017868 40339
0 0.956539 0.848078 0.0161083 0.0388713 40340
0 0.883267 0.985439 0.0450012 0.027317 40341
0 0.00775392 0.752118 0.0098513 0.0188121 40342
0 0.0222387 0.93808 0.0443871 0.0296705 40343
0 0.277003 0.726856 0.00490937 0.0143472 40344
0 0.355421 0.989248 0.0137817 0.0215034 40345
0 0.0666155 0.736315 0.00725474 0.0153146 40346
0 0.903437 0.97281 0.0381565 0.0390818 40347
0 0.43306 0.780138 0.00935955 0.0182122 40348
0 0.891543 0.976267 0.0613804 0.0460805 40349
0 0.068751 0.741997 0.0107448 0.0273519 40350
0 0.995534 0.813595 0.00852127 0.0158332 40351
0 0.0706676 0.743009 0.00814978 0.0244002 40352
0 0.522001 0.738805 0.00720997 0.0109319 40353
0 0.996966 0.744756 0.00563507 0.0290556 40354
0 0.47012 0.855755 0.0134615 0.0292616 40355
0 0.910048 0.97366 0.0490618 0.0417681 40356
0 0.0942723 0.99391 0.0438626 0.0085712 40357
0 0.965631 0.676126 0.00440636 0.0178818 40358
0 0.00537735 0.978496 0.0106911 0.0204878 40359
0 0.852632 0.833096 0.022377 0.034875 40360
0 0.360403 0.752473 0.00840592 0.0143653 40361
0 0.794338 0.696982 0.00681801 0.0148962 40362
0 0.675891 0.815593 0.0152678 0.0190472 40363
0 0.139405 0.74102 0.00627074 0.00989617 40364
0 0.963616 0.723093 0.0482275 0.014977 40365
0 0.103402 0.983943 0.0601628 0.0274173 40366
0 0.936325 0.725656 0.00770111 0.0220434 40367
0 0.110279 0.98083 0.0210104 0.0227804 40368
0 0.922317 0.9737 0.0261679 0.04147 40369
0 0.770132 0.812731 0.0156713 0.0163893 40370
0 0.885009 0.979738 0.0487246 0.0388918 40371
0 0.576972 0.875963 0.0316372 0.0136512 40372
0 0.120587 0.985199 0.03882 0.0231176 40373
0 0.88262 0.683108 0.00684662 0.0161817 40374
0 0.00654326 0.754648 0.0119668 0.0154165 40375
0 0.982198 0.660165 0.00921574 0.0287241 40376
0 0.29007 0.728256 0.00379944 0.00818854 40377
0 0.576625 0.875581 0.0310791 0.013465 40378
0 0.902134 0.978 0.0334002 0.028796 40379
0 0.772829 0.8131 0.0216376 0.0176641 40380
0 0.948846 0.850622 0.0307396 0.0447893 40381
0 0.587474 0.908269 0.051877 0.023643 40382
0 0.898407 0.683043 0.00408554 0.0124932 40383
0 0.982481 0.665569 0.00800323 0.0288266 40384
0 0.834208 0.834604 0.0255308 0.0349267 40385
0 0.923045 0.683934 0.00643768 0.0134734 40386
0 0.52597 0.739198 0.015538 0.0114543 40387
0 0.524456 0.738605 0.012628 0.0123589 40388
0 0.011833 0.739304 0.0137886 0.00894911 40389
0 0.431933 0.781229 0.0125944 0.0164624 40390
0 0.361108 0.754763 0.0102373 0.0180284 40391
0 0.947906 0.858155 0.0315098 0.0312137 40392
0 0.188635 0.735373 0.0123862 0.00912849 40393
0 0.409612 0.768223 0.0035079 0.00935754 40394
0 0.00911393 0.978279 0.0180454 0.0227239 40395
0 0.863348 0.834014 0.0321405 0.0363346 40396
0 0.126116 0.986238 0.0257665 0.0217617 40397
0 0.859365 0.838629 0.0399071 0.0302536 40398
0 0.949654 0.859948 0.0146406 0.0210863 40399
0 0.0558139 0.753108 0.00441421 0.00781403 40400
0 0.872247 0.8455 0.0141766 0.0150547 40401
0 0.779235 0.81604 0.00831509 0.0112094 40402
0 0.980913 0.661729 0.00694771 0.0222135 40403
0 0.918159 0.980447 0.0325645 0.0269789 40404
0 0.137226 0.741645 0.0116863 0.0114644 40405
0 0.851778 0.846139 0.0250387 0.0127058 40406
0 0.548748 0.812826 0.0148537 0.0453003 40407
0 0.703862 0.79123 0.0127635 0.041226 40408
0 0.597633 0.915436 0.0315465 0.00870463 40409
0 0.936884 0.86705 0.0128601 0.0151391 40410
0 0.94628 0.864365 0.0305351 0.0196257 40411
0 0.00471668 0.971148 0.00940843 0.0346537 40412
0 0.882178 0.680635 0.00709763 0.018679 40413
0 0.790631 0.820257 0.0274256 0.00761448 40414
0 0.293802 0.72891 0.0135921 0.00729574 40415
0 0.00580144 0.968647 0.0114821 0.0408257 40416
0 0.492907 0.862775 0.0198545 0.0115785 40417
0 0.860681 0.84566 0.0378315 0.0159946 40418
0 0.789693 0.816951 0.0291061 0.0121036 40419
0 0.903533 0.98259 0.0669067 0.0328274 40420
0 0.924986 0.984104 0.0200737 0.0197406 40421
0 0.991886 0.674592 0.00486526 0.0165934 40422
