0 0.595802 0.806963 0.0115864 0.056271 92467
0 0.452407 0.834498 0.0116652 0.0654388 92468
0 0.412542 0.839837 0.0113253 0.063818 92469
0 0.830852 0.835111 0.0178947 0.0326782 92470
0 0.843027 0.766342 0.00841866 0.04709 92471
0 0.796516 0.775116 0.00843067 0.0503752 92472
0 0.72383 0.786012 0.00770264 0.0500921 92473
0 0.718077 0.830393 0.0140297 0.0311152 92474
0 0.555471 0.815445 0.0127337 0.0569448 92475
0 0.689154 0.795264 0.0105118 0.0461414 92476
0 0.655949 0.801063 0.00777378 0.0460622 92477
0 0.114522 0.982818 0.0329175 0.0278202 92478
0 0.349913 0.900685 0.01512 0.0799784 92479
0 0.935437 0.751101 0.00854187 0.0410246 92480
0 0.711338 0.789871 0.00830183 0.0483514 92481
0 0.197936 0.916392 0.045521 0.0303845 92482
0 0.701307 0.795266 0.0106939 0.0488614 92483
0 0.957123 0.848629 0.0151703 0.0370017 92484
0 0.0221599 0.938737 0.0443197 0.0304789 92485
0 0.856076 0.832566 0.0155867 0.0306047 92486
0 0.971892 0.763009 0.0133739 0.0275725 92487
0 0.391229 0.832623 0.0177981 0.0849564 92488
0 0.4755 0.857502 0.018808 0.0231228 92489
0 0.673211 0.79923 0.00863218 0.0224616 92490
0 0.974644 0.763103 0.0184868 0.0272812 92491
0 0.893881 0.975829 0.0649025 0.0446018 92492
0 0.950788 0.850017 0.0277786 0.0395754 92493
0 0.484094 0.857693 0.0365909 0.0233809 92494
0 0.90643 0.973308 0.0400391 0.0394982 92495
0 0.0957235 0.9941 0.0475277 0.00813327 92496
0 0.852613 0.83386 0.0219585 0.0329078 92497
0 0.355328 0.989285 0.0135317 0.0214303 92498
0 0.917471 0.972887 0.0171108 0.038492 92499
0 0.00545599 0.975898 0.010852 0.0259599 92500
0 0.883707 0.981228 0.0448706 0.0353702 92501
0 0.0528925 0.74284 0.00444481 0.0146054 92502
0 0.702794 0.79216 0.0103942 0.0485786 92503
0 0.00314686 0.976045 0.00623917 0.0247226 92504
0 0.677767 0.815607 0.0202665 0.0191223 92505
0 0.715296 0.830833 0.0199867 0.0317234 92506
0 0.0720734 0.751038 0.00489173 0.0117388 92507
0 0.860151 0.696199 0.00646992 0.019879 92508
0 0.353571 0.900926 0.0240548 0.081091 92509
0 0.996156 0.813556 0.00728188 0.0158005 92510
0 0.921432 0.973232 0.0259237 0.0389899 92511
0 0.451937 0.761299 0.00600739 0.0143867 92512
0 0.577155 0.875696 0.0340009 0.013775 92513
0 0.852703 0.848492 0.0231359 0.00903524 92514
0 0.947583 0.854944 0.022731 0.0319383 92515
0 0.500548 0.71852 0.0105229 0.00909492 92516
0 0.853172 0.696515 0.00730343 0.0175956 92517
0 0.675024 0.806449 0.0129444 0.0371023 92518
0 0.772645 0.8136 0.0204461 0.0179465 92519
0 0.00488593 0.756808 0.00963181 0.0131209 92520
0 0.540803 0.848631 0.00727673 0.0283386 92521
0 0.348556 0.773185 0.0062418 0.0120429 92522
0 0.985839 0.668647 0.00539894 0.0170731 92523
0 0.997955 0.732085 0.00364876 0.0290273 92524
0 0.00485151 0.758165 0.00965406 0.0103309 92525
0 0.28135 0.73494 0.0128352 0.018179 92526
0 0.946164 0.859508 0.0171833 0.0212148 92527
0 0.057015 0.74619 0.0214662 0.0217723 92528
0 0.885301 0.975416 0.0418556 0.0286852 92529
0 0.863138 0.834583 0.0272524 0.0346836 92530
0 0.859265 0.835461 0.0377668 0.0371548 92531
0 0.853351 0.843455 0.0246708 0.0187632 92532
0 0.577509 0.879129 0.0341167 0.0137743 92533
0 0.00872499 0.976064 0.0173392 0.0277874 92534
0 0.855935 0.69626 0.0135502 0.0198363 92535
0 0.959845 0.671697 0.00287056 0.010367 92536
0 0.903596 0.682492 0.00703774 0.0140323 92537
0 0.859245 0.795065 0.00781841 0.0124763 92538
0 0.933361 0.744741 0.0114162 0.0529955 92539
0 0.00383228 0.973526 0.00759175 0.0299984 92540
0 0.460472 0.762434 0.00539341 0.012817 92541
0 0.153468 0.98364 0.0177641 0.0123701 92542
0 0.0999558 0.992464 0.0553944 0.0107915 92543
0 0.9911 0.670726 0.00604191 0.012631 92544
0 0.3618 0.900289 0.0100022 0.0240587 92545
0 0.839983 0.834884 0.0366688 0.0339857 92546
0 0.0587169 0.74665 0.0338098 0.0208598 92547
0 0.060596 0.743168 0.0103586 0.0123698 92548
0 0.94588 0.852551 0.038344 0.0425237 92549
0 0.330318 0.721769 0.0161782 0.0124369 92550
0 0.432322 0.862048 0.0317562 0.0162927 92551
0 0.332265 0.724437 0.0186038 0.0100057 92552
0 0.30823 0.768063 0.0204247 0.0104292 92553
0 0.93076 0.727818 0.00743103 0.0220879 92554
0 0.878563 0.985059 0.0348265 0.0282711 92555
0 0.391376 0.812299 0.0172972 0.0444814 92556
0 0.909154 0.670482 0.00722275 0.00994263 92557
0 0.494827 0.862823 0.0151906 0.011554 92558
0 0.819291 0.814769 0.00973701 0.00960863 92559
0 0.856358 0.795219 0.0148272 0.0131282 92560
0 0.00901683 0.76 0.0176371 0.0102264 92561
0 0.78734 0.817046 0.0249924 0.0134511 92562
0 0.677386 0.807583 0.0189342 0.0327037 92563
0 0.721524 0.786981 0.0124046 0.05014 92564
0 0.786091 0.814782 0.0276286 0.0178358 92565
0 0.93881 0.864155 0.0227861 0.0194119 92566
0 0.871035 0.845247 0.0117882 0.0157578 92567
0 0.895661 0.973334 0.0192814 0.0230323 92568
0 0.577779 0.887099 0.0345076 0.00893012 92569
0 0.958358 0.850049 0.0202614 0.0389248 92570
0 0.934379 0.867251 0.0137753 0.0137587 92571
0 0.942363 0.859184 0.0310362 0.0289435 92572
0 0.360436 0.903242 0.0130642 0.0195352 92573
