0 0.452531 0.833368 0.0124996 0.0671911 None
0 0.812186 0.771446 0.0107368 0.0518141 None
0 0.753987 0.781506 0.00799856 0.0488427 None
0 0.770184 0.779153 0.0082118 0.0443439 None
0 0.830647 0.834962 0.0174919 0.0328376 None
0 0.843584 0.765783 0.00730667 0.0472934 None
0 0.953522 0.849915 0.0222372 0.0421621 None
0 0.564991 0.814086 0.0120699 0.0471576 None
0 0.683885 0.795224 0.0093997 0.0405087 None
0 0.702706 0.79308 0.00996323 0.045256 None
0 0.736608 0.787628 0.00833597 0.0427094 None
0 0.693637 0.795117 0.0100386 0.0410967 None
0 0.479037 0.859378 0.0355347 0.0216319 None
0 0.938881 0.728165 0.00676403 0.021401 None
0 0.78318 0.785465 0.00871754 0.0310371 None
0 0.717862 0.830253 0.0135149 0.0316147 None
0 0.856543 0.831027 0.0140835 0.033726 None
0 0.115156 0.98109 0.0312261 0.0229523 None
0 0.794714 0.775851 0.0121666 0.0503942 None
0 0.0220272 0.938553 0.0440544 0.02825 None
0 0.797335 0.775603 0.00729866 0.0483443 None
0 0.275701 0.730384 0.0060482 0.0169352 None
0 0.197939 0.916097 0.0451328 0.0318841 None
0 0.287812 0.72374 0.00787196 0.0180484 None
0 0.0636445 0.74159 0.00797012 0.0276995 None
0 0.894107 0.975413 0.067272 0.0467896 None
0 0.792719 0.776286 0.00829468 0.0483944 None
0 0.907222 0.972533 0.0432592 0.0420937 None
0 0.354515 0.989284 0.0154186 0.0214316 None
0 0.316386 0.713731 0.00595684 0.0181464 None
0 0.432956 0.914287 0.0264763 0.0378557 None
0 0.97218 0.7633 0.0131012 0.0249871 None
0 0.713727 0.830399 0.0225002 0.0324636 None
0 0.11968 0.982544 0.040305 0.0260863 None
0 0.852729 0.831807 0.0220158 0.0363407 None
0 0.974421 0.763702 0.0188663 0.0254747 None
0 0.678032 0.816014 0.0194398 0.0173699 None
0 0.0559627 0.74106 0.00948924 0.00940162 None
0 0.996224 0.807621 0.00714989 0.0277052 None
0 0.884355 0.979386 0.0479488 0.0389611 None
0 0.00578189 0.975939 0.0115082 0.0258655 None
0 0.523136 0.735169 0.0100182 0.0103573 None
0 0.391221 0.816642 0.0173456 0.0536424 None
0 0.440732 0.91922 0.010433 0.0248488 None
0 0.0981734 0.994065 0.0520621 0.00852966 None
0 0.00247031 0.976359 0.00489555 0.0242959 None
0 0.135016 0.737895 0.00430646 0.00906389 None
0 0.274721 0.730478 0.00780468 0.0184818 None
0 0.576478 0.875772 0.032043 0.0138648 None
0 0.0614773 0.742706 0.0142275 0.0241299 None
0 0.146278 0.737273 0.00665715 0.0087126 None
0 0.141348 0.738092 0.0170979 0.00997755 None
0 0.106883 0.983883 0.0657343 0.0276713 None
0 0.921979 0.972493 0.0268116 0.0424293 None
0 0.417561 0.778458 0.00882816 0.0168567 None
0 0.00558902 0.749128 0.0109941 0.0184587 None
0 0.540526 0.84819 0.00739183 0.0297507 None
0 0.983317 0.668028 0.0060566 0.0207617 None
0 0.429351 0.918136 0.0204222 0.0304738 None
0 0.672937 0.817223 0.0100765 0.0156084 None
0 0.184269 0.734126 0.0129192 0.00880076 None
0 0.958134 0.850218 0.0134104 0.0392948 None
0 0.97277 0.67211 0.00641346 0.0157494 None
0 0.771186 0.812633 0.0150169 0.0155972 None
0 0.953969 0.661521 0.00605469 0.0105689 None
0 0.916313 0.970005 0.0138988 0.038896 None
0 0.879571 0.683746 0.00656014 0.0167704 None
0 0.976161 0.771647 0.0156664 0.0099862 None
0 0.773414 0.812129 0.00974369 0.0160712 None
0 0.681741 0.797287 0.0136055 0.0462046 None
0 0.955377 0.668766 0.0103302 0.0249856 None
0 0.980336 0.657469 0.00720482 0.0290646 None
0 0.8819 0.983822 0.0427876 0.0307036 None
0 0.767158 0.813125 0.00790367 0.0147259 None
0 0.0607208 0.742146 0.0182263 0.0287771 None
0 0.904213 0.976997 0.0369747 0.0317505 None
0 0.852756 0.848739 0.0248344 0.00882636 None
0 0.153442 0.983754 0.0178089 0.0123272 None
0 0.387912 0.803028 0.0127151 0.0279614 None
0 0.34959 0.989329 0.0261425 0.0212663 None
0 0.899139 0.682445 0.00571995 0.0144975 None
0 0.775372 0.812551 0.0159831 0.016882 None
0 0.990534 0.770539 0.0184586 0.00781284 None
0 0.0611484 0.746021 0.0205611 0.0197981 None
0 0.489553 0.860662 0.0249408 0.0168655 None
0 0.779328 0.815469 0.00799694 0.01079 None
0 0.935764 0.86686 0.0110615 0.0148434 None
0 0.968656 0.763601 0.0222641 0.0269236 None
0 0.874221 0.985235 0.027211 0.027045 None
0 0.860907 0.833569 0.0352987 0.0392442 None
0 0.00912648 0.976329 0.0179904 0.0277568 None
0 0.273939 0.735918 0.009093 0.00940653 None
0 0.184249 0.734722 0.0133024 0.00980208 None
0 0.0029878 0.973887 0.00592561 0.0299991 None
0 0.854925 0.835916 0.0490654 0.0370968 None
0 0.302582 0.717509 0.0103623 0.00829603 None
0 0.952887 0.860064 0.0195255 0.0230916 None
0 0.681727 0.816071 0.0231506 0.0174795 None
0 0.99024 0.768638 0.0190517 0.0101759 None
0 0.374024 0.757461 0.012515 0.00856815 None
0 0.488644 0.858276 0.0205798 0.0203539 None
0 0.410141 0.932775 0.0296135 0.00719096 None
0 0.426745 0.924928 0.019404 0.0170593 None
0 0.593047 0.908958 0.0619435 0.0212151 None
0 0.73739 0.788488 0.01067 0.0487142 None
0 0.971598 0.862276 0.0329781 0.0117279 None
0 0.852876 0.84243 0.0259621 0.0203464 None
0 0.420974 0.916431 0.0506789 0.039043 None
0 0.965659 0.862815 0.0432316 0.0126946 None
