0 0.453108 0.833814 0.0121187 0.0679014 29021
0 0.830725 0.834503 0.0174313 0.0340956 29022
0 0.706079 0.790827 0.009618 0.0474321 29023
0 0.4646 0.837598 0.0135641 0.0639988 29024
0 0.795264 0.775578 0.0114831 0.0487162 29025
0 0.807957 0.774475 0.00872974 0.0437883 29026
0 0.882759 0.759169 0.00993328 0.0507996 29027
0 0.694499 0.793387 0.00938892 0.0456384 29028
0 0.718615 0.829786 0.0145761 0.0324248 29029
0 0.754664 0.782301 0.00850296 0.0489361 29030
0 0.743698 0.785247 0.00869942 0.0481717 29031
0 0.842543 0.766257 0.00781612 0.0441867 29032
0 0.85616 0.830406 0.0162037 0.033129 29033
0 0.892629 0.976158 0.0616865 0.0453908 29034
0 0.966718 0.739317 0.00697765 0.035792 29035
0 0.8494 0.76233 0.0084465 0.0471039 29036
0 0.276592 0.728272 0.00691757 0.0177714 29037
0 0.435071 0.913665 0.0208601 0.0374566 29038
0 0.336882 0.755638 0.00917702 0.0201409 29039
0 0.460251 0.781718 0.00833378 0.0237695 29040
0 0.0712749 0.74226 0.00672388 0.0273861 29041
0 0.00784179 0.74854 0.00980136 0.0173391 29042
0 0.198188 0.91544 0.0456387 0.0316318 29043
0 0.532153 0.815334 0.0102365 0.0412716 29044
0 0.953538 0.849234 0.0219261 0.0409088 29045
0 0.957177 0.847939 0.0151558 0.0379734 29046
0 0.119121 0.983492 0.0379754 0.0245338 29047
0 0.0222135 0.93845 0.0442539 0.0289347 29048
0 0.903442 0.972986 0.0389751 0.039133 29049
0 0.319604 0.711993 0.00577412 0.0199992 29050
0 0.955232 0.745285 0.00898743 0.0379551 29051
0 0.354378 0.989369 0.0154595 0.0212043 29052
0 0.972258 0.762495 0.013681 0.0277144 29053
0 0.770743 0.697008 0.00629025 0.0166217 29054
0 0.931479 0.72805 0.00629578 0.0224969 29055
0 0.753036 0.78328 0.0110687 0.0496919 29056
0 0.00586989 0.975547 0.0116723 0.0259894 29057
0 0.531119 0.740134 0.0103611 0.00898658 29058
0 0.854047 0.831537 0.0213051 0.0362016 29059
0 0.103197 0.993905 0.0614829 0.00842048 29060
0 0.0519451 0.751578 0.00514538 0.00667809 29061
0 0.897626 0.67916 0.00658073 0.0212485 29062
0 0.675284 0.815336 0.0155735 0.0207272 29063
0 0.883797 0.985308 0.0446575 0.0274611 29064
0 0.308044 0.729368 0.00578156 0.00818787 29065
0 0.949679 0.858635 0.0140551 0.0232734 29066
0 0.00967791 0.757444 0.0157993 0.0117588 29067
0 0.788167 0.697613 0.00605793 0.0188646 29068
0 0.825711 0.778926 0.00604839 0.0293864 29069
0 0.106729 0.984617 0.0627284 0.0256548 29070
0 0.714792 0.830375 0.0226894 0.0328291 29071
0 0.441018 0.772683 0.00792685 0.0183679 29072
0 0.113529 0.982049 0.0273493 0.0236749 29073
0 0.142559 0.739488 0.00747533 0.00796475 29074
0 0.00584426 0.94925 0.0116396 0.0807641 29075
0 0.15546 0.739659 0.00624452 0.00814412 29076
0 0.879485 0.673299 0.00527744 0.00962397 29077
0 0.577479 0.875723 0.0330682 0.0140418 29078
0 0.144556 0.740098 0.0176637 0.00940043 29079
0 0.192149 0.734033 0.0102346 0.00904677 29080
0 0.863872 0.833128 0.032556 0.0384815 29081
0 0.919916 0.680715 0.00868454 0.0136993 29082
0 0.577427 0.875452 0.0324142 0.013677 29083
0 0.995889 0.813903 0.00782108 0.0145959 29084
0 0.972654 0.673114 0.0050581 0.0176326 29085
0 0.318471 0.712969 0.00782304 0.0175625 29086
0 0.954189 0.759737 0.00876007 0.0219547 29087
0 0.983767 0.67925 0.00683155 0.0153636 29088
0 0.00942557 0.975889 0.0188078 0.0273795 29089
0 0.884524 0.979615 0.0459694 0.0388894 29090
0 0.824547 0.778345 0.00597134 0.030068 29091
0 0.872728 0.84569 0.0141937 0.0144472 29092
0 0.188651 0.736779 0.0170886 0.00777215 29093
0 0.859741 0.837049 0.0401018 0.0333391 29094
0 0.770624 0.812703 0.0132674 0.0150577 29095
0 0.441824 0.773646 0.0100008 0.0209769 29096
0 0.879729 0.680179 0.00706177 0.0191204 29097
0 0.948102 0.850637 0.0315548 0.0448395 29098
0 0.309457 0.730036 0.0105617 0.00867683 29099
0 0.00608056 0.964983 0.0120843 0.0478173 29100
0 0.131732 0.983967 0.0638408 0.0214094 29101
0 0.443975 0.774174 0.0140013 0.0211929 29102
0 0.946235 0.85938 0.0301018 0.0282182 29103
0 0.305932 0.729725 0.012358 0.00819007 29104
0 0.319431 0.715876 0.00645919 0.0277415 29105
0 0.773136 0.812268 0.00789022 0.0149667 29106
0 0.937474 0.866964 0.0141325 0.0151371 29107
0 0.975733 0.762579 0.0210386 0.027871 29108
0 0.310765 0.728962 0.0224531 0.0079383 29109
0 0.983122 0.661621 0.00640469 0.0174546 29110
0 0.00190238 0.918272 0.00373326 0.0172619 29111
0 0.00279209 0.949064 0.00553681 0.0790873 29112
0 0.860095 0.795533 0.00686588 0.0118846 29113
0 0.535103 0.740821 0.0186135 0.0100691 29114
0 0.779691 0.816027 0.00800076 0.0101864 29115
0 0.191884 0.734643 0.0117415 0.0103628 29116
0 0.944013 0.866172 0.0261257 0.0165768 29117
0 0.860822 0.845925 0.0384243 0.0157182 29118
0 0.461429 0.837268 0.00924616 0.0600515 29119
0 0.0730036 0.743058 0.011392 0.0263558 29120
0 0.125554 0.985831 0.0279324 0.0213103 29121
0 0.853144 0.845311 0.0261307 0.0145852 29122
0 0.968091 0.739667 0.00952377 0.0372938 29123
0 0.540545 0.847394 0.00617332 0.0253425 29124
0 0.966003 0.669021 0.00441208 0.00933261 29125
0 0.774172 0.812905 0.0191565 0.016668 29126
0 0.984457 0.678546 0.00894203 0.0188917 29127
0 0.706123 0.83133 0.039106 0.0324972 29128
0 0.87767 0.713919 0.0199863 0.0120611 29129
0 0.851825 0.841449 0.0226212 0.0191328 29130
0 0.540034 0.849401 0.00782108 0.0267639 29131
0 0.35 0.989379 0.0253854 0.0211448 29132
0 0.44476 0.780608 0.0132273 0.00947791 29133
0 0.0739854 0.739316 0.00930312 0.0143458 29134
0 0.936802 0.866625 0.0122965 0.0150636 29135
