0 0.452257 0.834417 0.0120714 0.064859 76180
0 0.830824 0.834803 0.0176207 0.0330473 76181
0 0.744503 0.783206 0.00823498 0.0480932 76182
0 0.495926 0.825079 0.0134068 0.0538776 76183
0 0.842068 0.766921 0.00875359 0.0454464 76184
0 0.64621 0.800352 0.0114565 0.0547134 76185
0 0.953555 0.850786 0.0219099 0.0408159 76186
0 0.796344 0.776281 0.00843925 0.0470812 76187
0 0.561813 0.818546 0.0117744 0.0514345 76188
0 0.939406 0.728018 0.00762024 0.0209791 76189
0 0.718461 0.829809 0.0144159 0.0322851 76190
0 0.114589 0.982375 0.0334805 0.0277398 76191
0 0.0163082 0.749886 0.0103214 0.0178823 76192
0 0.272682 0.724999 0.00534315 0.0183387 76193
0 0.680784 0.790683 0.00986118 0.047722 76194
0 0.0221061 0.937909 0.0442122 0.0281104 76195
0 0.703005 0.791802 0.00910893 0.0435406 76196
0 0.3151 0.71207 0.00594225 0.021884 76197
0 0.0659005 0.732213 0.00631765 0.0191503 76198
0 0.689771 0.795438 0.00904694 0.0451111 76199
0 0.890722 0.975729 0.0591528 0.0470454 76200
0 0.85459 0.829733 0.0172768 0.0341322 76201
0 0.29159 0.723784 0.00939665 0.0160811 76202
0 0.354997 0.989114 0.0151182 0.0217721 76203
0 0.709196 0.789563 0.00892963 0.0466987 76204
0 0.97618 0.742694 0.00851269 0.0340958 76205
0 0.00562785 0.979564 0.0111918 0.017641 76206
0 0.433971 0.914326 0.0241407 0.0370141 76207
0 0.902824 0.972323 0.035482 0.0405716 76208
0 0.846482 0.699132 0.00606918 0.0190264 76209
0 0.821437 0.698142 0.00496597 0.0168187 76210
0 0.107181 0.982787 0.0490612 0.028952 76211
0 0.0954524 0.994175 0.0463817 0.00799934 76212
0 0.198378 0.915657 0.0453081 0.0317844 76213
0 0.475715 0.858285 0.0189669 0.0216393 76214
0 0.883293 0.984684 0.0445318 0.0292845 76215
0 0.910865 0.973417 0.0490784 0.04257 76216
0 0.715714 0.829965 0.0201982 0.0329681 76217
0 0.972818 0.76311 0.0192421 0.0276818 76218
0 0.67553 0.814427 0.0174431 0.0221391 76219
0 0.699046 0.793965 0.00664501 0.0429888 76220
0 0.160524 0.728489 0.00716543 0.00876973 76221
0 0.433844 0.760358 0.00531473 0.0111545 76222
0 0.698068 0.80363 0.00520744 0.0238446 76223
0 0.974036 0.768292 0.0188034 0.0173547 76224
0 0.758725 0.784148 0.0266415 0.0179123 76225
0 0.440801 0.919052 0.01035 0.0243852 76226
0 0.491389 0.729434 0.00809698 0.0121704 76227
0 0.97304 0.671711 0.00502586 0.0169422 76228
0 0.700258 0.792567 0.00903492 0.0447177 76229
0 0.369002 0.77392 0.0116488 0.0148183 76230
0 0.577197 0.875266 0.0333082 0.0132979 76231
0 0.391489 0.832129 0.0186524 0.0874169 76232
0 0.920559 0.973164 0.0304195 0.0424625 76233
0 0.973473 0.750141 0.0191839 0.0524017 76234
0 0.996288 0.810415 0.00701447 0.0213698 76235
0 0.927181 0.682127 0.0043211 0.0130491 76236
0 0.674855 0.816552 0.0148453 0.0172473 76237
0 0.577435 0.875715 0.0331961 0.0132914 76238
0 0.996405 0.815023 0.00677414 0.0118715 76239
0 0.41791 0.759582 0.00536366 0.0132202 76240
0 0.974403 0.771628 0.0182833 0.0106023 76241
0 0.134488 0.741724 0.00687416 0.00833605 76242
0 0.0681646 0.73723 0.0113655 0.0294598 76243
0 0.852492 0.849 0.0259565 0.00935126 76244
0 0.365705 0.77385 0.0180194 0.0147607 76245
0 0.896684 0.682459 0.004072 0.0217875 76246
0 0.773047 0.812866 0.0206031 0.0169483 76247
0 0.119957 0.983665 0.040584 0.0254266 76248
0 0.428014 0.914603 0.0271305 0.0372072 76249
0 0.139271 0.7417 0.0167837 0.0124064 76250
0 0.673437 0.816936 0.0179988 0.0209656 76251
0 0.965151 0.659838 0.00601902 0.017947 76252
0 0.826667 0.812832 0.0226883 0.0124478 76253
0 0.492994 0.729742 0.0135194 0.013589 76254
0 0.675367 0.817682 0.0216162 0.0263445 76255
0 0.427178 0.760292 0.0251097 0.0146461 76256
0 0.95879 0.851111 0.01189 0.0357069 76257
0 0.00457332 0.75203 0.00905121 0.00974969 76258
0 0.947247 0.852943 0.0344128 0.0438456 76259
0 0.935938 0.867129 0.0118155 0.0150791 76260
0 0.00936517 0.979822 0.0185845 0.019301 76261
0 0.0657211 0.731809 0.00824263 0.0215237 76262
0 0.797965 0.775976 0.0121008 0.0481934 76263
0 0.98382 0.662916 0.00398788 0.00798696 76264
0 0.871904 0.845345 0.0135715 0.0156303 76265
0 0.914386 0.97016 0.00963326 0.0366616 76266
0 0.964961 0.680671 0.00557709 0.0151652 76267
0 0.672229 0.820493 0.0151922 0.0227753 76268
0 0.161475 0.728744 0.0127115 0.00993771 76269
0 0.587529 0.913288 0.0423816 0.0121014 76270
0 0.541328 0.848826 0.00673542 0.0264818 76271
0 0.57734 0.879111 0.0334282 0.0128611 76272
0 0.836388 0.835375 0.0290541 0.0339466 76273
0 0.952828 0.862565 0.0188334 0.0189762 76274
0 0.479416 0.857677 0.0196362 0.0200655 76275
0 0.157982 0.728534 0.0160873 0.00953369 76276
0 0.694316 0.801266 0.011274 0.0335473 76277
0 0.427265 0.921031 0.0253483 0.0253584 76278
