0 0.45308 0.834013 0.0124893 0.0674818 None
0 0.478869 0.827114 0.01618 0.0597931 None
0 0.953613 0.848814 0.0221989 0.0429203 None
0 0.698194 0.7954 0.00879688 0.0447534 None
0 0.262725 0.867131 0.0123616 0.0534417 None
0 0.991258 0.736486 0.00927563 0.04951 None
0 0.526327 0.778263 0.00827971 0.0264374 None
0 0.84353 0.763145 0.00718498 0.0422234 None
0 0.874442 0.757673 0.00835381 0.0388992 None
0 0.851395 0.766477 0.010313 0.0453696 None
0 0.796576 0.776001 0.00792217 0.0488186 None
0 0.422168 0.909704 0.0195857 0.0498728 None
0 0.959449 0.744674 0.00869827 0.0468757 None
0 0.685045 0.796051 0.00954418 0.0435357 None
0 0.789922 0.77459 0.00860376 0.0453047 None
0 0.513257 0.781117 0.00850315 0.0228682 None
0 0.775408 0.777281 0.00670433 0.0494853 None
0 0.943506 0.74086 0.00866928 0.0302945 None
0 0.830783 0.83454 0.0161598 0.0321111 None
0 0.83004 0.770086 0.00902138 0.0368405 None
0 0.804301 0.76966 0.00676956 0.0303962 None
0 0.717197 0.830823 0.0120935 0.0314046 None
0 0.00912702 0.74357 0.00691481 0.0182702 None
0 0.902157 0.750659 0.00921192 0.042993 None
0 0.11504 0.983725 0.0303643 0.0218387 None
0 0.47636 0.796714 0.0100796 0.0282388 None
0 0.929367 0.731292 0.00914841 0.0287896 None
0 0.783079 0.695354 0.00609903 0.0132172 None
0 0.917225 0.972719 0.0182175 0.0395961 None
0 0.995678 0.811133 0.00823402 0.0224111 None
0 0.853848 0.829356 0.0217791 0.0378928 None
0 0.76542 0.695974 0.00672531 0.0146932 None
0 0.290819 0.750865 0.00673113 0.0162079 None
0 0.883521 0.980028 0.0453604 0.0383933 None
0 0.00790861 0.744401 0.00996874 0.0206919 None
0 0.67795 0.81558 0.0205021 0.0184892 None
0 0.714256 0.831284 0.0210977 0.0317249 None
0 0.354629 0.989175 0.0148753 0.0216498 None
0 0.974488 0.667304 0.00835743 0.0380168 None
0 0.371963 0.738283 0.0100002 0.0115106 None
0 0.849298 0.763973 0.0141554 0.044183 None
0 0.857056 0.828734 0.0150314 0.0359621 None
0 0.475682 0.803737 0.0114403 0.04302 None
0 0.30124 0.739322 0.00814037 0.0133833 None
0 0.391581 0.816729 0.0168309 0.0541868 None
0 0.906631 0.973185 0.0407143 0.0408722 None
0 0.894667 0.976077 0.067189 0.0449683 None
0 0.331479 0.709348 0.00659213 0.0149794 None
0 0.921517 0.973834 0.0268745 0.0419488 None
0 0.103177 0.985251 0.0546961 0.0242009 None
0 0.422307 0.900425 0.0176003 0.0312595 None
0 0.0987475 0.993904 0.0540033 0.00872464 None
0 0.577036 0.875318 0.0339075 0.0155128 None
0 0.799069 0.776102 0.0132562 0.047698 None
0 0.110457 0.98156 0.0216643 0.0235341 None
0 0.769958 0.812737 0.0157974 0.0160597 None
0 0.11976 0.985028 0.039949 0.0221856 None
0 0.984358 0.708728 0.0308655 0.0124307 None
0 0.958968 0.848171 0.0119408 0.0387929 None
0 0.707328 0.832035 0.0353817 0.0325519 None
0 0.975051 0.770028 0.0198954 0.0134291 None
0 0.956024 0.739072 0.00666561 0.0276842 None
0 0.994581 0.661197 0.00404072 0.0125235 None
0 0.976731 0.655652 0.00579376 0.0234812 None
0 0.540503 0.850364 0.00729065 0.032948 None
0 0.514539 0.780915 0.0118036 0.023926 None
0 0.772769 0.812912 0.0203021 0.0174949 None
0 0.778179 0.776781 0.0125183 0.0496121 None
0 0.00552708 0.982431 0.0109874 0.0120602 None
0 0.956456 0.742492 0.00760498 0.0375219 None
0 0.68174 0.798447 0.0168047 0.0487479 None
0 0.289768 0.752121 0.0116092 0.0159814 None
0 0.37401 0.738207 0.0147038 0.0121331 None
0 0.118381 0.738531 0.00994332 0.0113037 None
0 0.974868 0.763066 0.0178631 0.0263892 None
0 0.877434 0.984963 0.0330221 0.0289419 None
0 0.995524 0.660635 0.00511131 0.0117069 None
0 0.909563 0.975836 0.0543175 0.0446509 None
0 0.200887 0.728215 0.011003 0.0108246 None
0 0.972972 0.752711 0.00549164 0.00679457 None
0 0.693847 0.841637 0.0331667 0.0147124 None
0 0.957359 0.739763 0.0096344 0.0333944 None
0 0.679504 0.80051 0.0240544 0.0489707 None
0 0.425268 0.909218 0.0269071 0.0518833 None
0 0.977993 0.664279 0.0118998 0.0414612 None
0 0.83294 0.834388 0.0219936 0.0341105 None
0 0.509617 0.781738 0.0190855 0.0254998 None
0 0.947316 0.851217 0.0344919 0.0457638 None
0 0.77928 0.81625 0.00793591 0.0102419 None
