0 0.427208 0.836393 0.0152184 0.0616052 90140
0 0.451496 0.83423 0.0140059 0.0662825 90141
0 0.375044 0.898762 0.0226652 0.0835721 90142
0 0.567538 0.812384 0.0105224 0.0549303 90143
0 0.796216 0.775796 0.00881615 0.0487664 90144
0 0.554939 0.819152 0.0107718 0.0512397 90145
0 0.843211 0.767713 0.00808716 0.0475121 90146
0 0.830877 0.834902 0.0179127 0.0336039 90147
0 0.607755 0.806855 0.0139024 0.0574507 90148
0 0.722487 0.786615 0.011441 0.0488669 90149
0 0.718084 0.829963 0.0138946 0.0316274 90150
0 0.114638 0.983763 0.0323548 0.0264404 90151
0 0.66246 0.800559 0.00892296 0.0434279 90152
0 0.47608 0.85634 0.0205925 0.0264787 90153
0 0.198293 0.915547 0.0450567 0.0320538 90154
0 0.942066 0.74685 0.00848083 0.0399082 90155
0 0.954615 0.850116 0.0210035 0.0394362 90156
0 0.894029 0.975446 0.0631054 0.0450494 90157
0 0.0225174 0.93856 0.0450347 0.0299447 90158
0 0.93482 0.728326 0.00739689 0.0249203 90159
0 0.703588 0.791781 0.00793991 0.0462782 90160
0 0.354991 0.989354 0.013693 0.0212913 90161
0 0.974707 0.762276 0.0183802 0.0274221 90162
0 0.85562 0.830684 0.0161545 0.0331526 90163
0 0.688244 0.794513 0.0110285 0.0456845 90164
0 0.701675 0.791268 0.0107037 0.0483683 90165
0 0.905501 0.973179 0.04147 0.0397098 90166
0 0.0113937 0.751917 0.00816761 0.0162652 90167
0 0.458692 0.762698 0.00430975 0.0105849 90168
0 0.0946938 0.994313 0.0452586 0.00821974 90169
0 0.00762084 0.97689 0.0151807 0.0245465 90170
0 0.699375 0.791266 0.0079195 0.0478472 90171
0 0.391213 0.832349 0.0182735 0.0850338 90172
0 0.0151754 0.759874 0.022542 0.00733626 90173
0 0.055186 0.744223 0.00588613 0.0167289 90174
0 0.950484 0.858711 0.0157013 0.0236448 90175
0 0.852871 0.831361 0.0225317 0.0347829 90176
0 0.973381 0.761902 0.0122623 0.0270949 90177
0 0.577546 0.875687 0.0321769 0.0145033 90178
0 0.852844 0.848819 0.0258589 0.00910136 90179
0 0.00522233 0.977004 0.0103716 0.0234153 90180
0 0.883484 0.984684 0.0448395 0.0282654 90181
0 0.952088 0.858459 0.0211872 0.0255547 90182
0 0.352771 0.772432 0.00625973 0.0115434 90183
0 0.610081 0.794614 0.00897474 0.0338876 90184
0 0.448044 0.762584 0.00628271 0.0168486 90185
0 0.995961 0.810442 0.00767403 0.0229011 90186
0 0.67963 0.797217 0.005443 0.0186439 90187
0 0.714513 0.830326 0.0215963 0.0324693 90188
0 0.729619 0.79079 0.0157175 0.00991313 90189
0 0.848258 0.697465 0.0044569 0.013661 90190
0 0.0721568 0.750214 0.00549059 0.0105028 90191
0 0.484395 0.856099 0.0372341 0.0271859 90192
0 0.679033 0.804684 0.0074235 0.0338847 90193
0 0.686822 0.792523 0.00930347 0.0442596 90194
0 0.679929 0.801602 0.00606251 0.030663 90195
0 0.996115 0.815328 0.00736237 0.0131694 90196
0 0.0672466 0.749839 0.0150568 0.0116831 90197
0 0.852289 0.84563 0.0235445 0.0120338 90198
0 0.855703 0.698174 0.00650978 0.0181659 90199
0 0.611076 0.803715 0.00799999 0.0525689 90200
0 0.57736 0.87534 0.0318253 0.0141647 90201
0 0.284222 0.73061 0.0144183 0.0153505 90202
0 0.886449 0.977408 0.0490337 0.0387221 90203
0 0.588249 0.913544 0.0543795 0.0122208 90204
0 0.01368 0.753855 0.0209731 0.0170417 90205
0 0.855908 0.701344 0.00601025 0.0246387 90206
0 0.907168 0.672438 0.00615768 0.0127268 90207
0 0.676799 0.812959 0.0123987 0.0224728 90208
0 0.675314 0.808347 0.0144755 0.0313561 90209
0 0.591148 0.914599 0.0452175 0.00954759 90210
0 0.495566 0.721036 0.00992775 0.0139932 90211
0 0.153346 0.983563 0.0176198 0.0124281 90212
0 0.28018 0.73056 0.00735469 0.0168894 90213
0 0.972918 0.65234 0.00383282 0.00984472 90214
0 0.722836 0.785975 0.0125529 0.0421577 90215
0 0.956843 0.87019 0.0276836 0.00802782 90216
0 0.0564806 0.744174 0.00767981 0.0168654 90217
0 0.957973 0.867097 0.0387905 0.0120907 90218
0 0.325355 0.720486 0.0162469 0.0139618 90219
0 0.958649 0.850269 0.0158077 0.0383365 90220
0 0.953137 0.869839 0.0354122 0.00911526 90221
0 0.0519467 0.744977 0.0128935 0.0182 90222
0 0.352858 0.772833 0.00841484 0.012262 90223
0 0.675131 0.815064 0.0142035 0.0192508 90224
0 0.170211 0.735576 0.0165265 0.0116396 90225
0 0.996015 0.804825 0.00753155 0.0339006 90226
0 0.932859 0.670965 0.00453987 0.00997026 90227
0 0.102892 0.984744 0.0612258 0.0262875 90228
0 0.315482 0.767654 0.0179393 0.0122993 90229
0 0.935073 0.865578 0.0139702 0.0154785 90230
0 0.540705 0.849872 0.00675697 0.0266944 90231
0 0.941621 0.747347 0.0111786 0.0452352 90232
0 0.589141 0.908947 0.0569939 0.0211192 90233
0 0.939131 0.743812 0.0135628 0.0462168 90234
0 0.710504 0.831395 0.0288626 0.0329454 90235
0 0.841821 0.835508 0.040424 0.0343146 90236
0 0.00782549 0.753664 0.0105269 0.0149089 90237
0 0.917883 0.972635 0.017487 0.0386766 90238
0 0.0145768 0.75733 0.0250692 0.012166 90239
0 0.0545755 0.747344 0.00787149 0.019614 90240
0 0.967554 0.863281 0.037715 0.0109792 90241
0 0.132582 0.7467 0.0211393 0.0115163 90242
0 0.497214 0.721418 0.0141247 0.0147352 90243
0 0.697823 0.841113 0.0243099 0.0135717 90244
0 0.31367 0.76658 0.0145233 0.0128433 90245
0 0.728379 0.788822 0.018132 0.0132209 90246
0 0.326865 0.721802 0.0208188 0.0163683 90247
0 0.936327 0.739186 0.0105185 0.0471876 90248
0 0.706408 0.842877 0.0146969 0.00897793 90249
0 0.974284 0.863219 0.0250643 0.00926056 90250
0 0.588778 0.906933 0.0575457 0.0244419 90251
0 0.805765 0.817696 0.0608789 0.0118971 90252
0 0.285 0.728207 0.0164678 0.017691 90253
