0 0.452314 0.833603 0.0128719 0.0678338 48100
0 0.81254 0.771545 0.0105373 0.051965 48101
0 0.843586 0.765984 0.00725632 0.0477095 48102
0 0.565114 0.813491 0.0116508 0.0510069 48103
0 0.830648 0.834949 0.0175148 0.0328769 48104
0 0.770735 0.779998 0.00848208 0.0422543 48105
0 0.795696 0.775035 0.0108714 0.0507528 48106
0 0.754028 0.78174 0.00743294 0.0485569 48107
0 0.953521 0.849922 0.0222343 0.0421634 48108
0 0.702755 0.793045 0.00979815 0.0455265 48109
0 0.785121 0.784812 0.00586987 0.0308912 48110
0 0.685156 0.796701 0.0102652 0.0456872 48111
0 0.736548 0.786954 0.0080164 0.0440816 48112
0 0.693894 0.794886 0.00911274 0.0414768 48113
0 0.717899 0.830241 0.0137015 0.0316386 48114
0 0.938823 0.728123 0.00680656 0.0215134 48115
0 0.85635 0.830606 0.0139807 0.0333082 48116
0 0.0220622 0.938637 0.0441244 0.0281684 48117
0 0.115129 0.981138 0.0312419 0.0230881 48118
0 0.479098 0.858779 0.0350906 0.0207536 48119
0 0.27574 0.730057 0.00588493 0.0172267 48120
0 0.853939 0.831533 0.0201027 0.0344045 48121
0 0.907001 0.972411 0.0433455 0.0418265 48122
0 0.064216 0.742333 0.00769081 0.026977 48123
0 0.287983 0.724455 0.00842381 0.0171994 48124
0 0.972083 0.76345 0.0133427 0.0250003 48125
0 0.00679499 0.748688 0.00704589 0.0183058 48126
0 0.893914 0.975644 0.067096 0.0467202 48127
0 0.354528 0.989283 0.0153745 0.0214336 48128
0 0.432942 0.914309 0.0264507 0.0378379 48129
0 0.713876 0.830361 0.0223738 0.0324687 48130
0 0.974487 0.763798 0.0189037 0.025479 48131
0 0.391136 0.817284 0.0173 0.0538139 48132
0 0.119624 0.982572 0.0402545 0.0261142 48133
0 0.316587 0.71388 0.00587239 0.0191267 48134
0 0.183876 0.734037 0.0103563 0.00963881 48135
0 0.675895 0.816263 0.0154358 0.017462 48136
0 0.996219 0.807645 0.00715923 0.0276835 48137
0 0.540599 0.849913 0.00697956 0.0259745 48138
0 0.884437 0.979457 0.048242 0.0392456 48139
0 0.00579101 0.976023 0.0115254 0.0257229 48140
0 0.686321 0.800457 0.0127693 0.0414403 48141
0 0.440719 0.91924 0.0104518 0.0248237 48142
0 0.0982545 0.994092 0.0521959 0.00854187 48143
0 0.00247083 0.976425 0.00489607 0.0241952 48144
0 0.146502 0.737691 0.00652385 0.00849186 48145
0 0.576582 0.875778 0.032245 0.0138529 48146
0 0.13476 0.737986 0.00444999 0.00920953 48147
0 0.106773 0.983807 0.0649926 0.0278102 48148
0 0.979871 0.66592 0.00760231 0.0289486 48149
0 0.41793 0.778171 0.009132 0.0175266 48150
0 0.141005 0.738074 0.0182802 0.0101657 48151
0 0.98439 0.668376 0.00557938 0.0203003 48152
0 0.274651 0.730229 0.00791388 0.018841 48153
0 0.922005 0.972488 0.0268536 0.0424425 48154
0 0.00575194 0.749645 0.0099385 0.0194004 48155
0 0.429593 0.916937 0.0213155 0.0328978 48156
0 0.420895 0.7614 0.0217567 0.0101417 48157
0 0.0607613 0.741591 0.0136239 0.0122928 48158
0 0.0618863 0.743663 0.0157094 0.0261022 48159
0 0.957746 0.850162 0.0141634 0.0395701 48160
0 0.771334 0.812649 0.0161209 0.0156223 48161
0 0.525171 0.734689 0.0142444 0.0121182 48162
0 0.957814 0.673113 0.00597649 0.0194719 48163
0 0.48485 0.858759 0.023547 0.019566 48164
0 0.916323 0.969936 0.0139164 0.0387199 48165
0 0.427779 0.920503 0.0215786 0.0260235 48166
0 0.953873 0.661708 0.00469303 0.0103348 48167
0 0.975993 0.771845 0.0160347 0.00992839 48168
0 0.973026 0.671269 0.00522919 0.0159095 48169
0 0.882561 0.984771 0.0442657 0.0291217 48170
0 0.417171 0.779594 0.0124957 0.0186032 48171
0 0.00651007 0.756117 0.0129298 0.0130397 48172
0 0.678351 0.814392 0.0208727 0.0200134 48173
0 0.387973 0.803254 0.0127716 0.0275302 48174
0 0.426905 0.91515 0.0379309 0.0383396 48175
0 0.904274 0.976376 0.0371763 0.0319038 48176
0 0.767473 0.813036 0.00852585 0.014987 48177
0 0.0619697 0.758716 0.0203344 0.00841539 48178
0 0.523427 0.733611 0.0106825 0.0135142 48179
0 0.957487 0.675152 0.00700874 0.0239343 48180
0 0.935769 0.86684 0.0110912 0.0148544 48181
0 0.852727 0.848739 0.0247051 0.00884281 48182
0 0.55997 0.807147 0.00613327 0.0299035 48183
0 0.153446 0.983745 0.0178097 0.0123383 48184
0 0.779122 0.814954 0.00854435 0.0118222 48185
0 0.863071 0.832897 0.0306076 0.0385937 48186
0 0.783547 0.784478 0.00912828 0.0350179 48187
0 0.349572 0.989328 0.026165 0.0212545 48188
0 0.273854 0.735973 0.0092557 0.00855459 48189
0 0.00913161 0.976383 0.0180061 0.0276691 48190
0 0.855876 0.83587 0.0471352 0.0370555 48191
0 0.988717 0.770943 0.0221016 0.00834554 48192
0 0.693468 0.796359 0.0114498 0.0475662 48193
0 0.952957 0.859593 0.0197769 0.0241133 48194
0 0.00313833 0.973884 0.00622443 0.0300547 48195
0 0.373197 0.757519 0.0107398 0.00842692 48196
0 0.388483 0.802187 0.0131616 0.0252964 48197
0 0.683884 0.79765 0.0140288 0.049036 48198
0 0.299279 0.717555 0.0155019 0.00924225 48199
0 0.971556 0.862305 0.0330955 0.0117462 48200
0 0.0566272 0.740696 0.00974063 0.00867377 48201
0 0.968534 0.763996 0.0230293 0.027516 48202
0 0.965719 0.862829 0.0432066 0.0127041 48203
0 0.592744 0.906882 0.0620268 0.0245268 48204
