0 0.569298 0.816361 0.0115196 0.0477924 None
0 0.452661 0.834105 0.0133205 0.0663445 None
0 0.65792 0.7971 0.0135056 0.054195 None
0 0.690885 0.790374 0.0117968 0.0538283 None
0 0.796282 0.775292 0.00895968 0.0496338 None
0 0.746468 0.782712 0.00742703 0.0490741 None
0 0.504398 0.823309 0.0114487 0.0527571 None
0 0.83081 0.834823 0.0175655 0.0330075 None
0 0.953575 0.850797 0.0218121 0.0408198 None
0 0.715751 0.788281 0.00899067 0.0480194 None
0 0.842334 0.766645 0.00820198 0.0456519 None
0 0.718295 0.830081 0.0139578 0.0318073 None
0 0.708377 0.790848 0.00845022 0.0442566 None
0 0.983428 0.739056 0.00862579 0.0334318 None
0 0.114674 0.982513 0.0335677 0.0277686 None
0 0.939238 0.726573 0.0082283 0.0191004 None
0 0.0634687 0.736643 0.00723217 0.0232737 None
0 0.890373 0.975398 0.0581938 0.0466332 None
0 0.0126822 0.748677 0.0132984 0.0171266 None
0 0.701143 0.7915 0.00885181 0.0449483 None
0 0.475654 0.856816 0.0180304 0.0244929 None
0 0.433941 0.914384 0.0244869 0.0363315 None
0 0.972773 0.76253 0.0142303 0.0268816 None
0 0.854693 0.82974 0.0170139 0.0340537 None
0 0.27136 0.723478 0.00764956 0.0152776 None
0 0.314336 0.714574 0.00697865 0.0186374 None
0 0.0221334 0.937947 0.0442667 0.0287242 None
0 0.290685 0.72021 0.00710926 0.0161518 None
0 0.902365 0.97235 0.0348806 0.0406957 None
0 0.00573525 0.979488 0.0113925 0.0178958 None
0 0.354971 0.98911 0.0151512 0.0217797 None
0 0.107529 0.982867 0.0479929 0.0287579 None
0 0.0950914 0.994229 0.0457374 0.00790609 None
0 0.844392 0.698106 0.00625114 0.0195089 None
0 0.414301 0.760635 0.00392685 0.010969 None
0 0.883185 0.984915 0.0440468 0.0286606 None
0 0.198163 0.915732 0.0456416 0.0315535 None
0 0.910727 0.973149 0.0501312 0.0422645 None
0 0.37192 0.773943 0.0107778 0.01244 None
0 0.715606 0.830467 0.0203191 0.0324232 None
0 0.0650482 0.738422 0.0106674 0.0268541 None
0 0.975623 0.771593 0.0160316 0.0094791 None
0 0.484264 0.856793 0.0358488 0.024516 None
0 0.929684 0.681077 0.00535927 0.0145121 None
0 0.441109 0.918792 0.00981484 0.0243395 None
0 0.982471 0.663911 0.00358257 0.0162633 None
0 0.896462 0.674333 0.0093771 0.0108619 None
0 0.973378 0.67259 0.00801048 0.0174735 None
0 0.678843 0.814899 0.0182731 0.0176364 None
0 0.529293 0.810119 0.0414322 0.0147468 None
0 0.577161 0.875107 0.0331944 0.0135329 None
0 0.425409 0.761678 0.0185343 0.0117691 None
0 0.996424 0.815418 0.00673256 0.0109061 None
0 0.996303 0.810377 0.00698586 0.0212423 None
0 0.852514 0.848987 0.025975 0.00928616 None
0 0.391234 0.813042 0.0166204 0.0468343 None
0 0.696531 0.791056 0.0148024 0.0492528 None
0 0.577419 0.875642 0.0331558 0.0133669 None
0 0.777806 0.771639 0.0295946 0.0119768 None
0 0.947073 0.67588 0.00573654 0.016244 None
0 0.391173 0.832722 0.0171047 0.0851305 None
0 0.495992 0.727664 0.00420151 0.0070872 None
0 0.82692 0.812375 0.02204 0.0126721 None
0 0.268511 0.727799 0.0153163 0.00802477 None
0 0.860716 0.691929 0.00464897 0.00725657 None
0 0.958388 0.850892 0.012661 0.0361064 None
0 0.425389 0.761071 0.026632 0.0133297 None
0 0.0656963 0.747925 0.0110811 0.0135546 None
0 0.532753 0.808055 0.0495644 0.0183672 None
0 0.48594 0.857032 0.0224361 0.0233071 None
0 0.416128 0.761938 0.00890427 0.0130927 None
0 0.0647339 0.748496 0.0164845 0.0144084 None
0 0.773843 0.813534 0.0223187 0.0181013 None
0 0.989987 0.671317 0.00459671 0.0132502 None
0 0.660311 0.803591 0.00986748 0.0364414 None
0 0.0700415 0.74868 0.0220393 0.0133236 None
0 0.369402 0.761052 0.0143723 0.00793593 None
0 0.427486 0.761275 0.030113 0.0130007 None
0 0.815526 0.700152 0.00727463 0.0224054 None
0 0.935914 0.867099 0.0116831 0.0150157 None
0 0.838132 0.835446 0.0326027 0.0340244 None
0 0.947235 0.85302 0.0342133 0.0434679 None
0 0.429282 0.914746 0.0196027 0.0362057 None
0 0.588007 0.913364 0.0412138 0.0114046 None
0 0.952646 0.862734 0.0186319 0.0187968 None
0 0.370401 0.772857 0.0146689 0.0141883 None
0 0.244825 0.869563 0.0654078 0.0290073 None
0 0.744742 0.782402 0.0107117 0.0495449 None
0 0.688124 0.793509 0.0085001 0.0458045 None
0 0.77056 0.812795 0.0151124 0.0166943 None
0 0.91845 0.973421 0.03563 0.0419264 None
