0 0.759696 0.781143 0.0124943 0.0502667 60992
0 0.797049 0.774761 0.00801849 0.0467999 60993
0 0.546489 0.815743 0.0119674 0.0519387 60994
0 0.953768 0.850029 0.0228493 0.0428745 60995
0 0.624716 0.809066 0.0112482 0.052022 60996
0 0.830519 0.834665 0.0175278 0.033374 60997
0 0.842717 0.766013 0.00805626 0.0455197 60998
0 0.452841 0.834084 0.0115143 0.0677165 60999
0 0.729438 0.785941 0.0103031 0.0504656 61000
0 0.69252 0.795568 0.0099308 0.0475026 61001
0 0.746029 0.783173 0.00757961 0.0478265 61002
0 0.4744 0.854816 0.0169597 0.0281952 61003
0 0.703198 0.791583 0.00928364 0.0472393 61004
0 0.890469 0.975646 0.0579685 0.0452233 61005
0 0.718127 0.830469 0.0150642 0.0317761 61006
0 0.736426 0.787603 0.00928383 0.0426844 61007
0 0.199042 0.916101 0.0482915 0.031595 61008
0 0.940618 0.729088 0.00664291 0.0201267 61009
0 0.00480926 0.751369 0.00885178 0.0184536 61010
0 0.432197 0.914963 0.0270448 0.0373691 61011
0 0.114703 0.981949 0.0314744 0.0278446 61012
0 0.273453 0.729415 0.00894046 0.0199632 61013
0 0.973968 0.76327 0.0193163 0.0262119 61014
0 0.0641725 0.75184 0.00877161 0.0118991 61015
0 0.854515 0.832065 0.0184078 0.0314694 61016
0 0.0221742 0.938955 0.0442495 0.0297568 61017
0 0.676278 0.815604 0.0160429 0.017197 61018
0 0.355283 0.989244 0.0133021 0.0215127 61019
0 0.293307 0.723959 0.00692034 0.0175771 61020
0 0.0574306 0.735858 0.00471289 0.0151627 61021
0 0.852156 0.832968 0.0255131 0.0333347 61022
0 0.714043 0.830918 0.0234063 0.0324253 61023
0 0.883432 0.985569 0.0432093 0.0265384 61024
0 0.852613 0.848998 0.0268059 0.00923089 61025
0 0.902697 0.973013 0.0346699 0.0398799 61026
0 0.316711 0.7182 0.00512638 0.0186354 61027
0 0.396347 0.776586 0.0054862 0.0152961 61028
0 0.107343 0.982727 0.0479491 0.0294434 61029
0 0.577203 0.874554 0.0326699 0.0161981 61030
0 0.996458 0.810758 0.00665932 0.0197971 61031
0 0.988775 0.677471 0.00584316 0.0227553 61032
0 0.109414 0.980788 0.0213678 0.0255364 61033
0 0.0721034 0.751479 0.00499009 0.00926548 61034
0 0.391193 0.81697 0.0172179 0.0563424 61035
0 0.13696 0.741787 0.0150541 0.0100503 61036
0 0.00549946 0.981374 0.010907 0.0138472 61037
0 0.0993987 0.994242 0.0549488 0.00890876 61038
0 0.897721 0.68175 0.00360241 0.0152452 61039
0 0.861851 0.834712 0.0346029 0.0370005 61040
0 0.959403 0.850147 0.0116608 0.0389618 61041
0 0.884935 0.979327 0.0463287 0.0374006 61042
0 0.00498658 0.757565 0.0098531 0.0105794 61043
0 0.975159 0.771249 0.0178528 0.0108702 61044
0 0.0659762 0.753948 0.0130413 0.0106215 61045
0 0.517441 0.731946 0.00570307 0.0080424 61046
0 0.707945 0.78633 0.00514851 0.0141256 61047
0 0.0584085 0.735069 0.0070874 0.0174966 61048
0 0.102242 0.984315 0.0601332 0.0275001 61049
0 0.166418 0.738849 0.0180779 0.0100445 61050
0 0.971615 0.754684 0.00774345 0.0103451 61051
0 0.969501 0.672666 0.00673599 0.0190275 61052
0 0.490846 0.865289 0.0232148 0.0075926 61053
0 0.884142 0.989093 0.0410242 0.0192817 61054
0 0.936014 0.866462 0.0114159 0.0146264 61055
0 0.0488511 0.741004 0.00855336 0.00852882 61056
0 0.540908 0.842222 0.00543137 0.0159241 61057
0 0.85171 0.843336 0.0259459 0.0181708 61058
0 0.774902 0.812655 0.0121855 0.0148254 61059
0 0.587829 0.913403 0.0514702 0.0115289 61060
0 0.911096 0.973637 0.0489845 0.0420295 61061
0 0.945845 0.675544 0.010088 0.0148118 61062
0 0.0053375 0.755902 0.0102184 0.0143287 61063
0 0.980716 0.762814 0.0341545 0.0267361 61064
0 0.395575 0.762612 0.00916514 0.0223006 61065
0 0.944217 0.865821 0.0277084 0.0159193 61066
0 0.577807 0.882638 0.0328387 0.00868056 61067
0 0.0681727 0.757834 0.0208925 0.00945689 61068
0 0.691556 0.796476 0.0201828 0.0507789 61069
0 0.860128 0.795286 0.00595646 0.012699 61070
0 0.516904 0.73157 0.00753288 0.00907559 61071
0 0.978823 0.77126 0.0131863 0.0101739 61072
0 0.478603 0.855317 0.0267682 0.0274933 61073
0 0.00950096 0.981149 0.0188345 0.0156535 61074
0 0.901901 0.974831 0.0686466 0.043021 61075
0 0.391167 0.82865 0.0177287 0.0800756 61076
0 0.924198 0.68155 0.00748024 0.00900675 61077
0 0.967283 0.863286 0.0409811 0.0123249 61078
0 0.963738 0.851019 0.0478863 0.044871 61079
0 0.9611 0.866448 0.0537472 0.0151479 61080
0 0.7715 0.812973 0.0162083 0.0147251 61081
0 0.987674 0.767476 0.024263 0.0129549 61082
0 0.744395 0.782908 0.0108794 0.0510427 61083
0 0.52023 0.736956 0.0174875 0.00702091 61084
0 0.139748 0.745978 0.024199 0.0142334 61085
0 0.395109 0.757689 0.00775394 0.0124552 61086
0 0.842733 0.834324 0.0419077 0.0362467 61087
0 0.14005 0.749141 0.0233017 0.0100888 61088
0 0.543062 0.821301 0.00784683 0.0551405 61089
0 0.752093 0.827082 0.0292486 0.00744697 61090
0 0.00627557 0.979115 0.0124361 0.0183902 61091
0 0.121736 0.984177 0.0363424 0.0247394 61092
0 0.759567 0.824305 0.0120571 0.00619032 61093
0 0.577705 0.878693 0.0327064 0.0134094 61094
0 0.974334 0.862555 0.0275757 0.0111064 61095
0 0.518479 0.731747 0.0110813 0.0096661 61096
0 0.871642 0.845377 0.013863 0.0158112 61097
0 0.918051 0.973657 0.0359167 0.0405918 61098
0 0.96544 0.860173 0.0441597 0.0227034 61099
0 0.575089 0.873788 0.0370686 0.0171646 61100
0 0.0649433 0.754558 0.020482 0.0111172 61101
0 0.990846 0.678815 0.00982323 0.023165 61102
0 0.138368 0.747695 0.0205475 0.0104435 61103
0 0.843403 0.766575 0.0141344 0.0462392 61104
0 0.577676 0.885525 0.0329409 0.011859 61105
0 0.108469 0.982835 0.0739011 0.0302141 61106
0 0.822246 0.698774 0.00537128 0.0139882 61107
0 0.052846 0.738391 0.0164192 0.0143799 61108
