0 0.453521 0.833692 0.0121626 0.0678752 None
0 0.660684 0.800555 0.0103769 0.0451616 None
0 0.843025 0.765594 0.00852718 0.049663 None
0 0.831214 0.834664 0.0185419 0.0335066 None
0 0.561275 0.815136 0.0120089 0.0550886 None
0 0.692164 0.793608 0.00953751 0.0478789 None
0 0.718261 0.830637 0.014707 0.0302405 None
0 0.703032 0.790725 0.00861988 0.0488929 None
0 0.39101 0.817656 0.0178859 0.0568634 None
0 0.736633 0.78568 0.00899925 0.0466356 None
0 0.746979 0.782691 0.0073657 0.0483829 None
0 0.770953 0.778818 0.0114367 0.0502606 None
0 0.758429 0.782688 0.00796547 0.0449944 None
0 0.953508 0.849276 0.0220291 0.0415605 None
0 0.856134 0.830448 0.0144409 0.0329495 None
0 0.793282 0.774952 0.0108176 0.0518182 None
0 0.288139 0.723814 0.00697861 0.0168976 None
0 0.939989 0.727549 0.00715904 0.0213447 None
0 0.0610767 0.73977 0.00542376 0.0181481 None
0 0.956803 0.848798 0.015609 0.0405029 None
0 0.677022 0.81649 0.0185513 0.0191959 None
0 0.797992 0.776403 0.0080164 0.0484211 None
0 0.481072 0.858117 0.0292902 0.0220222 None
0 0.0220842 0.938423 0.0441683 0.028774 None
0 0.198282 0.915255 0.0460246 0.0324493 None
0 0.433813 0.914494 0.0243193 0.035773 None
0 0.119085 0.983705 0.0380177 0.0262041 None
0 0.0671695 0.748224 0.00852615 0.0187992 None
0 0.354947 0.989145 0.0146427 0.021711 None
0 0.971848 0.762898 0.0142189 0.0265672 None
0 0.883832 0.980549 0.0459518 0.0378455 None
0 0.974084 0.763108 0.0198208 0.027536 None
0 0.852937 0.83087 0.0207977 0.0350159 None
0 0.00673116 0.752093 0.00729248 0.0185564 None
0 0.52066 0.728754 0.0154943 0.0173767 None
0 0.00571785 0.753221 0.00852423 0.0185761 None
0 0.921353 0.973433 0.0270386 0.0403583 None
0 0.108579 0.984259 0.0605837 0.0269416 None
0 0.890267 0.976226 0.0582527 0.0453556 None
0 0.941028 0.727752 0.0101479 0.0231223 None
0 0.00291254 0.974289 0.00577907 0.0273577 None
0 0.995914 0.811733 0.00775986 0.0195565 None
0 0.85306 0.848314 0.0246284 0.00962507 None
0 0.0961858 0.994244 0.0476111 0.0083174 None
0 0.902768 0.973398 0.0336191 0.0406118 None
0 0.577237 0.875754 0.0332088 0.0145806 None
0 0.913769 0.973118 0.0109898 0.0390849 None
0 0.00533365 0.974261 0.0105931 0.0283529 None
0 0.274446 0.730515 0.00684938 0.0177921 None
0 0.104819 0.993845 0.0655339 0.00872108 None
0 0.715494 0.831074 0.0204821 0.0309085 None
0 0.138911 0.741321 0.0144868 0.00969001 None
0 0.3175 0.709851 0.00606566 0.0167097 None
0 0.00468851 0.758137 0.00929135 0.0101427 None
0 0.915942 0.973203 0.0171021 0.0393341 None
0 0.769112 0.781999 0.0105521 0.0423825 None
0 0.877144 0.680749 0.00546169 0.0140135 None
0 0.805218 0.697877 0.00534401 0.017532 None
0 0.907701 0.973163 0.0237396 0.0395365 None
0 0.983532 0.670226 0.00589237 0.0206221 None
0 0.540806 0.84814 0.00693283 0.0291867 None
0 0.113213 0.982559 0.0271153 0.0223612 None
0 0.41393 0.762468 0.00597925 0.0128533 None
0 0.783571 0.696548 0.00429802 0.0130393 None
0 0.76617 0.782735 0.00872746 0.0391541 None
0 0.0674344 0.747433 0.0110869 0.0219332 None
0 0.00527283 0.755164 0.00997299 0.0152212 None
0 0.410382 0.771271 0.00899143 0.0213148 None
0 0.974287 0.770274 0.019343 0.0134208 None
0 0.74459 0.782873 0.0118463 0.0506824 None
0 0.997991 0.667979 0.00356865 0.0183024 None
0 0.382943 0.759263 0.0112331 0.0120131 None
0 0.411167 0.765078 0.00949287 0.0185184 None
0 0.852247 0.845421 0.0226164 0.0116913 None
0 0.940427 0.736435 0.0149639 0.010237 None
0 0.410689 0.770088 0.0177338 0.0272678 None
0 0.412355 0.764138 0.00815907 0.0146779 None
0 0.00461125 0.970286 0.00921585 0.0370307 None
0 0.953084 0.67547 0.00710201 0.0136062 None
0 0.0639286 0.743305 0.0116493 0.0251723 None
0 0.696934 0.792445 0.0191544 0.0500632 None
0 0.43799 0.914684 0.0162561 0.03398 None
0 0.00938015 0.974899 0.0186145 0.0301271 None
0 0.922906 0.737525 0.00616112 0.00895911 None
0 0.135683 0.741587 0.0207978 0.0111487 None
0 0.109327 0.981526 0.0191494 0.0222056 None
0 0.125086 0.98519 0.0290372 0.0236649 None
0 0.973494 0.673275 0.00798416 0.0156684 None
0 0.910595 0.975833 0.0502028 0.0443339 None
0 0.131461 0.984387 0.0631264 0.0229418 None
0 0.00308138 0.963192 0.0060967 0.0494646 None
0 0.994871 0.810656 0.00981178 0.0225054 None
0 0.799535 0.777295 0.0083045 0.0465424 None
0 0.772147 0.812474 0.00959988 0.0151023 None
0 0.858088 0.847072 0.0350307 0.0142582 None
0 0.936233 0.866863 0.0116879 0.0160278 None
0 0.894438 0.683737 0.00606155 0.0199548 None
0 0.947374 0.85996 0.00993538 0.0188975 None
0 0.92429 0.681612 0.00605164 0.00910221 None
0 0.995763 0.805429 0.00804138 0.0320991 None
0 0.844007 0.846346 0.0440926 0.013925 None
0 0.134363 0.565489 0.0485796 0.0110389 None
0 0.863008 0.832897 0.0316135 0.0375746 None
0 0.275237 0.731678 0.00898275 0.0190006 None
0 0.952125 0.677482 0.0055048 0.0136929 None
0 0.761076 0.824549 0.0111233 0.00670641 None
0 0.895448 0.685409 0.00443993 0.0204564 None
0 0.770697 0.812366 0.0163275 0.0155429 None
0 0.806281 0.698145 0.00732079 0.0180764 None
0 0.955791 0.86379 0.0304213 0.0199707 None
0 0.153492 0.983342 0.0179239 0.0130439 None
0 0.947715 0.863253 0.0108562 0.0157596 None
0 0.936149 0.866481 0.0117195 0.0160331 None
0 0.957337 0.86725 0.0266029 0.0109633 None
0 0.0617267 0.746809 0.0264374 0.0210659 None
0 0.805401 0.701177 0.00537186 0.0222266 None
