0 0.452388 0.833651 0.0130039 0.0673269 31659
0 0.481788 0.82857 0.012994 0.0572813 31660
0 0.280319 0.864873 0.0167734 0.0577471 31661
0 0.879029 0.761128 0.0086338 0.0457272 31662
0 0.953357 0.848415 0.0224041 0.0422245 31663
0 0.698509 0.794754 0.00905895 0.0518528 31664
0 0.774605 0.779384 0.0097765 0.049018 31665
0 0.949943 0.747375 0.0113535 0.0490957 31666
0 0.788199 0.775841 0.0106886 0.0499466 31667
0 0.797016 0.775713 0.0109072 0.0503484 31668
0 0.966538 0.74233 0.00961227 0.0476329 31669
0 0.421831 0.911649 0.0190012 0.0478065 31670
0 0.831012 0.834256 0.0153053 0.032584 31671
0 0.531576 0.77775 0.0070509 0.0262758 31672
0 0.856575 0.828088 0.0125143 0.0357669 31673
0 0.472848 0.801216 0.00952606 0.0378216 31674
0 0.198365 0.916603 0.0461422 0.0310883 31675
0 0.84285 0.765481 0.00872211 0.0447508 31676
0 0.835754 0.772091 0.00812454 0.0398997 31677
0 0.898767 0.740965 0.00820198 0.0322483 31678
0 0.997602 0.735197 0.00436592 0.04889 31679
0 0.718575 0.830314 0.0141298 0.0319594 31680
0 0.907475 0.763382 0.00727482 0.0274261 31681
0 0.685193 0.79582 0.0105501 0.0436259 31682
0 0.894092 0.97599 0.0664192 0.0467058 31683
0 0.971547 0.762474 0.0139944 0.0276991 31684
0 0.518647 0.779954 0.00634956 0.0200087 31685
0 0.713715 0.830685 0.0242815 0.032859 31686
0 0.676114 0.815761 0.0153419 0.0184591 31687
0 0.00807751 0.74751 0.00826709 0.0199322 31688
0 0.114475 0.983667 0.0322567 0.0191321 31689
0 0.926784 0.726849 0.00521317 0.0202057 31690
0 0.0222085 0.93833 0.0444171 0.0279456 31691
0 0.351934 0.989155 0.0185762 0.0216905 31692
0 0.78467 0.694618 0.00624142 0.0121016 31693
0 0.995682 0.813956 0.00821705 0.0181786 31694
0 0.883741 0.979419 0.046138 0.0401771 31695
0 0.853139 0.829665 0.0195118 0.0398553 31696
0 0.577504 0.872656 0.0333924 0.0197774 31697
0 0.90605 0.97378 0.0412586 0.0430239 31698
0 0.00630157 0.747957 0.01225 0.0223121 31699
0 0.939142 0.740348 0.00697041 0.0232342 31700
0 0.0962316 0.994213 0.0477038 0.00818549 31701
0 0.331069 0.707852 0.00565443 0.0178938 31702
0 0.00557487 0.981239 0.0110559 0.0139218 31703
0 0.917375 0.972712 0.0184305 0.0400896 31704
0 0.974479 0.663597 0.00898476 0.0426704 31705
0 0.370809 0.73892 0.0132469 0.0122898 31706
0 0.949341 0.849544 0.0300575 0.0445077 31707
0 0.997017 0.661727 0.00433407 0.0136273 31708
0 0.0765982 0.752489 0.0143758 0.0113907 31709
0 0.969009 0.747722 0.0190624 0.0542723 31710
0 0.921104 0.973246 0.0287153 0.0410095 31711
0 0.679568 0.816019 0.0217928 0.019291 31712
0 0.00557824 0.750495 0.0107297 0.0164188 31713
0 0.100869 0.99228 0.0572373 0.0115421 31714
0 0.290447 0.750555 0.008986 0.0127421 31715
0 0.0590085 0.749749 0.00350728 0.00747477 31716
0 0.11058 0.985747 0.0404378 0.0229938 31717
0 0.950293 0.865852 0.0380081 0.0174247 31718
0 0.903701 0.68227 0.00464897 0.0159932 31719
0 0.967784 0.76306 0.0232449 0.029283 31720
0 0.172944 0.736511 0.00533953 0.00789388 31721
0 0.201483 0.727212 0.00548325 0.00701582 31722
0 0.852122 0.84132 0.0219757 0.0191657 31723
0 0.304133 0.742285 0.00667934 0.0131894 31724
0 0.976633 0.664208 0.00669403 0.0412948 31725
0 0.989008 0.677833 0.00496864 0.0126783 31726
0 0.770056 0.811958 0.013419 0.0169908 31727
0 0.102735 0.986188 0.0560864 0.0229331 31728
0 0.766244 0.69441 0.0084589 0.0112217 31729
0 0.541022 0.848908 0.0071846 0.0284858 31730
0 0.789364 0.819692 0.0271084 0.00857612 31731
0 0.907633 0.975765 0.0549469 0.0456424 31732
0 0.97332 0.763116 0.0205257 0.0280102 31733
0 0.390905 0.832944 0.018606 0.0874773 31734
0 0.475628 0.811166 0.00712776 0.0298228 31735
0 0.0705228 0.752396 0.0272412 0.0118386 31736
0 0.00760656 0.757648 0.0141631 0.00868937 31737
0 0.935982 0.867592 0.0113552 0.0134894 31738
0 0.950143 0.864222 0.0215673 0.0149687 31739
0 0.683189 0.797799 0.0148472 0.0472046 31740
0 0.588736 0.911226 0.0524671 0.0183214 31741
0 0.996392 0.734487 0.00671902 0.0505113 31742
0 0.589429 0.907258 0.0519595 0.0251516 31743
0 0.112407 0.980977 0.0300359 0.0235928 31744
0 0.960323 0.863156 0.0483149 0.0170383 31745
0 0.120391 0.984914 0.0381582 0.0203854 31746
0 0.0703607 0.752463 0.0260954 0.0118212 31747
0 0.488242 0.863707 0.0289729 0.0101183 31748
0 0.129911 0.985225 0.0657121 0.0214108 31749
0 0.929957 0.733432 0.00595894 0.0125207 31750
0 0.120853 0.985889 0.0282823 0.021651 31751
0 0.852549 0.844975 0.0254578 0.0147675 31752
0 0.695611 0.841622 0.0267319 0.0145347 31753
0 0.856639 0.84587 0.0393662 0.014684 31754
0 0.779683 0.81736 0.00853014 0.010535 31755
0 0.682953 0.818225 0.0172375 0.0143723 31756
0 0.788556 0.817784 0.0268509 0.0110391 31757
0 0.788725 0.818182 0.0262326 0.0105394 31758
0 0.995353 0.808556 0.00881977 0.0298399 31759
0 0.153415 0.740494 0.00711727 0.0104112 31760
0 0.159578 0.739331 0.0106799 0.0131285 31761
0 0.958092 0.866387 0.0559437 0.0149441 31762
0 0.879587 0.98521 0.0378407 0.0288981 31763
0 0.773439 0.812505 0.0209751 0.019832 31764
0 0.859927 0.795856 0.00711517 0.0109012 31765
0 0.960482 0.863316 0.0522346 0.0122579 31766
0 0.91499 0.976142 0.0402466 0.0433685 31767
0 0.592314 0.914264 0.0433395 0.0115521 31768
0 0.679651 0.799997 0.0227177 0.0503103 31769
0 0.132123 0.984406 0.0608507 0.0215146 31770
