0 0.453497 0.833637 0.0121857 0.0674503 53141
0 0.843013 0.76531 0.00845604 0.0503591 53142
0 0.660529 0.800951 0.0104597 0.0442908 53143
0 0.831192 0.834664 0.0185188 0.0334966 53144
0 0.561299 0.815016 0.011829 0.0553267 53145
0 0.692259 0.793621 0.0097105 0.0477292 53146
0 0.39101 0.817621 0.0181277 0.0567081 53147
0 0.718283 0.830653 0.0147432 0.0302305 53148
0 0.703074 0.790628 0.00854836 0.0486103 53149
0 0.769769 0.778652 0.0132109 0.0515481 53150
0 0.746839 0.78251 0.00740528 0.0487315 53151
0 0.736472 0.785634 0.00918179 0.046637 53152
0 0.953512 0.849258 0.0220264 0.0415597 53153
0 0.757714 0.782725 0.00765324 0.0449226 53154
0 0.792814 0.774708 0.0107101 0.052066 53155
0 0.856146 0.830486 0.0145451 0.032977 53156
0 0.79835 0.776937 0.00799541 0.0478592 53157
0 0.939978 0.727562 0.00712662 0.0214147 53158
0 0.288386 0.723726 0.00760574 0.0166501 53159
0 0.956738 0.848801 0.015733 0.040567 53160
0 0.0608054 0.73963 0.00560699 0.0181544 53161
0 0.676767 0.81662 0.0186746 0.0189592 53162
0 0.433724 0.914495 0.0245324 0.0359019 53163
0 0.355081 0.989142 0.0144224 0.0217166 53164
0 0.00491244 0.753047 0.00969565 0.0189979 53165
0 0.119378 0.983698 0.0386021 0.0262514 53166
0 0.0220753 0.938396 0.0441506 0.0288737 53167
0 0.971735 0.763052 0.0164688 0.0272193 53168
0 0.0669544 0.748178 0.00818927 0.0182139 53169
0 0.883854 0.980565 0.0460693 0.0378235 53170
0 0.852886 0.830867 0.0209639 0.0349838 53171
0 0.5209 0.728063 0.0127611 0.0159276 53172
0 0.00415178 0.758487 0.0082509 0.00894199 53173
0 0.921359 0.97344 0.0270916 0.0403731 53174
0 0.995902 0.811734 0.00778427 0.0195153 53175
0 0.483917 0.8582 0.0341501 0.0221069 53176
0 0.138957 0.741514 0.0144836 0.00976935 53177
0 0.941023 0.72781 0.0101778 0.0232185 53178
0 0.108657 0.98426 0.0612739 0.026987 53179
0 0.890275 0.97623 0.0583088 0.0453607 53180
0 0.00293405 0.974416 0.00582355 0.0272074 53181
0 0.096258 0.994257 0.0477879 0.00833198 53182
0 0.57725 0.875758 0.0333557 0.0146544 53183
0 0.853045 0.848447 0.0246681 0.00940586 53184
0 0.274448 0.730617 0.00696955 0.0177277 53185
0 0.00538138 0.974345 0.0106874 0.0282572 53186
0 0.913745 0.973131 0.0110443 0.0391171 53187
0 0.902763 0.973413 0.033593 0.0406833 53188
0 0.105062 0.993838 0.0661826 0.00877584 53189
0 0.715433 0.831098 0.0206743 0.0309082 53190
0 0.317507 0.709868 0.00616035 0.0166541 53191
0 0.0644953 0.744949 0.0135264 0.0243127 53192
0 0.87715 0.68096 0.00570412 0.0145927 53193
0 0.916887 0.973229 0.019215 0.0394375 53194
0 0.805102 0.697956 0.00492382 0.0175034 53195
0 0.540958 0.849025 0.00755043 0.0270857 53196
0 0.908388 0.973156 0.0222816 0.039493 53197
0 0.413663 0.762287 0.00536804 0.0127631 53198
0 0.940401 0.736647 0.0151114 0.010296 53199
0 0.382957 0.759157 0.0101529 0.0117903 53200
0 0.111779 0.982412 0.0242471 0.0222454 53201
0 0.744307 0.782941 0.0123093 0.0505242 53202
0 0.773165 0.812044 0.0215935 0.017353 53203
0 0.410108 0.77175 0.00862274 0.0197089 53204
0 0.412594 0.764 0.0067997 0.0149641 53205
0 0.998029 0.668111 0.00348854 0.0178079 53206
0 0.0605116 0.747257 0.0259123 0.0198341 53207
0 0.411163 0.765473 0.00893002 0.01977 53208
0 0.983501 0.67002 0.00607739 0.0207189 53209
0 0.0533943 0.742238 0.0119848 0.0113095 53210
0 0.410511 0.769805 0.0139919 0.0272722 53211
0 0.00469235 0.970269 0.00936869 0.0371033 53212
0 0.852245 0.845276 0.0225946 0.0116787 53213
0 0.696304 0.792552 0.0179604 0.0495095 53214
0 0.00938442 0.974907 0.0186189 0.0300602 53215
0 0.135748 0.741803 0.020925 0.0114844 53216
0 0.13114 0.983989 0.0627627 0.0248352 53217
0 0.9229 0.737485 0.00611076 0.00896573 53218
0 0.490638 0.857659 0.0242781 0.0216543 53219
0 0.973285 0.672349 0.00782414 0.0149521 53220
0 0.755347 0.782597 0.012111 0.0473161 53221
0 0.772472 0.812422 0.00933313 0.0153249 53222
0 0.125586 0.985378 0.0281307 0.0232591 53223
0 0.910687 0.975838 0.050061 0.0443346 53224
0 0.952895 0.676228 0.00567551 0.0129247 53225
0 0.994875 0.810695 0.00979919 0.0223657 53226
0 0.779424 0.814821 0.0082593 0.0116728 53227
0 0.00311322 0.962706 0.00616445 0.0505441 53228
0 0.783576 0.698054 0.00383654 0.0159256 53229
0 0.439786 0.914774 0.0126709 0.0335619 53230
0 0.936241 0.866875 0.0117102 0.0160194 53231
0 0.863144 0.833001 0.0318457 0.037695 53232
0 0.408101 0.77741 0.0175056 0.0192837 53233
0 0.894423 0.683958 0.00607815 0.0204459 53234
0 0.180949 0.737139 0.0147644 0.007321 53235
0 0.859026 0.846986 0.0369852 0.0145159 53236
0 0.947363 0.859999 0.00989971 0.0188022 53237
0 0.843948 0.846546 0.0442139 0.0136347 53238
0 0.995758 0.805511 0.00805054 0.0318502 53239
0 0.924344 0.68159 0.00621262 0.0092887 53240
0 0.672702 0.815997 0.0240461 0.0185784 53241
0 0.895404 0.685344 0.00450706 0.0206217 53242
0 0.955825 0.86392 0.0306026 0.0197937 53243
0 0.80626 0.698288 0.00728645 0.0184146 53244
0 0.957295 0.867259 0.0266188 0.0109789 53245
0 0.973714 0.765712 0.0207874 0.0264942 53246
0 0.198071 0.915112 0.0451669 0.0319163 53247
0 0.761297 0.824644 0.0116766 0.00665927 53248
0 0.936157 0.866505 0.0117517 0.0160227 53249
0 0.805452 0.700817 0.00553741 0.0227603 53250
0 0.95905 0.869009 0.0232679 0.00908 53251
0 0.10975 0.984804 0.0406238 0.0225613 53252
0 0.153774 0.98355 0.0178771 0.0141327 53253
0 0.952121 0.677645 0.00480652 0.0133617 53254
0 0.947708 0.86351 0.0110119 0.0154382 53255
0 0.957339 0.857297 0.0273678 0.0292274 53256
0 0.574577 0.874498 0.0374414 0.0168686 53257
0 0.752412 0.782285 0.0182806 0.0484867 53258
