0 0.476936 0.834767 0.0161251 0.065627 None
0 0.45323 0.833497 0.0118235 0.066655 None
0 0.830248 0.83469 0.0174065 0.0332692 None
0 0.718745 0.830642 0.0144281 0.0309543 None
0 0.777512 0.781047 0.00872593 0.0411696 None
0 0.84312 0.76481 0.00790615 0.0461395 None
0 0.793856 0.775139 0.00884914 0.0450175 None
0 0.833473 0.770352 0.00788002 0.0417977 None
0 0.699422 0.793521 0.0101902 0.0469204 None
0 0.953388 0.848811 0.0219631 0.0395204 None
0 0.0722068 0.900956 0.0149566 0.0608822 None
0 0.925911 0.752786 0.0102848 0.0432787 None
0 0.746442 0.784707 0.0107523 0.0462562 None
0 0.755846 0.784515 0.00901461 0.0439184 None
0 0.855685 0.830872 0.0164593 0.0339884 None
0 0.515222 0.808835 0.00947647 0.0392388 None
0 0.97359 0.762451 0.0185436 0.0281615 None
0 0.898707 0.757667 0.00849972 0.0380259 None
0 0.434427 0.908176 0.0235668 0.0498266 None
0 0.19797 0.915774 0.0461346 0.031742 None
0 0.354909 0.989158 0.0144348 0.0215854 None
0 0.321362 0.750513 0.00948353 0.0140106 None
0 0.00639647 0.751913 0.0105344 0.0181507 None
0 0.887955 0.756478 0.00899315 0.0463799 None
0 0.487297 0.776624 0.0094408 0.0214264 None
0 0.852318 0.832229 0.024139 0.0373389 None
0 0.577556 0.875241 0.0330225 0.0159402 None
0 0.905469 0.972602 0.0419424 0.0418722 None
0 0.509936 0.813003 0.00495129 0.0267242 None
0 0.675588 0.815507 0.0136677 0.0187381 None
0 0.89411 0.975454 0.0661037 0.0467492 None
0 0.888289 0.749564 0.00813789 0.0315277 None
0 0.323019 0.709381 0.00616055 0.0156586 None
0 0.281347 0.733532 0.00776901 0.0120646 None
0 0.114683 0.981729 0.0303083 0.0234066 None
0 0.996038 0.810686 0.00751343 0.0218769 None
0 0.00258475 0.978121 0.00513007 0.0209708 None
0 0.0702852 0.749787 0.00885421 0.0192559 None
0 0.373641 0.751607 0.00980072 0.0167606 None
0 0.0700035 0.891427 0.0100651 0.0419796 None
0 0.0050216 0.978286 0.0100276 0.0216912 None
0 0.0221617 0.938943 0.044279 0.030541 None
0 0.0681368 0.73651 0.00654836 0.0154399 None
0 0.280569 0.732886 0.0101092 0.0130063 None
0 0.901615 0.678618 0.00558338 0.0192296 None
0 0.068612 0.738652 0.00776117 0.0198949 None
0 0.95186 0.856927 0.0194504 0.0268884 None
0 0.679665 0.81549 0.0207363 0.01865 None
0 0.461293 0.778179 0.00618057 0.0178945 None
0 0.391625 0.817683 0.0170784 0.0565782 None
0 0.109679 0.980986 0.0202363 0.0225725 None
0 0.322733 0.75207 0.0124371 0.0174462 None
0 0.884285 0.979702 0.0469013 0.0390652 None
0 0.107241 0.984012 0.0475529 0.0272024 None
0 0.375218 0.751618 0.00690899 0.016748 None
0 0.792587 0.695922 0.00690689 0.0142371 None
0 0.695809 0.795923 0.00974026 0.0435842 None
0 0.921919 0.972964 0.0266209 0.0423949 None
0 0.978989 0.653062 0.00701141 0.0232834 None
0 0.693259 0.795476 0.00956392 0.0327301 None
0 0.463457 0.778892 0.0116677 0.0194565 None
0 0.00282187 0.983504 0.00557381 0.031759 None
0 0.884447 0.683603 0.00428963 0.00937907 None
0 0.936976 0.867035 0.0131836 0.0161652 None
0 0.872546 0.845997 0.014785 0.0157862 None
0 0.773651 0.81248 0.020055 0.0168294 None
0 0.949385 0.865594 0.0375057 0.0187893 None
0 0.199404 0.731084 0.00983777 0.0142724 None
0 0.772234 0.812423 0.00877037 0.0148992 None
0 0.913566 0.973666 0.0429493 0.0439757 None
0 0.769109 0.812063 0.0114061 0.0156833 None
0 0.0532458 0.75272 0.00432276 0.00702159 None
0 0.512948 0.812727 0.0109224 0.0325046 None
0 0.948602 0.85095 0.0285255 0.0451107 None
0 0.540731 0.849452 0.00781221 0.026808 None
0 0.694174 0.797723 0.0112535 0.0416128 None
0 0.917383 0.970974 0.0156004 0.0398766 None
0 0.771351 0.812028 0.0131115 0.015332 None
0 0.103137 0.992914 0.0621982 0.011497 None
0 0.117473 0.984804 0.0359352 0.0230872 None
0 0.893867 0.757038 0.0202835 0.041332 None
0 0.321169 0.750682 0.0130181 0.0152403 None
0 0.927543 0.750819 0.0125851 0.0465485 None
0 0.740819 0.778697 0.00518122 0.0323558 None
0 0.777362 0.813488 0.0123817 0.0146537 None
0 0.79394 0.69675 0.00683384 0.0130754 None
0 0.585572 0.907346 0.0441013 0.0234009 None
0 0.937794 0.740778 0.0078886 0.0302985 None
0 0.0724876 0.92047 0.0140249 0.0233649 None
0 0.972071 0.67268 0.00647774 0.0157129 None
0 0.0090819 0.978787 0.0179656 0.0234746 None
0 0.42714 0.924081 0.00947037 0.0164724 None
0 0.934849 0.723338 0.00464954 0.0162703 None
0 0.0817786 0.900594 0.0208717 0.023543 None
0 0.32278 0.755238 0.0125571 0.014208 None
0 0.864165 0.834424 0.0323441 0.0383592 None
0 0.767398 0.69779 0.00690289 0.0140598 None
0 0.716097 0.83119 0.0200078 0.0311754 None
0 0.954669 0.868349 0.0314972 0.0112101 None
0 0.199379 0.733583 0.00979023 0.0122555 None
0 0.121019 0.986328 0.0190959 0.0219713 None
0 0.0999714 0.993963 0.054635 0.00821703 None
0 0.696766 0.793079 0.0154407 0.0473423 None
0 0.997654 0.672786 0.00422554 0.0157381 None
0 0.955212 0.867507 0.052066 0.0143277 None
0 0.437744 0.908968 0.0153325 0.0477563 None
0 0.744667 0.77848 0.0116152 0.0382572 None
0 0.00691148 0.982752 0.0137375 0.0316562 None
0 0.122448 0.985742 0.0340424 0.0218882 None
0 0.843073 0.832607 0.0425968 0.0385946 None
0 0.508891 0.812696 0.00780315 0.0284336 None
0 0.587849 0.907003 0.0288926 0.0216627 None
0 0.786023 0.787143 0.0241699 0.0169742 None
