0 0.451928 0.834155 0.0123194 0.0666192 None
0 0.84212 0.765959 0.00866432 0.0449032 None
0 0.522988 0.821613 0.012999 0.0516634 None
0 0.796681 0.774733 0.00785275 0.0474228 None
0 0.718654 0.830449 0.01399 0.0314365 None
0 0.716037 0.786219 0.00979099 0.052475 None
0 0.830784 0.834395 0.0175459 0.0332677 None
0 0.953758 0.849831 0.0226709 0.040909 None
0 0.59099 0.812833 0.0103376 0.0489719 None
0 0.74646 0.780816 0.0081934 0.0460498 None
0 0.115869 0.982872 0.0367779 0.0273363 None
0 0.00958087 0.746963 0.00825619 0.0172516 None
0 0.691745 0.795672 0.0085146 0.0445146 None
0 0.431308 0.914602 0.0286859 0.0364763 None
0 0.70012 0.792456 0.00874319 0.048445 None
0 0.685967 0.788719 0.00780077 0.0501689 None
0 0.725716 0.788294 0.0107588 0.0453941 None
0 0.475211 0.854637 0.0170655 0.029088 None
0 0.855795 0.829394 0.0144104 0.0329637 None
0 0.939771 0.726599 0.00667172 0.0172858 None
0 0.355373 0.989183 0.0138902 0.021635 None
0 0.387967 0.775419 0.00731487 0.0146459 None
0 0.974218 0.761841 0.0167305 0.0275757 None
0 0.00591509 0.979649 0.0117589 0.0182419 None
0 0.0639154 0.738727 0.00712256 0.0198959 None
0 0.972438 0.761141 0.0121246 0.0263526 None
0 0.898005 0.975104 0.0735741 0.0467241 None
0 0.809875 0.69757 0.00683765 0.0172338 None
0 0.701762 0.792457 0.0113661 0.0464203 None
0 0.502084 0.729633 0.00504208 0.0115258 None
0 0.688626 0.792268 0.0111511 0.0504523 None
0 0.284529 0.720239 0.00516171 0.0149753 None
0 0.0219804 0.938342 0.0439608 0.0284285 None
0 0.40855 0.762512 0.00830011 0.0146072 None
0 0.853222 0.83005 0.0197083 0.0347649 None
0 0.314144 0.710224 0.00686469 0.0122279 None
0 0.83835 0.697421 0.0052742 0.0173793 None
0 0.911637 0.974485 0.0492044 0.045531 None
0 0.267635 0.732359 0.00444303 0.0122094 None
0 0.0952976 0.99439 0.0478974 0.00815938 None
0 0.266883 0.731549 0.00567732 0.0141737 None
0 0.67597 0.815102 0.0154453 0.0187551 None
0 0.996196 0.744044 0.00719185 0.044577 None
0 0.99638 0.812246 0.00681496 0.017337 None
0 0.978514 0.668834 0.00617828 0.0152652 None
0 0.921305 0.973159 0.0287146 0.0416655 None
0 0.95164 0.856508 0.0184792 0.0274072 None
0 0.903088 0.972757 0.0329037 0.04208 None
0 0.853001 0.848374 0.0261276 0.0104597 None
0 0.133233 0.734088 0.00627365 0.00772095 None
0 0.409895 0.763213 0.00707626 0.0142244 None
0 0.54092 0.848765 0.0074563 0.0267239 None
0 0.888685 0.978787 0.0557415 0.0404243 None
0 0.102699 0.993709 0.0638696 0.0088362 None
0 0.40634 0.763053 0.0087141 0.014728 None
0 0.892458 0.675494 0.00643139 0.0119636 None
0 0.946874 0.675631 0.0054966 0.0133765 None
0 0.974919 0.770888 0.0181009 0.0101617 None
0 0.576057 0.875034 0.0366589 0.0145038 None
0 0.837132 0.697282 0.00698471 0.0169213 None
0 0.990517 0.668422 0.00394287 0.0125145 None
0 0.0597254 0.737806 0.0162473 0.0150021 None
0 0.0562763 0.739257 0.00921304 0.00836995 None
0 0.576695 0.875757 0.035805 0.0138284 None
0 0.102664 0.983277 0.0618105 0.027625 None
0 0.938858 0.68006 0.00451355 0.0124963 None
0 0.440384 0.915331 0.0111815 0.032506 None
0 0.838909 0.835164 0.0343086 0.0345632 None
0 0.995975 0.670982 0.00596924 0.00988371 None
0 0.940948 0.727937 0.00923653 0.0177755 None
0 0.389221 0.775585 0.0124489 0.0156216 None
0 0.881695 0.979519 0.0418213 0.0376058 None
0 0.852582 0.837277 0.0236843 0.022541 None
0 0.936135 0.867215 0.0117149 0.0150882 None
0 0.691777 0.820173 0.0183333 0.00914103 None
0 0.715844 0.830916 0.0198925 0.0332564 None
0 0.772387 0.812619 0.0194155 0.0158427 None
0 0.681291 0.815806 0.0258413 0.0184133 None
0 0.269343 0.732873 0.0103494 0.0147054 None
0 0.85655 0.794759 0.0170658 0.0140218 None
0 0.914528 0.969389 0.00905991 0.0358844 None
0 0.0095913 0.980114 0.0189131 0.0201207 None
0 0.577527 0.880853 0.0337585 0.00918783 None
0 0.847427 0.847731 0.0379221 0.0125437 None
0 0.995547 0.669255 0.00731354 0.0117133 None
0 0.970507 0.659729 0.00407696 0.011625 None
0 0.942738 0.735939 0.0144035 0.00824788 None
0 0.959607 0.85081 0.0174088 0.0390954 None
0 0.505296 0.730665 0.0125437 0.0133811 None
0 0.38327 0.775047 0.00628495 0.0157444 None
0 0.947951 0.865922 0.0347305 0.0173225 None
0 0.155023 0.73003 0.00632844 0.00805071 None
0 0.859448 0.794504 0.00826225 0.0138791 None
0 0.517556 0.814941 0.00537977 0.0319366 None
0 0.130788 0.982468 0.0662161 0.0277593 None
0 0.39104 0.811793 0.0176144 0.0459151 None
0 0.484706 0.854923 0.0368956 0.0298854 None
0 0.872387 0.844921 0.0147064 0.0162476 None
