0 0.453349 0.833758 0.0121374 0.0669391 None
0 0.478883 0.834275 0.0141661 0.0669774 None
0 0.830239 0.834705 0.0174412 0.0334444 None
0 0.718766 0.830205 0.0145605 0.0318854 None
0 0.794686 0.775511 0.00998001 0.0468001 None
0 0.78248 0.780568 0.00887051 0.039797 None
0 0.0835655 0.89898 0.0172103 0.062 None
0 0.436044 0.908363 0.0166676 0.0491075 None
0 0.953376 0.848817 0.0220249 0.039562 None
0 0.932956 0.748901 0.00980587 0.0478692 None
0 0.973845 0.762361 0.0190466 0.0282552 None
0 0.842774 0.76512 0.00887528 0.0467828 None
0 0.514132 0.810528 0.00842066 0.0425873 None
0 0.198001 0.915679 0.0461227 0.0317837 None
0 0.319904 0.750231 0.00711632 0.0118323 None
0 0.8526 0.832292 0.0240602 0.0360847 None
0 0.893304 0.756415 0.0101009 0.0466741 None
0 0.855751 0.830931 0.0169088 0.0344711 None
0 0.746063 0.784431 0.0116278 0.0462004 None
0 0.00562001 0.750237 0.0103184 0.0175361 None
0 0.699016 0.794211 0.00894737 0.0452579 None
0 0.75807 0.784448 0.0071537 0.0449732 None
0 0.354922 0.989324 0.0144597 0.0212731 None
0 0.0221037 0.93935 0.0441941 0.0300208 None
0 0.700692 0.793834 0.0077549 0.0438399 None
0 0.894284 0.9749 0.0649624 0.0462706 None
0 0.675965 0.815688 0.0152485 0.0188377 None
0 0.577727 0.875295 0.0327067 0.0158115 None
0 0.83725 0.769748 0.00708961 0.0393775 None
0 0.792487 0.695462 0.00701714 0.0117496 None
0 0.905616 0.972572 0.0415146 0.0419917 None
0 0.114598 0.981843 0.0303285 0.0236588 None
0 0.070759 0.746205 0.00807068 0.0286806 None
0 0.488933 0.777405 0.00728674 0.0219082 None
0 0.0688647 0.737402 0.00685749 0.0160967 None
0 0.323027 0.710491 0.00574479 0.0156501 None
0 0.695329 0.794459 0.00622902 0.0453118 None
0 0.996131 0.811002 0.00732193 0.0211965 None
0 0.0140844 0.883895 0.0280269 0.0179084 None
0 0.902849 0.678969 0.00647221 0.0192855 None
0 0.464804 0.775889 0.00750427 0.0221876 None
0 0.0677538 0.739007 0.010365 0.0200424 None
0 0.360315 0.751512 0.0069716 0.0165595 None
0 0.889241 0.755708 0.00602646 0.0426225 None
0 0.0715931 0.749724 0.00863407 0.026908 None
0 0.391475 0.813912 0.0169296 0.048484 None
0 0.693686 0.795003 0.0102913 0.0463528 None
0 0.510188 0.809025 0.0039835 0.0214037 None
0 0.488048 0.777454 0.0100276 0.0228153 None
0 0.00580619 0.980808 0.0115431 0.0152164 None
0 0.696586 0.795388 0.0102652 0.0479909 None
0 0.105318 0.983993 0.0510022 0.0273368 None
0 0.110526 0.981158 0.0219335 0.0228655 None
0 0.0529166 0.75308 0.00507014 0.00748596 None
0 0.771788 0.812527 0.0150585 0.0154182 None
0 0.951748 0.858397 0.019232 0.023978 None
0 0.884822 0.683958 0.00616264 0.0123418 None
0 0.531912 0.739968 0.0172011 0.00928548 None
0 0.979091 0.649297 0.00698738 0.0183248 None
0 0.0683012 0.74483 0.0109284 0.0312505 None
0 0.776398 0.812861 0.0143906 0.0158285 None
0 0.740075 0.780477 0.00602665 0.0288371 None
0 0.322671 0.712423 0.00672636 0.0191206 None
0 0.773876 0.812589 0.020261 0.01662 None
0 0.161064 0.737354 0.00599971 0.00996535 None
0 0.951499 0.860422 0.026952 0.0241021 None
0 0.884894 0.97938 0.047031 0.0386414 None
0 0.101983 0.993929 0.0595772 0.00932532 None
0 0.936973 0.867024 0.0131882 0.0161814 None
0 0.87254 0.845971 0.0148518 0.0157735 None
0 0.914327 0.973584 0.0413078 0.0428569 None
0 0.540493 0.849371 0.00713806 0.0270637 None
0 0.341015 0.732044 0.00706501 0.0107532 None
0 0.354294 0.753335 0.0118044 0.0140632 None
0 0.921986 0.973869 0.0263653 0.040859 None
0 0.948756 0.850915 0.0283691 0.0450334 None
0 0.949093 0.865112 0.0369411 0.0195726 None
0 0.148006 0.740564 0.00418355 0.00648244 None
0 0.969726 0.647457 0.00297699 0.0100221 None
0 0.119073 0.983857 0.038854 0.0246012 None
0 0.743389 0.784512 0.0134094 0.0454654 None
0 0.199387 0.730724 0.00750461 0.00723334 None
0 0.755556 0.783629 0.0128799 0.0472127 None
0 0.00943235 0.980958 0.0187195 0.0166324 None
0 0.0073277 0.979273 0.0145331 0.0185284 None
0 0.979833 0.653272 0.00901299 0.0232065 None
0 0.0534643 0.753563 0.00675449 0.0075058 None
0 0.585815 0.907334 0.0435547 0.0233051 None
0 0.948936 0.866377 0.0376686 0.0169071 None
0 0.0963555 0.993929 0.0478576 0.00785387 None
0 0.465136 0.778292 0.00897884 0.0186317 None
0 0.119595 0.984851 0.021909 0.0249023 None
0 0.767314 0.695124 0.00725908 0.00978224 None
0 0.864263 0.833669 0.0322216 0.0398397 None
0 0.71586 0.830627 0.0206322 0.03234 None
0 0.974117 0.671081 0.00672188 0.0142101 None
0 0.917242 0.970162 0.0145782 0.0385078 None
0 0.75751 0.782476 0.00762024 0.0478248 None
0 0.00517228 0.757533 0.0102851 0.00973985 None
0 0.702509 0.794227 0.00918884 0.0433143 None
0 0.772778 0.783627 0.0272257 0.0111026 None
0 0.994818 0.8107 0.00991364 0.023052 None
0 0.84439 0.83232 0.0406654 0.0392705 None
0 0.585902 0.907953 0.0434343 0.0222022 None
0 0.680297 0.814381 0.0239876 0.0212148 None
0 0.956035 0.868498 0.0287155 0.010751 None
