0 0.451892 0.834325 0.0123018 0.0663235 None
0 0.842673 0.767162 0.00953751 0.0464708 None
0 0.511918 0.823296 0.0118938 0.0540649 None
0 0.578335 0.815563 0.010701 0.0510081 None
0 0.796647 0.774755 0.00755329 0.0470768 None
0 0.718581 0.830685 0.0136195 0.0309631 None
0 0.953657 0.849842 0.0225086 0.0412179 None
0 0.692174 0.794577 0.00872555 0.0461088 None
0 0.830826 0.834473 0.017713 0.0338416 None
0 0.115749 0.982814 0.0357164 0.027418 None
0 0.746298 0.780839 0.00731335 0.0462787 None
0 0.710883 0.790255 0.00848913 0.0436537 None
0 0.990124 0.743323 0.00892258 0.0470683 None
0 0.43225 0.914198 0.026907 0.0370063 None
0 0.474724 0.856637 0.0177567 0.025354 None
0 0.719041 0.788283 0.0081666 0.0476157 None
0 0.0129138 0.749985 0.0107438 0.0192976 None
0 0.856002 0.829372 0.0135874 0.0330743 None
0 0.669651 0.788987 0.0100979 0.0435669 None
0 0.699987 0.788857 0.00814943 0.0537106 None
0 0.00558672 0.979555 0.011108 0.0180016 None
0 0.973806 0.761812 0.0169666 0.0283649 None
0 0.197582 0.916005 0.045003 0.0311676 None
0 0.355388 0.989141 0.013892 0.0217177 None
0 0.890536 0.975571 0.0587317 0.0469889 None
0 0.0221575 0.938094 0.0442746 0.0298672 None
0 0.390844 0.812447 0.0183343 0.0470564 None
0 0.314362 0.714195 0.00730543 0.0160785 None
0 0.910738 0.973269 0.0488243 0.0431149 None
0 0.841365 0.696854 0.00477905 0.0186681 None
0 0.412023 0.762118 0.00472975 0.0123528 None
0 0.938794 0.728548 0.00892181 0.0186218 None
0 0.378655 0.775504 0.00528545 0.0160265 None
0 0.853152 0.83039 0.0221449 0.0352753 None
0 0.0948274 0.994419 0.0468358 0.00814785 None
0 0.0685004 0.749299 0.00930414 0.0155775 None
0 0.971755 0.677416 0.00699501 0.0239276 None
0 0.390884 0.829551 0.0185146 0.0821133 None
0 0.499927 0.724269 0.0108271 0.0172197 None
0 0.813416 0.698058 0.00563717 0.0181151 None
0 0.902913 0.972402 0.0335156 0.0414383 None
0 0.268184 0.724726 0.00630918 0.0143643 None
0 0.996373 0.812042 0.00682793 0.017767 None
0 0.380036 0.776765 0.0111305 0.0149777 None
0 0.675133 0.813816 0.0169322 0.0217818 None
0 0.28972 0.717759 0.00693808 0.016726 None
0 0.946703 0.677423 0.00599747 0.0172326 None
0 0.852943 0.848011 0.026339 0.0108476 None
0 0.712295 0.78943 0.0101391 0.0465934 None
0 0.883244 0.979578 0.0449987 0.039122 None
0 0.92016 0.973274 0.0315943 0.0424065 None
0 0.99077 0.667954 0.0035078 0.0131388 None
0 0.576251 0.875134 0.036284 0.0144619 None
0 0.673702 0.79656 0.0184353 0.0567622 None
0 0.379999 0.778461 0.00879579 0.0117716 None
0 0.483705 0.85643 0.0376406 0.0257575 None
0 0.540931 0.848442 0.00722132 0.0273404 None
0 0.156453 0.733477 0.00819106 0.010219 None
0 0.773143 0.812818 0.0204097 0.0156359 None
0 0.0774317 0.743861 0.00639991 0.0116974 None
0 0.904062 0.683163 0.0042244 0.0143405 None
0 0.715366 0.831095 0.0203255 0.0323042 None
0 0.41341 0.761234 0.00625935 0.0128645 None
0 0.934048 0.681739 0.00492897 0.0140558 None
0 0.0636134 0.738766 0.00842462 0.0142141 None
0 0.576836 0.875824 0.0355114 0.0137243 None
0 0.977232 0.673079 0.00573082 0.0158169 None
0 0.13837 0.736558 0.0169936 0.0100221 None
0 0.69186 0.818141 0.0158373 0.00824585 None
0 0.777839 0.768908 0.0204113 0.0105042 None
0 0.0110131 0.750367 0.0158705 0.0200728 None
0 0.130828 0.982363 0.0658837 0.0278317 None
0 0.423828 0.762134 0.0230619 0.0098665 None
0 0.953392 0.859854 0.0207634 0.0221139 None
0 0.85938 0.794714 0.00748329 0.0133774 None
0 0.429324 0.762148 0.0122616 0.00913628 None
0 0.778509 0.813665 0.010162 0.0145123 None
0 0.559498 0.838837 0.00639477 0.00958964 None
0 0.26864 0.727273 0.00683985 0.0149394 None
0 0.57748 0.880016 0.0337385 0.0106517 None
0 0.102148 0.983078 0.0614077 0.0274151 None
0 0.935897 0.866995 0.0115162 0.0147086 None
0 0.00947078 0.979855 0.018663 0.0198168 None
0 0.679919 0.815112 0.0291325 0.0198452 None
0 0.857203 0.794971 0.0134232 0.0138421 None
0 0.693353 0.819853 0.0150787 0.00891961 None
0 0.373117 0.774561 0.00535107 0.013494 None
0 0.144601 0.73587 0.032152 0.0144087 None
0 0.37915 0.779699 0.0138326 0.00981174 None
0 0.0591755 0.738906 0.0169505 0.0149867 None
0 0.996443 0.67176 0.00623093 0.0107815 None
0 0.652036 0.819588 0.0652582 0.0188816 None
0 0.854856 0.847013 0.0322868 0.0149212 None
0 0.672333 0.791101 0.0156246 0.0490116 None
0 0.422459 0.760538 0.0261812 0.0140642 None
0 0.849569 0.846624 0.0340187 0.0142917 None
0 0.100238 0.995583 0.0566628 0.00883458 None
0 0.923145 0.977308 0.0256124 0.0329515 None
0 0.947156 0.865182 0.0332935 0.01863 None
0 0.440449 0.915122 0.0108569 0.0333204 None
0 0.872343 0.844851 0.0145786 0.0162391 None
