0 0.45359 0.835116 0.0107292 0.0636102 None
0 0.84298 0.765886 0.00839615 0.0456831 None
0 0.555424 0.818185 0.0102236 0.0493183 None
0 0.508865 0.820504 0.012826 0.0604231 None
0 0.350975 0.847801 0.0137271 0.0638218 None
0 0.796683 0.775671 0.00828743 0.0472141 None
0 0.734109 0.785844 0.00926743 0.0452199 None
0 0.465226 0.830837 0.0119879 0.0561144 None
0 0.743093 0.782817 0.00813866 0.0488885 None
0 0.6056 0.810766 0.00876493 0.0498752 None
0 0.617889 0.814656 0.00746174 0.0368618 None
0 0.831413 0.834699 0.0166271 0.0328498 None
0 0.17829 0.905708 0.0116138 0.0743167 None
0 0.114431 0.982671 0.031969 0.0251172 None
0 0.688979 0.795239 0.0109098 0.0425047 None
0 0.718548 0.830505 0.013351 0.0308672 None
0 0.4753 0.854996 0.0164229 0.0279209 None
0 0.39126 0.818469 0.0172555 0.0574192 None
0 0.127859 0.743839 0.007375 0.0350067 None
0 0.948452 0.736595 0.00554848 0.0160767 None
0 0.700477 0.795357 0.0102221 0.0407133 None
0 0.90261 0.972774 0.0335884 0.038837 None
0 0.956429 0.849075 0.0162308 0.0371952 None
0 0.0221959 0.938538 0.0442545 0.0283081 None
0 0.470621 0.760069 0.00857429 0.0156859 None
0 0.985743 0.733349 0.00886688 0.0224786 None
0 0.916065 0.754427 0.00696831 0.0418511 None
0 0.889925 0.975966 0.0585226 0.0458818 None
0 0.354567 0.989355 0.0149938 0.0212906 None
0 0.947153 0.851316 0.0348835 0.0415585 None
0 0.290557 0.721056 0.00713797 0.0143511 None
0 0.328186 0.772507 0.00428391 0.0105713 None
0 0.972068 0.762753 0.0146854 0.0267303 None
0 0.879319 0.698228 0.00635471 0.0225016 None
0 0.715452 0.830809 0.020079 0.0318049 None
0 0.853692 0.835131 0.021085 0.0264204 None
0 0.855087 0.834498 0.0153141 0.0253633 None
0 0.976613 0.674333 0.00704117 0.016765 None
0 0.996178 0.813392 0.00723953 0.0168386 None
0 0.928642 0.739366 0.00805874 0.0279663 None
0 0.928758 0.732239 0.00729256 0.01349 None
0 0.181246 0.905876 0.0174321 0.0747389 None
0 0.292893 0.728527 0.00990777 0.00730896 None
0 0.677077 0.814515 0.0171264 0.0206599 None
0 0.883862 0.981162 0.0459042 0.0360738 None
0 0.249462 0.720311 0.00745621 0.0130225 None
0 0.894021 0.685732 0.00716629 0.0180443 None
0 0.907846 0.754471 0.00691757 0.0380208 None
0 0.765402 0.813801 0.0313345 0.0176812 None
0 0.914354 0.75442 0.0106544 0.0434913 None
0 0.908132 0.760322 0.00642395 0.0271559 None
0 0.346395 0.836208 0.0057724 0.0309543 None
0 0.125563 0.743732 0.0118328 0.0355143 None
0 0.91119 0.973621 0.0466503 0.0423843 None
0 0.00825314 0.871278 0.0163967 0.0251634 None
0 0.971955 0.764784 0.0221233 0.0253094 None
0 0.769493 0.81329 0.0206124 0.0161062 None
0 0.346196 0.840586 0.00669432 0.0436601 None
0 0.913903 0.972355 0.0106945 0.0383682 None
0 0.606509 0.765833 0.0122404 0.0178833 None
0 0.236461 0.768493 0.00561347 0.0104811 None
0 0.00465997 0.750586 0.00881769 0.0118032 None
0 0.0978792 0.994409 0.0527214 0.00835639 None
0 0.994242 0.672186 0.00570679 0.0222344 None
0 0.921702 0.973534 0.0278305 0.0409841 None
0 0.00456423 0.760478 0.00904699 0.00987006 None
0 0.921131 0.681065 0.00462036 0.0129712 None
0 0.974808 0.771853 0.0186592 0.0106062 None
0 0.940267 0.674612 0.00654526 0.0198861 None
0 0.201234 0.916841 0.0393486 0.0318054 None
0 0.885357 0.694908 0.00453377 0.0105442 None
0 0.484718 0.855078 0.0355527 0.0274217 None
0 0.729233 0.784472 0.00685606 0.0348551 None
0 0.842897 0.835299 0.0395924 0.0336724 None
0 0.861854 0.836317 0.0366829 0.0325148 None
0 0.577521 0.875513 0.0331604 0.0132684 None
0 0.939896 0.677327 0.0055603 0.0150669 None
0 0.77044 0.813252 0.0276981 0.0173506 None
0 0.479923 0.855094 0.019989 0.0267456 None
0 0.937369 0.860008 0.017857 0.0264147 None
0 0.0997759 0.984523 0.063035 0.0279873 None
0 0.00578191 0.979859 0.0115311 0.0171332 None
0 0.970641 0.771266 0.0294977 0.015957 None
0 0.00571888 0.751358 0.00905044 0.0138655 None
0 0.967269 0.668145 0.00440826 0.011706 None
0 0.978251 0.651946 0.00481987 0.0120049 None
0 0.588185 0.912101 0.054086 0.0140737 None
0 0.494675 0.862882 0.0157866 0.0105103 None
0 0.185277 0.903526 0.0267477 0.0708364 None
0 0.970389 0.774875 0.028471 0.010239 None
0 0.952814 0.660118 0.00640564 0.0148075 None
0 0.855246 0.836821 0.0494255 0.0346724 None
0 0.710771 0.831992 0.0296236 0.0327062 None
0 0.953457 0.654184 0.00607491 0.0201621 None
0 0.779158 0.816114 0.00930042 0.0109623 None
0 0.850813 0.835024 0.0248238 0.0316488 None
0 0.877055 0.985108 0.0329357 0.0287781 None
0 0.923401 0.674338 0.00897827 0.0202803 None
0 0.577106 0.875154 0.033247 0.013206 None
0 0.994795 0.81357 0.0100414 0.0174684 None
0 0.598223 0.772204 0.0286016 0.0120073 None
0 0.995877 0.67157 0.00755367 0.0197787 None
0 0.872622 0.845586 0.0146549 0.0150869 None
0 0.85649 0.837931 0.0369078 0.0317517 None
0 0.975952 0.772141 0.0197292 0.0104753 None
0 0.936892 0.721751 0.00350227 0.00858866 None
0 0.118108 0.751109 0.0205767 0.0144274 None
0 0.859485 0.843141 0.0415703 0.0216943 None
0 0.947428 0.859206 0.0383833 0.030866 None
0 0.881174 0.698094 0.0100309 0.0222036 None
0 0.923306 0.979367 0.0245983 0.028224 None
0 0.936032 0.866892 0.0151979 0.0141574 None
0 0.946385 0.761501 0.0591923 0.0199259 None
