0 0.761726 0.779148 0.0101379 0.0522929 60433
0 0.797356 0.774441 0.00844498 0.0472677 60434
0 0.953766 0.850038 0.0228413 0.0428982 60435
0 0.626744 0.807918 0.01079 0.0499418 60436
0 0.830551 0.834668 0.0175402 0.0333544 60437
0 0.692497 0.795866 0.00992413 0.0474267 60438
0 0.842623 0.765424 0.00836029 0.0444773 60439
0 0.452448 0.834068 0.0122953 0.0679945 60440
0 0.547654 0.81595 0.0115107 0.0516591 60441
0 0.703558 0.791805 0.00988903 0.0467804 60442
0 0.731502 0.786359 0.0101174 0.0489756 60443
0 0.746583 0.781581 0.00817308 0.044948 60444
0 0.718129 0.830487 0.015023 0.0316522 60445
0 0.474238 0.854973 0.0169781 0.0282518 60446
0 0.890409 0.975448 0.0579737 0.0459218 60447
0 0.94069 0.728615 0.00630074 0.0203681 60448
0 0.737699 0.786413 0.00844116 0.0449246 60449
0 0.199133 0.915962 0.0482707 0.0319027 60450
0 0.0637835 0.751563 0.00885016 0.0117098 60451
0 0.0572981 0.735877 0.00525806 0.0158269 60452
0 0.855783 0.831615 0.0153791 0.0305111 60453
0 0.676465 0.815515 0.0161482 0.0173191 60454
0 0.433607 0.914796 0.02442 0.0372433 60455
0 0.00492621 0.751041 0.00953093 0.0182938 60456
0 0.9743 0.763198 0.0196337 0.026552 60457
0 0.293104 0.723951 0.00714202 0.0176761 60458
0 0.355295 0.989243 0.0132912 0.021514 60459
0 0.273317 0.728573 0.00821981 0.0187093 60460
0 0.391238 0.819382 0.0171 0.0605855 60461
0 0.316996 0.71842 0.00537004 0.0186708 60462
0 0.114548 0.981543 0.0323956 0.0298333 60463
0 0.0222443 0.938748 0.0443914 0.0301442 60464
0 0.989692 0.678286 0.00679913 0.0230587 60465
0 0.883353 0.985003 0.0434319 0.0277601 60466
0 0.852453 0.832512 0.0217409 0.0333279 60467
0 0.902631 0.972753 0.0343578 0.0402822 60468
0 0.714061 0.830908 0.023431 0.0323469 60469
0 0.852593 0.848733 0.0268698 0.00972358 60470
0 0.577158 0.874605 0.0327187 0.0161621 60471
0 0.0721709 0.750067 0.0045207 0.00977715 60472
0 0.996455 0.810683 0.00666351 0.0199488 60473
0 0.89765 0.68153 0.00363274 0.0146966 60474
0 0.39729 0.776499 0.00500317 0.0157377 60475
0 0.00550224 0.981356 0.0109144 0.0138889 60476
0 0.109163 0.98056 0.0218751 0.0272001 60477
0 0.976298 0.77143 0.015547 0.0101574 60478
0 0.0973649 0.994227 0.0507502 0.00901388 60479
0 0.990919 0.678778 0.00768776 0.0233791 60480
0 0.0484163 0.7404 0.00846424 0.00858358 60481
0 0.971667 0.76249 0.0119019 0.0260061 60482
0 0.137149 0.741892 0.0148203 0.0103702 60483
0 0.851717 0.845806 0.0261343 0.0137221 60484
0 0.167987 0.738914 0.0132066 0.00937195 60485
0 0.274946 0.728019 0.00763707 0.0186932 60486
0 0.550299 0.807925 0.00818872 0.0320606 60487
0 0.862512 0.834653 0.0331778 0.0369164 60488
0 0.0651213 0.758654 0.0189914 0.00939263 60489
0 0.959437 0.850228 0.0115953 0.0388913 60490
0 0.540893 0.844065 0.00613098 0.0193749 60491
0 0.00561138 0.757982 0.0109572 0.0102753 60492
0 0.548992 0.808085 0.010223 0.036141 60493
0 0.707827 0.786419 0.00511522 0.0148358 60494
0 0.792121 0.696173 0.00515766 0.0147028 60495
0 0.518458 0.731486 0.00697231 0.00821092 60496
0 0.742506 0.78263 0.0152764 0.0510379 60497
0 0.979657 0.675217 0.00627842 0.0150736 60498
0 0.853196 0.848276 0.0289707 0.0129974 60499
0 0.272667 0.73211 0.00911894 0.0133826 60500
0 0.884066 0.989034 0.0411411 0.0194848 60501
0 0.54085 0.849132 0.00693169 0.028166 60502
0 0.923642 0.681402 0.00718193 0.0106302 60503
0 0.519689 0.731227 0.00883427 0.00870429 60504
0 0.936009 0.866432 0.0113905 0.0146262 60505
0 0.859932 0.795171 0.00613728 0.012875 60506
0 0.531212 0.824249 0.0226676 0.00743323 60507
0 0.979065 0.762852 0.030505 0.0267317 60508
0 0.520989 0.737457 0.0169675 0.00654161 60509
0 0.531618 0.825774 0.0221586 0.00852678 60510
0 0.912399 0.973345 0.0489309 0.0423021 60511
0 0.49179 0.864766 0.0213182 0.00756446 60512
0 0.587814 0.913369 0.0515806 0.0117947 60513
0 0.882522 0.979675 0.0430302 0.0352915 60514
0 0.901356 0.974144 0.0720943 0.0442652 60515
0 0.977984 0.771172 0.0146412 0.0102853 60516
0 0.82109 0.700761 0.00519028 0.0115096 60517
0 0.393844 0.756854 0.00560436 0.00857171 60518
0 0.944072 0.865845 0.0274061 0.0158393 60519
0 0.103207 0.98255 0.0619417 0.0310599 60520
0 0.423087 0.915082 0.0456673 0.0387216 60521
0 0.85058 0.837782 0.0288326 0.030619 60522
0 0.577714 0.882349 0.0326813 0.00858137 60523
0 0.96985 0.673272 0.00588169 0.0178329 60524
0 0.84263 0.834417 0.0417671 0.0363532 60525
0 0.963731 0.851029 0.0480309 0.0449222 60526
0 0.395117 0.760007 0.0087184 0.0144019 60527
0 0.758985 0.824352 0.0137606 0.0060045 60528
0 0.541854 0.845445 0.00710115 0.0227303 60529
0 0.43804 0.914598 0.0158351 0.0349626 60530
0 0.272738 0.735537 0.00906649 0.00857273 60531
0 0.752492 0.82698 0.0299932 0.00725386 60532
0 0.688946 0.796729 0.046134 0.0518646 60533
0 0.483108 0.85543 0.0363348 0.0276089 60534
0 0.109367 0.982241 0.0298304 0.0270023 60535
0 0.00949875 0.981122 0.0188258 0.0157132 60536
0 0.966786 0.863396 0.0421291 0.012699 60537
0 0.91964 0.973432 0.0346163 0.0408522 60538
0 0.396476 0.777561 0.00816431 0.0182788 60539
0 0.961121 0.866297 0.0537222 0.0154278 60540
0 0.00614428 0.979112 0.0121729 0.0183994 60541
0 0.575067 0.873818 0.0370396 0.0172329 60542
0 0.87161 0.845371 0.0137558 0.0158157 60543
0 0.543717 0.809453 0.0080431 0.0312785 60544
0 0.0532864 0.738 0.0144833 0.0132729 60545
0 0.109544 0.982246 0.0757025 0.0315508 60546
0 0.990616 0.677079 0.0104176 0.0251421 60547
0 0.577919 0.879894 0.0338142 0.0136763 60548
