0 0.395022 0.897514 0.0216044 0.0828196 None
0 0.436287 0.83458 0.0120737 0.0623684 None
0 0.796398 0.775703 0.00885906 0.0489466 None
0 0.576902 0.812437 0.013134 0.0582225 None
0 0.555348 0.819402 0.00966854 0.0507938 None
0 0.722093 0.786655 0.00977783 0.0489309 None
0 0.619112 0.804415 0.014452 0.0591517 None
0 0.451195 0.834108 0.0142136 0.0656928 None
0 0.830879 0.834905 0.0178776 0.0335602 None
0 0.843417 0.767288 0.0084383 0.0467524 None
0 0.718031 0.830195 0.0135256 0.03122 None
0 0.666482 0.800814 0.0081748 0.0467736 None
0 0.114593 0.983784 0.0321707 0.0264272 None
0 0.687456 0.795417 0.0102897 0.0452359 None
0 0.475638 0.856457 0.0191627 0.0259515 None
0 0.701988 0.792645 0.00840931 0.0448593 None
0 0.0225367 0.938643 0.0450734 0.0292613 None
0 0.935828 0.728827 0.00854149 0.0277552 None
0 0.893897 0.975342 0.0623577 0.0446543 None
0 0.198088 0.91568 0.0455491 0.0315186 None
0 0.391317 0.812341 0.0175767 0.0446143 None
0 0.355147 0.989345 0.0140013 0.0213104 None
0 0.956059 0.848152 0.018239 0.0347419 None
0 0.695187 0.793539 0.00890942 0.0446655 None
0 0.94935 0.746876 0.00819111 0.0353078 None
0 0.856052 0.831033 0.0148745 0.0327172 None
0 0.974733 0.762548 0.0181459 0.0270901 None
0 0.905192 0.97315 0.0412025 0.0394282 None
0 0.854002 0.700477 0.00704975 0.0232442 None
0 0.0121684 0.752081 0.00876801 0.0172838 None
0 0.852753 0.831464 0.022546 0.033429 None
0 0.0956633 0.994314 0.0472794 0.00816447 None
0 0.00746437 0.979051 0.0148377 0.0187995 None
0 0.883609 0.984608 0.0448837 0.0281191 None
0 0.954588 0.851082 0.0223709 0.0402766 None
0 0.675774 0.815114 0.0169939 0.0194707 None
0 0.951013 0.850195 0.0150116 0.038108 None
0 0.445654 0.762731 0.00880203 0.0133197 None
0 0.972459 0.76178 0.0120214 0.0260264 None
0 0.852818 0.848907 0.0259708 0.00901286 None
0 0.00544067 0.97908 0.0108248 0.0179779 None
0 0.0565661 0.742383 0.00707757 0.0160556 None
0 0.995963 0.810426 0.00766811 0.0229682 None
0 0.577375 0.875458 0.032186 0.0148112 None
0 0.0548081 0.744997 0.0104504 0.0217072 None
0 0.457614 0.762889 0.00436335 0.0116764 None
0 0.996114 0.815125 0.00736389 0.0136315 None
0 0.714816 0.830606 0.0207976 0.0318944 None
0 0.484601 0.856655 0.0381295 0.0261295 None
0 0.321772 0.769459 0.0210312 0.0137867 None
0 0.284744 0.728833 0.00490484 0.0119832 None
0 0.950078 0.85863 0.0148991 0.0235921 None
0 0.279406 0.728677 0.00524626 0.0141008 None
0 0.0734678 0.750675 0.00527802 0.0112105 None
0 0.316423 0.768491 0.0107925 0.0125936 None
0 0.674453 0.804396 0.0192907 0.0404449 None
0 0.704476 0.792404 0.0139555 0.0462419 None
0 0.845626 0.847827 0.0408752 0.0114268 None
0 0.588209 0.913404 0.054147 0.012128 None
0 0.577252 0.875134 0.0318945 0.014446 None
0 0.936204 0.864493 0.0165482 0.0163184 None
0 0.841666 0.698539 0.00627174 0.0164648 None
0 0.153371 0.983606 0.0175361 0.01242 None
0 0.357887 0.771395 0.00814729 0.011863 None
0 0.884807 0.97843 0.0479267 0.0367571 None
0 0.0100045 0.979083 0.0198481 0.0203279 None
0 0.852139 0.844627 0.0228733 0.0124576 None
0 0.957054 0.866759 0.0587631 0.0146155 None
0 0.102019 0.984838 0.0594929 0.0262134 None
0 0.956622 0.86877 0.0278313 0.0103244 None
0 0.448863 0.834234 0.0112549 0.0641608 None
0 0.947539 0.864073 0.0418016 0.0183912 None
0 0.591349 0.914498 0.0447976 0.00944248 None
0 0.947391 0.85148 0.0282497 0.0414608 None
0 0.707445 0.785933 0.00639381 0.0166094 None
0 0.952278 0.867457 0.0362675 0.0127153 None
0 0.355793 0.771605 0.00937543 0.0127577 None
0 0.480866 0.85633 0.0183276 0.0255829 None
0 0.959118 0.848001 0.0139755 0.0336521 None
0 0.996 0.804559 0.00756798 0.0345391 None
0 0.357815 0.771216 0.0119596 0.0128333 None
0 0.541095 0.849889 0.00737371 0.0272329 None
0 0.840748 0.835521 0.0381935 0.0341302 None
0 0.964196 0.863109 0.044231 0.0109775 None
0 0.449769 0.762938 0.0187237 0.0127547 None
0 0.0175205 0.759938 0.0234615 0.0107069 None
0 0.493397 0.723873 0.0124261 0.0107785 None
0 0.44662 0.826005 0.00717106 0.0345127 None
0 0.917941 0.972556 0.0172749 0.0381961 None
0 0.697747 0.840879 0.0238076 0.0128021 None
0 0.770024 0.813175 0.0151133 0.0158719 None
