0 0.452617 0.833355 0.0136238 0.0669549 None
0 0.477294 0.83418 0.0127533 0.0678959 None
0 0.830235 0.834691 0.0174309 0.033303 None
0 0.718823 0.830476 0.0145 0.0312697 None
0 0.0579802 0.903586 0.0166189 0.0599889 None
0 0.842916 0.765801 0.0085144 0.0472577 None
0 0.921449 0.7513 0.00966682 0.0477571 None
0 0.697698 0.792943 0.00953064 0.0477898 None
0 0.883434 0.757931 0.00999012 0.0485592 None
0 0.794032 0.776013 0.0108457 0.0489139 None
0 0.775508 0.780101 0.0091732 0.0416355 None
0 0.515144 0.809908 0.0105129 0.0429771 None
0 0.905186 0.75577 0.00907097 0.0426824 None
0 0.829829 0.7658 0.0081871 0.0358968 None
0 0.953412 0.848714 0.0219736 0.0393646 None
0 0.745899 0.784315 0.0105128 0.0467375 None
0 0.198064 0.915654 0.0460286 0.0321376 None
0 0.755751 0.782721 0.00824394 0.0475301 None
0 0.436286 0.905618 0.0225855 0.0551141 None
0 0.94135 0.740322 0.00679951 0.0300871 None
0 0.855722 0.83096 0.016934 0.0344026 None
0 0.852975 0.832153 0.0232195 0.0356601 None
0 0.484514 0.777712 0.00844231 0.0198408 None
0 0.973479 0.762562 0.0182953 0.0282118 None
0 0.354914 0.989132 0.0144262 0.0216251 None
0 0.32296 0.752429 0.011698 0.0170542 None
0 0.00595012 0.752354 0.0113788 0.0174364 None
0 0.385243 0.75245 0.00860786 0.0149494 None
0 0.894112 0.975399 0.0654192 0.0468852 None
0 0.905769 0.972578 0.0421988 0.0421146 None
0 0.46052 0.78043 0.00685501 0.0185905 None
0 0.577617 0.875523 0.0332597 0.0155494 None
0 0.198953 0.734029 0.00867982 0.0119171 None
0 0.114571 0.981606 0.0303278 0.0233458 None
0 0.323433 0.708833 0.00682383 0.0181739 None
0 0.0220897 0.938884 0.0441795 0.0315323 None
0 0.996136 0.811797 0.00730896 0.0196086 None
0 0.0714626 0.752032 0.00622392 0.0165222 None
0 0.0682825 0.737514 0.00740566 0.0178677 None
0 0.27975 0.729295 0.00690765 0.0130581 None
0 0.00253603 0.976878 0.0050142 0.0231964 None
0 0.379638 0.760597 0.0353905 0.013765 None
0 0.00538558 0.976756 0.0107177 0.0242452 None
0 0.109556 0.980911 0.0200445 0.0226071 None
0 0.0698461 0.752281 0.00883565 0.0183421 None
0 0.97679 0.650948 0.00544662 0.0188372 None
0 0.10544 0.983971 0.0512462 0.0273068 None
0 0.675422 0.81574 0.0135002 0.0180457 None
0 0.391319 0.832982 0.0181379 0.0854016 None
0 0.884264 0.979918 0.0464405 0.0386424 None
0 0.540427 0.8493 0.00707321 0.0266808 None
0 0.951825 0.85992 0.0260094 0.0248884 None
0 0.74045 0.781256 0.0053196 0.0312497 None
0 0.679157 0.815571 0.020677 0.0186178 None
0 0.951471 0.860487 0.0186228 0.0201077 None
0 0.995938 0.674393 0.00768471 0.0161813 None
0 0.531766 0.736373 0.0132565 0.0107398 None
0 0.792886 0.696938 0.00606499 0.0131037 None
0 0.531811 0.73649 0.0134134 0.0107313 None
0 0.429955 0.906121 0.0140247 0.0532454 None
0 0.767234 0.698001 0.00686455 0.0140401 None
0 0.459851 0.784709 0.0236776 0.0107883 None
0 0.280507 0.731468 0.00875025 0.0154036 None
0 0.511609 0.812384 0.0054184 0.0302731 None
0 0.0687379 0.744497 0.00913346 0.0316749 None
0 0.936933 0.867035 0.0131014 0.0161157 None
0 0.309137 0.717906 0.0169777 0.00923445 None
0 0.948636 0.850931 0.0290577 0.0450534 None
0 0.87255 0.845978 0.0148567 0.0157466 None
0 0.391288 0.818297 0.0178432 0.0556281 None
0 0.10309 0.992714 0.0620876 0.0119066 None
0 0.77055 0.812378 0.0141817 0.0150231 None
0 0.11796 0.984419 0.0371297 0.0235613 None
0 0.0698872 0.740388 0.0109367 0.0227353 None
0 0.949101 0.86516 0.0366844 0.01932 None
0 0.921813 0.973744 0.0267639 0.041271 None
0 0.773525 0.812337 0.0206004 0.0169454 None
0 0.74443 0.781751 0.0121096 0.0445001 None
0 0.934728 0.725627 0.00501747 0.0204919 None
0 0.914046 0.973736 0.0419369 0.0438833 None
0 0.948741 0.866264 0.0372082 0.0170302 None
0 0.794067 0.697111 0.00731449 0.0126207 None
0 0.00912494 0.977479 0.0180194 0.0260056 None
0 0.901055 0.679479 0.00577984 0.0182515 None
0 0.0536425 0.752814 0.00508045 0.00714518 None
0 0.438233 0.905893 0.0133446 0.053874 None
0 0.486034 0.777913 0.0118713 0.0203956 None
0 0.386239 0.754133 0.010857 0.0184397 None
0 0.884395 0.683081 0.00485706 0.00863715 None
0 0.585486 0.90733 0.0442436 0.0233119 None
0 0.982357 0.65983 0.00691452 0.0141038 None
0 0.695228 0.792903 0.0123894 0.0459985 None
0 0.284736 0.733064 0.0184052 0.0189558 None
0 0.979904 0.65546 0.0100895 0.0214647 None
0 0.864104 0.833718 0.0324821 0.0396818 None
0 0.0997777 0.993969 0.0541574 0.00805596 None
0 0.917329 0.970172 0.0146441 0.0383197 None
0 0.461873 0.780424 0.0132762 0.0199933 None
0 0.430279 0.92059 0.0166143 0.0262526 None
0 0.475728 0.820589 0.0100463 0.0409007 None
0 0.971987 0.673938 0.00727196 0.0150684 None
0 0.585968 0.909973 0.0431445 0.0182275 None
0 0.441658 0.90244 0.0137766 0.0458111 None
0 0.427128 0.924499 0.00944166 0.0169481 None
0 0.741787 0.782666 0.0114981 0.0423058 None
0 0.716026 0.830943 0.0204078 0.0317496 None
0 0.120944 0.986198 0.0192972 0.0221754 None
0 0.955818 0.868477 0.0291224 0.010779 None
0 0.879042 0.985591 0.0365612 0.0275835 None
0 0.373979 0.758863 0.0473635 0.0168779 None
