0 0.476182 0.833846 0.0154329 0.0648753 None
0 0.455208 0.833912 0.012252 0.0678362 None
0 0.771351 0.780039 0.00919075 0.0442581 None
0 0.718479 0.83073 0.0144512 0.0302979 None
0 0.830574 0.834672 0.0172897 0.0334637 None
0 0.794064 0.776206 0.01084 0.0473619 None
0 0.877601 0.759094 0.00906792 0.0502411 None
0 0.696771 0.793852 0.0109713 0.0446208 None
0 0.953509 0.849508 0.0220602 0.0412109 None
0 0.744416 0.783781 0.00980806 0.0477105 None
0 0.517 0.804444 0.0103971 0.034492 None
0 0.842435 0.766534 0.00968018 0.0476724 None
0 0.826104 0.767365 0.00743942 0.038225 None
0 0.755908 0.78141 0.00987625 0.0494954 None
0 0.856294 0.830271 0.0153065 0.0327259 None
0 0.913184 0.753869 0.0107899 0.0464956 None
0 0.946804 0.739107 0.00767517 0.0333072 None
0 0.398178 0.748416 0.00901775 0.0215183 None
0 0.278495 0.729606 0.00694461 0.0158427 None
0 0.324852 0.751752 0.0105123 0.0161387 None
0 0.456705 0.780598 0.00753765 0.0181831 None
0 0.0442173 0.903371 0.0151238 0.0626424 None
0 0.0691519 0.740679 0.00739347 0.0240092 None
0 0.481003 0.778921 0.00838089 0.0220629 None
0 0.894447 0.976214 0.0653896 0.0457426 None
0 0.996049 0.809866 0.00748386 0.0238798 None
0 0.973152 0.762758 0.0156967 0.0278146 None
0 0.0219733 0.938201 0.0439466 0.0306039 None
0 0.39361 0.75936 0.0358852 0.00803511 None
0 0.433839 0.903506 0.0255226 0.0580631 None
0 0.355098 0.988996 0.0145413 0.0220089 None
0 0.322717 0.710006 0.00613146 0.0156932 None
0 0.767643 0.697413 0.00726852 0.0143365 None
0 0.0096172 0.751395 0.0063575 0.0180552 None
0 0.883813 0.979713 0.0442465 0.038972 None
0 0.790541 0.696639 0.00672092 0.0162596 None
0 0.906043 0.973069 0.043787 0.0400019 None
0 0.439788 0.904972 0.0135467 0.0522437 None
0 0.0067684 0.975963 0.0134499 0.0254476 None
0 0.00981113 0.75989 0.0168146 0.00803765 None
0 0.0525372 0.751976 0.0057538 0.010202 None
0 0.198792 0.915931 0.0472408 0.0331148 None
0 0.676906 0.815794 0.0188712 0.018278 None
0 0.00621712 0.752921 0.00849662 0.0167067 None
0 0.0723563 0.750646 0.00785862 0.0135668 None
0 0.917806 0.972762 0.0181042 0.0395089 None
0 0.125741 0.985863 0.0270247 0.0204125 None
0 0.16135 0.740255 0.00553889 0.00906101 None
0 0.0692974 0.742532 0.00892968 0.0290741 None
0 0.853574 0.831423 0.0212593 0.036163 None
0 0.921428 0.973331 0.0271431 0.0402451 None
0 0.0450092 0.921395 0.0138994 0.0274233 None
0 0.680726 0.815623 0.0168749 0.017868 None
0 0.972312 0.674975 0.00617638 0.0162946 None
0 0.883361 0.985241 0.0431782 0.0280226 None
0 0.0416042 0.899947 0.0107337 0.0544802 None
0 0.330938 0.732317 0.0155879 0.00743273 None
0 0.428062 0.90705 0.0133801 0.0506073 None
0 0.763324 0.710335 0.0153217 0.00854526 None
0 0.101746 0.994241 0.0600596 0.0080051 None
0 0.198183 0.733216 0.0107262 0.00956692 None
0 0.827556 0.767612 0.0101572 0.039291 None
0 0.00877887 0.758398 0.0151605 0.01135 None
0 0.109514 0.980896 0.0187027 0.0226888 None
0 0.715709 0.831249 0.0201702 0.0309335 None
0 0.840465 0.775755 0.00744476 0.0296171 None
0 0.116623 0.98357 0.0320381 0.0239577 None
0 0.752777 0.784316 0.0106829 0.0447645 None
0 0.528395 0.738782 0.00339317 0.00707448 None
0 0.577047 0.87543 0.0320493 0.0134613 None
0 0.33051 0.730999 0.0168417 0.00981547 None
0 0.455265 0.786509 0.0231752 0.00941332 None
0 0.105033 0.987504 0.0665744 0.0210493 None
0 0.0081421 0.752823 0.0138169 0.0201452 None
0 0.391298 0.832772 0.0180923 0.0865121 None
0 0.576821 0.875258 0.0321587 0.0131961 None
0 0.105332 0.985536 0.0647472 0.0239573 None
0 0.934067 0.725185 0.00706577 0.0249929 None
0 0.853204 0.846229 0.0265667 0.0135769 None
0 0.10987 0.984009 0.0414757 0.0247494 None
0 0.429955 0.894435 0.0155846 0.0404266 None
0 0.995903 0.675486 0.00702744 0.0160633 None
0 0.773592 0.813276 0.00641766 0.0143026 None
0 0.85857 0.847402 0.0381502 0.0126533 None
0 0.87769 0.672456 0.00528717 0.0105114 None
0 0.307528 0.717245 0.0155872 0.0081092 None
0 0.944756 0.866909 0.0283348 0.0151472 None
0 0.94841 0.739236 0.0108149 0.0338348 None
0 0.949619 0.860518 0.0141619 0.0182415 None
0 0.937479 0.867222 0.0140636 0.0149245 None
0 0.313156 0.71727 0.0268287 0.00951436 None
0 0.884062 0.682689 0.00501518 0.0080446 None
0 0.427967 0.898864 0.00987301 0.0309875 None
0 0.90591 0.976044 0.0608707 0.0452016 None
0 0.770846 0.812577 0.0140575 0.0157355 None
0 0.520768 0.842614 0.0271027 0.0104326 None
0 0.981786 0.661492 0.00502014 0.0139109 None
0 0.456199 0.785029 0.0208494 0.0118757 None
0 0.865528 0.845051 0.0250803 0.0164035 None
0 0.86256 0.832508 0.0290956 0.0379293 None
0 0.946597 0.865652 0.0205652 0.0125724 None
0 0.76666 0.813187 0.00807142 0.015015 None
0 0.944998 0.739242 0.0116617 0.0345723 None
0 0.685843 0.775104 0.0298477 0.0126133 None
0 0.0418071 0.889955 0.0120112 0.0398761 None
0 0.982871 0.67703 0.00460854 0.0117694 None
0 0.00462018 0.973472 0.0091848 0.0303289 None
0 0.282131 0.736805 0.0159315 0.00876906 None
0 0.540576 0.848734 0.0072279 0.0291395 None
0 0.947657 0.850726 0.0330423 0.0460202 None
0 0.0531837 0.751997 0.00806704 0.0112103 None
0 0.773202 0.812945 0.0207521 0.0174652 None
0 0.456133 0.790021 0.0231678 0.0129115 None
0 0.593489 0.913385 0.0621162 0.0123993 None
0 0.199471 0.734532 0.0134901 0.010966 None
0 0.871752 0.845377 0.0130161 0.0151628 None
0 0.10965 0.973843 0.0190727 0.0379157 None
0 0.328771 0.729467 0.017611 0.00996331 None
0 0.779287 0.816312 0.00808268 0.00997145 None
