0 0.482217 0.827569 0.0123293 0.0571554 79063
0 0.437678 0.894838 0.0168802 0.0738851 79064
0 0.452125 0.834186 0.0130545 0.0658335 79065
0 0.842289 0.767182 0.00844765 0.0455817 79066
0 0.796326 0.776388 0.00854054 0.0478149 79067
0 0.830835 0.834864 0.0177631 0.0332994 79068
0 0.738654 0.78341 0.010209 0.0491172 79069
0 0.555803 0.818443 0.0125784 0.0496211 79070
0 0.629244 0.802187 0.010522 0.0519055 79071
0 0.718607 0.82978 0.0142105 0.0323225 79072
0 0.668956 0.791581 0.0101208 0.0499986 79073
0 0.114581 0.982398 0.0334706 0.0278705 79074
0 0.0220931 0.937865 0.0441863 0.0278044 79075
0 0.0173813 0.751083 0.00989706 0.0185325 79076
0 0.704244 0.793082 0.00879631 0.0428692 79077
0 0.198016 0.915965 0.0458549 0.0310727 79078
0 0.953534 0.851013 0.0219501 0.0411336 79079
0 0.693036 0.795057 0.00973625 0.0466176 79080
0 0.890871 0.975505 0.0590645 0.0466305 79081
0 0.855529 0.829508 0.0142748 0.0332713 79082
0 0.475118 0.858176 0.0181448 0.0217926 79083
0 0.35498 0.98912 0.01515 0.0217594 79084
0 0.93504 0.727916 0.00641365 0.0211097 79085
0 0.318113 0.708536 0.00487075 0.0170258 79086
0 0.902904 0.9723 0.0358021 0.0404154 79087
0 0.0658105 0.737393 0.00615706 0.0241794 79088
0 0.292564 0.72317 0.00996094 0.0165232 79089
0 0.957021 0.84983 0.0153187 0.0382814 79090
0 0.0954336 0.994159 0.0463511 0.00802341 79091
0 0.853241 0.830215 0.0209641 0.0342051 79092
0 0.576064 0.813747 0.030657 0.010742 79093
0 0.00564522 0.977551 0.0112626 0.0216115 79094
0 0.695668 0.794979 0.00813198 0.0429342 79095
0 0.677857 0.815317 0.0149106 0.0180545 79096
0 0.910528 0.973212 0.0492262 0.0421851 79097
0 0.106328 0.982764 0.0494574 0.029126 79098
0 0.164509 0.727372 0.00580025 0.00912832 79099
0 0.391311 0.832594 0.0181933 0.0853984 79100
0 0.0672874 0.740688 0.0093138 0.0303796 79101
0 0.27386 0.730688 0.00597463 0.0162706 79102
0 0.968283 0.741803 0.00851078 0.0329458 79103
0 0.883448 0.984908 0.0445332 0.028221 79104
0 0.715729 0.829961 0.0202977 0.033177 79105
0 0.973312 0.760402 0.0104847 0.0270998 79106
0 0.284774 0.726381 0.00712395 0.00717977 79107
0 0.973524 0.753971 0.00727844 0.0160753 79108
0 0.773589 0.813203 0.0216816 0.0176488 79109
0 0.974441 0.761901 0.0171366 0.0279185 79110
0 0.971281 0.74153 0.0142052 0.033223 79111
0 0.577135 0.875264 0.0333265 0.013512 79112
0 0.366233 0.772816 0.0121163 0.0116211 79113
0 0.996408 0.815357 0.00676594 0.0112271 79114
0 0.577423 0.875758 0.0332012 0.0132914 79115
0 0.369051 0.77293 0.0067626 0.0114566 79116
0 0.848974 0.69883 0.00552444 0.0182139 79117
0 0.996274 0.810517 0.00704403 0.0212107 79118
0 0.884195 0.978777 0.0456184 0.0393426 79119
0 0.852513 0.848952 0.0258095 0.00916206 79120
0 0.974554 0.770266 0.0188965 0.0122843 79121
0 0.292587 0.723915 0.0126063 0.014113 79122
0 0.488552 0.728025 0.00550117 0.0106923 79123
0 0.950187 0.862729 0.0152313 0.0184411 79124
0 0.423108 0.764185 0.00631351 0.0121363 79125
0 0.428612 0.919645 0.0142757 0.0224048 79126
0 0.0677392 0.753368 0.00986483 0.00894657 79127
0 0.431472 0.763716 0.0180712 0.0125263 79128
0 0.361363 0.773012 0.022098 0.0119704 79129
0 0.488173 0.726673 0.00481148 0.0117384 79130
0 0.58876 0.913668 0.0393406 0.0105381 79131
0 0.826452 0.812941 0.0227369 0.0124023 79132
0 0.67391 0.815453 0.0163254 0.0202389 79133
0 0.486469 0.72731 0.00811596 0.0111881 79134
0 0.433612 0.894214 0.0264736 0.0747525 79135
0 0.268283 0.736614 0.0109763 0.00735067 79136
0 0.269345 0.731446 0.0121471 0.0160821 79137
0 0.585504 0.912934 0.0466373 0.0133504 79138
0 0.920292 0.973186 0.0315258 0.0416911 79139
0 0.946947 0.854165 0.0334473 0.0413578 79140
0 0.892995 0.684867 0.00387039 0.0174364 79141
0 0.974137 0.750025 0.0204576 0.050038 79142
0 0.940163 0.674641 0.008601 0.0176053 79143
0 0.824116 0.6974 0.00569859 0.0162928 79144
0 0.0678216 0.75008 0.010017 0.0136534 79145
0 0.782126 0.813983 0.0135633 0.0156399 79146
0 0.0802652 0.75046 0.00600741 0.00984514 79147
0 0.675187 0.797821 0.0241021 0.0582608 79148
0 0.971879 0.672971 0.00448856 0.0154048 79149
0 0.936475 0.867132 0.0123623 0.0153744 79150
0 0.577422 0.881762 0.033005 0.00806139 79151
0 0.844105 0.847627 0.0435646 0.0120704 79152
0 0.753314 0.827865 0.0299307 0.00837199 79153
0 0.577417 0.879444 0.0333944 0.0119859 79154
0 0.141204 0.734515 0.00695584 0.00851576 79155
0 0.855752 0.795391 0.015918 0.0118298 79156
0 0.871702 0.845278 0.0132748 0.0155406 79157
0 0.709643 0.843319 0.0136773 0.00822652 79158
0 0.923392 0.725265 0.0385086 0.0127735 79159
0 0.891557 0.680717 0.00680847 0.0224358 79160
0 0.960748 0.851042 0.0192577 0.0404572 79161
0 0.311746 0.713062 0.0118642 0.00932227 79162
0 0.925006 0.724414 0.0438635 0.0163498 79163
0 0.99602 0.669401 0.00520535 0.0192108 79164
0 0.914302 0.969529 0.00984821 0.0353383 79165
0 0.825583 0.81313 0.0235741 0.0129057 79166
0 0.00926917 0.97785 0.0185383 0.0229414 79167
0 0.161163 0.727864 0.0130619 0.00996043 79168
0 0.839074 0.835395 0.0344307 0.0341141 79169
0 0.856238 0.819677 0.0169769 0.0223565 79170
0 0.675764 0.819398 0.0219003 0.0252252 79171
0 0.850187 0.697694 0.00747032 0.0203061 79172
0 0.943061 0.722412 0.026582 0.0196509 79173
0 0.983438 0.663596 0.00359421 0.011811 79174
0 0.996242 0.813998 0.00704136 0.0187826 79175
0 0.424322 0.921894 0.0215286 0.0223897 79176
0 0.983417 0.671469 0.00327492 0.0120251 79177
0 0.579106 0.810485 0.0381231 0.0147402 79178
0 0.663379 0.82898 0.0229788 0.00970256 79179
0 0.938271 0.721662 0.0365952 0.0196557 79180
0 0.851846 0.843333 0.022934 0.0148785 79181
0 0.850649 0.832794 0.0255295 0.0349431 79182
0 0.659849 0.816107 0.0171953 0.011191 79183
0 0.0992282 0.992072 0.0529408 0.011498 79184
