0 0.452956 0.833998 0.0127216 0.0672936 None
0 0.481293 0.832158 0.0137222 0.0630312 None
0 0.78989 0.776462 0.0107605 0.047986 None
0 0.69734 0.794118 0.00904198 0.0459008 None
0 0.163626 0.883168 0.0105924 0.0582292 None
0 0.804368 0.77572 0.00808678 0.0433533 None
0 0.682041 0.793878 0.00984974 0.0413257 None
0 0.95365 0.849573 0.0221245 0.0413215 None
0 0.423874 0.904058 0.0191639 0.0607125 None
0 0.844161 0.765528 0.0111015 0.0444602 None
0 0.854483 0.763104 0.00789089 0.0390981 None
0 0.71726 0.83058 0.0152604 0.030966 None
0 0.959293 0.743609 0.00931091 0.0481259 None
0 0.92715 0.75113 0.00928669 0.0448466 None
0 0.989598 0.736614 0.00929375 0.0469601 None
0 0.830313 0.834343 0.0177784 0.0327554 None
0 0.772368 0.778269 0.00861607 0.0497091 None
0 0.76315 0.780761 0.00763836 0.0470279 None
0 0.35487 0.989165 0.0150632 0.0216707 None
0 0.883638 0.979272 0.0456491 0.0389304 None
0 0.855416 0.831198 0.0165878 0.0339186 None
0 0.115469 0.984358 0.0308166 0.0224698 None
0 0.504308 0.811361 0.00912705 0.0343781 None
0 0.916892 0.741354 0.00976143 0.0255859 None
0 0.995596 0.813663 0.00838604 0.0183801 None
0 0.00676193 0.750527 0.00901701 0.0174323 None
0 0.921517 0.973481 0.0262012 0.0407155 None
0 0.766274 0.697663 0.00609722 0.0162009 None
0 0.852465 0.832567 0.0217663 0.0351735 None
0 0.907175 0.973521 0.0430565 0.0405955 None
0 0.89543 0.975718 0.06861 0.0444495 None
0 0.786835 0.698196 0.00797501 0.0176419 None
0 0.918166 0.972892 0.0186459 0.0395938 None
0 0.00608505 0.981478 0.0120865 0.0142314 None
0 0.110508 0.984914 0.0432825 0.0245124 None
0 0.484039 0.771866 0.00535774 0.01918 None
0 0.0967197 0.994141 0.0484895 0.00826246 None
0 0.937218 0.725785 0.00628014 0.0209891 None
0 0.510825 0.771695 0.00769367 0.0148888 None
0 0.540563 0.849134 0.00688162 0.026209 None
0 0.0221024 0.93924 0.0442049 0.0300686 None
0 0.984391 0.675523 0.00773582 0.0177757 None
0 0.303733 0.75452 0.00763197 0.0174393 None
0 0.769782 0.779008 0.0138427 0.0523083 None
0 0.305044 0.755297 0.013994 0.0187809 None
0 0.764132 0.788171 0.00925312 0.0603939 None
0 0.713479 0.831355 0.0227238 0.032304 None
0 0.328309 0.71249 0.00632973 0.0166836 None
0 0.577653 0.87588 0.0329096 0.0143907 None
0 0.947947 0.85168 0.0328445 0.0441106 None
0 0.972578 0.762952 0.0159527 0.0278012 None
0 0.958504 0.848857 0.0127052 0.0361679 None
0 0.834104 0.834836 0.0219456 0.0339449 None
0 0.0781843 0.752862 0.0189432 0.0127282 None
0 0.0813363 0.753265 0.0126148 0.0109082 None
0 0.874252 0.766503 0.00681057 0.0311527 None
0 0.771371 0.787084 0.0123497 0.0650614 None
0 0.112201 0.981539 0.0254967 0.0224525 None
0 0.929376 0.750716 0.0137817 0.0463013 None
0 0.966887 0.744491 0.00887833 0.028233 None
0 0.504571 0.808013 0.0108482 0.0416107 None
0 0.678215 0.799409 0.0179793 0.0489275 None
0 0.0565193 0.752119 0.00816064 0.0079244 None
0 0.125437 0.985887 0.027001 0.0211494 None
0 0.97056 0.670534 0.00447922 0.0102629 None
0 0.952446 0.861196 0.023443 0.0218313 None
0 0.885654 0.718766 0.0529896 0.0195903 None
0 0.881701 0.984829 0.0419525 0.0291002 None
0 0.875755 0.98472 0.0293472 0.0279634 None
0 0.964437 0.743421 0.0143185 0.040869 None
0 0.103294 0.98573 0.060708 0.0239892 None
0 0.897636 0.975573 0.0247782 0.0312736 None
0 0.967787 0.741918 0.00748081 0.0324646 None
0 0.972049 0.753075 0.00672226 0.0094045 None
0 0.00617769 0.978609 0.0122445 0.0193166 None
0 0.675208 0.815659 0.0151239 0.0203971 None
0 0.973223 0.764673 0.0210693 0.0291317 None
0 0.971338 0.755346 0.0125076 0.0196954 None
0 0.103384 0.985474 0.060976 0.0237735 None
0 0.390807 0.818583 0.0183761 0.0568505 None
0 0.841514 0.834504 0.0446884 0.0367282 None
0 0.875647 0.766663 0.00627117 0.0316711 None
0 0.851983 0.840217 0.0225929 0.0238437 None
0 0.0844212 0.741589 0.00641451 0.0088579 None
0 0.321071 0.712841 0.0208705 0.0186537 None
0 0.773432 0.786702 0.0203713 0.0626244 None
0 0.77333 0.80939 0.0215389 0.0254434 None
0 0.995275 0.808831 0.00897636 0.028971 None
0 0.0804098 0.747808 0.0233188 0.023203 None
0 0.421153 0.892891 0.0148536 0.0387404 None
0 0.484867 0.770853 0.00711994 0.0214929 None
0 0.577553 0.872883 0.033705 0.0205492 None
0 0.828313 0.837686 0.015414 0.0280528 None
0 0.0849465 0.755796 0.0203205 0.012805 None
0 0.936552 0.866542 0.012595 0.0153117 None
