0 0.453214 0.833366 0.0114292 0.068346 None
0 0.707338 0.790613 0.0101542 0.0464113 None
0 0.830587 0.834669 0.0170753 0.0332735 None
0 0.695719 0.793956 0.00974636 0.0463911 None
0 0.754881 0.782204 0.00895844 0.0488561 None
0 0.79669 0.775649 0.0085638 0.0481752 None
0 0.539197 0.81317 0.0105771 0.0413401 None
0 0.466935 0.847156 0.0165586 0.0450175 None
0 0.743316 0.785163 0.011984 0.0478511 None
0 0.718649 0.830275 0.0144388 0.0314094 None
0 0.804147 0.774052 0.00789948 0.0411201 None
0 0.0716368 0.740153 0.0070081 0.0257348 None
0 0.340629 0.75571 0.00722466 0.0200361 None
0 0.855924 0.830678 0.0166828 0.0319628 None
0 0.819379 0.778624 0.00618343 0.0302862 None
0 0.842398 0.765297 0.0109089 0.0475583 None
0 0.0094727 0.745903 0.00860688 0.0175127 None
0 0.872787 0.763105 0.00964584 0.0433187 None
0 0.273813 0.730448 0.007721 0.0164819 None
0 0.953515 0.849377 0.0219643 0.0414164 None
0 0.892493 0.976229 0.061858 0.0454549 None
0 0.435473 0.913706 0.0201803 0.0371667 None
0 0.904115 0.973038 0.0387728 0.0391915 None
0 0.957201 0.848209 0.015094 0.0384869 None
0 0.31967 0.708263 0.00724449 0.0172618 None
0 0.933494 0.727187 0.00674973 0.0238495 None
0 0.534036 0.739631 0.0180967 0.0103643 None
0 0.116351 0.983443 0.0325221 0.0242886 None
0 0.528117 0.739204 0.0063242 0.0102797 None
0 0.0222134 0.938121 0.0443815 0.028656 None
0 0.96714 0.74435 0.00981255 0.0390615 None
0 0.354453 0.989333 0.0155321 0.0212933 None
0 0.973917 0.76306 0.0194044 0.0268443 None
0 0.198312 0.915737 0.0447467 0.0312914 None
0 0.974504 0.740647 0.00695763 0.0334778 None
0 0.302004 0.728481 0.00849218 0.0115251 None
0 0.0694883 0.754604 0.0147561 0.00630714 None
0 0.0057375 0.975942 0.0114249 0.0259713 None
0 0.852915 0.832738 0.0241812 0.0354706 None
0 0.857654 0.763938 0.0236053 0.0121689 None
0 0.883891 0.98443 0.0453758 0.0293198 None
0 0.996289 0.81411 0.00701294 0.014602 None
0 0.839039 0.766782 0.00744171 0.0421146 None
0 0.974379 0.767449 0.0191925 0.0183714 None
0 0.772324 0.700184 0.00617599 0.0203877 None
0 0.10761 0.984272 0.0563708 0.026161 None
0 0.0977999 0.994359 0.0499155 0.00840149 None
0 0.469129 0.842846 0.012344 0.0367177 None
0 0.0088802 0.752912 0.0118513 0.00850457 None
0 0.885349 0.978774 0.0480331 0.040692 None
0 0.453795 0.774799 0.00670681 0.013432 None
0 0.714912 0.830924 0.022321 0.0317985 None
0 0.299633 0.729112 0.0135336 0.0111152 None
0 0.87258 0.845938 0.0141548 0.0152379 None
0 0.920451 0.682654 0.00743675 0.0166924 None
0 0.790323 0.69844 0.00439024 0.0151981 None
0 0.0519427 0.750445 0.00401318 0.0063758 None
0 0.190675 0.730388 0.00879691 0.00837097 None
0 0.675311 0.815038 0.0152594 0.0219187 None
0 0.442465 0.768882 0.0098464 0.0172555 None
0 0.745488 0.780547 0.00836821 0.0409977 None
0 0.879777 0.680381 0.00716743 0.0183092 None
0 0.949346 0.858955 0.0134659 0.0223996 None
0 0.0095955 0.976444 0.019191 0.0280823 None
0 0.577497 0.875442 0.0326279 0.0140106 None
0 0.790893 0.69913 0.00606985 0.0163333 None
0 0.110109 0.981553 0.0205214 0.0223477 None
0 0.577546 0.875672 0.0332443 0.0143592 None
0 0.89606 0.680239 0.00652599 0.0180605 None
0 0.77099 0.81233 0.0123161 0.0145894 None
0 0.972985 0.674923 0.00533752 0.01918 None
0 0.464205 0.846134 0.0117537 0.043925 None
0 0.391362 0.811119 0.0169718 0.0433056 None
0 0.863649 0.833506 0.0331299 0.0373654 None
0 0.00822559 0.746332 0.0116392 0.0188867 None
0 0.431678 0.91401 0.027282 0.039949 None
0 0.947933 0.850735 0.0320274 0.0450066 None
0 0.0695421 0.752411 0.0145744 0.00994907 None
0 0.123247 0.985272 0.0323853 0.0224002 None
0 0.872353 0.738673 0.00749359 0.00829349 None
0 0.795005 0.775886 0.011837 0.0496299 None
0 0.922456 0.974773 0.0270779 0.0387034 None
0 0.937416 0.866984 0.0140116 0.0151803 None
0 0.943781 0.866265 0.0258686 0.0165212 None
0 0.98136 0.669827 0.00674629 0.0306302 None
0 0.306004 0.713519 0.0152294 0.00868022 None
0 0.839123 0.768947 0.0110235 0.0410546 None
0 0.00804002 0.75074 0.0113609 0.0113946 None
0 0.946508 0.859078 0.0310547 0.0292738 None
0 0.779798 0.816431 0.0076622 0.00942688 None
0 0.305633 0.71335 0.013574 0.00850355 None
0 0.83957 0.834437 0.0356907 0.0349823 None
0 0.318888 0.713555 0.0088098 0.00933567 None
0 0.851248 0.843107 0.0211483 0.0150842 None
0 0.857438 0.76662 0.0255301 0.0170373 None
0 0.981753 0.674693 0.00644703 0.0204541 None
0 0.860394 0.846017 0.0393269 0.0156677 None
0 0.0641249 0.752081 0.0279671 0.0118079 None
0 0.980612 0.672542 0.00755653 0.0246484 None
0 0.35017 0.989358 0.0251824 0.0212358 None
0 0.852931 0.845147 0.0260729 0.01491 None
0 0.444875 0.769947 0.0157925 0.0182865 None
0 0.914867 0.974355 0.0429089 0.0431044 None
0 0.540194 0.833112 0.00917616 0.0402717 None
0 0.773767 0.812746 0.0194138 0.0164559 None
0 0.750696 0.827083 0.0267762 0.00883416 None
0 0.00437071 0.973911 0.00870129 0.0301276 None
0 0.741041 0.784608 0.00870934 0.0458032 None
0 0.146446 0.737492 0.0228338 0.0124585 None
0 0.771933 0.701712 0.00856075 0.0238466 None
0 0.15385 0.983052 0.0189947 0.0139331 None
0 0.975449 0.771176 0.0190506 0.0113987 None
0 0.981873 0.678059 0.00618057 0.0136714 None
0 0.860313 0.795709 0.00700073 0.0108192 None
0 0.0740157 0.740901 0.00893152 0.023704 None
0 0.858846 0.843952 0.0391003 0.0183105 None
0 0.994852 0.814121 0.00990124 0.0158188 None
0 0.972412 0.754548 0.0226332 0.0430508 None
0 0.453441 0.778205 0.00855751 0.0198127 None
