0 0.45243 0.833846 0.0121973 0.0653186 82825
0 0.651207 0.797289 0.0108554 0.057361 82826
0 0.79631 0.775653 0.00834579 0.0491321 82827
0 0.608898 0.807524 0.0114714 0.0564867 82828
0 0.46555 0.828472 0.0121902 0.0581078 82829
0 0.442549 0.892951 0.0164053 0.0812927 82830
0 0.842725 0.767028 0.00880051 0.0464881 82831
0 0.718355 0.830188 0.0139864 0.0316959 82832
0 0.554762 0.819022 0.0107313 0.0500034 82833
0 0.390921 0.817153 0.0184126 0.0563331 82834
0 0.831273 0.835222 0.0188206 0.0329924 82835
0 0.114283 0.983243 0.0331017 0.027454 82836
0 0.728801 0.785115 0.00843754 0.0510425 82837
0 0.0183925 0.753556 0.0109559 0.0216919 82838
0 0.701208 0.793538 0.0115881 0.0472002 82839
0 0.19803 0.916193 0.0452316 0.0309762 82840
0 0.856488 0.829893 0.013652 0.0327528 82841
0 0.950506 0.849762 0.0286037 0.0386186 82842
0 0.688872 0.793836 0.00840473 0.0436696 82843
0 0.974088 0.762812 0.0189417 0.0269206 82844
0 0.67479 0.81559 0.0140154 0.0186808 82845
0 0.936243 0.723946 0.00691185 0.0163773 82846
0 0.364955 0.775076 0.00712719 0.0164861 82847
0 0.957174 0.848196 0.01563 0.0353624 82848
0 0.355049 0.989183 0.0148015 0.021635 82849
0 0.883556 0.979302 0.0451015 0.0396071 82850
0 0.319075 0.713588 0.00815706 0.0175537 82851
0 0.475128 0.855938 0.0188549 0.0262594 82852
0 0.963012 0.748531 0.00700722 0.035297 82853
0 0.483979 0.856357 0.0364994 0.0257806 82854
0 0.85304 0.830598 0.0209663 0.0356315 82855
0 0.0220457 0.937702 0.0440915 0.033016 82856
0 0.695193 0.794146 0.00721378 0.0474996 82857
0 0.906826 0.972755 0.0434073 0.0416826 82858
0 0.893923 0.975335 0.0652641 0.0466136 82859
0 0.488006 0.723212 0.00643015 0.0119846 82860
0 0.00559268 0.977404 0.0111026 0.0223762 82861
0 0.682772 0.788343 0.00711145 0.034903 82862
0 0.853204 0.848144 0.0248547 0.00934957 82863
0 0.061711 0.739504 0.00671647 0.018339 82864
0 0.995902 0.813487 0.00778618 0.0159756 82865
0 0.772655 0.813926 0.022607 0.0172475 82866
0 0.0634957 0.740443 0.00999277 0.020735 82867
0 0.686677 0.793372 0.0124269 0.0450404 82868
0 0.697298 0.794628 0.0103068 0.0476583 82869
0 0.919369 0.97277 0.0220442 0.0415146 82870
0 0.273836 0.72947 0.00526695 0.0205797 82871
0 0.828435 0.696134 0.00628777 0.0153303 82872
0 0.948669 0.855993 0.025407 0.0271454 82873
0 0.0994551 0.994154 0.0555661 0.00850627 82874
0 0.851614 0.697276 0.0049633 0.0171726 82875
0 0.577858 0.875121 0.0334615 0.0143528 82876
0 0.57807 0.875367 0.0337744 0.0150065 82877
0 0.677986 0.815225 0.020546 0.0199582 82878
0 0.91668 0.972166 0.0147186 0.0407049 82879
0 0.769427 0.813436 0.0162097 0.0173421 82880
0 0.377406 0.852182 0.0340637 0.0144097 82881
0 0.0644649 0.749067 0.012012 0.013406 82882
0 0.10152 0.98354 0.057549 0.0273627 82883
0 0.852437 0.845177 0.0221136 0.0114373 82884
0 0.972764 0.67111 0.00519695 0.0155468 82885
0 0.779092 0.816602 0.00974274 0.012775 82886
0 0.364132 0.774545 0.00956478 0.0184224 82887
0 0.827554 0.834921 0.0125683 0.032303 82888
0 0.881961 0.984603 0.0416782 0.0294288 82889
0 0.853265 0.837886 0.0230526 0.0221025 82890
0 0.0643853 0.741642 0.0127883 0.0240902 82891
0 0.93904 0.685999 0.00716305 0.0241964 82892
0 0.585414 0.913895 0.0477815 0.0114346 82893
0 0.828394 0.695 0.00860138 0.0173682 82894
0 0.996169 0.673271 0.00467453 0.0137431 82895
0 0.171635 0.731458 0.00786133 0.0104367 82896
0 0.856095 0.84725 0.030765 0.0126055 82897
0 0.93987 0.689435 0.00699692 0.0181137 82898
0 0.854402 0.682832 0.00602112 0.00842573 82899
0 0.247136 0.858447 0.0357247 0.0185944 82900
0 0.363587 0.776835 0.00994644 0.0147051 82901
0 0.494169 0.863694 0.0161556 0.0101212 82902
0 0.00587952 0.973544 0.0116266 0.0313922 82903
0 0.247839 0.858681 0.0337668 0.0174111 82904
0 0.540489 0.849271 0.00698586 0.0273054 82905
0 0.968237 0.72156 0.0635256 0.0201226 82906
0 0.593473 0.913458 0.0627096 0.0123183 82907
0 0.350198 0.774841 0.0369982 0.0179667 82908
0 0.706825 0.842934 0.0102976 0.00870633 82909
0 0.979845 0.721357 0.039896 0.019694 82910
0 0.853424 0.692734 0.00859146 0.027053 82911
0 0.442656 0.911785 0.0148767 0.0436164 82912
0 0.872565 0.845741 0.0146879 0.0147698 82913
0 0.0091619 0.977515 0.0182709 0.0249578 82914
0 0.114661 0.975281 0.0337741 0.0431032 82915
0 0.768554 0.813939 0.0224683 0.0190835 82916
0 0.99575 0.802275 0.00805035 0.0390995 82917
0 0.651963 0.78957 0.0100103 0.0394246 82918
0 0.603649 0.913964 0.042803 0.0111311 82919
0 0.782155 0.814279 0.0146987 0.015643 82920
0 0.775269 0.81341 0.031074 0.0191121 82921
0 0.95661 0.72741 0.0527321 0.00950504 82922
