0 0.555102 0.819274 0.00984898 0.0501533 87034
0 0.585288 0.809612 0.0112072 0.05462 87035
0 0.79631 0.776082 0.0088254 0.0487512 87036
0 0.452662 0.833671 0.0108765 0.0672704 87037
0 0.443994 0.835461 0.0128205 0.0617533 87038
0 0.830882 0.834904 0.017849 0.0335134 87039
0 0.628535 0.803818 0.0123479 0.0607771 87040
0 0.843614 0.766523 0.00770187 0.048388 87041
0 0.413882 0.897108 0.0233089 0.0806344 87042
0 0.718149 0.830061 0.0138063 0.0314809 87043
0 0.723351 0.78641 0.0079876 0.0496758 87044
0 0.114584 0.98375 0.0322181 0.0264777 87045
0 0.689013 0.794552 0.00924549 0.044753 87046
0 0.19794 0.915806 0.045516 0.0313887 87047
0 0.893693 0.97537 0.062289 0.0446825 87048
0 0.474949 0.856277 0.0185852 0.0262765 87049
0 0.022532 0.938727 0.0450641 0.0303426 87050
0 0.935871 0.728377 0.00768814 0.0255941 87051
0 0.355306 0.989371 0.0136768 0.0212582 87052
0 0.954121 0.747417 0.00809784 0.0390578 87053
0 0.0145119 0.752292 0.00809484 0.0172638 87054
0 0.702259 0.792156 0.00870266 0.0435632 87055
0 0.954076 0.849828 0.0220684 0.0385788 87056
0 0.695058 0.792523 0.00681973 0.0468733 87057
0 0.855876 0.830417 0.0139908 0.0324836 87058
0 0.670883 0.793493 0.0085846 0.0337114 87059
0 0.278388 0.727674 0.00470662 0.0161323 87060
0 0.957598 0.848082 0.0152588 0.0344471 87061
0 0.905122 0.97313 0.0411362 0.0394538 87062
0 0.974775 0.762237 0.0182079 0.0274923 87063
0 0.85272 0.831219 0.0223152 0.033434 87064
0 0.0571011 0.742633 0.00734925 0.0199261 87065
0 0.853652 0.698547 0.00589409 0.0205446 87066
0 0.484805 0.856223 0.0386671 0.0264821 87067
0 0.0058511 0.978171 0.0116277 0.0207645 87068
0 0.883549 0.984501 0.0450148 0.0285506 87069
0 0.0959685 0.994296 0.0478836 0.00815871 87070
0 0.972176 0.761258 0.0120415 0.0258169 87071
0 0.677705 0.812521 0.0204739 0.0245114 87072
0 0.0763821 0.750975 0.00449624 0.00880636 87073
0 0.577517 0.875451 0.0321348 0.0148638 87074
0 0.358826 0.771708 0.00630865 0.0112389 87075
0 0.0562626 0.743815 0.00982749 0.0230389 87076
0 0.995977 0.810353 0.00763855 0.0229962 87077
0 0.852813 0.848801 0.0259747 0.00920987 87078
0 0.00911585 0.97813 0.0181486 0.0229097 87079
0 0.441479 0.761272 0.00652475 0.0119792 87080
0 0.322521 0.717498 0.00741878 0.010615 87081
0 0.492586 0.721497 0.00859337 0.0108646 87082
0 0.0180356 0.760589 0.0189312 0.00670471 87083
0 0.996141 0.815649 0.00731125 0.0124505 87084
0 0.950398 0.859533 0.0157715 0.0212235 87085
0 0.673392 0.800415 0.0139458 0.0481374 87086
0 0.453261 0.761922 0.00975981 0.0118491 87087
0 0.71494 0.830495 0.0207177 0.0320157 87088
0 0.357069 0.772406 0.0130264 0.0125956 87089
0 0.0168379 0.753023 0.0145122 0.0190514 87090
0 0.577319 0.875084 0.0317507 0.0145581 87091
0 0.391069 0.832797 0.0186723 0.088461 87092
0 0.935674 0.864462 0.014632 0.0182777 87093
0 0.101818 0.984647 0.0591233 0.0265564 87094
0 0.949122 0.851249 0.0261826 0.0410153 87095
0 0.588243 0.913323 0.0543253 0.0123174 87096
0 0.168172 0.735081 0.0189165 0.0098543 87097
0 0.884647 0.978472 0.0478172 0.037038 87098
0 0.153368 0.983612 0.0175208 0.0123827 87099
0 0.333346 0.771593 0.0317404 0.0124166 87100
0 0.670175 0.797226 0.0104055 0.0424476 87101
0 0.844614 0.847554 0.0429379 0.011947 87102
0 0.0169501 0.757738 0.0183293 0.0103468 87103
0 0.85209 0.844477 0.0227654 0.0125132 87104
0 0.44765 0.761258 0.0202548 0.0141568 87105
0 0.695619 0.793987 0.00994186 0.0484684 87106
0 0.591449 0.914544 0.0445511 0.00949656 87107
0 0.628171 0.786744 0.00967388 0.0307661 87108
0 0.957645 0.866985 0.0578835 0.0148405 87109
0 0.996025 0.804265 0.0075161 0.0350455 87110
0 0.945871 0.852928 0.0361267 0.0417504 87111
0 0.450679 0.761451 0.0150448 0.0128767 87112
0 0.948636 0.86483 0.0419743 0.0201162 87113
0 0.120757 0.985073 0.0381194 0.0221746 87114
0 0.840505 0.835508 0.0376839 0.0341058 87115
0 0.917945 0.972586 0.0172951 0.038445 87116
0 0.321591 0.720786 0.0110579 0.0178355 87117
0 0.959934 0.848421 0.012327 0.0339891 87118
0 0.626875 0.792679 0.0133049 0.038424 87119
0 0.629336 0.790346 0.0113811 0.0363544 87120
0 0.950157 0.86738 0.0397299 0.0130805 87121
0 0.49545 0.863046 0.0167542 0.0109624 87122
0 0.130703 0.743586 0.0175074 0.0132067 87123
0 0.956848 0.86884 0.0276749 0.010004 87124
0 0.0577452 0.752582 0.0139626 0.0083886 87125
0 0.96479 0.862809 0.0429577 0.0107415 87126
