0 0.470348 0.835255 0.0168183 0.0659922 None
0 0.454954 0.83284 0.0129196 0.0678845 None
0 0.695628 0.792868 0.00954819 0.0471124 None
0 0.705486 0.791317 0.00977078 0.0484731 None
0 0.830688 0.834465 0.017461 0.0340722 None
0 0.794501 0.775218 0.0110912 0.0495917 None
0 0.859695 0.763554 0.00930023 0.0491333 None
0 0.814616 0.771693 0.00850525 0.0416838 None
0 0.843448 0.766943 0.0079071 0.0471647 None
0 0.893516 0.757049 0.00900936 0.0494714 None
0 0.757158 0.781916 0.0116055 0.0499244 None
0 0.744537 0.785168 0.0086792 0.0482205 None
0 0.718524 0.829761 0.0147932 0.0324975 None
0 0.52568 0.813435 0.0123283 0.0425054 None
0 0.892802 0.976098 0.061697 0.0454468 None
0 0.467978 0.779647 0.00716162 0.0246624 None
0 0.0707328 0.741216 0.00743724 0.0264435 None
0 0.434494 0.913606 0.022217 0.0378642 None
0 0.856161 0.83055 0.0162518 0.032949 None
0 0.277707 0.728157 0.00671606 0.0145637 None
0 0.959086 0.73627 0.00762463 0.0283556 None
0 0.332375 0.753779 0.0079432 0.0167162 None
0 0.937784 0.751148 0.0127789 0.0438919 None
0 0.953509 0.849294 0.022002 0.0409149 None
0 0.198043 0.915474 0.0445804 0.0314228 None
0 0.832914 0.777275 0.00719376 0.0282227 None
0 0.957189 0.848047 0.0151522 0.0381117 None
0 0.117832 0.983716 0.0356862 0.0238159 None
0 0.0086741 0.752125 0.0105518 0.0174537 None
0 0.971964 0.763054 0.0130009 0.0274206 None
0 0.528429 0.738743 0.00544291 0.011161 None
0 0.320622 0.715581 0.0071063 0.0217865 None
0 0.354915 0.989306 0.0148088 0.0213216 None
0 0.903491 0.97303 0.039238 0.0392955 None
0 0.533461 0.740488 0.0150983 0.00855984 None
0 0.444405 0.781018 0.0109077 0.0180317 None
0 0.193625 0.736148 0.0114856 0.011967 None
0 0.853824 0.831819 0.0216936 0.0362145 None
0 0.789399 0.69875 0.00895329 0.0152696 None
0 0.0975907 0.994203 0.0508979 0.00817837 None
0 0.769076 0.697331 0.00630684 0.0175269 None
0 0.109923 0.984591 0.0521131 0.0253627 None
0 0.714893 0.830374 0.0224446 0.0328115 None
0 0.94969 0.858484 0.0140602 0.0233619 None
0 0.897907 0.682254 0.00446625 0.0148553 None
0 0.0046396 0.975635 0.00925686 0.0255178 None
0 0.022141 0.938558 0.0440538 0.0279334 None
0 0.112329 0.981757 0.0250114 0.0234587 None
0 0.863795 0.8334 0.0325558 0.0381439 None
0 0.318266 0.716387 0.0122829 0.0216671 None
0 0.00507724 0.9404 0.0101006 0.0974599 None
0 0.57728 0.875277 0.0321781 0.0136634 None
0 0.932288 0.727348 0.00559731 0.0242923 None
0 0.00541016 0.971475 0.0108103 0.0340664 None
0 0.306999 0.716443 0.0170915 0.0103007 None
0 0.884882 0.983807 0.0461205 0.0297065 None
0 0.978417 0.661032 0.00649109 0.0225132 None
0 0.677645 0.816277 0.0197807 0.0196672 None
0 0.577556 0.875688 0.0325792 0.0141888 None
0 0.771681 0.812752 0.0113401 0.0151333 None
0 0.972256 0.672791 0.0048996 0.0188345 None
0 0.0033345 0.940868 0.00658046 0.0997172 None
0 0.124169 0.985487 0.0306989 0.0218051 None
0 0.0112545 0.760271 0.0200624 0.00693054 None
0 0.896786 0.671764 0.0059967 0.0108814 None
0 0.995869 0.813955 0.00786133 0.0146613 None
0 0.978661 0.65636 0.00722942 0.0248728 None
0 0.831649 0.776638 0.0103512 0.0293855 None
0 0.948032 0.850651 0.0314886 0.0447161 None
0 0.773243 0.812319 0.00817757 0.0152585 None
0 0.872782 0.845707 0.0140976 0.0143558 None
0 0.974581 0.770847 0.0186413 0.0121682 None
0 0.00582577 0.960411 0.0115723 0.0567212 None
0 0.974667 0.763126 0.0184704 0.026938 None
0 0.802099 0.719711 0.0370981 0.0149228 None
0 0.955919 0.759408 0.0292488 0.0165883 None
0 0.774325 0.812977 0.0193035 0.0167592 None
0 0.00766681 0.758516 0.0132451 0.00775723 None
0 0.753066 0.795597 0.00717678 0.0230028 None
0 0.531369 0.738353 0.0124336 0.0131158 None
0 0.0535456 0.750675 0.00506985 0.00741916 None
0 0.779412 0.815837 0.00845432 0.0105048 None
0 0.937365 0.866936 0.0139534 0.0151221 None
0 0.945921 0.859359 0.0293484 0.0280843 None
0 0.769857 0.812729 0.013913 0.0164127 None
0 0.00186359 0.908148 0.00368622 0.0342614 None
0 0.881929 0.685606 0.00599823 0.00988685 None
0 0.0700913 0.746568 0.022093 0.0187953 None
0 0.944064 0.865917 0.0262203 0.0170609 None
0 0.391627 0.832041 0.0178234 0.0877835 None
0 0.705816 0.831592 0.0397484 0.032176 None
0 0.860736 0.845762 0.0385136 0.0157688 None
0 0.150586 0.739251 0.0224557 0.0108297 None
0 0.865932 0.796646 0.0368614 0.0136375 None
0 0.518473 0.793859 0.0136066 0.00685527 None
0 0.853248 0.845312 0.0264103 0.0147654 None
0 0.868657 0.800097 0.0314278 0.0113037 None
0 0.851995 0.838211 0.023975 0.0261385 None
0 0.769085 0.700605 0.00695305 0.0251472 None
0 0.131377 0.984157 0.0636156 0.0201848 None
