0 0.453021 0.833986 0.0129951 0.0672412 94137
0 0.698022 0.793873 0.00922098 0.0471488 94138
0 0.953397 0.848903 0.0223497 0.0427555 94139
0 0.227644 0.870731 0.0118466 0.0520857 94140
0 0.843327 0.764661 0.00775318 0.0445114 94141
0 0.422759 0.910296 0.019019 0.0496324 94142
0 0.829078 0.834244 0.0182217 0.0324734 94143
0 0.776002 0.77781 0.00802851 0.0497053 94144
0 0.790697 0.776552 0.0137745 0.0481279 94145
0 0.8701 0.761834 0.00796394 0.0385481 94146
0 0.480019 0.829252 0.0132574 0.0598372 94147
0 0.852659 0.764884 0.00857449 0.0427502 94148
0 0.519848 0.776921 0.00962753 0.0272183 94149
0 0.677399 0.791871 0.0101101 0.0355894 94150
0 0.19868 0.915426 0.045781 0.0328122 94151
0 0.934239 0.730542 0.00871849 0.0271681 94152
0 0.94763 0.746431 0.0108929 0.0472293 94153
0 0.00978749 0.746125 0.00979849 0.0176466 94154
0 0.818594 0.772726 0.00987282 0.0407444 94155
0 0.978359 0.739097 0.00814724 0.0441594 94156
0 0.35442 0.989094 0.0145131 0.0218124 94157
0 0.971106 0.739349 0.0107147 0.039099 94158
0 0.907364 0.743564 0.00759201 0.023721 94159
0 0.854164 0.831665 0.0208551 0.0357027 94160
0 0.717354 0.830877 0.0146774 0.031655 94161
0 0.883705 0.980197 0.0456245 0.0383552 94162
0 0.370178 0.737435 0.00820456 0.0137495 94163
0 0.0220994 0.938525 0.0441989 0.02949 94164
0 0.114707 0.982876 0.0305288 0.0248222 94165
0 0.331701 0.710192 0.00560722 0.0154383 94166
0 0.714371 0.831089 0.0217686 0.0321174 94167
0 0.813138 0.771017 0.00682888 0.0417141 94168
0 0.995665 0.811904 0.00824509 0.0210263 94169
0 0.917039 0.972766 0.0185738 0.0396506 94170
0 0.955218 0.741596 0.00536308 0.0284431 94171
0 0.423859 0.904946 0.0162235 0.0393226 94172
0 0.765529 0.694257 0.00565014 0.0109969 94173
0 0.921173 0.973501 0.0273079 0.0412594 94174
0 0.296355 0.737944 0.00828991 0.0110535 94175
0 0.391136 0.818361 0.0172728 0.0579088 94176
0 0.119836 0.984729 0.0404558 0.0231852 94177
0 0.675818 0.81584 0.0150354 0.0181227 94178
0 0.0953735 0.994274 0.0463121 0.00825484 94179
0 0.417476 0.894042 0.00951805 0.0296066 94180
0 0.1052 0.98417 0.0520367 0.0263628 94181
0 0.57694 0.874468 0.0336268 0.0168513 94182
0 0.977958 0.670102 0.00641594 0.0191837 94183
0 0.0740123 0.74046 0.0125303 0.02036 94184
0 0.978252 0.660687 0.0105274 0.0348948 94185
0 0.676136 0.799378 0.013567 0.0514589 94186
0 0.496161 0.781984 0.0158012 0.0199278 94187
0 0.781549 0.695117 0.00695314 0.0165405 94188
0 0.488971 0.806833 0.0104204 0.0349313 94189
0 0.00563786 0.981377 0.0111992 0.0145881 94190
0 0.109825 0.981472 0.020346 0.0241492 94191
0 0.954009 0.741678 0.00653954 0.0294795 94192
0 0.908547 0.973377 0.0403957 0.0406938 94193
0 0.499507 0.781235 0.00958357 0.0205933 94194
0 0.871329 0.680584 0.00621681 0.0183843 94195
0 0.330389 0.716836 0.0396065 0.0108124 94196
0 0.895744 0.97653 0.0690231 0.0440701 94197
0 0.786154 0.776223 0.00659409 0.0455716 94198
0 0.770078 0.812603 0.0163521 0.0160631 94199
0 0.41916 0.894211 0.00805321 0.0314726 94200
0 0.707512 0.831792 0.0353096 0.0329961 94201
0 0.101299 0.987028 0.0582739 0.0216185 94202
0 0.0740316 0.740453 0.0131144 0.0210734 94203
0 0.296009 0.747305 0.0188094 0.0288054 94204
0 0.787707 0.777049 0.00878983 0.046256 94205
0 0.482845 0.825212 0.020223 0.0685482 94206
0 0.678984 0.815781 0.0212369 0.0192695 94207
0 0.124876 0.985565 0.0291752 0.0220793 94208
0 0.814547 0.770766 0.0102331 0.0437724 94209
0 0.157131 0.73882 0.0140052 0.0103948 94210
0 0.292843 0.753494 0.0086112 0.0181946 94211
0 0.851936 0.846124 0.0246515 0.0128037 94212
0 0.540568 0.85054 0.00704994 0.030427 94213
0 0.679293 0.796279 0.0139204 0.0455695 94214
0 0.880924 0.984316 0.0398167 0.0304128 94215
0 0.200891 0.727555 0.0109394 0.00903795 94216
0 0.293012 0.755146 0.0112537 0.0147529 94217
0 0.692379 0.841753 0.0328243 0.0145503 94218
0 0.958444 0.848498 0.0129284 0.0380144 94219
0 0.851614 0.842902 0.0237297 0.0179369 94220
0 0.851234 0.831509 0.0259302 0.0398129 94221
0 0.293156 0.74878 0.0156988 0.0267683 94222
0 0.94733 0.851043 0.0342932 0.0462023 94223
0 0.774799 0.695234 0.0203859 0.0163668 94224
0 0.909935 0.975782 0.0520412 0.0445435 94225
0 0.422102 0.928524 0.0179996 0.0136027 94226
0 0.900292 0.743785 0.0223667 0.024588 94227
0 0.974385 0.737597 0.0140001 0.0445791 94228
0 0.935885 0.866055 0.0115417 0.0151913 94229
0 0.974286 0.767875 0.0179222 0.0168705 94230
0 0.971556 0.747708 0.0134102 0.0563778 94231
0 0.589331 0.906952 0.0372326 0.0233561 94232
0 0.107371 0.739187 0.0156919 0.011341 94233
0 0.297967 0.749956 0.0266345 0.0225667 94234
0 0.158299 0.73774 0.0175459 0.0124729 94235
0 0.893106 0.764185 0.00699348 0.0266068 94236
0 0.817179 0.773837 0.0140083 0.0442425 94237
0 0.916558 0.975725 0.0372879 0.0427504 94238
0 0.854456 0.764447 0.0121799 0.0428882 94239
0 0.946977 0.865264 0.0340084 0.0183116 94240
0 0.519939 0.782985 0.0100315 0.0394409 94241
0 0.858528 0.845513 0.0408899 0.0173421 94242
0 0.779243 0.816277 0.00770702 0.00962541 94243
0 0.892999 0.761089 0.00574303 0.0208364 94244
0 0.938288 0.658547 0.00586853 0.0090026 94245
0 0.484477 0.810854 0.0166989 0.0378474 94246
0 0.106382 0.982052 0.0351447 0.0275223 94247
0 0.896223 0.98341 0.0210972 0.0293393 94248
