0 0.797147 0.774555 0.00778046 0.0473714 59984
0 0.763206 0.777914 0.0102945 0.0511297 59985
0 0.953789 0.850007 0.0228783 0.0428389 59986
0 0.830538 0.834664 0.0175041 0.0333388 59987
0 0.692553 0.795461 0.00996094 0.0475338 59988
0 0.628794 0.803786 0.0103979 0.0450538 59989
0 0.842328 0.765372 0.00866203 0.0446866 59990
0 0.452267 0.83409 0.0121488 0.0683967 59991
0 0.549054 0.81608 0.0111053 0.0514172 59992
0 0.474142 0.85473 0.0170626 0.0279965 59993
0 0.703259 0.791553 0.0102266 0.0469303 59994
0 0.940397 0.728586 0.00685234 0.0202555 59995
0 0.89038 0.975691 0.0579676 0.0456597 59996
0 0.718245 0.830243 0.0147625 0.0320955 59997
0 0.390995 0.819252 0.0176824 0.0603578 59998
0 0.0648096 0.751864 0.00844324 0.0118296 59999
0 0.748053 0.784419 0.00903196 0.0449727 60000
0 0.0572458 0.735845 0.00530229 0.0168603 60001
0 0.973938 0.763339 0.0198559 0.0265583 60002
0 0.199075 0.916247 0.0478626 0.0312064 60003
0 0.855912 0.831607 0.0157362 0.0309285 60004
0 0.00498309 0.750486 0.00932164 0.0177606 60005
0 0.433606 0.914661 0.0243672 0.036989 60006
0 0.733728 0.783965 0.0103207 0.0501555 60007
0 0.676253 0.81558 0.0155899 0.0170088 60008
0 0.355275 0.989223 0.0133132 0.0215544 60009
0 0.114655 0.981705 0.0322407 0.0291894 60010
0 0.990169 0.677957 0.0061758 0.0230023 60011
0 0.273393 0.728694 0.00771585 0.0184314 60012
0 0.317466 0.717192 0.00547609 0.0169802 60013
0 0.746556 0.783786 0.00912647 0.0485599 60014
0 0.0221829 0.93908 0.0442527 0.0294344 60015
0 0.902265 0.972926 0.0346748 0.0402783 60016
0 0.852368 0.832629 0.0231472 0.0343469 60017
0 0.71392 0.830666 0.0235974 0.032881 60018
0 0.883373 0.98499 0.0436554 0.0276942 60019
0 0.739948 0.786324 0.00725098 0.0445997 60020
0 0.293153 0.72322 0.00726051 0.0188261 60021
0 0.577173 0.874674 0.0326191 0.0160231 60022
0 0.107668 0.982353 0.0479188 0.0302641 60023
0 0.996458 0.810648 0.00665722 0.0200117 60024
0 0.897649 0.681043 0.00443153 0.0160597 60025
0 0.0650766 0.75381 0.0101732 0.0130547 60026
0 0.852559 0.848823 0.0269295 0.00970289 60027
0 0.0490423 0.74046 0.00918684 0.00857951 60028
0 0.166219 0.738901 0.0131392 0.0102317 60029
0 0.109127 0.980586 0.0213986 0.0264547 60030
0 0.00558299 0.98136 0.0110793 0.0136854 60031
0 0.0720177 0.750313 0.00434054 0.00871531 60032
0 0.136708 0.741833 0.0129115 0.0104672 60033
0 0.549351 0.808595 0.0113314 0.0373527 60034
0 0.0981711 0.994227 0.052604 0.00898505 60035
0 0.749327 0.786972 0.00906448 0.0400516 60036
0 0.97639 0.771504 0.0151093 0.0100189 60037
0 0.971931 0.762914 0.014053 0.0269752 60038
0 0.884259 0.979651 0.0456985 0.0375125 60039
0 0.959607 0.850045 0.0112715 0.0386525 60040
0 0.519281 0.731402 0.00580683 0.00863987 60041
0 0.862194 0.83451 0.033787 0.0372786 60042
0 0.397102 0.778643 0.00758657 0.0179732 60043
0 0.978816 0.673 0.00684929 0.016931 60044
0 0.0058846 0.757942 0.0114243 0.0115214 60045
0 0.401434 0.777699 0.0156954 0.0189285 60046
0 0.275981 0.728098 0.0102625 0.0180771 60047
0 0.540959 0.84708 0.00595531 0.0239159 60048
0 0.731778 0.782571 0.0101603 0.0510729 60049
0 0.541287 0.848928 0.00743971 0.0275364 60050
0 0.393069 0.757737 0.00877399 0.0120619 60051
0 0.851684 0.845474 0.0261936 0.0143795 60052
0 0.936044 0.866478 0.011459 0.0146445 60053
0 0.923494 0.681997 0.00753212 0.0129301 60054
0 0.437165 0.914435 0.0174528 0.0352064 60055
0 0.970045 0.673192 0.00503731 0.0178692 60056
0 0.853537 0.848201 0.029994 0.0132826 60057
0 0.77477 0.812459 0.0111538 0.0152483 60058
0 0.707856 0.785629 0.00499277 0.0141846 60059
0 0.0671702 0.757999 0.0183589 0.00922377 60060
0 0.860192 0.79524 0.00545578 0.0126996 60061
0 0.944441 0.865746 0.0282001 0.0161889 60062
0 0.712747 0.835475 0.0252398 0.024442 60063
0 0.426678 0.915028 0.0383839 0.0384423 60064
0 0.107702 0.982081 0.0312159 0.0271883 60065
0 0.760248 0.824337 0.0119612 0.00608521 60066
0 0.587795 0.913335 0.0515427 0.0117976 60067
0 0.491364 0.865144 0.0220472 0.00693631 60068
0 0.318725 0.717539 0.00775228 0.0180756 60069
0 0.775236 0.812349 0.0158862 0.0161787 60070
0 0.390977 0.833366 0.017761 0.0882765 60071
0 0.884433 0.989172 0.0402712 0.0190862 60072
0 0.105733 0.982376 0.0683336 0.0311449 60073
0 0.518598 0.730735 0.0091465 0.00928345 60074
0 0.577711 0.88251 0.0326681 0.00865428 60075
0 0.978419 0.771282 0.0139036 0.0100939 60076
0 0.771805 0.81272 0.0160324 0.0154322 60077
0 0.960392 0.866537 0.0549889 0.0151879 60078
0 0.848013 0.836841 0.0345329 0.0328022 60079
0 0.752553 0.826786 0.0301807 0.00728149 60080
0 0.966718 0.863327 0.042099 0.0125034 60081
0 0.951966 0.676771 0.00768528 0.0153934 60082
0 0.738579 0.769975 0.00907593 0.0261798 60083
0 0.913678 0.973564 0.0464115 0.0418671 60084
0 0.422426 0.763139 0.00786877 0.0108443 60085
0 0.121151 0.983727 0.0374982 0.0258196 60086
0 0.963414 0.851097 0.0483837 0.04495 60087
0 0.0094592 0.981249 0.0187509 0.0151486 60088
0 0.480013 0.855468 0.0314977 0.026809 60089
0 0.842372 0.834491 0.0413136 0.0361387 60090
0 0.790669 0.697458 0.00448341 0.0130419 60091
0 0.575002 0.873861 0.0372365 0.0171316 60092
0 0.974218 0.862543 0.0277723 0.0111881 60093
0 0.965359 0.859836 0.0442179 0.0235148 60094
0 0.0061331 0.979041 0.0121481 0.018298 60095
0 0.871721 0.845403 0.0136961 0.0157649 60096
0 0.577914 0.87976 0.0337736 0.0139058 60097
0 0.0535841 0.736899 0.0146492 0.0162493 60098
