0 0.453173 0.833334 0.0127755 0.0683872 None
0 0.863946 0.761832 0.00862541 0.0498272 None
0 0.843042 0.765745 0.0084383 0.0477587 None
0 0.830674 0.83463 0.0176565 0.0336443 None
0 0.695579 0.794373 0.00906639 0.0452925 None
0 0.755469 0.781056 0.00801735 0.0487729 None
0 0.735223 0.787367 0.00857582 0.0399606 None
0 0.744931 0.784077 0.00931931 0.0453373 None
0 0.831567 0.765226 0.00998554 0.0464383 None
0 0.543321 0.815478 0.011837 0.0525933 None
0 0.800996 0.776563 0.00890389 0.0447005 None
0 0.706281 0.792422 0.0105848 0.0466654 None
0 0.953757 0.84888 0.0219778 0.0399906 None
0 0.852959 0.831907 0.0216122 0.0350047 None
0 0.433834 0.914601 0.0243004 0.0370343 None
0 0.817371 0.78001 0.00592518 0.0305478 None
0 0.935835 0.723791 0.00582008 0.0194526 None
0 0.0715023 0.740407 0.00855105 0.0230065 None
0 0.718218 0.830393 0.0139866 0.0317651 None
0 0.348221 0.754854 0.00984154 0.0189026 None
0 0.00995636 0.747393 0.00844694 0.0207072 None
0 0.789835 0.702805 0.00572338 0.0228512 None
0 0.272485 0.729822 0.0065608 0.016215 None
0 0.79606 0.77767 0.0064579 0.0464372 None
0 0.89192 0.975953 0.0615219 0.0459805 None
0 0.472655 0.852502 0.0189817 0.0355003 None
0 0.712531 0.831033 0.0262938 0.0322893 None
0 0.00565366 0.9786 0.0112471 0.0208757 None
0 0.198846 0.916059 0.0464062 0.0320982 None
0 0.46931 0.853713 0.0129501 0.03308 None
0 0.905532 0.973242 0.0423143 0.0403269 None
0 0.114751 0.980903 0.0300153 0.0231628 None
0 0.856105 0.830941 0.0152554 0.0337701 None
0 0.319672 0.708899 0.00671959 0.0186562 None
0 0.976169 0.74331 0.00951462 0.0298662 None
0 0.577693 0.875787 0.0323696 0.0147113 None
0 0.354353 0.989238 0.0164361 0.0215249 None
0 0.77175 0.700237 0.00789738 0.0204373 None
0 0.109662 0.980489 0.0199501 0.023135 None
0 0.881554 0.680324 0.00906944 0.0184052 None
0 0.0222629 0.938367 0.0445257 0.030051 None
0 0.895256 0.682499 0.00550442 0.0159505 None
0 0.675805 0.816133 0.014918 0.0194838 None
0 0.981072 0.738172 0.0116661 0.0376163 None
0 0.531228 0.739164 0.0133874 0.00946977 None
0 0.191098 0.730426 0.0109415 0.00790371 None
0 0.476308 0.851733 0.0135944 0.0348453 None
0 0.531231 0.73913 0.0134041 0.00969984 None
0 0.978079 0.741106 0.0126965 0.0387763 None
0 0.440355 0.775034 0.0053092 0.0115743 None
0 0.450907 0.774788 0.00656872 0.0119759 None
0 0.977156 0.748711 0.0117268 0.0428935 None
0 0.884899 0.979197 0.0479973 0.0397841 None
0 0.440078 0.917336 0.0117218 0.0283434 None
0 0.272545 0.731391 0.0101215 0.0180573 None
0 0.107716 0.983765 0.0526771 0.0272824 None
0 0.950712 0.860132 0.0163134 0.0211339 None
0 0.922922 0.680579 0.00903606 0.0117463 None
0 0.922018 0.973628 0.0269318 0.0411153 None
0 0.119794 0.984497 0.0395165 0.0232168 None
0 0.681605 0.815789 0.0232089 0.0186498 None
0 0.141727 0.73473 0.00829892 0.00831299 None
0 0.0539303 0.747676 0.00349386 0.00717926 None
0 0.103791 0.993724 0.0632116 0.00929582 None
0 0.996537 0.810897 0.00651302 0.0208318 None
0 0.99659 0.814246 0.00639992 0.0139777 None
0 0.00820177 0.747749 0.0124322 0.0209907 None
0 0.912114 0.975214 0.0467947 0.0446431 None
0 0.150046 0.735818 0.0251374 0.00929938 None
0 0.41365 0.76763 0.00417652 0.00701531 None
0 0.449369 0.774647 0.00934486 0.012617 None
0 0.858683 0.834054 0.038118 0.0391849 None
0 0.983554 0.737163 0.00974922 0.0373264 None
0 0.769858 0.813017 0.013273 0.015694 None
0 0.97875 0.746426 0.0170353 0.0531008 None
0 0.77198 0.813039 0.0108565 0.0154212 None
0 0.774446 0.813415 0.018959 0.0174045 None
0 0.305495 0.715953 0.0219037 0.00801307 None
0 0.879744 0.985157 0.03759 0.0282104 None
0 0.752549 0.781667 0.0130289 0.0496999 None
0 0.777479 0.813963 0.0124777 0.0161853 None
0 0.975352 0.767858 0.0187675 0.0172273 None
0 0.126291 0.985739 0.0271292 0.0204905 None
0 0.834327 0.83423 0.0257465 0.0347939 None
0 0.883214 0.681087 0.0126965 0.0185777 None
0 0.850528 0.836393 0.0213654 0.0285572 None
0 0.95636 0.866367 0.0283268 0.0150201 None
0 0.445479 0.774979 0.016585 0.0131907 None
0 0.801064 0.777218 0.0121212 0.0488193 None
0 0.104715 0.984701 0.0646438 0.0264116 None
0 0.824532 0.814888 0.0244057 0.0101885 None
0 0.956403 0.852327 0.0283142 0.0393938 None
0 0.84124 0.833156 0.0445461 0.0362434 None
0 0.00582045 0.973092 0.0115162 0.0322213 None
0 0.975598 0.749902 0.0200157 0.0542976 None
0 0.391322 0.832577 0.0172953 0.0849535 None
0 0.466702 0.853428 0.0107193 0.0304053 None
0 0.272943 0.73676 0.0166669 0.00972527 None
0 0.960196 0.84973 0.0168541 0.0398617 None
0 0.271183 0.73053 0.0145535 0.0179843 None
0 0.915294 0.970269 0.0111881 0.034865 None
0 0.937478 0.724038 0.0096426 0.0204432 None
0 0.424811 0.928943 0.0154472 0.0102276 None
0 0.437863 0.775116 0.0107491 0.0125217 None
0 0.957607 0.86865 0.0258461 0.0103078 None
0 0.292218 0.730032 0.0348994 0.0125851 None
0 0.776604 0.814675 0.0161213 0.0193522 None
