0 0.453131 0.833879 0.0124167 0.0678789 2602
0 0.206498 0.874385 0.0164605 0.05393 2603
0 0.481855 0.830621 0.0151849 0.0650811 2604
0 0.69807 0.794636 0.00928974 0.0474413 2605
0 0.867283 0.762362 0.00887642 0.0439262 2606
0 0.953425 0.848876 0.0224073 0.0425642 2607
0 0.777421 0.77925 0.0101151 0.0448444 2608
0 0.813012 0.775125 0.00992737 0.0411485 2609
0 0.787297 0.777001 0.011615 0.0478461 2610
0 0.941946 0.745244 0.00819054 0.0450701 2611
0 0.677584 0.791965 0.00854502 0.0371138 2612
0 0.51614 0.778551 0.00832119 0.0245307 2613
0 0.424848 0.909931 0.0177645 0.0486499 2614
0 0.717078 0.830264 0.0142519 0.0313602 2615
0 0.844087 0.765803 0.00859909 0.0464654 2616
0 0.765627 0.696692 0.00740662 0.0176266 2617
0 0.888415 0.766729 0.00745068 0.0293364 2618
0 0.908657 0.744746 0.00839348 0.027002 2619
0 0.979483 0.737633 0.0106955 0.0436815 2620
0 0.830373 0.83455 0.0181995 0.0328196 2621
0 0.11516 0.983488 0.0312718 0.0210629 2622
0 0.855211 0.830807 0.0166147 0.0336138 2623
0 0.491408 0.808204 0.00963268 0.0359238 2624
0 0.35492 0.9892 0.0149019 0.0216 2625
0 0.00855281 0.747649 0.0110034 0.0176792 2626
0 0.906919 0.973299 0.0427719 0.0403349 2627
0 0.198884 0.915725 0.0459899 0.0317813 2628
0 0.782426 0.696708 0.00631351 0.0168112 2629
0 0.391298 0.815693 0.0170963 0.0523563 2630
0 0.970845 0.736406 0.008675 0.038855 2631
0 0.822866 0.769707 0.00809402 0.0417677 2632
0 0.88353 0.980131 0.0449877 0.0376651 2633
0 0.995625 0.81366 0.00832863 0.0183309 2634
0 0.894931 0.976096 0.0673649 0.0448724 2635
0 0.00599661 0.981805 0.0119315 0.0123479 2636
0 0.852416 0.832137 0.0219172 0.0356123 2637
0 0.714541 0.830787 0.0202428 0.0320708 2638
0 0.295943 0.74991 0.00879555 0.0268992 2639
0 0.540538 0.84926 0.0070406 0.0263075 2640
0 0.0979244 0.994201 0.0508244 0.00819448 2641
0 0.921184 0.973504 0.0250534 0.040676 2642
0 0.959231 0.740628 0.00722408 0.0307531 2643
0 0.103256 0.993117 0.061337 0.00970425 2644
0 0.91697 0.972844 0.0202427 0.0394228 2645
0 0.0220199 0.938854 0.0440398 0.0302678 2646
0 0.948313 0.850238 0.0318771 0.0459783 2647
0 0.675503 0.799035 0.0141748 0.0519879 2648
0 0.577673 0.875743 0.0325877 0.0145291 2649
0 0.0721115 0.74876 0.00379539 0.00940789 2650
0 0.489774 0.782722 0.00751362 0.0190575 2651
0 0.952917 0.856985 0.0216286 0.0280331 2652
0 0.676197 0.815747 0.0170081 0.0184472 2653
0 0.2957 0.737049 0.0109504 0.0143063 2654
0 0.106123 0.985274 0.058015 0.0241854 2655
0 0.88077 0.984688 0.0394205 0.0289697 2656
0 0.833833 0.834503 0.0180023 0.0337714 2657
0 0.82142 0.770975 0.00978012 0.0445072 2658
0 0.295803 0.755218 0.00758286 0.0178789 2659
0 0.119976 0.984832 0.0392504 0.0215017 2660
0 0.0586714 0.749869 0.00224986 0.00446743 2661
0 0.683887 0.81894 0.0328588 0.0116411 2662
0 0.202512 0.729006 0.0100191 0.00818346 2663
0 0.907453 0.975803 0.0560654 0.0438158 2664
0 0.973678 0.765517 0.0171774 0.0226695 2665
0 0.815796 0.773001 0.0135681 0.042945 2666
0 0.422298 0.92316 0.0150891 0.0234236 2667
0 0.890434 0.76658 0.0113558 0.0297107 2668
0 0.577635 0.875425 0.0326621 0.0138974 2669
0 0.0060777 0.979023 0.0119912 0.018298 2670
0 0.900587 0.974455 0.0302374 0.0356835 2671
0 0.687354 0.820232 0.0280539 0.00897302 2672
0 0.940368 0.743066 0.00860596 0.0493203 2673
0 0.577656 0.872161 0.0336582 0.0218119 2674
0 0.940047 0.742943 0.0134033 0.0510959 2675
0 0.678441 0.799393 0.016127 0.0508077 2676
0 0.995316 0.808281 0.00890045 0.0296112 2677
0 0.390833 0.811457 0.0177649 0.0345651 2678
0 0.331097 0.713826 0.00504065 0.0134286 2679
0 0.977264 0.772042 0.0126064 0.010437 2680
0 0.949918 0.864152 0.0382542 0.0211275 2681
0 0.912246 0.683003 0.00688438 0.0134798 2682
0 0.949621 0.863264 0.0346634 0.0202838 2683
0 0.710653 0.832172 0.0275393 0.0336673 2684
0 0.588371 0.914789 0.0516978 0.0129862 2685
0 0.81728 0.772769 0.0187143 0.0476898 2686
0 0.874129 0.985044 0.0259966 0.0271369 2687
0 0.679584 0.794533 0.0125109 0.0434953 2688
0 0.488733 0.781679 0.00985088 0.021509 2689
0 0.811746 0.774433 0.0138893 0.0438555 2690
0 0.127538 0.989714 0.0241727 0.0130714 2691
0 0.935907 0.867038 0.0113323 0.0149529 2692
0 0.852293 0.846661 0.0256166 0.0124291 2693
