0 0.452954 0.833801 0.0128458 0.0673903 None
0 0.256127 0.868101 0.0173199 0.0584066 None
0 0.698018 0.794382 0.0085351 0.0471798 None
0 0.47917 0.828902 0.0114153 0.0591816 None
0 0.953615 0.848758 0.0222536 0.0428128 None
0 0.843501 0.76385 0.00758667 0.0439367 None
0 0.827718 0.769204 0.00882416 0.0374652 None
0 0.795382 0.77593 0.00837936 0.047799 None
0 0.788915 0.774446 0.00882072 0.0460944 None
0 0.524777 0.778125 0.00775299 0.0256839 None
0 0.684132 0.794857 0.010524 0.043594 None
0 0.989563 0.737613 0.00935345 0.0464961 None
0 0.806707 0.771247 0.00683517 0.0382972 None
0 0.510944 0.781175 0.0063303 0.0237152 None
0 0.775502 0.776314 0.00663166 0.0498437 None
0 0.946195 0.741282 0.00695572 0.0298765 None
0 0.873586 0.761107 0.00837936 0.0426629 None
0 0.930848 0.731351 0.00858803 0.029687 None
0 0.423528 0.909711 0.0196954 0.0505002 None
0 0.854681 0.764717 0.00919724 0.0402149 None
0 0.717119 0.830259 0.0125696 0.0325019 None
0 0.830763 0.83467 0.0161438 0.0318115 None
0 0.856549 0.829496 0.0166042 0.0363393 None
0 0.371643 0.738545 0.00779867 0.010457 None
0 0.765739 0.695023 0.00642204 0.0135323 None
0 0.00923161 0.743888 0.00715677 0.0189304 None
0 0.198405 0.916123 0.0461844 0.032387 None
0 0.963484 0.743485 0.00794182 0.0452762 None
0 0.828236 0.833878 0.0114544 0.0299547 None
0 0.114793 0.982679 0.0304599 0.0249359 None
0 0.354471 0.989326 0.0146217 0.021347 None
0 0.995661 0.811156 0.00826778 0.022397 None
0 0.782613 0.693618 0.00660496 0.013552 None
0 0.904125 0.742968 0.0088768 0.0244449 None
0 0.917223 0.972747 0.0181889 0.0396762 None
0 0.714417 0.83053 0.0206626 0.0331346 None
0 0.883558 0.980076 0.0455688 0.0384733 None
0 0.331224 0.709405 0.00645466 0.0137787 None
0 0.0221795 0.938441 0.0443591 0.0290714 None
0 0.676245 0.81599 0.014549 0.0174815 None
0 0.478365 0.798536 0.0113087 0.0314707 None
0 0.424695 0.908005 0.0147079 0.0470027 None
0 0.0961738 0.994178 0.0479745 0.00825161 None
0 0.119767 0.984728 0.0402064 0.0228195 None
0 0.96097 0.746882 0.0122969 0.0428708 None
0 0.895777 0.976996 0.0698107 0.0440857 None
0 0.301235 0.739474 0.00495348 0.0134935 None
0 0.9576 0.743958 0.00823937 0.0304903 None
0 0.906273 0.973219 0.0408045 0.0412957 None
0 0.921517 0.973852 0.0269791 0.0420154 None
0 0.105522 0.983983 0.0507114 0.0264682 None
0 0.853594 0.830366 0.0226925 0.0385512 None
0 0.477969 0.808382 0.0129595 0.0496433 None
0 0.00562418 0.981769 0.0111601 0.0137505 None
0 0.291514 0.753047 0.00560198 0.0148509 None
0 0.423775 0.919771 0.0208357 0.0309074 None
0 0.109823 0.981393 0.0201849 0.024242 None
0 0.57702 0.874844 0.0335431 0.0159637 None
0 0.974638 0.763153 0.0189051 0.0262697 None
0 0.770048 0.81271 0.0162983 0.0158824 None
0 0.958171 0.747643 0.00945282 0.0387517 None
0 0.973606 0.670642 0.00764847 0.0357202 None
0 0.681235 0.815877 0.0175425 0.0177487 None
0 0.290146 0.754592 0.00984373 0.0138529 None
0 0.101761 0.98696 0.0593959 0.0215654 None
0 0.0728418 0.744493 0.0214755 0.0204854 None
0 0.391429 0.817471 0.0171514 0.0549323 None
0 0.00662291 0.743739 0.0129134 0.0202793 None
0 0.202115 0.728549 0.0077589 0.00951979 None
0 0.710566 0.831712 0.0283433 0.0334117 None
0 0.958506 0.848005 0.0128948 0.0386305 None
0 0.478615 0.793138 0.0103474 0.0252102 None
0 0.0787147 0.743595 0.0112378 0.0198327 None
0 0.902634 0.7517 0.00910835 0.0425268 None
0 0.118657 0.984928 0.0247761 0.0237891 None
0 0.976471 0.664467 0.00675278 0.0369764 None
0 0.974767 0.768228 0.0188812 0.0166755 None
0 0.990808 0.713371 0.017981 0.0134979 None
0 0.704512 0.83156 0.0407747 0.0337752 None
0 0.124663 0.985592 0.0293086 0.0219364 None
0 0.0582525 0.749339 0.00390868 0.0085083 None
0 0.975329 0.666128 0.0094944 0.0387438 None
0 0.322167 0.714654 0.0238054 0.00824246 None
0 0.693229 0.841742 0.0327303 0.0143629 None
0 0.901169 0.76343 0.0069109 0.0298862 None
0 0.540474 0.850916 0.00711803 0.0324541 None
0 0.676854 0.814562 0.0181502 0.019851 None
0 0.509682 0.78082 0.00914507 0.0239148 None
0 0.909589 0.975759 0.0532139 0.0448493 None
0 0.200376 0.72902 0.0126858 0.0102046 None
0 0.973154 0.752722 0.0058506 0.00692885 None
0 0.878312 0.984748 0.0348652 0.0295356 None
0 0.512093 0.781114 0.00822401 0.0249166 None
0 0.935951 0.865982 0.0117382 0.0152964 None
0 0.52672 0.778006 0.0117693 0.0271762 None
0 0.993895 0.660884 0.00434837 0.0129868 None
0 0.977149 0.653711 0.00698318 0.0192666 None
0 0.765816 0.698337 0.00685978 0.0205219 None
0 0.421577 0.927807 0.0164293 0.0146886 None
0 0.989953 0.711992 0.0194435 0.00974969 None
0 0.858991 0.830168 0.014883 0.0385201 None
0 0.00573994 0.978714 0.0113677 0.0194227 None
0 0.947343 0.851149 0.0344929 0.0459385 None
0 0.504426 0.786593 0.0113592 0.00892775 None
0 0.299588 0.739737 0.00791311 0.0131846 None
0 0.832695 0.834544 0.0220505 0.0337847 None
0 0.475097 0.810537 0.0114534 0.0478182 None
0 0.859954 0.796233 0.00693703 0.0100193 None
0 0.946851 0.865275 0.0340443 0.0185371 None
0 0.779218 0.816206 0.00794344 0.0100647 None
