0 0.453559 0.833525 0.0127389 0.0678962 12153
0 0.480389 0.832624 0.0134462 0.0630829 12154
0 0.425283 0.894582 0.0155565 0.0809703 12155
0 0.513619 0.808846 0.0120262 0.0418657 12156
0 0.830184 0.83467 0.017277 0.0337569 12157
0 0.794141 0.777062 0.0113106 0.0473016 12158
0 0.698391 0.794434 0.00874577 0.0428313 12159
0 0.910073 0.752599 0.00881538 0.0468974 12160
0 0.123876 0.890672 0.0163252 0.0594228 12161
0 0.845228 0.767081 0.00889587 0.0455438 12162
0 0.496958 0.780958 0.00781765 0.0249673 12163
0 0.749635 0.784004 0.0102516 0.0452918 12164
0 0.868374 0.764031 0.00855331 0.044371 12165
0 0.946984 0.748774 0.00980759 0.0480399 12166
0 0.953762 0.848642 0.0219606 0.0382468 12167
0 0.761998 0.780012 0.00792074 0.0485952 12168
0 0.855407 0.831457 0.0161026 0.0337986 12169
0 0.718683 0.830946 0.0131421 0.0302555 12170
0 0.896211 0.975767 0.0675926 0.0455607 12171
0 0.0221629 0.938439 0.0443128 0.0297557 12172
0 0.00607535 0.750372 0.00955091 0.018866 12173
0 0.974555 0.762183 0.0184958 0.0284658 12174
0 0.98615 0.740048 0.00729847 0.0307722 12175
0 0.789273 0.699533 0.0062685 0.0217531 12176
0 0.198459 0.915757 0.0463111 0.0318075 12177
0 0.859005 0.76874 0.00628395 0.0294803 12178
0 0.996793 0.73372 0.00596542 0.0484996 12179
0 0.075891 0.750193 0.0122267 0.0168028 12180
0 0.118464 0.983624 0.0369824 0.0267375 12181
0 0.690482 0.796557 0.010124 0.0425164 12182
0 0.85242 0.832249 0.0218266 0.0358716 12183
0 0.934392 0.728765 0.00534058 0.0198108 12184
0 0.676497 0.815585 0.0158525 0.018782 12185
0 0.355194 0.98899 0.0139946 0.0220208 12186
0 0.474274 0.781104 0.00794354 0.020049 12187
0 0.577574 0.874977 0.0334311 0.0155287 12188
0 0.00623097 0.981345 0.0123819 0.0146859 12189
0 0.0541796 0.750834 0.00500305 0.0100759 12190
0 0.884272 0.979365 0.0443325 0.0384499 12191
0 0.995825 0.813312 0.00793419 0.0171356 12192
0 0.0727987 0.744895 0.00680683 0.0184904 12193
0 0.476455 0.781243 0.0114063 0.0198361 12194
0 0.690719 0.801956 0.0117753 0.0347063 12195
0 0.322353 0.752613 0.00393748 0.0117869 12196
0 0.921588 0.973361 0.028154 0.0411964 12197
0 0.951466 0.859124 0.0176762 0.0239044 12198
0 0.765427 0.698401 0.00624847 0.0173374 12199
0 0.923318 0.739304 0.00589714 0.0291521 12200
0 0.0942883 0.994353 0.0445018 0.00831451 12201
0 0.917709 0.972944 0.0198311 0.0405112 12202
0 0.112389 0.982819 0.0255783 0.0243222 12203
0 0.0700143 0.750715 0.0074301 0.018357 12204
0 0.694202 0.796492 0.016357 0.0465122 12205
0 0.860578 0.769274 0.00943546 0.031337 12206
0 0.904344 0.974475 0.0477314 0.0433994 12207
0 0.326403 0.713963 0.00514226 0.0176202 12208
0 0.712929 0.83149 0.0259654 0.0315118 12209
0 0.914993 0.973946 0.0330265 0.0415985 12210
0 0.109493 0.981589 0.0195274 0.0232615 12211
0 0.131604 0.983505 0.0633457 0.0260552 12212
0 0.852358 0.84622 0.0245934 0.0123949 12213
0 0.31333 0.751744 0.0120429 0.0152188 12214
0 0.482077 0.791512 0.0398174 0.0120283 12215
0 0.103981 0.988037 0.0637382 0.0201182 12216
0 0.773702 0.812421 0.00805864 0.014841 12217
0 0.123108 0.984801 0.0336665 0.0240919 12218
0 0.131808 0.983269 0.0627138 0.0183465 12219
0 0.904695 0.678938 0.00821037 0.0195969 12220
0 0.775545 0.812206 0.01573 0.0160048 12221
0 0.533072 0.740396 0.0153238 0.00884789 12222
0 0.53488 0.74036 0.0191849 0.00919461 12223
0 0.862978 0.833338 0.0346018 0.0386458 12224
0 0.00911551 0.981249 0.0181127 0.0159059 12225
0 0.994832 0.812533 0.00989971 0.0196201 12226
0 0.312621 0.751604 0.0118921 0.0155796 12227
0 0.903905 0.676149 0.00858612 0.0149451 12228
0 0.590938 0.907375 0.0597195 0.0247026 12229
0 0.391198 0.832468 0.0187532 0.0868652 12230
0 0.974593 0.673963 0.0060482 0.0194318 12231
0 0.57748 0.870529 0.0339143 0.0247786 12232
0 0.855631 0.84439 0.0479841 0.0199514 12233
0 0.591368 0.907223 0.0596767 0.0247938 12234
0 0.925367 0.680823 0.00676537 0.00871099 12235
0 0.777565 0.813383 0.0115211 0.0136729 12236
0 0.87228 0.845523 0.014481 0.0153551 12237
0 0.928977 0.720559 0.0887787 0.028697 12238
0 0.936855 0.716166 0.0727562 0.0180884 12239
0 0.350339 0.72991 0.0105167 0.00926565 12240
0 0.843256 0.845593 0.04468 0.015785 12241
0 0.297354 0.734684 0.0199042 0.0103505 12242
0 0.770857 0.812726 0.0158064 0.0154846 12243
0 0.790261 0.699215 0.00880833 0.0228834 12244
0 0.936629 0.867062 0.0124899 0.0154809 12245
0 0.97552 0.674216 0.00594692 0.018457 12246
0 0.850856 0.843892 0.0200871 0.0131209 12247
0 0.766073 0.701481 0.00814209 0.0242023 12248
0 0.00500825 0.756108 0.00990436 0.0130307 12249
0 0.683405 0.800614 0.0293637 0.047897 12250
0 0.864611 0.763945 0.0169762 0.0436852 12251
0 0.842404 0.833114 0.0422222 0.0381975 12252
0 0.680894 0.805371 0.0253654 0.0404504 12253
0 0.500726 0.81834 0.0188178 0.00981344 12254
0 0.986071 0.678278 0.0045639 0.0105915 12255
0 0.995392 0.808147 0.00872974 0.02895 12256
0 0.959455 0.848962 0.0156128 0.0374105 12257
0 0.981714 0.65544 0.00894279 0.021501 12258
0 0.754151 0.782307 0.0189705 0.0476756 12259
0 0.0967802 0.986526 0.0500924 0.0216115 12260
0 0.159347 0.741317 0.00685763 0.00995382 12261
0 0.39115 0.811742 0.0170544 0.0444093 12262
