0 0.43331 0.894594 0.018899 0.0788595 84798
0 0.641018 0.799592 0.010355 0.0574836 84799
0 0.555124 0.818772 0.0100674 0.0510115 84800
0 0.842961 0.76681 0.00847397 0.0479224 84801
0 0.72691 0.787324 0.0102982 0.0484555 84802
0 0.390915 0.8186 0.0181591 0.0587514 84803
0 0.596359 0.80924 0.00906515 0.0576168 84804
0 0.718425 0.830154 0.0141011 0.0317315 84805
0 0.796472 0.776242 0.0085084 0.0485972 84806
0 0.452823 0.834677 0.0113539 0.0656743 84807
0 0.83113 0.835255 0.0188362 0.0327096 84808
0 0.114361 0.983322 0.0332053 0.0274236 84809
0 0.688193 0.794797 0.00890884 0.0458995 84810
0 0.458869 0.829027 0.00875187 0.0581602 84811
0 0.702546 0.793034 0.0113825 0.0464301 84812
0 0.484235 0.858501 0.0368456 0.022502 84813
0 0.677035 0.791185 0.00782032 0.0357242 84814
0 0.952914 0.849698 0.0237007 0.038324 84815
0 0.0603652 0.744074 0.00546101 0.0227027 84816
0 0.959123 0.748667 0.00709324 0.0360172 84817
0 0.0170043 0.752874 0.00808865 0.0175485 84818
0 0.856284 0.829974 0.0143837 0.03301 84819
0 0.00591687 0.977938 0.0117666 0.020597 84820
0 0.93808 0.72701 0.0070034 0.01924 84821
0 0.883729 0.979433 0.0455019 0.0395433 84822
0 0.35497 0.989181 0.0149968 0.0216384 84823
0 0.973861 0.762559 0.0198483 0.0274902 84824
0 0.198189 0.916554 0.045158 0.0310637 84825
0 0.95705 0.848665 0.0156029 0.0362908 84826
0 0.853042 0.830463 0.0211836 0.0352692 84827
0 0.695577 0.793876 0.00808153 0.0460097 84828
0 0.0220585 0.938625 0.044117 0.0312352 84829
0 0.921421 0.97286 0.0266579 0.0417937 84830
0 0.104086 0.983613 0.0538302 0.0277017 84831
0 0.475139 0.858365 0.0189027 0.0218316 84832
0 0.907293 0.972888 0.0447189 0.0422119 84833
0 0.894531 0.975209 0.0664047 0.0465186 84834
0 0.361448 0.774486 0.0081152 0.0140054 84835
0 0.676244 0.816045 0.0211603 0.0187276 84836
0 0.914604 0.973305 0.0383541 0.0431032 84837
0 0.853185 0.848408 0.0249485 0.00898692 84838
0 0.995871 0.813475 0.0078495 0.0160963 84839
0 0.455988 0.833473 0.0115905 0.0658068 84840
0 0.323501 0.71619 0.016 0.0151601 84841
0 0.973903 0.762067 0.0113819 0.0272271 84842
0 0.0991487 0.994194 0.0546728 0.00851305 84843
0 0.773141 0.813568 0.0211702 0.0173662 84844
0 0.0787789 0.748515 0.00373554 0.00870802 84845
0 0.27649 0.726893 0.00419049 0.0152625 84846
0 0.293939 0.726157 0.0131413 0.0115696 84847
0 0.577998 0.875251 0.0339437 0.0150068 84848
0 0.770255 0.813401 0.0151105 0.0168521 84849
0 0.917222 0.972327 0.0159836 0.0410787 84850
0 0.063147 0.744331 0.0112611 0.0223707 84851
0 0.852929 0.696896 0.00577888 0.0193015 84852
0 0.0204067 0.753392 0.0158227 0.0193229 84853
0 0.577884 0.875042 0.0334503 0.0146332 84854
0 0.00865938 0.978041 0.0172231 0.0216593 84855
0 0.15272 0.736828 0.0492646 0.0181827 84856
0 0.778978 0.816449 0.00994396 0.0131358 84857
0 0.972192 0.671127 0.00546227 0.0124147 84858
0 0.674151 0.799171 0.0163574 0.0526672 84859
0 0.360424 0.775869 0.00997696 0.0134698 84860
0 0.93754 0.863596 0.0185925 0.0207838 84861
0 0.398153 0.838776 0.0414629 0.0184545 84862
0 0.852596 0.845114 0.0224316 0.0114273 84863
0 0.490599 0.723812 0.00803995 0.00892131 84864
0 0.827751 0.835363 0.0128735 0.0314989 84865
0 0.294628 0.727039 0.0167274 0.0100598 84866
0 0.58557 0.913907 0.047825 0.0115404 84867
0 0.365486 0.843515 0.107976 0.027731 84868
0 0.974319 0.770886 0.0190552 0.0113778 84869
0 0.948642 0.864238 0.0406662 0.0218584 84870
0 0.882955 0.98512 0.0441839 0.0289546 84871
0 0.273564 0.72745 0.00963378 0.0164776 84872
0 0.34403 0.770421 0.0396591 0.0202737 84873
0 0.0638254 0.749323 0.0119599 0.0126014 84874
0 0.450416 0.831385 0.00970135 0.0594147 84875
0 0.946349 0.852134 0.0355949 0.0424401 84876
0 0.768503 0.814076 0.0229897 0.0187314 84877
0 0.674975 0.814283 0.0212822 0.0241762 84878
0 0.859832 0.847039 0.0383289 0.0132623 84879
0 0.833209 0.699881 0.00447483 0.0177685 84880
0 0.957491 0.865661 0.0601303 0.0167755 84881
0 0.593679 0.913486 0.0629313 0.0123642 84882
0 0.960247 0.750617 0.00946312 0.0427799 84883
0 0.294379 0.725458 0.0186719 0.0135442 84884
0 0.328418 0.767163 0.00835414 0.0142093 84885
0 0.400312 0.844561 0.0363027 0.0156125 84886
0 0.293678 0.723568 0.0132974 0.0159736 84887
0 0.995707 0.801329 0.00814285 0.0411141 84888
0 0.774886 0.813522 0.0309067 0.019086 84889
0 0.0684465 0.749943 0.0245462 0.0123406 84890
0 0.603636 0.913986 0.0433038 0.0110158 84891
0 0.872539 0.845746 0.0147438 0.014729 84892
0 0.130234 0.982767 0.0643595 0.0266018 84893
0 0.832783 0.697374 0.00550232 0.0151847 84894
0 0.947995 0.859219 0.0389904 0.0263974 84895
0 0.535545 0.841402 0.028158 0.0114749 84896
0 0.330914 0.767954 0.0135199 0.0156145 84897
0 0.945357 0.860653 0.0307735 0.0227654 84898
0 0.715297 0.832987 0.0202717 0.027574 84899
