0 0.452494 0.833918 0.011414 0.0670614 55993
0 0.781011 0.776521 0.0107359 0.0503883 55994
0 0.796946 0.775116 0.00885925 0.0510735 55995
0 0.556697 0.816419 0.0123654 0.0552311 55996
0 0.646321 0.802767 0.00994377 0.0482208 55997
0 0.831211 0.834707 0.0185488 0.0334958 55998
0 0.69252 0.794443 0.00945225 0.0468791 55999
0 0.718281 0.830306 0.0149393 0.0309594 56000
0 0.843079 0.760348 0.00807686 0.0380764 56001
0 0.736457 0.786209 0.00938559 0.0467261 56002
0 0.953513 0.849301 0.022053 0.0415621 56003
0 0.754451 0.782007 0.00946827 0.049743 56004
0 0.701731 0.794114 0.0081461 0.0449722 56005
0 0.940845 0.728173 0.00748672 0.0220762 56006
0 0.746513 0.783033 0.00770721 0.0470032 56007
0 0.675949 0.815913 0.0153881 0.0203044 56008
0 0.973941 0.762134 0.0200087 0.0295809 56009
0 0.85621 0.830751 0.0145588 0.0326575 56010
0 0.433992 0.914294 0.0237918 0.0360523 56011
0 0.391047 0.820515 0.0177453 0.0625292 56012
0 0.00464247 0.752654 0.0091461 0.0177055 56013
0 0.290428 0.721752 0.0049161 0.0152876 56014
0 0.058644 0.739688 0.00518742 0.0163357 56015
0 0.19843 0.915963 0.0457825 0.031267 56016
0 0.355097 0.98913 0.0144087 0.0217392 56017
0 0.0663784 0.752056 0.00656183 0.0165856 56018
0 0.883778 0.980598 0.0459719 0.0378391 56019
0 0.119688 0.983322 0.0393224 0.0271885 56020
0 0.318815 0.71241 0.00533876 0.0167697 56021
0 0.274349 0.730202 0.0069088 0.0165488 56022
0 0.921321 0.973381 0.0273754 0.0404087 56023
0 0.85266 0.831049 0.021452 0.0345757 56024
0 0.759192 0.785607 0.00660114 0.0404931 56025
0 0.134249 0.739758 0.00628357 0.0116921 56026
0 0.890298 0.976214 0.0584648 0.0453942 56027
0 0.853117 0.848555 0.0250118 0.00902642 56028
0 0.0221152 0.938524 0.0442304 0.0280297 56029
0 0.00292982 0.976008 0.00580289 0.0242293 56030
0 0.096125 0.994213 0.0477254 0.00830214 56031
0 0.715117 0.830859 0.0214612 0.0314924 56032
0 0.577229 0.87575 0.0334974 0.0147118 56033
0 0.00523156 0.975893 0.0103918 0.0253593 56034
0 0.902823 0.973487 0.0335743 0.0409334 56035
0 0.995859 0.811529 0.00787067 0.0201816 56036
0 0.914006 0.972769 0.0103386 0.0389404 56037
0 0.106048 0.992699 0.0681945 0.0110942 56038
0 0.481082 0.856607 0.0377455 0.0248681 56039
0 0.0527765 0.739493 0.0117522 0.0165181 56040
0 0.403562 0.775355 0.00475178 0.013396 56041
0 0.908058 0.973271 0.0237698 0.0397475 56042
0 0.996248 0.674424 0.00707932 0.0278754 56043
0 0.131603 0.983367 0.0625368 0.0265215 56044
0 0.97037 0.671799 0.00476112 0.016826 56045
0 0.274033 0.7322 0.00802336 0.0197644 56046
0 0.0658344 0.758928 0.0279578 0.00985243 56047
0 0.810057 0.697829 0.00700073 0.0157932 56048
0 0.109376 0.980439 0.0196547 0.024114 56049
0 0.520903 0.728484 0.0121222 0.013933 56050
0 0.809731 0.699692 0.00813332 0.0196927 56051
0 0.387659 0.760853 0.0126691 0.0119524 56052
0 0.105529 0.981867 0.0123112 0.0198374 56053
0 0.409491 0.77841 0.00778522 0.0155626 56054
0 0.069629 0.75231 0.00641537 0.0147468 56055
0 0.700078 0.792194 0.0111652 0.0500743 56056
0 0.852353 0.845283 0.0232563 0.0116909 56057
0 0.407775 0.776731 0.0122116 0.0172643 56058
0 0.289797 0.723129 0.00808325 0.0149312 56059
0 0.405743 0.776682 0.0124408 0.0159305 56060
0 0.770607 0.812158 0.0137568 0.0162727 56061
0 0.00940146 0.976168 0.0186277 0.0275716 56062
0 0.125272 0.985135 0.0293192 0.0232296 56063
0 0.286729 0.728543 0.0174709 0.00942722 56064
0 0.00316444 0.971919 0.00628965 0.0322991 56065
0 0.744537 0.783421 0.0117426 0.050362 56066
0 0.0640488 0.746931 0.0159789 0.0265725 56067
0 0.541216 0.848429 0.00706244 0.028203 56068
0 0.673458 0.816529 0.0206732 0.0219669 56069
0 0.062916 0.749272 0.0334927 0.0179796 56070
0 0.0629398 0.757525 0.034885 0.0135171 56071
0 0.112595 0.983028 0.0333284 0.0256183 56072
0 0.0673006 0.754148 0.00746418 0.015486 56073
0 0.005941 0.972071 0.0117479 0.0339922 56074
0 0.89658 0.681241 0.00520191 0.0132876 56075
0 0.911108 0.975874 0.0491957 0.0446059 56076
0 0.857641 0.847071 0.0343552 0.0138618 56077
0 0.48975 0.854022 0.0144867 0.0270821 56078
0 0.415861 0.76313 0.00664015 0.0109328 56079
0 0.956892 0.847564 0.0153358 0.041183 56080
0 0.492506 0.85459 0.0209863 0.0270481 56081
0 0.0514765 0.741701 0.0104378 0.0117384 56082
0 0.844783 0.846606 0.0427818 0.0132802 56083
0 0.863168 0.833251 0.0316298 0.0370182 56084
0 0.973613 0.775191 0.0203087 0.00893487 56085
0 0.967519 0.782853 0.0227955 0.00955692 56086
0 0.99485 0.81036 0.00987167 0.0232764 56087
0 0.0641431 0.747273 0.0228565 0.0253387 56088
0 0.947433 0.860115 0.0100313 0.0188083 56089
0 0.936246 0.866886 0.0117123 0.0160121 56090
0 0.956849 0.857109 0.0267357 0.030147 56091
0 0.955965 0.863648 0.0302742 0.0203055 56092
0 0.993364 0.772809 0.0128147 0.0103132 56093
0 0.984322 0.670692 0.00508652 0.0177438 56094
0 0.995679 0.802465 0.0082119 0.0385027 56095
0 0.923982 0.983092 0.0203289 0.0209354 56096
0 0.842289 0.760352 0.0112806 0.0359834 56097
0 0.00308716 0.957146 0.00612584 0.0617655 56098
0 0.936156 0.86651 0.0117544 0.0159739 56099
0 0.00450679 0.965412 0.00897254 0.0477905 56100
0 0.440353 0.915041 0.0112858 0.032884 56101
0 0.183182 0.736723 0.0216134 0.0113403 56102
0 0.959403 0.869044 0.0225956 0.0089976 56103
0 0.574114 0.874719 0.0384628 0.0169618 56104
0 0.703896 0.796029 0.0128195 0.0463637 56105
0 0.947589 0.863384 0.0107689 0.0157415 56106
0 0.951485 0.675154 0.00644398 0.0140915 56107
0 0.691732 0.820406 0.0122964 0.00955828 56108
