0 0.452423 0.83355 0.0122094 0.0673923 42497
0 0.81692 0.770423 0.0115337 0.0495578 42498
0 0.738007 0.784438 0.0109833 0.0492225 42499
0 0.830582 0.834879 0.0176785 0.0335765 42500
0 0.718548 0.830657 0.0142988 0.0305713 42501
0 0.953452 0.850072 0.0225187 0.0429959 42502
0 0.755775 0.781187 0.00737686 0.0490297 42503
0 0.694562 0.795647 0.009589 0.0432668 42504
0 0.796985 0.775256 0.00841026 0.0495383 42505
0 0.711628 0.792119 0.0101843 0.0403371 42506
0 0.784965 0.778099 0.00928097 0.0452393 42507
0 0.835008 0.767302 0.010005 0.0475264 42508
0 0.473125 0.854502 0.0200333 0.0321474 42509
0 0.554388 0.813343 0.0106414 0.0426878 42510
0 0.843396 0.766101 0.0079216 0.0461912 42511
0 0.426247 0.779173 0.0109938 0.0187993 42512
0 0.70259 0.793677 0.00759678 0.0422784 42513
0 0.434968 0.914143 0.021943 0.0375027 42514
0 0.855901 0.831735 0.0150803 0.0314414 42515
0 0.0668098 0.742226 0.00920544 0.0300968 42516
0 0.115433 0.983247 0.0311833 0.0261597 42517
0 0.804194 0.782648 0.00546627 0.0293006 42518
0 0.973863 0.763662 0.0199331 0.0253747 42519
0 0.198801 0.916109 0.0457168 0.0309818 42520
0 0.355424 0.989257 0.0137827 0.0214868 42521
0 0.318512 0.71234 0.00621748 0.0176314 42522
0 0.909287 0.973348 0.0498945 0.0411455 42523
0 0.677228 0.815271 0.0177786 0.0196981 42524
0 0.276556 0.729883 0.00603657 0.0177602 42525
0 0.883325 0.985436 0.045002 0.0270572 42526
0 0.00700452 0.751651 0.00720846 0.0176071 42527
0 0.892153 0.976254 0.0625256 0.0458788 42528
0 0.903081 0.972709 0.0383041 0.0376289 42529
0 0.0222166 0.93812 0.0443406 0.0297509 42530
0 0.925794 0.682041 0.00590076 0.0139994 42531
0 0.99557 0.813538 0.00845146 0.0160211 42532
0 0.778265 0.698737 0.00538731 0.0172258 42533
0 0.795606 0.697149 0.00410881 0.0153998 42534
0 0.0943339 0.993923 0.043959 0.00857747 42535
0 0.852611 0.832993 0.0220854 0.0349294 42536
0 0.104044 0.98385 0.0614455 0.0276455 42537
0 0.962624 0.676484 0.00450306 0.0166324 42538
0 0.00544809 0.979254 0.0108394 0.0190389 42539
0 0.18776 0.734938 0.0145953 0.0080051 42540
0 0.556447 0.808503 0.00732975 0.0311791 42541
0 0.940371 0.724742 0.00658436 0.0181812 42542
0 0.067962 0.747974 0.0089889 0.0192473 42543
0 0.92218 0.973759 0.0262762 0.0413622 42544
0 0.110218 0.980814 0.0208621 0.0226749 42545
0 0.120583 0.985161 0.0389719 0.0232307 42546
0 0.769721 0.812737 0.014878 0.0160531 42547
0 0.982405 0.657743 0.00870094 0.0263063 42548
0 0.885715 0.979385 0.0500229 0.0389633 42549
0 0.577098 0.875994 0.0319788 0.013603 42550
0 0.00721258 0.752811 0.0102295 0.0194739 42551
0 0.576874 0.875569 0.0317341 0.0134927 42552
0 0.901564 0.977128 0.0346352 0.0297255 42553
0 0.973821 0.674241 0.00551548 0.0193054 42554
0 0.980927 0.660935 0.00668983 0.0205087 42555
0 0.00917704 0.978204 0.0182356 0.0226064 42556
0 0.958853 0.850523 0.0119755 0.0398721 42557
0 0.287558 0.726142 0.0128803 0.0142893 42558
0 0.587969 0.908062 0.0527782 0.023831 42559
0 0.872239 0.845507 0.0142735 0.0150113 42560
0 0.126225 0.986205 0.0258152 0.0217967 42561
0 0.187904 0.735261 0.0149673 0.0084081 42562
0 0.7728 0.812786 0.0219151 0.0173294 42563
0 0.863343 0.833955 0.0323586 0.0362552 42564
0 0.528603 0.736568 0.0209945 0.0140949 42565
0 0.989065 0.674853 0.00453377 0.017559 42566
0 0.936882 0.867084 0.0129211 0.0151396 42567
0 0.86543 0.839156 0.0276417 0.0280223 42568
0 0.865548 0.84498 0.0273941 0.0172719 42569
0 0.674439 0.816205 0.0229267 0.0212782 42570
0 0.799446 0.774857 0.0132452 0.0486233 42571
0 0.923455 0.979942 0.0229588 0.0278485 42572
0 0.991404 0.754086 0.0167183 0.00828366 42573
0 0.0689212 0.757411 0.0266365 0.0111708 42574
0 0.779387 0.815695 0.00811453 0.011107 42575
0 0.835652 0.835155 0.0284472 0.034089 42576
0 0.953373 0.856162 0.0213732 0.0320479 42577
0 0.915434 0.980726 0.0381121 0.0265832 42578
0 0.901517 0.682998 0.00427322 0.0112 42579
0 0.943091 0.865778 0.0249056 0.0162703 42580
0 0.851988 0.846785 0.0250877 0.0117589 42581
0 0.973074 0.652155 0.00535393 0.013427 42582
0 0.111278 0.984623 0.0291119 0.0233948 42583
0 0.859899 0.845779 0.0393307 0.0158283 42584
0 0.00554016 0.972417 0.0110232 0.0324175 42585
0 0.597299 0.915376 0.0322453 0.008864 42586
0 0.790629 0.82005 0.0273843 0.00817668 42587
0 0.987974 0.675553 0.00543098 0.0165478 42588
0 0.903516 0.981038 0.0305235 0.0241787 42589
0 0.36607 0.755033 0.00987911 0.0110857 42590
0 0.897196 0.972757 0.0258434 0.0314531 42591
0 0.904036 0.983155 0.065559 0.0313867 42592
0 0.92488 0.982884 0.0203016 0.0222043 42593
0 0.946229 0.850974 0.0358059 0.0441867 42594
