0 0.555249 0.819465 0.0100988 0.0501053 87520
0 0.722592 0.786232 0.00952406 0.0497681 87521
0 0.625069 0.803549 0.0118464 0.0615758 87522
0 0.452152 0.833834 0.0118896 0.0670843 87523
0 0.441866 0.835169 0.0123842 0.0642209 87524
0 0.796308 0.775914 0.00860958 0.0491623 87525
0 0.830885 0.834907 0.0178593 0.0335012 87526
0 0.581661 0.808396 0.0116283 0.0518283 87527
0 0.843532 0.767238 0.00775204 0.0470985 87528
0 0.952431 0.747214 0.00851898 0.0372915 87529
0 0.718001 0.830085 0.013596 0.0314738 87530
0 0.114641 0.983746 0.0321552 0.0264455 87531
0 0.935538 0.728258 0.00862083 0.0266139 87532
0 0.475352 0.856343 0.0185355 0.0262421 87533
0 0.198002 0.915861 0.0455606 0.0312666 87534
0 0.689077 0.795602 0.00933218 0.0462711 87535
0 0.893731 0.975443 0.0626469 0.0447645 87536
0 0.0225811 0.938501 0.0451621 0.0303601 87537
0 0.701954 0.792107 0.00859366 0.0437739 87538
0 0.35514 0.989336 0.0140033 0.0213281 87539
0 0.856331 0.831042 0.0140591 0.0322893 87540
0 0.956432 0.848405 0.0173538 0.0353061 87541
0 0.0142783 0.752337 0.00988972 0.0169615 87542
0 0.853733 0.698327 0.00613861 0.0211864 87543
0 0.695499 0.792799 0.00871239 0.0466183 87544
0 0.402677 0.896523 0.0128382 0.0800713 87545
0 0.905186 0.973182 0.0413153 0.0394396 87546
0 0.974815 0.762589 0.0182461 0.0269562 87547
0 0.669088 0.799795 0.00907669 0.0443629 87548
0 0.278601 0.728176 0.00518503 0.0157876 87549
0 0.852865 0.831152 0.0207924 0.0341482 87550
0 0.0570182 0.743076 0.00905466 0.021306 87551
0 0.0148783 0.752997 0.0145102 0.0178277 87552
0 0.668873 0.794438 0.00853138 0.0330356 87553
0 0.0954854 0.994306 0.0468733 0.00810886 87554
0 0.883573 0.984531 0.044953 0.0284176 87555
0 0.678919 0.814292 0.0132241 0.0200728 87556
0 0.406701 0.896836 0.0223232 0.0813587 87557
0 0.972173 0.76148 0.0115957 0.0251911 87558
0 0.953433 0.850867 0.0178417 0.0375532 87559
0 0.67865 0.813487 0.0201023 0.0224131 87560
0 0.0557261 0.744382 0.0116022 0.0233392 87561
0 0.852845 0.848668 0.0258858 0.00937941 87562
0 0.577507 0.87552 0.0321139 0.0147556 87563
0 0.995985 0.810352 0.00762405 0.0229753 87564
0 0.484452 0.856598 0.0387758 0.0260454 87565
0 0.40279 0.881528 0.0116488 0.0507924 87566
0 0.0183454 0.760236 0.0239929 0.00873277 87567
0 0.840855 0.698673 0.00721436 0.0198482 87568
0 0.357011 0.771799 0.0123471 0.012267 87569
0 0.67355 0.801062 0.0179186 0.0471654 87570
0 0.951009 0.859201 0.0144093 0.0215627 87571
0 0.00621645 0.980345 0.0123412 0.0165683 87572
0 0.996148 0.815569 0.00729675 0.0125797 87573
0 0.67456 0.807543 0.0182169 0.0349603 87574
0 0.391353 0.823618 0.0182774 0.0667391 87575
0 0.286712 0.727336 0.0221509 0.0163211 87576
0 0.291302 0.728087 0.0128284 0.0090132 87577
0 0.447595 0.761917 0.0177078 0.0151279 87578
0 0.715192 0.830479 0.0199713 0.0320428 87579
0 0.8875 0.977347 0.050201 0.0384842 87580
0 0.914542 0.972817 0.0218369 0.0393558 87581
0 0.577318 0.875146 0.0317405 0.0144596 87582
0 0.852074 0.845088 0.022781 0.011893 87583
0 0.322091 0.719267 0.011427 0.0142877 87584
0 0.935537 0.864996 0.014604 0.0168747 87585
0 0.948514 0.851063 0.0258677 0.0407854 87586
0 0.0742139 0.751307 0.00587912 0.00958693 87587
0 0.402826 0.871075 0.0109321 0.0300012 87588
0 0.281556 0.727842 0.0116842 0.0161294 87589
0 0.00793875 0.978637 0.0157521 0.0198766 87590
0 0.414495 0.897412 0.038162 0.081759 87591
0 0.153371 0.983625 0.0175338 0.0124168 87592
0 0.588116 0.913432 0.0542754 0.0122345 87593
0 0.84945 0.847735 0.0331034 0.011412 87594
0 0.482365 0.856449 0.0228086 0.0260005 87595
0 0.0754086 0.751185 0.00630436 0.00944112 87596
0 0.590702 0.914553 0.046096 0.00955929 87597
0 0.102339 0.984789 0.0600575 0.0263114 87598
0 0.319384 0.719594 0.0182521 0.0154994 87599
0 0.402085 0.896707 0.0204407 0.0821672 87600
0 0.120452 0.985076 0.0387788 0.0222822 87601
0 0.956448 0.867113 0.0603264 0.0151923 87602
0 0.903583 0.67222 0.00621452 0.0099962 87603
0 0.959724 0.848245 0.0126999 0.0342166 87604
0 0.321103 0.72088 0.0131914 0.0166484 87605
0 0.917859 0.97258 0.0170895 0.0386041 87606
0 0.996041 0.804284 0.00748558 0.035014 87607
0 0.841136 0.696558 0.00936699 0.0180834 87608
0 0.946071 0.852654 0.0368046 0.0421492 87609
0 0.946045 0.859343 0.0368801 0.0268863 87610
0 0.40975 0.901656 0.0302558 0.0717183 87611
0 0.839409 0.835499 0.0354359 0.0339759 87612
0 0.454463 0.762304 0.0112487 0.0126411 87613
0 0.956758 0.868922 0.0279629 0.0100121 87614
0 0.965147 0.862594 0.0420593 0.0105179 87615
0 0.492483 0.721464 0.00693464 0.0108524 87616
0 0.440638 0.827836 0.0101339 0.0487742 87617
