0 0.797093 0.775505 0.0111123 0.0494425 58229
0 0.451956 0.833807 0.0135214 0.0688332 58230
0 0.55239 0.816457 0.0108501 0.054031 58231
0 0.953759 0.850018 0.0228298 0.0428633 58232
0 0.634878 0.804132 0.0108812 0.0460837 58233
0 0.830556 0.834664 0.0174788 0.0333605 58234
0 0.692608 0.796739 0.00962763 0.0450751 58235
0 0.84264 0.76346 0.00734406 0.0405124 58236
0 0.77068 0.776718 0.00940218 0.0505532 58237
0 0.736874 0.785885 0.00897675 0.0477661 58238
0 0.940256 0.728692 0.00768337 0.0214939 58239
0 0.718301 0.830486 0.0145828 0.0315672 58240
0 0.702433 0.792273 0.00940361 0.0475993 58241
0 0.890347 0.975706 0.0578049 0.0454997 58242
0 0.742508 0.782258 0.00924892 0.0526001 58243
0 0.474148 0.85407 0.0213318 0.0293401 58244
0 0.0578194 0.73762 0.00521213 0.0189348 58245
0 0.856368 0.830438 0.0136799 0.0322523 58246
0 0.973649 0.763353 0.0200594 0.0263167 58247
0 0.273986 0.728288 0.00649214 0.0161875 58248
0 0.390992 0.81943 0.0178348 0.0608015 58249
0 0.318405 0.716922 0.0046082 0.0140574 58250
0 0.355304 0.989211 0.0136317 0.021579 58251
0 0.434197 0.914173 0.0227444 0.037138 58252
0 0.00489008 0.751483 0.00918049 0.0183038 58253
0 0.109271 0.979137 0.0209441 0.0264876 58254
0 0.676187 0.815456 0.015567 0.0176934 58255
0 0.0644634 0.753233 0.00567236 0.0121209 58256
0 0.00598551 0.978346 0.0119347 0.0209251 58257
0 0.902134 0.972919 0.0345489 0.0401249 58258
0 0.292083 0.720865 0.0072587 0.0158991 58259
0 0.883342 0.985031 0.043441 0.0277464 58260
0 0.977373 0.66956 0.00374661 0.0183757 58261
0 0.115576 0.98111 0.0340433 0.0310913 58262
0 0.714017 0.831016 0.0235348 0.03228 58263
0 0.199605 0.916548 0.0486084 0.0307666 58264
0 0.0221731 0.939144 0.0443462 0.0315521 58265
0 0.852572 0.848709 0.026836 0.00981683 58266
0 0.577065 0.874585 0.0327015 0.0160599 58267
0 0.996456 0.810644 0.00666142 0.0199921 58268
0 0.852597 0.831407 0.0214035 0.0357954 58269
0 0.40274 0.775899 0.00792275 0.0134962 58270
0 0.418621 0.763096 0.011534 0.014091 58271
0 0.00647648 0.759358 0.012683 0.0104367 58272
0 0.97653 0.771517 0.0149956 0.0100065 58273
0 0.096039 0.994196 0.0479504 0.0083513 58274
0 0.107709 0.980464 0.028552 0.0287464 58275
0 0.92256 0.68065 0.00609512 0.0151898 58276
0 0.703938 0.794042 0.0127262 0.0461867 58277
0 0.10522 0.981962 0.0614236 0.0314879 58278
0 0.753708 0.788447 0.00872841 0.0348923 58279
0 0.981427 0.671283 0.00495033 0.0186565 58280
0 0.105294 0.992457 0.0696898 0.0117079 58281
0 0.519832 0.731425 0.00960369 0.00949131 58282
0 0.884323 0.979605 0.0456169 0.0375298 58283
0 0.319286 0.717009 0.00670528 0.014238 58284
0 0.972084 0.762802 0.0140085 0.026752 58285
0 0.959826 0.850223 0.0107975 0.0384572 58286
0 0.994821 0.668455 0.00609741 0.0142002 58287
0 0.136952 0.741077 0.0129584 0.010751 58288
0 0.851465 0.845708 0.0256878 0.012931 58289
0 0.897562 0.680341 0.00578499 0.0136467 58290
0 0.068407 0.754905 0.0151981 0.0143948 58291
0 0.78886 0.699251 0.00543785 0.0131399 58292
0 0.389487 0.758352 0.00943098 0.0141307 58293
0 0.707649 0.785169 0.00493774 0.0137261 58294
0 0.480371 0.854356 0.0329849 0.0290704 58295
0 0.816788 0.697941 0.00658188 0.0125254 58296
0 0.048693 0.740498 0.00969689 0.0113332 58297
0 0.751197 0.78613 0.0111857 0.0412198 58298
0 0.98233 0.670687 0.00512962 0.0155506 58299
0 0.970032 0.673057 0.00597553 0.0187132 58300
0 0.936019 0.866391 0.0114096 0.0146657 58301
0 0.977431 0.771278 0.0157913 0.01019 58302
0 0.862911 0.833348 0.0323032 0.0388655 58303
0 0.0684465 0.752066 0.0126435 0.0145803 58304
0 0.171819 0.739019 0.00674534 0.0086341 58305
0 0.700805 0.792589 0.0121623 0.0515088 58306
0 0.884426 0.989258 0.0401035 0.0189938 58307
0 0.980707 0.762904 0.0358292 0.0265259 58308
0 0.587776 0.91327 0.0515434 0.0119568 58309
0 0.121762 0.984812 0.0195802 0.0246704 58310
0 0.0667265 0.752442 0.0185801 0.0142897 58311
0 0.944492 0.865551 0.0282742 0.0164995 58312
0 0.855975 0.84763 0.035154 0.0144987 58313
0 0.860278 0.795327 0.00566177 0.0126224 58314
0 0.418474 0.763154 0.0139622 0.0170281 58315
0 0.126203 0.985805 0.0256216 0.0208791 58316
0 0.577719 0.882283 0.0327414 0.00882348 58317
0 0.862059 0.844167 0.0323132 0.0193565 58318
0 0.856893 0.834173 0.0435158 0.0396155 58319
0 0.753375 0.826855 0.0307556 0.00794 58320
0 0.838464 0.834439 0.0335136 0.0359228 58321
0 0.871795 0.845392 0.0136814 0.0158732 58322
0 0.960388 0.866482 0.0551102 0.0152871 58323
0 0.009232 0.978467 0.0183341 0.0225223 58324
0 0.490805 0.864895 0.021941 0.00795085 58325
0 0.772618 0.777427 0.0131868 0.0517398 58326
0 0.421535 0.914949 0.0491714 0.0396761 58327
0 0.912483 0.973577 0.048896 0.0418979 58328
0 0.967564 0.863219 0.0404423 0.0121528 58329
0 0.574995 0.873817 0.0370304 0.0171602 58330
0 0.291058 0.726864 0.0178356 0.0083547 58331
0 0.272681 0.729195 0.00914393 0.0169825 58332
0 0.843818 0.837271 0.0426476 0.0317 58333
0 0.989282 0.767371 0.0210258 0.0129459 58334
0 0.900318 0.974237 0.074416 0.0441177 58335
0 0.415664 0.764476 0.00934963 0.0137505 58336
0 0.291263 0.720604 0.0170679 0.0168572 58337
0 0.439713 0.914797 0.012534 0.0344165 58338
0 0.390911 0.833734 0.0182069 0.089212 58339
0 0.896868 0.679296 0.0071373 0.0159549 58340
0 0.963347 0.851089 0.0485851 0.0448442 58341
0 0.97416 0.862512 0.0279324 0.0111474 58342
0 0.577907 0.880403 0.0338629 0.0133406 58343
0 0.953356 0.863724 0.0244629 0.017609 58344
0 0.0545001 0.739695 0.0121647 0.014426 58345
0 0.995746 0.666095 0.00811234 0.0130108 58346
