0 0.513387 0.822253 0.0119947 0.0521996 71614
0 0.451863 0.834238 0.012438 0.0666799 71615
0 0.842716 0.767047 0.00990562 0.0463162 71616
0 0.579676 0.815133 0.0115351 0.0505903 71617
0 0.691751 0.794935 0.00873642 0.0461548 71618
0 0.796577 0.774482 0.00765743 0.0475989 71619
0 0.953681 0.849896 0.0224762 0.0412457 71620
0 0.718465 0.830561 0.0137161 0.0312761 71621
0 0.830846 0.834732 0.0176292 0.0334446 71622
0 0.1158 0.982834 0.0358242 0.027389 71623
0 0.672487 0.78836 0.00954151 0.0419108 71624
0 0.721976 0.788238 0.00910797 0.0473233 71625
0 0.746268 0.781237 0.00783253 0.0475644 71626
0 0.474755 0.856785 0.0176197 0.0250549 71627
0 0.432027 0.914164 0.0273463 0.0370273 71628
0 0.703531 0.790497 0.0109655 0.0501258 71629
0 0.974561 0.761702 0.018515 0.028638 71630
0 0.355384 0.989148 0.0138931 0.0217036 71631
0 0.855961 0.829417 0.0135509 0.0330583 71632
0 0.990466 0.744095 0.00862389 0.0453532 71633
0 0.197534 0.915914 0.0449534 0.031213 71634
0 0.00572386 0.979322 0.0113856 0.0180773 71635
0 0.0222056 0.938067 0.0443329 0.0295152 71636
0 0.71141 0.790982 0.00916634 0.0439124 71637
0 0.0124306 0.749451 0.0106881 0.0199253 71638
0 0.897899 0.975046 0.0736866 0.0468867 71639
0 0.841166 0.697093 0.00507565 0.0191637 71640
0 0.910782 0.973297 0.0488428 0.0431358 71641
0 0.380786 0.775742 0.00434465 0.0155421 71642
0 0.853322 0.830497 0.0216438 0.0351485 71643
0 0.0683756 0.749538 0.00947697 0.0144002 71644
0 0.314478 0.712746 0.00751791 0.0137443 71645
0 0.938805 0.728324 0.00789757 0.0185961 71646
0 0.0947854 0.994502 0.0467652 0.00798882 71647
0 0.946931 0.676998 0.0060524 0.0180359 71648
0 0.00932578 0.750392 0.0179704 0.0214074 71649
0 0.501009 0.724149 0.0126898 0.0168889 71650
0 0.996371 0.812207 0.00683212 0.0174649 71651
0 0.889387 0.978348 0.0572412 0.0414347 71652
0 0.902996 0.972507 0.0331879 0.041685 71653
0 0.391004 0.816292 0.0184651 0.0579861 71654
0 0.101373 0.993906 0.0606972 0.00846575 71655
0 0.289561 0.718014 0.0071816 0.0143663 71656
0 0.675691 0.814722 0.0158548 0.01996 71657
0 0.26793 0.72489 0.00606613 0.0158676 71658
0 0.971981 0.677016 0.00725746 0.0212207 71659
0 0.421042 0.761938 0.0265907 0.0137312 71660
0 0.382626 0.775731 0.00885839 0.0156562 71661
0 0.92009 0.973267 0.0318165 0.0423994 71662
0 0.852912 0.848177 0.0264534 0.0105665 71663
0 0.576155 0.875051 0.0364879 0.0145735 71664
0 0.811953 0.698513 0.00608597 0.0196955 71665
0 0.144998 0.735129 0.0313841 0.0111152 71666
0 0.904269 0.682908 0.00440331 0.014566 71667
0 0.414753 0.762257 0.0125937 0.0124802 71668
0 0.7159 0.830715 0.0191551 0.0326299 71669
0 0.540873 0.848693 0.00742035 0.0271047 71670
0 0.957859 0.84997 0.0140667 0.0376677 71671
0 0.483778 0.856581 0.0374959 0.0254849 71672
0 0.138898 0.735275 0.0188739 0.0102931 71673
0 0.0632275 0.738252 0.00662155 0.0136776 71674
0 0.978182 0.672466 0.00628319 0.0169004 71675
0 0.773088 0.81282 0.0205118 0.0156552 71676
0 0.99512 0.698276 0.00928078 0.0126606 71677
0 0.00549741 0.984766 0.0109189 0.0288774 71678
0 0.269441 0.725399 0.00886011 0.0149058 71679
0 0.576788 0.875788 0.0356474 0.0137341 71680
0 0.991171 0.668563 0.00399532 0.0126177 71681
0 0.102113 0.983146 0.061301 0.0274336 71682
0 0.130738 0.982781 0.0656477 0.0271791 71683
0 0.7129 0.790617 0.00852795 0.0460951 71684
0 0.88207 0.980583 0.0431625 0.0374585 71685
0 0.0756084 0.7452 0.00759296 0.0121514 71686
0 0.935916 0.866994 0.0115322 0.014748 71687
0 0.0763699 0.744034 0.00583078 0.0120802 71688
0 0.391171 0.831236 0.0183304 0.0884915 71689
0 0.559557 0.83845 0.00649548 0.00928904 71690
0 0.288675 0.718965 0.00725813 0.0143495 71691
0 0.382785 0.777896 0.0103048 0.0129174 71692
0 0.980464 0.666535 0.00436592 0.0145264 71693
0 0.93965 0.731486 0.00992107 0.0144524 71694
0 0.953119 0.860811 0.0207779 0.0206923 71695
0 0.696396 0.793977 0.0140858 0.0457614 71696
0 0.138245 0.735658 0.0173614 0.00999502 71697
0 0.577508 0.880445 0.0337907 0.0100055 71698
0 0.0124208 0.755107 0.011563 0.0153141 71699
0 0.778488 0.813703 0.010172 0.0145018 71700
0 0.701518 0.767671 0.0063488 0.0143624 71701
0 0.678539 0.815241 0.0233768 0.0192318 71702
0 0.287332 0.718679 0.0145657 0.0154755 71703
0 0.973091 0.675651 0.0112129 0.0216734 71704
0 0.939397 0.736087 0.0103292 0.00717909 71705
0 0.94706 0.865513 0.0333134 0.017864 71706
0 0.859553 0.795016 0.00769157 0.0127035 71707
0 0.69078 0.818145 0.0165653 0.0084849 71708
0 0.946362 0.675512 0.00851135 0.0197553 71709
0 0.892825 0.674883 0.00595684 0.0112752 71710
0 0.692995 0.820234 0.0140902 0.00911763 71711
0 0.701844 0.78975 0.0133039 0.0552277 71712
0 0.994825 0.669563 0.00974464 0.0133666 71713
0 0.855961 0.847024 0.0349281 0.0148475 71714
0 0.923139 0.977419 0.0256683 0.0326582 71715
