0 0.554733 0.816277 0.00993547 0.0453488 None
0 0.570615 0.810946 0.0134895 0.0545017 None
0 0.641478 0.804435 0.00924492 0.0485694 None
0 0.529466 0.818524 0.0145227 0.0568983 None
0 0.452652 0.834484 0.0124759 0.0674223 None
0 0.718455 0.828997 0.014361 0.0337324 None
0 0.723994 0.787426 0.00881987 0.048407 None
0 0.797345 0.775243 0.00952854 0.0510461 None
0 0.843243 0.764008 0.00778923 0.0415375 None
0 0.688844 0.795415 0.00988102 0.0464062 None
0 0.303489 0.901978 0.0213923 0.0794013 None
0 0.831289 0.835228 0.0168827 0.0322769 None
0 0.956972 0.847776 0.0155163 0.0342224 None
0 0.734194 0.785464 0.00810766 0.0483137 None
0 0.659054 0.807455 0.00757504 0.0367727 None
0 0.391108 0.822981 0.0180186 0.0665958 None
0 0.114519 0.982822 0.0312007 0.0244937 None
0 0.927793 0.751518 0.00753708 0.0472266 None
0 0.701428 0.794532 0.011389 0.0500916 None
0 0.475962 0.855745 0.0179239 0.0264135 None
0 0.386402 0.846181 0.0106736 0.0570053 None
0 0.699612 0.793598 0.00771952 0.0493544 None
0 0.94875 0.850531 0.0176718 0.0372131 None
0 0.974009 0.762169 0.0176559 0.0284551 None
0 0.853116 0.834197 0.0211685 0.0286614 None
0 0.355153 0.989447 0.0149206 0.0211054 None
0 0.891336 0.97666 0.0607796 0.0447891 None
0 0.904837 0.973297 0.0374729 0.0387526 None
0 0.198219 0.915417 0.0460357 0.0322444 None
0 0.945399 0.851431 0.0239388 0.0388101 None
0 0.883186 0.982892 0.0444923 0.0326111 None
0 0.928896 0.734663 0.00767937 0.0349954 None
0 0.0223584 0.93874 0.0447169 0.0297475 None
0 0.0534675 0.730234 0.00676156 0.0163177 None
0 0.676429 0.815301 0.0155225 0.0181817 None
0 0.00563911 0.975091 0.0112035 0.0269697 None
0 0.577738 0.875399 0.0325124 0.0147939 None
0 0.863168 0.693264 0.00592136 0.0230994 None
0 0.899365 0.681705 0.00814362 0.0197683 None
0 0.982855 0.730955 0.00950279 0.0246041 None
0 0.0359851 0.749641 0.0102184 0.0127506 None
0 0.960924 0.650168 0.00470448 0.0168461 None
0 0.484879 0.855841 0.0364479 0.0267375 None
0 0.911379 0.974273 0.0464411 0.0414653 None
0 0.0997037 0.994068 0.0541562 0.00829807 None
0 0.10433 0.984108 0.0519545 0.0268161 None
0 0.956967 0.672665 0.00644302 0.0202532 None
0 0.922422 0.973644 0.0262329 0.0394631 None
0 0.715405 0.829246 0.0208767 0.0343859 None
0 0.679502 0.815483 0.0216664 0.0188409 None
0 0.924328 0.682208 0.00718575 0.0122873 None
0 0.936216 0.866486 0.0162804 0.01462 None
0 0.940763 0.674332 0.00520248 0.0190949 None
0 0.917233 0.972266 0.0153734 0.0365675 None
0 0.785299 0.814059 0.037608 0.0189229 None
0 0.389636 0.834036 0.017519 0.0836066 None
0 0.914662 0.972125 0.0103973 0.0368032 None
0 0.540751 0.848395 0.00802364 0.0294932 None
0 0.836289 0.835477 0.0276203 0.0328946 None
0 0.85765 0.836385 0.0322784 0.0320021 None
0 0.952574 0.659206 0.00490856 0.0144179 None
0 0.00853345 0.975166 0.0169775 0.0285936 None
0 0.913827 0.671843 0.00523453 0.011223 None
0 0.852986 0.837296 0.0253586 0.0315158 None
0 0.860485 0.794561 0.00552502 0.013786 None
0 0.990065 0.671413 0.00471878 0.0151861 None
0 0.996018 0.80759 0.00755539 0.0289259 None
0 0.30776 0.902316 0.0306504 0.0800361 None
0 0.941973 0.670015 0.00600662 0.0268443 None
0 0.119643 0.984115 0.0407861 0.0250843 None
0 0.942101 0.662673 0.00514164 0.014445 None
0 0.929242 0.729862 0.00741539 0.0276606 None
0 0.7732 0.813728 0.0212393 0.0175659 None
0 0.886985 0.976879 0.0459538 0.0363985 None
0 0.929902 0.745792 0.0113697 0.0591492 None
0 0.779746 0.81444 0.0350277 0.020068 None
0 0.865009 0.693552 0.0100451 0.0233159 None
0 0.00522963 0.969746 0.0104412 0.0384369 None
0 0.657527 0.807594 0.0108278 0.0378009 None
0 0.776919 0.814434 0.0141441 0.0173793 None
0 0.770071 0.813648 0.0151695 0.0168766 None
0 0.483236 0.855256 0.0230447 0.0263236 None
0 0.860396 0.846144 0.0394077 0.0161852 None
0 0.935288 0.863512 0.0158127 0.0199532 None
0 0.856923 0.837125 0.0451101 0.0352553 None
0 0.285707 0.738861 0.0072382 0.0107368 None
0 0.85568 0.795162 0.0158901 0.01293 None
0 0.592946 0.907473 0.0623352 0.0230577 None
0 0.00423176 0.963857 0.0083522 0.0483971 None
0 0.956434 0.867046 0.0602871 0.0147051 None
0 0.878551 0.98466 0.0350252 0.0289446 None
0 0.945109 0.853681 0.0338226 0.0416005 None
0 0.996082 0.815766 0.0073597 0.0151442 None
0 0.31672 0.918105 0.0132963 0.0137736 None
0 0.311405 0.908618 0.00708208 0.0285775 None
