0 0.660225 0.795074 0.01108 0.0555383 None
0 0.452338 0.834348 0.0123367 0.0661151 None
0 0.554752 0.819011 0.0119581 0.0498583 None
0 0.474427 0.82444 0.0119411 0.0497277 None
0 0.796344 0.775616 0.00815449 0.048653 None
0 0.734222 0.784475 0.00882235 0.0499051 None
0 0.443151 0.89118 0.0165619 0.082311 None
0 0.842462 0.767777 0.00834103 0.04446 None
0 0.718178 0.830326 0.0137359 0.0314336 None
0 0.618831 0.803636 0.0124214 0.0519918 None
0 0.702686 0.79287 0.0113815 0.0483751 None
0 0.114309 0.983324 0.0331836 0.0274299 None
0 0.831298 0.835248 0.0189037 0.0329559 None
0 0.0185683 0.750878 0.0107314 0.0192174 None
0 0.0220619 0.939122 0.0441238 0.0307961 None
0 0.064473 0.738596 0.00648441 0.0213747 None
0 0.934669 0.726883 0.00632591 0.0224155 None
0 0.856724 0.83017 0.0137564 0.0336294 None
0 0.198292 0.915783 0.0451705 0.0322262 None
0 0.689482 0.794938 0.00938282 0.0434438 None
0 0.957284 0.847912 0.0156055 0.0350499 None
0 0.90705 0.972603 0.0445965 0.0413083 None
0 0.674949 0.815717 0.0148722 0.0183029 None
0 0.318768 0.711361 0.00668163 0.0145852 None
0 0.475936 0.857522 0.0181105 0.0230737 None
0 0.368534 0.773071 0.00702114 0.0134272 None
0 0.953924 0.849958 0.0225168 0.0391968 None
0 0.355001 0.989181 0.0148951 0.0216385 None
0 0.484349 0.857888 0.0354927 0.0237305 None
0 0.974833 0.762068 0.01525 0.0270348 None
0 0.0655779 0.739938 0.00887609 0.0247364 None
0 0.433234 0.7643 0.0206247 0.0130225 None
0 0.853117 0.830533 0.0207741 0.0359606 None
0 0.00597981 0.978308 0.0118685 0.0206087 None
0 0.893725 0.975434 0.0650414 0.0466615 None
0 0.883402 0.980088 0.0448009 0.0382958 None
0 0.853202 0.848198 0.0247623 0.00927243 None
0 0.952209 0.857736 0.0191978 0.0264391 None
0 0.967259 0.750039 0.00855083 0.0405192 None
0 0.995882 0.813477 0.00782433 0.0160099 None
0 0.391461 0.812449 0.0168866 0.0466707 None
0 0.771062 0.813379 0.0182486 0.016803 None
0 0.0987018 0.994228 0.0536513 0.00841404 None
0 0.0197683 0.760645 0.0147324 0.00669132 None
0 0.694555 0.797324 0.009832 0.0398156 None
0 0.921141 0.972821 0.0254276 0.0415514 None
0 0.0228929 0.760875 0.0227037 0.00725047 None
0 0.834972 0.835494 0.014064 0.0327016 None
0 0.105238 0.983614 0.0513529 0.0276398 None
0 0.0670688 0.749402 0.00971057 0.0108303 None
0 0.273741 0.731041 0.00463448 0.0175178 None
0 0.974801 0.76079 0.010891 0.0247267 None
0 0.291106 0.724063 0.00638213 0.0123188 None
0 0.853228 0.844806 0.0235435 0.0103716 None
0 0.57787 0.875197 0.0334614 0.0141542 None
0 0.391332 0.83238 0.0172812 0.0866048 None
0 0.269414 0.736617 0.0127841 0.00832553 None
0 0.91785 0.97224 0.0184237 0.0398875 None
0 0.578079 0.875434 0.0337603 0.0148054 None
0 0.0674013 0.741106 0.01293 0.0263926 None
0 0.826701 0.834875 0.0109394 0.0321903 None
0 0.973878 0.765973 0.0191561 0.0215681 None
0 0.488151 0.72741 0.0133898 0.0114744 None
0 0.0676077 0.748424 0.0122168 0.0126402 None
0 0.915285 0.971796 0.0116486 0.0401011 None
0 0.00916997 0.978457 0.0182291 0.0226934 None
0 0.772924 0.814584 0.0230286 0.0192919 None
0 0.779122 0.817061 0.00957851 0.0117499 None
0 0.825785 0.697182 0.00642948 0.0181578 None
0 0.585399 0.913876 0.047573 0.0113932 None
0 0.0666257 0.751898 0.0108446 0.0094401 None
0 0.924361 0.729383 0.0214085 0.0092136 None
0 0.0185835 0.755857 0.0117031 0.0159685 None
0 0.954487 0.860507 0.0258564 0.0261592 None
0 0.776695 0.815527 0.01573 0.0160919 None
0 0.959318 0.851286 0.0290951 0.0416309 None
0 0.431989 0.891614 0.0161272 0.0172672 None
0 0.355499 0.850814 0.0155354 0.012382 None
0 0.166851 0.729707 0.00757093 0.00921139 None
0 0.540414 0.848734 0.0071434 0.028186 None
0 0.593578 0.913477 0.0627249 0.0122013 None
0 0.939996 0.674175 0.00464325 0.0136887 None
0 0.934852 0.735434 0.00700798 0.0405455 None
0 0.924254 0.729712 0.0289593 0.0138445 None
0 0.956528 0.867877 0.0274605 0.0120653 None
0 0.958658 0.722457 0.0449093 0.0218416 None
0 0.768004 0.81368 0.0215661 0.0182053 None
0 0.476519 0.825141 0.012447 0.0496033 None
0 0.949218 0.851636 0.0321198 0.0434347 None
0 0.70624 0.843 0.0114302 0.00867784 None
0 0.850575 0.697536 0.00677299 0.0156401 None
0 0.84935 0.697695 0.00633163 0.0153262 None
0 0.494409 0.863868 0.0158088 0.00938822 None
0 0.289954 0.723742 0.015259 0.0117037 None
0 0.70645 0.790538 0.00672751 0.0370989 None
0 0.603619 0.914063 0.0429355 0.010887 None
0 0.0727778 0.747393 0.0239554 0.0154156 None
0 0.996644 0.671952 0.00514336 0.011568 None
0 0.87255 0.845742 0.0146633 0.0147383 None
0 0.751586 0.827262 0.0281174 0.00793169 None
0 0.971927 0.671315 0.00701599 0.0154138 None
0 0.882351 0.986128 0.0429831 0.0267649 None
0 0.939118 0.676756 0.00629349 0.0179275 None
0 0.348074 0.774876 0.0126689 0.0110352 None
0 0.290016 0.726087 0.0171405 0.00759277 None
0 0.976169 0.771571 0.0181873 0.00981615 None
0 0.995749 0.801752 0.00804577 0.0401917 None
0 0.434369 0.889876 0.0216005 0.0204308 None
0 0.790931 0.821367 0.0265615 0.00603604 None
0 0.782508 0.814039 0.013959 0.0151547 None
0 0.955747 0.860929 0.0284454 0.0251529 None
0 0.79626 0.817761 0.0389895 0.0108019 None
0 0.9666 0.751745 0.0116142 0.0439158 None
0 0.947019 0.858334 0.032551 0.031131 None
0 0.921832 0.980401 0.0260071 0.0267841 None
0 0.843449 0.836458 0.0448311 0.0328047 None
0 0.949721 0.865378 0.0357868 0.0185954 None
0 0.901315 0.975076 0.0323946 0.0349311 None
0 0.774574 0.813284 0.029752 0.0188056 None
0 0.130144 0.98282 0.0642386 0.0264838 None
0 0.351073 0.775529 0.0210314 0.00992364 None
0 0.894931 0.973189 0.0210049 0.0280511 None
0 0.951926 0.684675 0.00464287 0.015298 None
0 0.715216 0.837214 0.0194386 0.019135 None
0 0.00639962 0.973459 0.0126528 0.0318993 None
