0 0.45307 0.833211 0.012684 0.068218 None
0 0.821602 0.770086 0.0106808 0.0519435 None
0 0.843722 0.765184 0.00715904 0.0487956 None
0 0.73677 0.785619 0.00837269 0.0470279 None
0 0.830664 0.834994 0.0174509 0.032958 None
0 0.953516 0.849819 0.0221386 0.0422462 None
0 0.803725 0.772426 0.00780373 0.0501333 None
0 0.702843 0.792732 0.0081852 0.0454998 None
0 0.56471 0.811593 0.0138138 0.0457192 None
0 0.695254 0.796272 0.0106695 0.0463606 None
0 0.755361 0.782565 0.00782204 0.0472814 None
0 0.776008 0.779431 0.00960464 0.0430586 None
0 0.796608 0.774303 0.00903873 0.0490065 None
0 0.939999 0.728148 0.00723591 0.0217404 None
0 0.00433749 0.750384 0.00836181 0.0179067 None
0 0.476515 0.854275 0.0292198 0.0296658 None
0 0.71754 0.830188 0.0127758 0.0313741 None
0 0.0221178 0.938552 0.0442356 0.0282493 None
0 0.797158 0.696571 0.0052762 0.0146962 None
0 0.856364 0.830989 0.0145111 0.0340408 None
0 0.894054 0.975514 0.0669636 0.0470432 None
0 0.115127 0.981053 0.0309034 0.0228363 None
0 0.853172 0.831471 0.021714 0.0345422 None
0 0.9063 0.972341 0.0436846 0.0411353 None
0 0.197957 0.916233 0.0446429 0.031287 None
0 0.276131 0.728027 0.00618639 0.0145745 None
0 0.0648967 0.742887 0.0070156 0.0322976 None
0 0.971882 0.763119 0.0133757 0.0256704 None
0 0.35443 0.989293 0.0155622 0.0214137 None
0 0.432279 0.914797 0.0272917 0.0377113 None
0 0.974231 0.763337 0.0187317 0.0264199 None
0 0.119691 0.982622 0.0401357 0.0258372 None
0 0.184002 0.733216 0.0118962 0.00848168 None
0 0.0646063 0.734509 0.00641842 0.0164637 None
0 0.71422 0.83012 0.0199764 0.0327216 None
0 0.678229 0.815708 0.0206477 0.018692 None
0 0.31737 0.714175 0.00478892 0.0157789 None
0 0.410069 0.761856 0.00498009 0.00731913 None
0 0.418647 0.780387 0.0102144 0.0192329 None
0 0.0025137 0.977685 0.00499409 0.0211258 None
0 0.00567535 0.977678 0.0113037 0.0218336 None
0 0.419906 0.780016 0.00737171 0.0194368 None
0 0.794773 0.77447 0.010676 0.0493469 None
0 0.88581 0.983858 0.0507256 0.0301215 None
0 0.525641 0.735927 0.0152277 0.00784048 None
0 0.440873 0.919181 0.0101961 0.0246758 None
0 0.95293 0.661302 0.0037529 0.00918376 None
0 0.523938 0.734652 0.0107609 0.00973867 None
0 0.0982813 0.994079 0.052128 0.00853102 None
0 0.779629 0.698195 0.0051136 0.01518 None
0 0.135045 0.736859 0.00451016 0.00831502 None
0 0.371465 0.75752 0.00907187 0.0109087 None
0 0.576564 0.87571 0.0323238 0.0139906 None
0 0.106483 0.983907 0.0643786 0.0275621 None
0 0.675159 0.816173 0.0148769 0.0185203 None
0 0.996005 0.811259 0.00757942 0.0212472 None
0 0.996199 0.815998 0.0071888 0.011732 None
0 0.274446 0.729501 0.00936499 0.0160645 None
0 0.521957 0.734523 0.00830669 0.00949266 None
0 0.0632384 0.743213 0.012552 0.0338365 None
0 0.391457 0.833029 0.0173339 0.0860704 None
0 0.428263 0.917444 0.0225321 0.0321818 None
0 0.486726 0.851996 0.00920391 0.0258494 None
0 0.921996 0.97263 0.0269308 0.0424267 None
0 0.976466 0.77166 0.01478 0.00995789 None
0 0.288339 0.728176 0.00752945 0.00779385 None
0 0.0630543 0.739003 0.0113122 0.0258331 None
0 0.984083 0.670404 0.00689125 0.0202037 None
0 0.959149 0.85045 0.0113697 0.0382897 None
0 0.770875 0.813013 0.0158884 0.0151591 None
0 0.286966 0.725263 0.00836782 0.0118239 None
0 0.541024 0.849135 0.00760937 0.0271261 None
0 0.98484 0.666129 0.00519714 0.0238379 None
0 0.792919 0.782543 0.0065155 0.0338006 None
0 0.957607 0.755836 0.0259708 0.0081565 None
0 0.90147 0.68115 0.00396061 0.0139879 None
0 0.522642 0.733084 0.00713415 0.0116099 None
0 0.00612579 0.760465 0.0122173 0.00797729 None
0 0.370218 0.759322 0.0117422 0.00842862 None
0 0.483828 0.852896 0.0154554 0.0281525 None
0 0.059741 0.74053 0.00569122 0.00957981 None
0 0.876624 0.985823 0.0322208 0.0270901 None
0 0.979293 0.672068 0.00518913 0.0196313 None
0 0.958275 0.758984 0.026531 0.00803901 None
0 0.420931 0.915158 0.0499391 0.0393555 None
0 0.996001 0.814664 0.00753441 0.0175144 None
0 0.915751 0.969177 0.0124395 0.0372111 None
0 0.979888 0.662849 0.00573597 0.0234334 None
0 0.773078 0.812834 0.0209956 0.0165578 None
0 0.971934 0.651441 0.00487289 0.0156345 None
0 0.958983 0.673086 0.00685616 0.0203796 None
0 0.85276 0.848751 0.0244118 0.00872125 None
0 0.349697 0.989345 0.0259159 0.021217 None
0 0.698369 0.794077 0.0171741 0.0493296 None
0 0.961006 0.758505 0.0319111 0.0102115 None
0 0.974269 0.67335 0.00631962 0.0156733 None
0 0.985903 0.771111 0.0277193 0.00834452 None
0 0.15344 0.98373 0.017785 0.0124318 None
0 0.918285 0.971618 0.0186501 0.0405958 None
0 0.935764 0.866829 0.011072 0.0148395 None
0 0.527788 0.736751 0.0217425 0.00725827 None
0 0.989899 0.770102 0.0197392 0.0078576 None
0 0.682243 0.814486 0.0210225 0.0178087 None
0 0.883573 0.978964 0.0453608 0.0404519 None
0 0.00604254 0.972119 0.0119539 0.033814 None
0 0.861119 0.833405 0.0359848 0.0396478 None
0 0.10994 0.983482 0.0368789 0.0224552 None
0 0.980974 0.663635 0.00919418 0.0393818 None
0 0.388846 0.800552 0.0118858 0.022052 None
0 0.980426 0.763285 0.0363894 0.0265242 None
0 0.857377 0.836652 0.0447479 0.0354945 None
0 0.97856 0.771656 0.01537 0.00969001 None
0 0.592985 0.910109 0.0618122 0.0188999 None
0 0.711279 0.840528 0.0243696 0.0137912 None
0 0.796613 0.696135 0.00782414 0.0172187 None
0 0.928675 0.679615 0.00640144 0.0101104 None
0 0.391825 0.808197 0.0160377 0.0359367 None
0 0.182722 0.734318 0.0152829 0.0106617 None
0 0.0090928 0.978024 0.0178697 0.0241157 None
