0 0.453456 0.833736 0.0122581 0.0676609 None
0 0.561088 0.815053 0.0131351 0.055795 None
0 0.843003 0.765033 0.00843868 0.0503425 None
0 0.831223 0.834705 0.0185631 0.0334732 None
0 0.66003 0.801795 0.0114509 0.0457236 None
0 0.718278 0.830461 0.0148325 0.0305905 None
0 0.692278 0.79368 0.00975876 0.0475976 None
0 0.70288 0.790699 0.00894508 0.0484404 None
0 0.746815 0.782306 0.00737667 0.0489102 None
0 0.736601 0.785804 0.00911922 0.0467248 None
0 0.953513 0.84928 0.022052 0.0415507 None
0 0.768709 0.778496 0.0128458 0.0499644 None
0 0.791575 0.774675 0.00863171 0.0513323 None
0 0.798114 0.776445 0.00790653 0.0492181 None
0 0.973742 0.762724 0.0205013 0.0277629 None
0 0.85626 0.830469 0.0144285 0.0328684 None
0 0.391017 0.821902 0.0181274 0.0651374 None
0 0.288382 0.723241 0.00761499 0.0163247 None
0 0.940491 0.727506 0.00770664 0.0215829 None
0 0.434 0.91468 0.0239546 0.0361789 None
0 0.758068 0.782733 0.00842037 0.0451348 None
0 0.0605837 0.739699 0.00511149 0.0186347 None
0 0.67699 0.816496 0.0183125 0.0189485 None
0 0.956702 0.848816 0.0158264 0.0405765 None
0 0.355082 0.989142 0.0144275 0.0217163 None
0 0.0222741 0.938021 0.0444207 0.0292662 None
0 0.00588628 0.752785 0.00800757 0.0190793 None
0 0.119337 0.983685 0.038516 0.0261943 None
0 0.883834 0.980571 0.0460243 0.0377987 None
0 0.066794 0.747995 0.00878899 0.0179681 None
0 0.198303 0.915088 0.0461829 0.0327894 None
0 0.852727 0.830869 0.0213476 0.0348772 None
0 0.479261 0.857562 0.0371013 0.024016 None
0 0.921338 0.973434 0.0270775 0.0403707 None
0 0.274399 0.730518 0.00698566 0.0172492 None
0 0.995895 0.811699 0.00779686 0.0196033 None
0 0.107996 0.984271 0.0624807 0.0269548 None
0 0.890246 0.976206 0.0582294 0.0453464 None
0 0.951716 0.674019 0.0045517 0.013553 None
0 0.853114 0.848567 0.0250469 0.00920139 None
0 0.095958 0.994249 0.0471941 0.00828213 None
0 0.5204 0.727802 0.0133213 0.0152398 None
0 0.00293412 0.9744 0.00582441 0.0272125 None
0 0.804998 0.697555 0.00464935 0.0158134 None
0 0.138897 0.741184 0.0151399 0.00971341 None
0 0.577254 0.875748 0.033326 0.0146732 None
0 0.0648281 0.746005 0.0127875 0.0218028 None
0 0.902752 0.973397 0.0336086 0.0406182 None
0 0.104568 0.993892 0.0650965 0.00863546 None
0 0.00535895 0.974329 0.0106435 0.0282837 None
0 0.913794 0.973137 0.0111134 0.039173 None
0 0.715319 0.830898 0.0209334 0.0313309 None
0 0.391124 0.813034 0.0174119 0.0470289 None
0 0.00305441 0.758516 0.00606236 0.00911577 None
0 0.318044 0.709897 0.00525818 0.0164827 None
0 0.907742 0.973165 0.0236515 0.0395416 None
0 0.414011 0.762796 0.00574265 0.0135708 None
0 0.794922 0.77475 0.0114969 0.0527639 None
0 0.540929 0.848993 0.00746717 0.0271166 None
0 0.877159 0.680539 0.00497494 0.0149596 None
0 0.053188 0.742334 0.0116062 0.0106744 None
0 0.940565 0.736449 0.0144665 0.010319 None
0 0.759687 0.781786 0.0104363 0.0422275 None
0 0.135849 0.74139 0.0215638 0.0107719 None
0 0.382595 0.758185 0.00966296 0.0138275 None
0 0.111279 0.982373 0.0232633 0.0221229 None
0 0.412863 0.763369 0.00703049 0.0143677 None
0 0.972878 0.67274 0.0067543 0.014698 None
0 0.0606801 0.74713 0.0265736 0.0187725 None
0 0.317215 0.709962 0.00745993 0.0172336 None
0 0.410851 0.764343 0.00938301 0.0176098 None
0 0.852304 0.845351 0.0231619 0.0115797 None
0 0.998014 0.668092 0.00352516 0.0179587 None
0 0.983788 0.669692 0.0068222 0.0213152 None
0 0.491529 0.85465 0.00466042 0.0189545 None
0 0.440237 0.914817 0.0114624 0.0335739 None
0 0.697048 0.79241 0.0192336 0.0495687 None
0 0.00466738 0.970157 0.00931695 0.0373669 None
0 0.410017 0.769682 0.00938969 0.0251531 None
0 0.769062 0.77327 0.0107533 0.0423952 None
0 0.00938888 0.97485 0.0186297 0.03015 None
0 0.743827 0.783054 0.0132242 0.051161 None
0 0.13137 0.984001 0.0632626 0.0248188 None
0 0.484529 0.85686 0.0241776 0.0230472 None
0 0.783499 0.697937 0.00385361 0.0157143 None
0 0.923017 0.737272 0.00612717 0.00829027 None
0 0.1256 0.985391 0.0280591 0.0231856 None
0 0.411037 0.769292 0.0141094 0.0271525 None
0 0.790863 0.820601 0.0266851 0.00673235 None
0 0.772978 0.81211 0.00679474 0.0150526 None
0 0.910646 0.975829 0.049995 0.0443417 None
0 0.773774 0.811884 0.0196377 0.016786 None
0 0.755795 0.782719 0.012587 0.0472517 None
0 0.770112 0.811739 0.0159048 0.0166412 None
0 0.994873 0.810685 0.00980759 0.0223899 None
0 0.00310154 0.961501 0.00615379 0.0529343 None
0 0.858581 0.847022 0.0363144 0.0141822 None
0 0.863146 0.832993 0.0319393 0.037597 None
0 0.941833 0.729007 0.0115839 0.0251885 None
0 0.936253 0.866886 0.0117243 0.0160258 None
0 0.947431 0.860097 0.0100319 0.0188168 None
0 0.84582 0.846705 0.0407259 0.0132504 None
0 0.779632 0.815968 0.00747023 0.00907135 None
0 0.806286 0.697923 0.00727997 0.0167907 None
0 0.955876 0.863795 0.0304762 0.0200538 None
0 0.92425 0.681588 0.0060257 0.00931532 None
0 0.956855 0.856999 0.0267847 0.030307 None
0 0.995769 0.805465 0.00802689 0.0319144 None
0 0.407538 0.77822 0.0161016 0.0177819 None
0 0.934534 0.738364 0.0293297 0.010593 None
0 0.959481 0.869064 0.0224453 0.00895488 None
0 0.252133 0.683751 0.0231406 0.0596293 None
0 0.856643 0.825041 0.0155018 0.0353984 None
0 0.153784 0.98356 0.0178851 0.0141473 None
0 0.109494 0.984705 0.0424551 0.0225947 None
0 0.936158 0.866516 0.0117558 0.0160116 None
0 0.419007 0.763124 0.0156557 0.0125359 None
0 0.948845 0.863154 0.0131763 0.0163023 None
0 0.957446 0.86737 0.0260654 0.0110664 None
0 0.89541 0.684154 0.00398922 0.017829 None
0 0.791014 0.818335 0.0283176 0.00960541 None
0 0.805327 0.701039 0.00529575 0.0224908 None
0 0.587285 0.91271 0.0441645 0.0130018 None
0 0.282316 0.734058 0.0318799 0.0138111 None
0 0.0966187 0.986796 0.049227 0.0208828 None
0 0.798535 0.817874 0.0425384 0.00993245 None
0 0.76168 0.824859 0.0123545 0.00709144 None
