0 0.256973 0.903295 0.0193573 0.0778286 None
0 0.504246 0.823623 0.0117254 0.0588036 None
0 0.368714 0.845464 0.0124811 0.0613586 None
0 0.452685 0.83437 0.0122154 0.067158 None
0 0.842909 0.764683 0.00816154 0.040695 None
0 0.71847 0.830262 0.0143308 0.0311256 None
0 0.797427 0.775066 0.00942163 0.0500532 None
0 0.627386 0.804079 0.00843964 0.0510251 None
0 0.688343 0.794739 0.0112267 0.0445004 None
0 0.555152 0.81858 0.00899143 0.0483056 None
0 0.831249 0.834984 0.0167274 0.0322678 None
0 0.702637 0.792435 0.0108471 0.0460893 None
0 0.545111 0.813135 0.0112961 0.0584127 None
0 0.1145 0.982455 0.0313287 0.0237213 None
0 0.391084 0.832152 0.0177565 0.0850393 None
0 0.644189 0.807497 0.0071496 0.0291958 None
0 0.732591 0.786135 0.0083971 0.0456821 None
0 0.475648 0.857358 0.0176052 0.023547 None
0 0.198542 0.916079 0.0436845 0.0307948 None
0 0.853914 0.834285 0.0203979 0.0281113 None
0 0.740708 0.783808 0.00706348 0.0474525 None
0 0.967242 0.734396 0.00674782 0.0248879 None
0 0.984902 0.735996 0.0076252 0.0355118 None
0 0.956354 0.848042 0.0163755 0.0343728 None
0 0.355236 0.989411 0.0147244 0.0211789 None
0 0.0221723 0.938772 0.044344 0.0287991 None
0 0.577649 0.874986 0.0326147 0.0156101 None
0 0.890901 0.977075 0.0599709 0.0439616 None
0 0.95182 0.848746 0.0249014 0.0354126 None
0 0.971819 0.762631 0.0141525 0.0268139 None
0 0.904838 0.973325 0.0388638 0.0383687 None
0 0.931591 0.727118 0.00817032 0.0205095 None
0 0.339653 0.771402 0.00428209 0.0117101 None
0 0.00565552 0.975795 0.0112357 0.0257278 None
0 0.883022 0.984862 0.0441605 0.0286055 None
0 0.00443972 0.738964 0.00865572 0.0186588 None
0 0.48484 0.857294 0.0353189 0.0235469 None
0 0.972384 0.758897 0.00992622 0.019966 None
0 0.991215 0.669723 0.00446358 0.0162523 None
0 0.53317 0.7581 0.0104159 0.0175483 None
0 0.676371 0.815231 0.0168884 0.0184547 None
0 0.901414 0.975397 0.031601 0.032822 None
0 0.288997 0.739289 0.00970936 0.0124963 None
0 0.0981831 0.994024 0.0517238 0.00818024 None
0 0.941283 0.672907 0.00539207 0.0199761 None
0 0.922311 0.97356 0.0261333 0.0393102 None
0 0.912749 0.974276 0.0457829 0.0409158 None
0 0.91743 0.97237 0.0159016 0.0370331 None
0 0.00825909 0.753333 0.0165083 0.0103266 None
0 0.738942 0.7839 0.00823727 0.048544 None
0 0.853188 0.836421 0.0256243 0.0324371 None
0 0.923058 0.749961 0.00915661 0.0343862 None
0 0.785407 0.813901 0.037359 0.0192257 None
0 0.540612 0.849683 0.00687914 0.0278581 None
0 0.947198 0.856357 0.0140488 0.023388 None
0 0.914869 0.972188 0.0104443 0.0368337 None
0 0.287179 0.73986 0.0140962 0.013544 None
0 0.944972 0.85519 0.0130955 0.023214 None
0 0.974612 0.762668 0.0187584 0.0281331 None
0 0.461923 0.758409 0.00965939 0.0150708 None
0 0.997063 0.668737 0.00505085 0.0212617 None
0 0.736145 0.78304 0.0112502 0.0512322 None
0 0.834615 0.83501 0.0244331 0.0330727 None
0 0.94493 0.857868 0.0183804 0.0263523 None
0 0.263274 0.717933 0.0160561 0.017313 None
0 0.105633 0.984192 0.0501487 0.0266162 None
0 0.968687 0.734866 0.0092556 0.026926 None
0 0.0616783 0.733445 0.00621848 0.0136522 None
0 0.00460366 0.972844 0.0091594 0.0309299 None
0 0.145336 0.744161 0.00839891 0.014859 None
0 0.592891 0.907355 0.0623757 0.0233239 None
0 0.39103 0.814451 0.016752 0.0484358 None
0 0.770591 0.812908 0.0149998 0.0175564 None
0 0.860459 0.794451 0.00520782 0.0138584 None
0 0.773696 0.813484 0.020607 0.0189145 None
0 0.00845689 0.975721 0.0167561 0.0271885 None
0 0.94192 0.85819 0.0259266 0.0304315 None
0 0.898116 0.684067 0.00710831 0.01263 None
0 0.119639 0.983861 0.0409329 0.0248625 None
0 0.950068 0.866929 0.0431141 0.0162328 None
0 0.976148 0.771419 0.0153011 0.00988498 None
0 0.0656252 0.734443 0.0141687 0.0147475 None
0 0.949887 0.862392 0.0422022 0.021738 None
0 0.927741 0.738958 0.0173464 0.0451157 None
0 0.448768 0.835513 0.00651102 0.0592553 None
0 0.996058 0.807622 0.00747528 0.0287143 None
0 0.00561071 0.73804 0.0109516 0.0218097 None
0 0.788837 0.815397 0.0302734 0.0160648 None
0 0.0634428 0.733869 0.00930718 0.0144094 None
0 0.872266 0.844741 0.0144199 0.014564 None
0 0.0428488 0.737734 0.00732398 0.0123912 None
0 0.154039 0.729864 0.00609832 0.00827976 None
0 0.593899 0.911529 0.0606848 0.014857 None
0 0.961189 0.862812 0.0514 0.010219 None
0 0.707869 0.786032 0.00601673 0.017352 None
0 0.857771 0.836406 0.0421417 0.0371007 None
0 0.494829 0.86347 0.016205 0.00961812 None
0 0.957399 0.865794 0.0588032 0.0172217 None
0 0.951926 0.868176 0.0415474 0.0122416 None
0 0.594327 0.906983 0.0600527 0.0218184 None
0 0.861201 0.84594 0.0378834 0.0158959 None
0 0.996118 0.816782 0.00728912 0.0129571 None
0 0.958475 0.861478 0.0323856 0.0128671 None
0 0.990026 0.67783 0.0100193 0.0115533 None
0 0.540894 0.852454 0.00795326 0.0351556 None
0 0.545726 0.792749 0.00891857 0.0200073 None
0 0.964134 0.673253 0.00709534 0.0178667 None
0 0.891933 0.988037 0.0290401 0.0210019 None
0 0.947129 0.853593 0.0384026 0.0398546 None
0 0.0037915 0.959017 0.00750919 0.0585822 None
0 0.00522693 0.968347 0.0104476 0.0420746 None
0 0.595164 0.913432 0.0554723 0.0108639 None
0 0.934862 0.867523 0.0127506 0.0133341 None
