0 0.453014 0.83339 0.0125247 0.0686429 34695
0 0.544252 0.814837 0.0112181 0.0524757 34696
0 0.755522 0.781278 0.00770683 0.0484038 34697
0 0.842797 0.765767 0.00886841 0.045439 34698
0 0.830627 0.834632 0.0175793 0.0335997 34699
0 0.744708 0.784829 0.00941429 0.0463328 34700
0 0.733324 0.788764 0.00898743 0.0418598 34701
0 0.86088 0.762 0.00913639 0.0560757 34702
0 0.695598 0.794395 0.00935287 0.0451599 34703
0 0.953753 0.848959 0.0220161 0.0400147 34704
0 0.829024 0.76329 0.009869 0.0424811 34705
0 0.705109 0.793362 0.0111522 0.044633 34706
0 0.981765 0.742764 0.0137428 0.0460426 34707
0 0.433825 0.914666 0.0243204 0.0369717 34708
0 0.852847 0.832131 0.0220985 0.0339567 34709
0 0.71818 0.830359 0.0138046 0.031832 34710
0 0.817418 0.779581 0.00569839 0.0316432 34711
0 0.34836 0.754808 0.00804195 0.0192359 34712
0 0.272915 0.727502 0.00572739 0.0195428 34713
0 0.798553 0.77667 0.00974321 0.0479418 34714
0 0.93643 0.72379 0.00508499 0.0182187 34715
0 0.0712009 0.740527 0.00858378 0.0225677 34716
0 0.89182 0.976147 0.0613386 0.0459123 34717
0 0.00952603 0.748055 0.00978309 0.0195553 34718
0 0.198971 0.916167 0.0464112 0.0320374 34719
0 0.78999 0.699521 0.00581198 0.0156398 34720
0 0.712503 0.83101 0.0261827 0.032421 34721
0 0.473073 0.853458 0.019616 0.0334513 34722
0 0.800643 0.776681 0.00838056 0.045086 34723
0 0.469233 0.855082 0.0123532 0.0299277 34724
0 0.439659 0.77529 0.00584869 0.0137648 34725
0 0.904284 0.973088 0.039072 0.0401388 34726
0 0.44865 0.776364 0.00727739 0.0138967 34727
0 0.114971 0.981685 0.030284 0.0247274 34728
0 0.577746 0.875785 0.0324196 0.0147708 34729
0 0.00564243 0.976883 0.0112325 0.0242835 34730
0 0.354603 0.989269 0.0160801 0.0214535 34731
0 0.320023 0.70999 0.00676651 0.018142 34732
0 0.79683 0.776608 0.0080883 0.0490824 34733
0 0.0220721 0.938232 0.0441441 0.0291958 34734
0 0.773174 0.698261 0.00669918 0.0166164 34735
0 0.109629 0.980644 0.0197472 0.0234317 34736
0 0.675755 0.816491 0.0152616 0.0192003 34737
0 0.856281 0.831018 0.0148903 0.0326553 34738
0 0.895214 0.681575 0.00533409 0.0171711 34739
0 0.47675 0.852441 0.0136909 0.0339271 34740
0 0.803009 0.776111 0.00838542 0.0445823 34741
0 0.190561 0.73054 0.0112553 0.00860528 34742
0 0.0721906 0.741812 0.0134776 0.0216987 34743
0 0.885155 0.979228 0.0484819 0.0396322 34744
0 0.111568 0.983441 0.0440694 0.027556 34745
0 0.412612 0.768252 0.00389404 0.0063524 34746
0 0.440846 0.917948 0.0102872 0.0261146 34747
0 0.882896 0.681284 0.0104671 0.0164037 34748
0 0.769753 0.812976 0.0130695 0.0157569 34749
0 0.800633 0.77615 0.0136593 0.0464742 34750
0 0.119696 0.984166 0.0394901 0.0238405 34751
0 0.141098 0.73547 0.00785422 0.00874464 34752
0 0.348227 0.75606 0.0102554 0.0223311 34753
0 0.951956 0.85995 0.018149 0.0216651 34754
0 0.752418 0.781916 0.0135109 0.0497977 34755
0 0.773779 0.81325 0.0197056 0.017219 34756
0 0.922178 0.973732 0.0269131 0.0412896 34757
0 0.102959 0.993805 0.0615331 0.00892385 34758
0 0.921385 0.68081 0.00738907 0.0126504 34759
0 0.996537 0.810909 0.0065115 0.0207899 34760
0 0.99659 0.81451 0.00639992 0.0134332 34761
0 0.444377 0.776112 0.00682716 0.0141235 34762
0 0.858703 0.834468 0.0381411 0.0384888 34763
0 0.776321 0.813677 0.014093 0.0164127 34764
0 0.909394 0.97498 0.0519073 0.044475 34765
0 0.149415 0.735659 0.0265359 0.00936517 34766
0 0.680568 0.81611 0.0222614 0.0187625 34767
0 0.97263 0.674546 0.00593529 0.0192912 34768
0 0.974312 0.76223 0.0184006 0.0277283 34769
0 0.880139 0.984865 0.0379641 0.028026 34770
0 0.125873 0.985609 0.0278149 0.0205665 34771
0 0.956395 0.866729 0.0285053 0.0143243 34772
0 0.192325 0.730571 0.0156591 0.00915527 34773
0 0.104083 0.983772 0.0629557 0.0278402 34774
0 0.345298 0.761439 0.0180699 0.0129539 34775
0 0.824793 0.814879 0.0249325 0.0101995 34776
0 0.391159 0.832023 0.01829 0.0860324 34777
0 0.121943 0.986279 0.0196026 0.0211202 34778
0 0.840514 0.834125 0.0383026 0.0350525 34779
0 0.984658 0.738194 0.00889969 0.038661 34780
0 0.974051 0.752558 0.00652695 0.0115536 34781
0 0.924174 0.978331 0.0231287 0.0310971 34782
0 0.974467 0.766684 0.0185741 0.0191149 34783
0 0.95643 0.852697 0.028537 0.038622 34784
0 0.960153 0.849922 0.0175625 0.0403561 34785
0 0.977712 0.674456 0.00885925 0.0209903 34786
0 0.424596 0.928859 0.0151135 0.0102793 34787
0 0.957423 0.868556 0.0262268 0.0104462 34788
0 0.990711 0.759871 0.0184143 0.0109416 34789
0 0.591081 0.907951 0.0579171 0.0230342 34790
0 0.818559 0.778923 0.00804253 0.0330058 34791
0 0.787596 0.814155 0.0339002 0.0180644 34792
0 0.955033 0.864186 0.0254154 0.0188851 34793
0 0.153508 0.983377 0.0175452 0.0132368 34794
0 0.961944 0.850289 0.0398163 0.0429779 34795
0 0.350018 0.989286 0.0262383 0.0213143 34796
0 0.846642 0.833466 0.0338896 0.0350291 34797
0 0.392367 0.803506 0.0121907 0.019988 34798
0 0.915293 0.968884 0.010906 0.032038 34799
