0 0.451565 0.834186 0.0140865 0.0663652 None
0 0.421814 0.835989 0.0117093 0.062157 None
0 0.363908 0.900399 0.0171517 0.0805128 None
0 0.564417 0.813367 0.0111555 0.0543593 None
0 0.603926 0.806624 0.00941467 0.0585212 None
0 0.796328 0.775539 0.00892019 0.0488612 None
0 0.722689 0.786789 0.0100835 0.0490702 None
0 0.830853 0.835005 0.0178173 0.0333681 None
0 0.843272 0.767101 0.00804749 0.0473579 None
0 0.554419 0.81938 0.00913525 0.0502475 None
0 0.660213 0.80061 0.00916786 0.04361 None
0 0.717798 0.830128 0.014529 0.0313039 None
0 0.939102 0.747811 0.00804939 0.0415053 None
0 0.391113 0.829775 0.0183844 0.0818843 None
0 0.953604 0.850488 0.0227867 0.0399512 None
0 0.114795 0.983302 0.0323209 0.0255193 None
0 0.688846 0.794361 0.010755 0.0455627 None
0 0.856028 0.830493 0.0154795 0.0329458 None
0 0.198048 0.915715 0.0456169 0.0316888 None
0 0.894004 0.975464 0.0633743 0.0451799 None
0 0.484228 0.857366 0.0373064 0.0248976 None
0 0.0225437 0.938612 0.0450873 0.0304109 None
0 0.933149 0.728856 0.0069521 0.0260478 None
0 0.354975 0.989349 0.013728 0.0213026 None
0 0.974262 0.762113 0.0169773 0.0274897 None
0 0.956824 0.850115 0.0166634 0.0387495 None
0 0.4753 0.857349 0.0190382 0.0245544 None
0 0.90555 0.973137 0.0416618 0.0397485 None
0 0.704829 0.790968 0.009657 0.0460565 None
0 0.00759356 0.97659 0.0151454 0.0249457 None
0 0.702296 0.791263 0.00966473 0.046442 None
0 0.676285 0.810453 0.014181 0.0279171 None
0 0.853207 0.830941 0.0211643 0.0352034 None
0 0.0545257 0.745079 0.00533798 0.0173923 None
0 0.699458 0.791288 0.0073103 0.0453905 None
0 0.97207 0.761632 0.0112511 0.0269643 None
0 0.00413125 0.976641 0.00820249 0.0238515 None
0 0.095391 0.99419 0.0465678 0.00796814 None
0 0.0104047 0.753457 0.00985655 0.0159468 None
0 0.57752 0.875652 0.0320875 0.0145479 None
0 0.352439 0.773407 0.00604696 0.0115594 None
0 0.0729353 0.751159 0.00562657 0.00972731 None
0 0.391137 0.811719 0.0179164 0.0449846 None
0 0.883583 0.984541 0.0446705 0.0284037 None
0 0.857713 0.698192 0.00495071 0.0146387 None
0 0.852823 0.848446 0.0257761 0.00988837 None
0 0.99598 0.810348 0.00763512 0.0230292 None
0 0.950087 0.859199 0.0159039 0.0224845 None
0 0.709621 0.802378 0.00646648 0.0203193 None
0 0.10453 0.984087 0.055158 0.0267175 None
0 0.283842 0.732761 0.0169577 0.0145983 None
0 0.0160423 0.759972 0.0263965 0.00764516 None
0 0.99613 0.815349 0.00733223 0.0130534 None
0 0.449048 0.762864 0.00737648 0.0149706 None
0 0.280592 0.73333 0.00953789 0.0134277 None
0 0.00863277 0.753994 0.0130732 0.0163793 None
0 0.886088 0.977603 0.0481342 0.0385098 None
0 0.678249 0.813193 0.0196518 0.0236016 None
0 0.909861 0.671936 0.00580254 0.0111539 None
0 0.577325 0.875358 0.0317359 0.0141213 None
0 0.153494 0.983541 0.0175623 0.0123025 None
0 0.677805 0.797121 0.0065794 0.0185496 None
0 0.733579 0.792385 0.0212454 0.00890503 None
0 0.675828 0.806487 0.0150654 0.0375492 None
0 0.588269 0.913417 0.0542345 0.0120188 None
0 0.0137157 0.754224 0.0224767 0.0168623 None
0 0.852167 0.844753 0.023064 0.012531 None
0 0.459546 0.762173 0.0060957 0.0125793 None
0 0.591774 0.914508 0.0439332 0.00934279 None
0 0.848526 0.697332 0.00643692 0.0130614 None
0 0.90236 0.682194 0.0057579 0.0115975 None
0 0.49435 0.862545 0.01746 0.0123291 None
0 0.935039 0.865705 0.0142555 0.015399 None
0 0.686739 0.794797 0.0147339 0.0469666 None
0 0.0114627 0.757595 0.019724 0.0108537 None
0 0.996047 0.804878 0.0074686 0.0337463 None
0 0.540652 0.850351 0.00767145 0.0273827 None
0 0.325731 0.721119 0.0112885 0.0133857 None
0 0.0558305 0.74429 0.00813522 0.0167202 None
0 0.0519113 0.746024 0.0120816 0.0202189 None
0 0.496415 0.721084 0.0142689 0.0143575 None
0 0.71159 0.831235 0.0263926 0.0333004 None
0 0.934742 0.741955 0.0097683 0.0510562 None
0 0.917886 0.97264 0.0174761 0.0387702 None
0 0.769875 0.813192 0.0145781 0.0151596 None
0 0.972531 0.652281 0.00307369 0.00942578 None
0 0.841427 0.835548 0.0395437 0.0339976 None
0 0.8575 0.70192 0.00607586 0.0212557 None
0 0.540721 0.848612 0.00605221 0.0246372 None
0 0.588896 0.910264 0.0561991 0.0181807 None
