0 0.455646 0.833487 0.0128472 0.0679555 25316
0 0.718472 0.830244 0.0144972 0.0311634 25317
0 0.830618 0.834649 0.0173031 0.0336014 25318
0 0.953367 0.849431 0.0224155 0.0412153 25319
0 0.744472 0.784292 0.00881863 0.04725 25320
0 0.471 0.834827 0.0171165 0.0644155 25321
0 0.843002 0.767087 0.0084137 0.0474779 25322
0 0.895859 0.756274 0.00872364 0.0481283 25323
0 0.861845 0.761374 0.00958137 0.0487274 25324
0 0.815131 0.770783 0.00790215 0.0386836 25325
0 0.794427 0.775382 0.0109601 0.049419 25326
0 0.523782 0.811849 0.0111341 0.0395728 25327
0 0.696589 0.794953 0.0093317 0.0491821 25328
0 0.00470049 0.905235 0.00939272 0.0430644 25329
0 0.83364 0.77602 0.00594254 0.0297024 25330
0 0.06991 0.7414 0.00841186 0.026064 25331
0 0.0219924 0.938942 0.0439848 0.027595 25332
0 0.759472 0.785197 0.00940647 0.0407957 25333
0 0.856377 0.830242 0.0152931 0.0329566 25334
0 0.433941 0.91337 0.0238518 0.0383528 25335
0 0.704716 0.795241 0.00872364 0.0405209 25336
0 0.27838 0.729321 0.0070632 0.0164897 25337
0 0.470119 0.780679 0.00792522 0.0240623 25338
0 0.446161 0.782017 0.00712662 0.0182132 25339
0 0.894817 0.976238 0.0661827 0.0457767 25340
0 0.754459 0.781728 0.00727654 0.0496528 25341
0 0.995965 0.809894 0.0076458 0.023988 25342
0 0.0102391 0.751842 0.00730601 0.0161764 25343
0 0.331864 0.75467 0.00899081 0.01688 25344
0 0.756175 0.782799 0.00867939 0.0468177 25345
0 0.758074 0.782961 0.0099062 0.0464186 25346
0 0.00674614 0.976377 0.013421 0.023978 25347
0 0.35509 0.988941 0.0146064 0.0221176 25348
0 0.789831 0.69889 0.00741014 0.0182845 25349
0 0.883686 0.979936 0.0439976 0.0386353 25350
0 0.198736 0.91609 0.0468442 0.0321611 25351
0 0.67786 0.815432 0.0195323 0.0191727 25352
0 0.957755 0.735916 0.00909348 0.03025 25353
0 0.391422 0.832858 0.0174452 0.0855591 25354
0 0.906319 0.973003 0.044162 0.0399351 25355
0 0.70348 0.791928 0.0108173 0.0476256 25356
0 0.934997 0.751141 0.0100136 0.0427795 25357
0 0.960181 0.737662 0.0145741 0.0339996 25358
0 0.0635352 0.751363 0.0231047 0.0075965 25359
0 0.194406 0.734465 0.0090941 0.010474 25360
0 0.919936 0.973286 0.0236921 0.0405831 25361
0 0.77061 0.69877 0.00696487 0.0158142 25362
0 0.321573 0.713289 0.0065527 0.0210966 25363
0 0.126229 0.986017 0.0284918 0.020835 25364
0 0.771023 0.700812 0.00828285 0.0202206 25365
0 0.853325 0.831512 0.0217455 0.0363759 25366
0 0.100304 0.994323 0.0563941 0.00781369 25367
0 0.00896094 0.753491 0.0105179 0.0194784 25368
0 0.105246 0.992366 0.066238 0.0114336 25369
0 0.144991 0.738349 0.00756903 0.00876261 25370
0 0.974343 0.762677 0.017981 0.0273407 25371
0 0.119134 0.984365 0.0373874 0.0232849 25372
0 0.063629 0.753625 0.0230943 0.00702006 25373
0 0.577328 0.875543 0.032597 0.01364 25374
0 0.540747 0.849198 0.00780258 0.0272151 25375
0 0.773882 0.813263 0.00641823 0.0143217 25376
0 0.476579 0.82616 0.00717716 0.0374651 25377
0 0.0068119 0.755134 0.00595143 0.0153271 25378
0 0.972813 0.672442 0.00615921 0.0199066 25379
0 0.956745 0.849182 0.0162741 0.0385646 25380
0 0.71552 0.830686 0.0206819 0.0319231 25381
0 0.10962 0.980508 0.0189625 0.023014 25382
0 0.577072 0.875271 0.0324604 0.0135183 25383
0 0.53342 0.739564 0.0168163 0.00913764 25384
0 0.852412 0.837614 0.0234959 0.026414 25385
0 0.852743 0.846429 0.0255936 0.0129896 25386
0 0.530989 0.739501 0.0118021 0.00868225 25387
0 0.106085 0.985652 0.0668323 0.0238444 25388
0 0.978756 0.755756 0.0420136 0.0129069 25389
0 0.0595568 0.751088 0.0157229 0.00732388 25390
0 0.960609 0.750912 0.0153862 0.008019 25391
0 0.944747 0.866886 0.0286781 0.0153347 25392
0 0.151394 0.740012 0.0239177 0.0116509 25393
0 0.882706 0.985624 0.0421032 0.0278354 25394
0 0.973802 0.75444 0.00574684 0.0114753 25395
0 0.144856 0.738531 0.00978718 0.0100106 25396
0 0.795137 0.719489 0.0662075 0.0130819 25397
0 0.987294 0.679066 0.0057127 0.0198395 25398
0 0.950398 0.759949 0.0293324 0.0145877 25399
0 0.767015 0.813295 0.0076191 0.0145708 25400
0 0.322585 0.728118 0.0273565 0.00748291 25401
0 0.979317 0.654626 0.00996704 0.02547 25402
0 0.957744 0.755419 0.016139 0.00889655 25403
0 0.937148 0.867275 0.0134735 0.0147803 25404
0 0.778286 0.814659 0.0100456 0.0129744 25405
0 0.981765 0.757753 0.0360474 0.0171699 25406
0 0.282595 0.736774 0.0311064 0.00789524 25407
0 0.773438 0.813036 0.019686 0.0163995 25408
0 0.144009 0.737601 0.00640669 0.00978326 25409
0 0.790127 0.71785 0.0590926 0.00940721 25410
0 0.974825 0.770899 0.0180744 0.0113537 25411
0 0.543491 0.793583 0.0664991 0.0168967 25412
0 0.773189 0.812686 0.00974197 0.0153585 25413
0 0.79568 0.817197 0.0377106 0.0113742 25414
0 0.68167 0.81488 0.0158798 0.0194221 25415
0 0.862645 0.832503 0.0292969 0.0378737 25416
0 0.862854 0.843878 0.0325113 0.0189648 25417
0 0.790998 0.819919 0.0260274 0.00760752 25418
0 0.934872 0.742912 0.0104753 0.0600781 25419
0 0.98235 0.75408 0.0348576 0.0106335 25420
0 0.0104647 0.977017 0.0208049 0.0251343 25421
0 0.700452 0.796645 0.015445 0.0465841 25422
0 0.882273 0.685263 0.0061924 0.00922529 25423
0 0.30999 0.718864 0.0056438 0.00971815 25424
0 0.109583 0.9735 0.0192265 0.0384611 25425
0 0.538122 0.849634 0.0120537 0.029086 25426
0 0.85996 0.845992 0.0394871 0.0166519 25427
0 0.838673 0.834992 0.0337727 0.0340263 25428
0 0.474887 0.825453 0.0102278 0.0444132 25429
0 0.952305 0.860546 0.0209164 0.0201582 25430
0 0.836414 0.771971 0.0088562 0.0360518 25431
0 0.769898 0.716241 0.019566 0.00576681 25432
0 0.844725 0.845939 0.0428955 0.0155643 25433
0 0.872289 0.845401 0.0141964 0.015242 25434
0 0.278495 0.73402 0.00839572 0.011672 25435
0 0.593779 0.913648 0.0620874 0.011851 25436
0 0.934972 0.72252 0.00632858 0.0196455 25437
