0 0.544675 0.817895 0.0124972 0.0532617 61773
0 0.796814 0.774916 0.00858698 0.0463759 61774
0 0.953773 0.850017 0.0228474 0.0428545 61775
0 0.830477 0.834635 0.0175367 0.0331804 61776
0 0.842618 0.766226 0.00799789 0.0442051 61777
0 0.452801 0.833892 0.0109589 0.0678557 61778
0 0.692594 0.795266 0.00992642 0.0475732 61779
0 0.75461 0.781045 0.0085638 0.049392 61780
0 0.475207 0.854793 0.0163014 0.0290821 61781
0 0.620877 0.805102 0.00955305 0.0405338 61782
0 0.70275 0.791563 0.00964317 0.0463396 61783
0 0.745424 0.78272 0.00753393 0.0467411 61784
0 0.725109 0.786754 0.00970306 0.0483727 61785
0 0.718199 0.831409 0.0147941 0.0295632 61786
0 0.890402 0.97585 0.0579094 0.0452637 61787
0 0.733688 0.786764 0.00988483 0.0454597 61788
0 0.939418 0.729254 0.00762634 0.0208518 61789
0 0.0582828 0.737714 0.00434068 0.015408 61790
0 0.433984 0.914689 0.0237061 0.0370246 61791
0 0.855575 0.831671 0.0159094 0.0310052 61792
0 0.273892 0.730033 0.00844269 0.0201826 61793
0 0.199173 0.916156 0.0482193 0.0315787 61794
0 0.971956 0.762802 0.0151279 0.0257195 61795
0 0.677 0.81514 0.0171419 0.01808 61796
0 0.316169 0.718576 0.00515709 0.0168606 61797
0 0.114638 0.98172 0.0319219 0.0277476 61798
0 0.355296 0.989251 0.0132802 0.021499 61799
0 0.39123 0.819656 0.0173683 0.062705 61800
0 0.00516349 0.751768 0.00855414 0.0192976 61801
0 0.0643618 0.752006 0.0060493 0.0114722 61802
0 0.0222995 0.939424 0.0445989 0.0297011 61803
0 0.852265 0.832413 0.022439 0.0333177 61804
0 0.293059 0.724301 0.00692129 0.0162328 61805
0 0.577258 0.874408 0.0328344 0.0166228 61806
0 0.902621 0.973109 0.0349199 0.0398132 61807
0 0.852587 0.848616 0.0267365 0.00983921 61808
0 0.0717517 0.750879 0.00576263 0.0110711 61809
0 0.987767 0.678565 0.00548458 0.0220495 61810
0 0.883454 0.984878 0.0437035 0.0278973 61811
0 0.714341 0.831814 0.0228729 0.0304569 61812
0 0.996375 0.810228 0.0068285 0.0208971 61813
0 0.108907 0.980222 0.0202777 0.0245616 61814
0 0.395442 0.777748 0.00547409 0.0157023 61815
0 0.108571 0.982847 0.0466771 0.029256 61816
0 0.395407 0.76942 0.00638628 0.0308294 61817
0 0.516604 0.733396 0.00897656 0.0107337 61818
0 0.976284 0.771622 0.0155453 0.00997043 61819
0 0.426339 0.757075 0.0046299 0.0153052 61820
0 0.0055039 0.981374 0.0109158 0.0142202 61821
0 0.101112 0.994234 0.0590457 0.00911018 61822
0 0.884327 0.979609 0.0457752 0.037511 61823
0 0.851808 0.845724 0.0260063 0.0139972 61824
0 0.863035 0.834636 0.0322739 0.0370207 61825
0 0.395657 0.758908 0.00794883 0.0120724 61826
0 0.860104 0.795176 0.00578232 0.0126895 61827
0 0.973194 0.65119 0.00836792 0.0178984 61828
0 0.959497 0.850124 0.0115065 0.0388689 61829
0 0.141515 0.741462 0.0040103 0.00794576 61830
0 0.774403 0.813173 0.0174576 0.0156626 61831
0 0.518281 0.732737 0.0148252 0.0131154 61832
0 0.135866 0.741767 0.0143053 0.00983005 61833
0 0.623195 0.808959 0.0143381 0.0493437 61834
0 0.0617498 0.751339 0.0084053 0.0109656 61835
0 0.936991 0.866605 0.0133936 0.0150211 61836
0 0.898004 0.682537 0.00350342 0.0155424 61837
0 0.735878 0.787369 0.0122283 0.0436664 61838
0 0.944118 0.865847 0.0275034 0.0158654 61839
0 0.102273 0.98395 0.0610451 0.028303 61840
0 0.976948 0.771576 0.0167969 0.0101274 61841
0 0.884767 0.989585 0.0398073 0.0182407 61842
0 0.493393 0.864746 0.0177778 0.00818193 61843
0 0.850099 0.83753 0.0295723 0.0311242 61844
0 0.924888 0.681375 0.00825787 0.0108498 61845
0 0.157666 0.738939 0.00667496 0.0106106 61846
0 0.531618 0.82728 0.0164532 0.00757209 61847
0 0.707471 0.786076 0.00508175 0.0149146 61848
0 0.842761 0.834172 0.0420315 0.0364765 61849
0 0.422766 0.760295 0.0103537 0.0102519 61850
0 0.587809 0.913404 0.0515459 0.0118505 61851
0 0.916307 0.973744 0.0378981 0.0417277 61852
0 0.314733 0.719379 0.00750484 0.015978 61853
0 0.855822 0.795316 0.0153851 0.0127597 61854
0 0.871669 0.845379 0.0138939 0.0159393 61855
0 0.752791 0.826996 0.030628 0.00752021 61856
0 0.890142 0.671541 0.00469093 0.0100853 61857
0 0.00951792 0.981136 0.018867 0.0159821 61858
0 0.122432 0.984578 0.0350065 0.0237508 61859
0 0.620414 0.809108 0.0110788 0.0509138 61860
0 0.960762 0.866562 0.0542747 0.015004 61861
0 0.963585 0.851034 0.0481312 0.044979 61862
0 0.966749 0.863429 0.042083 0.0126204 61863
0 0.422831 0.756937 0.0110198 0.0161848 61864
0 0.16608 0.738929 0.0152496 0.0100537 61865
0 0.577644 0.881924 0.0325401 0.0081999 61866
0 0.987212 0.677585 0.00730534 0.0219845 61867
0 0.00664109 0.9792 0.0131684 0.0186032 61868
0 0.420441 0.827544 0.0753132 0.0768431 61869
0 0.981055 0.762626 0.0348969 0.0271088 61870
0 0.95319 0.863741 0.0236355 0.0173092 61871
0 0.439208 0.914673 0.0135067 0.03457 61872
0 0.575259 0.873751 0.0371658 0.0174552 61873
0 0.760071 0.824544 0.0120855 0.00620745 61874
0 0.853662 0.79629 0.0121616 0.00982191 61875
0 0.974086 0.862676 0.0280594 0.011224 61876
0 0.965418 0.860065 0.0441042 0.0230296 61877
