0 0.452783 0.833281 0.0129593 0.0681422 None
0 0.704272 0.790867 0.0100017 0.0476362 None
0 0.718527 0.829363 0.0144372 0.0328732 None
0 0.741774 0.78531 0.00825806 0.0458939 None
0 0.823956 0.770368 0.01105 0.0507894 None
0 0.830553 0.834861 0.0174557 0.0334724 None
0 0.725199 0.78887 0.00790234 0.0424435 None
0 0.691616 0.794771 0.0094614 0.0454383 None
0 0.843132 0.765915 0.00682983 0.0466446 None
0 0.755937 0.781374 0.00699291 0.0485538 None
0 0.548127 0.811934 0.011347 0.0491932 None
0 0.850953 0.766028 0.00944557 0.0485004 None
0 0.472545 0.854568 0.0178814 0.0321854 None
0 0.953372 0.849869 0.0222692 0.0414398 None
0 0.797756 0.776432 0.00861282 0.0476485 None
0 0.815942 0.780194 0.00677032 0.0341027 None
0 0.434698 0.91419 0.0221116 0.0374196 None
0 0.855359 0.830446 0.016024 0.0349206 None
0 0.115155 0.983288 0.030562 0.0255666 None
0 0.00875599 0.751513 0.0102409 0.0189184 None
0 0.996373 0.738128 0.00679798 0.0399885 None
0 0.974602 0.763197 0.0184153 0.025945 None
0 0.356279 0.756173 0.00637484 0.0184136 None
0 0.988467 0.742659 0.00633354 0.0357281 None
0 0.90314 0.972819 0.0368263 0.0388302 None
0 0.0702407 0.743432 0.00865825 0.0240933 None
0 0.438538 0.779805 0.00550652 0.0168379 None
0 0.883346 0.98547 0.0452166 0.0273122 None
0 0.957158 0.848084 0.0150547 0.0379847 None
0 0.355415 0.989239 0.0137806 0.0215213 None
0 0.435314 0.779137 0.00408917 0.0171536 None
0 0.276335 0.724359 0.0045403 0.018436 None
0 0.882451 0.68274 0.00461903 0.0184504 None
0 0.891442 0.976314 0.0612293 0.0461114 None
0 0.85185 0.831773 0.023307 0.0376241 None
0 0.935722 0.728862 0.00550079 0.0187819 None
0 0.102986 0.984005 0.0572485 0.0272413 None
0 0.14094 0.738035 0.00591745 0.0106764 None
0 0.910204 0.973613 0.0487778 0.04147 None
0 0.097049 0.993898 0.0489664 0.00879703 None
0 0.0220841 0.938367 0.044162 0.0282979 None
0 0.00542673 0.976277 0.0107914 0.0247945 None
0 0.19849 0.915997 0.0464437 0.0315913 None
0 0.995604 0.813556 0.00838451 0.0161182 None
0 0.792521 0.696456 0.00453987 0.0186149 None
0 0.922149 0.973739 0.0263638 0.0411238 None
0 0.110159 0.980851 0.0206757 0.02262 None
0 0.796375 0.772732 0.0113878 0.0557719 None
0 0.935421 0.730992 0.00678482 0.0213821 None
0 0.319483 0.712874 0.00587626 0.016743 None
0 0.794869 0.776125 0.00987969 0.0479801 None
0 0.119278 0.985224 0.0225929 0.0234614 None
0 0.79342 0.775904 0.0066061 0.0442773 None
0 0.0692623 0.743799 0.0123084 0.024344 None
0 0.0687019 0.740445 0.00801855 0.0176098 None
0 0.775644 0.696637 0.00681686 0.0133714 None
0 0.897925 0.683837 0.00398674 0.0132208 None
0 0.00782882 0.759984 0.0135234 0.00655568 None
0 0.884597 0.979922 0.0480465 0.0385352 None
0 0.770192 0.812829 0.0158512 0.0164174 None
0 0.0561323 0.751948 0.00339245 0.00912798 None
0 0.971639 0.674318 0.00664291 0.0224508 None
0 0.675456 0.815454 0.0138674 0.0188551 None
0 0.0101975 0.760712 0.016741 0.00778792 None
0 0.439884 0.77961 0.0101749 0.0169613 None
0 0.00985715 0.751704 0.013907 0.0203342 None
0 0.475493 0.853321 0.0121756 0.0305311 None
0 0.937068 0.72534 0.0099371 0.0120809 None
0 0.880932 0.682114 0.00676117 0.0185759 None
0 0.772849 0.813143 0.0214168 0.0175496 None
0 0.945045 0.724231 0.0390724 0.0135632 None
0 0.576759 0.875947 0.0312159 0.013579 None
0 0.909147 0.972065 0.0224525 0.0382874 None
0 0.923042 0.978607 0.0240093 0.0304708 None
0 0.576455 0.875584 0.0307753 0.0132612 None
0 0.409861 0.768471 0.00487957 0.00911645 None
0 0.949029 0.850703 0.0303329 0.0446116 None
0 0.125069 0.98616 0.0248682 0.021668 None
0 0.872181 0.84558 0.0138237 0.0155965 None
0 0.121016 0.985471 0.0368203 0.0222941 None
0 0.318556 0.713229 0.00716729 0.0180678 None
0 0.881968 0.681764 0.00597725 0.020687 None
0 0.919125 0.980439 0.0311184 0.0269738 None
0 0.982746 0.66511 0.00844593 0.0300025 None
0 0.799413 0.776836 0.00852633 0.0459905 None
0 0.901822 0.978205 0.0336603 0.0277095 None
0 0.391386 0.833012 0.0175173 0.0860324 None
0 0.779113 0.815637 0.00855274 0.012205 None
0 0.00907112 0.97632 0.0179787 0.0266332 None
0 0.390147 0.799175 0.00840855 0.0184599 None
0 0.589561 0.907561 0.0554866 0.0239675 None
0 0.835367 0.83433 0.0271713 0.0353673 None
0 0.972541 0.664301 0.00973968 0.0427549 None
0 0.924932 0.984065 0.0200378 0.019596 None
0 0.707513 0.783553 0.00475378 0.0158813 None
0 0.488634 0.861411 0.0276424 0.0156016 None
0 0.540236 0.843192 0.00661659 0.0161021 None
0 0.870624 0.843435 0.0168835 0.0193907 None
0 0.982652 0.662288 0.0103188 0.022283 None
0 0.988761 0.741809 0.00737381 0.0449755 None
