0 0.454359 0.832772 0.0130674 0.0686308 26873
0 0.469302 0.835942 0.0146224 0.0653544 26874
0 0.830714 0.834466 0.0174061 0.0341822 26875
0 0.694827 0.793283 0.00940552 0.0481586 26876
0 0.843271 0.767365 0.00832195 0.0462755 26877
0 0.755498 0.782394 0.00974846 0.0490462 26878
0 0.744711 0.785447 0.00816736 0.0486357 26879
0 0.706462 0.791578 0.0100243 0.0477207 26880
0 0.856708 0.763602 0.00983238 0.0509396 26881
0 0.794492 0.775692 0.0102701 0.0491643 26882
0 0.891206 0.757515 0.0100422 0.0473033 26883
0 0.89285 0.976138 0.061808 0.0454841 26884
0 0.718581 0.830194 0.0146164 0.0316661 26885
0 0.465746 0.780411 0.00747223 0.0231138 26886
0 0.0711174 0.741 0.00758073 0.0261047 26887
0 0.277675 0.728515 0.00606275 0.0144436 26888
0 0.856181 0.830555 0.0162277 0.0328317 26889
0 0.943616 0.749032 0.00843391 0.0436649 26890
0 0.435278 0.913637 0.0213764 0.0377421 26891
0 0.197982 0.915763 0.0448507 0.031035 26892
0 0.811901 0.769687 0.00845451 0.0372664 26893
0 0.333663 0.754202 0.00796556 0.0185621 26894
0 0.0086663 0.751776 0.00997229 0.0169529 26895
0 0.83044 0.777315 0.00905304 0.0289317 26896
0 0.527421 0.814012 0.0106586 0.039956 26897
0 0.953538 0.849307 0.0219519 0.0410699 26898
0 0.962125 0.736525 0.00710087 0.0302678 26899
0 0.957193 0.848068 0.0151501 0.0381802 26900
0 0.11921 0.983802 0.0381619 0.0241082 26901
0 0.931769 0.727678 0.00554924 0.0240284 26902
0 0.320684 0.715272 0.00630636 0.022855 26903
0 0.0221614 0.938876 0.0440038 0.0281158 26904
0 0.354516 0.989329 0.0149849 0.0212763 26905
0 0.971811 0.763024 0.0137886 0.0278029 26906
0 0.193078 0.734738 0.00893359 0.00858833 26907
0 0.678105 0.815957 0.0201546 0.0197925 26908
0 0.529026 0.739026 0.00588808 0.0109699 26909
0 0.97233 0.672422 0.00486298 0.0177233 26910
0 0.903484 0.973127 0.0392988 0.0394413 26911
0 0.896219 0.677488 0.00827522 0.0250144 26912
0 0.853921 0.831752 0.0214916 0.0360908 26913
0 0.11489 0.982937 0.0300001 0.0212677 26914
0 0.103788 0.993721 0.0623111 0.00871226 26915
0 0.109572 0.984564 0.0565272 0.0256002 26916
0 0.0970711 0.994258 0.0497351 0.00825941 26917
0 0.00519193 0.94268 0.0103197 0.0927843 26918
0 0.533726 0.740022 0.0150219 0.0100057 26919
0 0.769187 0.69875 0.00617104 0.0180824 26920
0 0.984616 0.677896 0.00526123 0.0162552 26921
0 0.788594 0.698096 0.00706043 0.0187559 26922
0 0.714581 0.830851 0.023135 0.0319505 26923
0 0.278295 0.737309 0.0074297 0.00567017 26924
0 0.949538 0.858548 0.0137478 0.0230967 26925
0 0.143615 0.739464 0.00906978 0.00808936 26926
0 0.00525684 0.975599 0.010485 0.0253125 26927
0 0.577408 0.875273 0.0323667 0.0137634 26928
0 0.863849 0.833366 0.0325413 0.0381527 26929
0 0.524297 0.811565 0.00711803 0.027416 26930
0 0.577495 0.875497 0.0330994 0.0142442 26931
0 0.443722 0.779119 0.00599155 0.0154293 26932
0 0.523771 0.805482 0.0130745 0.0265191 26933
0 0.529635 0.738453 0.0074378 0.0125966 26934
0 0.982172 0.662067 0.00621891 0.0184087 26935
0 0.884582 0.983814 0.0454817 0.0298411 26936
0 0.0535097 0.751156 0.0037919 0.00708042 26937
0 0.773648 0.812508 0.00667114 0.0150369 26938
0 0.978135 0.661877 0.00528049 0.0192135 26939
0 0.995896 0.813919 0.00780678 0.0145504 26940
0 0.156729 0.740006 0.00819268 0.00782996 26941
0 0.125151 0.985562 0.0289549 0.0217322 26942
0 0.00603461 0.953422 0.0119793 0.0707269 26943
0 0.974535 0.765634 0.018783 0.0221325 26944
0 0.109827 0.981528 0.0199658 0.022338 26945
0 0.150116 0.73988 0.0212246 0.00926005 26946
0 0.872763 0.845712 0.0141312 0.0143863 26947
0 0.96415 0.668463 0.00585861 0.0149907 26948
0 0.879784 0.672056 0.00628891 0.0118686 26949
0 0.947951 0.850726 0.0317596 0.0448963 26950
0 0.937504 0.867011 0.0142052 0.0151939 26951
0 0.865789 0.797028 0.0368256 0.0123742 26952
0 0.770339 0.812982 0.0141562 0.0149224 26953
0 0.319411 0.720539 0.00886946 0.0224311 26954
0 0.316553 0.717364 0.0150587 0.0197771 26955
0 0.317524 0.720413 0.0124262 0.0141503 26956
0 0.70616 0.831325 0.0390909 0.0326896 26957
0 0.943674 0.866527 0.0255951 0.0159249 26958
0 0.880556 0.680754 0.00750256 0.0203766 26959
0 0.946019 0.85942 0.0299564 0.0283315 26960
0 0.525177 0.81396 0.016856 0.0420956 26961
0 0.443175 0.77925 0.0092227 0.0168091 26962
0 0.779566 0.816038 0.0081749 0.00999942 26963
0 0.540514 0.848893 0.00805731 0.0274339 26964
0 0.306944 0.716634 0.0110772 0.0102075 26965
0 0.866808 0.799017 0.0345072 0.0121355 26966
0 0.318211 0.716241 0.0116132 0.0260946 26967
0 0.978635 0.656139 0.00742798 0.0238556 26968
0 0.853211 0.845435 0.026355 0.0144692 26969
0 0.860682 0.845873 0.0386456 0.015676 26970
0 0.97533 0.762342 0.0210808 0.0277339 26971
0 0.00198318 0.911596 0.00388702 0.0315603 26972
0 0.77617 0.812902 0.0147361 0.0163564 26973
0 0.131514 0.984305 0.0633506 0.020439 26974
0 0.523347 0.801413 0.0132832 0.0183261 26975
0 0.881687 0.685475 0.00845642 0.0116847 26976
0 0.44405 0.780805 0.0179863 0.0162089 26977
0 0.537977 0.740674 0.0228555 0.00964016 26978
0 0.981305 0.771346 0.00914688 0.00960117 26979
0 0.882906 0.692715 0.0122158 0.0074657 26980
0 0.859485 0.845069 0.03957 0.0167241 26981
0 0.854355 0.79688 0.0165445 0.00893283 26982
0 0.857261 0.823436 0.016206 0.0338927 26983
0 0.306233 0.71605 0.0134371 0.0106389 26984
0 0.391311 0.832061 0.0183848 0.0875755 26985
0 0.852007 0.839606 0.0239506 0.0234078 26986
0 0.881691 0.679216 0.0108751 0.0270599 26987
0 0.814056 0.769492 0.0132217 0.0372053 26988
0 0.985779 0.677325 0.00645294 0.0189467 26989
