0 0.453994 0.833517 0.0118743 0.0676432 27552
0 0.466504 0.836636 0.01506 0.0641693 27553
0 0.830704 0.834487 0.0174381 0.0341285 27554
0 0.843179 0.767 0.00822792 0.0460588 27555
0 0.694615 0.793955 0.010074 0.0458744 27556
0 0.794775 0.775551 0.0105452 0.0486037 27557
0 0.75436 0.783642 0.00956287 0.0475555 27558
0 0.744556 0.784871 0.00790071 0.0481598 27559
0 0.706266 0.791742 0.00986176 0.0462994 27560
0 0.718679 0.830545 0.0144642 0.0309311 27561
0 0.887448 0.758033 0.00940609 0.0491536 27562
0 0.853671 0.762106 0.0075367 0.0483124 27563
0 0.527854 0.815166 0.0104699 0.0402486 27564
0 0.89276 0.976133 0.0616385 0.0454263 27565
0 0.071382 0.741077 0.00676944 0.0258155 27566
0 0.434623 0.91378 0.0224295 0.0378859 27567
0 0.856281 0.830189 0.0163239 0.0326618 27568
0 0.810087 0.775601 0.00897083 0.0462992 27569
0 0.829181 0.77769 0.00691452 0.031724 27570
0 0.277329 0.728457 0.00635433 0.0141123 27571
0 0.464177 0.782487 0.00719481 0.0248511 27572
0 0.197463 0.91566 0.0441397 0.0311091 27573
0 0.0222505 0.938924 0.0442863 0.0289225 27574
0 0.96385 0.738066 0.00715256 0.0312483 27575
0 0.953543 0.849298 0.0219616 0.041049 27576
0 0.947814 0.749535 0.0103228 0.0423313 27577
0 0.00887808 0.751136 0.00818636 0.0183329 27578
0 0.957195 0.848031 0.0151608 0.0381341 27579
0 0.11779 0.983405 0.0358154 0.0240299 27580
0 0.334263 0.754562 0.00712276 0.0194275 27581
0 0.320269 0.714847 0.00573225 0.0223919 27582
0 0.931596 0.727452 0.00616932 0.0234667 27583
0 0.354296 0.989348 0.0153401 0.0212718 27584
0 0.529473 0.73946 0.00642128 0.00974426 27585
0 0.903491 0.973024 0.0390249 0.0392222 27586
0 0.192016 0.734749 0.00987248 0.00915833 27587
0 0.853809 0.831713 0.0218853 0.0362891 27588
0 0.972099 0.762878 0.0140421 0.0269779 27589
0 0.33377 0.75785 0.00774927 0.0146813 27590
0 0.00905784 0.76018 0.0172013 0.00658129 27591
0 0.0056626 0.942415 0.01126 0.0932841 27592
0 0.676731 0.815801 0.0183937 0.0201165 27593
0 0.0985385 0.994207 0.0531056 0.00829671 27594
0 0.00592506 0.975681 0.0118011 0.0251299 27595
0 0.532602 0.739692 0.012595 0.0101162 27596
0 0.984057 0.678382 0.00504379 0.015047 27597
0 0.769367 0.699 0.00614338 0.0187434 27598
0 0.00578889 0.959852 0.0115576 0.0570246 27599
0 0.714835 0.831196 0.0226015 0.031191 27600
0 0.107514 0.984616 0.0599583 0.0255909 27601
0 0.897446 0.680342 0.00565948 0.0182426 27602
0 0.142892 0.739685 0.011376 0.00913628 27603
0 0.94965 0.858565 0.0139927 0.0232073 27604
0 0.113411 0.981788 0.0273489 0.0230479 27605
0 0.0532134 0.75105 0.00516303 0.00944655 27606
0 0.443045 0.779303 0.00422039 0.0179226 27607
0 0.863795 0.833367 0.0325645 0.0383223 27608
0 0.896704 0.678063 0.00704556 0.0227653 27609
0 0.883963 0.985257 0.0445374 0.0276038 27610
0 0.972561 0.672342 0.00473328 0.0172977 27611
0 0.788254 0.698863 0.00626202 0.0197515 27612
0 0.57739 0.875274 0.0323336 0.013739 27613
0 0.974885 0.763197 0.0203979 0.027692 27614
0 0.995873 0.813879 0.00785484 0.0146335 27615
0 0.577658 0.875643 0.0326782 0.0142839 27616
0 0.442035 0.777279 0.00570335 0.0158108 27617
0 0.773571 0.812524 0.00667248 0.0148648 27618
0 0.147985 0.73997 0.0214296 0.0096344 27619
0 0.318872 0.717174 0.00808678 0.0265893 27620
0 0.947515 0.741371 0.00984802 0.0294803 27621
0 0.872768 0.8457 0.014115 0.0144508 27622
0 0.948015 0.850685 0.0317709 0.0448263 27623
0 0.982682 0.661679 0.00662499 0.0178344 27624
0 0.978252 0.661854 0.00555573 0.0193965 27625
0 0.885185 0.979576 0.0470106 0.0388902 27626
0 0.534708 0.740294 0.0168348 0.00986888 27627
0 0.770097 0.812964 0.0136915 0.0148799 27628
0 0.125303 0.985619 0.0284813 0.0214861 27629
0 0.00942534 0.976129 0.0187123 0.0267298 27630
0 0.879478 0.673171 0.00546913 0.00990524 27631
0 0.00194937 0.91103 0.00382447 0.0313371 27632
0 0.946048 0.8594 0.0298244 0.028222 27633
0 0.540244 0.847686 0.0069335 0.026907 27634
0 0.879969 0.685303 0.00720177 0.00997874 27635
0 0.937181 0.866971 0.0135418 0.0151143 27636
0 0.391236 0.832018 0.0180881 0.0866214 27637
0 0.779673 0.816054 0.00803623 0.0101318 27638
0 0.944022 0.865917 0.0261757 0.0171305 27639
0 0.706077 0.831706 0.0392275 0.0316962 27640
0 0.860799 0.845793 0.0384329 0.0158437 27641
0 0.852015 0.838061 0.0229038 0.0257211 27642
0 0.332001 0.760273 0.0131034 0.0132372 27643
0 0.350029 0.989363 0.0250973 0.0212385 27644
0 0.0732616 0.74104 0.0110515 0.0267602 27645
0 0.316525 0.718059 0.0133476 0.0192101 27646
0 0.775974 0.812866 0.0146129 0.0163898 27647
0 0.00715755 0.75176 0.0124952 0.0190996 27648
0 0.984959 0.67808 0.00871277 0.0192676 27649
0 0.811846 0.772274 0.0131178 0.0409656 27650
0 0.945932 0.74976 0.0144768 0.0444885 27651
0 0.530034 0.815182 0.0136522 0.0383496 27652
0 0.280127 0.728511 0.0120915 0.015017 27653
0 0.131464 0.983728 0.06383 0.0203935 27654
0 0.859639 0.837627 0.0396328 0.0313629 27655
0 0.316925 0.720155 0.0119685 0.0144502 27656
