0 0.451564 0.834209 0.0140963 0.0664229 None
0 0.422853 0.836181 0.0112509 0.062638 None
0 0.604625 0.80709 0.00999594 0.0594389 None
0 0.796345 0.77548 0.00885286 0.0490619 None
0 0.72236 0.786823 0.0107262 0.0490612 None
0 0.830873 0.835011 0.0178322 0.0333359 None
0 0.843224 0.767462 0.00819397 0.0474884 None
0 0.564935 0.813522 0.0113489 0.0538861 None
0 0.55449 0.819198 0.00908384 0.0502953 None
0 0.660671 0.799157 0.00825748 0.0406348 None
0 0.717886 0.830104 0.0144152 0.0313439 None
0 0.953945 0.850616 0.0219595 0.0398029 None
0 0.391137 0.831621 0.0183183 0.0853317 None
0 0.364312 0.894052 0.0153922 0.0690691 None
0 0.939767 0.747912 0.00865097 0.0424654 None
0 0.114799 0.983306 0.0322376 0.0255361 None
0 0.198035 0.915857 0.0459632 0.0315865 None
0 0.688772 0.794337 0.0105931 0.0453942 None
0 0.893912 0.975513 0.0635098 0.0452616 None
0 0.855968 0.829874 0.0154961 0.0338928 None
0 0.484289 0.857134 0.0371965 0.0249264 None
0 0.933855 0.728323 0.00665321 0.0248342 None
0 0.0225405 0.938439 0.0450809 0.0301502 None
0 0.354971 0.989346 0.0137336 0.0213075 None
0 0.974673 0.762753 0.0181705 0.0270099 None
0 0.475703 0.857116 0.0198353 0.024724 None
0 0.704347 0.791195 0.0101051 0.0471809 None
0 0.905499 0.973129 0.0417446 0.039762 None
0 0.0075628 0.976576 0.015083 0.0249641 None
0 0.0105886 0.754039 0.00996513 0.0155328 None
0 0.85314 0.830467 0.0211008 0.0357602 None
0 0.0547254 0.744056 0.00557019 0.0156949 None
0 0.00401859 0.976647 0.00797812 0.0238259 None
0 0.0729041 0.750902 0.00564828 0.00990753 None
0 0.352262 0.773429 0.00722275 0.0115177 None
0 0.706351 0.790812 0.00940685 0.0451782 None
0 0.365563 0.899897 0.0188649 0.0809299 None
0 0.97203 0.761762 0.0112335 0.0263909 None
0 0.883554 0.984447 0.0447247 0.0286372 None
0 0.57752 0.875624 0.0321339 0.0146244 None
0 0.108983 0.984002 0.0453 0.0266181 None
0 0.0963243 0.994177 0.0485814 0.00800408 None
0 0.699114 0.791329 0.00656872 0.0455826 None
0 0.857706 0.697979 0.00502701 0.0143998 None
0 0.676664 0.806184 0.0133198 0.0362535 None
0 0.995976 0.810395 0.00764389 0.0229863 None
0 0.852821 0.848514 0.0257736 0.00986837 None
0 0.675742 0.810115 0.0159487 0.0286672 None
0 0.70873 0.80265 0.00652227 0.0200831 None
0 0.996122 0.815317 0.00734787 0.0131609 None
0 0.6784 0.804026 0.00908508 0.0334188 None
0 0.0164505 0.75993 0.025818 0.00823093 None
0 0.391141 0.811246 0.0178158 0.0436659 None
0 0.911876 0.97288 0.0279179 0.039692 None
0 0.678006 0.797087 0.0068511 0.0183811 None
0 0.282619 0.732437 0.013793 0.0144345 None
0 0.280305 0.732987 0.0080224 0.0132214 None
0 0.885927 0.977748 0.0481787 0.0386936 None
0 0.448749 0.763326 0.00655518 0.0144411 None
0 0.459358 0.761529 0.00483799 0.0107032 None
0 0.675361 0.814557 0.0166618 0.0206245 None
0 0.733284 0.792454 0.0194806 0.00880805 None
0 0.950968 0.859343 0.0170553 0.022355 None
0 0.314961 0.769158 0.0179652 0.00981852 None
0 0.49562 0.720909 0.0105617 0.0130731 None
0 0.908653 0.672083 0.00522423 0.0118745 None
0 0.153499 0.983544 0.0175735 0.012305 None
0 0.0518097 0.745918 0.0120963 0.0198981 None
0 0.588326 0.913413 0.054365 0.0121365 None
0 0.934615 0.738008 0.00816994 0.0435859 None
0 0.0160945 0.755418 0.0270672 0.0180996 None
0 0.314723 0.767553 0.0185133 0.0119392 None
0 0.494407 0.862545 0.0173847 0.0120565 None
0 0.848572 0.697318 0.0063406 0.012982 None
0 0.852172 0.844778 0.0229248 0.0123581 None
0 0.686503 0.794422 0.0141298 0.0461917 None
0 0.591754 0.91453 0.0439899 0.00937212 None
0 0.996047 0.804924 0.00746899 0.0337077 None
0 0.540602 0.8504 0.00762043 0.0271701 None
0 0.935147 0.865742 0.0145332 0.0153061 None
0 0.91783 0.972652 0.0174362 0.0389289 None
0 0.857712 0.702517 0.0057972 0.022772 None
0 0.0560443 0.744151 0.00842609 0.0162409 None
0 0.711303 0.831057 0.0271025 0.0337301 None
0 0.00922952 0.756112 0.0145654 0.0138821 None
0 0.109483 0.985778 0.0286833 0.0203049 None
0 0.908459 0.670161 0.00710258 0.0100405 None
0 0.901982 0.682471 0.00471573 0.0110038 None
0 0.769877 0.813164 0.0144695 0.0151711 None
0 0.0644071 0.748314 0.0096693 0.009768 None
