0 0.451995 0.83401 0.0125528 0.0670312 70709
0 0.842707 0.766987 0.00909119 0.0461643 70710
0 0.796597 0.774676 0.00750618 0.0472778 70711
0 0.690893 0.795386 0.00912895 0.0448903 70712
0 0.583436 0.814945 0.0118925 0.0505741 70713
0 0.718639 0.830424 0.0139893 0.0314201 70714
0 0.953714 0.849722 0.0225216 0.0410711 70715
0 0.723895 0.78747 0.00842171 0.0467533 70716
0 0.746515 0.781463 0.00854435 0.0484629 70717
0 0.677469 0.7892 0.0104278 0.0429825 70718
0 0.830871 0.834741 0.0177067 0.0334605 70719
0 0.516597 0.823125 0.0117586 0.053751 70720
0 0.116138 0.982913 0.036406 0.0273714 70721
0 0.0115238 0.748762 0.00969721 0.0187249 70722
0 0.431763 0.91415 0.0278568 0.0370385 70723
0 0.474655 0.856765 0.0177708 0.0250987 70724
0 0.708105 0.78801 0.00809155 0.0531265 70725
0 0.713474 0.791059 0.00714855 0.0431769 70726
0 0.701956 0.794752 0.00724792 0.0408122 70727
0 0.85629 0.829501 0.0138977 0.0332665 70728
0 0.355347 0.989197 0.0139777 0.0216063 70729
0 0.840452 0.697699 0.00474033 0.0178908 70730
0 0.00564492 0.979355 0.011213 0.0181898 70731
0 0.267211 0.728676 0.00603814 0.0141652 70732
0 0.897823 0.97524 0.0732163 0.0469577 70733
0 0.410587 0.762211 0.00722084 0.0137187 70734
0 0.97458 0.762011 0.0183746 0.0282298 70735
0 0.0221859 0.938066 0.0443029 0.029587 70736
0 0.285256 0.717802 0.00791144 0.0145036 70737
0 0.938992 0.728378 0.00701866 0.0177672 70738
0 0.197831 0.916018 0.0453256 0.0323931 70739
0 0.383486 0.775111 0.00498457 0.0151872 70740
0 0.811051 0.697866 0.00566158 0.0170294 70741
0 0.315291 0.7117 0.00647573 0.0124529 70742
0 0.971855 0.76158 0.0123589 0.0278188 70743
0 0.710458 0.787539 0.0117606 0.0504347 70744
0 0.0636542 0.737497 0.00708201 0.014192 70745
0 0.500886 0.728421 0.0136192 0.0135529 70746
0 0.911277 0.974438 0.0495525 0.0454875 70747
0 0.852941 0.830563 0.0226227 0.0353956 70748
0 0.0949291 0.994467 0.0471742 0.00808546 70749
0 0.946632 0.6754 0.00778046 0.0171627 70750
0 0.996371 0.812182 0.00683365 0.0175147 70751
0 0.412411 0.762151 0.0109262 0.013897 70752
0 0.992429 0.743697 0.00936127 0.0449792 70753
0 0.699501 0.794032 0.00883675 0.0435128 70754
0 0.540616 0.848713 0.00679331 0.0280955 70755
0 0.903157 0.97263 0.0332113 0.0417982 70756
0 0.285308 0.718199 0.0129099 0.0152803 70757
0 0.889142 0.978441 0.0568157 0.0412584 70758
0 0.10223 0.993732 0.0625638 0.0087638 70759
0 0.852917 0.8482 0.0264328 0.0104818 70760
0 0.0589148 0.737549 0.0163678 0.0138648 70761
0 0.921088 0.973292 0.0294407 0.042167 70762
0 0.712395 0.789985 0.00973625 0.048032 70763
0 0.576209 0.875082 0.0362499 0.0143636 70764
0 0.383713 0.776255 0.00758667 0.014821 70765
0 0.957111 0.84987 0.0157658 0.037873 70766
0 0.991038 0.66815 0.00400238 0.0135523 70767
0 0.676305 0.816335 0.0141937 0.0159566 70768
0 0.772835 0.812716 0.0200514 0.0156908 70769
0 0.137716 0.734104 0.0162526 0.0103878 70770
0 0.38553 0.777205 0.0096982 0.0138234 70771
0 0.576862 0.875802 0.0354202 0.0136658 70772
0 0.483709 0.856582 0.0371536 0.0255239 70773
0 0.721651 0.788256 0.0125089 0.0472521 70774
0 0.715876 0.830637 0.0196362 0.0333988 70775
0 0.378715 0.775711 0.00528545 0.0137078 70776
0 0.430226 0.763815 0.00912361 0.00904473 70777
0 0.904444 0.682755 0.00466423 0.0136515 70778
0 0.410593 0.762212 0.0106312 0.0151788 70779
0 0.952863 0.859644 0.0205471 0.0226271 70780
0 0.935925 0.866996 0.0115608 0.0147749 70781
0 0.978103 0.673302 0.00772247 0.0134133 70782
0 0.42052 0.763222 0.0285105 0.0130663 70783
0 0.559577 0.838909 0.00657911 0.0103836 70784
0 0.102359 0.983124 0.0614039 0.0272656 70785
0 0.892644 0.675717 0.0065033 0.0124898 70786
0 0.882198 0.980377 0.0434896 0.037836 70787
0 0.387354 0.781145 0.02391 0.00716654 70788
0 0.997658 0.670648 0.00416298 0.0103575 70789
0 0.5775 0.880509 0.0337573 0.0100338 70790
0 0.130811 0.982496 0.065634 0.0276738 70791
0 0.777455 0.813647 0.012185 0.0148766 70792
0 0.391203 0.830927 0.018869 0.0866035 70793
0 0.905149 0.68342 0.00427551 0.0133906 70794
0 0.68918 0.7947 0.0122051 0.0469767 70795
0 0.707519 0.788523 0.0131458 0.0571116 70796
0 0.940117 0.729408 0.00918922 0.0180271 70797
0 0.404476 0.772691 0.0636148 0.0226505 70798
0 0.947247 0.865399 0.0336937 0.0182621 70799
0 0.812186 0.697787 0.00781937 0.0173535 70800
0 0.980752 0.667629 0.00424995 0.0173534 70801
0 0.855335 0.847244 0.033432 0.0143946 70802
0 0.271442 0.72944 0.0161316 0.0151367 70803
0 0.973624 0.67248 0.00984688 0.0196869 70804
0 0.859446 0.794906 0.00825539 0.0128554 70805
0 0.52037 0.827748 0.0196474 0.044358 70806
0 0.440294 0.9152 0.0110764 0.0330373 70807
0 0.384538 0.775649 0.0146584 0.0167408 70808
0 0.856449 0.795172 0.0163368 0.0134077 70809
0 0.844047 0.844305 0.0454115 0.0190976 70810
0 0.841093 0.697271 0.0066597 0.0191912 70811
