0 0.456079 0.833759 0.0131613 0.0682048 23752
0 0.473945 0.834625 0.0164869 0.0656669 23753
0 0.0174565 0.903088 0.0111861 0.0464027 23754
0 0.830602 0.834638 0.0172443 0.0335531 23755
0 0.718628 0.830761 0.014172 0.0302324 23756
0 0.765729 0.783089 0.00894585 0.0410295 23757
0 0.953543 0.849428 0.022028 0.0411875 23758
0 0.793794 0.775048 0.0108414 0.0493856 23759
0 0.842989 0.767019 0.00833969 0.0474233 23760
0 0.697345 0.792475 0.00823402 0.0476471 23761
0 0.520559 0.809303 0.0118021 0.0385335 23762
0 0.901928 0.754115 0.00833359 0.0471932 23763
0 0.817934 0.772713 0.00844536 0.0454519 23764
0 0.866913 0.761315 0.0100145 0.0502709 23765
0 0.744233 0.784298 0.00862045 0.0465888 23766
0 0.70254 0.793057 0.00772228 0.0448388 23767
0 0.755526 0.781694 0.0074604 0.0464533 23768
0 0.85634 0.830163 0.0153124 0.0329008 23769
0 0.0219798 0.938852 0.0439596 0.0276755 23770
0 0.927612 0.754021 0.0102112 0.0432919 23771
0 0.433836 0.913261 0.0237061 0.0391861 23772
0 0.836433 0.774805 0.00660782 0.0304155 23773
0 0.996044 0.809859 0.0074934 0.0238841 23774
0 0.0694508 0.743142 0.00956342 0.0284993 23775
0 0.791006 0.698146 0.00659208 0.0180793 23776
0 0.278792 0.728455 0.00657969 0.0160185 23777
0 0.0105139 0.751422 0.00809431 0.017156 23778
0 0.894558 0.976245 0.0656706 0.0455209 23779
0 0.198806 0.915797 0.0465513 0.0326065 23780
0 0.355103 0.988943 0.0145718 0.0221136 23781
0 0.475102 0.779142 0.00985718 0.0234127 23782
0 0.883613 0.983558 0.0437923 0.031455 23783
0 0.44988 0.780972 0.00818138 0.0190881 23784
0 0.329129 0.7544 0.00898733 0.0158298 23785
0 0.906298 0.973098 0.044186 0.039936 23786
0 0.954318 0.737324 0.00864601 0.0304116 23787
0 0.676557 0.815786 0.0170341 0.0181947 23788
0 0.00725647 0.975964 0.014428 0.0250844 23789
0 0.145434 0.737446 0.00416129 0.0111437 23790
0 0.973164 0.762716 0.0156721 0.0277218 23791
0 0.919338 0.973291 0.0223524 0.0405531 23792
0 0.125964 0.985924 0.0274662 0.0204692 23793
0 0.76903 0.697156 0.00685558 0.0134254 23794
0 0.52807 0.738757 0.00439157 0.00997365 23795
0 0.934793 0.726422 0.00701294 0.0248522 23796
0 0.853539 0.831424 0.0213444 0.0363497 23797
0 0.54078 0.850131 0.0077919 0.0253828 23798
0 0.322985 0.728717 0.00786223 0.00969408 23799
0 0.715594 0.83129 0.0204828 0.0309428 23800
0 0.102583 0.994205 0.0617291 0.00806597 23801
0 0.990333 0.676268 0.00555439 0.0185783 23802
0 0.577253 0.875447 0.0324169 0.0136824 23803
0 0.0100982 0.759788 0.0161794 0.00932753 23804
0 0.119324 0.984255 0.0368185 0.0234178 23805
0 0.109677 0.980427 0.0190298 0.0226356 23806
0 0.322516 0.714966 0.00640664 0.0233392 23807
0 0.950598 0.858623 0.0160978 0.0219696 23808
0 0.144871 0.738212 0.0048974 0.0128908 23809
0 0.105703 0.987208 0.0679184 0.0216722 23810
0 0.106112 0.985755 0.0670423 0.0235959 23811
0 0.576981 0.875223 0.0324413 0.0135312 23812
0 0.853054 0.846208 0.0261578 0.0135337 23813
0 0.774085 0.813021 0.00703487 0.0146976 23814
0 0.195599 0.733574 0.008812 0.00854696 23815
0 0.533014 0.739752 0.0147397 0.00988871 23816
0 0.0069581 0.754823 0.00673676 0.0147095 23817
0 0.973807 0.753958 0.00592899 0.0111311 23818
0 0.752618 0.784217 0.0113367 0.0449475 23819
0 0.85241 0.841315 0.0233212 0.0188521 23820
0 0.858165 0.847295 0.0372507 0.0126136 23821
0 0.885592 0.978639 0.0477139 0.0399645 23822
0 0.767171 0.812928 0.00800114 0.0154638 23823
0 0.94479 0.867038 0.0285175 0.0150319 23824
0 0.771284 0.812451 0.0146189 0.0158534 23825
0 0.391087 0.831848 0.0181134 0.0838833 23826
0 0.778633 0.814536 0.00938282 0.0129079 23827
0 0.774006 0.81276 0.0188377 0.0165992 23828
0 0.937311 0.867262 0.0137999 0.0148733 23829
0 0.76877 0.699359 0.00808287 0.0181134 23830
0 0.973336 0.675737 0.00667305 0.0153355 23831
0 0.859913 0.845874 0.038858 0.0165911 23832
0 0.883498 0.684613 0.00566921 0.00944282 23833
0 0.679149 0.814329 0.0212957 0.0198469 23834
0 0.864179 0.845149 0.028068 0.016335 23835
0 0.109621 0.973347 0.0192407 0.0384874 23836
0 0.862715 0.832544 0.029435 0.0381532 23837
0 0.791083 0.820355 0.0248907 0.00668996 23838
0 0.56564 0.844969 0.00653362 0.0210051 23839
0 0.451546 0.781303 0.0118289 0.0198915 23840
0 0.681952 0.816014 0.0202819 0.0160841 23841
0 0.0534227 0.751902 0.00407739 0.00840912 23842
0 0.593632 0.913618 0.0623671 0.0119086 23843
0 0.00712617 0.758608 0.0124064 0.0115831 23844
0 0.54075 0.854353 0.0082942 0.0344069 23845
0 0.845981 0.845897 0.0415306 0.015526 23846
0 0.795808 0.817226 0.0370235 0.0112406 23847
0 0.839972 0.834988 0.0362686 0.0339515 23848
0 0.871873 0.845388 0.0132687 0.0151645 23849
0 0.820363 0.81521 0.0127831 0.00895861 23850
