0 0.45303 0.834079 0.0129396 0.0672373 85447
0 0.234732 0.869983 0.0128933 0.0559842 85448
0 0.953606 0.848675 0.0223721 0.0428445 85449
0 0.698288 0.795403 0.00931139 0.0437897 85450
0 0.422053 0.909346 0.0192419 0.0512131 85451
0 0.82177 0.771049 0.00865974 0.039525 85452
0 0.871822 0.763355 0.0096405 0.0406654 85453
0 0.479686 0.8283 0.0122648 0.0597636 85454
0 0.843396 0.76453 0.00797157 0.0447076 85455
0 0.828716 0.833848 0.0189774 0.0319122 85456
0 0.775869 0.776891 0.00752134 0.0503638 85457
0 0.980858 0.738086 0.00809784 0.0452854 85458
0 0.854671 0.763952 0.00927391 0.0414932 85459
0 0.970121 0.738553 0.010994 0.0379113 85460
0 0.949634 0.74503 0.0101038 0.0462046 85461
0 0.811501 0.771093 0.00824738 0.0420042 85462
0 0.678747 0.791723 0.00997248 0.0366486 85463
0 0.520914 0.778141 0.00974751 0.0257618 85464
0 0.00977945 0.743149 0.00889326 0.0186542 85465
0 0.198752 0.91538 0.0458956 0.0333333 85466
0 0.933625 0.730981 0.00798187 0.0267056 85467
0 0.855225 0.830227 0.0185341 0.0350705 85468
0 0.354392 0.989066 0.0146083 0.0218684 85469
0 0.717172 0.830432 0.0131558 0.032232 85470
0 0.37079 0.738642 0.00852714 0.0119612 85471
0 0.022129 0.938328 0.0442581 0.0295671 85472
0 0.764941 0.695951 0.00586624 0.0132228 85473
0 0.883631 0.980188 0.0454811 0.0383038 85474
0 0.33131 0.709572 0.00531054 0.0143429 85475
0 0.79189 0.777317 0.0152691 0.0469686 85476
0 0.906092 0.743172 0.00772266 0.0245589 85477
0 0.787632 0.776138 0.00797443 0.0469021 85478
0 0.716238 0.830718 0.0186722 0.0324593 85479
0 0.114708 0.982951 0.0305182 0.024707 85480
0 0.995664 0.811883 0.00824738 0.0210683 85481
0 0.917102 0.972803 0.0184898 0.0397659 85482
0 0.976871 0.677536 0.00578156 0.0252358 85483
0 0.332734 0.715275 0.0380541 0.00896573 85484
0 0.50305 0.783182 0.0061224 0.0166053 85485
0 0.793969 0.779553 0.0106858 0.041412 85486
0 0.781618 0.694861 0.00694847 0.015976 85487
0 0.487548 0.810291 0.00975494 0.0428569 85488
0 0.921177 0.973516 0.0273014 0.0413044 85489
0 0.119836 0.984889 0.0404181 0.0228468 85490
0 0.0956078 0.994273 0.0468285 0.00828993 85491
0 0.677019 0.815987 0.0127184 0.0174761 85492
0 0.104303 0.98433 0.0538886 0.0260691 85493
0 0.57698 0.874527 0.0336258 0.0166767 85494
0 0.870902 0.68148 0.00788765 0.0169571 85495
0 0.107117 0.740329 0.0117828 0.0121631 85496
0 0.00562734 0.981423 0.0111761 0.0144984 85497
0 0.0748813 0.742223 0.010061 0.0177555 85498
0 0.908162 0.973604 0.0414537 0.0411791 85499
0 0.769888 0.812585 0.0160389 0.015999 85500
0 0.912776 0.973095 0.0285168 0.040724 85501
0 0.895486 0.976301 0.0685432 0.0444799 85502
0 0.109606 0.981362 0.0199429 0.0240189 85503
0 0.391287 0.817798 0.0170508 0.0567405 85504
0 0.298188 0.739977 0.00481482 0.00932109 85505
0 0.201089 0.728421 0.0115682 0.00908678 85506
0 0.777335 0.777154 0.01071 0.0510542 85507
0 0.712723 0.831331 0.0215628 0.0332472 85508
0 0.291722 0.753342 0.00919399 0.0153144 85509
0 0.977015 0.65642 0.00776596 0.0260464 85510
0 0.00833512 0.743867 0.0123283 0.0203864 85511
0 0.852778 0.847054 0.0258451 0.0110758 85512
0 0.101454 0.986288 0.0586666 0.0231232 85513
0 0.974442 0.767668 0.0187922 0.0177422 85514
0 0.124955 0.985563 0.0290763 0.022073 85515
0 0.956933 0.847694 0.0161806 0.0394284 85516
0 0.692527 0.84173 0.0328943 0.0143955 85517
0 0.703205 0.831556 0.0432432 0.0338979 85518
0 0.895306 0.764751 0.00631332 0.0297662 85519
0 0.00872143 0.753019 0.0138644 0.00732185 85520
0 0.291598 0.755652 0.00884762 0.0129035 85521
0 0.482366 0.823932 0.0145939 0.059375 85522
0 0.00840736 0.750711 0.0134562 0.00852492 85523
0 0.932062 0.730963 0.0111694 0.0277145 85524
0 0.29568 0.748229 0.0181725 0.0257555 85525
0 0.935912 0.866048 0.0116323 0.0153195 85526
0 0.421663 0.92766 0.0175737 0.0154717 85527
0 0.679379 0.81611 0.0201224 0.0182749 85528
0 0.540569 0.850747 0.00697556 0.030424 85529
0 0.158933 0.739052 0.0184646 0.0105777 85530
0 0.79065 0.820698 0.0239603 0.00668386 85531
0 0.67572 0.813157 0.0168032 0.0248284 85532
0 0.848238 0.84683 0.0352402 0.0131558 85533
0 0.992949 0.659892 0.00521641 0.0104752 85534
0 0.0699858 0.748205 0.018214 0.0103438 85535
0 0.857903 0.845662 0.0386738 0.0165561 85536
0 0.946739 0.86532 0.0336123 0.0183358 85537
0 0.947405 0.851071 0.0345444 0.0461928 85538
0 0.589357 0.906847 0.0379222 0.0233242 85539
0 0.779167 0.816424 0.00768032 0.00961236 85540
0 0.916741 0.975503 0.036812 0.0431066 85541
0 0.522515 0.777875 0.0134647 0.0272825 85542
0 0.203316 0.728697 0.0166008 0.00949249 85543
0 0.81958 0.814701 0.0157948 0.0102027 85544
0 0.90587 0.748622 0.00796413 0.0348923 85545
0 0.106712 0.982019 0.0326566 0.027436 85546
0 0.895979 0.983913 0.0212828 0.028104 85547
0 0.860307 0.796107 0.00792313 0.0106673 85548
