0 0.451549 0.834135 0.0137106 0.0660543 88961
0 0.574197 0.811654 0.0106638 0.0572576 88962
0 0.555366 0.819117 0.00983906 0.0511091 88963
0 0.434187 0.835591 0.0130225 0.0630673 88964
0 0.722166 0.78649 0.0105577 0.0497598 88965
0 0.796501 0.775853 0.00924702 0.0494795 88966
0 0.617312 0.804827 0.0128909 0.0554376 88967
0 0.830887 0.834907 0.0178572 0.0335086 88968
0 0.843351 0.767204 0.00809784 0.0466848 88969
0 0.665546 0.80051 0.00757637 0.0470956 88970
0 0.717969 0.830012 0.0136984 0.0316247 88971
0 0.11465 0.983768 0.0322695 0.0264157 88972
0 0.474788 0.856673 0.0198545 0.0254662 88973
0 0.701811 0.792139 0.0115576 0.0448464 88974
0 0.197961 0.915996 0.0457764 0.0311483 88975
0 0.893926 0.975397 0.0628757 0.0448914 88976
0 0.0225315 0.938694 0.0450631 0.0295285 88977
0 0.687967 0.794662 0.0102915 0.0432763 88978
0 0.955236 0.849518 0.0196995 0.0375037 88979
0 0.355147 0.989351 0.0139895 0.0212974 88980
0 0.0113593 0.751654 0.010155 0.0169825 88981
0 0.391836 0.898542 0.0238319 0.0804494 88982
0 0.855962 0.830375 0.0150438 0.0337782 88983
0 0.935698 0.727804 0.00843601 0.0265237 88984
0 0.386312 0.888212 0.0128076 0.0589216 88985
0 0.974612 0.762773 0.0180422 0.0264723 88986
0 0.905406 0.973162 0.0410975 0.0396267 88987
0 0.446136 0.763288 0.00630226 0.0154544 88988
0 0.388398 0.898917 0.0164758 0.0802348 88989
0 0.391394 0.826119 0.0182369 0.0727271 88990
0 0.852814 0.83086 0.0224827 0.0347036 88991
0 0.0951693 0.994314 0.0461663 0.00813683 88992
0 0.457855 0.763523 0.00416946 0.0113061 88993
0 0.391465 0.812109 0.0180887 0.0438138 88994
0 0.972721 0.761776 0.0117212 0.0257718 88995
0 0.883637 0.98457 0.044709 0.0282372 88996
0 0.678472 0.815014 0.0109299 0.018375 88997
0 0.854456 0.697558 0.0064827 0.0199865 88998
0 0.946497 0.745537 0.00647354 0.0321786 88999
0 0.00586743 0.97996 0.0116292 0.0164788 89000
0 0.852803 0.848804 0.0259773 0.00922546 89001
0 0.995956 0.810436 0.00768204 0.0230052 89002
0 0.00779165 0.97799 0.0154697 0.0203328 89003
0 0.57748 0.875542 0.0320892 0.0146937 89004
0 0.679856 0.814349 0.0150194 0.0195326 89005
0 0.676154 0.815145 0.0145174 0.0187161 89006
0 0.974969 0.769708 0.0180252 0.0127448 89007
0 0.951246 0.851245 0.0259508 0.0402476 89008
0 0.0541672 0.745537 0.0112752 0.0207416 89009
0 0.683748 0.795033 0.00633526 0.0403322 89010
0 0.714906 0.830372 0.0204926 0.03227 89011
0 0.38647 0.872194 0.0125344 0.0279327 89012
0 0.687622 0.796025 0.0138789 0.0445811 89013
0 0.284078 0.729433 0.00677128 0.013385 89014
0 0.0556382 0.743569 0.00904026 0.0181359 89015
0 0.99611 0.815385 0.00737228 0.0131877 89016
0 0.886733 0.97737 0.0486748 0.0383126 89017
0 0.577313 0.875185 0.0317316 0.0143294 89018
0 0.483988 0.856969 0.0393328 0.0257891 89019
0 0.354903 0.771041 0.00645561 0.0115206 89020
0 0.279748 0.729642 0.00733666 0.0157664 89021
0 0.936731 0.864524 0.0176214 0.0158081 89022
0 0.446139 0.762774 0.00800724 0.0174862 89023
0 0.153365 0.983559 0.0175183 0.0124383 89024
0 0.61389 0.803884 0.00647316 0.0457094 89025
0 0.766573 0.80284 0.0537001 0.0101501 89026
0 0.946111 0.852364 0.0341229 0.0402581 89027
0 0.540989 0.849826 0.00736818 0.027211 89028
0 0.588337 0.913467 0.054389 0.0121036 89029
0 0.844012 0.847626 0.0442652 0.0120548 89030
0 0.851982 0.845059 0.0225784 0.0118446 89031
0 0.958308 0.867164 0.0567337 0.013362 89032
0 0.429693 0.832859 0.00592871 0.0318748 89033
0 0.102363 0.984765 0.0601402 0.0262892 89034
0 0.452366 0.763693 0.0182378 0.0124225 89035
0 0.0693848 0.750494 0.0113366 0.0124193 89036
0 0.956138 0.869888 0.02897 0.00851034 89037
0 0.946732 0.865869 0.0430243 0.0189273 89038
0 0.949602 0.861204 0.015609 0.01831 89039
0 0.138483 0.746659 0.00592501 0.0102797 89040
0 0.00575904 0.971167 0.0114419 0.03355 89041
0 0.958652 0.84982 0.0191795 0.0375168 89042
0 0.948709 0.868217 0.0421061 0.013384 89043
0 0.769778 0.813039 0.0145311 0.0153322 89044
0 0.591307 0.914522 0.0448908 0.00945469 89045
0 0.122737 0.741042 0.0058795 0.00645464 89046
0 0.995992 0.80478 0.00757866 0.0340666 89047
0 0.782412 0.800076 0.0854019 0.0157206 89048
0 0.917818 0.972608 0.0173643 0.0385752 89049
0 0.951734 0.869482 0.0379822 0.00932448 89050
0 0.991244 0.679033 0.004776 0.0109372 89051
0 0.0100557 0.979142 0.019934 0.0201838 89052
0 0.61701 0.792862 0.0121597 0.0335897 89053
0 0.767328 0.79892 0.0556018 0.0185354 89054
0 0.94498 0.768088 0.0498043 0.0136517 89055
0 0.935021 0.865847 0.0139103 0.0156164 89056
0 0.288804 0.728023 0.0260132 0.018001 89057
0 0.837231 0.835503 0.0310211 0.0338386 89058
0 0.779319 0.81682 0.00864782 0.0120802 89059
0 0.697878 0.841069 0.0221825 0.01319 89060
0 0.966953 0.86311 0.0387285 0.00999603 89061
0 0.972403 0.863049 0.0287498 0.00900031 89062
0 0.493519 0.725058 0.00908823 0.0109853 89063
0 0.959955 0.849088 0.0123732 0.0346534 89064
