0 0.796704 0.774985 0.00904694 0.0483812 None
0 0.549692 0.815678 0.0119648 0.0517322 None
0 0.692542 0.795053 0.00996008 0.0479652 None
0 0.953782 0.849991 0.022871 0.0428016 None
0 0.452094 0.834157 0.0122951 0.0682629 None
0 0.629614 0.804214 0.0110422 0.0462006 None
0 0.830527 0.834668 0.0175312 0.0333903 None
0 0.765367 0.778272 0.0110432 0.0507662 None
0 0.842349 0.765257 0.00852547 0.0444331 None
0 0.940393 0.728577 0.00687141 0.0202399 None
0 0.474404 0.854404 0.0161861 0.0284546 None
0 0.890392 0.975634 0.0578506 0.0456411 None
0 0.718237 0.830152 0.0147842 0.0322888 None
0 0.703036 0.792089 0.00985575 0.0461917 None
0 0.735881 0.781069 0.00945606 0.0456536 None
0 0.855981 0.830755 0.0147179 0.0304757 None
0 0.434232 0.914205 0.0225256 0.0364009 None
0 0.676242 0.815608 0.0155827 0.0170773 None
0 0.00507562 0.750622 0.00877093 0.0178745 None
0 0.973787 0.763266 0.0193159 0.0262783 None
0 0.355234 0.989215 0.0132879 0.0215697 None
0 0.748631 0.784923 0.00826044 0.0443848 None
0 0.199503 0.916165 0.0484976 0.0314607 None
0 0.114898 0.981169 0.0320241 0.0297251 None
0 0.0645451 0.75128 0.00682089 0.0134084 None
0 0.0576787 0.736316 0.00522052 0.0164661 None
0 0.902482 0.972891 0.0342844 0.0399245 None
0 0.883373 0.985193 0.0434399 0.0273309 None
0 0.0221634 0.939686 0.0443268 0.0288332 None
0 0.713849 0.830581 0.0237535 0.0330431 None
0 0.74467 0.783535 0.00700798 0.0481432 None
0 0.852374 0.832059 0.0221924 0.0348434 None
0 0.00708204 0.758844 0.0138196 0.00945163 None
0 0.991339 0.677198 0.00559273 0.0221493 None
0 0.852497 0.848713 0.0268986 0.00966119 None
0 0.577132 0.874685 0.0326052 0.0159965 None
0 0.390969 0.81644 0.0177904 0.0540493 None
0 0.293035 0.722227 0.00692945 0.0158978 None
0 0.746644 0.785763 0.0106819 0.0447452 None
0 0.39107 0.832262 0.0178458 0.0871941 None
0 0.274052 0.728025 0.00628729 0.0171527 None
0 0.31805 0.716466 0.00528059 0.0150102 None
0 0.744828 0.784248 0.010113 0.0483351 None
0 0.00568501 0.981062 0.0112967 0.0147225 None
0 0.996369 0.810251 0.00683937 0.0209707 None
0 0.107287 0.982037 0.0511408 0.030975 None
0 0.976585 0.771474 0.0148699 0.0100764 None
0 0.740224 0.783518 0.00700207 0.0488831 None
0 0.741735 0.784184 0.00770025 0.0486969 None
0 0.10867 0.979802 0.0196002 0.0259301 None
0 0.137385 0.741571 0.0143158 0.0101147 None
0 0.851793 0.846239 0.0267996 0.0132158 None
0 0.0495114 0.740623 0.0112769 0.00856086 None
0 0.0714748 0.749783 0.00456466 0.0111984 None
0 0.398163 0.777653 0.00571012 0.0181814 None
0 0.745071 0.776043 0.00626965 0.0340841 None
0 0.166543 0.738964 0.0129259 0.0111338 None
0 0.750019 0.785867 0.0073247 0.0417179 None
0 0.518924 0.732301 0.0047329 0.00867038 None
0 0.884343 0.979642 0.0456058 0.0374234 None
0 0.978856 0.672077 0.00674782 0.0174257 None
0 0.959611 0.849966 0.0112713 0.0386403 None
0 0.970109 0.672798 0.0053009 0.0177875 None
0 0.101036 0.994152 0.0585314 0.0092509 None
0 0.9721 0.754495 0.00750961 0.0101557 None
0 0.520008 0.731637 0.00671082 0.00992872 None
0 0.897634 0.681068 0.00490379 0.0158577 None
0 0.540971 0.847302 0.00582447 0.024272 None
0 0.0672692 0.75296 0.0139018 0.0158797 None
0 0.922413 0.681277 0.00877209 0.0137599 None
0 0.392293 0.758918 0.00898714 0.011922 None
0 0.275606 0.728028 0.00692091 0.0178606 None
0 0.740789 0.775933 0.00779438 0.037558 None
0 0.979986 0.673291 0.00583267 0.0195285 None
0 0.0638575 0.750572 0.0121992 0.0149465 None
0 0.853235 0.848098 0.0293676 0.013012 None
0 0.0534248 0.740317 0.0192367 0.0104228 None
0 0.423028 0.763165 0.00603714 0.0112857 None
0 0.936059 0.86646 0.011507 0.0146739 None
0 0.862613 0.83417 0.0334602 0.0377282 None
0 0.704332 0.78733 0.0121714 0.039495 None
0 0.944656 0.86574 0.0286821 0.0162247 None
0 0.54113 0.849004 0.00759792 0.0274258 None
0 0.884207 0.989116 0.0407543 0.0192179 None
0 0.86028 0.795261 0.00541229 0.0126153 None
0 0.977463 0.762923 0.0285486 0.0267927 None
0 0.989982 0.677017 0.00728836 0.022887 None
0 0.712738 0.836497 0.0253654 0.0224328 None
0 0.616418 0.803723 0.0209148 0.00759599 None
0 0.977758 0.771265 0.0151512 0.0101893 None
0 0.842653 0.834186 0.0419563 0.0369519 None
0 0.707696 0.785536 0.00525484 0.0141113 None
0 0.531632 0.824293 0.0271469 0.00841031 None
0 0.587797 0.913325 0.051533 0.0118854 None
0 0.773977 0.811981 0.0185525 0.0169566 None
0 0.534647 0.825979 0.0326276 0.0102041 None
0 0.293447 0.725975 0.0077261 0.0179082 None
0 0.960011 0.866603 0.0557899 0.015074 None
0 0.318861 0.716897 0.00721164 0.0158468 None
0 0.273773 0.730526 0.00769367 0.0221595 None
0 0.752715 0.826862 0.0303954 0.00746596 None
0 0.759926 0.824443 0.0128692 0.00633206 None
0 0.521441 0.736024 0.0185486 0.00759447 None
0 0.577716 0.882428 0.0326921 0.00865495 None
0 0.966844 0.863293 0.0419006 0.0123834 None
0 0.912632 0.973499 0.0484777 0.0419751 None
0 0.951491 0.676203 0.00503426 0.0158961 None
0 0.477956 0.854478 0.0259736 0.0285539 None
0 0.48217 0.855071 0.0379917 0.0278249 None
0 0.535355 0.828527 0.0349112 0.0140284 None
0 0.00945706 0.981007 0.0187716 0.0158454 None
0 0.490755 0.864869 0.023342 0.00753309 None
0 0.408014 0.763968 0.00903158 0.0157081 None
0 0.901356 0.974895 0.0714607 0.0429077 None
0 0.423045 0.915086 0.0457261 0.038737 None
0 0.871923 0.845414 0.0139856 0.0157228 None
0 0.965322 0.860302 0.0443926 0.0224759 None
0 0.790549 0.69744 0.00500031 0.0141326 None
0 0.275232 0.730985 0.00720162 0.0234246 None
0 0.123305 0.984662 0.0331002 0.0237033 None
0 0.0692255 0.757425 0.0145148 0.00992466 None
0 0.850664 0.841187 0.0284443 0.023496 None
0 0.974255 0.862548 0.0277283 0.0111231 None
0 0.96334 0.851109 0.0485464 0.0449334 None
0 0.575019 0.873897 0.0371462 0.0171244 None
0 0.955688 0.864214 0.0310005 0.0170424 None
0 0.577914 0.880203 0.0338035 0.0133087 None
0 0.667933 0.829604 0.0110159 0.00754055 None
0 0.986099 0.767353 0.0275347 0.0133001 None
