0 0.45249 0.83353 0.0128842 0.067735 47977
0 0.565067 0.813461 0.0115568 0.0505537 47978
0 0.830644 0.834951 0.0175106 0.0329152 47979
0 0.770928 0.77978 0.00855808 0.0429023 47980
0 0.843603 0.765957 0.00726128 0.0478399 47981
0 0.795923 0.775206 0.0104062 0.0510718 47982
0 0.81298 0.771527 0.0109676 0.051827 47983
0 0.953524 0.849899 0.0222513 0.0421283 47984
0 0.70275 0.792894 0.00977116 0.0453942 47985
0 0.785511 0.784852 0.00624914 0.0307044 47986
0 0.694027 0.79463 0.00918102 0.0423014 47987
0 0.68552 0.795375 0.00936852 0.0414095 47988
0 0.47937 0.85866 0.0344306 0.0212114 47989
0 0.736519 0.786062 0.00800972 0.0461694 47990
0 0.75401 0.78154 0.00765734 0.0491584 47991
0 0.938789 0.728029 0.006567 0.0212792 47992
0 0.717867 0.830259 0.0136571 0.0316422 47993
0 0.0220502 0.938591 0.0441004 0.0280826 47994
0 0.856365 0.83061 0.0139881 0.0332909 47995
0 0.115122 0.981132 0.031298 0.0230659 47996
0 0.0638393 0.741179 0.00735018 0.0260902 47997
0 0.907016 0.972402 0.043354 0.0418138 47998
0 0.287485 0.724274 0.00731621 0.0175561 47999
0 0.853716 0.831556 0.0205853 0.0344101 48000
0 0.275688 0.729419 0.00580902 0.0172323 48001
0 0.97196 0.763315 0.013184 0.0251638 48002
0 0.198165 0.916157 0.0448485 0.031268 48003
0 0.89383 0.975576 0.0668041 0.046735 48004
0 0.354515 0.989287 0.0154016 0.0214266 48005
0 0.316426 0.713977 0.00605392 0.0193729 48006
0 0.432934 0.914307 0.0265076 0.0378584 48007
0 0.713616 0.830388 0.022845 0.0324827 48008
0 0.00660285 0.748807 0.00703864 0.0182902 48009
0 0.119609 0.98256 0.0402405 0.0260854 48010
0 0.676264 0.816089 0.0164285 0.0175154 48011
0 0.974444 0.763605 0.0188126 0.0257107 48012
0 0.391165 0.817395 0.0171685 0.0538498 48013
0 0.00579336 0.976026 0.0115298 0.0257067 48014
0 0.521842 0.734582 0.00677738 0.0109385 48015
0 0.884273 0.979391 0.047821 0.039231 48016
0 0.540607 0.849811 0.00688257 0.0262207 48017
0 0.184133 0.734134 0.010919 0.00931532 48018
0 0.996086 0.807922 0.00742035 0.0279197 48019
0 0.440718 0.919245 0.0104651 0.0248562 48020
0 0.0978461 0.994098 0.0513377 0.00849304 48021
0 0.576506 0.875779 0.032092 0.0138536 48022
0 0.00248164 0.976418 0.00491732 0.0242133 48023
0 0.274636 0.729922 0.0075912 0.0190494 48024
0 0.00559326 0.749587 0.00939975 0.019046 48025
0 0.0632796 0.745663 0.0101907 0.0219506 48026
0 0.141128 0.738052 0.0175173 0.0100959 48027
0 0.00354292 0.976332 0.00704966 0.0244056 48028
0 0.420153 0.761544 0.0190477 0.0101963 48029
0 0.106631 0.98384 0.0650997 0.027751 48030
0 0.144261 0.73793 0.0110421 0.00920749 48031
0 0.921982 0.972504 0.0269615 0.0425086 48032
0 0.429397 0.917721 0.0206573 0.0313349 48033
0 0.879892 0.682584 0.00734234 0.0164104 48034
0 0.417648 0.77929 0.0104191 0.0180203 48035
0 0.957318 0.850059 0.015028 0.0398149 48036
0 0.996207 0.816244 0.00716782 0.0111176 48037
0 0.137133 0.738015 0.00925007 0.00956811 48038
0 0.273955 0.736675 0.0100077 0.008255 48039
0 0.958217 0.672862 0.00635147 0.0202855 48040
0 0.976173 0.771709 0.0157253 0.0100399 48041
0 0.771002 0.812688 0.01528 0.0154958 48042
0 0.980038 0.664146 0.0078228 0.0322349 48043
0 0.00639217 0.756609 0.0127477 0.012512 48044
0 0.94969 0.859242 0.0146927 0.0227107 48045
0 0.00498897 0.752984 0.00937269 0.0118618 48046
0 0.0608526 0.742453 0.0132805 0.0114241 48047
0 0.062539 0.739887 0.0105494 0.0257623 48048
0 0.953908 0.661691 0.00459976 0.0103397 48049
0 0.984178 0.667437 0.00577202 0.0233137 48050
0 0.915978 0.969341 0.0130678 0.0375248 48051
0 0.882184 0.98478 0.0433987 0.0290519 48052
0 0.485289 0.858662 0.0234558 0.0194682 48053
0 0.917764 0.971174 0.0178579 0.0397859 48054
0 0.0617701 0.758705 0.0208943 0.008235 48055
0 0.0618434 0.746582 0.0164466 0.0201575 48056
0 0.972808 0.671491 0.00463963 0.0157914 48057
0 0.425669 0.915177 0.0404383 0.0384118 48058
0 0.904414 0.976594 0.0374191 0.0315379 48059
0 0.678236 0.814522 0.0208977 0.0198113 48060
0 0.153448 0.983756 0.017819 0.0123362 48061
0 0.767535 0.812982 0.00864372 0.0149918 48062
0 0.0565587 0.740808 0.0101838 0.00840963 48063
0 0.791736 0.778571 0.0120206 0.0456821 48064
0 0.875478 0.985536 0.030055 0.0273575 48065
0 0.852703 0.84874 0.0245937 0.00883162 48066
0 0.0617808 0.757367 0.0229863 0.0111749 48067
0 0.773656 0.812629 0.0200452 0.0169317 48068
0 0.349567 0.989326 0.0261711 0.0212667 48069
0 0.784598 0.784676 0.00824003 0.0334386 48070
0 0.388045 0.803069 0.0129315 0.0270399 48071
0 0.561701 0.809418 0.00755825 0.0234663 48072
0 0.68188 0.814437 0.0206785 0.0183128 48073
0 0.856739 0.835566 0.0455009 0.0376095 48074
0 0.935762 0.866826 0.011058 0.0148126 48075
0 0.953034 0.857883 0.0203796 0.0274863 48076
0 0.00913819 0.976378 0.0180215 0.0275764 48077
0 0.863231 0.832908 0.0306824 0.0386346 48078
0 0.275224 0.734948 0.00766668 0.0114449 48079
0 0.98931 0.770687 0.0208958 0.00816617 48080
0 0.531584 0.818683 0.0590431 0.0198286 48081
0 0.779867 0.698696 0.00644073 0.0159984 48082
0 0.779204 0.814924 0.00833378 0.0118418 48083
0 0.939981 0.72825 0.00884705 0.0228224 48084
0 0.505618 0.853986 0.086805 0.032977 48085
0 0.592706 0.906945 0.0620314 0.0243827 48086
0 0.739597 0.78523 0.0140879 0.048093 48087
0 0.964323 0.850863 0.0454899 0.0444672 48088
0 0.426818 0.924769 0.0195646 0.0174232 48089
0 0.979382 0.653111 0.00498066 0.0139923 48090
0 0.989543 0.76875 0.0204529 0.0101369 48091
0 0.97177 0.862269 0.0326084 0.011683 48092
0 0.270867 0.737515 0.0177785 0.00999824 48093
0 0.593055 0.909144 0.0618555 0.0208021 48094
0 0.965704 0.862816 0.0430622 0.0127974 48095
0 0.948626 0.864505 0.0129475 0.0148726 48096
0 0.977352 0.771685 0.0165476 0.00985514 48097
0 0.409718 0.932697 0.0286908 0.00721978 48098
0 0.786044 0.780456 0.00905285 0.038228 48099
