0 0.452862 0.833645 0.0121868 0.0674015 13255
0 0.294168 0.861663 0.010273 0.0563592 13256
0 0.483427 0.8282 0.015795 0.056052 13257
0 0.953421 0.848256 0.0222321 0.0418998 13258
0 0.698071 0.794592 0.00970383 0.0530965 13259
0 0.83089 0.8346 0.0155823 0.032957 13260
0 0.770567 0.780091 0.00954638 0.0472263 13261
0 0.423212 0.913557 0.018636 0.0435082 13262
0 0.796616 0.775493 0.00844154 0.0491457 13263
0 0.97173 0.737136 0.00821915 0.0393755 13264
0 0.944216 0.746244 0.0107418 0.0427719 13265
0 0.522881 0.779446 0.00891905 0.0206251 13266
0 0.684263 0.79515 0.0107151 0.0426202 13267
0 0.880524 0.759266 0.00788765 0.0413486 13268
0 0.856448 0.827714 0.012495 0.0358712 13269
0 0.843115 0.766157 0.00889587 0.0475786 13270
0 0.53668 0.776438 0.00805979 0.0274278 13271
0 0.46966 0.79889 0.00761671 0.0315579 13272
0 0.787361 0.776938 0.010183 0.0476624 13273
0 0.718609 0.830385 0.0137526 0.0315243 13274
0 0.896029 0.737936 0.00640793 0.0302185 13275
0 0.823359 0.768588 0.00738258 0.0316315 13276
0 0.841476 0.766452 0.00938339 0.046502 13277
0 0.893765 0.975918 0.0653784 0.0465163 13278
0 0.010136 0.750599 0.00649582 0.0186083 13279
0 0.910273 0.762855 0.00770149 0.0288206 13280
0 0.11449 0.983565 0.0317734 0.0183624 13281
0 0.198172 0.916187 0.046471 0.0317162 13282
0 0.351724 0.98919 0.0188807 0.0216205 13283
0 0.0221522 0.938548 0.0443044 0.0277734 13284
0 0.713477 0.830875 0.0246668 0.0327148 13285
0 0.926761 0.728441 0.00731831 0.0214461 13286
0 0.839026 0.767163 0.00735931 0.0411362 13287
0 0.330479 0.708172 0.00512276 0.0170682 13288
0 0.995638 0.813882 0.00830536 0.0184784 13289
0 0.883904 0.979572 0.0461575 0.0397213 13290
0 0.071281 0.751263 0.00596588 0.0121185 13291
0 0.540862 0.849545 0.00669098 0.0278407 13292
0 0.675562 0.816087 0.0156103 0.0187046 13293
0 0.577736 0.872506 0.0331093 0.0203517 13294
0 0.90594 0.973397 0.0414463 0.0421956 13295
0 0.783998 0.695745 0.0060111 0.0119128 13296
0 0.85335 0.829102 0.0189117 0.038815 13297
0 0.917463 0.972603 0.0183228 0.0398324 13298
0 0.973329 0.662995 0.00865669 0.0390344 13299
0 0.97227 0.764756 0.0150196 0.0238346 13300
0 0.0971837 0.994148 0.0495136 0.00822822 13301
0 0.0677306 0.751862 0.0132075 0.0122762 13302
0 0.00736483 0.751458 0.0125895 0.0175459 13303
0 0.0599372 0.75049 0.00339606 0.00773688 13304
0 0.005573 0.981538 0.0110433 0.0138967 13305
0 0.949472 0.84939 0.0297298 0.0440989 13306
0 0.921205 0.973152 0.0282047 0.04082 13307
0 0.289816 0.74988 0.00603294 0.0121646 13308
0 0.906457 0.682819 0.00339432 0.0143765 13309
0 0.100956 0.98967 0.0570269 0.0165866 13310
0 0.936662 0.743416 0.00608482 0.0233473 13311
0 0.966924 0.700914 0.0660021 0.0245585 13312
0 0.0791369 0.753718 0.0138927 0.0118074 13313
0 0.10303 0.986211 0.0550575 0.0227007 13314
0 0.860687 0.688043 0.00392647 0.0123183 13315
0 0.770321 0.812014 0.0141583 0.0171092 13316
0 0.492832 0.864064 0.0210098 0.00887519 13317
0 0.00915377 0.757806 0.0168498 0.00891249 13318
0 0.95141 0.865852 0.0394377 0.0169447 13319
0 0.370347 0.738438 0.0104801 0.0102743 13320
0 0.32339 0.716016 0.0192106 0.00991923 13321
0 0.852104 0.84151 0.0217503 0.0177482 13322
0 0.788927 0.820151 0.0253927 0.00767263 13323
0 0.907028 0.975765 0.0562433 0.0454737 13324
0 0.589349 0.907331 0.0515677 0.0252587 13325
0 0.681935 0.815225 0.0162888 0.0191789 13326
0 0.951747 0.668583 0.00509109 0.0143434 13327
0 0.306885 0.742069 0.00840964 0.0125768 13328
0 0.881646 0.984775 0.0415466 0.0297233 13329
0 0.779609 0.817411 0.00852413 0.0102971 13330
0 0.852811 0.846055 0.0265034 0.0135685 13331
0 0.535041 0.77683 0.0110569 0.026727 13332
0 0.995525 0.660647 0.00373611 0.0108804 13333
0 0.112635 0.980826 0.0304672 0.0234346 13334
0 0.856268 0.847059 0.0398167 0.0131321 13335
0 0.487039 0.822824 0.0110428 0.0437531 13336
0 0.92193 0.683256 0.00695457 0.0134956 13337
0 0.678042 0.813163 0.0196681 0.0217445 13338
0 0.960109 0.86294 0.0476128 0.0174193 13339
0 0.588631 0.90967 0.0525137 0.0215047 13340
0 0.935977 0.867655 0.0113281 0.0133128 13341
0 0.910283 0.682599 0.00466652 0.0154392 13342
0 0.949546 0.863309 0.0205849 0.016747 13343
0 0.00585932 0.978881 0.0116082 0.0186978 13344
0 0.48967 0.818865 0.0053299 0.02848 13345
0 0.773687 0.812413 0.0210252 0.0193058 13346
0 0.478534 0.819333 0.00641251 0.035071 13347
0 0.947285 0.864583 0.0302485 0.0164909 13348
0 0.695901 0.841518 0.0272911 0.0144904 13349
0 0.308609 0.742329 0.0132771 0.0131744 13350
0 0.540983 0.852676 0.00769901 0.0350437 13351
0 0.369801 0.737862 0.0140635 0.0117533 13352
0 0.837842 0.76643 0.00833397 0.0359899 13353
0 0.121657 0.985926 0.0224448 0.021119 13354
0 0.907797 0.763263 0.0132492 0.0294803 13355
0 0.859664 0.795277 0.00748138 0.0124861 13356
0 0.59204 0.91401 0.043955 0.0121599 13357
0 0.958064 0.866316 0.0554146 0.0148944 13358
0 0.120444 0.984938 0.0377896 0.0199473 13359
0 0.329415 0.878991 0.00921311 0.0182972 13360
0 0.787713 0.817932 0.0251678 0.0107354 13361
0 0.995299 0.808297 0.00893192 0.0305959 13362
0 0.960778 0.863181 0.0512436 0.0119356 13363
0 0.788329 0.818587 0.0250862 0.00982463 13364
0 0.129313 0.985063 0.0662917 0.0209045 13365
0 0.752721 0.826388 0.0284949 0.00643141 13366
