0 0.453512 0.833745 0.012845 0.0668545 None
0 0.479581 0.832929 0.0139841 0.0640152 None
0 0.424479 0.894723 0.0150836 0.0819914 None
0 0.138682 0.88642 0.0141736 0.0613202 None
0 0.753658 0.781888 0.00857048 0.0492655 None
0 0.791092 0.776232 0.00792618 0.0480637 None
0 0.700056 0.794774 0.0096859 0.0417324 None
0 0.830197 0.834601 0.0171431 0.0338991 None
0 0.766864 0.779877 0.0108896 0.0505476 None
0 0.952147 0.746485 0.00838737 0.0427022 None
0 0.797452 0.776442 0.00859604 0.0438612 None
0 0.502495 0.778278 0.00752745 0.0197527 None
0 0.686831 0.796181 0.00960999 0.0423389 None
0 0.89511 0.975492 0.0653013 0.0454515 None
0 0.47884 0.781465 0.00701628 0.0210042 None
0 0.846387 0.766349 0.00992241 0.0433801 None
0 0.85539 0.831307 0.0160629 0.0337343 None
0 0.718721 0.83044 0.0130863 0.03122 None
0 0.953859 0.848382 0.0217344 0.0377174 None
0 0.0221629 0.938513 0.0442576 0.0295512 None
0 0.198612 0.915745 0.0466249 0.0322038 None
0 0.788511 0.70005 0.00665398 0.0200175 None
0 0.916592 0.753977 0.0103331 0.0461131 None
0 0.995516 0.734738 0.00855751 0.0480903 None
0 0.510323 0.808724 0.00988827 0.0348053 None
0 0.935054 0.727029 0.005299 0.0227698 None
0 0.97871 0.740307 0.00895271 0.0324463 None
0 0.00766425 0.750487 0.00770901 0.0173008 None
0 0.326779 0.713589 0.00642443 0.0198432 None
0 0.291893 0.731887 0.00659947 0.0104245 None
0 0.116178 0.983563 0.0323188 0.026513 None
0 0.35525 0.989045 0.0139359 0.0219103 None
0 0.577548 0.874991 0.0333473 0.0155097 None
0 0.852557 0.832168 0.02131 0.0358151 None
0 0.676678 0.815345 0.0163586 0.0186451 None
0 0.00619871 0.981277 0.0123154 0.0146864 None
0 0.765592 0.700113 0.00619822 0.0214832 None
0 0.529525 0.740936 0.00431747 0.00916867 None
0 0.995843 0.813263 0.00789738 0.0171119 None
0 0.951934 0.859476 0.0195858 0.0248216 None
0 0.918221 0.750878 0.0132832 0.052514 None
0 0.0556109 0.751604 0.00388856 0.00945875 None
0 0.00633757 0.751215 0.0118938 0.018983 None
0 0.988701 0.678134 0.00731697 0.0127591 None
0 0.976919 0.676564 0.00429459 0.0162593 None
0 0.842843 0.767342 0.00618744 0.0413998 None
0 0.297734 0.737831 0.0232003 0.00615438 None
0 0.0944608 0.994328 0.0448626 0.00826992 None
0 0.535784 0.741392 0.0169061 0.0103683 None
0 0.0776753 0.744981 0.0101792 0.0195192 None
0 0.884259 0.979332 0.0442539 0.0375693 None
0 0.308852 0.754562 0.00870743 0.0154021 None
0 0.311344 0.755335 0.0134798 0.0165519 None
0 0.109684 0.981558 0.0196786 0.023568 None
0 0.989702 0.679198 0.0107729 0.0129339 None
0 0.974229 0.762024 0.0180592 0.0284275 None
0 0.50843 0.810306 0.0133918 0.0375836 None
0 0.981047 0.655208 0.00764503 0.0240098 None
0 0.921948 0.973416 0.0280312 0.0413683 None
0 0.852411 0.846055 0.0246906 0.0126348 None
0 0.122466 0.984585 0.0348977 0.0244478 None
0 0.972793 0.751645 0.00601158 0.0099979 None
0 0.131674 0.983502 0.0633155 0.0258725 None
0 0.353353 0.728665 0.00868931 0.0121446 None
0 0.356697 0.730346 0.0142511 0.0117984 None
0 0.974469 0.767392 0.0188328 0.0183597 None
0 0.712808 0.830853 0.0262426 0.0325036 None
0 0.858319 0.770937 0.00821381 0.0254791 None
0 0.912935 0.973867 0.0355421 0.0415283 None
0 0.111482 0.983033 0.0250605 0.0252921 None
0 0.157387 0.742038 0.013801 0.00823449 None
0 0.864934 0.766735 0.00701942 0.0278904 None
0 0.391233 0.832741 0.0179667 0.0859114 None
0 0.918415 0.719638 0.0656555 0.0186827 None
0 0.974627 0.770087 0.0184731 0.0130573 None
0 0.577378 0.870183 0.0342808 0.0256911 None
0 0.924337 0.681003 0.00592117 0.0102761 None
0 0.590568 0.91087 0.058397 0.0180825 None
0 0.865073 0.767175 0.00866089 0.0323636 None
0 0.0550006 0.751365 0.00420387 0.00844964 None
0 0.994833 0.812542 0.00989399 0.0195302 None
0 0.103144 0.985163 0.0617926 0.0256451 None
0 0.904144 0.673689 0.00643654 0.00999196 None
0 0.863068 0.833156 0.0345051 0.038716 None
0 0.917869 0.972451 0.0181444 0.0389543 None
0 0.00910979 0.98116 0.0181053 0.0159134 None
0 0.920122 0.729861 0.00975571 0.0145286 None
0 0.905014 0.677406 0.00814133 0.0170211 None
0 0.308762 0.754607 0.012401 0.0151398 None
0 0.772998 0.812879 0.0084281 0.0141408 None
0 0.843286 0.845441 0.0447426 0.0160984 None
0 0.850657 0.843985 0.019735 0.0128791 None
0 0.853641 0.843205 0.0523769 0.0228316 None
0 0.880824 0.983294 0.0375427 0.0304572 None
0 0.200774 0.736943 0.0123576 0.00820753 None
0 0.995441 0.808527 0.00863247 0.0281514 None
0 0.298874 0.739707 0.0272193 0.0112084 None
0 0.501092 0.778331 0.0103916 0.0207219 None
0 0.872302 0.845477 0.0144314 0.0152608 None
0 0.959443 0.848517 0.015027 0.0366665 None
0 0.936588 0.867037 0.0124538 0.015548 None
0 0.842351 0.833188 0.0421364 0.038102 None
0 0.541145 0.848887 0.00684891 0.0280767 None
0 0.0969562 0.986342 0.0503687 0.0218986 None
0 0.590759 0.907474 0.0589731 0.0241916 None
0 0.936071 0.867045 0.0115477 0.0156748 None
0 0.953698 0.859782 0.028463 0.0274011 None
0 0.86381 0.763666 0.00820084 0.0336548 None
0 0.917719 0.730024 0.0131702 0.0139119 None
