0 0.453566 0.833651 0.0121815 0.0678686 52781
0 0.843027 0.76564 0.00851383 0.049526 52782
0 0.831203 0.834665 0.0185255 0.0335253 52783
0 0.391005 0.818296 0.0177089 0.0578196 52784
0 0.718224 0.830448 0.0147972 0.0306081 52785
0 0.692229 0.793993 0.00961208 0.0473256 52786
0 0.661732 0.800521 0.0109473 0.0452182 52787
0 0.703171 0.79045 0.0080143 0.0489533 52788
0 0.760202 0.782831 0.0108244 0.0456648 52789
0 0.561304 0.815749 0.0113558 0.0549854 52790
0 0.747641 0.782301 0.00844603 0.0491226 52791
0 0.736659 0.785703 0.00897923 0.0464037 52792
0 0.771348 0.778045 0.0102095 0.0498533 52793
0 0.953509 0.849267 0.0220387 0.0415473 52794
0 0.795228 0.774673 0.0124331 0.0516842 52795
0 0.856136 0.830468 0.0144295 0.0329597 52796
0 0.939166 0.727931 0.0072834 0.0216792 52797
0 0.0220482 0.938212 0.0440965 0.029156 52798
0 0.95682 0.848762 0.0155857 0.0404329 52799
0 0.0610833 0.738943 0.00510552 0.0193027 52800
0 0.2881 0.723308 0.00683632 0.0181554 52801
0 0.433739 0.914457 0.0244989 0.035927 52802
0 0.118604 0.983705 0.0369955 0.0261651 52803
0 0.354949 0.989144 0.0146472 0.0217122 52804
0 0.884013 0.980454 0.0458912 0.0378983 52805
0 0.677475 0.816258 0.0188673 0.0189328 52806
0 0.745794 0.782931 0.00992804 0.0495719 52807
0 0.198202 0.91541 0.0460835 0.032176 52808
0 0.793009 0.776398 0.00843983 0.0471134 52809
0 0.0669378 0.747886 0.00797918 0.019528 52810
0 0.0067719 0.752855 0.00801531 0.0193788 52811
0 0.852949 0.830862 0.0207642 0.0349626 52812
0 0.481333 0.858393 0.0344536 0.020294 52813
0 0.890355 0.976187 0.0579956 0.045344 52814
0 0.972204 0.762982 0.0141554 0.0268375 52815
0 0.921338 0.973438 0.0270979 0.0403388 52816
0 0.317299 0.709986 0.00603185 0.0170687 52817
0 0.995919 0.81162 0.00774841 0.019673 52818
0 0.109325 0.984262 0.0575979 0.0268348 52819
0 0.577395 0.875744 0.032901 0.014703 52820
0 0.804099 0.698141 0.00565071 0.0173097 52821
0 0.853067 0.848389 0.0245964 0.00946604 52822
0 0.00291357 0.97465 0.00578197 0.0266008 52823
0 0.0956925 0.994273 0.0466499 0.00821025 52824
0 0.00532435 0.753316 0.0106097 0.0198225 52825
0 0.00535647 0.974577 0.0106363 0.027714 52826
0 0.94058 0.728086 0.0109529 0.0232554 52827
0 0.274353 0.730802 0.00690699 0.0178538 52828
0 0.914006 0.973066 0.0103359 0.0392663 52829
0 0.104278 0.993878 0.064412 0.00856696 52830
0 0.519934 0.728666 0.0141123 0.0171987 52831
0 0.902914 0.973477 0.0332802 0.0409293 52832
0 0.909019 0.973331 0.020578 0.0400199 52833
0 0.541014 0.847153 0.00776215 0.030877 52834
0 0.00408483 0.758201 0.00811447 0.0102061 52835
0 0.765615 0.783325 0.00731602 0.0396583 52836
0 0.138059 0.741077 0.0166046 0.0104516 52837
0 0.767331 0.783673 0.00749607 0.0381717 52838
0 0.409519 0.774958 0.00724955 0.0171878 52839
0 0.112465 0.9825 0.025574 0.0221273 52840
0 0.413572 0.763746 0.00559187 0.0142181 52841
0 0.783699 0.696477 0.0048727 0.0124237 52842
0 0.922645 0.73748 0.00580559 0.00899133 52843
0 0.877096 0.681436 0.00562458 0.0138397 52844
0 0.410663 0.770605 0.0145011 0.0271764 52845
0 0.412596 0.76468 0.00651951 0.0156538 52846
0 0.99796 0.66829 0.00365028 0.0180951 52847
0 0.408103 0.778368 0.0106216 0.0169946 52848
0 0.97432 0.771194 0.0193287 0.0115395 52849
0 0.852265 0.845445 0.0226711 0.0116282 52850
0 0.488858 0.857542 0.0133781 0.0198193 52851
0 0.411353 0.765272 0.00771179 0.0173038 52852
0 0.0680622 0.748403 0.0106469 0.021216 52853
0 0.973837 0.76275 0.0201841 0.0282827 52854
0 0.953142 0.676004 0.00580006 0.0128039 52855
0 0.895396 0.683482 0.00436974 0.0170332 52856
0 0.382743 0.759298 0.0113318 0.01183 52857
0 0.494006 0.857624 0.0178944 0.0204217 52858
0 0.0093724 0.975054 0.0185874 0.0297404 52859
0 0.00462908 0.970085 0.00924757 0.0374095 52860
0 0.125212 0.98519 0.0287037 0.023643 52861
0 0.973174 0.757641 0.00902042 0.0176815 52862
0 0.773092 0.812795 0.00596504 0.0141729 52863
0 0.109232 0.981519 0.0189326 0.0220785 52864
0 0.938367 0.728671 0.00987015 0.0236131 52865
0 0.408687 0.774532 0.0187601 0.0221497 52866
0 0.996204 0.741527 0.00544109 0.00801748 52867
0 0.910896 0.975831 0.0495728 0.0443266 52868
0 0.983628 0.670406 0.00562077 0.0200353 52869
0 0.773555 0.812521 0.0209715 0.0166402 52870
0 0.131444 0.984386 0.0631163 0.0226796 52871
0 0.439159 0.914684 0.0139689 0.0338243 52872
0 0.994876 0.810619 0.00980263 0.0224843 52873
0 0.697015 0.792471 0.0192011 0.0501099 52874
0 0.779748 0.815907 0.00784063 0.00957879 52875
0 0.940425 0.735211 0.0135849 0.0113464 52876
0 0.00306455 0.961637 0.00607735 0.0526243 52877
0 0.940461 0.73757 0.0149395 0.00854153 52878
0 0.85797 0.847122 0.0347488 0.0141778 52879
0 0.99578 0.805193 0.00800781 0.0325053 52880
0 0.936226 0.866855 0.0116764 0.0160258 52881
0 0.947394 0.859967 0.00997429 0.0188982 52882
0 0.844147 0.846495 0.0438066 0.0136539 52883
0 0.863099 0.832891 0.0317577 0.03766 52884
0 0.76949 0.812252 0.0134228 0.0168369 52885
0 0.110291 0.984293 0.0369101 0.0233693 52886
0 0.948332 0.862765 0.0119144 0.0166039 52887
0 0.924268 0.681462 0.00597744 0.00916239 52888
0 0.520933 0.862993 0.0514301 0.00802782 52889
0 0.955867 0.863845 0.0303665 0.0198761 52890
0 0.57444 0.874481 0.0372497 0.0167708 52891
0 0.587428 0.912806 0.0433712 0.0127153 52892
0 0.957438 0.867269 0.0262619 0.0109253 52893
0 0.936136 0.866469 0.0117035 0.0160329 52894
0 0.76118 0.824666 0.0112926 0.00677965 52895
0 0.792225 0.820912 0.0256605 0.00628255 52896
0 0.959576 0.869116 0.0222036 0.0088718 52897
0 0.153698 0.983517 0.0179409 0.0139179 52898
0 0.751768 0.781886 0.0170807 0.0492269 52899
0 0.057449 0.740055 0.0128422 0.0176609 52900
0 0.957349 0.856504 0.0270473 0.0307797 52901
0 0.972672 0.673967 0.00683689 0.0150179 52902
0 0.096594 0.986724 0.0491506 0.0209608 52903
