0 0.842901 0.765596 0.00857887 0.0450484 106444
0 0.453797 0.835445 0.0117969 0.0639343 106445
0 0.352172 0.848093 0.0153208 0.0623674 106446
0 0.79673 0.775006 0.0083252 0.0472068 106447
0 0.518583 0.819398 0.0120416 0.0596748 106448
0 0.555269 0.818389 0.0102262 0.0490189 106449
0 0.831225 0.834758 0.0169086 0.0328746 106450
0 0.47462 0.823898 0.0103881 0.047584 106451
0 0.701143 0.792523 0.0100161 0.045766 106452
0 0.733608 0.786041 0.00923138 0.0458696 106453
0 0.199088 0.897385 0.0143629 0.0628255 106454
0 0.689012 0.795345 0.0106731 0.0441589 106455
0 0.743216 0.783344 0.00745697 0.0489014 106456
0 0.611798 0.8083 0.00877495 0.0476268 106457
0 0.391185 0.817558 0.0170012 0.0540344 106458
0 0.114476 0.982792 0.0319462 0.0253837 106459
0 0.198103 0.915649 0.0450684 0.0305113 106460
0 0.718517 0.830224 0.0133156 0.0314768 106461
0 0.625423 0.81525 0.00762787 0.0391327 106462
0 0.956281 0.849518 0.0166965 0.0380132 106463
0 0.90273 0.972911 0.0333298 0.0389808 106464
0 0.928846 0.729173 0.00674171 0.0269301 106465
0 0.953153 0.7354 0.00697556 0.0193637 106466
0 0.915736 0.749861 0.00654717 0.0349057 106467
0 0.889897 0.976224 0.0583138 0.0453369 106468
0 0.355175 0.989369 0.0137884 0.0212626 106469
0 0.0220687 0.938209 0.0441375 0.0293584 106470
0 0.923615 0.748254 0.00748215 0.0324648 106471
0 0.475216 0.858224 0.0169897 0.0221481 106472
0 0.0884081 0.741665 0.00797241 0.0286818 106473
0 0.236744 0.72148 0.00834389 0.0150035 106474
0 0.715541 0.830334 0.0191161 0.0328003 106475
0 0.853304 0.835204 0.0214096 0.0262271 106476
0 0.854935 0.834548 0.0149912 0.0252753 106477
0 0.896644 0.685487 0.00669422 0.0171928 106478
0 0.87842 0.697074 0.00602379 0.018458 106479
0 0.948313 0.850994 0.0328096 0.0408322 106480
0 0.883559 0.982085 0.0455345 0.0346349 106481
0 0.996174 0.813405 0.00724678 0.0167638 106482
0 0.586539 0.765769 0.0109118 0.0176492 106483
0 0.677053 0.816007 0.0144848 0.0171399 106484
0 0.971954 0.762091 0.0141447 0.026614 106485
0 0.188343 0.914286 0.0251942 0.0274697 106486
0 0.990509 0.73404 0.00940552 0.0284954 106487
0 0.00573971 0.978826 0.011466 0.0198486 106488
0 0.205932 0.991989 0.0123855 0.016021 106489
0 0.622855 0.814745 0.0127894 0.0386034 106490
0 0.00418882 0.747787 0.00822476 0.0141758 106491
0 0.468465 0.759038 0.0105402 0.015124 106492
0 0.94088 0.674547 0.0063242 0.0197879 106493
0 0.331858 0.771236 0.00604663 0.0153663 106494
0 0.0969491 0.994439 0.0506831 0.00825789 106495
0 0.770196 0.813241 0.015991 0.0151789 106496
0 0.973633 0.752652 0.00800705 0.00890571 106497
0 0.330848 0.770696 0.00707541 0.0157171 106498
0 0.937201 0.859873 0.017585 0.0266676 106499
0 0.945675 0.858606 0.0341246 0.0297558 106500
0 0.0691186 0.738327 0.00836219 0.0149382 106501
0 0.923442 0.675881 0.00708351 0.0267731 106502
0 0.476214 0.829335 0.0136497 0.05812 106503
0 0.972645 0.766222 0.0165356 0.0206962 106504
0 0.879126 0.69659 0.00853672 0.0193334 106505
0 0.925056 0.74567 0.01017 0.0287587 106506
0 0.285848 0.729362 0.00663061 0.0175659 106507
0 0.487115 0.857952 0.0315681 0.0222585 106508
0 0.773606 0.813901 0.02071 0.0155331 106509
0 0.941167 0.759348 0.0449875 0.0117408 106510
0 0.577559 0.875582 0.0334543 0.0133379 106511
0 0.582243 0.774175 0.0322453 0.0112651 106512
0 0.28774 0.738006 0.0144899 0.00759481 106513
0 0.100255 0.984615 0.0624146 0.0276018 106514
0 0.988114 0.732623 0.013932 0.0248749 106515
0 0.588835 0.773836 0.0198584 0.00870361 106516
0 0.914085 0.972134 0.00989761 0.0366248 106517
0 0.521534 0.723832 0.0135465 0.00924242 106518
0 0.920664 0.973862 0.0304298 0.0405421 106519
0 0.911693 0.974541 0.045219 0.0428124 106520
0 0.843461 0.83543 0.0413095 0.0334608 106521
0 0.979199 0.65068 0.00625973 0.013347 106522
0 0.0897103 0.764875 0.032038 0.0108422 106523
0 0.588075 0.911322 0.0541084 0.015901 106524
0 0.861607 0.8361 0.0370497 0.0328166 106525
0 0.974169 0.673842 0.00715599 0.0169005 106526
0 0.57713 0.875201 0.0335068 0.0133243 106527
0 0.953249 0.661542 0.00531158 0.0132656 106528
0 0.872648 0.845589 0.014679 0.0151004 106529
0 0.975519 0.771717 0.0169704 0.0103885 106530
0 0.493223 0.861693 0.0197607 0.0135011 106531
0 0.994798 0.813595 0.0100342 0.0173794 106532
0 0.712127 0.832029 0.0265188 0.0324805 106533
0 0.591965 0.914082 0.0439041 0.0103838 106534
0 0.196411 0.922169 0.00541177 0.0419076 106535
0 0.994844 0.669595 0.00815506 0.0215839 106536
0 0.941627 0.756956 0.0434958 0.0125098 106537
0 0.617592 0.813108 0.0179749 0.0413649 106538
0 0.988234 0.751097 0.022958 0.00802765 106539
0 0.875582 0.985072 0.0299229 0.0284956 106540
0 0.524077 0.721544 0.00967007 0.011392 106541
0 0.955109 0.735709 0.0108547 0.0204369 106542
0 0.854811 0.836232 0.0502274 0.0364448 106543
0 0.925785 0.985278 0.0193802 0.016487 106544
0 0.686935 0.786445 0.00769005 0.0300549 106545
0 0.521972 0.721908 0.0135073 0.0123372 106546
0 0.970224 0.772689 0.0280937 0.0139981 106547
0 0.153528 0.983321 0.0178328 0.0131219 106548
0 0.92429 0.979649 0.0227886 0.0277164 106549
0 0.11946 0.984261 0.0406107 0.0230998 106550
0 0.101496 0.990018 0.0592791 0.0150972 106551
0 0.756834 0.790295 0.0188576 0.0148485 106552
0 0.895756 0.973682 0.0200836 0.0282589 106553
0 0.00596373 0.971976 0.011777 0.0346727 106554
0 0.352285 0.839268 0.0143028 0.0444765 106555
0 0.577779 0.881472 0.0332016 0.00912882 106556
