0 0.45367 0.833893 0.0120584 0.0663198 54223
0 0.78878 0.775274 0.0110555 0.0508981 54224
0 0.703156 0.791707 0.00915775 0.0488965 54225
0 0.843015 0.765601 0.00848656 0.0504649 54226
0 0.831183 0.834719 0.0184742 0.0334462 54227
0 0.718303 0.829658 0.0148314 0.0321316 54228
0 0.765332 0.779859 0.0105213 0.0499007 54229
0 0.559942 0.816021 0.0116087 0.0530923 54230
0 0.692611 0.793901 0.00974216 0.0470912 54231
0 0.736383 0.78627 0.00966396 0.04702 54232
0 0.654356 0.80041 0.00997972 0.0422994 54233
0 0.79773 0.777846 0.00699062 0.0452298 54234
0 0.746253 0.782876 0.00837612 0.0489834 54235
0 0.953518 0.849278 0.0220436 0.0415058 54236
0 0.390992 0.821677 0.0182136 0.0646305 54237
0 0.0599499 0.739357 0.00484965 0.0173691 54238
0 0.856221 0.830596 0.0145344 0.0327935 54239
0 0.974115 0.762252 0.0193623 0.0293983 54240
0 0.198321 0.915828 0.0461057 0.0316274 54241
0 0.941617 0.727752 0.00860825 0.0212997 54242
0 0.675871 0.816137 0.0157749 0.0204246 54243
0 0.43412 0.914249 0.0235573 0.036025 54244
0 0.956793 0.848773 0.0156527 0.0404327 54245
0 0.118982 0.983776 0.0376271 0.0259732 54246
0 0.289398 0.722644 0.00798335 0.0168779 54247
0 0.476339 0.858084 0.0341747 0.0237305 54248
0 0.35495 0.989156 0.0146374 0.0216871 54249
0 0.883825 0.980567 0.0459494 0.0378187 54250
0 0.754603 0.784191 0.00735512 0.0438551 54251
0 0.852728 0.830948 0.0213125 0.0347185 54252
0 0.111468 0.984283 0.0539018 0.0265815 54253
0 0.921361 0.973414 0.0270668 0.0403744 54254
0 0.414019 0.762121 0.0050684 0.0130134 54255
0 0.890248 0.97621 0.0582478 0.0453654 54256
0 0.853107 0.848503 0.025032 0.0091273 54257
0 0.0950492 0.99424 0.0453353 0.00807037 54258
0 0.00509856 0.75308 0.00944027 0.0172292 54259
0 0.00300214 0.975986 0.00595121 0.0239895 54260
0 0.0669289 0.748583 0.00948639 0.01654 54261
0 0.9959 0.81156 0.00778847 0.0198734 54262
0 0.318303 0.710496 0.00500832 0.0154439 54263
0 0.577258 0.875735 0.0333527 0.0147425 54264
0 0.951945 0.675525 0.00361099 0.0136259 54265
0 0.384074 0.758851 0.00859852 0.0117693 54266
0 0.0220245 0.938581 0.0440489 0.0278934 54267
0 0.90277 0.973423 0.0335939 0.0406752 54268
0 0.103848 0.993844 0.063442 0.00848321 54269
0 0.00526525 0.97591 0.0104552 0.0249997 54270
0 0.91407 0.972924 0.0102501 0.0391781 54271
0 0.275523 0.7302 0.00700741 0.0173638 54272
0 0.481212 0.857322 0.0244658 0.023104 54273
0 0.795458 0.774043 0.00823298 0.0523334 54274
0 0.911157 0.973245 0.0161354 0.0400874 54275
0 0.113732 0.982778 0.0279469 0.0222967 54276
0 0.520902 0.727299 0.0093998 0.0122833 54277
0 0.791629 0.775536 0.00981922 0.0493997 54278
0 0.0647248 0.744802 0.0147668 0.0237023 54279
0 0.895144 0.683636 0.00453415 0.0132984 54280
0 0.715411 0.830084 0.0209047 0.0329742 54281
0 0.0616592 0.749091 0.0270907 0.0148616 54282
0 0.877716 0.678713 0.00508118 0.0150904 54283
0 0.972557 0.67138 0.00520706 0.0164599 54284
0 0.744669 0.783486 0.0114717 0.0512048 54285
0 0.80707 0.69858 0.00623474 0.0162209 54286
0 0.917301 0.973589 0.0167946 0.0409704 54287
0 0.541242 0.849145 0.0072216 0.0266235 54288
0 0.998063 0.668753 0.00341377 0.0154768 54289
0 0.852311 0.845355 0.0231762 0.0115828 54290
0 0.392933 0.849222 0.041392 0.0211863 54291
0 0.00354576 0.75871 0.00694136 0.00854034 54292
0 0.13147 0.983871 0.0632833 0.0252051 54293
0 0.00328693 0.971906 0.00654003 0.0319458 54294
0 0.410995 0.763962 0.00927143 0.0164419 54295
0 0.317774 0.71171 0.00650105 0.0147559 54296
0 0.485469 0.857296 0.0349195 0.0227726 54297
0 0.652269 0.800429 0.0138907 0.0435064 54298
0 0.274454 0.731498 0.00734205 0.0188646 54299
0 0.773252 0.812366 0.00635157 0.0151445 54300
0 0.00935858 0.976172 0.0185433 0.0273407 54301
0 0.124368 0.985007 0.0303439 0.0238137 54302
0 0.00590343 0.972049 0.0116629 0.0335659 54303
0 0.756548 0.783545 0.0100777 0.0462301 54304
0 0.109343 0.981709 0.0189645 0.0222975 54305
0 0.923696 0.681302 0.00520191 0.00921156 54306
0 0.387101 0.8507 0.0530508 0.0225959 54307
0 0.910644 0.975836 0.0500256 0.0444583 54308
0 0.941168 0.733345 0.0117891 0.0143536 54309
0 0.950807 0.859551 0.0168583 0.0230177 54310
0 0.857997 0.847011 0.0351269 0.0139306 54311
0 0.940338 0.737363 0.0147255 0.00803935 54312
0 0.806561 0.701451 0.0054388 0.0217078 54313
0 0.137177 0.740794 0.0206489 0.0103628 54314
0 0.923164 0.737244 0.00604401 0.00796102 54315
0 0.994849 0.810565 0.0098671 0.0226576 54316
0 0.413129 0.763116 0.0082386 0.0144057 54317
0 0.306522 0.716109 0.0198839 0.00813599 54318
0 0.947447 0.860041 0.0100733 0.0189531 54319
0 0.936239 0.866883 0.0116875 0.0159807 54320
0 0.846055 0.84669 0.0402252 0.0130693 54321
0 0.31919 0.710819 0.0068995 0.0165917 54322
0 0.863179 0.833053 0.0317093 0.0372735 54323
0 0.956835 0.856571 0.0267475 0.0311781 54324
0 0.00455933 0.968323 0.00907735 0.0411764 54325
0 0.779604 0.816209 0.00734034 0.00912425 54326
0 0.993172 0.773274 0.0131966 0.00993076 54327
0 0.419319 0.762945 0.0155106 0.0120778 54328
0 0.785141 0.697287 0.00514069 0.0144482 54329
0 0.287998 0.723289 0.0113158 0.0193288 54330
0 0.955937 0.863586 0.0302563 0.0204071 54331
0 0.153898 0.983539 0.0177248 0.0143538 54332
0 0.805934 0.698544 0.00649376 0.0166114 54333
0 0.677475 0.814257 0.0184546 0.0197452 54334
0 0.00311067 0.958765 0.00615601 0.0578078 54335
0 0.440403 0.914963 0.0112043 0.033027 54336
0 0.983021 0.671158 0.00550957 0.0192573 54337
0 0.110637 0.984605 0.0376117 0.0225891 54338
0 0.995766 0.804156 0.00803413 0.0347833 54339
0 0.936133 0.866504 0.0117111 0.0159748 54340
0 0.398557 0.848486 0.0309087 0.0209474 54341
0 0.959595 0.869078 0.0222019 0.00893623 54342
0 0.769498 0.812296 0.0138776 0.0152622 54343
0 0.767346 0.809506 0.0121456 0.0206389 54344
0 0.93991 0.729175 0.0131695 0.024211 54345
0 0.627848 0.800311 0.0438434 0.00855645 54346
0 0.0591928 0.741248 0.00973365 0.021366 54347
0 0.969051 0.76324 0.0226498 0.0306539 54348
0 0.521439 0.731729 0.0136555 0.00818651 54349
0 0.587433 0.912618 0.0436006 0.0131365 54350
0 0.957454 0.867317 0.0260324 0.0111616 54351
