0 0.453098 0.833708 0.0127378 0.0686774 None
0 0.830622 0.835029 0.0176455 0.032908 None
0 0.953481 0.849881 0.0222004 0.042062 None
0 0.843742 0.765268 0.00701332 0.0484958 None
0 0.812325 0.770783 0.00991821 0.0488583 None
0 0.829707 0.767581 0.00954666 0.0547892 None
0 0.755829 0.781504 0.00768585 0.0487739 None
0 0.736901 0.785553 0.00870008 0.0482076 None
0 0.703446 0.792731 0.0102101 0.0459769 None
0 0.797768 0.77546 0.00998669 0.0479519 None
0 0.557704 0.813742 0.0124088 0.0494207 None
0 0.473569 0.852556 0.0223561 0.0357251 None
0 0.780266 0.779041 0.00883408 0.0444343 None
0 0.695611 0.792572 0.00840225 0.0429586 None
0 0.941192 0.725963 0.00787392 0.0196465 None
0 0.717719 0.830503 0.0134759 0.0311744 None
0 0.424053 0.780995 0.00719051 0.0191225 None
0 0.894262 0.975431 0.0671638 0.047521 None
0 0.856311 0.83199 0.0146873 0.0320302 None
0 0.852885 0.832284 0.0220324 0.0323736 None
0 0.796755 0.697295 0.00592661 0.0147247 None
0 0.408872 0.761537 0.00341816 0.0111744 None
0 0.115125 0.981041 0.0307828 0.0229267 None
0 0.90612 0.972295 0.0431816 0.0409948 None
0 0.0659302 0.733483 0.00576185 0.0167721 None
0 0.974674 0.76401 0.0189728 0.0259111 None
0 0.00427635 0.751535 0.00841265 0.0181485 None
0 0.713144 0.830646 0.0234743 0.0320392 None
0 0.275952 0.730257 0.00519814 0.0162177 None
0 0.354487 0.989279 0.015434 0.021442 None
0 0.433393 0.914247 0.0256311 0.0377682 None
0 0.678092 0.815503 0.0196579 0.0183377 None
0 0.982397 0.663415 0.0101582 0.0393751 None
0 0.9832 0.668407 0.00818481 0.0289078 None
0 0.318689 0.712595 0.00548906 0.0144399 None
0 0.022121 0.938428 0.044242 0.0281776 None
0 0.119417 0.982538 0.0396301 0.0256914 None
0 0.779296 0.698129 0.00515423 0.0141076 None
0 0.27445 0.73066 0.00778589 0.0166345 None
0 0.317379 0.712815 0.00835609 0.0155691 None
0 0.959893 0.672422 0.00680389 0.0224514 None
0 0.368657 0.75604 0.0115882 0.0109802 None
0 0.440865 0.919182 0.010191 0.0246155 None
0 0.00576449 0.976037 0.0114714 0.0249142 None
0 0.88371 0.985214 0.0460835 0.0277893 None
0 0.419727 0.762617 0.0242741 0.0090939 None
0 0.0658156 0.749727 0.00680521 0.017101 None
0 0.319315 0.712744 0.00835085 0.0144406 None
0 0.00239784 0.976373 0.0047538 0.0235375 None
0 0.429406 0.916199 0.0226759 0.0341485 None
0 0.526176 0.734607 0.0152601 0.00984904 None
0 0.97255 0.6635 0.00901451 0.0373225 None
0 0.107286 0.983754 0.0591059 0.0277259 None
0 0.672661 0.816746 0.00923786 0.0168238 None
0 0.0615716 0.73813 0.00603578 0.0116755 None
0 0.5263 0.735839 0.0157753 0.00796407 None
0 0.576694 0.875851 0.0314707 0.0140361 None
0 0.901634 0.681073 0.00378227 0.0149047 None
0 0.884949 0.978638 0.049268 0.040843 None
0 0.0996079 0.994049 0.0544475 0.00869039 None
0 0.995988 0.811323 0.00761375 0.0213501 None
0 0.525162 0.733114 0.0132946 0.0122028 None
0 0.0637374 0.735953 0.0108118 0.021933 None
0 0.996169 0.815866 0.00724831 0.0122389 None
0 0.972069 0.655256 0.00744972 0.0225147 None
0 0.951638 0.661312 0.00415096 0.0120923 None
0 0.959105 0.850511 0.011397 0.0381456 None
0 0.696881 0.795427 0.0103361 0.0508891 None
0 0.921907 0.972887 0.0268589 0.0426022 None
0 0.00554676 0.75262 0.0109071 0.0204407 None
0 0.915237 0.97337 0.0399973 0.0444648 None
0 0.772657 0.812975 0.0192753 0.015507 None
0 0.0633146 0.744952 0.0149686 0.0268604 None
0 0.57664 0.875524 0.0317225 0.0137129 None
0 0.420978 0.915249 0.0499031 0.0392415 None
0 0.103286 0.987677 0.0617941 0.0206258 None
0 0.943205 0.72584 0.0119108 0.0199431 None
0 0.522486 0.737376 0.0235725 0.00866275 None
0 0.710623 0.838668 0.0235756 0.0172607 None
0 0.422065 0.781142 0.0125956 0.0184614 None
0 0.861649 0.834208 0.034399 0.0375463 None
0 0.541148 0.849357 0.00839357 0.0265205 None
0 0.852571 0.848475 0.0239979 0.00925022 None
0 0.797291 0.763581 0.00921459 0.0291467 None
0 0.935776 0.86681 0.0111086 0.0149221 None
0 0.85887 0.8388 0.0407715 0.0303711 None
0 0.14113 0.739062 0.0203415 0.0107646 None
0 0.983214 0.771587 0.0331018 0.00990601 None
0 0.185651 0.733382 0.0123829 0.0102927 None
0 0.431182 0.784255 0.0200069 0.00959625 None
0 0.972341 0.763145 0.0139282 0.0271747 None
0 0.288128 0.726879 0.0114231 0.011166 None
0 0.349718 0.989361 0.0259041 0.0211629 None
0 0.980758 0.771852 0.0134171 0.0100064 None
0 0.304438 0.718557 0.00904117 0.00850118 None
0 0.0568492 0.754153 0.0051627 0.00662231 None
0 0.985929 0.771174 0.0277048 0.00782708 None
0 0.128122 0.987755 0.0223723 0.0181717 None
