0 0.453237 0.833735 0.0124445 0.067972 33283
0 0.866258 0.760326 0.0103485 0.0520242 33284
0 0.695648 0.793551 0.0100603 0.0470896 33285
0 0.830655 0.83463 0.0175955 0.0335924 33286
0 0.755649 0.781442 0.00766315 0.0488854 33287
0 0.802313 0.775259 0.00834026 0.0456207 33288
0 0.706915 0.791847 0.0116502 0.0480042 33289
0 0.835021 0.766809 0.0113014 0.0498678 33290
0 0.542361 0.820022 0.0110946 0.048076 33291
0 0.843309 0.76564 0.00729942 0.046283 33292
0 0.468638 0.852033 0.0131717 0.0355843 33293
0 0.744272 0.784586 0.00921745 0.0479326 33294
0 0.796672 0.776229 0.00763721 0.0504395 33295
0 0.736904 0.788149 0.00948524 0.0422794 33296
0 0.953771 0.848945 0.0220016 0.0400798 33297
0 0.852486 0.832076 0.0227137 0.0354296 33298
0 0.935488 0.723721 0.0055603 0.0201719 33299
0 0.817504 0.780237 0.00580673 0.0304365 33300
0 0.718249 0.829818 0.0141366 0.0330494 33301
0 0.433461 0.914809 0.0249381 0.0370531 33302
0 0.891915 0.975925 0.0614784 0.045963 33303
0 0.790295 0.698416 0.00575962 0.0176652 33304
0 0.712618 0.830471 0.0259482 0.0337772 33305
0 0.00943958 0.746586 0.00921291 0.0185871 33306
0 0.00568502 0.978507 0.0113044 0.0206563 33307
0 0.0722383 0.736235 0.00607455 0.0177856 33308
0 0.272338 0.730821 0.00647893 0.0165539 33309
0 0.741359 0.786507 0.0106032 0.0455475 33310
0 0.903752 0.973022 0.0380322 0.0401498 33311
0 0.114782 0.981029 0.0299652 0.0234433 33312
0 0.198583 0.916171 0.0469704 0.0320265 33313
0 0.109713 0.980501 0.0200018 0.0231084 33314
0 0.345989 0.754164 0.0059761 0.0168749 33315
0 0.675641 0.816111 0.0155525 0.019712 33316
0 0.0221196 0.938498 0.0442392 0.0289585 33317
0 0.354398 0.989224 0.0165839 0.0215524 33318
0 0.856187 0.830798 0.0150354 0.0337847 33319
0 0.577736 0.875766 0.0325199 0.0147751 33320
0 0.347022 0.756024 0.00845642 0.020618 33321
0 0.319805 0.708712 0.00609474 0.0179309 33322
0 0.976366 0.739253 0.014666 0.038769 33323
0 0.974332 0.743188 0.0108261 0.0300708 33324
0 0.527964 0.738958 0.00668802 0.0118557 33325
0 0.771831 0.700402 0.00785084 0.0208996 33326
0 0.53328 0.739418 0.0173027 0.0119656 33327
0 0.0073911 0.746735 0.0134225 0.0195435 33328
0 0.0722662 0.73774 0.0104796 0.0182597 33329
0 0.883522 0.979319 0.0451588 0.0393283 33330
0 0.921971 0.973569 0.0270229 0.040999 33331
0 0.974598 0.761738 0.0181458 0.0291321 33332
0 0.297083 0.727718 0.00388927 0.0109073 33333
0 0.109261 0.983637 0.0510923 0.0275567 33334
0 0.912067 0.973741 0.0465786 0.0408983 33335
0 0.119849 0.98438 0.0396414 0.0236235 33336
0 0.951984 0.85979 0.0182182 0.0220576 33337
0 0.452568 0.772922 0.00391922 0.00973646 33338
0 0.818678 0.780144 0.00813522 0.0315342 33339
0 0.977515 0.675273 0.00561638 0.0218285 33340
0 0.271106 0.731006 0.00928459 0.0174437 33341
0 0.67879 0.815831 0.0200781 0.0194834 33342
0 0.753715 0.782437 0.0100243 0.048547 33343
0 0.440906 0.918538 0.0101309 0.024577 33344
0 0.711956 0.83548 0.0261211 0.024192 33345
0 0.881246 0.680182 0.0087162 0.0178502 33346
0 0.974913 0.766635 0.0176474 0.0195472 33347
0 0.104172 0.993502 0.0641247 0.00978054 33348
0 0.882555 0.764933 0.0263016 0.0128357 33349
0 0.190293 0.730433 0.0100348 0.00805698 33350
0 0.894923 0.6816 0.00748253 0.0162803 33351
0 0.301779 0.73035 0.013737 0.0111893 33352
0 0.858792 0.83422 0.0390465 0.0396137 33353
0 0.769873 0.813009 0.0133068 0.0154836 33354
0 0.77557 0.813536 0.01677 0.0174923 33355
0 0.772734 0.813092 0.00948906 0.0153917 33356
0 0.88082 0.984203 0.0398083 0.0299784 33357
0 0.972065 0.671385 0.00568123 0.0206824 33358
0 0.871197 0.845628 0.0132957 0.0155341 33359
0 0.777537 0.814067 0.01249 0.0162432 33360
0 0.440931 0.772525 0.00823212 0.0129108 33361
0 0.126582 0.985769 0.0266722 0.0205473 33362
0 0.671628 0.817221 0.022949 0.0214439 33363
0 0.00585956 0.972103 0.0115888 0.0336653 33364
0 0.956349 0.852175 0.0280979 0.0396978 33365
0 0.533337 0.738934 0.0174555 0.0131961 33366
0 0.956343 0.866019 0.0282663 0.0156138 33367
0 0.976714 0.764814 0.0248575 0.0235619 33368
0 0.915314 0.971056 0.0114853 0.0365885 33369
0 0.960083 0.84993 0.0175056 0.0405572 33370
0 0.143855 0.735453 0.0169687 0.00893419 33371
0 0.194503 0.731446 0.0188592 0.010456 33372
0 0.841421 0.833121 0.0437723 0.0364814 33373
0 0.848704 0.834657 0.0260036 0.0323139 33374
0 0.147508 0.737731 0.0271809 0.0128238 33375
0 0.790836 0.7019 0.00700731 0.025256 33376
0 0.979915 0.738747 0.0103067 0.0379398 33377
0 0.971641 0.66728 0.00611668 0.015184 33378
0 0.098468 0.993686 0.0524637 0.00813582 33379
0 0.82457 0.814952 0.0244759 0.010327 33380
0 0.887766 0.680452 0.0214405 0.0186947 33381
0 0.391419 0.812652 0.0168674 0.0453623 33382
