0 0.453593 0.833533 0.011845 0.0669267 13071
0 0.479535 0.831422 0.0130256 0.062134 13072
0 0.430494 0.894231 0.0211035 0.079626 13073
0 0.11272 0.891626 0.013202 0.0625617 13074
0 0.842956 0.766695 0.00967465 0.0462762 13075
0 0.830176 0.834659 0.0171144 0.0337172 13076
0 0.90694 0.753842 0.0102238 0.0496007 13077
0 0.697582 0.793985 0.00897884 0.0429799 13078
0 0.791292 0.778732 0.00938778 0.0439663 13079
0 0.494646 0.783135 0.00747929 0.0295739 13080
0 0.87312 0.760682 0.00763798 0.0379208 13081
0 0.943666 0.748134 0.00934029 0.0486535 13082
0 0.855884 0.772136 0.0062603 0.0303848 13083
0 0.514313 0.808001 0.00905495 0.0401827 13084
0 0.718176 0.830494 0.012882 0.03114 13085
0 0.855471 0.831594 0.0161549 0.0332035 13086
0 0.953624 0.849106 0.0220913 0.0389489 13087
0 0.796038 0.774939 0.00880384 0.0492981 13088
0 0.0220795 0.938621 0.044159 0.0300283 13089
0 0.760227 0.78 0.0067996 0.046992 13090
0 0.896086 0.975681 0.0671402 0.0456058 13091
0 0.198361 0.915887 0.0463126 0.0316494 13092
0 0.00524651 0.750126 0.00975262 0.0181474 13093
0 0.974556 0.762217 0.0183857 0.0280375 13094
0 0.470932 0.775664 0.00754967 0.0205202 13095
0 0.0747539 0.749582 0.011138 0.017041 13096
0 0.923652 0.740999 0.00779228 0.0318875 13097
0 0.355018 0.989086 0.0142931 0.021829 13098
0 0.690839 0.796598 0.00762672 0.0400326 13099
0 0.990614 0.737547 0.00762653 0.0330868 13100
0 0.852711 0.832393 0.0214228 0.0353797 13101
0 0.934634 0.728113 0.00521564 0.0218699 13102
0 0.747174 0.78164 0.00764713 0.0394716 13103
0 0.00593895 0.981271 0.0118052 0.0145691 13104
0 0.676517 0.815693 0.0159808 0.0189443 13105
0 0.115128 0.983568 0.0301551 0.0265608 13106
0 0.690926 0.788988 0.00677586 0.0245022 13107
0 0.790063 0.699767 0.0061017 0.0208047 13108
0 0.577558 0.874974 0.0333775 0.0154824 13109
0 0.952251 0.857746 0.0193424 0.0265635 13110
0 0.884277 0.979174 0.0442226 0.0387253 13111
0 0.995807 0.81335 0.00797005 0.0171768 13112
0 0.315693 0.749362 0.00712662 0.0122779 13113
0 0.921574 0.97342 0.0282417 0.041291 13114
0 0.0945223 0.994185 0.0447401 0.00840725 13115
0 0.0729101 0.746864 0.0116304 0.0236101 13116
0 0.50988 0.80972 0.0051753 0.0233734 13117
0 0.691116 0.799818 0.0111254 0.0379466 13118
0 0.0535255 0.751625 0.00303531 0.00764499 13119
0 0.917599 0.972959 0.0195751 0.0404775 13120
0 0.997896 0.729847 0.0037529 0.0245962 13121
0 0.906067 0.974397 0.0438683 0.0433938 13122
0 0.950185 0.8614 0.0157633 0.0195774 13123
0 0.120795 0.98446 0.0387459 0.0242635 13124
0 0.325632 0.713265 0.00615292 0.0163201 13125
0 0.852525 0.846128 0.0249229 0.0125454 13126
0 0.109677 0.981619 0.0195484 0.0237133 13127
0 0.90441 0.679003 0.00641479 0.0204705 13128
0 0.0728182 0.748674 0.0148155 0.0231123 13129
0 0.0682408 0.751903 0.00680475 0.0151964 13130
0 0.765484 0.696493 0.00566578 0.0135534 13131
0 0.390977 0.813189 0.0179846 0.0473626 13132
0 0.71278 0.830987 0.025228 0.0323971 13133
0 0.925223 0.738115 0.00678329 0.0274384 13134
0 0.747759 0.788882 0.00935974 0.0360697 13135
0 0.471493 0.777784 0.0177843 0.0238203 13136
0 0.759229 0.781096 0.0095171 0.0485701 13137
0 0.348743 0.729609 0.00712204 0.0099806 13138
0 0.533241 0.739885 0.0168468 0.0100193 13139
0 0.10194 0.984915 0.0590837 0.0260757 13140
0 0.160183 0.740246 0.00388322 0.00817515 13141
0 0.771423 0.812549 0.014947 0.0150903 13142
0 0.774503 0.812367 0.0180074 0.0160706 13143
0 0.863019 0.833484 0.0345787 0.0382874 13144
0 0.997734 0.73531 0.00401802 0.0358917 13145
0 0.843541 0.845819 0.0447861 0.0153276 13146
0 0.577479 0.870564 0.0339314 0.0246273 13147
0 0.909117 0.752767 0.00895195 0.0467273 13148
0 0.884381 0.684175 0.00638695 0.0104047 13149
0 0.749771 0.782524 0.0126732 0.045618 13150
0 0.689044 0.798715 0.0119135 0.0426832 13151
0 0.773152 0.812179 0.00948734 0.0155224 13152
0 0.00898137 0.98119 0.0178359 0.0159417 13153
0 0.872317 0.845529 0.0145382 0.0153439 13154
0 0.793253 0.774768 0.0131531 0.0525825 13155
0 0.851018 0.844199 0.0205198 0.0128584 13156
0 0.936588 0.867065 0.0124207 0.0154387 13157
0 0.591301 0.907416 0.0605707 0.0257467 13158
0 0.974528 0.672705 0.00629044 0.0187414 13159
0 0.797912 0.774945 0.0124606 0.0494473 13160
0 0.76556 0.699091 0.00599022 0.018662 13161
0 0.591083 0.907337 0.0597708 0.0246889 13162
0 0.77736 0.813489 0.0118336 0.0137278 13163
0 0.852754 0.843785 0.0539522 0.0213982 13164
0 0.975595 0.673988 0.00586395 0.0195221 13165
0 0.842482 0.833427 0.0423332 0.0377302 13166
0 0.153802 0.983297 0.0181744 0.0136637 13167
0 0.09719 0.986597 0.0506692 0.0211572 13168
0 0.761756 0.780456 0.00950737 0.0479173 13169
0 0.39107 0.832696 0.0183717 0.0862646 13170
0 0.945378 0.866113 0.0291809 0.0168023 13171
0 0.131737 0.983985 0.0631497 0.0230537 13172
0 0.925641 0.681122 0.00749435 0.00912594 13173
0 0.995354 0.808162 0.00881577 0.0290019 13174
