0 0.431094 0.895598 0.0229736 0.0767297 85549
0 0.638118 0.801501 0.0142862 0.0579525 85550
0 0.593849 0.809602 0.0114302 0.0573785 85551
0 0.84296 0.766856 0.00857964 0.0477144 85552
0 0.555013 0.818537 0.0101923 0.0499837 85553
0 0.390806 0.816137 0.0183382 0.0538917 85554
0 0.718458 0.830209 0.0140148 0.0315935 85555
0 0.796412 0.776122 0.00851631 0.048488 85556
0 0.452854 0.834018 0.0126985 0.0668959 85557
0 0.831175 0.835256 0.0188786 0.032736 85558
0 0.114414 0.98331 0.0333234 0.0274333 85559
0 0.702538 0.792317 0.0110606 0.0446584 85560
0 0.72567 0.786276 0.00960255 0.0504166 85561
0 0.687958 0.794394 0.00853796 0.0457297 85562
0 0.0172053 0.753188 0.0101263 0.0191074 85563
0 0.675972 0.792767 0.00864267 0.037343 85564
0 0.00591939 0.977749 0.0117755 0.0212972 85565
0 0.856394 0.829893 0.0139902 0.0329837 85566
0 0.484293 0.857853 0.0361372 0.0235113 85567
0 0.883866 0.979382 0.0457458 0.0395877 85568
0 0.937664 0.728584 0.00776558 0.0220981 85569
0 0.19844 0.916201 0.045042 0.0313275 85570
0 0.0601109 0.741239 0.0050905 0.0157623 85571
0 0.955727 0.848353 0.0178246 0.0357534 85572
0 0.695872 0.792642 0.00630951 0.0447059 85573
0 0.354993 0.989175 0.0149607 0.0216493 85574
0 0.952698 0.849666 0.0236885 0.0383579 85575
0 0.957925 0.748641 0.00627594 0.0324907 85576
0 0.276756 0.727093 0.00415726 0.0153005 85577
0 0.973869 0.762075 0.0190178 0.0279511 85578
0 0.694487 0.793615 0.00835981 0.0458876 85579
0 0.85305 0.83043 0.0210705 0.0354312 85580
0 0.475635 0.857703 0.0189394 0.0234507 85581
0 0.0220673 0.938545 0.0441346 0.0307761 85582
0 0.921304 0.972825 0.0266804 0.0418206 85583
0 0.852578 0.697761 0.00585804 0.0173948 85584
0 0.972258 0.67077 0.00550098 0.0129069 85585
0 0.675569 0.798584 0.00932655 0.0490346 85586
0 0.958678 0.745212 0.00824375 0.0404705 85587
0 0.89434 0.974984 0.0660652 0.0466214 85588
0 0.907152 0.972767 0.044252 0.0421516 85589
0 0.853179 0.848396 0.024898 0.00896352 85590
0 0.0604146 0.744332 0.00635103 0.0226345 85591
0 0.0982686 0.994197 0.0528445 0.00849745 85592
0 0.995876 0.813488 0.00783997 0.016085 85593
0 0.578008 0.875062 0.034016 0.0154355 85594
0 0.102114 0.983589 0.05829 0.028008 85595
0 0.973661 0.754434 0.0075449 0.0139737 85596
0 0.0784678 0.748578 0.00386417 0.0079739 85597
0 0.917315 0.972335 0.0163368 0.0410794 85598
0 0.675968 0.804096 0.0135938 0.0408081 85599
0 0.772566 0.813538 0.0195194 0.0170544 85600
0 0.948433 0.851002 0.0309338 0.0407764 85601
0 0.987615 0.674927 0.00625 0.0160895 85602
0 0.677257 0.794863 0.0105043 0.0419495 85603
0 0.0635963 0.744245 0.0129911 0.0220588 85604
0 0.0087294 0.977891 0.0173825 0.022287 85605
0 0.83369 0.698837 0.00391808 0.0148978 85606
0 0.407094 0.841318 0.0351796 0.0143492 85607
0 0.769606 0.813057 0.0131066 0.0169084 85608
0 0.937797 0.863318 0.0195328 0.0205631 85609
0 0.77897 0.816491 0.00987692 0.0130242 85610
0 0.360989 0.773145 0.00914059 0.0119081 85611
0 0.577919 0.874851 0.0335852 0.0150208 85612
0 0.471842 0.857588 0.0143167 0.0230486 85613
0 0.827524 0.834883 0.0125168 0.0323788 85614
0 0.292249 0.72728 0.0127751 0.010925 85615
0 0.852551 0.845152 0.0223709 0.0114217 85616
0 0.491092 0.723803 0.00682659 0.009257 85617
0 0.975116 0.771761 0.0175253 0.00988634 85618
0 0.0216041 0.760974 0.0200481 0.00704176 85619
0 0.85324 0.836112 0.0230206 0.0255222 85620
0 0.585546 0.913906 0.0478146 0.0115044 85621
0 0.0638204 0.750111 0.0140708 0.0114905 85622
0 0.777142 0.814566 0.0146155 0.0179869 85623
0 0.673737 0.799857 0.0160522 0.0521888 85624
0 0.0680146 0.750549 0.0251846 0.0124485 85625
0 0.949818 0.859231 0.0180981 0.0214069 85626
0 0.948812 0.863919 0.0414425 0.0222102 85627
0 0.883204 0.985275 0.0446888 0.0286348 85628
0 0.675839 0.816517 0.0186807 0.0171627 85629
0 0.593661 0.913513 0.0629093 0.0123403 85630
0 0.859895 0.847049 0.0384792 0.0132619 85631
0 0.794549 0.776177 0.0120267 0.0490078 85632
0 0.769155 0.814324 0.0234347 0.0187514 85633
0 0.957323 0.865635 0.0607857 0.0168891 85634
0 0.450013 0.832266 0.00935211 0.0616737 85635
0 0.949993 0.866319 0.039633 0.0154799 85636
0 0.130376 0.982814 0.0646804 0.0263914 85637
0 0.87259 0.845766 0.0147787 0.0147783 85638
0 0.0649778 0.751984 0.0184914 0.010425 85639
0 0.706151 0.842854 0.0115784 0.00897386 85640
0 0.494641 0.863469 0.0155766 0.0105981 85641
0 0.853319 0.697222 0.00772247 0.019043 85642
0 0.960645 0.744636 0.0122002 0.0401542 85643
0 0.995691 0.801622 0.00817833 0.0405243 85644
0 0.60333 0.914024 0.0439722 0.0109324 85645
0 0.456075 0.834336 0.00831013 0.0647976 85646
0 0.81944 0.771499 0.0579358 0.0556708 85647
0 0.153553 0.983481 0.0187161 0.013618 85648
0 0.774506 0.813558 0.0303152 0.0189802 85649
0 0.751296 0.827515 0.0278112 0.00776198 85650
0 0.715158 0.835355 0.0202813 0.0229051 85651
0 0.674326 0.817262 0.0133792 0.0153936 85652
0 0.964619 0.862003 0.0456959 0.0112166 85653
0 0.966319 0.752474 0.0205849 0.0421377 85654
0 0.972044 0.861901 0.0317684 0.00999739 85655
0 0.684865 0.820765 0.0246702 0.0100347 85656
0 0.97151 0.671465 0.00713329 0.0141706 85657
0 0.700857 0.794059 0.014728 0.0497008 85658
