0 0.452497 0.833835 0.0130617 0.0674408 None
0 0.482945 0.827992 0.0139442 0.0571686 None
0 0.879545 0.759541 0.00785561 0.043161 None
0 0.953354 0.8484 0.0223976 0.0421741 None
0 0.698413 0.794471 0.00940857 0.0528341 None
0 0.284579 0.863886 0.0115865 0.0567841 None
0 0.532671 0.77749 0.0078619 0.0260876 None
0 0.836366 0.770466 0.00878754 0.0394657 None
0 0.843339 0.766789 0.00898476 0.0474553 None
0 0.773316 0.779189 0.00908747 0.0469642 None
0 0.948393 0.748011 0.0113194 0.0475298 None
0 0.421528 0.912595 0.0188122 0.0464603 None
0 0.796415 0.775771 0.00960236 0.0496784 None
0 0.830724 0.834437 0.0157936 0.0324239 None
0 0.787924 0.776815 0.0104798 0.0476183 None
0 0.471835 0.800868 0.00889549 0.0376926 None
0 0.856499 0.827877 0.0124733 0.0362293 None
0 0.520428 0.780688 0.0080574 0.019485 None
0 0.967452 0.737975 0.0085228 0.0401184 None
0 0.198426 0.916473 0.0464324 0.0312941 None
0 0.684624 0.794892 0.0101849 0.0443792 None
0 0.971658 0.762401 0.0129238 0.0273934 None
0 0.718564 0.830305 0.0142572 0.0321072 None
0 0.907952 0.762477 0.00580063 0.026867 None
0 0.00835112 0.74732 0.00807586 0.0176663 None
0 0.713668 0.830646 0.0244572 0.0329254 None
0 0.022195 0.938418 0.0443901 0.0276438 None
0 0.675991 0.815629 0.0151152 0.018071 None
0 0.770157 0.805431 0.0136419 0.0299981 None
0 0.894421 0.976039 0.0672466 0.0466907 None
0 0.351844 0.988911 0.0188182 0.0221786 None
0 0.995648 0.813964 0.00828323 0.018278 None
0 0.114474 0.983683 0.0322146 0.019161 None
0 0.927335 0.728011 0.00981903 0.0219255 None
0 0.974069 0.663472 0.00899296 0.0410516 None
0 0.88383 0.979443 0.046414 0.0402546 None
0 0.898563 0.741287 0.00889206 0.0304818 None
0 0.784654 0.694689 0.00599899 0.0104862 None
0 0.917294 0.972744 0.0185606 0.0401377 None
0 0.853401 0.829499 0.0190128 0.0395694 None
0 0.577686 0.872586 0.0331275 0.0201718 None
0 0.93907 0.744131 0.00647125 0.0312068 None
0 0.370211 0.738783 0.0108162 0.0120745 None
0 0.0059186 0.749582 0.0117136 0.0145528 None
0 0.906009 0.97383 0.0416088 0.0432054 None
0 0.00557347 0.981488 0.011052 0.0136361 None
0 0.773629 0.805755 0.0208516 0.0319723 None
0 0.00632057 0.747461 0.0125387 0.0195255 None
0 0.0964739 0.99422 0.0481762 0.00823517 None
0 0.920954 0.973223 0.0288466 0.0411604 None
0 0.290162 0.750064 0.00948896 0.0133714 None
0 0.949329 0.849522 0.03008 0.044437 None
0 0.996191 0.661231 0.00501595 0.012915 None
0 0.0593003 0.749738 0.00386522 0.00770501 None
0 0.0773119 0.752471 0.0132225 0.0111667 None
0 0.17314 0.737887 0.00389853 0.00802595 None
0 0.100972 0.991351 0.05736 0.0134242 None
0 0.898623 0.749462 0.00959129 0.0490021 None
0 0.67995 0.816068 0.0225375 0.0189012 None
0 0.909241 0.762814 0.00845718 0.0276591 None
0 0.86337 0.679792 0.00337219 0.0083608 None
0 0.371209 0.738598 0.014266 0.0132009 None
0 0.110772 0.985761 0.0399806 0.0229899 None
0 0.330099 0.707349 0.00734224 0.0186406 None
0 0.0662034 0.752503 0.0139929 0.0109109 None
0 0.54098 0.848817 0.00719147 0.0284217 None
0 0.95014 0.865504 0.0376184 0.0180133 None
0 0.788856 0.819626 0.0260636 0.00868259 None
0 0.102735 0.986195 0.0560002 0.022957 None
0 0.852228 0.840451 0.0219463 0.0205563 None
0 0.974018 0.762673 0.0190277 0.0275989 None
0 0.90755 0.975764 0.0550655 0.045659 None
0 0.0710514 0.752529 0.0224525 0.0114582 None
0 0.681955 0.81808 0.0198784 0.014642 None
0 0.00743475 0.758313 0.0145448 0.00789083 None
0 0.589472 0.907294 0.0517813 0.0251633 None
0 0.390823 0.832799 0.0183274 0.0869615 None
0 0.935985 0.867599 0.0113548 0.0134705 None
0 0.112363 0.980999 0.0299482 0.0235847 None
0 0.946931 0.865115 0.0300102 0.0156158 None
0 0.950117 0.86389 0.0208185 0.0154612 None
0 0.852973 0.845554 0.0264202 0.0138067 None
0 0.588735 0.910053 0.0524853 0.0207265 None
0 0.787967 0.817876 0.0252621 0.0107883 None
0 0.120474 0.98493 0.0380176 0.0203942 None
0 0.960494 0.862931 0.0476723 0.0173733 None
0 0.00589503 0.979034 0.0116548 0.0184976 None
0 0.995309 0.808417 0.0089119 0.0302153 None
0 0.753013 0.826389 0.0297599 0.00655636 None
0 0.857168 0.84621 0.0402958 0.0142544 None
0 0.121296 0.985901 0.0263029 0.0215964 None
0 0.915984 0.975585 0.0380072 0.0441735 None
0 0.129871 0.985234 0.0657215 0.021433 None
0 0.904341 0.68214 0.00446663 0.0160005 None
0 0.695586 0.841616 0.0265779 0.0145064 None
0 0.779646 0.817067 0.00861301 0.00988905 None
0 0.880351 0.985291 0.039467 0.0288313 None
0 0.790016 0.818282 0.0285492 0.0106049 None
0 0.958166 0.866335 0.055957 0.0149431 None
0 0.95199 0.867336 0.0397877 0.0130324 None
0 0.293176 0.75167 0.0155169 0.012687 None
0 0.679679 0.7983 0.0221897 0.0520206 None
0 0.905229 0.683094 0.00403976 0.0163761 None
0 0.967624 0.764302 0.0232323 0.0268046 None
0 0.859933 0.795721 0.00730858 0.0112122 None
0 0.960841 0.863241 0.0515717 0.0121314 None
0 0.783892 0.694423 0.00801163 0.0135378 None
0 0.988503 0.676577 0.00465069 0.0110152 None
0 0.129552 0.745956 0.0105243 0.0118969 None
0 0.770912 0.823975 0.0653709 0.00975952 None
0 0.765746 0.695035 0.00977335 0.0123981 None
0 0.470226 0.801781 0.0120933 0.0413628 None
0 0.5926 0.914273 0.0427186 0.011623 None
0 0.00949742 0.981238 0.0187978 0.0155012 None
