0 0.451572 0.834263 0.0141527 0.0664724 90370
0 0.426803 0.836705 0.0132053 0.0615377 90371
0 0.607233 0.806654 0.0141447 0.0583447 90372
0 0.566466 0.811926 0.0102186 0.0536777 90373
0 0.554812 0.819144 0.00992794 0.0509864 90374
0 0.796264 0.775765 0.0087389 0.0489533 90375
0 0.830886 0.834891 0.0178932 0.0336117 90376
0 0.843305 0.767533 0.00792027 0.0467204 90377
0 0.373161 0.900248 0.0229422 0.0804949 90378
0 0.722571 0.786734 0.011131 0.0490651 90379
0 0.718038 0.829846 0.0140874 0.0318329 90380
0 0.476009 0.856743 0.0204384 0.0257436 90381
0 0.114631 0.983773 0.0322387 0.0264167 90382
0 0.688874 0.79474 0.0101543 0.0452098 90383
0 0.661776 0.800096 0.00891361 0.0414622 90384
0 0.954293 0.850288 0.0217052 0.0398282 90385
0 0.198267 0.915621 0.0449787 0.0317498 90386
0 0.893929 0.975458 0.0632103 0.0451277 90387
0 0.0225239 0.938559 0.0450478 0.0301061 90388
0 0.94114 0.746091 0.00840683 0.0361772 90389
0 0.35499 0.989361 0.0136652 0.021278 90390
0 0.855971 0.8298 0.0153202 0.0335173 90391
0 0.934448 0.728373 0.0069191 0.0246752 90392
0 0.701889 0.791515 0.0108999 0.0478729 90393
0 0.974498 0.762667 0.017416 0.0261695 90394
0 0.90545 0.973137 0.0415894 0.0397315 90395
0 0.351938 0.773237 0.00696969 0.0116743 90396
0 0.69997 0.791304 0.00821505 0.0478668 90397
0 0.70467 0.791026 0.00790405 0.0468469 90398
0 0.730705 0.791708 0.014685 0.00877143 90399
0 0.0117148 0.753505 0.00950736 0.0153495 90400
0 0.853147 0.830428 0.0211567 0.0356962 90401
0 0.0550266 0.74573 0.00625336 0.0181756 90402
0 0.00657985 0.976848 0.0131072 0.0250315 90403
0 0.0950585 0.994309 0.0460543 0.00822347 90404
0 0.0727137 0.750681 0.00406377 0.00920614 90405
0 0.00428775 0.976996 0.00851844 0.0238393 90406
0 0.0171486 0.759584 0.024654 0.00813666 90407
0 0.577498 0.875682 0.0320731 0.014487 90408
0 0.883512 0.984574 0.0448198 0.0284119 90409
0 0.950266 0.858824 0.0156902 0.0233607 90410
0 0.172255 0.737746 0.0210312 0.00840149 90411
0 0.282737 0.73213 0.011095 0.0137902 90412
0 0.727399 0.791348 0.0192231 0.0137166 90413
0 0.459207 0.761877 0.00432005 0.00957845 90414
0 0.00911688 0.976971 0.0182311 0.02685 90415
0 0.391195 0.831987 0.018364 0.08457 90416
0 0.995963 0.810406 0.00766907 0.0229513 90417
0 0.678316 0.805436 0.00960169 0.0358059 90418
0 0.852853 0.848484 0.0258144 0.00986142 90419
0 0.714977 0.830125 0.0206873 0.032627 90420
0 0.855658 0.69718 0.00601196 0.0142568 90421
0 0.679225 0.797507 0.00605335 0.0200114 90422
0 0.172032 0.734586 0.0117252 0.00913222 90423
0 0.315329 0.767852 0.017146 0.0122684 90424
0 0.0210592 0.759477 0.0170583 0.00774299 90425
0 0.280969 0.732779 0.00724511 0.0131785 90426
0 0.972871 0.761967 0.0106325 0.0259871 90427
0 0.679313 0.802351 0.00763626 0.0314202 90428
0 0.675423 0.807089 0.015383 0.0345347 90429
0 0.315287 0.767507 0.0172019 0.0129422 90430
0 0.996118 0.815312 0.00735569 0.0131612 90431
0 0.677064 0.811343 0.0125528 0.0258513 90432
0 0.848411 0.697399 0.00429764 0.0133297 90433
0 0.172356 0.735517 0.0165281 0.010399 90434
0 0.28487 0.732888 0.016156 0.014781 90435
0 0.88632 0.977496 0.0488478 0.0388401 90436
0 0.0167965 0.755204 0.0247858 0.0158335 90437
0 0.0166306 0.755211 0.0259417 0.0181437 90438
0 0.171021 0.736324 0.0203876 0.00928955 90439
0 0.852275 0.845627 0.0231972 0.0118635 90440
0 0.675046 0.815091 0.0145948 0.0190404 90441
0 0.588195 0.913505 0.0542826 0.0123857 90442
0 0.0082066 0.755236 0.00970072 0.0146813 90443
0 0.932614 0.67072 0.00492859 0.00976088 90444
0 0.325081 0.720642 0.0145981 0.0140384 90445
0 0.171457 0.732909 0.010763 0.0116443 90446
0 0.495503 0.720869 0.00909128 0.0119951 90447
0 0.779988 0.801198 0.0614977 0.0108744 90448
0 0.682983 0.79801 0.0170202 0.0469662 90449
0 0.848646 0.847728 0.034597 0.0115824 90450
0 0.907194 0.672349 0.00610962 0.0127219 90451
0 0.591883 0.914641 0.043666 0.00932956 90452
0 0.0539417 0.747031 0.00875378 0.0198569 90453
0 0.484491 0.85692 0.0388775 0.026691 90454
0 0.957242 0.870246 0.0268894 0.00800035 90455
0 0.770089 0.803124 0.0411236 0.00815447 90456
0 0.0562083 0.744803 0.00822456 0.0174995 90457
0 0.953213 0.869946 0.0354263 0.00916172 90458
0 0.610521 0.807657 0.00920734 0.0469849 90459
0 0.327922 0.72157 0.0229213 0.0157562 90460
0 0.705895 0.793742 0.00846252 0.0343552 90461
0 0.996021 0.804891 0.00752106 0.0337526 90462
0 0.102596 0.984731 0.0606169 0.0263845 90463
0 0.972647 0.65207 0.00383034 0.00942485 90464
0 0.0666733 0.750018 0.0136863 0.0109358 90465
0 0.95884 0.850427 0.0155178 0.0383345 90466
0 0.674795 0.812552 0.0163599 0.0257233 90467
0 0.447872 0.764278 0.00677013 0.014034 90468
0 0.938864 0.742902 0.0129665 0.0439297 90469
0 0.794333 0.799816 0.0886029 0.0129861 90470
0 0.956706 0.867277 0.031023 0.0113413 90471
0 0.285277 0.734167 0.0175636 0.0132952 90472
0 0.935656 0.738407 0.00923691 0.0448178 90473
0 0.68694 0.795182 0.0140047 0.0470157 90474
0 0.856483 0.698637 0.00735111 0.0186366 90475
0 0.855928 0.70176 0.00628014 0.0231089 90476
0 0.91788 0.972663 0.0174288 0.0387778 90477
0 0.940866 0.747633 0.0101879 0.0441003 90478
0 0.0095945 0.754277 0.0143028 0.0156915 90479
0 0.950456 0.858533 0.0228569 0.0263536 90480
0 0.907343 0.669869 0.00583267 0.00859689 90481
0 0.0514955 0.746175 0.014215 0.0197115 90482
0 0.711398 0.831286 0.0267946 0.0328552 90483
0 0.664182 0.801646 0.0123432 0.0431569 90484
0 0.935032 0.865611 0.013855 0.0155172 90485
0 0.540707 0.849767 0.00674152 0.0267761 90486
0 0.169944 0.733026 0.0161346 0.0132531 90487
0 0.839091 0.835458 0.0348324 0.0341061 90488
0 0.588847 0.908381 0.0563709 0.0222573 90489
0 0.0611433 0.746051 0.0233495 0.019397 90490
