0 0.453411 0.833862 0.0117996 0.0663488 None
0 0.786052 0.775092 0.0109148 0.0506527 None
0 0.559596 0.815819 0.011673 0.0536947 None
0 0.652914 0.804063 0.00968514 0.0475281 None
0 0.831194 0.834726 0.0185207 0.0334549 None
0 0.703009 0.791735 0.00942907 0.0492786 None
0 0.797645 0.775428 0.00852556 0.0501243 None
0 0.718341 0.829953 0.0147922 0.0315698 None
0 0.763199 0.780126 0.0113645 0.0494449 None
0 0.692536 0.794289 0.00998726 0.0471222 None
0 0.843063 0.764874 0.00810852 0.048754 None
0 0.736361 0.786422 0.00878429 0.0476318 None
0 0.953515 0.849265 0.0220547 0.0414917 None
0 0.746257 0.782956 0.00767488 0.0486796 None
0 0.198508 0.915946 0.046046 0.0313412 None
0 0.477342 0.857667 0.0336777 0.0242571 None
0 0.973969 0.762173 0.0198229 0.0294749 None
0 0.856226 0.830706 0.014513 0.0326406 None
0 0.941678 0.727965 0.00861359 0.0217343 None
0 0.433943 0.914321 0.0238877 0.0360531 None
0 0.752566 0.784649 0.0080514 0.0442613 None
0 0.956764 0.848764 0.0157143 0.0404382 None
0 0.675871 0.815887 0.01593 0.019979 None
0 0.288983 0.722644 0.00698547 0.0160261 None
0 0.11733 0.983532 0.0341462 0.0259661 None
0 0.00497491 0.753436 0.00969318 0.0182983 None
0 0.35509 0.989135 0.014406 0.02173 None
0 0.0593471 0.739262 0.00479484 0.018208 None
0 0.390987 0.826049 0.0184402 0.0736057 None
0 0.883783 0.980568 0.0458811 0.0378055 None
0 0.414512 0.762184 0.00479202 0.0123906 None
0 0.852691 0.831051 0.0213961 0.0345852 None
0 0.890236 0.976226 0.0582909 0.0454163 None
0 0.0220026 0.938616 0.0440052 0.0277405 None
0 0.921397 0.973396 0.0269646 0.0403637 None
0 0.738841 0.78615 0.00937738 0.0466963 None
0 0.853114 0.848544 0.0249916 0.00903049 None
0 0.318196 0.711075 0.00598936 0.0151994 None
0 0.00285332 0.976103 0.00565157 0.0237929 None
0 0.0953546 0.99428 0.0458962 0.00799001 None
0 0.109469 0.984147 0.0540404 0.0268856 None
0 0.995891 0.811521 0.00780754 0.0200124 None
0 0.134532 0.740332 0.0046417 0.00879042 None
0 0.902747 0.973394 0.033625 0.0405497 None
0 0.274485 0.729938 0.00667386 0.0165202 None
0 0.00529782 0.976053 0.0105193 0.024865 None
0 0.577232 0.875695 0.0334276 0.0147758 None
0 0.807534 0.697473 0.00612335 0.0177659 None
0 0.744492 0.783566 0.0108402 0.0507694 None
0 0.914135 0.972836 0.0100924 0.0390842 None
0 0.0670926 0.749798 0.00888733 0.0149699 None
0 0.0637149 0.74391 0.0171562 0.0266246 None
0 0.715277 0.830479 0.021207 0.0322408 None
0 0.998076 0.669841 0.00338039 0.0147897 None
0 0.38527 0.759315 0.0113842 0.013505 None
0 0.113783 0.982345 0.0278297 0.0224399 None
0 0.983088 0.671227 0.00508728 0.0190664 None
0 0.131567 0.983766 0.0629395 0.025395 None
0 0.952223 0.676337 0.00424538 0.0130887 None
0 0.971899 0.671014 0.00459251 0.0150899 None
0 0.409931 0.764247 0.00526676 0.0155226 None
0 0.0635866 0.747065 0.0326969 0.0203671 None
0 0.521993 0.727551 0.0123718 0.0151491 None
0 0.852355 0.845303 0.0233047 0.0116452 None
0 0.0668227 0.747837 0.0124316 0.0190643 None
0 0.139175 0.740209 0.0163551 0.00980462 None
0 0.541243 0.848377 0.00732479 0.0279948 None
0 0.413611 0.763514 0.0095583 0.0150397 None
0 0.12494 0.98482 0.0296363 0.0237888 None
0 0.696793 0.793103 0.0186636 0.0492347 None
0 0.00305312 0.971666 0.00607241 0.0325701 None
0 0.00938144 0.976384 0.0185814 0.0270704 None
0 0.965257 0.674284 0.00921917 0.0172079 None
0 0.40612 0.775685 0.00950584 0.0171377 None
0 0.481869 0.856904 0.024257 0.0218163 None
0 0.109402 0.981436 0.0189017 0.0218665 None
0 0.482873 0.858866 0.0396732 0.0203305 None
0 0.178121 0.73483 0.0163189 0.00753581 None
0 0.054221 0.740773 0.0139 0.0149991 None
0 0.0059199 0.971922 0.0116999 0.0341058 None
0 0.910446 0.975829 0.0506699 0.0445638 None
0 0.857392 0.847104 0.0338129 0.0137041 None
0 0.0607227 0.74372 0.0266335 0.0263353 None
0 0.784445 0.697805 0.0037281 0.0149046 None
0 0.951268 0.858943 0.0178066 0.0243434 None
0 0.895333 0.684021 0.00473537 0.0176241 None
0 0.28762 0.722932 0.0100356 0.0178202 None
0 0.773191 0.812217 0.00638599 0.0158032 None
0 0.988007 0.758068 0.0235279 0.018808 None
0 0.967358 0.674452 0.012167 0.0173943 None
0 0.779565 0.815993 0.00760193 0.00971731 None
0 0.994848 0.8105 0.00987301 0.0228543 None
0 0.39107 0.8126 0.0174254 0.045871 None
0 0.848205 0.846811 0.0358313 0.0127296 None
0 0.863233 0.833186 0.0318562 0.0371687 None
0 0.947518 0.860096 0.0102081 0.0189395 None
0 0.411909 0.768738 0.0155635 0.0258365 None
0 0.768799 0.81185 0.0126247 0.017612 None
0 0.936245 0.866877 0.0117012 0.0159932 None
0 0.956796 0.85678 0.0268476 0.0307626 None
0 0.983855 0.669249 0.00656509 0.0212211 None
0 0.992614 0.773177 0.0143002 0.00986633 None
0 0.955971 0.863532 0.0301821 0.0204814 None
0 0.966731 0.782862 0.0211956 0.00920936 None
0 0.275354 0.731198 0.00847545 0.0193644 None
0 0.00298985 0.958791 0.00590527 0.0578832 None
0 0.995719 0.803105 0.00812721 0.0370631 None
0 0.775792 0.812195 0.0154408 0.0170119 None
0 0.440334 0.914998 0.0113288 0.033018 None
0 0.110848 0.984385 0.0382562 0.0225911 None
0 0.304094 0.717288 0.0196705 0.00977919 None
0 0.0045921 0.967343 0.00914438 0.0436864 None
0 0.959562 0.869058 0.0222658 0.0089542 None
0 0.587492 0.912865 0.043301 0.0125566 None
0 0.936144 0.866497 0.0117413 0.0159726 None
0 0.52111 0.863127 0.0516628 0.00772671 None
0 0.807611 0.700402 0.00682411 0.0236547 None
0 0.417999 0.76289 0.0154192 0.012185 None
0 0.954595 0.862911 0.0269091 0.0218309 None
