0 0.453461 0.832989 0.0118043 0.0673336 None
0 0.301357 0.861595 0.0162267 0.0570441 None
0 0.842328 0.766349 0.00994911 0.0496809 None
0 0.485492 0.827953 0.0139944 0.0579427 None
0 0.697479 0.794912 0.00919762 0.0482558 None
0 0.953415 0.848373 0.0222294 0.0420997 None
0 0.830843 0.834294 0.0155436 0.0337306 None
0 0.893737 0.737902 0.0064476 0.0278246 None
0 0.538737 0.776952 0.00793324 0.0269725 None
0 0.769916 0.778922 0.0107702 0.0465281 None
0 0.810953 0.77662 0.00951385 0.0404004 None
0 0.42363 0.914261 0.0187577 0.0420136 None
0 0.684619 0.795133 0.0104788 0.0433665 None
0 0.466583 0.798854 0.00789385 0.0319116 None
0 0.786505 0.77721 0.00792637 0.0451725 None
0 0.856354 0.827911 0.0129293 0.0354658 None
0 0.795885 0.77573 0.00896931 0.0478227 None
0 0.93959 0.749155 0.0104095 0.0474264 None
0 0.974596 0.732378 0.0080143 0.0303504 None
0 0.525935 0.780324 0.0119854 0.0212082 None
0 0.881897 0.760192 0.00732937 0.04306 None
0 0.198659 0.916049 0.0475427 0.0313839 None
0 0.350523 0.988854 0.0228823 0.0222911 None
0 0.893733 0.975913 0.0652485 0.0464111 None
0 0.718361 0.830511 0.0129882 0.0311479 None
0 0.0106122 0.751398 0.00703694 0.0174116 None
0 0.114497 0.983793 0.032002 0.0191496 None
0 0.911123 0.760424 0.0058897 0.0247077 None
0 0.290426 0.750041 0.00574031 0.0136434 None
0 0.577857 0.872465 0.0332005 0.0205212 None
0 0.713273 0.830897 0.0248617 0.0326772 None
0 0.92634 0.728817 0.00762711 0.0215853 None
0 0.783144 0.696131 0.00524006 0.013574 None
0 0.995623 0.813881 0.00833569 0.0184462 None
0 0.911754 0.762168 0.00537148 0.0238315 None
0 0.883928 0.979727 0.0461533 0.0394853 None
0 0.330282 0.709058 0.00475144 0.0169627 None
0 0.90586 0.973238 0.0417397 0.0416911 None
0 0.675591 0.815797 0.0152492 0.0184689 None
0 0.971413 0.762731 0.012466 0.0270647 None
0 0.917416 0.972588 0.0183495 0.0397941 None
0 0.853611 0.828814 0.0182365 0.038186 None
0 0.540728 0.849389 0.00700159 0.0280628 None
0 0.0221459 0.938689 0.0442918 0.0269864 None
0 0.0977602 0.994215 0.0506987 0.00813531 None
0 0.949357 0.84953 0.0299236 0.0444521 None
0 0.908225 0.681653 0.00441399 0.0161134 None
0 0.920977 0.973082 0.0279274 0.040703 None
0 0.973286 0.759715 0.00937386 0.0259206 None
0 0.0717443 0.750743 0.00508058 0.0124959 None
0 0.421388 0.913078 0.013452 0.0400679 None
0 0.0057644 0.982233 0.0114518 0.0116382 None
0 0.103585 0.986077 0.0541939 0.0228906 None
0 0.974698 0.739421 0.00896206 0.0453857 None
0 0.00798726 0.75184 0.0127246 0.0187324 None
0 0.480115 0.822044 0.00521259 0.0255676 None
0 0.973961 0.761997 0.0178764 0.0288947 None
0 0.95031 0.86587 0.0379663 0.0172828 None
0 0.678883 0.815839 0.0205223 0.0190287 None
0 0.893249 0.741301 0.00777168 0.0345629 None
0 0.935611 0.741259 0.00590553 0.0236464 None
0 0.101341 0.987506 0.0575498 0.020801 None
0 0.769942 0.811934 0.0135942 0.0167864 None
0 0.309234 0.742006 0.0129972 0.0127045 None
0 0.589363 0.907303 0.0524971 0.0252499 None
0 0.977286 0.674277 0.00534229 0.01424 None
0 0.859716 0.795312 0.00740242 0.0123367 None
0 0.974596 0.771496 0.0176952 0.0111783 None
0 0.852233 0.840635 0.0214565 0.0187161 None
0 0.492982 0.863891 0.0196577 0.00873515 None
0 0.833457 0.834111 0.0220341 0.0357756 None
0 0.949997 0.864219 0.0218185 0.0150509 None
0 0.905368 0.975821 0.0595581 0.04536 None
0 0.841613 0.83494 0.0384659 0.0355008 None
0 0.912225 0.760692 0.00838795 0.0253245 None
0 0.938695 0.74347 0.0112186 0.0369534 None
0 0.789613 0.820197 0.0264986 0.00766483 None
0 0.96016 0.86326 0.0486662 0.0167681 None
0 0.853234 0.846691 0.0294617 0.0130578 None
0 0.855546 0.847345 0.0445791 0.0130144 None
0 0.588618 0.909623 0.0530159 0.0215691 None
0 0.481668 0.820213 0.00773935 0.0381751 None
0 0.111882 0.980778 0.0290322 0.0235908 None
0 0.974753 0.66113 0.0120518 0.0419301 None
0 0.927491 0.730999 0.00913811 0.0240465 None
0 0.935978 0.867605 0.01134 0.0134016 None
0 0.297099 0.758168 0.00556431 0.00838623 None
0 0.68269 0.797214 0.0144176 0.04896 None
0 0.550089 0.730144 0.0134069 0.0148526 None
0 0.0599315 0.751039 0.00605176 0.00930481 None
0 0.120618 0.985114 0.0373458 0.0203993 None
0 0.123074 0.985952 0.0241325 0.0212613 None
0 0.866476 0.79708 0.0396145 0.013544 None
0 0.995398 0.660244 0.00445766 0.0110935 None
0 0.153428 0.98327 0.0181112 0.0134603 None
0 0.896427 0.771041 0.0774687 0.0166631 None
0 0.973231 0.655182 0.00727806 0.0230155 None
0 0.696043 0.841509 0.0275013 0.014384 None
0 0.882575 0.986137 0.0436375 0.0274219 None
0 0.854613 0.795721 0.0168983 0.0112376 None
0 0.958084 0.866352 0.0557264 0.0148987 None
0 0.690945 0.793295 0.0222219 0.0504215 None
0 0.679117 0.798638 0.023374 0.0519596 None
0 0.591713 0.913719 0.0448409 0.0127184 None
0 0.779587 0.817673 0.00856438 0.0103015 None
0 0.485094 0.81953 0.0132254 0.0422448 None
0 0.96045 0.863306 0.0522949 0.0120683 None
0 0.540893 0.85238 0.00811329 0.0353156 None
0 0.910627 0.769181 0.0530211 0.0137319 None
0 0.861743 0.798595 0.0456808 0.0115299 None
0 0.005881 0.978599 0.0116575 0.0190294 None
0 0.774488 0.698964 0.0237827 0.0194219 None
0 0.872167 0.84545 0.013731 0.0146398 None
0 0.907223 0.770885 0.0545708 0.0130592 None
0 0.923524 0.682908 0.00658722 0.0114246 None
0 0.982715 0.771467 0.0116648 0.00993602 None
0 0.995279 0.807941 0.00897923 0.0314407 None
0 0.971749 0.76675 0.0139936 0.025021 None
0 0.844539 0.846081 0.0450527 0.0160068 None
