0 0.452507 0.834116 0.013063 0.0667538 None
0 0.568495 0.817054 0.0119757 0.0487305 None
0 0.50355 0.824531 0.0117987 0.0554108 None
0 0.796166 0.775261 0.00914764 0.0496528 None
0 0.690931 0.790686 0.011845 0.0534 None
0 0.830806 0.83481 0.0175552 0.0330075 None
0 0.746444 0.78277 0.00744686 0.0490033 None
0 0.656978 0.797155 0.0125515 0.0528015 None
0 0.953568 0.850789 0.0218147 0.0408519 None
0 0.84259 0.766631 0.0079361 0.0458462 None
0 0.718278 0.830047 0.0140493 0.0317871 None
0 0.7079 0.790855 0.00820179 0.044398 None
0 0.715228 0.788233 0.00859728 0.0482269 None
0 0.114715 0.982423 0.0336459 0.0276398 None
0 0.701098 0.791603 0.00829144 0.046345 None
0 0.890482 0.975356 0.0583385 0.0466434 None
0 0.983388 0.739186 0.00869827 0.0337994 None
0 0.0634981 0.736521 0.00722393 0.0228916 None
0 0.012681 0.748554 0.0126163 0.0169288 None
0 0.939299 0.726598 0.00826721 0.0191783 None
0 0.433927 0.914382 0.0244484 0.036381 None
0 0.475686 0.856803 0.0180593 0.0245595 None
0 0.290831 0.72064 0.00686831 0.0166172 None
0 0.854646 0.829729 0.0171091 0.0341007 None
0 0.271306 0.723515 0.00771446 0.0154689 None
0 0.973974 0.762614 0.0170242 0.0267436 None
0 0.314314 0.71455 0.00709777 0.0186334 None
0 0.354977 0.989107 0.0151537 0.021787 None
0 0.902544 0.972294 0.0351191 0.0406219 None
0 0.0057015 0.979271 0.0113276 0.0181515 None
0 0.0221351 0.937917 0.0442703 0.0288886 None
0 0.10648 0.98284 0.0502989 0.0288613 None
0 0.0951929 0.994196 0.0459397 0.0079205 None
0 0.844279 0.697458 0.00640411 0.0209327 None
0 0.678124 0.815126 0.0202253 0.0183019 None
0 0.883225 0.984719 0.0441051 0.0289673 None
0 0.910737 0.973326 0.0500473 0.0426771 None
0 0.415034 0.760965 0.00417824 0.0118978 None
0 0.973869 0.75487 0.00658836 0.0121477 None
0 0.495976 0.728089 0.00427494 0.00688341 None
0 0.371794 0.773995 0.0103254 0.0131436 None
0 0.715565 0.830479 0.0204929 0.0323671 None
0 0.982586 0.664089 0.00363655 0.0164776 None
0 0.0650338 0.738318 0.0104647 0.0263309 None
0 0.441149 0.918563 0.00979996 0.0248971 None
0 0.929623 0.681785 0.00535393 0.0156531 None
0 0.577137 0.875186 0.0331476 0.0133823 None
0 0.97529 0.771345 0.0166458 0.00998128 None
0 0.484187 0.856712 0.0359612 0.0246243 None
0 0.424082 0.761157 0.0227436 0.0137975 None
0 0.658294 0.786487 0.00991497 0.0323676 None
0 0.884335 0.978819 0.0460854 0.0401025 None
0 0.699126 0.791629 0.0108735 0.0475928 None
0 0.39121 0.813212 0.0164956 0.0471095 None
0 0.996427 0.815398 0.00672646 0.010927 None
0 0.852513 0.848963 0.0259842 0.00932516 None
0 0.996304 0.810365 0.00698357 0.0212528 None
0 0.89592 0.67446 0.00818577 0.0107469 None
0 0.973391 0.672943 0.0080658 0.0165549 None
0 0.0655866 0.748787 0.0106796 0.0123545 None
0 0.391169 0.832503 0.017065 0.0848223 None
0 0.860718 0.69198 0.0047472 0.00710932 None
0 0.826816 0.8124 0.0222477 0.0126899 None
0 0.73043 0.783101 0.0263096 0.014811 None
0 0.983647 0.744932 0.00842209 0.0392107 None
0 0.947164 0.675815 0.00569916 0.0164617 None
0 0.57742 0.875662 0.0331272 0.0132623 None
0 0.9898 0.671248 0.00412788 0.0129383 None
0 0.958414 0.850889 0.0126057 0.035984 None
0 0.529656 0.809767 0.0435255 0.0148875 None
0 0.779469 0.770929 0.0300814 0.0137967 None
0 0.268334 0.727787 0.013996 0.00793576 None
0 0.773849 0.813563 0.0225262 0.0179803 None
0 0.140275 0.740142 0.0188931 0.00886298 None
0 0.19843 0.915787 0.0452015 0.0316411 None
0 0.0642552 0.748631 0.0158824 0.0137166 None
0 0.0693698 0.748957 0.0244412 0.0130437 None
0 0.778169 0.771957 0.0297467 0.00913188 None
0 0.816165 0.695602 0.00630054 0.0129879 None
0 0.427642 0.761345 0.0295353 0.013563 None
0 0.484363 0.856911 0.0196369 0.0230776 None
0 0.918896 0.97329 0.0348019 0.0418925 None
0 0.744698 0.782365 0.0108666 0.0492855 None
0 0.0404593 0.751435 0.0732577 0.0177738 None
0 0.816146 0.699702 0.00676041 0.0214795 None
0 0.935918 0.867082 0.011684 0.0150146 None
0 0.245505 0.869388 0.0653089 0.0283607 None
0 0.838257 0.835424 0.0328556 0.0340268 None
0 0.947231 0.853018 0.0342098 0.0434506 None
0 0.429445 0.914715 0.0196181 0.0362596 None
0 0.77066 0.812854 0.0158821 0.0167099 None
0 0.0164973 0.75885 0.0177573 0.00774706 None
0 0.952656 0.86274 0.0186497 0.0187773 None
0 0.159878 0.727896 0.00763631 0.0119317 None
0 0.587771 0.913276 0.0417284 0.0116279 None
0 0.68634 0.810858 0.0119656 0.0166348 None
0 0.914239 0.9682 0.0096756 0.0328934 None
0 0.139448 0.740768 0.0290986 0.00936415 None
0 0.914043 0.675031 0.00572166 0.00891825 None
0 0.577407 0.878084 0.0337784 0.0144731 None
0 0.269193 0.722734 0.0128182 0.0180352 None
