0 0.45335 0.83396 0.0132206 0.0672621 8627
0 0.481601 0.83112 0.0151049 0.0657772 8628
0 0.423527 0.895503 0.0174253 0.0800357 8629
0 0.790656 0.776499 0.0102545 0.0473097 8630
0 0.153689 0.88339 0.0107076 0.0573056 8631
0 0.699053 0.793516 0.00939503 0.0443387 8632
0 0.802088 0.776689 0.00805779 0.0432692 8633
0 0.830206 0.834593 0.0171631 0.0339084 8634
0 0.770062 0.778683 0.00899982 0.0464271 8635
0 0.759186 0.780406 0.00874729 0.0435194 8636
0 0.992551 0.735445 0.0102766 0.0471893 8637
0 0.956947 0.742462 0.00827179 0.0451392 8638
0 0.683635 0.797073 0.00969295 0.0417321 8639
0 0.718285 0.830836 0.0122373 0.0305006 8640
0 0.85527 0.83153 0.0162079 0.0335103 8641
0 0.953807 0.848571 0.0218731 0.0381026 8642
0 0.895488 0.975658 0.0662998 0.0457425 8643
0 0.936387 0.72797 0.00714264 0.0259757 8644
0 0.971931 0.742746 0.00780563 0.0273414 8645
0 0.198646 0.915638 0.0453518 0.0319 8646
0 0.508099 0.80829 0.0113894 0.0355045 8647
0 0.00719055 0.750802 0.00959296 0.0175064 8648
0 0.843624 0.762867 0.00687332 0.0427622 8649
0 0.022107 0.938955 0.0442141 0.0305813 8650
0 0.852493 0.832267 0.0214333 0.0356523 8651
0 0.116512 0.983604 0.0332058 0.0267893 8652
0 0.980853 0.662947 0.0070776 0.0413349 8653
0 0.92193 0.745566 0.0103733 0.0372391 8654
0 0.305681 0.753786 0.00817943 0.0176283 8655
0 0.355255 0.989051 0.0139829 0.0218982 8656
0 0.577518 0.87461 0.0333255 0.0163179 8657
0 0.507669 0.774872 0.00599537 0.0154321 8658
0 0.00622796 0.981266 0.0123634 0.0147224 8659
0 0.676524 0.815507 0.016148 0.0185047 8660
0 0.481199 0.779879 0.00512486 0.016234 8661
0 0.327911 0.710098 0.00636454 0.0168365 8662
0 0.952802 0.856914 0.021056 0.0295112 8663
0 0.951331 0.858664 0.0173517 0.0248745 8664
0 0.99585 0.813136 0.00788383 0.017592 8665
0 0.308101 0.753692 0.0132684 0.017787 8666
0 0.884295 0.979373 0.0445541 0.0382884 8667
0 0.787246 0.698324 0.00737553 0.0202411 8668
0 0.292058 0.734242 0.00877528 0.00962914 8669
0 0.920062 0.768572 0.0702435 0.0219267 8670
0 0.871 0.766221 0.00560188 0.0249647 8671
0 0.921636 0.973399 0.0282257 0.0413466 8672
0 0.974533 0.76303 0.0183884 0.0271364 8673
0 0.0802299 0.747765 0.0132374 0.0214851 8674
0 0.0825284 0.742663 0.00866146 0.0127472 8675
0 0.0949058 0.99419 0.0455989 0.00854747 8676
0 0.850525 0.763498 0.00767288 0.0385527 8677
0 0.917662 0.972962 0.0194828 0.0405685 8678
0 0.91969 0.748124 0.0135811 0.0416167 8679
0 0.109702 0.981673 0.0198401 0.0239846 8680
0 0.919994 0.743697 0.0116611 0.037008 8681
0 0.917333 0.743425 0.00818367 0.0312631 8682
0 0.056147 0.751804 0.00534675 0.00901574 8683
0 0.10359 0.983936 0.0620865 0.028025 8684
0 0.906084 0.97419 0.043541 0.0429045 8685
0 0.971424 0.669472 0.00387344 0.0108507 8686
0 0.158027 0.740524 0.0217458 0.00972273 8687
0 0.903779 0.67261 0.00431747 0.0109031 8688
0 0.712762 0.83131 0.0260314 0.0318271 8689
0 0.845319 0.763628 0.00975723 0.0445106 8690
0 0.913786 0.973951 0.0349394 0.0419761 8691
0 0.055466 0.751207 0.00580257 0.0085356 8692
0 0.0776384 0.747896 0.0188239 0.0228687 8693
0 0.851407 0.76585 0.00991669 0.0439441 8694
0 0.974821 0.769471 0.0185505 0.0146729 8695
0 0.982524 0.663964 0.0099165 0.0401876 8696
0 0.879352 0.683886 0.00376091 0.00829078 8697
0 0.131589 0.983518 0.0634072 0.0260017 8698
0 0.292313 0.736071 0.0108891 0.00863122 8699
0 0.851411 0.845439 0.0221649 0.0133196 8700
0 0.57743 0.87035 0.033912 0.0251367 8701
0 0.678463 0.801001 0.0207306 0.047133 8702
0 0.985889 0.667249 0.00606022 0.0338126 8703
0 0.00334053 0.755432 0.00663926 0.013847 8704
0 0.530708 0.739674 0.00716887 0.00979852 8705
0 0.122701 0.984634 0.0344661 0.0243664 8706
0 0.907004 0.683843 0.00556412 0.0133942 8707
0 0.853157 0.765475 0.00783348 0.0419113 8708
0 0.0720684 0.755579 0.0110165 0.00838759 8709
0 0.359562 0.729551 0.00823259 0.0102559 8710
0 0.846256 0.833526 0.0347353 0.0357875 8711
0 0.862989 0.833318 0.034642 0.0386334 8712
0 0.956889 0.850562 0.0251904 0.0404314 8713
0 0.824603 0.785025 0.0367029 0.0147213 8714
0 0.00912003 0.981166 0.0181125 0.0161107 8715
0 0.923565 0.681435 0.0055027 0.0110067 8716
0 0.852811 0.8419 0.0539009 0.0252268 8717
0 0.850893 0.84383 0.0201374 0.0132367 8718
0 0.994475 0.690772 0.0105934 0.0141503 8719
0 0.538891 0.74022 0.0239127 0.0111338 8720
0 0.773217 0.812394 0.0086647 0.0150777 8721
0 0.856224 0.834257 0.0486862 0.0399579 8722
0 0.871828 0.770074 0.00766373 0.0329658 8723
0 0.800486 0.776568 0.0112686 0.0458835 8724
0 0.872302 0.845501 0.0144718 0.0153654 8725
0 0.90556 0.678728 0.00775204 0.0227195 8726
0 0.973588 0.740983 0.011187 0.0320894 8727
0 0.508217 0.776169 0.00780163 0.0180844 8728
0 0.936535 0.867073 0.0124123 0.0155728 8729
0 0.96801 0.666599 0.0093832 0.0139169 8730
0 0.490591 0.862939 0.0244774 0.0106823 8731
0 0.132731 0.983249 0.0606542 0.0164658 8732
0 0.951407 0.862782 0.0191097 0.0211114 8733
0 0.995368 0.808615 0.0087925 0.0281064 8734
0 0.876853 0.983538 0.029727 0.0300825 8735
0 0.953525 0.858738 0.0280319 0.0294751 8736
0 0.590834 0.908996 0.0589264 0.0218675 8737
0 0.538776 0.739939 0.023447 0.0111423 8738
0 0.409931 0.8083 0.0051342 0.0141359 8739
0 0.843303 0.844278 0.0449362 0.0187748 8740
0 0.0975209 0.985974 0.0515103 0.0224314 8741
