0 0.453576 0.833995 0.013572 0.0669957
0 0.424064 0.895067 0.0160917 0.0815006
0 0.480855 0.8327 0.0126041 0.0622121
0 0.700295 0.794287 0.00941429 0.0427524
0 0.830186 0.834646 0.0172894 0.0338689
0 0.791475 0.776799 0.00874596 0.0473548
0 0.798673 0.776003 0.00932159 0.0419747
0 0.146408 0.88588 0.0155006 0.0577501
0 0.685828 0.797721 0.00904999 0.0411448
0 0.953824 0.74257 0.00826454 0.0432658
0 0.994255 0.735421 0.0109869 0.0445038
0 0.718459 0.830805 0.0125819 0.0305091
0 0.895487 0.975574 0.0661045 0.0455895
0 0.767997 0.779611 0.00802393 0.0493707
0 0.756071 0.783415 0.00960732 0.0460032
0 0.504359 0.777779 0.00954571 0.0189117
0 0.855423 0.831247 0.0161068 0.0341193
0 0.953606 0.848219 0.0220198 0.0376285
0 0.508624 0.807922 0.00941782 0.0352904
0 0.918347 0.750927 0.0103168 0.0480942
37 0.198695 0.915954 0.0461038 0.0317405
37 0.022156 0.938495 0.0442915 0.0293972
0 0.788441 0.698782 0.00642681 0.0172436
0 0.47999 0.780511 0.00712738 0.0196025
0 0.327908 0.711795 0.00593009 0.0157355
0 0.976474 0.741534 0.00936012 0.029452
0 0.00732728 0.750337 0.00834034 0.0169181
0 0.935247 0.728016 0.00540314 0.0205807
0 0.11732 0.983585 0.0348147 0.0267086
0 0.843907 0.76632 0.00820656 0.0449536
0 0.00595246 0.750962 0.011587 0.0180698
0 0.852387 0.832085 0.0217964 0.036221
0 0.355252 0.98906 0.0140132 0.0218796
0 0.577555 0.87472 0.0333267 0.0161031
0 0.676538 0.81544 0.0163613 0.018798
8 0.0795164 0.747014 0.0209175 0.0241021
0 0.00624758 0.981284 0.0124107 0.0146795
0 0.995799 0.81332 0.00798454 0.0171814
0 0.291553 0.734245 0.00977449 0.0092509
0 0.952078 0.85946 0.0198278 0.024969
0 0.307862 0.753739 0.00800076 0.0172085
0 0.0557343 0.752173 0.00327265 0.00856595
0 0.845024 0.768919 0.00828056 0.0397273
0 0.112902 0.982825 0.0267946 0.0244936
0 0.988115 0.678879 0.00549278 0.0123767
0 0.978731 0.675859 0.00479965 0.020256
0 0.884178 0.979442 0.0441824 0.0377469
37 0.0945631 0.994204 0.0447459 0.00846286
0 0.981145 0.657462 0.00861588 0.0267721
0 0.309101 0.754649 0.0122999 0.017274
0 0.35731 0.728449 0.00875435 0.010847
0 0.854757 0.768503 0.00824089 0.0363939
0 0.989247 0.679513 0.00827637 0.012206
37 0.296505 0.737833 0.019982 0.00769755
0 0.109667 0.981596 0.0197839 0.0237328
0 0.92182 0.973428 0.0282196 0.0413333
0 0.529829 0.741171 0.00482941 0.00966085
0 0.765723 0.69984 0.00600204 0.0211874
0 0.131655 0.982887 0.0627728 0.0228255
8 0.0797206 0.751702 0.0144632 0.0142558
0 0.712611 0.831189 0.0265707 0.0320994
8 0.911956 0.718606 0.0623962 0.0212474
0 0.311965 0.755532 0.00876303 0.0150162
0 0.679006 0.813927 0.0186298 0.0198988
0 0.904332 0.673786 0.00623951 0.0105086
37 0.851325 0.845397 0.021983 0.0132385
0 0.974927 0.763521 0.0199394 0.0261103
0 0.913453 0.974003 0.0375662 0.0420344
0 0.577468 0.870172 0.0338704 0.0254913
0 0.924198 0.681189 0.00580864 0.010702
0 0.00387253 0.755522 0.00769333 0.0139096
0 0.122437 0.984614 0.0349983 0.0244598
0 0.85615 0.766951 0.00971184 0.0390262
37 0.912185 0.7194 0.0620914 0.0198598
0 0.91781 0.97269 0.0190996 0.0398193
37 0.489487 0.862754 0.0274238 0.0107368
14 0.939198 0.251175 0.0061573 0.00674786
0 0.358254 0.729785 0.0180901 0.014287
0 0.0708845 0.755231 0.00571641 0.00821092
0 0.981088 0.664552 0.0104496 0.0410077
37 0.590618 0.910414 0.0584919 0.0191155
37 0.103095 0.985224 0.0614416 0.0255039
14 0.878357 0.680038 0.0112963 0.0161321
0 0.00914544 0.981174 0.0181744 0.0159661
0 0.956771 0.850614 0.0263439 0.0402383
8 0.358763 0.732862 0.0188184 0.0101873
0 0.863048 0.833094 0.0345608 0.0390033
37 0.535008 0.741586 0.0162966 0.0103404
0 0.852753 0.765166 0.0164415 0.0441155
24 0.153628 0.983209 0.0182073 0.0135034
8 0.267205 0.397575 0.0056972 0.0095153
37 0.852682 0.846716 0.0261826 0.0122759
37 0.200122 0.737251 0.0141506 0.00767195
0 0.773202 0.812412 0.00829973 0.014917
0 0.854927 0.844021 0.0496803 0.0209015
0 0.880928 0.983358 0.0378321 0.0306507
37 0.983799 0.688653 0.029734 0.00961965
0 0.86771 0.765481 0.00603333 0.0244563
0 0.902841 0.9737 0.0501867 0.0419166
37 0.843238 0.845556 0.0446316 0.0159288
37 0.315071 0.717411 0.0213757 0.00926514
0 0.591046 0.907492 0.0596411 0.0244697
0 0.974505 0.767594 0.0188595 0.018399
0 0.872317 0.845491 0.0144856 0.015332
37 0.178747 0.739385 0.0572657 0.0112681
0 0.995369 0.808413 0.00878353 0.0283398
0 0.959289 0.848685 0.0158184 0.0371558
0 0.90525 0.677248 0.00798721 0.0168213
0 0.842351 0.833052 0.0421883 0.0383772
14 0.876836 0.675938 0.0124172 0.0113732
0 0.936608 0.86708 0.012491 0.0155572
37 0.0971766 0.986255 0.0506819 0.0217026
0 0.679226 0.80277 0.0220148 0.0445377
37 0.823509 0.78522 0.0394279 0.0181022
37 0.936083 0.867068 0.011565 0.0156465
0 0.054805 0.752048 0.00437846 0.00814412
37 0.984541 0.69049 0.0302687 0.0119191
0 0.157255 0.742229 0.0132984 0.0084137
0 0.953897 0.860105 0.0288265 0.0267932
37 0.483713 0.864352 0.0179758 0.00938212
8 0.178832 0.738241 0.0577831 0.0143714
0 0.972733 0.669047 0.00446434 0.0113126
33 0.391231 0.832969 0.0183086 0.0852871
