0 0.476552 0.83491 0.0157812 0.067394
0 0.455379 0.833485 0.0129334 0.0687271
0 0.718534 0.830718 0.0143275 0.0303009
0 0.830577 0.834615 0.0172913 0.0335154
0 0.696616 0.791963 0.010993 0.048291
0 0.769411 0.780308 0.00886745 0.0430915
0 0.793581 0.775736 0.0105577 0.0470691
0 0.034489 0.903654 0.0103494 0.0533166
0 0.843342 0.766434 0.00784645 0.045941
0 0.823859 0.771092 0.00913506 0.0411433
0 0.744136 0.783727 0.00874195 0.0470456
0 0.953522 0.849482 0.0220764 0.0411102
0 0.517063 0.805696 0.00839357 0.0363422
0 0.874221 0.758545 0.00903702 0.0474933
0 0.85626 0.830239 0.0153517 0.0326926
0 0.755821 0.781601 0.00847635 0.0485555
0 0.949832 0.73798 0.00786858 0.0342426
0 0.279218 0.72942 0.00775032 0.0172099
37 0.0220934 0.938143 0.0441867 0.0301273
0 0.0695037 0.742856 0.00863049 0.0283576
0 0.479881 0.779372 0.00852766 0.0228482
0 0.454137 0.780213 0.00745144 0.017179
0 0.996047 0.809867 0.00748768 0.0238764
0 0.00843466 0.749175 0.0105475 0.0181395
0 0.894501 0.976196 0.0655687 0.0457138
0 0.402599 0.747648 0.0107064 0.0235496
0 0.768451 0.696731 0.00836134 0.0139674
0 0.790914 0.697175 0.00590448 0.0167801
0 0.837882 0.775931 0.00647354 0.0292128
0 0.883957 0.979504 0.0445538 0.039375
0 0.198235 0.733808 0.0103965 0.0107224
0 0.917636 0.755142 0.00823288 0.0422316
0 0.438037 0.907768 0.0190083 0.0481415
0 0.354998 0.988973 0.0147245 0.0220547
0 0.326444 0.751205 0.00960565 0.0139252
0 0.00694131 0.975436 0.0138014 0.0260371
0 0.972747 0.762681 0.0149925 0.0274468
37 0.19864 0.915837 0.0466805 0.0324141
0 0.0727457 0.749941 0.00503614 0.0141388
0 0.90633 0.973178 0.0439129 0.0404602
8 0.198448 0.915419 0.0460055 0.0323276
37 0.00881841 0.75974 0.0140693 0.00774095
0 0.917826 0.97279 0.0181648 0.039653
8 0.0222516 0.938297 0.0443897 0.0304874
0 0.67514 0.815865 0.0141447 0.0185635
0 0.911992 0.754805 0.00813713 0.0444739
0 0.921209 0.97328 0.0272226 0.0404824
0 0.910204 0.754922 0.00922051 0.0450568
0 0.322624 0.711828 0.00632343 0.0168976
0 0.853524 0.831439 0.0214676 0.0362623
0 0.0531578 0.752756 0.00590819 0.00759786
0 0.125814 0.985859 0.0270539 0.0203783
0 0.768758 0.699026 0.00968723 0.01883
0 0.679405 0.815655 0.0222084 0.0189623
8 0.00856869 0.759799 0.0148113 0.00792677
0 0.934043 0.727487 0.00704918 0.0254396
0 0.160422 0.740164 0.00521786 0.00823212
37 0.330131 0.732084 0.0201831 0.00664673
0 0.715713 0.831212 0.0202244 0.0310252
8 0.409212 0.758098 0.0417517 0.0138496
0 0.973288 0.674731 0.00688171 0.0176362
0 0.907387 0.753255 0.00646782 0.0432773
37 0.283492 0.736748 0.0166782 0.00779165
0 0.433419 0.908399 0.0229914 0.0487045
37 0.101595 0.994159 0.0596617 0.00806817
0 0.321462 0.71151 0.00915642 0.0162723
0 0.882638 0.984588 0.0418606 0.0295434
0 0.973706 0.753112 0.00524273 0.00930566
8 0.409646 0.754623 0.0421776 0.0177473
0 0.325911 0.75351 0.0107084 0.0182493
0 0.576968 0.875428 0.0318709 0.013453
0 0.852489 0.836558 0.0234653 0.0282776
0 0.773562 0.813151 0.0075285 0.0145874
37 0.853116 0.84621 0.0263353 0.0135556
0 0.109541 0.980914 0.0188624 0.023115
0 0.117385 0.984379 0.0335867 0.0226761
37 0.409621 0.758115 0.0418266 0.0155162
37 0.456485 0.784264 0.0208158 0.0107981
0 0.105609 0.985813 0.0651092 0.0233398
37 0.57679 0.875211 0.0320237 0.013305
0 0.883671 0.683734 0.00523243 0.00938348
0 0.971892 0.768151 0.0141218 0.0176548
37 0.766846 0.710683 0.0216867 0.00933245
37 0.3307 0.730742 0.0202603 0.00855238
37 0.0637825 0.758935 0.0414644 0.00895216
37 0.858425 0.847344 0.0378819 0.0126048
37 0.105018 0.986272 0.0662472 0.0233612
0 0.148865 0.739165 0.0105369 0.0102156
0 0.974671 0.770707 0.018206 0.0123478
0 0.99281 0.675877 0.00610447 0.0166043
0 0.109181 0.98475 0.048443 0.0240658
0 0.772944 0.812954 0.0209543 0.0169301
0 0.770796 0.812592 0.015066 0.015586
24 0.153439 0.983438 0.0176785 0.0124427
0 0.279868 0.732447 0.00901451 0.0149484
0 0.540847 0.848353 0.00781584 0.0290694
0 0.751324 0.793754 0.00834713 0.0262305
37 0.944833 0.866891 0.0284817 0.0151511
37 0.306657 0.71633 0.0149064 0.00852
8 0.151638 0.739877 0.0237707 0.0115202
0 0.766925 0.81321 0.00865688 0.0151421
0 0.391175 0.832007 0.0182635 0.0871484
0 0.906897 0.975908 0.0588747 0.0453773
37 0.767471 0.71241 0.0226706 0.0129805
37 0.937624 0.867215 0.0143841 0.0149292
0 0.330044 0.730369 0.0116754 0.00817159
37 0.0680526 0.757145 0.0356453 0.00690545
0 0.00507081 0.973674 0.0100703 0.0295298
0 0.779217 0.815988 0.00825291 0.0103539
0 0.864484 0.845107 0.0273872 0.0163445
0 0.949481 0.860729 0.013876 0.0177682
37 0.79073 0.820404 0.0252141 0.00678406
0 0.862794 0.832479 0.0297094 0.0380734
8 0.329156 0.730625 0.0220527 0.00901489
0 0.947682 0.850738 0.0329889 0.0459086
37 0.946999 0.865638 0.0187645 0.0122413
0 0.528322 0.738842 0.00303574 0.0070126
8 0.312291 0.716344 0.0281591 0.0113061
8 0.307 0.716175 0.0138172 0.00838454
0 0.439876 0.910825 0.0164207 0.0409322
0 0.427837 0.908725 0.0155301 0.0489724
14 0.920129 0.678733 0.0075901 0.0108322
37 0.0539979 0.753437 0.0107749 0.00773943
0 0.109641 0.973503 0.0193487 0.0385783
37 0.327507 0.731693 0.0207809 0.00657179
0 0.859374 0.795311 0.0215282 0.0140734
0 0.899344 0.681506 0.00596733 0.0141246
0 0.881373 0.682949 0.00887184 0.0113878
37 0.855102 0.845461 0.0487011 0.0179525
37 0.593681 0.913364 0.0621875 0.0123225
0 0.838928 0.834949 0.0342209 0.0339186
0 0.0339961 0.909144 0.0171252 0.0586195
0 0.87183 0.845369 0.0131981 0.0151652
