0 0.435865 0.893283 0.017514 0.080207
0 0.391039 0.817513 0.0181844 0.0563733
0 0.643159 0.798623 0.011273 0.0564453
0 0.727747 0.786624 0.00904179 0.0498205
0 0.842922 0.766851 0.00870838 0.0478207
0 0.599691 0.808217 0.0115639 0.0564789
0 0.554633 0.818435 0.0105853 0.0502828
0 0.796469 0.775986 0.00838327 0.0490133
0 0.718374 0.830299 0.0141758 0.0314891
0 0.452304 0.834424 0.0108359 0.0662845
0 0.831168 0.835265 0.0188879 0.0327108
0 0.460068 0.829478 0.00956211 0.0565325
0 0.114354 0.983317 0.0331708 0.0274295
0 0.688095 0.79499 0.0086525 0.0447913
0 0.701558 0.793676 0.012846 0.0478929
0 0.0169922 0.753777 0.00886604 0.0199019
37 0.198101 0.916398 0.0451682 0.0310513
0 0.678111 0.792149 0.00816383 0.0359641
0 0.856459 0.829941 0.013937 0.0328847
0 0.00594676 0.977787 0.0118317 0.02091
0 0.483401 0.858454 0.038105 0.0221664
0 0.0605772 0.742906 0.00575682 0.0225057
0 0.883732 0.979423 0.0455334 0.0395745
0 0.93822 0.726077 0.00743065 0.0188828
0 0.953766 0.849222 0.0221239 0.0374383
37 0.0220645 0.938703 0.044129 0.0308151
0 0.9568 0.84844 0.0160019 0.0361996
0 0.354968 0.989182 0.0149935 0.0216351
0 0.853028 0.830532 0.0211372 0.0354433
0 0.474796 0.85831 0.0201826 0.0213993
0 0.960383 0.749193 0.00760345 0.0361996
0 0.921253 0.972841 0.0265375 0.041807
0 0.974072 0.762357 0.0192291 0.027929
0 0.361511 0.776008 0.00923042 0.0153034
0 0.694553 0.795019 0.00715923 0.0454122
0 0.103765 0.983621 0.0544818 0.0277354
0 0.697172 0.793519 0.00733585 0.0454108
37 0.853206 0.848352 0.0248722 0.00902981
0 0.894292 0.975165 0.0659706 0.0466224
0 0.699199 0.793148 0.0108826 0.0472561
0 0.907106 0.972858 0.0441118 0.0422811
0 0.99588 0.813502 0.00783005 0.0159414
0 0.948035 0.851642 0.0323383 0.0420597
37 0.0991543 0.994186 0.0547204 0.00852441
0 0.773137 0.813615 0.0212362 0.0174649
0 0.293555 0.725739 0.0118203 0.0118571
0 0.458791 0.832978 0.0112831 0.0636726
8 0.323179 0.715736 0.0147043 0.0152856
8 0.152582 0.736367 0.0471315 0.0167942
0 0.578008 0.875255 0.0340137 0.0150889
0 0.67696 0.815597 0.0156186 0.0178016
0 0.917206 0.972344 0.0160185 0.0410984
0 0.451582 0.759072 0.00437889 0.0125726
0 0.276203 0.725306 0.00437756 0.015822
37 0.397693 0.837668 0.0302981 0.0176141
0 0.972677 0.672657 0.00588074 0.0179676
0 0.852965 0.696892 0.00510139 0.0192049
0 0.769642 0.813209 0.0139597 0.0172475
0 0.063486 0.742913 0.0119204 0.0226427
37 0.577889 0.875055 0.0335224 0.0146805
0 0.00868169 0.977924 0.0172906 0.0219394
0 0.973726 0.756544 0.00694866 0.0174627
0 0.489683 0.723692 0.00803223 0.00914781
37 0.852618 0.845176 0.0224569 0.0113705
0 0.486531 0.861179 0.0316931 0.0160394
0 0.779009 0.816499 0.00986185 0.0130686
0 0.294505 0.72678 0.0170252 0.0099667
37 0.853257 0.839657 0.023138 0.0188609
8 0.441694 0.76119 0.0230003 0.0134165
37 0.937791 0.86353 0.0183592 0.0216083
0 0.079325 0.748137 0.00377759 0.00739475
0 0.827307 0.835436 0.0119715 0.0312531
37 0.585484 0.913873 0.0476872 0.0114529
0 0.433995 0.763314 0.0071373 0.00949571
8 0.341014 0.77014 0.0320821 0.0216858
0 0.675281 0.800724 0.0172365 0.049134
24 0.153419 0.983507 0.0184978 0.0129622
0 0.961981 0.749168 0.0106319 0.0368778
0 0.882928 0.985107 0.0441212 0.0289719
0 0.673385 0.815753 0.0189842 0.0198473
37 0.859295 0.847118 0.0371956 0.012994
37 0.94855 0.863923 0.039645 0.0228472
0 0.76971 0.813686 0.0193644 0.0182805
37 0.944525 0.861054 0.0315142 0.0255151
37 0.153378 0.737334 0.0476125 0.0151549
37 0.593628 0.913427 0.0626465 0.0122242
0 0.0643742 0.74971 0.0106139 0.00978631
37 0.0691413 0.750262 0.023547 0.00990618
0 0.271862 0.729719 0.0123352 0.0102047
37 0.026907 0.760919 0.0271883 0.00789354
8 0.29406 0.730865 0.0186642 0.00753208
37 0.271206 0.731712 0.0112855 0.00813293
0 0.450506 0.830622 0.00995941 0.0589432
14 0.854243 0.696285 0.00943623 0.0205921
0 0.0606017 0.743366 0.0101363 0.0240114
8 0.927558 0.681021 0.0259214 0.0233863
0 0.774886 0.813455 0.0305107 0.0192988
0 0.832288 0.696498 0.00753193 0.014542
0 0.130236 0.982794 0.0643836 0.0264808
37 0.705933 0.842752 0.0116423 0.00909729
37 0.603825 0.913866 0.0425817 0.011244
0 0.872558 0.845747 0.0147575 0.0147459
0 0.943922 0.859755 0.0305828 0.0280977
37 0.957745 0.865896 0.0602022 0.0170736
37 0.0240209 0.758699 0.0258512 0.0118523
0 0.715257 0.832827 0.0202606 0.0278687
0 0.995731 0.80314 0.00809555 0.0372709
8 0.982228 0.723973 0.0351412 0.0167369
0 0.153544 0.983477 0.0186781 0.0135713
0 0.777632 0.831515 0.139341 0.0399387
