0 0.452022 0.833859 0.0124168 0.0673982
0 0.796587 0.774893 0.00749283 0.0468484
0 0.842492 0.76608 0.0087326 0.04502
0 0.585753 0.813901 0.0102453 0.0496843
0 0.718647 0.830322 0.0139915 0.031663
0 0.691073 0.795851 0.00931435 0.0441227
0 0.746527 0.781601 0.00891047 0.0486579
0 0.68038 0.788639 0.00902309 0.0456587
0 0.519361 0.8245 0.0137085 0.0510491
0 0.830856 0.834732 0.0176483 0.0334524
0 0.115598 0.982866 0.0352912 0.0272776
0 0.0107241 0.748212 0.00883615 0.0181573
0 0.953624 0.849426 0.0223934 0.0406759
0 0.711002 0.785881 0.00947475 0.0495667
0 0.724578 0.787792 0.00870953 0.0460831
0 0.475002 0.856722 0.0171627 0.0254818
0 0.431577 0.914227 0.0282034 0.0371497
0 0.700472 0.793175 0.00798912 0.0453383
0 0.355345 0.989197 0.0139647 0.0216059
0 0.85574 0.829636 0.0148125 0.0328779
0 0.939221 0.728093 0.00715141 0.0182855
0 0.839755 0.697574 0.00566654 0.017406
0 0.0634875 0.736672 0.00582904 0.0166297
0 0.266695 0.729508 0.00622931 0.0158
0 0.971855 0.761659 0.0124641 0.0270177
0 0.974493 0.762001 0.0179634 0.0278361
8 0.0699914 0.74881 0.0137899 0.0147653
0 0.890858 0.975654 0.0593483 0.0468428
37 0.197577 0.915849 0.0449801 0.0315352
0 0.410199 0.76261 0.00714426 0.0152015
37 0.0705169 0.748901 0.0129369 0.014388
0 0.315148 0.710757 0.00709238 0.0137692
0 0.285091 0.719058 0.00683575 0.0141771
0 0.00574736 0.979488 0.0114245 0.0188524
37 0.0220557 0.938336 0.0441113 0.0284066
0 0.910763 0.973279 0.0486105 0.0430728
0 0.50059 0.728424 0.00684605 0.0127252
0 0.811216 0.697553 0.00646114 0.0179562
0 0.385519 0.77542 0.00699196 0.015799
0 0.853202 0.830524 0.0198849 0.0350627
37 0.0948386 0.994458 0.0469028 0.00800985
0 0.716369 0.787479 0.00721865 0.0428216
0 0.990793 0.66868 0.00379162 0.0137143
0 0.996367 0.812046 0.00684242 0.0178901
0 0.903086 0.972562 0.0331709 0.0417172
8 0.135324 0.738298 0.0232968 0.00835012
8 0.270186 0.73679 0.0249821 0.011565
0 0.718017 0.78878 0.00896244 0.044635
0 0.499367 0.727773 0.00865555 0.0123308
8 0.501944 0.733466 0.0123914 0.00743239
33 0.391106 0.811835 0.0182343 0.0460297
0 0.89255 0.675776 0.00689812 0.0128655
0 0.540951 0.848814 0.00725117 0.0266593
0 0.921111 0.973254 0.0295738 0.0421285
37 0.852918 0.848171 0.0264135 0.0105565
0 0.978183 0.668756 0.00703621 0.0145677
0 0.409131 0.7627 0.0101553 0.0157315
37 0.101827 0.993708 0.0615416 0.00874142
0 0.883289 0.979534 0.045068 0.0392595
37 0.576047 0.875059 0.0364931 0.0143633
37 0.135076 0.738161 0.0227426 0.00805935
0 0.386585 0.775631 0.0103538 0.0168784
0 0.576724 0.875792 0.0356031 0.0137082
37 0.0567823 0.739841 0.0110288 0.00844404
0 0.28249 0.720663 0.0129713 0.0173075
0 0.950872 0.861143 0.0167871 0.0182973
0 0.676493 0.815011 0.0160004 0.0187103
0 0.715908 0.830598 0.0197544 0.0329205
8 0.990024 0.698442 0.0196548 0.0143826
8 0.282216 0.719817 0.0132517 0.0147847
0 0.482425 0.856529 0.0322792 0.0255619
0 0.772755 0.812758 0.0199605 0.0156169
0 0.996593 0.671676 0.00579948 0.00917325
8 0.135543 0.734405 0.0220492 0.00864088
0 0.00567698 0.984824 0.0112612 0.0289117
0 0.90446 0.682106 0.00472832 0.01432
0 0.946664 0.675727 0.00682163 0.0137853
37 0.0588719 0.739065 0.0154182 0.0114875
8 0.282013 0.725724 0.0132019 0.00966933
0 0.979365 0.667402 0.0054821 0.0167937
24 0.153789 0.983198 0.0184174 0.0132848
0 0.914352 0.673493 0.00466537 0.00959939
8 0.270741 0.733996 0.0195807 0.0171546
8 0.944524 0.679881 0.0201031 0.0115665
8 0.271732 0.731952 0.02709 0.0173811
8 0.988253 0.574724 0.0231697 0.0119916
0 0.440334 0.915227 0.0111479 0.0331899
8 0.293169 0.719492 0.0363686 0.0144153
8 0.419664 0.764634 0.0308563 0.013071
8 0.2922 0.722705 0.0374076 0.0162187
8 0.303169 0.717988 0.0106473 0.00855272
0 0.905472 0.682788 0.00360718 0.0143069
8 0.28721 0.725511 0.0236411 0.0103112
0 0.516487 0.822313 0.00909615 0.0494575
8 0.297028 0.718776 0.0142442 0.00817108
8 0.295578 0.718478 0.0453499 0.0216944
37 0.936105 0.867176 0.0116703 0.0150964
8 0.954928 0.675098 0.0409618 0.01648
0 0.956562 0.853691 0.0259037 0.0353187
8 0.286843 0.724089 0.0602987 0.0289113
0 0.10225 0.982965 0.0592856 0.0268199
37 0.577443 0.88015 0.0337328 0.010566
0 0.390822 0.81169 0.0177335 0.0458099
8 0.965345 0.665 0.0616917 0.0433267
0 0.778573 0.813898 0.0100395 0.0142114
37 0.939685 0.736109 0.00978012 0.00724962
0 0.55945 0.838798 0.00596695 0.0106683
0 0.995236 0.755726 0.00672798 0.0214535
0 0.960098 0.849766 0.0150738 0.037264
0 0.693164 0.794513 0.0139874 0.0472724
0 0.130864 0.982418 0.065704 0.0276235
33 0.39108 0.831425 0.0186691 0.0863905
8 0.418677 0.767523 0.0343524 0.0122867
37 0.854429 0.84729 0.0314507 0.0145315
0 0.872399 0.844887 0.0146904 0.0163045
8 0.9458 0.678635 0.0147579 0.0117187
0 0.67526 0.817262 0.0140264 0.014762
0 0.922013 0.979892 0.027224 0.0270225
37 0.844381 0.845299 0.0446028 0.0170532
8 0.155634 0.731581 0.00774617 0.0066491
0 0.856564 0.824815 0.0158978 0.0323201
0 0.859519 0.794909 0.008041 0.0128838
