0 0.452967 0.834055 0.0126698 0.0675059
0 0.482059 0.831787 0.0156133 0.0650591
0 0.788047 0.776463 0.0105371 0.0472868
0 0.69716 0.793361 0.00913 0.0495046
0 0.178844 0.876769 0.0159642 0.0495795
0 0.8088 0.774916 0.00873718 0.0443943
0 0.772884 0.779085 0.00965405 0.0461599
0 0.842914 0.76607 0.00939064 0.0462843
0 0.858296 0.762792 0.00738258 0.0395169
0 0.834138 0.769544 0.00810852 0.0399704
0 0.425032 0.915892 0.0227837 0.0386366
0 0.95367 0.849466 0.0219139 0.0408142
0 0.986176 0.735936 0.0106167 0.0434601
0 0.717283 0.830435 0.0148194 0.031131
0 0.765252 0.697511 0.00599327 0.0168966
0 0.681173 0.791294 0.010767 0.0372979
0 0.830315 0.834377 0.0179707 0.0327637
0 0.784374 0.698104 0.00636148 0.0187881
0 0.498917 0.808688 0.0107645 0.037365
0 0.855713 0.831233 0.0161234 0.0334868
8 0.198486 0.915865 0.0466408 0.0316189
0 0.115353 0.984324 0.0309801 0.0226052
0 0.354916 0.989217 0.0148966 0.0215668
0 0.906852 0.973247 0.0428574 0.0398122
0 0.883427 0.980646 0.0451473 0.0367794
0 0.894807 0.976204 0.0676575 0.0448388
0 0.995629 0.813643 0.00831909 0.0182916
0 0.911407 0.742249 0.00833626 0.0201358
0 0.00606379 0.981527 0.0120558 0.0139733
0 0.852528 0.832483 0.0224049 0.0353865
0 0.932 0.74798 0.00878582 0.0346436
0 0.00873207 0.750068 0.00769096 0.0179989
0 0.965531 0.738033 0.00906334 0.0373912
0 0.108241 0.984869 0.0474939 0.0246962
0 0.540604 0.849411 0.0070343 0.0260835
37 0.0954563 0.994234 0.0459365 0.00819702
0 0.92155 0.973645 0.0260027 0.0407104
0 0.963879 0.73869 0.011602 0.0389079
0 0.058487 0.751175 0.00504568 0.00851881
0 0.487223 0.766247 0.00675077 0.0162018
37 0.0220671 0.939127 0.0441343 0.0298299
0 0.973222 0.763481 0.0191624 0.0278781
0 0.961716 0.743115 0.00766983 0.0279648
0 0.913756 0.742805 0.0134163 0.0211982
0 0.32898 0.713364 0.00533657 0.0209681
0 0.00645345 0.751647 0.0128277 0.0166568
0 0.986757 0.673108 0.00616341 0.0175849
16 0.675842 0.816064 0.0176069 0.0197133
37 0.00843914 0.761448 0.0167813 0.00786896
0 0.511746 0.777019 0.00993032 0.0203213
37 0.102614 0.990935 0.0598839 0.0138713
0 0.917999 0.972753 0.017934 0.0397702
0 0.577697 0.875856 0.0328186 0.0144882
0 0.978288 0.64911 0.00441437 0.0150284
0 0.949164 0.850743 0.0297573 0.0439565
0 0.880765 0.764275 0.00565338 0.0250587
0 0.982736 0.653261 0.00580502 0.0221757
0 0.982789 0.656166 0.00668583 0.026797
8 0.0220363 0.93885 0.0440612 0.0297321
8 0.970778 0.690942 0.0360443 0.01699
0 0.835062 0.834909 0.0252329 0.0342246
25 0.0219588 0.939284 0.0438705 0.0303847
0 0.079301 0.751321 0.0174925 0.0130832
37 0.97048 0.691078 0.0355463 0.0167543
0 0.112859 0.981606 0.02739 0.0226746
0 0.713556 0.831553 0.0216883 0.032962
8 0.976477 0.689005 0.0466888 0.0202702
0 0.936584 0.724961 0.00649185 0.0211575
8 0.00821996 0.758889 0.0163754 0.0109487
0 0.365079 0.728827 0.00778742 0.0100767
0 0.87527 0.678685 0.00765038 0.0203793
16 0.676536 0.814171 0.0212004 0.0235986
0 0.125513 0.986049 0.0269152 0.0209864
0 0.301378 0.755054 0.00833344 0.0172045
8 0.370153 0.732072 0.0261087 0.0111209
0 0.932313 0.743663 0.0114571 0.0403636
0 0.391064 0.813064 0.017623 0.0463496
0 0.00614917 0.978633 0.0121922 0.0191698
33 0.390999 0.812944 0.0178504 0.0455319
24 0.153405 0.983227 0.0178614 0.0134223
0 0.67603 0.81591 0.0196459 0.0214315
0 0.907063 0.975949 0.0565828 0.0431625
0 0.97266 0.754032 0.00621262 0.0102288
37 0.57764 0.875427 0.032638 0.0140233
0 0.968432 0.761774 0.0130966 0.0308646
0 0.841545 0.83463 0.0450474 0.0364444
0 0.67697 0.798542 0.0199081 0.0538551
37 0.584848 0.914705 0.0444435 0.0127889
0 0.771331 0.813123 0.0169985 0.016499
0 0.305915 0.755465 0.00726147 0.0156106
0 0.995331 0.808458 0.00886002 0.029307
8 0.983 0.686818 0.0337124 0.0189826
0 0.984255 0.661371 0.0086771 0.0383923
0 0.306941 0.75485 0.00593138 0.0136339
0 0.300805 0.756003 0.0110765 0.0185425
0 0.163945 0.739288 0.00501537 0.00869259
37 0.948483 0.865185 0.0361729 0.0186367
0 0.879961 0.985989 0.0386986 0.0270359
37 0.0982219 0.987033 0.0512543 0.0199361
8 0.849226 0.834782 0.0594818 0.0398146
37 0.935867 0.867138 0.0112736 0.0147863
0 0.779362 0.814829 0.00836868 0.0139177
0 0.881752 0.766138 0.007621 0.0296797
14 0.907321 0.682396 0.00751152 0.0138101
0 0.946674 0.856107 0.0329384 0.0364502
0 0.0797628 0.747532 0.0204089 0.0204881
0 0.915754 0.746114 0.0179459 0.0167508
0 0.898045 0.97541 0.0249556 0.0312453
0 0.293585 0.734161 0.0081912 0.00892809
0 0.119864 0.983146 0.0407731 0.0255032
37 0.937744 0.86606 0.0144802 0.015409
0 0.874266 0.673376 0.00930862 0.0109724
0 0.768584 0.813468 0.0118691 0.0166668
