0 0.452917 0.833758 0.012766 0.0676476
0 0.481061 0.832143 0.0139135 0.0642695
0 0.789259 0.776502 0.0105166 0.0480743
0 0.697235 0.793968 0.00897255 0.0467434
0 0.164927 0.882721 0.00972743 0.0586321
0 0.804494 0.775769 0.00845375 0.0433814
0 0.42383 0.905911 0.0192713 0.0573761
0 0.682005 0.794004 0.00981236 0.0412484
0 0.843838 0.765581 0.0102779 0.044298
0 0.953668 0.849502 0.022105 0.0411411
0 0.854912 0.762812 0.00715599 0.0375376
0 0.71732 0.830451 0.0153042 0.0311493
0 0.772522 0.778105 0.00825214 0.0500271
0 0.927824 0.749922 0.00973511 0.0465078
0 0.959553 0.744109 0.00922661 0.0478846
0 0.764058 0.781031 0.00843983 0.0478117
0 0.830281 0.834367 0.0178143 0.0326823
0 0.989916 0.736097 0.00872421 0.0462697
0 0.354868 0.989167 0.015081 0.0216651
8 0.198197 0.915337 0.0471007 0.0321876
0 0.916945 0.742099 0.00997543 0.0260096
0 0.503371 0.806711 0.00943489 0.0384627
0 0.883518 0.979204 0.0452972 0.0388379
0 0.11546 0.98429 0.0306963 0.0221839
0 0.855421 0.831333 0.0167156 0.033999
0 0.995594 0.813671 0.00838852 0.0183511
0 0.00625596 0.750569 0.0100666 0.0175981
0 0.766245 0.697664 0.00622225 0.0163989
0 0.907187 0.97344 0.0431427 0.0404967
0 0.921614 0.973493 0.0261192 0.040682
0 0.852465 0.832563 0.0218407 0.035159
0 0.786957 0.698082 0.00766897 0.0179774
0 0.00609393 0.981467 0.012103 0.0142156
0 0.895028 0.975477 0.0676899 0.0442149
0 0.110171 0.98496 0.0434517 0.0243898
0 0.540593 0.84925 0.0068634 0.0258713
0 0.918107 0.972845 0.0185741 0.0394365
37 0.0967348 0.994134 0.0484206 0.00826145
0 0.766315 0.779815 0.0123944 0.051652
0 0.984302 0.6755 0.00717411 0.0174572
0 0.511136 0.771405 0.00822201 0.015822
37 0.0220953 0.939284 0.0441907 0.029904
37 0.00909635 0.760137 0.0180836 0.00862071
37 0.198478 0.915626 0.047367 0.0322444
0 0.764819 0.787515 0.0100922 0.059642
0 0.973517 0.762897 0.0188316 0.0286674
0 0.966756 0.744552 0.00829849 0.031218
8 0.0220649 0.939147 0.0441226 0.0296951
0 0.48449 0.771393 0.0052103 0.0187286
0 0.577657 0.87591 0.0328263 0.0143319
0 0.304119 0.754428 0.00724955 0.0172251
0 0.119817 0.985357 0.0227884 0.0227315
0 0.947986 0.851656 0.0327557 0.0440386
0 0.304934 0.755084 0.0111161 0.0180206
16 0.674855 0.815977 0.0137625 0.0196052
0 0.328227 0.712121 0.00694203 0.0175842
8 0.984097 0.690764 0.0313515 0.0208041
0 0.120622 0.985083 0.0378067 0.0212606
37 0.0817031 0.753093 0.0136509 0.0120238
0 0.957655 0.84864 0.0143566 0.0364302
0 0.713304 0.831252 0.0231458 0.0325601
0 0.774057 0.77943 0.0112858 0.0525876
0 0.0785197 0.752861 0.0196551 0.0130592
0 0.834123 0.834781 0.0211716 0.0337548
0 0.771006 0.792076 0.0126015 0.0553582
0 0.11195 0.981455 0.0250005 0.0222917
0 0.678233 0.799435 0.0179214 0.0486079
0 0.937825 0.724917 0.00631027 0.020423
0 0.972846 0.753533 0.00545368 0.0105632
37 0.00714691 0.758544 0.0142428 0.00999061
24 0.153403 0.983166 0.0178243 0.0132813
0 0.965169 0.743033 0.011253 0.0391946
0 0.882011 0.984909 0.0425638 0.0289015
0 0.125428 0.985864 0.0268864 0.0211166
0 0.986115 0.674659 0.00771408 0.0187409
0 0.952532 0.860421 0.0232327 0.0232866
0 0.875959 0.760256 0.00507889 0.019008
16 0.677037 0.81462 0.0189905 0.0221936
0 0.484393 0.769086 0.00619202 0.0237362
37 0.103019 0.985876 0.0599456 0.0236971
0 0.982989 0.653202 0.00590534 0.0195133
0 0.897707 0.975452 0.0248779 0.0311276
8 0.321 0.712465 0.0213223 0.0191328
37 0.884429 0.719093 0.0436941 0.0169625
33 0.390965 0.817047 0.0181982 0.0531623
0 0.00618505 0.978601 0.0122597 0.0193349
0 0.973956 0.769723 0.0194845 0.0159922
0 0.102156 0.985664 0.0593201 0.0242452
0 0.852017 0.839564 0.0225491 0.0249651
0 0.675203 0.815707 0.0153503 0.0202679
0 0.970274 0.67057 0.00492001 0.010454
0 0.841353 0.8344 0.0447708 0.0363719
0 0.773216 0.80792 0.0220826 0.0280992
0 0.968405 0.745791 0.00971527 0.0325806
0 0.293011 0.734197 0.00862865 0.0108668
37 0.0865478 0.758349 0.0260496 0.00919173
0 0.930542 0.748527 0.0146675 0.0450345
8 0.887757 0.716794 0.0513378 0.0221973
0 0.922318 0.979146 0.0248192 0.029805
8 0.299634 0.736274 0.022445 0.0114163
0 0.773209 0.794849 0.020705 0.0526501
37 0.58485 0.914061 0.0455046 0.0135927
0 0.320998 0.71233 0.0214411 0.0193353
8 0.080115 0.753675 0.0179406 0.0122545
0 0.0851665 0.741642 0.00787945 0.00966119
37 0.0866944 0.75592 0.0247223 0.0127896
0 0.982977 0.655898 0.00710659 0.019113
8 0.157975 0.740917 0.0220446 0.0112447
0 0.0567811 0.751777 0.0066282 0.00808885
0 0.995281 0.808788 0.00896416 0.0290322
0 0.577573 0.872991 0.0336269 0.0202877
37 0.752574 0.826319 0.0284708 0.00700446
8 0.320307 0.716023 0.0193218 0.0108063
0 0.979962 0.652437 0.00639763 0.0179031
0 0.873658 0.984737 0.0252325 0.0266424
0 0.895438 0.972946 0.01954 0.0308807
0 0.0798394 0.747898 0.0227488 0.0237098
33 0.391078 0.809274 0.0180205 0.0366096
0 0.499791 0.812813 0.0073905 0.0224911
0 0.876063 0.76651 0.00559425 0.0323846
0 0.947058 0.866115 0.0339722 0.0155423
0 0.425619 0.910586 0.0157552 0.0483843
