0 0.464453 0.838373 0.0147787 0.0628808
0 0.452823 0.833717 0.0112511 0.0675334
0 0.830723 0.834383 0.0173458 0.0340156
0 0.706797 0.790873 0.0101101 0.0475165
0 0.795263 0.775271 0.0106777 0.0490753
0 0.807595 0.773495 0.0086586 0.0434174
0 0.694731 0.793071 0.0093256 0.0463501
0 0.718594 0.830168 0.0145713 0.0315982
0 0.879101 0.758831 0.00913963 0.0487318
0 0.847402 0.765822 0.00877743 0.0482537
0 0.755073 0.78206 0.00779953 0.0488703
0 0.276511 0.728302 0.00781002 0.0173242
0 0.85636 0.83048 0.0165825 0.0332242
0 0.743538 0.785029 0.00896072 0.0480492
4 0.419197 0.316681 0.016639 0.00951038
0 0.967999 0.738301 0.00697937 0.0339535
0 0.533101 0.816031 0.0100597 0.0399089
0 0.841982 0.765902 0.00669212 0.0459001
0 0.0712733 0.742891 0.00696671 0.0276564
0 0.33787 0.756532 0.00766993 0.0221578
0 0.892435 0.976237 0.061887 0.0453349
0 0.95353 0.849321 0.0219566 0.0411867
0 0.458457 0.783228 0.00763988 0.0250658
0 0.434922 0.913854 0.0214518 0.0379067
0 0.0084069 0.747796 0.00896826 0.0184035
0 0.957189 0.848013 0.0151222 0.0381198
37 0.198321 0.915856 0.0457655 0.0312792
0 0.823463 0.779242 0.00594502 0.0244921
0 0.973542 0.76259 0.0164894 0.0274906
0 0.904145 0.973026 0.0386629 0.0391527
0 0.879149 0.678965 0.00739994 0.0206134
0 0.11623 0.98357 0.0322155 0.0241435
0 0.0724052 0.743117 0.0100041 0.0278653
0 0.931615 0.728003 0.00617332 0.0225481
0 0.354482 0.989328 0.0154727 0.0212908
0 0.319351 0.710202 0.00556421 0.0167721
0 0.958816 0.747282 0.00999718 0.0398624
0 0.74689 0.786883 0.00761805 0.0394535
37 0.0221852 0.938794 0.0443704 0.0291165
0 0.529471 0.740235 0.00711899 0.00884196
0 0.00588912 0.975702 0.0117096 0.0263448
0 0.771991 0.698504 0.00621319 0.0181637
0 0.854044 0.831609 0.021966 0.0362108
0 0.0516382 0.752039 0.00573155 0.00712179
0 0.897376 0.679031 0.00670128 0.0206221
0 0.958034 0.75516 0.00884781 0.0269009
0 0.675274 0.815271 0.0154674 0.0209771
0 0.108633 0.984258 0.051867 0.0260327
16 0.67519 0.8154 0.0152061 0.0209293
37 0.0975396 0.99441 0.0498386 0.0081526
0 0.190852 0.734122 0.0113774 0.0084632
0 0.883613 0.984015 0.0450676 0.0302833
0 0.885602 0.978761 0.0487186 0.0406569
0 0.78902 0.698655 0.00460463 0.0179079
0 0.71482 0.830785 0.0225269 0.0319529
0 0.919773 0.680624 0.00811405 0.0140908
37 0.102846 0.993466 0.0603984 0.00914985
0 0.752953 0.790966 0.00930328 0.03346
0 0.958932 0.73861 0.0086256 0.0257168
0 0.00969768 0.976176 0.0193621 0.0283308
37 0.534236 0.740652 0.0170825 0.00942298
0 0.973225 0.673562 0.00552921 0.0184095
0 0.94947 0.858644 0.0136799 0.0229909
0 0.995886 0.813884 0.00782661 0.0145237
0 0.45699 0.783409 0.0106384 0.0259728
0 0.577533 0.875677 0.0331348 0.0142212
0 0.44117 0.771842 0.00835953 0.0187934
37 0.577483 0.875417 0.0324979 0.013855
0 0.982758 0.673982 0.00532379 0.0178124
0 0.109828 0.981509 0.0199531 0.0222146
0 0.971393 0.762237 0.0107605 0.0272997
0 0.770819 0.812416 0.0137459 0.0148907
0 0.143937 0.739792 0.0139181 0.00907254
0 0.862635 0.83378 0.0344505 0.0390828
0 0.912948 0.972444 0.0204546 0.0381785
0 0.303823 0.730183 0.00864968 0.00860833
0 0.124337 0.985243 0.0299678 0.0223345
0 0.31855 0.711813 0.00753641 0.0208088
0 0.155404 0.739752 0.0070518 0.00757277
0 0.872762 0.845668 0.0141167 0.0144655
0 0.146573 0.740257 0.023315 0.00987549
0 0.823757 0.781508 0.00708961 0.0294406
0 0.958386 0.753127 0.0135241 0.0405945
24 0.153695 0.982813 0.0187085 0.013729
0 0.948029 0.850648 0.0316467 0.0448434
0 0.772906 0.812055 0.00850143 0.0145223
0 0.391274 0.831598 0.0182106 0.0856281
0 0.95768 0.753119 0.0108356 0.031425
8 0.312678 0.732346 0.0305851 0.00991923
0 0.318237 0.713924 0.00789065 0.0121114
0 0.922634 0.975616 0.0269806 0.0366855
8 0.592814 0.799831 0.116059 0.0352498
0 0.981953 0.665999 0.00728531 0.0317947
0 0.983019 0.67793 0.00532913 0.0142232
0 0.946222 0.859245 0.0302303 0.0286089
37 0.310964 0.730466 0.0288671 0.0101869
0 0.779793 0.816029 0.00773869 0.00984361
0 0.773912 0.812732 0.0194987 0.01638
37 0.93707 0.86694 0.013336 0.0150886
0 0.306892 0.730453 0.00993595 0.00821567
0 0.983285 0.663185 0.00667477 0.0201933
0 0.913762 0.974382 0.0454065 0.0430883
37 0.0106185 0.759695 0.0187291 0.00778334
0 0.860839 0.845936 0.038427 0.0157498
37 0.944071 0.865646 0.0263577 0.0177419
0 0.442239 0.772855 0.0110573 0.0208462
33 0.391328 0.811979 0.0170009 0.0450448
37 0.189242 0.73509 0.0150966 0.00948503
4 0.79068 0.319309 0.00748663 0.00935677
0 0.535054 0.817513 0.013625 0.0436835
0 0.708081 0.831914 0.0349002 0.0310764
37 0.96053 0.772231 0.0211674 0.0114916
0 0.918396 0.973148 0.0182835 0.0394711
0 0.54082 0.844196 0.00517015 0.0195214
37 0.853037 0.84556 0.0258139 0.0141062
33 0.391371 0.831448 0.0178648 0.0857808
