0 0.486941 0.826624 0.0115763 0.0555398
0 0.841917 0.767025 0.00862541 0.0456255
0 0.796286 0.775911 0.00873537 0.0484456
0 0.556744 0.818245 0.0114887 0.0496301
0 0.635262 0.801192 0.0141167 0.0542487
0 0.740868 0.784451 0.00923338 0.0534159
0 0.452252 0.834248 0.0126514 0.0656962
0 0.434103 0.905348 0.0230284 0.0519514
0 0.830831 0.834956 0.0177807 0.033119
0 0.673269 0.794772 0.00938644 0.0561196
0 0.704927 0.791305 0.0102821 0.0459841
0 0.95365 0.85086 0.0220215 0.0404219
0 0.718586 0.829663 0.014373 0.0326046
0 0.0171002 0.752178 0.00973701 0.0174377
0 0.114563 0.982465 0.0335635 0.0278198
0 0.691389 0.796472 0.0079649 0.0491387
37 0.0220991 0.937946 0.0441983 0.0277288
37 0.198128 0.915512 0.0456364 0.032018
0 0.854822 0.82984 0.0166733 0.0338477
0 0.698134 0.793764 0.0062748 0.0442454
0 0.890854 0.975564 0.0591953 0.0467126
0 0.315737 0.710658 0.00766926 0.0215294
0 0.354976 0.989127 0.0151464 0.0217455
0 0.291013 0.724748 0.00729361 0.0165958
0 0.902963 0.972288 0.0358627 0.0404629
0 0.696256 0.795025 0.00856628 0.0458971
37 0.0954108 0.994174 0.0462824 0.00799561
0 0.47548 0.857896 0.0189352 0.0221985
0 0.105965 0.982823 0.0502602 0.0290105
0 0.910635 0.973294 0.0490463 0.0424079
0 0.0661971 0.735731 0.00676638 0.0204074
0 0.428769 0.762479 0.0208748 0.0127445
0 0.974282 0.76239 0.0181236 0.0274797
0 0.488816 0.729605 0.00720539 0.0111832
0 0.00563498 0.978598 0.0112264 0.0200053
0 0.773679 0.813002 0.0219881 0.0171295
0 0.883449 0.984786 0.0446913 0.028597
0 0.273499 0.728992 0.00675001 0.0157315
0 0.162463 0.727715 0.0113625 0.0108734
0 0.364052 0.772287 0.0177096 0.012792
0 0.715381 0.83011 0.0214693 0.0333033
0 0.822566 0.697279 0.00577164 0.0182719
0 0.0670789 0.737819 0.00906406 0.0258667
0 0.935253 0.727095 0.00672455 0.0240167
37 0.577144 0.875282 0.0332923 0.0133094
0 0.972961 0.751447 0.00713921 0.0150074
0 0.974567 0.770689 0.0185198 0.0118983
0 0.577425 0.875764 0.0331676 0.0132562
0 0.972105 0.741979 0.0102453 0.0309035
0 0.919489 0.973145 0.0327684 0.0425329
0 0.88402 0.978905 0.0455059 0.0394389
0 0.391091 0.832144 0.018418 0.0871897
0 0.974566 0.756897 0.0187416 0.0391717
0 0.0683152 0.741424 0.0114834 0.0320092
0 0.996405 0.815198 0.00677109 0.0115967
0 0.996266 0.81049 0.0070591 0.0213131
37 0.852506 0.84911 0.025901 0.00910916
0 0.935609 0.730807 0.00707874 0.0185939
37 0.826891 0.812508 0.0218197 0.0123454
0 0.974335 0.767986 0.0188274 0.0176546
0 0.936224 0.720921 0.00888119 0.0158502
0 0.997235 0.671396 0.00482674 0.0151747
0 0.293162 0.725228 0.0128527 0.0156104
33 0.391016 0.832685 0.0180635 0.087619
0 0.972582 0.672945 0.00479679 0.0192045
37 0.588359 0.913627 0.0403299 0.0109224
37 0.284152 0.727993 0.00752931 0.00754005
37 0.572598 0.812589 0.0198015 0.0110998
0 0.848601 0.698592 0.00532455 0.0183351
0 0.141997 0.738433 0.00729384 0.00820177
0 0.78068 0.813641 0.01579 0.0157179
0 0.943046 0.674119 0.012011 0.017171
0 0.935955 0.867198 0.0117796 0.0150791
0 0.855309 0.795065 0.0167366 0.0125378
0 0.893827 0.684144 0.00388203 0.0185459
37 0.585424 0.912745 0.0468267 0.0138201
37 0.929118 0.720884 0.0312202 0.0164985
0 0.0695346 0.747009 0.0136897 0.0209144
0 0.947256 0.85329 0.0342464 0.0431135
0 0.952913 0.859897 0.0189903 0.0241801
8 0.928997 0.720701 0.030714 0.0165961
0 0.133318 0.74002 0.00526214 0.00737644
37 0.577376 0.881576 0.0329727 0.00823652
0 0.688963 0.796533 0.0116417 0.0509906
37 0.677047 0.816727 0.0135469 0.0156954
37 0.944431 0.86615 0.027899 0.0164229
0 0.490747 0.729975 0.0115713 0.0115489
37 0.843725 0.847456 0.044467 0.0129015
0 0.00930929 0.978904 0.0186186 0.0219371
37 0.577372 0.879258 0.0333889 0.0121646
8 0.36271 0.772965 0.0211664 0.0133213
0 0.961788 0.851723 0.0236202 0.0417825
0 0.871806 0.845285 0.0134083 0.0156165
0 0.936011 0.726417 0.0132641 0.0249098
37 0.592598 0.913841 0.0312246 0.00968492
0 0.068236 0.751109 0.0105144 0.0152293
37 0.791295 0.821289 0.0214674 0.00615845
0 0.914372 0.969119 0.00975571 0.0346069
0 0.838198 0.835427 0.0327202 0.0339976
0 0.851201 0.832826 0.0239609 0.0348823
37 0.753564 0.828132 0.0294592 0.0093099
0 0.94532 0.866514 0.0284767 0.015466
0 0.158634 0.728042 0.0203635 0.0119222
37 0.679625 0.817808 0.0163773 0.0139537
37 0.099929 0.991909 0.0542931 0.0118756
37 0.423462 0.924286 0.0165107 0.0173655
0 0.825768 0.812736 0.0237648 0.0129669
8 0.269947 0.728867 0.0144838 0.0175741
0 0.0802884 0.750561 0.00475392 0.0131961
0 0.101686 0.98893 0.0570884 0.0171112
0 0.794076 0.776252 0.0130846 0.04895
