0 0.452164 0.833792 0.0121541 0.066067
0 0.476943 0.822967 0.0141096 0.046562
0 0.554487 0.818835 0.0114655 0.049472
0 0.842057 0.767053 0.00887699 0.0452362
0 0.621528 0.804423 0.011092 0.0545921
0 0.662768 0.795624 0.0121345 0.055818
0 0.718017 0.83042 0.0137396 0.0312368
0 0.441226 0.892025 0.0161104 0.0805071
0 0.796549 0.775769 0.00836048 0.0485779
0 0.953512 0.850376 0.0226162 0.0399694
0 0.114331 0.983319 0.0331973 0.0274651
0 0.831316 0.835224 0.0189093 0.0330397
0 0.0187936 0.750909 0.0121632 0.0202694
0 0.701955 0.792216 0.0109411 0.0467506
0 0.734724 0.7845 0.00819302 0.0492171
0 0.934425 0.727187 0.0070652 0.0224979
37 0.0220588 0.939124 0.0441175 0.0308109
0 0.0653532 0.738675 0.00697012 0.0202372
0 0.856448 0.829813 0.0136217 0.0328915
0 0.691711 0.793624 0.0101847 0.0478655
0 0.674923 0.815385 0.0172977 0.0186461
0 0.974981 0.762081 0.0169855 0.0273943
0 0.90687 0.972526 0.0441584 0.0411262
0 0.484392 0.856591 0.0356223 0.0264498
0 0.318815 0.710462 0.00526781 0.0151354
0 0.354998 0.989176 0.0149077 0.0216471
0 0.476089 0.856281 0.018412 0.02561
37 0.198121 0.915205 0.0450936 0.0335531
0 0.89347 0.975485 0.0645706 0.0467604
0 0.852872 0.830734 0.0217144 0.0358278
37 0.0223581 0.761392 0.0221712 0.00714552
0 0.489046 0.727768 0.013208 0.0136017
0 0.00599 0.978552 0.0118866 0.020814
37 0.853196 0.848249 0.0247776 0.00918969
0 0.883469 0.9807 0.0449371 0.0372087
0 0.368782 0.772397 0.00577898 0.0129725
0 0.995888 0.813492 0.00781403 0.0160194
8 0.198003 0.914487 0.045013 0.0344911
0 0.699669 0.792718 0.00749674 0.0458642
37 0.098497 0.994221 0.0532896 0.00847236
0 0.29126 0.723378 0.00643654 0.0144185
0 0.431785 0.764297 0.0184628 0.0139567
0 0.967289 0.748284 0.00817757 0.0344618
0 0.771465 0.813348 0.0192585 0.0170376
0 0.834869 0.835793 0.0146984 0.0323503
0 0.0679463 0.741276 0.0130509 0.0250005
37 0.577873 0.875279 0.0334544 0.0140137
0 0.92061 0.972804 0.0239698 0.0414473
37 0.0675258 0.750591 0.0110143 0.00867276
0 0.103331 0.98361 0.0553385 0.0278339
37 0.853217 0.84438 0.0234131 0.0105742
0 0.166167 0.728859 0.00673132 0.00837487
0 0.578076 0.875458 0.0337694 0.0147475
0 0.826587 0.835387 0.0105621 0.0309777
0 0.890664 0.685557 0.00397759 0.0191469
0 0.9685 0.752198 0.00974274 0.042701
0 0.983711 0.661976 0.00358849 0.0135706
0 0.43717 0.892137 0.0245293 0.0816983
0 0.951306 0.861431 0.0183006 0.0193783
0 0.732222 0.783545 0.0140968 0.0516215
0 0.664101 0.79006 0.0107918 0.0454807
0 0.825562 0.695889 0.00667973 0.0159301
0 0.914937 0.971759 0.0108673 0.0399665
0 0.273822 0.731742 0.00456586 0.0166706
37 0.585364 0.913899 0.0477488 0.0114729
0 0.7791 0.817063 0.00957851 0.0117581
0 0.00921371 0.978487 0.0183372 0.0232612
0 0.0821086 0.747831 0.0058636 0.0109558
0 0.315825 0.713712 0.00655384 0.00916239
0 0.162918 0.729358 0.0134292 0.00929633
37 0.988794 0.754644 0.0219547 0.0103661
0 0.798542 0.775763 0.012528 0.0489526
37 0.067549 0.751849 0.0130649 0.0108344
0 0.958766 0.851259 0.0205299 0.0410902
0 0.953146 0.683705 0.00519238 0.0180522
37 0.0193571 0.753475 0.0140139 0.0209971
37 0.706142 0.842877 0.0119286 0.00895589
37 0.955589 0.866305 0.0296732 0.0151893
37 0.593533 0.913536 0.0629635 0.012291
0 0.707386 0.785412 0.0048502 0.0155329
24 0.153408 0.983539 0.0185 0.0129388
8 0.149346 0.734114 0.0456126 0.0186445
0 0.560906 0.813266 0.0050209 0.0182437
0 0.700139 0.793151 0.015799 0.0500044
0 0.972451 0.670001 0.00751553 0.0147003
0 0.778624 0.815702 0.0118256 0.0156813
33 0.39121 0.811857 0.0174259 0.0453885
8 0.198099 0.907204 0.0462357 0.0492004
0 0.842999 0.836253 0.0439127 0.0330268
37 0.0728443 0.747183 0.0241544 0.0145494
0 0.391321 0.832677 0.0176187 0.0875404
37 0.956619 0.869567 0.0274561 0.00899116
0 0.70428 0.790231 0.011401 0.0428567
37 0.929144 0.728906 0.0273912 0.017238
0 0.135228 0.737134 0.00635531 0.00862088
37 0.921535 0.728482 0.049852 0.0145036
0 0.941002 0.675976 0.00519695 0.0177377
0 0.494484 0.863975 0.0158783 0.00925463
37 0.603438 0.914094 0.043446 0.0109702
0 0.540657 0.848704 0.00795717 0.0281837
37 0.956732 0.867188 0.0269253 0.0111389
37 0.948511 0.865904 0.0355499 0.0168861
8 0.0733411 0.750577 0.0253694 0.0251027
0 0.956479 0.855022 0.0269295 0.0342295
0 0.932628 0.727024 0.0108566 0.0230659
0 0.973916 0.752936 0.0219692 0.0463036
0 0.872548 0.845763 0.0147038 0.0147688
8 0.292084 0.726277 0.0204385 0.0103994
0 0.996891 0.672925 0.00546684 0.0100922
0 0.00637083 0.97351 0.0126043 0.0324397
0 0.882526 0.986183 0.0433842 0.0266954
37 0.28654 0.726289 0.00841484 0.00706855
37 0.831633 0.785004 0.010881 0.00874091
0 0.130192 0.982974 0.0645196 0.026309
0 0.995752 0.801793 0.00804329 0.0401355
0 0.849071 0.696808 0.00529118 0.0162957
37 0.988271 0.759522 0.0230213 0.0167796
0 0.291659 0.72359 0.0166998 0.0126795
0 0.0227054 0.755175 0.0210063 0.0191294
37 0.790769 0.821389 0.0262331 0.00610182
37 0.953831 0.863987 0.0250431 0.0193241
37 0.0184312 0.760839 0.0249671 0.00802307
37 0.937663 0.72478 0.0655418 0.0250144
0 0.901549 0.974736 0.032822 0.0354143
33 0.391904 0.808947 0.0150856 0.0332328
0 0.767608 0.81363 0.0214703 0.0184467
37 0.937103 0.867128 0.0152348 0.0148805
24 0.93573 0.86716 0.0121906 0.0147746
0 0.976315 0.771437 0.0181309 0.00985209
0 0.77406 0.81332 0.0295546 0.0188856
37 0.795898 0.81767 0.0395246 0.0108738
