0 0.452951 0.833953 0.0126747 0.0677165
0 0.481377 0.831447 0.0145794 0.0637115
0 0.185831 0.876015 0.0128786 0.0523521
0 0.809859 0.773961 0.00784836 0.0416831
0 0.697791 0.79286 0.00927372 0.0503994
0 0.787785 0.776989 0.0112213 0.0471469
0 0.985013 0.738462 0.0100025 0.0472439
0 0.842933 0.765489 0.00996933 0.0470591
0 0.42417 0.915229 0.0199137 0.0400218
0 0.953547 0.849024 0.0222328 0.0419685
0 0.775318 0.778974 0.0114592 0.0486203
0 0.497156 0.80706 0.011408 0.0378348
0 0.965249 0.747076 0.0108356 0.0564675
0 0.831269 0.768725 0.00800304 0.0421044
0 0.717262 0.830296 0.0148293 0.0313812
0 0.680365 0.793535 0.00942335 0.0385785
0 0.860195 0.7621 0.00682526 0.0397335
0 0.935758 0.747289 0.00986977 0.0452503
0 0.83033 0.8345 0.0181084 0.0329851
0 0.76492 0.697595 0.00679121 0.0168571
0 0.855762 0.830804 0.0156284 0.0331039
0 0.783624 0.697775 0.00678177 0.0167604
0 0.115256 0.98416 0.0309516 0.0221731
0 0.354932 0.98921 0.0148658 0.0215798
0 0.907008 0.973246 0.0431787 0.0398605
0 0.510839 0.778579 0.0104935 0.0241672
37 0.1989 0.915817 0.0451427 0.0310306
0 0.853507 0.83175 0.0212616 0.0347041
0 0.883372 0.980337 0.0449711 0.0370585
0 0.995626 0.81363 0.00832634 0.0182975
0 0.00886134 0.749214 0.00809553 0.0178229
0 0.299341 0.754603 0.00902977 0.0192074
0 0.894704 0.976036 0.0673027 0.0447557
8 0.198885 0.915895 0.0452201 0.0314709
0 0.486101 0.766509 0.00641289 0.022034
37 0.0220551 0.938711 0.0441101 0.0300168
0 0.00598926 0.981526 0.0118979 0.0138643
0 0.00654849 0.749566 0.0130066 0.0182014
0 0.3292 0.712497 0.00562849 0.0204976
0 0.921577 0.973666 0.0262918 0.0408042
0 0.108661 0.984931 0.0457324 0.0243401
0 0.90979 0.74179 0.00831337 0.020492
37 0.0951822 0.99422 0.0453419 0.00801799
0 0.5406 0.849405 0.0069725 0.0260457
0 0.391195 0.813046 0.0174476 0.0462514
0 0.8751 0.678937 0.00918846 0.0215534
0 0.303907 0.75526 0.00575638 0.0166996
0 0.952793 0.856063 0.021125 0.0296639
0 0.365416 0.729191 0.00611801 0.0116021
37 0.101813 0.991204 0.0581362 0.0130776
0 0.948225 0.851417 0.0321257 0.0441576
0 0.918139 0.972772 0.0183174 0.0397949
8 0.0781285 0.75142 0.0207781 0.0126034
25 0.0220902 0.938835 0.0440358 0.0303938
8 0.022041 0.938576 0.0440757 0.0300052
0 0.577616 0.875825 0.032599 0.0144441
0 0.833641 0.834477 0.0186668 0.0338986
0 0.883238 0.76307 0.00632248 0.0218953
0 0.0588936 0.750904 0.00496004 0.00840318
0 0.294075 0.734636 0.00859542 0.00806139
16 0.675639 0.816044 0.0168625 0.0191793
0 0.987997 0.671824 0.00570068 0.0188986
8 0.368142 0.732086 0.0188427 0.0122013
0 0.861761 0.76357 0.00991821 0.0428213
0 0.713327 0.831618 0.0223447 0.0335493
0 0.676602 0.799237 0.0177783 0.0512544
0 0.908821 0.683451 0.00615387 0.012165
0 0.978287 0.649131 0.00416451 0.0157035
0 0.676089 0.815514 0.0180552 0.0205582
0 0.901496 0.974125 0.0321701 0.0362851
37 0.297325 0.73654 0.0175285 0.00888994
0 0.705883 0.831411 0.0379431 0.0331363
8 0.972332 0.690497 0.0550533 0.0197576
24 0.153422 0.983202 0.0178172 0.0133972
0 0.123817 0.985694 0.0299991 0.0214935
0 0.298661 0.754766 0.0135878 0.0203413
33 0.391206 0.812821 0.0176366 0.0456716
0 0.368461 0.731023 0.0191901 0.0142066
0 0.841553 0.834725 0.0447556 0.0365852
0 0.204193 0.730399 0.00723939 0.00996077
0 0.952236 0.662151 0.00356598 0.00835164
0 0.972776 0.752106 0.00535736 0.00808072
0 0.00606295 0.978562 0.0120151 0.0191627
37 0.577564 0.875427 0.0324392 0.0139016
0 0.489603 0.769916 0.0139998 0.0293518
0 0.948477 0.865549 0.0374111 0.0170386
0 0.995357 0.808673 0.00881043 0.0286821
8 0.0778794 0.754742 0.0211778 0.0187222
0 0.423835 0.923478 0.0171229 0.0250402
0 0.880336 0.985876 0.039415 0.0271186
37 0.58487 0.914466 0.0457514 0.0137651
0 0.980717 0.650128 0.00762177 0.0177455
0 0.982452 0.651717 0.00544624 0.019053
0 0.936388 0.724372 0.00703049 0.0182746
0 0.488086 0.768857 0.0104389 0.0273929
0 0.967203 0.744183 0.0138615 0.0517459
8 0.849216 0.83499 0.05993 0.039839
0 0.95701 0.847389 0.0150669 0.0405914
0 0.962156 0.740384 0.00692596 0.03253
0 0.206082 0.730227 0.0134913 0.0107239
37 0.09876 0.986872 0.0523551 0.020148
8 0.368697 0.735668 0.0206454 0.00986532
0 0.577617 0.872905 0.0334037 0.0204078
0 0.883418 0.767354 0.00708294 0.0310683
0 0.874714 0.984824 0.0273048 0.0269436
0 0.119843 0.983054 0.0406548 0.0252921
0 0.897826 0.975657 0.0245657 0.0305632
33 0.391383 0.804623 0.0167656 0.0277351
