0 0.452608 0.833617 0.0125778 0.06874
0 0.728638 0.788737 0.00861034 0.0431912
0 0.796947 0.775901 0.00924587 0.0497918
0 0.842738 0.766017 0.00901146 0.0465176
0 0.548301 0.813503 0.0116079 0.0504683
0 0.74253 0.78482 0.00909758 0.0460393
0 0.755399 0.780918 0.00797539 0.048839
0 0.830661 0.834656 0.017609 0.033528
0 0.855589 0.763839 0.0106129 0.0540585
0 0.69454 0.794823 0.00947437 0.0453925
0 0.704362 0.791835 0.0103237 0.0483393
0 0.825075 0.768384 0.0105846 0.0462748
0 0.472175 0.853518 0.0175945 0.0337436
0 0.953839 0.848913 0.0218407 0.0398834
0 0.718075 0.830333 0.013314 0.0317034
0 0.817124 0.778621 0.00581932 0.0276106
0 0.853119 0.832287 0.0212963 0.0343567
37 0.19885 0.916379 0.047008 0.0317812
0 0.352098 0.755785 0.0065671 0.0213396
0 0.891562 0.975972 0.0610109 0.045826
0 0.935327 0.727037 0.00685844 0.0220825
0 0.00561493 0.977121 0.0111833 0.0237973
0 0.273739 0.725755 0.00582113 0.0153225
0 0.904062 0.97299 0.0386957 0.0399146
0 0.11476 0.98122 0.0300725 0.0237857
0 0.791185 0.701778 0.00529156 0.0190887
0 0.712463 0.831034 0.0260616 0.0323486
0 0.319644 0.712182 0.0062438 0.018997
37 0.0220738 0.938212 0.0441477 0.0285429
0 0.433489 0.914298 0.0246878 0.0369593
0 0.577675 0.875791 0.0323835 0.0147127
0 0.354607 0.989269 0.0160892 0.0214623
0 0.10957 0.980523 0.0199041 0.0232018
0 0.00918749 0.750238 0.0104667 0.0193724
0 0.070482 0.742316 0.0103511 0.01819
0 0.984654 0.747046 0.00810089 0.0400472
0 0.856114 0.831071 0.0152906 0.0333769
0 0.675614 0.816747 0.0144209 0.0190384
0 0.99147 0.738206 0.00778847 0.0445614
0 0.440785 0.918839 0.00991936 0.0252879
0 0.531434 0.738592 0.0170963 0.0110053
0 0.8851 0.979098 0.0485443 0.0398285
8 0.0707484 0.743387 0.01027 0.0185944
4 0.392062 0.314163 0.0194755 0.00850915
0 0.141742 0.735765 0.00496721 0.0109172
0 0.108257 0.983694 0.0460223 0.026985
0 0.39141 0.828076 0.017811 0.0772
37 0.531415 0.738718 0.0170517 0.0104468
0 0.774342 0.699366 0.00678062 0.0178052
0 0.443694 0.779258 0.00607948 0.0169681
0 0.442531 0.780069 0.00900307 0.018955
0 0.951926 0.859155 0.0182209 0.023122
0 0.895129 0.681825 0.00747585 0.0168649
14 0.411238 0.76846 0.0044363 0.00803935
0 0.475532 0.852633 0.0131567 0.0327081
0 0.391289 0.813423 0.0171584 0.0462831
0 0.987282 0.743544 0.0116474 0.0477173
14 0.921569 0.680758 0.00665016 0.0119932
0 0.317205 0.712 0.0113672 0.0201684
37 0.102578 0.993439 0.0607028 0.00964779
8 0.153474 0.738306 0.0406382 0.0144009
0 0.119451 0.984462 0.0388551 0.0231447
0 0.922088 0.973711 0.026926 0.041216
0 0.996705 0.677341 0.0061615 0.0200958
14 0.996591 0.814154 0.00639496 0.0140967
0 0.974278 0.76313 0.0208059 0.0260881
0 0.99654 0.810915 0.00650749 0.0207272
0 0.541041 0.849114 0.00770035 0.0290731
0 0.440924 0.7788 0.0124743 0.0183375
0 0.773502 0.813011 0.0076004 0.0151269
0 0.428435 0.918961 0.0197462 0.0288161
0 0.858879 0.8343 0.0384214 0.0386458
0 0.934512 0.728595 0.0101563 0.0199838
8 0.154081 0.739733 0.0384993 0.010316
0 0.882743 0.682864 0.00796261 0.0110769
37 0.93453 0.735887 0.0121532 0.00773824
0 0.914108 0.974644 0.0425154 0.0435742
0 0.273024 0.73081 0.00795765 0.0252869
0 0.850993 0.83542 0.021884 0.0306447
0 0.140997 0.735349 0.00791366 0.01018
0 0.777277 0.813487 0.0126976 0.0158678
0 0.880313 0.985398 0.0388618 0.0276642
0 0.972361 0.673361 0.00574493 0.0189784
0 0.767844 0.813007 0.00897856 0.0152001
0 0.4111 0.76853 0.0043251 0.00894742
8 0.0641287 0.743043 0.0269802 0.0226846
0 0.430377 0.919488 0.0148094 0.0242206
8 0.291148 0.731673 0.0335773 0.015151
8 0.288994 0.734378 0.0392609 0.0119581
8 0.296472 0.729441 0.0220382 0.0122738
8 0.0720171 0.743063 0.0143114 0.0198703
0 0.680746 0.816444 0.0234018 0.0191267
37 0.956372 0.86687 0.0284172 0.0141181
0 0.956466 0.851344 0.0281353 0.0409488
0 0.881873 0.679436 0.00977936 0.01773
0 0.00889638 0.753168 0.0116832 0.0172974
8 0.306362 0.715975 0.0226577 0.00953471
0 0.121416 0.986177 0.0184227 0.0212372
8 0.295148 0.731464 0.0257011 0.0130273
0 0.936005 0.727252 0.0101702 0.0226586
37 0.102392 0.985057 0.0595002 0.0253357
0 0.839105 0.834165 0.035397 0.0350016
0 0.125562 0.986394 0.0270304 0.0207692
37 0.533799 0.738644 0.0228273 0.0113173
0 0.923981 0.978057 0.0235069 0.0316973
0 0.96003 0.849471 0.0170734 0.0397658
8 0.308375 0.714619 0.0268757 0.0120177
0 0.987897 0.740257 0.0149628 0.0517459
0 0.979326 0.673574 0.00889702 0.017285
0 0.973218 0.753246 0.0083334 0.00860833
0 0.437063 0.77652 0.00666027 0.0128906
8 0.295477 0.727116 0.0204771 0.00982395
24 0.153553 0.98337 0.0174788 0.012802
0 0.0538874 0.750992 0.00812486 0.0077986
37 0.957478 0.868691 0.0261162 0.0102431
0 0.0558949 0.751908 0.00472622 0.00886807
8 0.19019 0.732254 0.0096379 0.00953946
0 0.915238 0.969415 0.0110271 0.0330127
0 0.189864 0.732103 0.00930595 0.00962219
0 0.153507 0.983384 0.0175433 0.0131985
0 0.882511 0.681915 0.00908299 0.0194264
14 0.883442 0.246238 0.013471 0.00709525
8 0.288884 0.729347 0.0479745 0.0284451
37 0.955036 0.863974 0.0254255 0.019322
0 0.855427 0.758177 0.00940189 0.0381287
0 0.525045 0.738454 0.00743933 0.0105191
37 0.590822 0.913856 0.0477112 0.0122715
0 0.824533 0.814954 0.0243267 0.0101456
37 0.589763 0.912425 0.0563156 0.0143958
37 0.96958 0.863215 0.0357124 0.00993364
14 0.924848 0.680769 0.0135038 0.0126238
