0 0.453001 0.834047 0.0129835 0.0672763
0 0.236894 0.869619 0.0107049 0.0564426
0 0.8225 0.771242 0.00891075 0.0393321
0 0.698232 0.79574 0.00926733 0.0436742
0 0.953603 0.848764 0.0223293 0.0427804
0 0.843413 0.764566 0.00796337 0.0442973
0 0.480545 0.826388 0.0148541 0.0637836
0 0.422509 0.909853 0.018403 0.0498398
0 0.94973 0.744742 0.0104862 0.0465264
0 0.522203 0.777857 0.0118674 0.0254791
0 0.77588 0.776824 0.00745506 0.0505997
0 0.854625 0.7631 0.00912705 0.0399718
0 0.872271 0.76222 0.0101925 0.0379496
0 0.829474 0.833967 0.0175274 0.0317359
0 0.810914 0.771802 0.00870991 0.0413596
0 0.98189 0.73818 0.00867882 0.0454612
0 0.00968883 0.743036 0.0089533 0.0180554
0 0.969606 0.738168 0.0114021 0.0364188
0 0.932858 0.73079 0.00890312 0.0267849
0 0.765168 0.696116 0.00663757 0.0131215
0 0.679469 0.792786 0.0106312 0.0382585
37 0.198697 0.915678 0.0458176 0.032722
0 0.855405 0.830654 0.0185413 0.0338277
0 0.787568 0.776414 0.0081296 0.0478617
37 0.0221219 0.938361 0.0442438 0.0294027
0 0.354334 0.989193 0.0148241 0.0216131
0 0.717037 0.830417 0.0125451 0.0321896
0 0.905884 0.743137 0.00746384 0.0245589
0 0.33129 0.709152 0.0053997 0.0152703
0 0.883601 0.980235 0.0455647 0.0383723
0 0.791963 0.777689 0.0156929 0.0464618
0 0.114701 0.982908 0.0305083 0.0247765
0 0.995665 0.811899 0.00824661 0.0210405
0 0.71615 0.830711 0.0188332 0.0324588
0 0.371145 0.738335 0.00991964 0.0121446
0 0.917139 0.972812 0.0183603 0.0397434
0 0.795201 0.780499 0.00871048 0.0395206
0 0.781878 0.695511 0.00639191 0.0164912
0 0.00819521 0.743473 0.0123058 0.0190723
0 0.921421 0.97382 0.0271908 0.0420113
0 0.976602 0.67661 0.00550613 0.0228182
0 0.675945 0.816199 0.0151581 0.0175696
0 0.298377 0.742127 0.00566826 0.0146695
0 0.119834 0.984839 0.0404414 0.0229879
37 0.095588 0.994273 0.0467823 0.00829603
37 0.332356 0.715118 0.0391129 0.0103602
0 0.104709 0.984261 0.0528424 0.0261949
0 0.2011 0.728865 0.0117562 0.00837521
0 0.777284 0.777164 0.0105838 0.0507816
0 0.504808 0.782964 0.00950241 0.0178716
0 0.577003 0.874537 0.0336338 0.0166884
0 0.870673 0.681179 0.00851803 0.0162352
8 0.332443 0.715084 0.0397879 0.0104906
0 0.00562676 0.981434 0.0111707 0.014503
0 0.977076 0.654574 0.00833168 0.023508
0 0.974671 0.767216 0.0190842 0.0182885
0 0.913784 0.973053 0.0261566 0.0406365
0 0.10963 0.981376 0.0199691 0.0240618
0 0.895738 0.976525 0.0692246 0.0444434
0 0.769899 0.812606 0.016018 0.0159444
0 0.71275 0.831272 0.0214802 0.033193
0 0.908031 0.973612 0.0416054 0.0411372
8 0.298525 0.748462 0.0232075 0.0264699
0 0.291768 0.754517 0.00866961 0.0135378
8 0.922959 0.685297 0.0362152 0.0198527
0 0.895514 0.762896 0.00649338 0.0222487
8 0.0686341 0.744301 0.0232405 0.0219945
0 0.48607 0.810881 0.00879803 0.040507
8 0.299463 0.752687 0.0246757 0.0202248
0 0.107822 0.74044 0.0137552 0.0120356
8 0.582244 0.320794 0.0144379 0.0074195
0 0.391311 0.817603 0.0170753 0.0562012
37 0.101527 0.985888 0.0587966 0.0239088
0 0.0750757 0.742811 0.0100844 0.0185476
8 0.959172 0.678619 0.0234007 0.0191591
0 0.705667 0.831465 0.0384235 0.0337874
0 0.00807566 0.749329 0.0128529 0.00823788
0 0.124986 0.985565 0.0289892 0.0221202
8 0.0749048 0.742997 0.0105826 0.0188989
0 0.958116 0.847961 0.0138672 0.0384859
37 0.692578 0.841817 0.0328618 0.0145059
37 0.852816 0.84691 0.0262154 0.0116954
0 0.765979 0.695646 0.00845432 0.0150728
0 0.678672 0.816148 0.0197105 0.0184519
0 0.880383 0.984403 0.0388466 0.0303669
37 0.421548 0.927399 0.0172018 0.0157533
0 0.300267 0.743203 0.0111619 0.0172262
0 0.992939 0.659936 0.00518837 0.0105833
37 0.935915 0.866092 0.0116407 0.0152869
37 0.858363 0.845344 0.0402035 0.0175181
26 0.935961 0.865666 0.0116745 0.016164
37 0.790696 0.820818 0.0239699 0.00660706
37 0.00937569 0.749852 0.0144715 0.00759413
37 0.843331 0.845666 0.0458277 0.017255
0 0.481788 0.815 0.0159046 0.0483095
0 0.842099 0.835275 0.0434834 0.0350074
0 0.203055 0.729086 0.0164571 0.00899387
8 0.870647 0.682127 0.0113325 0.0174817
0 0.861127 0.831812 0.0296364 0.0396322
0 0.767477 0.696488 0.0116077 0.0138443
0 0.779187 0.81638 0.00764637 0.00957489
0 0.947379 0.851155 0.0344978 0.0460629
24 0.153714 0.983383 0.0181849 0.0130083
37 0.946822 0.86532 0.0338326 0.0183906
0 0.853988 0.833334 0.0462593 0.0410153
0 0.487297 0.809504 0.00775871 0.0409431
0 0.916563 0.975484 0.0372139 0.0431966
0 0.589222 0.906842 0.0379551 0.0233534
8 0.159435 0.739171 0.0199181 0.0113468
0 0.975851 0.655527 0.0105608 0.0262581
0 0.540818 0.850685 0.00760078 0.0307256
0 0.87011 0.680542 0.0110203 0.0187687
0 0.159653 0.739345 0.0200838 0.0110579
0 0.677229 0.798433 0.0166513 0.051276
