0 0.452996 0.834067 0.012636 0.0674171
0 0.481864 0.831664 0.0155272 0.0649356
0 0.183287 0.875974 0.0157539 0.0516814
0 0.787647 0.776907 0.0109925 0.0469072
0 0.809805 0.774507 0.00780792 0.0430094
0 0.697803 0.793149 0.00908871 0.0506726
0 0.774513 0.779582 0.0118708 0.0485094
0 0.985062 0.738046 0.0100948 0.0464013
0 0.423804 0.914976 0.0211639 0.0402649
0 0.842905 0.766039 0.009865 0.0466404
0 0.935008 0.749568 0.0102928 0.04593
0 0.498069 0.807647 0.010996 0.0392768
0 0.953687 0.84888 0.0218992 0.0413578
0 0.965214 0.748001 0.0105328 0.0576458
0 0.717316 0.83032 0.0149545 0.0313717
0 0.859648 0.762323 0.0073267 0.0402225
0 0.832459 0.769121 0.00873871 0.0419318
0 0.765083 0.69735 0.00637302 0.0171208
0 0.830337 0.834458 0.0181087 0.0330299
0 0.680631 0.791858 0.0100098 0.0365445
0 0.855748 0.830848 0.0156555 0.0332621
0 0.115295 0.984133 0.0309736 0.0222076
0 0.783822 0.697931 0.00721169 0.0178954
0 0.354919 0.98921 0.0148952 0.0215807
0 0.906912 0.973244 0.0430134 0.0398524
8 0.198596 0.915898 0.0458165 0.0314694
0 0.509912 0.778059 0.0114343 0.0229672
0 0.995627 0.813616 0.00832481 0.0182983
0 0.853237 0.831751 0.0217316 0.0348026
0 0.883406 0.980443 0.0450741 0.0369497
37 0.198757 0.915827 0.045102 0.0310106
0 0.894787 0.976102 0.0675266 0.0448013
0 0.910494 0.742208 0.00835609 0.0201153
0 0.486859 0.766714 0.00794354 0.021627
0 0.328936 0.712581 0.00591936 0.021562
0 0.00895888 0.749156 0.00791149 0.0176963
0 0.00599136 0.981558 0.0119044 0.0138333
37 0.0951881 0.994215 0.0453377 0.00804647
0 0.921559 0.973642 0.0260857 0.0407466
0 0.107889 0.984918 0.0482273 0.0244466
0 0.540602 0.849389 0.0069809 0.0260851
37 0.0220559 0.938918 0.0441117 0.029857
0 0.00662027 0.74959 0.0130548 0.0181654
0 0.39134 0.812412 0.0175295 0.0472707
37 0.101661 0.992833 0.0579176 0.00995856
0 0.874603 0.678678 0.00934486 0.0212235
0 0.302413 0.755935 0.00884838 0.016193
0 0.676918 0.799364 0.0179148 0.051987
0 0.948928 0.850391 0.0303116 0.0447574
0 0.953015 0.856509 0.023617 0.0310157
8 0.0220485 0.938769 0.0440924 0.0299237
0 0.917982 0.972734 0.0179249 0.0397491
8 0.972936 0.688298 0.053614 0.0243351
0 0.676218 0.815703 0.0174856 0.0201619
0 0.911866 0.742551 0.0113119 0.0213004
0 0.833864 0.834857 0.0210396 0.0340736
0 0.577671 0.875831 0.032709 0.014464
0 0.365085 0.728755 0.00578909 0.0108273
25 0.0219891 0.939153 0.043949 0.0305832
0 0.293173 0.734368 0.00772805 0.00849677
0 0.882822 0.760303 0.00567589 0.0166687
0 0.300567 0.755459 0.0113989 0.0191461
8 0.368745 0.732477 0.0206866 0.0106603
0 0.713553 0.831571 0.0221578 0.0335134
8 0.0780455 0.751805 0.0211967 0.0121165
0 0.509834 0.782026 0.0123033 0.0305603
33 0.391435 0.812809 0.017389 0.0452799
0 0.982541 0.651174 0.00548229 0.0179403
0 0.978234 0.649129 0.00435448 0.0156594
0 0.708735 0.831375 0.0324493 0.0329563
0 0.935867 0.72545 0.00784435 0.0202118
0 0.936104 0.735239 0.00868664 0.0400391
0 0.861334 0.763909 0.0103479 0.0437246
0 0.0585235 0.751064 0.00489187 0.00828891
0 0.124353 0.985839 0.0293858 0.0212655
8 0.390555 0.792102 0.0684376 0.0245797
0 0.972347 0.7442 0.00564652 0.0224504
0 0.975337 0.763799 0.0159454 0.0244727
0 0.972684 0.752249 0.00518494 0.00818973
24 0.153418 0.983231 0.0178273 0.0133813
0 0.957125 0.847217 0.0149826 0.040214
0 0.00606711 0.978589 0.0120238 0.0191277
0 0.936131 0.740659 0.01106 0.0493371
0 0.841348 0.834502 0.0448666 0.0365885
0 0.995354 0.808643 0.00881577 0.028715
0 0.907632 0.975856 0.0551979 0.0432205
37 0.577627 0.875448 0.0325439 0.0138757
0 0.488936 0.771074 0.0141281 0.0302009
0 0.948784 0.865695 0.0379559 0.0168828
0 0.98271 0.654917 0.00657845 0.0242599
37 0.390078 0.792707 0.0681493 0.0223963
0 0.946917 0.85558 0.0334616 0.0375227
0 0.962318 0.740311 0.00809174 0.0336012
0 0.880213 0.985909 0.0391851 0.0270706
0 0.987749 0.673419 0.00590668 0.0169408
8 0.84332 0.835368 0.045196 0.0368551
37 0.584858 0.914452 0.0457689 0.0138472
0 0.11987 0.983102 0.0407159 0.0252711
0 0.908719 0.683741 0.00599594 0.0122236
37 0.0984927 0.987046 0.0518268 0.0198673
0 0.165128 0.739273 0.00635991 0.00872701
0 0.423679 0.925436 0.0179793 0.0208188
0 0.77936 0.816249 0.00814505 0.0115046
37 0.296655 0.736301 0.0190761 0.00976868
0 0.8979 0.975591 0.0247276 0.030778
37 0.949977 0.863846 0.0375851 0.0213686
0 0.967246 0.743586 0.0136345 0.0498806
37 0.935863 0.867144 0.011285 0.0147407
0 0.874591 0.984915 0.027054 0.026885
0 0.976142 0.769698 0.0145439 0.0129795
37 0.852566 0.844705 0.0248058 0.0153312
