0 0.284137 0.904408 0.0247106 0.0767219
0 0.379148 0.843981 0.0114909 0.0682729
0 0.635935 0.805901 0.00994997 0.0476064
0 0.452681 0.834446 0.0126245 0.0666434
0 0.84287 0.764527 0.00841866 0.0415046
0 0.797291 0.774658 0.00911961 0.049615
0 0.562134 0.812152 0.011484 0.0569702
0 0.702376 0.792257 0.0109479 0.0481342
0 0.718463 0.829512 0.0143826 0.0326608
0 0.729103 0.786968 0.00915661 0.0470401
0 0.688748 0.794099 0.00987244 0.0463287
0 0.554107 0.818255 0.00837746 0.0467222
0 0.518123 0.820451 0.0118832 0.0558743
0 0.831325 0.834993 0.0167826 0.0326041
0 0.737139 0.784408 0.0090045 0.0497423
0 0.956889 0.848095 0.0156616 0.0352095
0 0.976594 0.733086 0.00679359 0.0276699
0 0.114517 0.982834 0.0311994 0.024409
0 0.948695 0.850054 0.0162832 0.0378655
0 0.653391 0.808275 0.0066328 0.0356991
0 0.853601 0.834173 0.0205276 0.0284034
0 0.355174 0.989396 0.0148698 0.0212073
0 0.952933 0.849574 0.0229252 0.0380932
37 0.19868 0.916079 0.0436694 0.0307276
0 0.474937 0.856589 0.0195914 0.0249325
0 0.0589832 0.728987 0.00618262 0.0147373
0 0.928713 0.728348 0.00818558 0.0236467
0 0.971544 0.762353 0.0131977 0.0270545
0 0.890969 0.976741 0.0600071 0.0442303
0 0.904933 0.972954 0.0387051 0.0381946
37 0.0221819 0.938482 0.0443638 0.0298459
0 0.676652 0.815424 0.0177753 0.0186698
0 0.555983 0.816996 0.012059 0.052415
0 0.577773 0.874994 0.0324875 0.0157457
0 0.927518 0.743466 0.0103199 0.053949
0 0.926309 0.754162 0.00870056 0.0400869
0 0.0057637 0.975496 0.0114584 0.0262107
0 0.504045 0.756076 0.00601044 0.0143801
0 0.882935 0.984834 0.0439386 0.0283383
0 0.391246 0.83008 0.0176083 0.0805242
0 0.974141 0.762308 0.0186928 0.027841
0 0.945293 0.850588 0.0225323 0.0389387
0 0.940868 0.673987 0.00629101 0.0229216
0 0.391297 0.812897 0.0174255 0.0457219
0 0.914921 0.671088 0.00598049 0.0116912
0 0.911264 0.974253 0.0487099 0.0410221
0 0.540886 0.848974 0.00760098 0.0280719
0 0.109981 0.984121 0.0403962 0.0265381
0 0.0604999 0.729467 0.0108436 0.015387
8 0.264762 0.729198 0.0160316 0.0127903
0 0.48387 0.856691 0.0386696 0.025145
37 0.0988541 0.994105 0.0531729 0.00814599
0 0.715545 0.829807 0.0206095 0.0334205
0 0.853206 0.836363 0.0255938 0.0327182
0 0.0379663 0.741285 0.00832095 0.0177456
0 0.287552 0.738486 0.00833182 0.0140042
0 0.922356 0.973558 0.0262394 0.0390866
0 0.52144 0.821024 0.0181831 0.0569706
33 0.39133 0.81323 0.0174315 0.0459188
0 0.917409 0.97213 0.0156578 0.0361382
37 0.936806 0.866612 0.017449 0.0146674
0 0.834375 0.834947 0.0235859 0.033344
0 0.865015 0.696176 0.00580711 0.0164493
0 0.786948 0.81393 0.0343931 0.0191796
14 0.996279 0.816328 0.00703468 0.011361
14 0.0806243 0.755646 0.0076225 0.0128608
0 0.914712 0.972024 0.0102438 0.0364461
0 0.00852568 0.975675 0.0169317 0.0275058
0 0.941469 0.670932 0.0062748 0.0272198
0 0.943561 0.852311 0.0304615 0.0417881
8 0.265353 0.731248 0.0143816 0.00902913
0 0.101993 0.984458 0.0582206 0.0262404
0 0.0625688 0.731561 0.0127937 0.0135969
0 0.89991 0.975396 0.0313934 0.0345693
0 0.0620046 0.731301 0.0134751 0.0192217
0 0.951479 0.659706 0.00408134 0.0147675
0 0.923578 0.68078 0.00651627 0.00826026
0 0.99177 0.671082 0.00699081 0.0172067
0 0.860576 0.794563 0.00555515 0.0136566
0 0.592795 0.907417 0.0625732 0.0232907
0 0.11964 0.983963 0.0409579 0.0249468
8 0.987478 0.662949 0.0247553 0.0333186
0 0.977991 0.771468 0.0116655 0.00942281
24 0.153413 0.983652 0.0180265 0.0127224
8 0.343457 0.724176 0.0371273 0.015901
0 0.99604 0.807564 0.00750961 0.0289371
8 0.00411117 0.751159 0.0081692 0.0134939
37 0.0624186 0.733706 0.0131129 0.0142666
0 0.771826 0.813218 0.0185582 0.0173099
0 0.959869 0.672253 0.00627861 0.0212655
0 0.776029 0.813604 0.015663 0.0185981
0 0.772701 0.812745 0.00927114 0.0167575
14 0.342213 0.77116 0.00690041 0.00953912
0 0.90011 0.683279 0.0134098 0.0134291
0 0.780133 0.814383 0.0357731 0.0204119
0 0.283358 0.766431 0.0159439 0.014998
14 0.00425294 0.752453 0.00850191 0.0168393
37 0.947492 0.86763 0.0386688 0.0156467
8 0.258616 0.729428 0.00442529 0.0102412
0 0.958672 0.849001 0.021526 0.0362335
0 0.768386 0.813209 0.0116277 0.016656
0 0.777763 0.815012 0.0120483 0.0161389
37 0.956836 0.867491 0.0605536 0.0143151
37 0.593882 0.911762 0.0604061 0.0143972
8 0.991161 0.662691 0.0172857 0.0326257
0 0.968431 0.762638 0.0202274 0.0281514
8 0.499446 0.760499 0.0279972 0.0150655
0 0.872544 0.845656 0.0144291 0.0148721
37 0.860823 0.845988 0.038648 0.0162409
0 0.515678 0.720032 0.00830517 0.0102758
0 0.857671 0.837977 0.0436321 0.0323522
0 0.99611 0.816664 0.0073019 0.0132477
0 0.577742 0.871157 0.0331261 0.0236827
0 0.51068 0.720903 0.0182446 0.0126212
0 0.86592 0.685502 0.00577583 0.00988888
37 0.949547 0.854596 0.0404961 0.0399226
8 0.50146 0.761945 0.0231993 0.0109375
0 0.855782 0.795415 0.0156847 0.0127828
0 0.844555 0.836714 0.0453068 0.0341139
37 0.965641 0.863226 0.0422995 0.00966949
37 0.5942 0.907125 0.0602449 0.0217346
