0 0.603602 0.809235 0.0108879 0.0487864
0 0.535324 0.81993 0.0133783 0.0549895
0 0.703314 0.788696 0.011165 0.0521951
0 0.830766 0.834706 0.0175819 0.0335114
0 0.452436 0.834578 0.0122029 0.0662927
0 0.953718 0.849763 0.0219158 0.042591
0 0.842502 0.766373 0.00878487 0.044534
0 0.692837 0.794829 0.0105156 0.0484638
0 0.746753 0.782835 0.00766678 0.0468207
0 0.475806 0.853962 0.0159606 0.0301951
0 0.797074 0.775884 0.00718403 0.0477927
0 0.733218 0.783759 0.00986214 0.0510281
0 0.723561 0.787948 0.00857019 0.0428986
37 0.197981 0.915959 0.0454665 0.0308078
0 0.973232 0.762314 0.0162567 0.0271454
0 0.718197 0.830866 0.0132927 0.0303636
0 0.939822 0.728742 0.00688648 0.0212368
0 0.00819477 0.747729 0.00762803 0.0159414
0 0.288164 0.72734 0.00528612 0.0209222
0 0.271223 0.732639 0.00676537 0.0165324
0 0.856837 0.829311 0.0137663 0.0344365
0 0.0610989 0.736993 0.00490254 0.0190433
0 0.114526 0.982517 0.0318585 0.0271252
0 0.433678 0.914352 0.0247705 0.0372811
0 0.354442 0.98919 0.0150337 0.0216198
0 0.313288 0.709904 0.00581436 0.015485
37 0.0221803 0.938375 0.0443588 0.0294071
0 0.904578 0.972365 0.0370741 0.0413066
0 0.883332 0.984873 0.043412 0.0291043
0 0.401501 0.764206 0.00543747 0.0167786
0 0.712029 0.831504 0.0260653 0.0314078
0 0.509091 0.73184 0.00630627 0.0122935
0 0.921923 0.972619 0.0271614 0.041471
8 0.30243 0.714164 0.0289417 0.0149441
0 0.676499 0.815256 0.0166714 0.018949
0 0.996164 0.811498 0.00725937 0.0206718
0 0.725786 0.78997 0.00820847 0.0379315
0 0.102286 0.983272 0.0603727 0.0291595
0 0.832862 0.694297 0.00413475 0.0118502
0 0.576993 0.875817 0.0338167 0.0138353
0 0.853285 0.830679 0.0215836 0.037509
0 0.00698074 0.750469 0.0104936 0.0138309
0 0.90995 0.973754 0.0500547 0.0440257
0 0.437354 0.914052 0.0173668 0.0365434
0 0.00623743 0.979971 0.0124065 0.017098
0 0.15698 0.733814 0.00961776 0.0117004
0 0.440188 0.91712 0.0114944 0.029226
0 0.738925 0.778802 0.00468674 0.0260034
0 0.0629841 0.741067 0.00947257 0.0267697
0 0.140788 0.739496 0.00412829 0.00736016
0 0.891036 0.672912 0.00536385 0.0102895
0 0.896093 0.97599 0.0687996 0.0454688
0 0.392133 0.774347 0.00749493 0.0146528
0 0.391015 0.832866 0.01868 0.0879162
0 0.39313 0.775115 0.00536532 0.0146193
37 0.0098941 0.7579 0.0176576 0.00969408
37 0.101307 0.994197 0.0586533 0.00838165
0 0.738447 0.778995 0.00581169 0.0309435
8 0.0687198 0.749486 0.0160577 0.0133267
0 0.0653395 0.748325 0.00907697 0.0133776
0 0.91457 0.971488 0.0106209 0.0407874
24 0.153348 0.98331 0.0180647 0.0132816
8 0.302881 0.711132 0.029821 0.0202023
0 0.402037 0.765126 0.0100544 0.0185013
0 0.771005 0.812619 0.0119888 0.0148892
8 0.0687527 0.752164 0.0161052 0.00941433
0 0.872571 0.845531 0.0151106 0.0151747
0 0.946698 0.673431 0.00495911 0.0113127
0 0.978633 0.674476 0.00569725 0.0188046
8 0.00899804 0.756622 0.0163609 0.0116536
0 0.958309 0.850257 0.0130672 0.0376044
0 0.772663 0.812361 0.00854502 0.0151035
0 0.05911 0.737217 0.0103928 0.0192905
0 0.00926336 0.980235 0.0184331 0.0179482
0 0.970866 0.655656 0.00597324 0.0194013
0 0.134814 0.738787 0.0134066 0.00942383
0 0.739774 0.782473 0.00702953 0.048661
37 0.265849 0.739207 0.00701685 0.00878347
0 0.969701 0.653917 0.0070858 0.0211246
0 0.435453 0.908547 0.0256149 0.0481879
8 0.959211 0.671527 0.0396416 0.0159442
0 0.435012 0.761675 0.00502777 0.00992296
0 0.130832 0.73779 0.00495663 0.0106557
8 0.981746 0.57336 0.0133432 0.00975944
37 0.853114 0.847314 0.0263519 0.0122257
0 0.268786 0.73347 0.0121976 0.0190247
0 0.910407 0.673944 0.00724926 0.0125535
0 0.860437 0.795018 0.00811348 0.0129354
0 0.864502 0.832899 0.0316486 0.0404141
0 0.0652529 0.742072 0.0213884 0.0280192
8 0.397966 0.774417 0.0221544 0.0153931
8 0.0661774 0.742955 0.0212948 0.0252998
0 0.804762 0.697719 0.00472412 0.0152237
0 0.775976 0.812866 0.0147629 0.0163481
8 0.277258 0.732508 0.0282754 0.0177643
0 0.859979 0.846045 0.0407848 0.0167121
0 0.392996 0.776363 0.00992947 0.018337
37 0.575215 0.88179 0.0306934 0.00617506
8 0.900644 0.673601 0.0276072 0.0132502
0 0.107244 0.983878 0.0317351 0.0251658
0 0.777966 0.814248 0.0112674 0.0137317
8 0.302798 0.719785 0.0295935 0.021464
0 0.50721 0.732192 0.0101999 0.013069
0 0.57725 0.873207 0.0340273 0.0196109
0 0.121649 0.983463 0.0456682 0.0276245
0 0.952093 0.862274 0.0179268 0.0193264
37 0.590584 0.911158 0.0581052 0.0169532
37 0.592724 0.91343 0.0566418 0.0130346
0 0.858841 0.832935 0.043141 0.0426378
0 0.736096 0.782291 0.0107353 0.0499146
0 0.996226 0.803167 0.00711174 0.0376855
37 0.85879 0.847609 0.0384912 0.0127016
14 0.254682 0.397832 0.00908175 0.0104841
0 0.85711 0.795626 0.0183064 0.0128177
8 0.0385556 0.750018 0.0759203 0.0236911
8 0.397204 0.777639 0.0245328 0.0155409
0 0.942327 0.729305 0.012336 0.0222985
0 0.935998 0.866698 0.0118347 0.0147532
0 0.447909 0.829529 0.00563927 0.0530382
0 0.439539 0.908691 0.0183539 0.0469896
0 0.890507 0.984709 0.0316633 0.0273471
