0 0.453131 0.833201 0.012668 0.0687208
0 0.865379 0.761248 0.00908318 0.0503781
0 0.695384 0.793167 0.0101295 0.047876
0 0.830666 0.834609 0.0176502 0.0336475
0 0.843157 0.765978 0.00799065 0.0476156
0 0.706011 0.791353 0.0107961 0.0486732
0 0.755556 0.781315 0.00777597 0.0486682
0 0.542857 0.816571 0.0111979 0.0547597
0 0.801956 0.775954 0.00791812 0.045204
0 0.832096 0.767897 0.0095129 0.0513618
0 0.953716 0.849013 0.0221039 0.0402449
0 0.744655 0.784304 0.00899677 0.0455919
0 0.852656 0.832117 0.0224001 0.0350454
0 0.817473 0.780185 0.00594959 0.0314004
0 0.796512 0.776691 0.00717039 0.0498277
0 0.735959 0.78812 0.00894775 0.0409353
0 0.4338 0.914616 0.0243429 0.0370019
0 0.272604 0.730417 0.00580058 0.0165378
0 0.347296 0.756174 0.00864592 0.0213077
0 0.718234 0.830467 0.013975 0.0315854
0 0.0717721 0.73927 0.00745885 0.02339
0 0.935666 0.722933 0.00597038 0.0194923
0 0.79004 0.699376 0.00529499 0.0159703
0 0.891957 0.975931 0.061541 0.0460451
0 0.471687 0.852688 0.0173798 0.034573
0 0.00967228 0.747285 0.00902389 0.0196282
0 0.00563034 0.97855 0.0111943 0.0202708
0 0.712523 0.83109 0.0262183 0.0321476
37 0.198813 0.916084 0.0467348 0.0320948
0 0.114836 0.981079 0.0301615 0.0235799
0 0.771771 0.700075 0.00772858 0.0196006
0 0.319786 0.708768 0.00619555 0.0168511
0 0.577725 0.875775 0.0324383 0.0147064
0 0.903365 0.972985 0.0379078 0.0397978
37 0.532817 0.739702 0.0168549 0.00980903
0 0.675709 0.815968 0.0151922 0.0195899
0 0.109669 0.980504 0.019969 0.0231881
0 0.978109 0.738919 0.0148996 0.0391859
0 0.354306 0.98922 0.0165151 0.0215602
0 0.856044 0.830962 0.0153641 0.0337511
0 0.743049 0.785483 0.00826511 0.0441104
0 0.532696 0.739504 0.0164945 0.0100666
37 0.0222186 0.938232 0.0444372 0.0299984
0 0.88109 0.680167 0.00928612 0.0189763
0 0.0717503 0.742326 0.00912154 0.0191722
0 0.190773 0.730775 0.00960932 0.00780708
0 0.296547 0.726921 0.00495605 0.0113814
8 0.0689225 0.745605 0.0247443 0.0154419
8 0.0662063 0.744018 0.0306531 0.0186198
0 0.884634 0.979219 0.047459 0.0396637
8 0.145712 0.736972 0.0239569 0.00968289
0 0.466842 0.860638 0.00776682 0.0187005
0 0.97486 0.744035 0.00885506 0.0269606
0 0.976896 0.742576 0.011816 0.0325979
0 0.980071 0.737806 0.0114193 0.0368073
0 0.108479 0.983615 0.0544549 0.0276143
0 0.141868 0.734683 0.00762553 0.00822381
0 0.922004 0.973603 0.0270365 0.041057
0 0.440748 0.917762 0.0104626 0.0267241
0 0.119815 0.984409 0.0397539 0.0234024
0 0.996529 0.811165 0.00653076 0.0201735
0 0.681127 0.815639 0.0238147 0.018944
0 0.00785994 0.747095 0.0128747 0.0205885
0 0.952172 0.859643 0.0185631 0.0223263
8 0.0712418 0.74343 0.0177324 0.0172638
0 0.300944 0.728909 0.0156035 0.0126231
25 0.0223196 0.938236 0.0445061 0.0300015
0 0.907948 0.97541 0.0551876 0.045108
37 0.304778 0.71559 0.020099 0.00688646
37 0.104001 0.993809 0.063648 0.00912611
0 0.922862 0.680109 0.00914268 0.0112188
0 0.770428 0.813071 0.0145043 0.0157639
0 0.97669 0.750289 0.0150349 0.0486538
0 0.270484 0.733832 0.00961056 0.0120487
0 0.978086 0.675539 0.00916176 0.020553
0 0.858511 0.834269 0.0384398 0.0389323
0 0.972239 0.671382 0.00517578 0.0163226
0 0.774271 0.81341 0.0193405 0.0174072
8 0.299872 0.730506 0.018131 0.0109136
0 0.976039 0.744126 0.0189297 0.0506351
0 0.193064 0.730809 0.0146786 0.00867784
0 0.895122 0.682509 0.00585041 0.0159379
0 0.413698 0.76718 0.00508795 0.00718452
0 0.307847 0.71603 0.0112904 0.00687595
0 0.148245 0.73537 0.0264068 0.00886993
0 0.777235 0.813886 0.0129965 0.0163968
0 0.126209 0.985743 0.0274146 0.0205726
0 0.880468 0.984626 0.03908 0.0291616
37 0.956392 0.867 0.0285252 0.0138055
0 0.348223 0.760288 0.0107311 0.0153578
0 0.4512 0.773836 0.005196 0.0108649
0 0.835092 0.834153 0.0273075 0.034869
37 0.105334 0.984717 0.0661403 0.026416
0 0.672643 0.81697 0.0198381 0.0217395
8 0.982764 0.653826 0.017807 0.0240565
0 0.975095 0.768421 0.0188686 0.0162891
0 0.841324 0.833232 0.0443317 0.0362152
0 0.752174 0.783003 0.0118981 0.0471141
37 0.269081 0.735353 0.00946903 0.00967916
26 0.153547 0.983369 0.0174691 0.0128187
0 0.824574 0.814898 0.0245344 0.0102173
0 0.443411 0.773153 0.0164913 0.0129235
0 0.960241 0.850077 0.0176451 0.0405782
0 0.818327 0.779595 0.00863361 0.0327994
0 0.91533 0.970525 0.011319 0.0354557
0 0.00581586 0.972598 0.0114922 0.0323327
14 0.885375 0.245983 0.00926056 0.00611377
37 0.42472 0.928957 0.0153016 0.0101679
0 0.956487 0.853392 0.028624 0.0372626
0 0.860021 0.840294 0.0343847 0.0259874
0 0.790787 0.703344 0.00709896 0.0241899
37 0.957406 0.868677 0.0262527 0.0102197
0 0.299109 0.730055 0.0206146 0.0148665
0 0.977326 0.770248 0.0231171 0.0132046
37 0.954883 0.864372 0.0250549 0.018513
37 0.307354 0.715545 0.0285354 0.0101359
37 0.982554 0.760686 0.0345329 0.0147512
37 0.913514 0.762055 0.0251282 0.011889
0 0.962529 0.850354 0.0410288 0.0430613
24 0.153532 0.98336 0.0177537 0.012815
37 0.985713 0.762614 0.0281544 0.0156409
0 0.975723 0.676097 0.0124535 0.0200651
0 0.345585 0.75635 0.0124934 0.0221525
0 0.153504 0.983378 0.0175241 0.0132226
