0 0.45352 0.833343 0.0121063 0.0676154
0 0.300734 0.861421 0.0152635 0.0567705
0 0.485344 0.827898 0.0144196 0.0579285
0 0.842058 0.766363 0.010516 0.0497711
0 0.953427 0.848409 0.0222307 0.0421285
0 0.697607 0.794111 0.00906982 0.0491509
0 0.83091 0.834078 0.0152172 0.0334225
0 0.538604 0.77681 0.00748587 0.026987
0 0.769584 0.778982 0.0102539 0.0463657
0 0.893661 0.73817 0.00648098 0.0280009
0 0.813271 0.772447 0.00791073 0.0357513
0 0.856356 0.82792 0.012923 0.0354709
0 0.423705 0.914287 0.0189272 0.0417374
0 0.467101 0.798776 0.00764637 0.0324946
0 0.684875 0.79464 0.0109638 0.0421222
0 0.78689 0.777097 0.00892868 0.0461511
0 0.974433 0.732957 0.00805874 0.0314577
0 0.881906 0.759435 0.00734444 0.0416938
0 0.796133 0.775676 0.00880165 0.0483007
0 0.940304 0.749145 0.0109425 0.0466436
0 0.52612 0.780675 0.012252 0.0204373
0 0.0107166 0.751374 0.00691458 0.0173162
0 0.350065 0.989068 0.0235331 0.0218643
0 0.718384 0.830326 0.0132437 0.0314909
0 0.114546 0.983858 0.03193 0.019242
37 0.198177 0.916334 0.0464361 0.0311296
0 0.893869 0.975961 0.0655941 0.046402
0 0.911143 0.759796 0.00600433 0.0235531
0 0.290376 0.749991 0.00560932 0.0133136
0 0.926474 0.728885 0.008078 0.0216302
0 0.577732 0.872574 0.0335865 0.0201019
0 0.884048 0.979612 0.0464504 0.039763
0 0.713356 0.830773 0.0246386 0.0329698
0 0.783109 0.696178 0.00523653 0.0132845
0 0.995623 0.813887 0.00833511 0.0184587
0 0.330265 0.709023 0.00477414 0.0171566
0 0.917354 0.97262 0.0183987 0.0398502
8 0.322296 0.712034 0.0205305 0.0205146
0 0.675444 0.815752 0.015725 0.0185357
0 0.971661 0.761721 0.0120661 0.0285587
0 0.905827 0.973417 0.0416044 0.0423567
0 0.85371 0.828768 0.0180197 0.0380917
0 0.540748 0.84961 0.00693111 0.0277188
0 0.420579 0.913853 0.0132724 0.0404514
37 0.0972872 0.994205 0.0496895 0.0081682
0 0.911803 0.761941 0.00572796 0.0224525
0 0.0716638 0.750456 0.00545397 0.0126763
0 0.908203 0.681598 0.00475445 0.0159097
0 0.973701 0.75229 0.00814133 0.0193361
37 0.022173 0.938734 0.0443461 0.0268918
0 0.920619 0.973024 0.0273817 0.0407033
8 0.200418 0.727097 0.0186967 0.0104187
8 0.773642 0.697157 0.0246585 0.0146383
0 0.00801759 0.751964 0.0126416 0.0187456
0 0.949306 0.849605 0.0300438 0.044645
0 0.103779 0.986049 0.0538729 0.0229363
0 0.974556 0.73873 0.00898437 0.0442307
0 0.976546 0.67382 0.00571137 0.0151003
37 0.950386 0.866127 0.0382545 0.0169173
0 0.678724 0.81602 0.0215605 0.0194675
0 0.812336 0.775944 0.00974922 0.0415782
37 0.101294 0.988451 0.0575159 0.0189545
0 0.00577884 0.982164 0.01148 0.011869
0 0.971025 0.765961 0.0127251 0.0219549
0 0.973756 0.761101 0.0174021 0.0306571
0 0.466142 0.800539 0.0105561 0.0316142
0 0.93494 0.740811 0.00528946 0.0231798
0 0.859683 0.795269 0.00730801 0.0123637
0 0.69688 0.797113 0.0114548 0.0562485
0 0.769926 0.811951 0.0136229 0.0167489
0 0.882159 0.984877 0.0425621 0.0296258
0 0.480357 0.820667 0.00535126 0.0298374
8 0.77604 0.69967 0.0298113 0.0155555
37 0.95028 0.86448 0.0220905 0.0145582
0 0.589338 0.907319 0.0520249 0.0252309
0 0.309221 0.741861 0.0129751 0.0124885
37 0.789384 0.820161 0.0264427 0.00770535
37 0.960042 0.863476 0.0485386 0.0164588
8 0.292814 0.755124 0.0125147 0.013229
0 0.906112 0.975768 0.0583336 0.0454724
0 0.683137 0.797277 0.0148496 0.0489054
0 0.974389 0.771646 0.0183338 0.0113271
0 0.852303 0.841488 0.0213306 0.016666
0 0.841834 0.835043 0.0387859 0.0353175
0 0.112228 0.981008 0.0296257 0.023426
37 0.492892 0.863971 0.0200247 0.00868802
37 0.853372 0.846701 0.0305386 0.0130537
37 0.935974 0.867607 0.0113436 0.0134277
37 0.855259 0.847317 0.0454962 0.0130676
0 0.833261 0.834149 0.0210903 0.0355879
0 0.297081 0.758066 0.00571308 0.00828688
0 0.0658383 0.75171 0.0172532 0.0127516
0 0.120332 0.985131 0.0379967 0.0205143
24 0.153438 0.983358 0.0178378 0.0130442
0 0.123009 0.98595 0.0250993 0.0213252
37 0.00741715 0.755663 0.0119743 0.0140888
37 0.588601 0.909471 0.0528791 0.0218426
0 0.0600354 0.750977 0.00581032 0.00881449
8 0.293644 0.756261 0.0152887 0.013082
37 0.153429 0.983278 0.0180945 0.013445
0 0.995384 0.660256 0.00440121 0.0111896
0 0.486171 0.82369 0.0119198 0.0473345
0 0.973666 0.654844 0.00832939 0.0252221
8 0.910217 0.761247 0.0610699 0.0261542
37 0.957995 0.866413 0.0556335 0.0148795
8 0.298029 0.75587 0.0232167 0.0142956
37 0.866265 0.796978 0.0394028 0.0135452
0 0.854602 0.795764 0.0168905 0.0110735
0 0.779623 0.817721 0.0086545 0.0103397
0 0.691285 0.792921 0.0218514 0.0507601
37 0.960144 0.863359 0.0524639 0.0122021
8 0.319599 0.709613 0.0242847 0.0179352
0 0.679441 0.798779 0.0240494 0.0523629
0 0.923103 0.682624 0.00663567 0.0115269
0 0.540924 0.85258 0.00796556 0.034757
0 0.975096 0.665806 0.00915375 0.0321443
0 0.482362 0.820681 0.00896187 0.0391642
37 0.550666 0.729896 0.0140655 0.0143453
37 0.696077 0.841506 0.0275558 0.0145072
37 0.962998 0.700243 0.0740037 0.0242993
0 0.976893 0.649451 0.0047369 0.0166022
8 0.794156 0.57554 0.0361278 0.00796356
37 0.591804 0.913819 0.0445591 0.0125302
37 0.549081 0.729064 0.011029 0.0127769
0 0.938406 0.740351 0.0121271 0.0309821
0 0.00586947 0.978691 0.0116412 0.0189409
0 0.814515 0.773361 0.0100201 0.0391249
8 0.84967 0.838799 0.0541521 0.0314321
0 0.974668 0.661256 0.0104004 0.0399364
8 0.962487 0.700608 0.0742538 0.0255504
0 0.995276 0.807909 0.00898514 0.0316023
37 0.84457 0.845884 0.0456469 0.0164283
0 0.912053 0.758726 0.00888653 0.0220778
0 0.872165 0.845457 0.0136799 0.0145959
