0 0.485339 0.825828 0.011724 0.0572144
0 0.555948 0.818199 0.0116882 0.0489746
0 0.842031 0.767045 0.00869827 0.0456577
0 0.796343 0.776202 0.0084219 0.0475718
0 0.740029 0.784102 0.00994597 0.0502647
0 0.452405 0.83394 0.0119982 0.0659061
0 0.830808 0.834776 0.0176044 0.0332396
0 0.671844 0.791419 0.00956593 0.0501594
0 0.633486 0.801512 0.0102573 0.0545878
0 0.436861 0.901234 0.0201944 0.0609795
0 0.718528 0.829656 0.0143454 0.0325509
37 0.0221027 0.937861 0.0442053 0.0278517
0 0.0172046 0.752221 0.0100475 0.0178665
0 0.114594 0.982488 0.0335885 0.0278807
0 0.953635 0.850973 0.0220116 0.0404583
37 0.198044 0.915389 0.0458695 0.0323469
0 0.70447 0.792218 0.00874462 0.0443773
0 0.855553 0.829476 0.0142647 0.0332845
0 0.935336 0.728164 0.0065567 0.0217111
0 0.890875 0.975567 0.0592064 0.0467095
0 0.354979 0.989121 0.0151384 0.021758
0 0.291083 0.724172 0.00725832 0.0172084
0 0.0658429 0.736067 0.00592222 0.0197001
0 0.475861 0.857909 0.0192709 0.0222504
0 0.316927 0.709289 0.00688887 0.018702
0 0.956935 0.849717 0.015519 0.0380965
0 0.85334 0.830169 0.0207172 0.03418
37 0.0954085 0.994182 0.0462892 0.00799289
0 0.902951 0.972297 0.0358807 0.040468
0 0.429234 0.763034 0.0210211 0.0114448
0 0.974185 0.761183 0.0165226 0.0294698
0 0.00565402 0.979147 0.0112609 0.0191545
0 0.105938 0.982819 0.0501294 0.029051
0 0.910615 0.973311 0.0490364 0.0424096
0 0.696757 0.793918 0.008634 0.042377
0 0.39116 0.832099 0.0184391 0.0877209
0 0.693957 0.795021 0.0126032 0.045973
0 0.691659 0.795501 0.00805302 0.0455892
0 0.883456 0.984834 0.0446632 0.0285048
0 0.822944 0.697315 0.00565872 0.0169362
0 0.164177 0.727757 0.0106635 0.00976664
0 0.773259 0.813248 0.021699 0.0172078
0 0.273717 0.729327 0.00576782 0.016538
0 0.973482 0.753706 0.00666504 0.0161677
0 0.0664048 0.736599 0.00766082 0.0222726
0 0.369205 0.772897 0.00738058 0.0105886
37 0.57529 0.813248 0.0310547 0.00991923
0 0.715287 0.830041 0.0216171 0.0333754
0 0.363434 0.772795 0.0192752 0.011043
37 0.577149 0.875306 0.0333256 0.0133491
0 0.141708 0.737548 0.00703564 0.0119368
0 0.577443 0.875776 0.0331867 0.0132134
0 0.919907 0.973131 0.0319262 0.0424666
0 0.884077 0.978938 0.0455956 0.0394033
0 0.972275 0.672569 0.00499783 0.0171486
0 0.974596 0.77036 0.0185871 0.012452
0 0.996409 0.815345 0.00676422 0.0112196
0 0.292951 0.723624 0.0116259 0.0180879
0 0.99628 0.810481 0.00702934 0.0212521
37 0.852518 0.84893 0.0258078 0.00920393
0 0.950537 0.86216 0.0158562 0.0194834
8 0.362819 0.773002 0.0210262 0.0109516
0 0.695778 0.792396 0.012271 0.0453681
0 0.673927 0.816089 0.0114559 0.017333
0 0.939313 0.675674 0.00727615 0.0169707
8 0.072503 0.741343 0.0211349 0.0330599
8 0.0698027 0.740631 0.0148032 0.0307027
0 0.941744 0.674903 0.00782471 0.017996
0 0.848786 0.699288 0.00517883 0.0174869
0 0.489173 0.728761 0.00746994 0.0105472
0 0.995912 0.671061 0.00496368 0.0158229
0 0.0684356 0.741473 0.0119501 0.0306644
0 0.679331 0.816086 0.0210676 0.0179413
0 0.947064 0.853764 0.0338598 0.0423528
37 0.588642 0.913616 0.0396948 0.0107256
0 0.689779 0.796116 0.00878839 0.0501628
0 0.428554 0.76133 0.0234847 0.0149597
0 0.673385 0.795315 0.0124786 0.0583171
37 0.284573 0.727439 0.00656691 0.00699429
0 0.674111 0.813909 0.0134266 0.0211745
37 0.585487 0.912743 0.0467707 0.0137044
37 0.576744 0.811803 0.033248 0.0103277
0 0.936484 0.867163 0.0124075 0.0154236
37 0.826479 0.812873 0.0225569 0.0122533
0 0.781477 0.81386 0.0146626 0.0154821
0 0.871799 0.845319 0.0134773 0.015587
0 0.961016 0.85126 0.021332 0.0410975
0 0.934515 0.7276 0.00908661 0.0233317
37 0.424559 0.923681 0.018285 0.0181468
0 0.855602 0.795145 0.016736 0.0122257
8 0.0695342 0.748957 0.0136246 0.0155623
37 0.577506 0.809771 0.0332516 0.0134254
37 0.577399 0.881793 0.0329664 0.00783895
0 0.956609 0.665912 0.00393391 0.0161984
37 0.843859 0.847545 0.0441486 0.0123405
0 0.979395 0.671598 0.00479279 0.0119915
8 0.285805 0.730376 0.04335 0.0184294
0 0.135547 0.739316 0.019033 0.0121948
0 0.00930374 0.979359 0.0186075 0.0209317
8 0.0726041 0.750655 0.0211743 0.0147427
37 0.577394 0.879543 0.0333242 0.0116792
37 0.59281 0.913795 0.0307463 0.00967712
0 0.825298 0.812981 0.0229969 0.0128411
37 0.709814 0.843294 0.013802 0.00823093
0 0.970112 0.7397 0.00774345 0.0212643
8 0.270375 0.729943 0.0141794 0.017986
0 0.855961 0.822212 0.0170704 0.0275581
0 0.961281 0.851609 0.0380596 0.0421299
0 0.914415 0.968952 0.00968285 0.0342665
37 0.0999906 0.991944 0.0545252 0.011775
0 0.838581 0.835373 0.0333979 0.0340647
37 0.427838 0.923178 0.0133116 0.0179174
0 0.974596 0.750822 0.0196451 0.0509623
37 0.13431 0.739933 0.0172013 0.0110304
24 0.153444 0.983854 0.0172193 0.0119439
0 0.687102 0.799059 0.0266042 0.0533754
0 0.924394 0.981203 0.0225349 0.0246051
