0 0.453804 0.833724 0.0127539 0.0664922
0 0.480594 0.832462 0.0127462 0.0606913
0 0.425939 0.894881 0.0159998 0.0814389
0 0.830171 0.834636 0.0171574 0.0338409
0 0.513407 0.808712 0.0113077 0.0407867
0 0.698118 0.794278 0.00860653 0.0435699
0 0.909859 0.754539 0.00975552 0.0494792
0 0.793945 0.77708 0.0115583 0.0469506
0 0.123353 0.891318 0.0165994 0.0601946
0 0.495842 0.781027 0.00805836 0.026456
0 0.844642 0.766827 0.00884399 0.0453756
0 0.718725 0.831034 0.0133439 0.0301958
0 0.946513 0.748043 0.0105042 0.0485799
0 0.749782 0.785663 0.010014 0.0426012
0 0.855414 0.831629 0.0160587 0.0334247
0 0.869738 0.764342 0.010635 0.0430874
0 0.690272 0.79609 0.00978031 0.0423531
0 0.761889 0.780436 0.00683594 0.0481432
0 0.953843 0.84849 0.0217815 0.0379488
0 0.895983 0.975781 0.0671707 0.0455312
37 0.0221557 0.938427 0.044291 0.0296785
0 0.974492 0.762019 0.0183409 0.0284965
0 0.0059607 0.750536 0.0093251 0.0193112
0 0.996809 0.732829 0.00593853 0.0424608
0 0.858161 0.76968 0.006287 0.0294023
37 0.198511 0.915697 0.0465007 0.0317836
0 0.117027 0.983619 0.0340651 0.0266598
0 0.852486 0.832441 0.0217018 0.035493
0 0.987114 0.739422 0.00665817 0.0303665
37 0.0744838 0.750097 0.0136002 0.017189
0 0.35521 0.988965 0.0139866 0.0220693
0 0.577556 0.874913 0.0333477 0.0156603
0 0.789135 0.69947 0.0073801 0.0218193
0 0.676519 0.815645 0.0158995 0.0189896
0 0.00622964 0.981328 0.0123815 0.0146917
0 0.884379 0.979374 0.0446007 0.0385278
0 0.93443 0.728902 0.00575447 0.0196947
0 0.0544315 0.750912 0.00454992 0.00914408
0 0.0731193 0.746307 0.0107669 0.0229655
0 0.921497 0.973363 0.0282703 0.0411831
0 0.995825 0.813324 0.00793438 0.0171909
0 0.952507 0.858437 0.0206182 0.0266786
0 0.923729 0.740238 0.00633659 0.0304113
0 0.950498 0.859968 0.0162914 0.0225823
8 0.317359 0.75155 0.0203157 0.0154704
0 0.765685 0.698577 0.00583668 0.0162341
8 0.073444 0.74903 0.0155241 0.0225181
37 0.0945076 0.994328 0.0450119 0.00835927
8 0.475565 0.782768 0.0256265 0.0210697
0 0.120955 0.89077 0.0112786 0.0594031
0 0.904199 0.974354 0.0479347 0.0434638
0 0.109716 0.981599 0.0197535 0.0236389
0 0.317599 0.751366 0.0175363 0.0150665
0 0.917456 0.97254 0.0173079 0.0401445
0 0.712902 0.831477 0.0261105 0.0316149
0 0.913794 0.973978 0.035351 0.0418942
0 0.290585 0.734793 0.00614796 0.0113298
0 0.325952 0.713296 0.00628061 0.0172329
37 0.85235 0.846237 0.0245256 0.0124015
0 0.122929 0.984722 0.0341357 0.0242327
0 0.527581 0.740391 0.0040741 0.0087972
33 0.391159 0.811669 0.0176798 0.0443766
0 0.0721067 0.74715 0.0150306 0.0258545
0 0.131635 0.983547 0.0633503 0.0257758
0 0.773695 0.812419 0.00795708 0.0147708
0 0.111318 0.983215 0.0259763 0.0257697
37 0.534047 0.739989 0.0173074 0.00951131
0 0.775991 0.812167 0.0148643 0.0159875
24 0.153615 0.983189 0.0181391 0.0134742
0 0.590975 0.907377 0.0597683 0.0248245
0 0.57748 0.870472 0.0338833 0.024834
0 0.99483 0.812543 0.00990601 0.019664
0 0.00912211 0.981239 0.0181319 0.0158929
0 0.862992 0.833498 0.0346382 0.0383575
0 0.855694 0.844071 0.0479023 0.0206111
0 0.90475 0.678601 0.0078846 0.0185465
0 0.753614 0.782544 0.0175222 0.047826
0 0.00491467 0.75628 0.00973467 0.0132667
0 0.153057 0.742307 0.0204489 0.0117788
0 0.157744 0.741537 0.0108809 0.0101915
37 0.103984 0.984517 0.0635295 0.0270225
0 0.349497 0.729724 0.00973959 0.0101234
0 0.925387 0.680837 0.00671368 0.00869115
8 0.2672 0.397491 0.00565405 0.00948724
0 0.8723 0.845536 0.0145153 0.015372
0 0.154125 0.983337 0.0177019 0.0143633
0 0.473817 0.780739 0.0097496 0.0186876
0 0.974521 0.674499 0.00598431 0.0190077
37 0.591003 0.907662 0.0597809 0.0243934
0 0.90391 0.676241 0.00790672 0.0149861
14 0.883852 0.683965 0.00560074 0.00974257
33 0.391066 0.832428 0.0182811 0.0859131
0 0.850937 0.843779 0.020208 0.0132968
8 0.475683 0.787693 0.0262247 0.0168823
37 0.843248 0.845394 0.0445871 0.0160812
0 0.953713 0.858622 0.0284466 0.0297038
0 0.842458 0.833281 0.0422438 0.0378994
0 0.951404 0.862772 0.019101 0.0211171
0 0.682552 0.80149 0.0272844 0.0465898
37 0.936576 0.867069 0.0124084 0.015485
0 0.995393 0.808424 0.00872498 0.0284002
0 0.860185 0.769192 0.00969086 0.0286374
37 0.500562 0.818809 0.018577 0.00995144
0 0.935934 0.866778 0.01136 0.0157064
0 0.959406 0.848687 0.0153393 0.0370285
0 0.766255 0.701927 0.00768156 0.0233344
0 0.770152 0.812813 0.0142726 0.0151903
8 0.932807 0.720609 0.0854959 0.0268975
0 0.986259 0.677714 0.00483131 0.0101974
0 0.686652 0.796931 0.0190222 0.04672
37 0.0969877 0.986344 0.0505581 0.0220391
0 0.760569 0.781319 0.00926142 0.051709
