0 0.452796 0.834671 0.0120018 0.0652841
0 0.796577 0.775393 0.00859699 0.0502608
0 0.336766 0.901961 0.0217333 0.0822744
0 0.402867 0.840847 0.0115248 0.0607632
0 0.830877 0.835142 0.0175182 0.0323395
0 0.586422 0.80955 0.0113251 0.0583118
0 0.727999 0.78595 0.0113477 0.0498376
0 0.843087 0.7607 0.00785828 0.0344649
0 0.651602 0.80223 0.00852432 0.0454305
0 0.555165 0.81888 0.00820885 0.0496043
0 0.546436 0.81612 0.0114838 0.0546867
0 0.689213 0.795289 0.0105432 0.0464823
0 0.718037 0.830027 0.0139336 0.0318076
0 0.701409 0.795158 0.0113153 0.0496431
0 0.715061 0.789554 0.0110077 0.0491909
0 0.114681 0.982776 0.0331228 0.0276501
0 0.957008 0.847973 0.015361 0.0361277
37 0.198293 0.916521 0.0449676 0.0301193
0 0.930724 0.745161 0.00915852 0.0545841
0 0.994017 0.730969 0.00552483 0.0274899
37 0.0221618 0.938791 0.0443236 0.0301826
0 0.667696 0.805445 0.00620346 0.0353312
0 0.944036 0.849576 0.0165512 0.0340725
0 0.971667 0.762384 0.0134308 0.027339
0 0.483956 0.85763 0.0362337 0.0236679
0 0.893942 0.975818 0.0648926 0.0445292
0 0.475615 0.857486 0.0189717 0.0234117
0 0.855617 0.831987 0.0159611 0.0285767
0 0.90644 0.973319 0.039957 0.0395393
37 0.0965469 0.994036 0.0487476 0.00824009
0 0.917459 0.972891 0.0170643 0.0385213
0 0.00534106 0.976258 0.010625 0.0250987
0 0.0517626 0.74239 0.00405866 0.0179501
0 0.391112 0.819628 0.0182439 0.0599206
0 0.355315 0.989273 0.0135735 0.0214532
0 0.852991 0.833421 0.02243 0.0302519
0 0.858896 0.6966 0.00804901 0.018742
0 0.00331481 0.976343 0.00657993 0.0241803
0 0.676869 0.814098 0.021794 0.0219952
0 0.883712 0.981081 0.0448675 0.0356174
0 0.974442 0.762676 0.0188602 0.027938
0 0.107207 0.983065 0.0509864 0.0287896
0 0.0514665 0.744281 0.00520611 0.0222254
0 0.673444 0.812688 0.0177124 0.0249305
0 0.772725 0.813042 0.0206176 0.0192596
8 0.507338 0.745459 0.0392796 0.0234117
0 0.921284 0.973195 0.0257069 0.038976
0 0.996168 0.813524 0.0072567 0.015677
0 0.715282 0.830368 0.0200624 0.0325392
37 0.853329 0.848563 0.0245361 0.00864868
37 0.577109 0.875737 0.0340107 0.0137817
0 0.347617 0.772764 0.00333619 0.00890028
8 0.278453 0.736082 0.0182107 0.0147607
8 0.0579452 0.748494 0.0410803 0.0221593
0 0.00872985 0.976455 0.0173018 0.0268817
0 0.86343 0.834949 0.0296017 0.0349111
0 0.359758 0.898963 0.0144259 0.0276649
0 0.781854 0.81344 0.0359732 0.02038
37 0.335798 0.726304 0.0177286 0.0103085
37 0.577531 0.879031 0.0343426 0.0146091
0 0.888618 0.974824 0.0350464 0.0268816
0 0.278673 0.736681 0.017843 0.0146108
0 0.941569 0.852256 0.0214466 0.0392715
37 0.101051 0.992481 0.0571826 0.010801
8 0.469458 0.747652 0.115092 0.0275301
0 0.717312 0.790644 0.0106033 0.0392068
0 0.33522 0.725668 0.0189013 0.0113515
0 0.331581 0.725198 0.0260689 0.0125358
26 0.153465 0.983635 0.0177114 0.0123233
0 0.0037811 0.756152 0.00755961 0.00891079
0 0.840332 0.835431 0.0369391 0.0331177
0 0.303959 0.765859 0.0204402 0.0138173
37 0.153454 0.983633 0.0175264 0.0123667
0 0.17141 0.736796 0.0175259 0.00953776
0 0.00392954 0.973532 0.00778201 0.0300088
8 0.0580395 0.75005 0.0376996 0.0166382
0 0.391158 0.832725 0.0185013 0.0866601
0 0.503312 0.719403 0.013218 0.0100499
0 0.788219 0.815922 0.0257483 0.0157996
0 0.983689 0.67047 0.00521736 0.0131656
0 0.911489 0.671546 0.00566597 0.0115148
0 0.0588665 0.742472 0.0088604 0.0106839
0 0.78306 0.813532 0.0209572 0.0182946
0 0.871431 0.845313 0.0123196 0.0157179
0 0.819155 0.814826 0.00980988 0.00954861
0 0.878331 0.985032 0.0343704 0.0283251
8 0.171483 0.736766 0.0172873 0.00932448
37 0.843991 0.842678 0.0449192 0.0213443
0 0.49505 0.863257 0.0143772 0.0107752
0 0.674841 0.805411 0.0209694 0.0369103
14 0.928426 0.679561 0.00683022 0.00958286
0 0.895729 0.973506 0.0193405 0.0228821
0 0.858914 0.794746 0.00751381 0.0136232
37 0.577957 0.887065 0.0349224 0.00899285
8 0.503108 0.748302 0.0471594 0.0206519
