0 0.452119 0.833651 0.0134464 0.0674503
0 0.278468 0.865322 0.0173471 0.0576996
0 0.481168 0.827885 0.012946 0.0580773
0 0.878462 0.760972 0.00898972 0.045202
0 0.698196 0.795205 0.009622 0.0536506
0 0.953354 0.848429 0.0224384 0.0422668
0 0.951217 0.746893 0.0108082 0.049055
0 0.775436 0.777806 0.0111519 0.0475501
0 0.797148 0.775878 0.0115683 0.0500522
0 0.966506 0.741525 0.00953255 0.045509
0 0.788429 0.775826 0.00955868 0.0488766
0 0.531508 0.777822 0.00756321 0.0269731
0 0.421777 0.911539 0.0190685 0.0479423
0 0.83075 0.834246 0.0157829 0.0328169
0 0.997524 0.735051 0.00451469 0.0501438
0 0.835144 0.771683 0.00946369 0.0396389
0 0.856532 0.827905 0.0124027 0.0362608
0 0.842289 0.763929 0.00848961 0.041489
0 0.898885 0.741093 0.0081707 0.0304338
0 0.518542 0.780508 0.00853214 0.0200548
0 0.971889 0.762361 0.0139751 0.027337
37 0.198493 0.916427 0.0462975 0.0314507
0 0.718537 0.830402 0.0142126 0.0318014
0 0.894167 0.975995 0.0665941 0.0467119
0 0.92686 0.726822 0.00543423 0.0194778
0 0.713744 0.830772 0.0242195 0.032683
0 0.685318 0.791193 0.0106973 0.0332637
0 0.0081728 0.747335 0.00768106 0.0191169
0 0.676816 0.8161 0.0167014 0.0177322
0 0.114521 0.983686 0.0321955 0.019195
0 0.351898 0.989175 0.0188483 0.0216493
0 0.472966 0.801151 0.0100131 0.0395565
0 0.995679 0.813956 0.00822144 0.0181325
0 0.17308 0.736432 0.00558057 0.00790609
37 0.0222116 0.93847 0.0444231 0.0276944
0 0.906804 0.763446 0.00714035 0.0268897
0 0.290277 0.749941 0.00877972 0.0126723
0 0.853092 0.829603 0.0195972 0.0397597
0 0.939587 0.739795 0.00778732 0.0217601
0 0.331231 0.708352 0.00547228 0.0169328
0 0.6857 0.795581 0.0110785 0.0445329
0 0.883747 0.97936 0.0462025 0.0402676
0 0.370442 0.738797 0.0102045 0.0112159
37 0.0962842 0.994216 0.047724 0.00826043
0 0.906029 0.973798 0.041292 0.0430459
0 0.784793 0.694875 0.0060009 0.0110562
0 0.00556488 0.981336 0.0110379 0.013818
0 0.57753 0.872642 0.0334343 0.0197393
0 0.00617416 0.747989 0.0120223 0.0219818
0 0.974603 0.664168 0.00862923 0.0416974
0 0.939718 0.743386 0.00824013 0.03001
0 0.949327 0.84955 0.0301182 0.0445606
0 0.917307 0.97271 0.018475 0.0401008
0 0.059113 0.749771 0.00336999 0.00732964
37 0.100795 0.992905 0.0569832 0.0104357
0 0.996997 0.661943 0.00437851 0.0140566
0 0.968208 0.74453 0.0109173 0.0484199
0 0.00332638 0.750699 0.0062845 0.0150736
8 0.0733028 0.752198 0.0230437 0.0132985
8 0.143643 0.744685 0.0491995 0.0170305
0 0.921071 0.973266 0.0288376 0.0410373
0 0.988229 0.678511 0.00486412 0.0127489
37 0.950404 0.866047 0.0382904 0.0170853
0 0.109229 0.985762 0.0432457 0.0231133
0 0.99629 0.734959 0.00691071 0.0508046
0 0.37124 0.738504 0.0134346 0.0125983
0 0.304188 0.741519 0.00630765 0.012576
37 0.292691 0.758499 0.0156931 0.0103878
0 0.852113 0.84164 0.0220512 0.0186178
0 0.967761 0.745348 0.0141174 0.0566481
37 0.0774311 0.752109 0.0149693 0.0124485
0 0.976779 0.665303 0.00629559 0.0392234
0 0.06613 0.751944 0.00858707 0.0114994
0 0.838555 0.835001 0.0326778 0.0342765
0 0.769961 0.811882 0.0131636 0.0169878
0 0.541076 0.848746 0.00713959 0.0287649
0 0.154566 0.740095 0.00858526 0.0112342
0 0.201549 0.726858 0.00509152 0.00777283
37 0.950109 0.864469 0.0226831 0.0146884
37 0.00783382 0.757589 0.0135955 0.00880025
37 0.935982 0.867569 0.0113613 0.013552
0 0.766808 0.694952 0.00708961 0.0125741
37 0.789256 0.819929 0.0272646 0.0083096
0 0.906887 0.975814 0.0565609 0.0456479
0 0.903373 0.682191 0.00423431 0.0146857
8 0.878674 0.67458 0.028005 0.0130136
8 0.292813 0.755053 0.0153783 0.00936652
0 0.390891 0.832858 0.0186144 0.0879118
37 0.960334 0.863285 0.0492088 0.0168165
0 0.975242 0.762369 0.022057 0.0283373
0 0.1231 0.74105 0.00601311 0.0105754
0 0.12031 0.984898 0.0383936 0.0204861
0 0.157487 0.739636 0.0140556 0.0119893
0 0.679306 0.814716 0.0215752 0.0205666
0 0.589607 0.90726 0.0530551 0.0251538
37 0.856822 0.846089 0.0409765 0.0145294
0 0.129983 0.985235 0.0656313 0.0215347
0 0.112449 0.981062 0.0299384 0.0234653
37 0.588762 0.910541 0.0530502 0.0197089
37 0.852759 0.845182 0.0262264 0.0145864
37 0.695542 0.841615 0.0266721 0.0145486
24 0.15345 0.983538 0.0178486 0.0127621
37 0.681447 0.817777 0.0203149 0.0158366
33 0.390928 0.833006 0.0181864 0.086027
0 0.777567 0.77704 0.0147352 0.0490835
37 0.958226 0.866388 0.0562172 0.0149528
8 0.144658 0.741327 0.0507696 0.0211463
0 0.995362 0.808713 0.00880013 0.0296122
0 0.681182 0.799631 0.0193848 0.0493605
8 0.870258 0.675253 0.0106766 0.01076
0 0.779703 0.817422 0.0086628 0.0106118
37 0.487847 0.863711 0.0306768 0.0104957
37 0.788749 0.818258 0.0264087 0.0105445
25 0.390938 0.832889 0.0181427 0.085886
37 0.15344 0.983503 0.0181208 0.0132479
37 0.960268 0.863365 0.0531702 0.0123756
0 0.773646 0.812492 0.0211798 0.0201426
0 0.879224 0.985265 0.0371799 0.0287725
37 0.289479 0.758259 0.0228043 0.0118408
37 0.00720429 0.755914 0.0141832 0.0127591
37 0.320011 0.713955 0.0237311 0.00865309
0 0.859758 0.795401 0.00725555 0.0120226
0 0.292902 0.752541 0.0150187 0.0135729
0 0.00948712 0.981078 0.0187658 0.0156698
0 0.928977 0.735462 0.00773144 0.00872532
0 0.828629 0.832226 0.0200993 0.0367021
0 0.926389 0.736252 0.0095829 0.00777368
37 0.59192 0.914031 0.0444094 0.012029
37 0.131835 0.984417 0.0613592 0.0217007
0 0.679319 0.818277 0.0222197 0.0220581
8 0.0729403 0.754551 0.0246344 0.0175303
37 0.752875 0.826502 0.0292788 0.00661367
