0 0.370106 0.846357 0.0136567 0.0646701
0 0.26175 0.904199 0.0215439 0.0756551
0 0.506046 0.82279 0.0128493 0.0565857
0 0.452769 0.834796 0.0119696 0.0671565
0 0.84265 0.764723 0.008634 0.0406715
0 0.62879 0.807163 0.00833941 0.0489302
0 0.797322 0.775087 0.0092968 0.0502016
0 0.718456 0.829979 0.0143311 0.0317362
0 0.391152 0.832926 0.0179081 0.0865913
0 0.547777 0.81449 0.00998917 0.0562108
0 0.831251 0.835013 0.0167511 0.0322696
0 0.688888 0.794947 0.010265 0.0455424
0 0.731688 0.785902 0.00771885 0.0447108
0 0.555073 0.818878 0.00963612 0.0481301
0 0.956479 0.848508 0.0161167 0.0359175
0 0.645914 0.808003 0.00599575 0.0300083
0 0.114445 0.982491 0.0313455 0.0237783
0 0.70216 0.792466 0.0107394 0.0471686
0 0.9907 0.733723 0.00844803 0.0328461
37 0.198137 0.91628 0.0442425 0.0308926
0 0.853858 0.834286 0.020248 0.0280619
0 0.740178 0.782888 0.00749598 0.0476627
0 0.35521 0.989408 0.0147874 0.0211847
0 0.968663 0.733496 0.00630798 0.0263882
0 0.4758 0.857288 0.0181261 0.0236979
0 0.97232 0.762592 0.0147764 0.0275731
37 0.0221476 0.938718 0.0442951 0.0290259
0 0.577615 0.874828 0.0326218 0.0159132
0 0.890865 0.976993 0.059926 0.0440455
0 0.904793 0.973298 0.03881 0.0384179
0 0.528066 0.758878 0.00964642 0.0181903
0 0.883007 0.984958 0.0441656 0.0284241
0 0.944644 0.85215 0.0139252 0.0329658
0 0.00565033 0.975786 0.0112281 0.0257395
0 0.923244 0.750863 0.0081295 0.0356198
0 0.930468 0.727786 0.00842609 0.0206111
0 0.48439 0.857514 0.0360815 0.0239173
0 0.340122 0.771308 0.00550542 0.011988
0 0.00337336 0.739231 0.00666232 0.014104
0 0.676741 0.815338 0.0182889 0.0184642
0 0.940986 0.672127 0.00591793 0.0203517
0 0.940645 0.854888 0.0239944 0.0385766
37 0.0984481 0.994035 0.0522424 0.00820906
0 0.461512 0.75711 0.00950575 0.0141686
8 0.355083 0.723176 0.0373626 0.0135088
0 0.922387 0.973605 0.0262218 0.0392615
0 0.853189 0.836452 0.0256176 0.0324487
0 0.917446 0.972242 0.0159136 0.0365926
0 0.924488 0.751433 0.0107803 0.0404914
0 0.785792 0.81386 0.0367791 0.0193498
0 0.926957 0.74221 0.0160549 0.0489702
0 0.262783 0.721448 0.0166513 0.0229411
0 0.540569 0.84988 0.00778017 0.029616
0 0.914817 0.972177 0.0104515 0.036761
8 0.0042042 0.754288 0.00822511 0.00923326
0 0.83424 0.835017 0.0237221 0.0330509
0 0.10326 0.984215 0.0546296 0.0267192
0 0.289025 0.739993 0.00946674 0.0128769
37 0.992579 0.698865 0.0144794 0.0116699
0 0.899727 0.975307 0.0302094 0.0334598
14 0.996285 0.816314 0.00702248 0.0113176
0 0.868486 0.694898 0.00643654 0.0156311
0 0.286585 0.740365 0.0146535 0.0136882
0 0.860444 0.794414 0.00520191 0.0140149
0 0.260378 0.717399 0.00992851 0.013883
0 0.00460554 0.972966 0.00915895 0.0306878
0 0.897921 0.683062 0.00726261 0.0141195
0 0.00846597 0.975724 0.0167706 0.0272217
0 0.737124 0.782034 0.0104492 0.0517731
0 0.592808 0.90738 0.0625077 0.0232508
0 0.773984 0.813521 0.0197956 0.0188265
0 0.770852 0.81295 0.0143075 0.0174249
24 0.153424 0.983499 0.0181293 0.0130825
0 0.974851 0.77149 0.0178921 0.0102319
0 0.996051 0.80763 0.00748711 0.0287486
0 0.119633 0.983854 0.0410285 0.0247606
0 0.0427339 0.737624 0.00757226 0.0145504
0 0.777371 0.814569 0.0130258 0.0170485
0 0.923616 0.679832 0.00550079 0.0108005
0 0.341207 0.771936 0.00773497 0.0133314
0 0.990484 0.670586 0.00537376 0.014914
0 0.785462 0.814125 0.0269014 0.0178212
0 0.450404 0.835011 0.00969639 0.0631144
0 0.626638 0.807665 0.012439 0.0507835
37 0.593932 0.911997 0.0604212 0.0138828
0 0.74025 0.780073 0.00959682 0.0534526
0 0.857301 0.836421 0.0430656 0.0365248
0 0.0618263 0.733732 0.00772266 0.014856
0 0.939459 0.859367 0.0228783 0.0297626
0 0.910289 0.975726 0.0517532 0.0430138
0 0.448857 0.835665 0.00691681 0.0614039
0 0.900789 0.68228 0.0130627 0.0132022
0 0.963379 0.673805 0.00685387 0.0183068
37 0.935099 0.866755 0.0131523 0.0153466
37 0.594186 0.907048 0.0602478 0.0216483
0 0.996121 0.816745 0.00728397 0.0130634
0 0.961755 0.672591 0.00733414 0.0185924
0 0.974807 0.762413 0.0211618 0.0280062
0 0.891132 0.987446 0.0307348 0.0222434
14 0.917398 0.66873 0.00983849 0.0078125
0 0.0658254 0.734107 0.0158373 0.0155757
0 0.529429 0.759757 0.0132883 0.0203957
0 0.872537 0.845632 0.0144123 0.0148068
37 0.860848 0.845764 0.0385948 0.0164707
0 0.00521279 0.96793 0.0104141 0.0428431
8 0.354968 0.726072 0.0379741 0.0194804
0 0.00384528 0.957651 0.0076299 0.0613753
0 0.844456 0.836814 0.0454536 0.0339044
