0 0.453497 0.833637 0.0121857 0.0674503
0 0.843013 0.76531 0.00845604 0.0503591
0 0.660529 0.800951 0.0104597 0.0442908
0 0.831192 0.834664 0.0185188 0.0334966
0 0.561299 0.815016 0.011829 0.0553267
0 0.692259 0.793621 0.0097105 0.0477292
0 0.39101 0.817621 0.0181277 0.0567081
0 0.718283 0.830653 0.0147432 0.0302305
0 0.703074 0.790628 0.00854836 0.0486103
0 0.769769 0.778652 0.0132109 0.0515481
0 0.746839 0.78251 0.00740528 0.0487315
0 0.736472 0.785634 0.00918179 0.046637
0 0.953512 0.849258 0.0220264 0.0415597
0 0.757714 0.782725 0.00765324 0.0449226
0 0.792814 0.774708 0.0107101 0.052066
0 0.856146 0.830486 0.0145451 0.032977
0 0.79835 0.776937 0.00799541 0.0478592
0 0.939978 0.727562 0.00712662 0.0214147
0 0.288386 0.723726 0.00760574 0.0166501
0 0.956738 0.848801 0.015733 0.040567
0 0.0608054 0.73963 0.00560699 0.0181544
0 0.676767 0.81662 0.0186746 0.0189592
0 0.433724 0.914495 0.0245324 0.0359019
8 0.198215 0.915168 0.0458397 0.0324924
0 0.355081 0.989142 0.0144224 0.0217166
0 0.00491244 0.753047 0.00969565 0.0189979
0 0.119378 0.983698 0.0386021 0.0262514
37 0.0220753 0.938396 0.0441506 0.0288737
0 0.971735 0.763052 0.0164688 0.0272193
0 0.0669544 0.748178 0.00818927 0.0182139
0 0.883854 0.980565 0.0460693 0.0378235
0 0.852886 0.830867 0.0209639 0.0349838
0 0.5209 0.728063 0.0127611 0.0159276
37 0.00415178 0.758487 0.0082509 0.00894199
0 0.921359 0.97344 0.0270916 0.0403731
0 0.995902 0.811734 0.00778427 0.0195153
0 0.483917 0.8582 0.0341501 0.0221069
0 0.138957 0.741514 0.0144836 0.00976935
0 0.941023 0.72781 0.0101778 0.0232185
0 0.108657 0.98426 0.0612739 0.026987
0 0.890275 0.97623 0.0583088 0.0453607
0 0.00293405 0.974416 0.00582355 0.0272074
37 0.096258 0.994257 0.0477879 0.00833198
0 0.57725 0.875758 0.0333557 0.0146544
37 0.853045 0.848447 0.0246681 0.00940586
4 0.319398 0.307527 0.0178407 0.0123023
0 0.274448 0.730617 0.00696955 0.0177277
0 0.00538138 0.974345 0.0106874 0.0282572
0 0.913745 0.973131 0.0110443 0.0391171
0 0.902763 0.973413 0.033593 0.0406833
37 0.105062 0.993838 0.0661826 0.00877584
0 0.715433 0.831098 0.0206743 0.0309082
0 0.317507 0.709868 0.00616035 0.0166541
0 0.0644953 0.744949 0.0135264 0.0243127
0 0.87715 0.68096 0.00570412 0.0145927
0 0.916887 0.973229 0.019215 0.0394375
0 0.805102 0.697956 0.00492382 0.0175034
0 0.540958 0.849025 0.00755043 0.0270857
0 0.908388 0.973156 0.0222816 0.039493
8 0.520728 0.728258 0.0155066 0.0162608
8 0.0601756 0.747121 0.0254629 0.0228475
8 0.13686 0.56573 0.0429256 0.0128482
0 0.413663 0.762287 0.00536804 0.0127631
37 0.940401 0.736647 0.0151114 0.010296
0 0.382957 0.759157 0.0101529 0.0117903
0 0.111779 0.982412 0.0242471 0.0222454
0 0.744307 0.782941 0.0123093 0.0505242
16 0.77275 0.811777 0.0190881 0.0163015
0 0.773165 0.812044 0.0215935 0.017353
0 0.410108 0.77175 0.00862274 0.0197089
0 0.412594 0.764 0.0067997 0.0149641
8 0.306522 0.71598 0.0329537 0.00965
0 0.998029 0.668111 0.00348854 0.0178079
37 0.0605116 0.747257 0.0259123 0.0198341
0 0.411163 0.765473 0.00893002 0.01977
0 0.983501 0.67002 0.00607739 0.0207189
37 0.0533943 0.742238 0.0119848 0.0113095
0 0.410511 0.769805 0.0139919 0.0272722
0 0.00469235 0.970269 0.00936869 0.0371033
37 0.852245 0.845276 0.0225946 0.0116787
0 0.696304 0.792552 0.0179604 0.0495095
0 0.00938442 0.974907 0.0186189 0.0300602
37 0.135748 0.741803 0.020925 0.0114844
0 0.13114 0.983989 0.0627627 0.0248352
0 0.9229 0.737485 0.00611076 0.00896573
0 0.490638 0.857659 0.0242781 0.0216543
0 0.973285 0.672349 0.00782414 0.0149521
0 0.755347 0.782597 0.012111 0.0473161
8 0.419303 0.762559 0.0132882 0.0116472
0 0.772472 0.812422 0.00933313 0.0153249
0 0.125586 0.985378 0.0281307 0.0232591
8 0.306062 0.711965 0.0307199 0.0163383
0 0.910687 0.975838 0.050061 0.0443346
0 0.952895 0.676228 0.00567551 0.0129247
0 0.994875 0.810695 0.00979919 0.0223657
0 0.779424 0.814821 0.0082593 0.0116728
0 0.00311322 0.962706 0.00616445 0.0505441
0 0.783576 0.698054 0.00383654 0.0159256
0 0.439786 0.914774 0.0126709 0.0335619
37 0.936241 0.866875 0.0117102 0.0160194
0 0.863144 0.833001 0.0318457 0.037695
0 0.408101 0.77741 0.0175056 0.0192837
8 0.284216 0.733665 0.0252012 0.0118707
0 0.894423 0.683958 0.00607815 0.0204459
37 0.180949 0.737139 0.0147644 0.007321
37 0.859026 0.846986 0.0369852 0.0145159
0 0.947363 0.859999 0.00989971 0.0188022
37 0.843948 0.846546 0.0442139 0.0136347
0 0.995758 0.805511 0.00805054 0.0318502
0 0.924344 0.68159 0.00621262 0.0092887
14 0.763266 0.8301 0.0139578 0.015293
0 0.672702 0.815997 0.0240461 0.0185784
8 0.409528 0.771879 0.0234179 0.0286694
24 0.153475 0.98342 0.0180176 0.0134047
0 0.895404 0.685344 0.00450706 0.0206217
37 0.955825 0.86392 0.0306026 0.0197937
8 0.289883 0.731894 0.0143916 0.00874159
0 0.80626 0.698288 0.00728645 0.0184146
37 0.957295 0.867259 0.0266188 0.0109789
0 0.973714 0.765712 0.0207874 0.0264942
8 0.968979 0.671492 0.0395754 0.0242366
8 0.966555 0.672322 0.0360016 0.0184736
37 0.198071 0.915112 0.0451669 0.0319163
8 0.312303 0.715197 0.0238112 0.00867615
37 0.761297 0.824644 0.0116766 0.00665927
4 0.844789 0.24268 0.00843506 0.00556467
0 0.936157 0.866505 0.0117517 0.0160227
0 0.805452 0.700817 0.00553741 0.0227603
37 0.95905 0.869009 0.0232679 0.00908
0 0.10975 0.984804 0.0406238 0.0225613
0 0.153774 0.98355 0.0178771 0.0141327
0 0.952121 0.677645 0.00480652 0.0133617
8 0.304796 0.720136 0.0325012 0.0101112
8 0.407096 0.77909 0.0189644 0.0154639
0 0.947708 0.86351 0.0110119 0.0154382
8 0.409242 0.776429 0.0197639 0.0219294
0 0.957339 0.857297 0.0273678 0.0292274
37 0.574577 0.874498 0.0374414 0.0168686
0 0.752412 0.782285 0.0182806 0.0484867
