0 0.581627 0.810794 0.0138615 0.0618422
0 0.648632 0.802732 0.0112367 0.0497236
0 0.452723 0.834446 0.0121607 0.0667353
0 0.796606 0.775638 0.00889997 0.0506729
0 0.541649 0.818525 0.011447 0.0584608
0 0.831156 0.835073 0.0169758 0.0325667
0 0.39813 0.844652 0.0127094 0.0575158
0 0.717265 0.788127 0.00925789 0.0476262
0 0.718083 0.830195 0.0137575 0.0315203
0 0.689417 0.795738 0.0110202 0.0469686
0 0.843151 0.763231 0.00819111 0.0381853
0 0.554962 0.818138 0.00893383 0.0484214
0 0.391161 0.819358 0.0170864 0.0590196
0 0.957145 0.847833 0.0149841 0.0357622
0 0.701452 0.79528 0.0112657 0.0502825
37 0.198017 0.916471 0.0452317 0.0303531
0 0.32607 0.901234 0.0132611 0.0818417
0 0.117241 0.982886 0.0382103 0.0276513
0 0.730073 0.785783 0.00823231 0.0486318
0 0.666467 0.806325 0.0105841 0.0350689
0 0.943313 0.849938 0.0164442 0.0371036
0 0.930311 0.745992 0.00933533 0.0539342
37 0.0221811 0.938943 0.0443622 0.0298754
0 0.971568 0.763168 0.0134602 0.0260017
0 0.48435 0.857569 0.0369228 0.0237311
0 0.894086 0.975625 0.0649349 0.0442347
0 0.475553 0.857549 0.0188686 0.0233178
0 0.990378 0.733385 0.00699329 0.0297701
37 0.0984867 0.993914 0.0523836 0.0084788
0 0.906416 0.973415 0.0399899 0.0397325
0 0.854861 0.83254 0.0172989 0.0294356
0 0.974321 0.763363 0.0190777 0.0264577
8 0.275084 0.736328 0.0272547 0.01802
0 0.355335 0.989269 0.0135533 0.0214618
0 0.00516425 0.976446 0.0102691 0.0247496
0 0.851975 0.83404 0.0201313 0.0293494
0 0.917429 0.972892 0.0171211 0.0384677
0 0.860867 0.696241 0.0074913 0.0207077
0 0.00312482 0.976501 0.00619933 0.0238285
0 0.347478 0.772534 0.00459585 0.00872379
0 0.857144 0.831045 0.0122852 0.0270213
0 0.675446 0.815238 0.0150148 0.0196428
0 0.883824 0.980768 0.0449274 0.0359656
0 0.849152 0.833378 0.010775 0.0259481
0 0.996188 0.813512 0.00721664 0.0157233
37 0.0566155 0.739712 0.0095765 0.0132253
0 0.715274 0.830598 0.0199709 0.0320747
37 0.853326 0.848868 0.0245071 0.00807427
37 0.577113 0.875609 0.0340494 0.0138472
0 0.940621 0.851838 0.0208748 0.0412116
0 0.921071 0.973156 0.0253855 0.0388079
0 0.772733 0.81377 0.0211963 0.0183372
0 0.270889 0.731927 0.00622768 0.0118703
0 0.0508342 0.741785 0.0115031 0.0191974
0 0.106854 0.983214 0.0590145 0.0287893
0 0.0533113 0.742784 0.014208 0.0207475
0 0.94069 0.850457 0.0150799 0.0384155
37 0.935163 0.867537 0.0147617 0.0132738
0 0.677874 0.813271 0.0204397 0.0236674
0 0.940538 0.678767 0.00443382 0.0105579
0 0.360311 0.894991 0.0130896 0.0340824
0 0.911441 0.671263 0.00541706 0.0111389
0 0.958889 0.668095 0.00363579 0.0126622
37 0.577708 0.880379 0.0343379 0.0120517
37 0.101301 0.992453 0.057661 0.0106825
37 0.153457 0.983651 0.0177013 0.0123383
0 0.455638 0.758885 0.00926781 0.0163027
0 0.839928 0.835412 0.0345112 0.033255
0 0.902224 0.683164 0.00428066 0.0156611
0 0.940581 0.674808 0.00506783 0.014562
8 0.172452 0.56355 0.0553683 0.0157105
0 0.00878576 0.976687 0.0173994 0.0268214
0 0.508179 0.7203 0.00874901 0.0117954
0 0.819066 0.814513 0.00981941 0.0101261
0 0.00370274 0.973406 0.00734096 0.0303165
37 0.0532216 0.742786 0.0164406 0.0205878
0 0.332928 0.725718 0.0111232 0.0105216
0 0.00584725 0.973341 0.011546 0.0317034
0 0.863308 0.835084 0.0279575 0.0349903
0 0.506335 0.720736 0.012746 0.0135252
0 0.882237 0.985445 0.0426518 0.0281211
0 0.958397 0.665977 0.00375481 0.0139277
0 0.781672 0.813765 0.0354942 0.0198249
0 0.858801 0.794332 0.00812111 0.0142717
0 0.343431 0.89838 0.0475188 0.0769387
37 0.578099 0.886848 0.0351233 0.0088028
37 0.0492473 0.744034 0.0245321 0.0233827
37 0.0493035 0.748326 0.0251153 0.0191847
0 0.858175 0.835745 0.0382587 0.0367032
0 0.95505 0.675261 0.00489006 0.00995246
0 0.987676 0.733649 0.0124929 0.03133
37 0.844427 0.842958 0.0438465 0.0208237
37 0.578216 0.880479 0.0359177 0.0165944
0 0.4955 0.862686 0.015173 0.0116979
0 0.930885 0.728726 0.00941067 0.0285865
0 0.895683 0.973322 0.0191278 0.0226639
37 0.334622 0.72657 0.0224939 0.00967763
37 0.103602 0.984293 0.0632535 0.0261095
0 0.782859 0.813753 0.0173725 0.0168701
0 0.870881 0.845167 0.0113852 0.0158478
2 0.516109 0.413393 0.0176563 0.0198378
0 0.0490248 0.744855 0.0246987 0.0254532
0 0.358662 0.898671 0.0160317 0.0301671
