0 0.596714 0.807234 0.0117348 0.0562227
0 0.413805 0.839586 0.0122424 0.0636943
0 0.452347 0.834452 0.0118025 0.0653917
0 0.830849 0.835097 0.0178951 0.0326809
0 0.843026 0.766152 0.00843182 0.046845
0 0.796547 0.775165 0.00846939 0.050431
0 0.723748 0.785913 0.00793362 0.0506656
0 0.555741 0.815761 0.0130785 0.0574215
0 0.718092 0.830352 0.0139366 0.0311266
0 0.689138 0.795175 0.0103891 0.0464403
0 0.655992 0.80148 0.00767727 0.0448697
0 0.935357 0.750929 0.00866718 0.0412421
0 0.114508 0.982838 0.0329851 0.0278887
0 0.701282 0.793708 0.0103726 0.0456594
37 0.197894 0.916293 0.0455568 0.0304142
0 0.710714 0.789945 0.00936241 0.0482103
0 0.354357 0.900712 0.0237773 0.0808675
0 0.391205 0.832688 0.0178511 0.0850064
0 0.957188 0.848201 0.0149799 0.0360743
0 0.350008 0.900375 0.014469 0.0799254
37 0.0221009 0.93861 0.0442018 0.0303007
0 0.971853 0.762893 0.0132782 0.0277191
0 0.855883 0.832588 0.0155788 0.0306966
0 0.853045 0.833029 0.0216633 0.0312995
0 0.484095 0.857728 0.0365509 0.0232988
0 0.974655 0.763009 0.0184269 0.0274065
0 0.950627 0.850068 0.0280426 0.0397512
0 0.673549 0.799555 0.00828228 0.0227632
0 0.475368 0.857528 0.0186605 0.0230537
0 0.893907 0.975823 0.0648706 0.0444777
0 0.90655 0.973311 0.0399639 0.0394675
37 0.0960562 0.994083 0.0479859 0.00824348
0 0.917474 0.972894 0.0171087 0.03852
0 0.35533 0.989289 0.0134857 0.0214226
0 0.883669 0.981242 0.0448172 0.0354631
0 0.0528713 0.742887 0.00457935 0.0146467
0 0.0053743 0.976036 0.0106866 0.0253387
8 0.058637 0.747487 0.0324295 0.0201792
0 0.00247765 0.976119 0.00489864 0.0239788
0 0.0720253 0.751083 0.00503778 0.0116579
0 0.921282 0.973197 0.0256599 0.0389592
0 0.674266 0.806105 0.0106043 0.0362152
0 0.71539 0.830762 0.019861 0.0318193
37 0.577195 0.875711 0.0340382 0.0137902
37 0.852629 0.848612 0.022998 0.00881534
0 0.996149 0.813546 0.00729637 0.0158134
0 0.677713 0.815897 0.0206415 0.0185015
0 0.451826 0.761157 0.00582752 0.0143895
0 0.949215 0.857886 0.0260258 0.0248416
0 0.54071 0.848598 0.00730038 0.028224
0 0.00493466 0.757086 0.00974055 0.0125053
0 0.997934 0.732167 0.00368118 0.028971
0 0.348513 0.773069 0.006141 0.0120021
0 0.500738 0.718528 0.010306 0.00900421
0 0.703227 0.791964 0.0109674 0.0475895
0 0.673067 0.802552 0.0100916 0.0299923
0 0.705566 0.791177 0.00949001 0.0484673
0 0.859099 0.696101 0.00838947 0.0201362
0 0.772596 0.813606 0.0201889 0.0179752
0 0.945992 0.85982 0.0181534 0.02164
37 0.00486054 0.758172 0.00966869 0.0100481
0 0.853191 0.696275 0.00767174 0.0183877
0 0.947228 0.853399 0.0255676 0.0376497
0 0.281582 0.73626 0.0135643 0.0162089
0 0.00859175 0.976321 0.0170506 0.0269599
0 0.863453 0.834729 0.0283215 0.0349965
37 0.577492 0.878558 0.03416 0.0148183
0 0.932973 0.745087 0.0101433 0.0520269
8 0.282369 0.734112 0.0167837 0.0207191
0 0.888968 0.974425 0.0342888 0.0271296
37 0.85328 0.840948 0.024711 0.0236616
0 0.460354 0.762315 0.00548878 0.0122311
0 0.0605893 0.743214 0.0101959 0.0122728
0 0.945618 0.852381 0.0385738 0.0430247
37 0.10028 0.992462 0.0559391 0.0107222
0 0.903565 0.682483 0.00716267 0.0141907
0 0.0552489 0.74625 0.0250848 0.0212555
8 0.331971 0.724308 0.0150798 0.00965424
0 0.959888 0.671609 0.00314636 0.0105579
8 0.458124 0.752821 0.107787 0.0310008
0 0.930791 0.727883 0.00723457 0.021817
0 0.281902 0.734235 0.015815 0.0204002
37 0.15347 0.983635 0.0177751 0.0123801
0 0.391321 0.81334 0.0174986 0.0470325
0 0.859152 0.795097 0.00807686 0.0125451
0 0.856172 0.696138 0.0134537 0.0201833
37 0.360969 0.904216 0.0121505 0.0176263
0 0.942856 0.858891 0.033106 0.0298084
0 0.841102 0.834828 0.0389034 0.0340402
0 0.12079 0.983756 0.0388547 0.0252838
26 0.153471 0.983671 0.0175503 0.012462
0 0.987864 0.668649 0.0099823 0.0156465
0 0.0030375 0.973278 0.00600338 0.0300076
0 0.494784 0.862904 0.0152681 0.0113844
0 0.878193 0.985103 0.0341068 0.0282501
37 0.987563 0.754516 0.0245373 0.0152737
0 0.00643101 0.973395 0.0126972 0.0315979
8 0.327764 0.722968 0.0233907 0.0134649
0 0.554947 0.807981 0.0111403 0.0369841
0 0.909227 0.670471 0.00702686 0.00982361
0 0.81923 0.81478 0.00986958 0.00961202
0 0.856315 0.795238 0.0148884 0.0132005
0 0.895746 0.973122 0.0191847 0.0229043
0 0.362425 0.900796 0.00878382 0.0248934
0 0.985242 0.667654 0.00525284 0.0155789
0 0.871155 0.845275 0.0120642 0.0157227
37 0.577754 0.887215 0.034474 0.00909763
0 0.787467 0.817338 0.0249558 0.012931
0 0.350367 0.878043 0.0120543 0.0357286
0 0.942167 0.674576 0.00548401 0.0119679
