0 0.796669 0.775726 0.0117517 0.049923
0 0.555548 0.816192 0.0137616 0.0528826
0 0.451551 0.833143 0.0118654 0.0670909
0 0.778816 0.776557 0.0106285 0.0518762
0 0.644609 0.804849 0.00971127 0.047937
0 0.953729 0.850045 0.0227417 0.0428426
0 0.692389 0.796366 0.00965958 0.0459985
0 0.830564 0.834776 0.0175936 0.0335076
0 0.73659 0.785748 0.00850048 0.0478151
0 0.702611 0.791974 0.0105492 0.0454032
0 0.718432 0.83012 0.0143011 0.0321703
0 0.890372 0.975704 0.0577515 0.0455185
0 0.843453 0.762632 0.00657272 0.0388836
0 0.974557 0.762912 0.0192394 0.0271322
0 0.940006 0.727973 0.00719261 0.0206568
0 0.754172 0.78185 0.00959396 0.0513506
8 0.198607 0.915388 0.0469065 0.0322737
0 0.747122 0.784138 0.00752716 0.0483568
0 0.856395 0.830591 0.0135899 0.0322567
0 0.0047806 0.752758 0.00935404 0.0177083
0 0.434685 0.914009 0.0216611 0.0368361
0 0.355273 0.98918 0.0136316 0.0216393
0 0.676289 0.815169 0.0158978 0.0177948
0 0.27386 0.72912 0.00513411 0.01692
0 0.478237 0.856526 0.0315818 0.0231813
0 0.114963 0.981387 0.0321196 0.0297855
0 0.0582764 0.740741 0.00463289 0.0179582
0 0.902049 0.972956 0.0346909 0.040152
0 0.483358 0.8566 0.0215611 0.0227549
0 0.745409 0.784397 0.00677843 0.0484843
0 0.290368 0.721636 0.00678692 0.0203493
0 0.739598 0.785363 0.00784779 0.0473779
0 0.88334 0.984892 0.0434414 0.0278083
0 0.109231 0.979315 0.0201988 0.0255912
0 0.0672109 0.752993 0.00802115 0.0153615
0 0.00595297 0.976753 0.0118913 0.0243225
8 0.0645273 0.746609 0.0381645 0.0300018
8 0.388744 0.760085 0.0160263 0.0133543
0 0.741944 0.785002 0.00772238 0.0482418
0 0.852905 0.831225 0.023138 0.0342445
0 0.319297 0.71427 0.00528545 0.016312
0 0.996894 0.674852 0.00576973 0.028693
0 0.714355 0.830624 0.0229133 0.032979
0 0.10999 0.981994 0.0451146 0.0310596
8 0.295065 0.721908 0.0373106 0.0191596
37 0.852594 0.848785 0.0267673 0.00966017
0 0.405948 0.775577 0.0140838 0.0163201
0 0.758589 0.787816 0.00679808 0.0336599
0 0.99638 0.810231 0.00681686 0.0209881
8 0.1463 0.565233 0.050696 0.0133977
8 0.409203 0.769824 0.0258046 0.0274548
8 0.300685 0.723015 0.0257051 0.0131041
0 0.273409 0.731303 0.00632687 0.0215091
8 0.405651 0.775227 0.0157741 0.0171546
0 0.0684478 0.752879 0.0125283 0.016275
8 0.286324 0.727795 0.0142628 0.00932482
37 0.0222846 0.939047 0.0445691 0.0314941
0 0.417294 0.763128 0.00966587 0.0138841
0 0.996753 0.664536 0.00615196 0.00994636
8 0.296245 0.722888 0.049616 0.0302439
0 0.88491 0.979543 0.0467525 0.0377469
8 0.305522 0.720645 0.0165156 0.0123973
0 0.757539 0.786617 0.00813179 0.0404368
0 0.960161 0.850603 0.0101475 0.0380412
8 0.288323 0.722257 0.0185326 0.0207058
8 0.022183 0.93883 0.0442066 0.0313397
8 0.0525375 0.740761 0.0166795 0.0160838
0 0.577049 0.874611 0.0328054 0.0159559
37 0.101835 0.99404 0.0601539 0.00907813
0 0.52003 0.729869 0.011832 0.0149482
37 0.0504738 0.740706 0.0125533 0.0149156
8 0.519909 0.72983 0.0129543 0.0155145
8 0.0721362 0.753738 0.0226801 0.0166951
0 0.00481978 0.756193 0.00957682 0.0132156
8 0.522367 0.729668 0.0178038 0.017335
0 0.970431 0.671294 0.00471897 0.0167362
0 0.922456 0.680972 0.0059761 0.0138692
37 0.0723073 0.757328 0.0234179 0.00964966
37 0.851419 0.845692 0.0252708 0.0129825
37 0.990537 0.767971 0.0184872 0.0111376
8 0.968868 0.659343 0.0402966 0.0268741
0 0.540942 0.849024 0.00748186 0.0273237
8 0.00556003 0.755179 0.0109119 0.0178399
37 0.576954 0.87435 0.032865 0.0157566
0 0.959382 0.675376 0.00646286 0.0146249
0 0.438889 0.914515 0.0138968 0.034808
8 0.972348 0.662076 0.0533005 0.0377771
0 0.843423 0.835904 0.0433744 0.0345174
37 0.936221 0.866179 0.0113216 0.0147678
8 0.96251 0.505897 0.0745655 0.151713
8 0.0705397 0.747128 0.0273817 0.031459
0 0.104439 0.98243 0.0662737 0.0313297
0 0.862921 0.833442 0.031855 0.0385647
37 0.855377 0.84765 0.0338144 0.0144904
0 0.953246 0.860971 0.0215317 0.0222909
0 0.287762 0.721691 0.0135365 0.0211663
0 0.486823 0.856791 0.0305141 0.0231194
0 0.707251 0.784861 0.0054388 0.0151464
0 0.885187 0.989313 0.0383041 0.0186276
0 0.771511 0.812585 0.00959721 0.0145966
0 0.856964 0.834487 0.0431412 0.0395116
0 0.977995 0.650741 0.00872192 0.0134221
0 0.861153 0.842741 0.0337532 0.0222161
0 0.120699 0.983783 0.0197876 0.0265723
0 0.981606 0.762617 0.0339676 0.0267788
37 0.944327 0.865373 0.0277573 0.0167487
8 0.00506416 0.765212 0.0100604 0.0195007
4 0.297696 0.303744 0.00691161 0.00502311
8 0.978332 0.659507 0.0433361 0.0283221
0 0.969788 0.667844 0.00417557 0.010309
24 0.153354 0.983632 0.0174005 0.0122652
8 0.138828 0.738893 0.0156849 0.0114665
0 0.00923427 0.976339 0.0183536 0.0266798
16 0.771054 0.811882 0.0131414 0.015165
8 0.0620618 0.742237 0.0355839 0.0203961
8 0.289329 0.723225 0.0303618 0.0260688
8 0.302801 0.719306 0.0419232 0.0218713
