0 0.452292 0.83433 0.0122948 0.0657237
0 0.643685 0.800378 0.0137298 0.053715
0 0.495545 0.824593 0.0133465 0.0513123
0 0.842023 0.766781 0.00867939 0.0454753
0 0.796305 0.7762 0.00850315 0.0478024
0 0.83081 0.834809 0.0176245 0.0330853
0 0.744305 0.783134 0.00954285 0.0485145
0 0.953604 0.850701 0.0219429 0.0406145
0 0.679962 0.792021 0.0106368 0.0505981
0 0.560859 0.818128 0.0119331 0.0507816
0 0.939365 0.72817 0.00770874 0.0210798
0 0.718512 0.829585 0.0146276 0.0327796
0 0.0162219 0.749877 0.00991324 0.0171429
0 0.114614 0.982357 0.0335487 0.0277429
0 0.272868 0.725458 0.00492482 0.0191883
37 0.0220975 0.937998 0.044195 0.0279566
0 0.0661115 0.732618 0.0061419 0.0193654
0 0.890698 0.975703 0.0590664 0.0470269
0 0.854423 0.82972 0.0175884 0.0342119
0 0.689549 0.795008 0.00976286 0.0458662
0 0.291597 0.723533 0.00899324 0.016136
0 0.315106 0.711043 0.00598607 0.0192485
0 0.354964 0.989117 0.0151955 0.0217668
0 0.702391 0.791605 0.00893097 0.0452805
0 0.902811 0.972315 0.0355587 0.040544
0 0.00562012 0.979412 0.0111792 0.0173218
0 0.434051 0.914271 0.0242172 0.037104
0 0.707988 0.789707 0.00764647 0.047424
37 0.1984 0.915578 0.0452852 0.0317613
0 0.846737 0.699104 0.00629807 0.018604
0 0.705539 0.790705 0.0103663 0.046735
37 0.0954079 0.994178 0.0462699 0.00797543
0 0.10725 0.982771 0.0489525 0.0290097
0 0.910736 0.973375 0.0491638 0.0425568
0 0.475627 0.85804 0.0187756 0.0220518
0 0.883289 0.984812 0.0444592 0.0290066
0 0.365473 0.77314 0.0181111 0.0149953
0 0.715434 0.829912 0.0214388 0.0335205
8 0.427673 0.760273 0.0240173 0.0148902
0 0.972342 0.762516 0.0133186 0.0269819
0 0.434373 0.760518 0.00557823 0.0105384
0 0.896588 0.681789 0.00488434 0.0249865
0 0.973829 0.76294 0.0198414 0.0271589
0 0.440777 0.919145 0.0103771 0.0241562
0 0.895258 0.675514 0.00654182 0.0140559
0 0.821944 0.698101 0.00590153 0.0163162
0 0.491923 0.729479 0.0107258 0.0118839
0 0.697709 0.79546 0.00759172 0.0416534
0 0.577417 0.875694 0.0331535 0.0133219
0 0.700096 0.793013 0.0106657 0.04605
8 0.0706649 0.745596 0.0160872 0.0212524
37 0.577157 0.875219 0.0332557 0.0133594
0 0.97378 0.754222 0.00530815 0.0126865
25 0.916964 0.65734 0.0335585 0.0217775
0 0.918708 0.973181 0.034132 0.0425842
0 0.0682788 0.734608 0.0107987 0.0234144
0 0.973018 0.672159 0.0049263 0.0157122
0 0.996279 0.810457 0.00703335 0.0213284
0 0.996403 0.815141 0.006777 0.011654
0 0.926882 0.683307 0.00419655 0.0108503
0 0.160214 0.72856 0.00823154 0.00826179
37 0.0040953 0.751949 0.00810112 0.00981361
8 0.135063 0.741783 0.0221459 0.0108549
0 0.97436 0.770734 0.0186769 0.0122406
0 0.973202 0.750387 0.0206949 0.0522459
0 0.676904 0.81621 0.0168501 0.0182353
0 0.391128 0.831882 0.0180367 0.0865343
0 0.975899 0.741195 0.00813866 0.0333978
8 0.49345 0.729812 0.0141646 0.0121587
37 0.974799 0.771618 0.017802 0.0102773
37 0.852511 0.849064 0.0258904 0.00923191
0 0.42904 0.914632 0.0300691 0.0373481
0 0.772963 0.812854 0.0202875 0.0169064
0 0.897198 0.686091 0.00349159 0.0184498
37 0.826632 0.812929 0.02271 0.0122392
0 0.0163359 0.752472 0.0114865 0.021876
16 0.676022 0.817364 0.0150974 0.0157003
0 0.135497 0.741664 0.0217338 0.0107985
0 0.958358 0.850762 0.0128399 0.035542
0 0.947273 0.852942 0.0344326 0.0438939
0 0.00939475 0.979645 0.0186935 0.0191342
0 0.161221 0.728747 0.0150691 0.00904049
0 0.852276 0.832515 0.0218287 0.0350477
37 0.877525 0.72503 0.0219868 0.0107093
0 0.677247 0.795511 0.0161587 0.0578888
37 0.587745 0.913411 0.0418943 0.0116957
0 0.935937 0.867153 0.0117985 0.0151028
0 0.141216 0.741618 0.0122024 0.00968628
37 0.854869 0.763819 0.0213161 0.0172316
4 0.217372 0.293095 0.0103666 0.00705702
0 0.70944 0.785505 0.00845556 0.041059
0 0.871832 0.84533 0.0134712 0.0155887
33 0.391307 0.814779 0.0170676 0.0512433
37 0.426587 0.922511 0.0241054 0.022445
37 0.786367 0.773621 0.0133325 0.00911747
0 0.677085 0.81183 0.0171999 0.0267724
0 0.479269 0.857399 0.0192289 0.0211119
0 0.914367 0.969675 0.00964317 0.0357103
37 0.577344 0.879672 0.0332926 0.0118429
0 0.96456 0.682144 0.00467739 0.0115478
8 0.305173 0.715326 0.0126246 0.00771383
37 0.422604 0.923042 0.0194738 0.0212691
0 0.673395 0.816764 0.0104381 0.0176887
0 0.541389 0.848488 0.00681114 0.0267934
8 0.916861 0.657221 0.0341118 0.0204553
0 0.417805 0.760728 0.00637302 0.012852
8 0.270907 0.728901 0.00915709 0.0134605
8 0.909134 0.68295 0.0353329 0.0146429
0 0.952556 0.862741 0.0188654 0.0185376
0 0.291154 0.725817 0.0111292 0.0171065
8 0.877818 0.724867 0.021637 0.0113078
