0 0.476135 0.833889 0.0134161 0.0673674
0 0.71842 0.830531 0.0145807 0.0306413
0 0.0482671 0.903037 0.0115437 0.0631577
0 0.453788 0.834016 0.0122844 0.0673811
0 0.83059 0.834647 0.0172434 0.0333991
0 0.773372 0.781358 0.00876083 0.0414195
0 0.696361 0.794307 0.0101826 0.0431113
0 0.842615 0.766611 0.00926743 0.0481615
0 0.879118 0.756397 0.00950489 0.045364
0 0.9535 0.849487 0.0220451 0.0411867
0 0.794032 0.776279 0.0100794 0.0473841
0 0.516561 0.808469 0.0109289 0.0439931
0 0.856246 0.830262 0.015349 0.0327862
0 0.755559 0.781871 0.00939789 0.0492223
0 0.744339 0.784006 0.00921879 0.0477229
0 0.915678 0.752375 0.00819569 0.0465225
0 0.32492 0.751967 0.0105058 0.0142507
0 0.827618 0.769346 0.00718002 0.0395721
0 0.910256 0.754959 0.00865479 0.0448881
0 0.395695 0.749707 0.00755024 0.0172906
0 0.482385 0.778957 0.00795288 0.0221605
0 0.945333 0.738628 0.00890102 0.0331251
0 0.0687444 0.73964 0.00678196 0.0232359
0 0.458323 0.780712 0.00809918 0.018457
0 0.996129 0.810111 0.00732002 0.0231489
8 0.396623 0.760542 0.0202411 0.0128462
0 0.4361 0.903242 0.01958 0.061132
0 0.438886 0.904601 0.0139334 0.0576894
0 0.894444 0.97622 0.0653917 0.0457116
8 0.198244 0.915115 0.046904 0.0336405
0 0.278821 0.728981 0.00715151 0.0153076
0 0.355108 0.988992 0.0144954 0.0220159
0 0.00934063 0.750735 0.00532128 0.0166801
0 0.97321 0.762742 0.0158215 0.0276288
0 0.391252 0.818956 0.0178741 0.0582318
37 0.0221402 0.938734 0.0442805 0.0306363
0 0.883871 0.979633 0.0444004 0.0391008
0 0.905964 0.973187 0.0434284 0.0401684
37 0.940854 0.755374 0.0131699 0.00457662
0 0.675901 0.815521 0.0158693 0.0185038
0 0.767459 0.696688 0.00644026 0.0134677
0 0.0067714 0.975951 0.0134556 0.0254395
8 0.0220802 0.938568 0.0441357 0.0309126
0 0.322989 0.709905 0.00624795 0.0164456
0 0.00543679 0.753181 0.00730257 0.0146508
0 0.791795 0.696329 0.00503845 0.0158262
0 0.12625 0.986008 0.0284027 0.0208033
0 0.917777 0.972756 0.0179752 0.0394426
8 0.395659 0.75426 0.0229508 0.0254745
37 0.0716042 0.750617 0.0100191 0.0129439
0 0.995798 0.674516 0.00566101 0.0151221
0 0.973298 0.761673 0.00889091 0.0262767
37 0.00743723 0.761288 0.0131588 0.00817905
0 0.921454 0.973339 0.0269752 0.040153
37 0.101434 0.994336 0.0586676 0.00781725
0 0.883377 0.985194 0.0432243 0.0280828
0 0.853905 0.831328 0.0206131 0.0362261
8 0.532776 0.737105 0.0152662 0.00886332
0 0.10947 0.980842 0.0186609 0.0227488
0 0.576913 0.875455 0.0320703 0.0133716
0 0.00676412 0.752115 0.01091 0.0179908
37 0.105262 0.991259 0.0662857 0.0136921
0 0.117301 0.98402 0.0332327 0.0233955
37 0.576685 0.875213 0.0320394 0.0132955
0 0.0530525 0.753039 0.00478511 0.00764838
0 0.161584 0.740498 0.00575948 0.00864105
0 0.715698 0.83104 0.0202496 0.0312893
0 0.0693572 0.744243 0.00881152 0.0262573
0 0.429892 0.894314 0.0137726 0.0425123
0 0.427972 0.903824 0.00968208 0.0411072
37 0.852987 0.84618 0.0259972 0.0135254
0 0.971927 0.674999 0.00648155 0.0162738
0 0.39748 0.752105 0.0126841 0.0158836
0 0.773517 0.812899 0.00601921 0.0149367
0 0.427891 0.907164 0.0124485 0.0515571
0 0.10574 0.985633 0.0651266 0.0238417
0 0.829618 0.768258 0.0109188 0.0367405
8 0.306595 0.717705 0.0167525 0.0085673
0 0.983123 0.676798 0.004076 0.0113037
8 0.329973 0.732012 0.0150896 0.0113434
0 0.540931 0.848638 0.00752087 0.0286445
37 0.856274 0.847462 0.0333038 0.0119809
37 0.944877 0.867009 0.0285912 0.0149994
0 0.934478 0.725237 0.00611076 0.024683
37 0.306482 0.71788 0.0170259 0.0089074
0 0.198504 0.735925 0.00964916 0.0144831
0 0.395083 0.750336 0.0105777 0.018969
0 0.85234 0.843058 0.0230698 0.0151059
37 0.938697 0.867249 0.0164948 0.0150275
0 0.109084 0.984066 0.0451004 0.0247601
0 0.279262 0.732266 0.00839462 0.0116891
0 0.772253 0.812452 0.0108963 0.0157074
8 0.30675 0.71951 0.0177859 0.00841319
8 0.45765 0.785686 0.0216233 0.0105167
37 0.00686997 0.758693 0.0118009 0.0108025
0 0.964204 0.66829 0.00402298 0.0110608
37 0.936387 0.867264 0.0120724 0.014585
0 0.42531 0.907379 0.0160057 0.0520874
0 0.949559 0.860843 0.0140217 0.0176307
24 0.153439 0.983471 0.0176943 0.01246
8 0.391051 0.760165 0.0321134 0.0143385
0 0.906615 0.976076 0.059811 0.0450187
37 0.281362 0.735984 0.0131141 0.00944638
37 0.859832 0.845901 0.0388767 0.0166077
0 0.426762 0.925088 0.00996475 0.0156082
0 0.67796 0.814225 0.0189241 0.0202489
8 0.329685 0.729402 0.0155704 0.0142751
0 0.908373 0.75518 0.0121893 0.0454637
0 0.766701 0.81314 0.00810061 0.0150469
0 0.947465 0.738607 0.0142128 0.0332893
0 0.773249 0.812929 0.0200517 0.0172919
8 0.0540459 0.753301 0.007608 0.00792881
0 0.947634 0.850774 0.0330452 0.0459507
0 0.867939 0.845153 0.0198399 0.0161496
0 0.828683 0.772552 0.00942421 0.0475496
0 0.109618 0.973461 0.0191455 0.0385968
0 0.280547 0.729914 0.0114602 0.0170285
37 0.574543 0.873342 0.0362252 0.0147905
0 0.862434 0.832411 0.0286404 0.0380398
37 0.593424 0.913664 0.0618947 0.0119283
0 0.00453103 0.973657 0.00900468 0.0301185
0 0.884058 0.682769 0.00571404 0.0074624
0 0.982144 0.660588 0.00602589 0.0138329
0 0.770139 0.812534 0.0157379 0.016271
0 0.871737 0.84539 0.0129723 0.0151727
0 0.200582 0.735833 0.0140612 0.0134569
0 0.83849 0.83502 0.0334209 0.0338145
0 0.779305 0.816445 0.00807438 0.00954861
37 0.577614 0.8788 0.0332413 0.0127857
37 0.458815 0.790926 0.0220518 0.01376
0 0.566556 0.84426 0.00738993 0.0227736
0 0.424619 0.925104 0.014248 0.0168382
8 0.881287 0.682427 0.0133743 0.00980284
0 0.426162 0.904798 0.0114291 0.0415243
0 0.440793 0.907294 0.0146079 0.0516639
0 0.540787 0.853173 0.00835457 0.0386865
37 0.153335 0.74136 0.0222874 0.0112128
