0 0.452316 0.834142 0.0120932 0.0651391
0 0.830825 0.834828 0.0175964 0.0329936
0 0.841933 0.766961 0.00898705 0.0456043
0 0.74459 0.783192 0.00818481 0.0480123
0 0.796347 0.776064 0.00835896 0.047462
0 0.561953 0.818164 0.0115335 0.0509149
0 0.95355 0.850771 0.0219017 0.0408135
0 0.496142 0.822294 0.0122466 0.0513516
0 0.94013 0.726884 0.00750999 0.0187361
0 0.718431 0.829768 0.0143328 0.0323541
0 0.0161759 0.749969 0.0102303 0.0172451
0 0.646719 0.80009 0.0107193 0.0535733
0 0.114631 0.982345 0.033523 0.0276091
0 0.890779 0.975636 0.0589096 0.0469128
0 0.703504 0.791436 0.0106098 0.0456848
37 0.0221105 0.938016 0.044221 0.028201
0 0.315048 0.712215 0.00606241 0.0210015
0 0.854819 0.829686 0.0166986 0.0340559
0 0.272615 0.725066 0.00561666 0.0181312
0 0.0655699 0.730912 0.00586801 0.0179125
0 0.709889 0.78957 0.00830498 0.0473355
0 0.681409 0.790736 0.00971174 0.0485982
0 0.97676 0.74208 0.00889702 0.0318176
0 0.354987 0.98912 0.0151218 0.0217604
0 0.434099 0.914366 0.0237589 0.0369129
0 0.689711 0.795509 0.00899763 0.0448512
0 0.00562215 0.979565 0.0111788 0.0176215
0 0.845826 0.699312 0.00675201 0.0195294
0 0.902834 0.972331 0.0355246 0.0405865
0 0.291771 0.722777 0.00874014 0.0181288
0 0.106896 0.982819 0.0501742 0.0289637
37 0.0955175 0.994188 0.0464939 0.00801459
0 0.475613 0.858221 0.0181719 0.0217821
0 0.690805 0.805286 0.00706472 0.0258314
0 0.433254 0.760203 0.00522766 0.0117733
37 0.198383 0.915595 0.0451964 0.0318431
0 0.883271 0.98469 0.0444859 0.0292586
0 0.91083 0.973443 0.0491323 0.0426331
0 0.698353 0.797656 0.00518732 0.0370497
0 0.821229 0.697705 0.00533543 0.0166339
0 0.675546 0.814683 0.0164871 0.0211683
0 0.715301 0.830207 0.0215357 0.0330295
0 0.491706 0.729997 0.00746574 0.0122206
8 0.13587 0.74192 0.023357 0.010896
0 0.0667217 0.735383 0.00916363 0.0275662
8 0.198406 0.915312 0.0448982 0.0319431
0 0.440831 0.918906 0.0103062 0.0247945
8 0.427842 0.761409 0.0257603 0.0139535
0 0.698049 0.802066 0.00503416 0.0283752
0 0.974226 0.763813 0.0175739 0.0247457
0 0.646618 0.783802 0.00978384 0.0247674
0 0.0681665 0.737154 0.0111866 0.0292616
0 0.160658 0.728542 0.00673096 0.0090505
8 0.288592 0.732507 0.0524169 0.0137968
0 0.371355 0.774329 0.00734739 0.0132182
0 0.492631 0.730485 0.00566816 0.0117733
37 0.577199 0.875249 0.0333302 0.013338
0 0.974564 0.769407 0.0179405 0.014468
8 0.0687871 0.74429 0.0130325 0.0224972
8 0.260207 0.871728 0.0812143 0.0307827
0 0.673465 0.816398 0.0127567 0.0180871
8 0.288635 0.729997 0.052065 0.0134396
0 0.927479 0.681593 0.00487843 0.0133113
0 0.897134 0.682879 0.00432053 0.0231545
0 0.996285 0.81043 0.00701904 0.0213184
0 0.973113 0.671636 0.0049202 0.0168492
0 0.366134 0.77392 0.0182158 0.0147074
0 0.92018 0.973202 0.0310093 0.0425676
0 0.698655 0.794073 0.00672245 0.0431373
0 0.996405 0.815114 0.00677242 0.011667
0 0.577436 0.875717 0.0332033 0.0133184
0 0.417682 0.760606 0.00617981 0.012384
8 0.071229 0.744227 0.0212764 0.0232103
0 0.368213 0.774866 0.0143235 0.0142921
0 0.291465 0.722127 0.0115167 0.0200416
0 0.13946 0.741106 0.0168694 0.0103485
0 0.689079 0.787801 0.00819321 0.034848
0 0.645951 0.791776 0.0119852 0.0394636
37 0.852479 0.848908 0.0260002 0.00948317
0 0.0162439 0.752269 0.0115451 0.0212809
8 0.0683792 0.738386 0.0119268 0.0335251
8 0.287901 0.735402 0.0520139 0.015349
37 0.756188 0.784514 0.0219976 0.0159492
0 0.772671 0.812802 0.0197248 0.0166575
37 0.00467715 0.751807 0.00925758 0.00983955
25 0.911381 0.656266 0.0306217 0.0200587
0 0.0660464 0.731248 0.00863129 0.0205027
8 0.428301 0.763646 0.0254389 0.0106808
0 0.700694 0.792286 0.0135582 0.0475104
8 0.0717876 0.748012 0.0201818 0.016763
8 0.290288 0.720264 0.0557216 0.0305108
0 0.391627 0.81826 0.0178981 0.0594511
0 0.427505 0.914653 0.0253653 0.0369646
0 0.958201 0.850985 0.0130955 0.0361094
0 0.897396 0.685605 0.00361862 0.0195908
0 0.697416 0.801727 0.0061862 0.0323564
37 0.826877 0.812555 0.0222979 0.012453
0 0.935964 0.867137 0.0118574 0.0150987
0 0.947237 0.852966 0.0343895 0.0438921
0 0.973991 0.750478 0.0188801 0.0496752
0 0.00936751 0.979839 0.0185811 0.0193539
0 0.895985 0.674771 0.00670338 0.012081
8 0.302661 0.715481 0.0132748 0.00834605
0 0.162132 0.728784 0.012232 0.00985141
37 0.426308 0.921888 0.0236696 0.0235016
33 0.391599 0.814219 0.0172668 0.0511139
0 0.675432 0.817674 0.0216343 0.0265954
4 0.217371 0.293098 0.0103679 0.00705321
0 0.391465 0.831827 0.0184032 0.0880266
0 0.914382 0.970091 0.00962162 0.0364863
0 0.871883 0.845337 0.0135323 0.0156932
8 0.0714614 0.73853 0.0209737 0.0354179
8 0.0411023 0.746244 0.0791456 0.0256344
0 0.797997 0.775714 0.0119169 0.048328
8 0.0668702 0.742446 0.0217958 0.0199736
0 0.837326 0.835447 0.0309763 0.033962
0 0.492883 0.730282 0.0131316 0.013383
0 0.479124 0.857435 0.0203157 0.0214172
37 0.577331 0.879213 0.0334431 0.0127343
0 0.856072 0.82396 0.0166977 0.0309643
37 0.494416 0.862912 0.015399 0.0104975
0 0.500299 0.816876 0.00719776 0.0321403
37 0.587353 0.91319 0.0427586 0.0122776
0 0.964883 0.680586 0.00547695 0.0151195
0 0.774797 0.813183 0.026442 0.0184024
