0 0.797011 0.775734 0.0124531 0.050008
0 0.642106 0.803967 0.0106082 0.0499483
0 0.452105 0.833074 0.0118191 0.0671414
0 0.555385 0.816048 0.0121038 0.0543603
0 0.777448 0.776945 0.00907488 0.0519986
0 0.953734 0.850012 0.0227634 0.0428521
0 0.692439 0.796625 0.00965147 0.0456752
0 0.830578 0.834648 0.017453 0.0333561
0 0.702516 0.79212 0.0102064 0.0455753
0 0.736743 0.785602 0.00880642 0.0477507
0 0.718329 0.830444 0.0145158 0.0316701
0 0.939985 0.727928 0.00725746 0.0208111
0 0.890368 0.975685 0.0577717 0.0454648
0 0.843732 0.763045 0.00731926 0.0392588
0 0.475958 0.855976 0.0325068 0.0257738
0 0.974642 0.762989 0.0193968 0.0269989
0 0.058428 0.74043 0.00460818 0.0188834
0 0.75115 0.781969 0.00854435 0.0516861
0 0.746137 0.785376 0.0068243 0.047168
0 0.00511489 0.752339 0.00972514 0.0172319
0 0.856404 0.830545 0.0136517 0.0323351
8 0.198755 0.91552 0.0461597 0.0320009
0 0.355281 0.989189 0.0136118 0.0216225
0 0.114767 0.981564 0.0326534 0.0293098
0 0.757973 0.788667 0.0078352 0.0357985
0 0.434305 0.914383 0.0228119 0.0374912
0 0.902008 0.972934 0.0347965 0.0401181
0 0.521117 0.730281 0.00837097 0.0118534
0 0.290926 0.72132 0.00612984 0.0178119
0 0.6762 0.815309 0.0155756 0.0178365
0 0.318943 0.714423 0.00528297 0.0162833
0 0.273706 0.730313 0.00651274 0.016875
0 0.996896 0.675224 0.00578938 0.0280797
37 0.198963 0.915606 0.046752 0.0322184
0 0.10891 0.979553 0.020016 0.024901
0 0.0059844 0.97737 0.0119446 0.0230638
0 0.883344 0.98515 0.043343 0.0273187
37 0.050125 0.741191 0.0116392 0.0123493
0 0.401766 0.776036 0.00667038 0.0140588
0 0.291052 0.726052 0.00656419 0.0151774
0 0.756137 0.787121 0.00750332 0.0400835
0 0.852568 0.831178 0.0239119 0.0344086
0 0.714379 0.830993 0.0228198 0.0322854
0 0.105815 0.982363 0.054132 0.0303575
0 0.996379 0.810229 0.00681973 0.0209408
8 0.296969 0.720126 0.0360991 0.020777
37 0.852583 0.848784 0.0267763 0.00966627
8 0.147081 0.565614 0.0514046 0.0145418
0 0.137722 0.740172 0.0143135 0.011556
8 0.29696 0.723397 0.0368098 0.0141793
8 0.13841 0.740292 0.0155934 0.011183
8 0.301723 0.72123 0.0254658 0.0159549
0 0.979346 0.669725 0.0060997 0.0189955
37 0.102645 0.994003 0.0619111 0.00929938
8 0.00567222 0.75936 0.0110856 0.010437
37 0.00555567 0.758085 0.0110437 0.0106825
0 0.577048 0.874632 0.0327394 0.0158953
37 0.0221442 0.938589 0.0442884 0.0316895
8 0.29636 0.725207 0.0535698 0.0265974
0 0.520364 0.730488 0.0110102 0.0129764
0 0.960027 0.850404 0.0104187 0.0382265
0 0.884984 0.979471 0.0468323 0.0376972
8 0.294893 0.721231 0.0489958 0.0263719
0 0.481906 0.855924 0.0389656 0.0263709
8 0.288617 0.7284 0.0185235 0.0108875
0 0.970177 0.672556 0.00519981 0.0167625
0 0.403933 0.776463 0.00836363 0.0133674
0 0.969896 0.670646 0.00455189 0.0137483
0 0.402259 0.776926 0.00941 0.0142644
8 0.13493 0.740764 0.0226753 0.0128791
0 0.979002 0.667363 0.00653152 0.0156574
37 0.851421 0.845648 0.025473 0.0128866
8 0.0219837 0.93884 0.0439177 0.0320099
0 0.922387 0.680327 0.00616112 0.0134511
0 0.407186 0.775701 0.0147166 0.0145445
0 0.391447 0.812306 0.0167762 0.0460154
0 0.418134 0.763698 0.010779 0.0130074
37 0.990833 0.767702 0.0178831 0.0115122
8 0.294936 0.722797 0.0301982 0.0220874
37 0.103624 0.983157 0.0643291 0.0298852
37 0.576944 0.874348 0.0327893 0.0157528
0 0.485371 0.855304 0.0133645 0.0239356
0 0.0682783 0.75176 0.0149613 0.0173794
8 0.389893 0.761129 0.015563 0.0119241
0 0.740212 0.784418 0.0111275 0.0492123
0 0.178718 0.736943 0.0140199 0.0077006
8 0.406239 0.77828 0.018699 0.0122511
37 0.936234 0.866222 0.0113699 0.014801
37 0.0719107 0.755244 0.0235214 0.0139455
37 0.990028 0.765233 0.019463 0.0136854
0 0.884446 0.988969 0.0399498 0.0193722
0 0.984905 0.671273 0.00601463 0.0131282
8 0.300913 0.724772 0.0494826 0.0131936
37 0.854724 0.847784 0.0323498 0.0142025
0 0.862944 0.833404 0.0320171 0.0386397
8 0.0695816 0.752147 0.0182124 0.0172853
8 0.286745 0.727903 0.0197775 0.0158807
0 0.838167 0.834482 0.0328884 0.0357429
37 0.94436 0.865346 0.02791 0.0168644
24 0.153337 0.983625 0.0174356 0.0122187
0 0.555188 0.803899 0.0109571 0.0278432
37 0.58778 0.913182 0.0515112 0.0120236
0 0.953199 0.861134 0.022002 0.0220337
0 0.00927191 0.977002 0.0184028 0.0253967
0 0.857117 0.834342 0.0428495 0.0394433
8 0.522083 0.730584 0.0162403 0.014288
0 0.426281 0.91578 0.0389268 0.0396993
37 0.179659 0.737153 0.0162514 0.00816684
0 0.861553 0.843499 0.0331051 0.0206892
0 0.843576 0.836609 0.0429758 0.0329529
0 0.272393 0.730988 0.0082634 0.0167323
0 0.1215 0.985487 0.0334213 0.0221839
0 0.912058 0.973588 0.0498064 0.0419752
0 0.712739 0.837357 0.0249969 0.0207309
25 0.0221854 0.938543 0.0443214 0.0315698
37 0.053229 0.743033 0.0182398 0.016548
37 0.960903 0.866397 0.0540558 0.0156338
0 0.707732 0.78569 0.0043232 0.0136966
37 0.590612 0.914562 0.0456656 0.00990278
0 0.977253 0.765254 0.0251511 0.0219655
37 0.968376 0.863074 0.0386814 0.0118703
0 0.871718 0.845387 0.013451 0.0158376
0 0.17629 0.737455 0.0206878 0.0088501
0 0.900669 0.974144 0.0736424 0.044073
8 0.519993 0.736086 0.0223795 0.00798255
37 0.0714819 0.75219 0.0237932 0.0184853
