0 0.453444 0.833702 0.0118114 0.0666355
0 0.480109 0.832491 0.0124311 0.0612573
0 0.427953 0.894404 0.018609 0.0800951
0 0.830167 0.834647 0.0172894 0.0337514
0 0.117673 0.891624 0.0119816 0.0613702
0 0.697625 0.794407 0.00847759 0.042825
0 0.908524 0.752632 0.00983467 0.0478431
0 0.49497 0.781156 0.00726967 0.0261258
0 0.871596 0.762383 0.00920162 0.0414302
0 0.843793 0.767658 0.00890942 0.0441162
0 0.514036 0.80943 0.00936203 0.0405321
0 0.855473 0.83161 0.016094 0.0332848
0 0.856768 0.770398 0.00601673 0.029037
0 0.718238 0.830513 0.0126871 0.0310381
0 0.953775 0.848618 0.0218985 0.0382282
0 0.944653 0.747177 0.0094099 0.0483276
0 0.00525136 0.750339 0.0103965 0.018889
0 0.69082 0.796512 0.00817547 0.0418593
37 0.0220628 0.938719 0.0441255 0.0296851
0 0.895617 0.975726 0.0661985 0.0455648
0 0.79141 0.778137 0.00891295 0.0435415
37 0.0748342 0.750014 0.0100132 0.0160319
37 0.198443 0.915838 0.0463206 0.031662
0 0.988654 0.738686 0.0061018 0.0340525
0 0.795522 0.778138 0.00876217 0.0444817
0 0.924256 0.740428 0.00742703 0.0316126
0 0.974494 0.761965 0.0184359 0.0285448
0 0.7477 0.784821 0.00838995 0.0428652
0 0.355075 0.989043 0.0142794 0.0219138
0 0.67652 0.815724 0.01596 0.0189757
0 0.852681 0.832414 0.0215071 0.0354004
0 0.512512 0.807145 0.0102128 0.0360748
0 0.00614411 0.981256 0.0122128 0.0146666
0 0.997205 0.730071 0.00512428 0.0297145
0 0.115055 0.983455 0.0302333 0.0265952
0 0.57755 0.874949 0.0333758 0.0155874
0 0.934677 0.727792 0.00540924 0.0216487
0 0.884375 0.979193 0.0444801 0.0386542
0 0.510052 0.805293 0.00554028 0.0279761
0 0.789678 0.698903 0.00644455 0.0202469
0 0.761291 0.781874 0.00682278 0.0452881
0 0.995813 0.813339 0.0079586 0.0170881
0 0.921501 0.973371 0.0282524 0.0412001
0 0.951433 0.858861 0.0176178 0.02441
0 0.917497 0.972902 0.0194481 0.0403198
37 0.0945968 0.994285 0.0451105 0.00840929
0 0.695578 0.795382 0.00896206 0.0421666
0 0.792777 0.776396 0.0129093 0.0490156
0 0.905883 0.974183 0.0439693 0.0430912
0 0.316041 0.750025 0.00711069 0.01428
0 0.471863 0.777325 0.00632916 0.0185989
0 0.765599 0.69642 0.00616417 0.0144775
0 0.0536237 0.751816 0.00291011 0.00697038
0 0.12083 0.984492 0.0386718 0.0241982
8 0.474066 0.78412 0.0243839 0.0193161
0 0.109606 0.981476 0.0195643 0.023534
0 0.0675152 0.75244 0.00548886 0.0141327
0 0.997206 0.736327 0.00515594 0.0435932
0 0.0743282 0.74506 0.0104317 0.020421
37 0.852489 0.846128 0.0248199 0.0125916
8 0.0725543 0.750653 0.0148339 0.0196496
8 0.316585 0.714409 0.0243078 0.0175418
8 0.320574 0.752291 0.0231024 0.018061
0 0.688919 0.797268 0.0118092 0.0435411
37 0.474828 0.78515 0.0262477 0.0175262
37 0.00467394 0.755729 0.00931991 0.0139911
0 0.32476 0.751877 0.0118995 0.0119405
0 0.102178 0.984254 0.0597102 0.0274882
0 0.712768 0.831031 0.0255461 0.0323432
0 0.775177 0.81242 0.0167359 0.0160041
14 0.197197 0.733467 0.0117442 0.00710839
24 0.153652 0.983176 0.0179744 0.0134067
0 0.863011 0.833479 0.0346161 0.0383855
0 0.904915 0.679519 0.00707817 0.0193946
0 0.348989 0.729191 0.00866122 0.0130269
0 0.772478 0.81254 0.0150224 0.0150782
0 0.974363 0.673497 0.00606308 0.0179274
0 0.856178 0.771707 0.00811768 0.0321994
0 0.577499 0.870429 0.0339379 0.0249278
8 0.322329 0.755375 0.0236254 0.0144528
0 0.872313 0.845536 0.0145283 0.0153534
33 0.39104 0.811746 0.0176689 0.0443773
8 0.322893 0.75853 0.022103 0.00834012
0 0.854925 0.844655 0.0494511 0.0193722
0 0.00899106 0.981195 0.0178411 0.0158959
0 0.590968 0.907347 0.0596283 0.0248271
37 0.323503 0.758849 0.0223299 0.00770467
0 0.773509 0.812201 0.00991621 0.0155241
0 0.160293 0.740882 0.00475287 0.00900692
0 0.325869 0.714087 0.00615954 0.0155885
14 0.884457 0.683983 0.00615253 0.00966865
0 0.935126 0.725437 0.00712795 0.0227854
8 0.26721 0.397531 0.00569258 0.00951097
37 0.843584 0.84577 0.0444607 0.0153776
0 0.912816 0.975665 0.0449829 0.0438877
0 0.289465 0.735359 0.00787487 0.00965424
0 0.925451 0.680901 0.00665455 0.0085222
37 0.591181 0.907414 0.0604351 0.0258801
14 0.951948 0.6627 0.00400639 0.00781615
37 0.850962 0.844109 0.0203735 0.0129924
37 0.533207 0.739845 0.0174555 0.0102829
0 0.117614 0.90092 0.0115318 0.0426192
37 0.93605 0.867034 0.011511 0.015576
0 0.750094 0.783845 0.0129304 0.0460768
0 0.842468 0.833406 0.0423098 0.037782
0 0.391034 0.832436 0.018023 0.0854862
0 0.390982 0.812236 0.0175619 0.0451708
0 0.935937 0.866746 0.0113541 0.0156431
0 0.153796 0.983297 0.0181563 0.0136497
37 0.0971801 0.9864 0.050807 0.0218562
0 0.753973 0.782569 0.0210536 0.0475165
37 0.0724849 0.752276 0.0154731 0.0199415
0 0.995362 0.808446 0.00879555 0.0282283
8 0.472731 0.779937 0.0199516 0.0221086
