0 0.452817 0.833162 0.0130116 0.0683007
0 0.723703 0.789316 0.00907831 0.0431261
0 0.7413 0.785231 0.00871296 0.0459713
0 0.704272 0.791127 0.0103928 0.0482612
0 0.718524 0.82947 0.0145145 0.0326457
0 0.830541 0.834864 0.0174896 0.0335124
0 0.823533 0.770322 0.0112141 0.0510468
0 0.691289 0.794185 0.0103912 0.0453695
0 0.755582 0.781229 0.00772228 0.0495938
0 0.842781 0.76559 0.00599594 0.0466329
0 0.848576 0.764658 0.0100443 0.0510278
0 0.548044 0.812008 0.0109515 0.0484689
0 0.815357 0.781276 0.0068264 0.0317725
0 0.472711 0.854695 0.0183176 0.0319236
0 0.953376 0.849814 0.0222767 0.0414198
0 0.79647 0.773146 0.0124214 0.0528286
0 0.855418 0.830425 0.0160103 0.0351069
0 0.115337 0.983176 0.0309085 0.0259945
0 0.434692 0.91412 0.0222878 0.0373937
0 0.356777 0.756504 0.00693398 0.0182671
0 0.974507 0.763344 0.0186634 0.0253877
8 0.951982 0.72236 0.0391037 0.0133996
0 0.00926802 0.750454 0.00908394 0.0193854
0 0.95715 0.848025 0.0150549 0.0379791
0 0.276036 0.725514 0.00509748 0.0181897
0 0.890812 0.976171 0.0601526 0.045048
0 0.523436 0.738587 0.0069334 0.0106018
0 0.883381 0.985355 0.0452396 0.0274497
0 0.355404 0.989245 0.0138013 0.0215098
8 0.198673 0.915921 0.0453245 0.0313704
0 0.90297 0.972678 0.0371529 0.0389374
0 0.436623 0.780134 0.00823746 0.0201906
0 0.775941 0.697188 0.00652561 0.0134543
0 0.881965 0.682726 0.0058979 0.0192863
37 0.00954619 0.761042 0.0187441 0.00765991
0 0.851812 0.831886 0.023753 0.0380686
0 0.434381 0.7795 0.00620661 0.0196716
0 0.0672842 0.738358 0.00553241 0.0141646
0 0.0699066 0.743702 0.00968952 0.0241781
0 0.0708886 0.746082 0.0076278 0.0193402
0 0.998062 0.735002 0.00341702 0.0391049
0 0.793298 0.696504 0.00677452 0.0182466
0 0.140633 0.738982 0.00610437 0.00975986
0 0.990667 0.740788 0.00858345 0.0316115
0 0.995576 0.813527 0.00843811 0.016077
37 0.0221357 0.938101 0.0442714 0.0291748
37 0.0959998 0.993927 0.0468485 0.00869717
0 0.910254 0.973645 0.0487751 0.0417986
0 0.00536495 0.978703 0.0106575 0.0200194
0 0.103257 0.983866 0.059228 0.0275706
0 0.0678555 0.740856 0.00626515 0.0194699
0 0.318972 0.713635 0.00548821 0.0167655
0 0.189508 0.733932 0.0118517 0.0103663
0 0.00838658 0.750534 0.0129846 0.0203581
0 0.97334 0.674622 0.00412865 0.0189436
0 0.792831 0.775822 0.00703163 0.0476925
16 0.675318 0.815882 0.0142038 0.0195618
0 0.110377 0.980798 0.0211388 0.0226288
0 0.432511 0.779591 0.00550013 0.0186612
0 0.922225 0.973671 0.0263863 0.041492
0 0.936381 0.72869 0.00682335 0.0186425
0 0.770084 0.812801 0.0156204 0.0163505
0 0.967156 0.674687 0.004245 0.0186106
0 0.885421 0.979814 0.0496317 0.0385939
0 0.94135 0.723917 0.0164427 0.0119802
0 0.897811 0.683729 0.00357971 0.0126068
8 0.146624 0.739009 0.0204975 0.00986905
0 0.891539 0.980642 0.0570347 0.0307972
37 0.576645 0.875541 0.0310518 0.0133204
0 0.798632 0.773581 0.0101475 0.051908
0 0.120523 0.985175 0.0386168 0.0230486
0 0.948794 0.850777 0.0308136 0.0446679
0 0.676347 0.815771 0.0163681 0.0197723
0 0.991745 0.741277 0.0112747 0.0352519
0 0.0559552 0.752169 0.00401624 0.00851847
0 0.902166 0.979251 0.0331038 0.0266396
0 0.772852 0.813118 0.0213412 0.0176614
0 0.577001 0.875953 0.0316781 0.0135598
0 0.967798 0.674515 0.00434074 0.020046
8 0.304891 0.717093 0.0176094 0.0102709
0 0.00912205 0.978425 0.0180713 0.0221663
8 0.996102 0.673633 0.00735893 0.0162465
8 0.437108 0.780221 0.018097 0.0184875
0 0.391346 0.832463 0.0181464 0.0868944
0 0.947978 0.857224 0.0315876 0.0333159
0 0.936631 0.731081 0.00768776 0.020084
0 0.868831 0.845222 0.0208162 0.0166853
14 0.922642 0.683809 0.00555534 0.0135678
0 0.820819 0.771285 0.0164961 0.051336
0 0.982136 0.662281 0.0100197 0.0261776
8 0.951761 0.72629 0.0394726 0.0206072
8 0.670418 0.567808 0.0485026 0.0157889
14 0.374168 0.314275 0.00736055 0.00595428
8 0.303311 0.715549 0.020135 0.00980123
0 0.126125 0.986399 0.0254744 0.0213906
0 0.91854 0.9806 0.0316875 0.0263982
0 0.409932 0.767809 0.00338135 0.00997484
0 0.779222 0.815938 0.00840817 0.0115284
0 0.872213 0.84544 0.0141846 0.0151421
24 0.153371 0.983373 0.0178462 0.012817
0 0.437734 0.914677 0.0164667 0.0348033
0 0.389929 0.79959 0.00832944 0.0192891
0 0.707575 0.783068 0.00469818 0.0153105
0 0.588154 0.908034 0.0528152 0.0237688
0 0.54018 0.843198 0.00658073 0.0159156
8 0.528194 0.739062 0.0175026 0.0106105
0 0.139553 0.739997 0.0132236 0.00997976
0 0.840069 0.834057 0.0369144 0.0360389
37 0.851895 0.846943 0.0253605 0.0114017
37 0.491662 0.862715 0.0221246 0.0119127
0 0.390828 0.801268 0.0101511 0.0206611
8 0.29633 0.727157 0.0119712 0.00843133
0 0.900875 0.982756 0.0729431 0.0328001
16 0.588064 0.908532 0.0523435 0.0237301
0 0.0046542 0.97121 0.00927722 0.0342628
0 0.897006 0.972579 0.0252724 0.0310625
0 0.949322 0.85996 0.0139099 0.0205334
26 0.936271 0.86724 0.0118874 0.0148209
14 0.260507 0.397907 0.00608015 0.00992661
0 0.863247 0.832289 0.0321373 0.0395323
0 0.00579262 0.96922 0.0114616 0.0395026
37 0.936788 0.867006 0.0127075 0.0151605
0 0.924872 0.983871 0.0203392 0.0199599
