0 0.453041 0.833983 0.0129411 0.0672726
0 0.698028 0.793941 0.00921669 0.0474854
0 0.228322 0.871067 0.0134774 0.0521062
0 0.953379 0.848862 0.0224125 0.0428636
0 0.422472 0.910159 0.0189133 0.050077
0 0.843343 0.764685 0.00768776 0.0445496
0 0.829311 0.834323 0.0177551 0.0325244
0 0.479765 0.829696 0.0124931 0.0596269
0 0.870262 0.762054 0.00828133 0.0389087
0 0.775944 0.777845 0.00788441 0.0493213
0 0.790852 0.777132 0.0123219 0.0471585
0 0.819543 0.772678 0.00804539 0.0404999
0 0.852679 0.764099 0.00857506 0.0418079
0 0.519874 0.776849 0.00965214 0.0267076
0 0.67749 0.791652 0.0103838 0.035261
37 0.19871 0.915466 0.0459492 0.0330668
0 0.978476 0.739372 0.00846348 0.0455007
0 0.933997 0.730137 0.00833511 0.0264367
0 0.00963377 0.746272 0.0101872 0.0180606
0 0.970694 0.738913 0.0103693 0.0394324
0 0.812048 0.770067 0.00764523 0.0411435
0 0.354418 0.989096 0.014522 0.0218077
0 0.855109 0.831124 0.0192396 0.0356367
0 0.947985 0.746667 0.0108746 0.0453708
0 0.717271 0.830842 0.013983 0.0316064
37 0.0221133 0.93859 0.0442266 0.0294162
0 0.907226 0.743548 0.00791473 0.023872
0 0.370073 0.737484 0.00864401 0.0140884
0 0.883702 0.980195 0.0456318 0.0383708
0 0.39111 0.818159 0.0173281 0.0575136
0 0.114695 0.982857 0.0305492 0.0248688
8 0.198745 0.915311 0.0455399 0.032732
0 0.765599 0.694265 0.00585938 0.0108938
0 0.715567 0.831208 0.020155 0.0317702
0 0.995677 0.81194 0.00822239 0.0209944
0 0.33171 0.710377 0.00556612 0.0150421
0 0.917097 0.972759 0.0184811 0.0396356
0 0.500548 0.781306 0.00855904 0.0203952
0 0.954965 0.741817 0.0064436 0.0275113
0 0.977713 0.670809 0.00598583 0.0170828
0 0.921213 0.973515 0.0272491 0.0412381
0 0.119836 0.984769 0.040492 0.0231289
37 0.0953232 0.994286 0.0461878 0.0082294
0 0.675852 0.815853 0.0147102 0.0181074
0 0.296752 0.73816 0.006636 0.010278
0 0.10468 0.984157 0.0531569 0.026414
0 0.576923 0.87451 0.0336646 0.0167674
0 0.0740614 0.740506 0.0121108 0.0202115
0 0.676339 0.799342 0.0134976 0.0514291
0 0.787552 0.777045 0.00850582 0.0472985
0 0.00564341 0.981394 0.0112103 0.0145252
0 0.870641 0.681231 0.0065937 0.0168885
0 0.781369 0.695351 0.0073185 0.016615
0 0.109786 0.981454 0.0202957 0.0241265
0 0.908234 0.973504 0.0416073 0.0409239
8 0.329549 0.716451 0.0397901 0.0102105
0 0.895715 0.976439 0.068968 0.0444065
0 0.41744 0.89415 0.0100313 0.0295346
37 0.330818 0.716671 0.0388637 0.0106072
0 0.978238 0.661368 0.00958099 0.0336621
8 0.328982 0.714536 0.042117 0.0147441
8 0.950942 0.681733 0.0707476 0.0284181
0 0.487944 0.809681 0.0112414 0.0334418
37 0.101224 0.988345 0.0581253 0.0190342
0 0.770141 0.812599 0.016499 0.0160875
0 0.949632 0.747318 0.0127132 0.0397968
0 0.785756 0.768829 0.00522461 0.0296307
0 0.785965 0.776765 0.00573769 0.045324
0 0.293193 0.753212 0.00503206 0.0182275
0 0.711162 0.832034 0.0272148 0.0326243
0 0.419271 0.893847 0.00906181 0.0315019
37 0.0743381 0.740733 0.0129169 0.0211382
0 0.704945 0.831832 0.0402678 0.0331319
0 0.974484 0.766474 0.0185812 0.0200433
0 0.540568 0.850569 0.00704794 0.0304866
37 0.852359 0.846112 0.0254066 0.0128235
0 0.125124 0.985591 0.0287146 0.0220496
0 0.793533 0.778861 0.00897369 0.0415321
0 0.881111 0.984274 0.040214 0.0305149
0 0.296689 0.743867 0.00900354 0.0229624
0 0.978163 0.666884 0.00954628 0.0274489
0 0.978076 0.654589 0.00938301 0.0237325
0 0.159107 0.739073 0.0183608 0.0113549
0 0.106637 0.739529 0.0146189 0.0125407
37 0.69238 0.841743 0.0330037 0.0145023
0 0.679209 0.815833 0.0214437 0.0192264
0 0.29465 0.748179 0.0149467 0.028478
0 0.679575 0.798088 0.015729 0.0485541
0 0.958731 0.848387 0.0123688 0.0383611
0 0.200808 0.72795 0.0113205 0.00974138
8 0.296242 0.748082 0.0219905 0.0278805
0 0.766161 0.694537 0.00731144 0.0134871
8 0.295795 0.75297 0.024205 0.0196979
0 0.851838 0.842689 0.0240206 0.0182716
0 0.947341 0.850993 0.0343269 0.0462826
8 0.496751 0.781956 0.0169113 0.0216285
8 0.966138 0.679963 0.0373283 0.0227476
8 0.572542 0.319547 0.0080205 0.00771145
0 0.900982 0.743875 0.0210299 0.024824
37 0.935889 0.866057 0.0115456 0.0151849
0 0.971039 0.747611 0.0126282 0.0570909
26 0.935924 0.865633 0.0116041 0.016039
0 0.293328 0.750713 0.0144655 0.022375
37 0.421877 0.928886 0.0174036 0.0130263
0 0.589231 0.906971 0.0375441 0.0233541
0 0.482746 0.827008 0.0197899 0.0666772
0 0.850934 0.831214 0.027343 0.0405033
37 0.85825 0.845743 0.0403772 0.0170427
8 0.774146 0.695299 0.0231283 0.0151886
8 0.325832 0.711335 0.0354766 0.0183295
0 0.973782 0.737467 0.0136551 0.0442234
37 0.947011 0.865296 0.0340874 0.0182902
8 0.327882 0.714777 0.0403779 0.0100311
0 0.484675 0.811471 0.0159803 0.0358576
8 0.924456 0.680619 0.121693 0.0316132
0 0.916512 0.97581 0.0374084 0.0425976
0 0.779207 0.816363 0.00763474 0.00969408
37 0.698859 0.840908 0.0373413 0.0151435
0 0.938496 0.658665 0.00542946 0.00872862
8 0.292544 0.755827 0.0167136 0.0140796
24 0.153732 0.983394 0.0181875 0.0130001
0 0.106226 0.982092 0.0353231 0.0274741
0 0.854583 0.763947 0.0121445 0.0420985
8 0.996782 0.714427 0.00599594 0.0128065
0 0.851281 0.839399 0.025346 0.0247409
8 0.962083 0.679166 0.045797 0.0281587
8 0.498686 0.789446 0.0235483 0.0138814
