0 0.452791 0.833904 0.0116381 0.0662177
0 0.558187 0.81625 0.0126957 0.056042
0 0.831202 0.834758 0.0184927 0.0334296
0 0.649837 0.80395 0.0110987 0.0508094
0 0.79691 0.775411 0.00848942 0.0500434
0 0.718414 0.830481 0.0146478 0.0304925
0 0.784035 0.775903 0.0111724 0.0497823
0 0.702806 0.793017 0.00923395 0.0503871
0 0.692496 0.793948 0.00952854 0.0474942
0 0.842953 0.762535 0.00803261 0.0439989
0 0.759886 0.779631 0.00972881 0.0510791
0 0.736807 0.786219 0.00973415 0.0476769
0 0.953521 0.849266 0.0220249 0.0415273
0 0.746153 0.782936 0.00749512 0.0487885
0 0.941378 0.727925 0.0079052 0.0215471
0 0.856196 0.830613 0.0142784 0.0327481
0 0.0591653 0.739615 0.00524851 0.0179376
0 0.0050494 0.752928 0.00870782 0.0188921
0 0.974161 0.762124 0.0192451 0.0292887
0 0.675965 0.815829 0.0154013 0.020518
8 0.19839 0.915938 0.0456018 0.0307041
0 0.434031 0.91428 0.0236336 0.0359494
0 0.956835 0.848753 0.0155582 0.0404151
0 0.355091 0.989127 0.0144318 0.0217456
0 0.28985 0.723156 0.00580559 0.016017
0 0.117946 0.983408 0.0351374 0.026217
0 0.752037 0.784746 0.00716753 0.0438819
0 0.391198 0.823419 0.0179877 0.0701396
37 0.19851 0.916296 0.0459273 0.0308455
0 0.883781 0.980561 0.0459221 0.0378252
37 0.0221302 0.938603 0.0442604 0.0283247
0 0.809003 0.697172 0.00597019 0.0156894
0 0.852728 0.831006 0.0211605 0.0347807
0 0.89029 0.976258 0.058437 0.0453729
0 0.318754 0.711312 0.00479765 0.0145023
0 0.92138 0.973394 0.0272514 0.0403083
37 0.853124 0.84841 0.0250015 0.00927243
0 0.971204 0.670929 0.00470085 0.015037
0 0.0674074 0.749692 0.00892584 0.0165058
0 0.00290879 0.976191 0.00576338 0.0240536
0 0.00537934 0.976124 0.0106929 0.0249108
0 0.995901 0.811567 0.00778675 0.0199161
0 0.110849 0.984008 0.0545668 0.0271569
0 0.274189 0.731394 0.00709171 0.0177114
0 0.577252 0.875729 0.0334137 0.014742
0 0.134551 0.739359 0.00619214 0.0104892
37 0.0963521 0.994368 0.048035 0.00802867
0 0.902789 0.973463 0.0334682 0.0408132
0 0.404396 0.7745 0.00426865 0.0150448
0 0.809033 0.698972 0.00725002 0.019535
0 0.481966 0.854805 0.0385139 0.0283152
0 0.914088 0.972816 0.0101337 0.0389904
0 0.41606 0.762194 0.00435619 0.0113715
37 0.105327 0.993288 0.0665851 0.00961812
0 0.122672 0.984619 0.0342738 0.0227495
0 0.910875 0.973238 0.0166065 0.0400728
0 0.715543 0.831006 0.0207146 0.0311666
0 0.983234 0.671238 0.00580788 0.0198832
0 0.110799 0.981583 0.0215678 0.0234294
0 0.137513 0.738901 0.0195251 0.0118439
37 0.852413 0.845658 0.023502 0.0114395
0 0.541243 0.847959 0.00728149 0.0289856
8 0.386982 0.761177 0.0117321 0.0127804
0 0.750472 0.782446 0.00969276 0.0488242
0 0.131631 0.983722 0.0627941 0.0253781
0 0.319453 0.711416 0.00621777 0.0160989
0 0.744279 0.783579 0.0111744 0.0511854
0 0.409024 0.773206 0.00779314 0.018827
37 0.0602139 0.747252 0.0269489 0.0168684
0 0.492125 0.854332 0.0210148 0.0276945
0 0.405562 0.775256 0.00553398 0.0158749
0 0.0094238 0.97647 0.0186833 0.027104
0 0.996989 0.673187 0.00558186 0.0152934
8 0.309656 0.717446 0.0311961 0.00903422
0 0.773717 0.81231 0.0073369 0.0156877
8 0.403947 0.766666 0.0448843 0.0240224
0 0.06466 0.745815 0.016601 0.024388
0 0.318256 0.711368 0.0061058 0.0163408
8 0.059989 0.747543 0.0269136 0.0237071
0 0.00317195 0.971923 0.00631197 0.032607
8 0.996671 0.67692 0.0062254 0.0217291
0 0.776424 0.812292 0.0147728 0.0166385
8 0.88689 0.678161 0.0238785 0.0198096
37 0.855058 0.847235 0.0292004 0.0134554
37 0.285213 0.728115 0.0173358 0.00864173
8 0.403323 0.76221 0.0451492 0.017954
0 0.779516 0.814851 0.00771761 0.0114875
0 0.521436 0.728467 0.0114788 0.0123942
0 0.00594938 0.972564 0.0117659 0.0331262
0 0.910541 0.975904 0.0508263 0.0446247
37 0.936265 0.866912 0.0117458 0.0159554
37 0.993271 0.77326 0.012994 0.0103321
8 0.41787 0.762873 0.016032 0.0119548
8 0.284255 0.730015 0.0249334 0.0142907
37 0.846206 0.846723 0.0398857 0.0130096
0 0.994847 0.810504 0.0098732 0.0228316
37 0.955755 0.864196 0.0307653 0.0193587
37 0.536744 0.825264 0.0358333 0.0122152
24 0.153478 0.983414 0.0181098 0.0134087
8 0.406796 0.777518 0.0189071 0.0171076
0 0.87704 0.682102 0.00372849 0.00995687
0 0.770842 0.812268 0.0159671 0.0173182
0 0.896701 0.682833 0.00403023 0.00900006
37 0.153496 0.983368 0.0180069 0.0130742
0 0.947363 0.860059 0.00989799 0.0186996
0 0.55832 0.807446 0.0116713 0.0374196
0 0.440303 0.914979 0.0113809 0.0330631
0 0.153967 0.983514 0.0176018 0.0144931
37 0.959092 0.869137 0.0232334 0.00885179
0 0.951316 0.862345 0.0180286 0.0181251
37 0.536932 0.827779 0.0348283 0.0114414
8 0.0650996 0.746042 0.0168057 0.0241072
0 0.956809 0.857663 0.0268616 0.0290614
8 0.409954 0.769962 0.0271869 0.0272118
37 0.957442 0.867427 0.0260723 0.0110664
37 0.587321 0.912835 0.0436507 0.0126817
0 0.862915 0.832959 0.0314415 0.0371904
37 0.948955 0.864461 0.0360939 0.0207292
0 0.936171 0.866541 0.0117853 0.0159756
0 0.995719 0.803536 0.00812607 0.0361866
8 0.308192 0.720007 0.0260205 0.00852593
0 0.0607302 0.744381 0.0251117 0.028106
0 0.89178 0.979441 0.0440817 0.0374542
8 0.41433 0.762762 0.014532 0.0130575
0 0.673483 0.816571 0.0206926 0.0222395
8 0.287003 0.730264 0.0200744 0.00958286
0 0.924412 0.983563 0.0193218 0.0198469
37 0.13612 0.746047 0.0200418 0.00961304
37 0.0964976 0.986004 0.0488006 0.0219967
8 0.408864 0.778837 0.0199467 0.0158403
37 0.0511502 0.74286 0.00988419 0.0106951
8 0.308398 0.714942 0.0290826 0.0138068
14 0.175169 0.734349 0.0165256 0.00738576
