0 0.453102 0.833713 0.0127236 0.0687046
0 0.830635 0.835024 0.0176575 0.0329122
0 0.830016 0.767279 0.00955544 0.0539229
0 0.95348 0.849885 0.022192 0.0420595
0 0.843677 0.765356 0.00707645 0.0483348
0 0.813468 0.770375 0.00960846 0.0489295
0 0.756178 0.781941 0.00712042 0.0478667
0 0.704103 0.793501 0.00979538 0.0429772
0 0.473606 0.85248 0.0221222 0.0355933
0 0.797859 0.775425 0.0100737 0.0476985
0 0.736842 0.785461 0.00887709 0.0477854
0 0.781001 0.779589 0.00801868 0.043751
0 0.556935 0.81296 0.0118521 0.0479784
0 0.695651 0.792616 0.00836239 0.0424662
0 0.94119 0.725949 0.00784397 0.0196175
0 0.424393 0.78078 0.00812559 0.0192139
0 0.717632 0.830507 0.0135053 0.0311859
0 0.856307 0.831756 0.0146484 0.0323452
0 0.894247 0.975455 0.067094 0.0475164
8 0.198631 0.916178 0.044443 0.0317327
0 0.115126 0.981022 0.0307578 0.0228821
0 0.90605 0.972286 0.0430325 0.0409237
0 0.796732 0.697184 0.00582809 0.0147017
0 0.974671 0.763978 0.0189266 0.0259108
0 0.00441449 0.751653 0.00854488 0.0180362
0 0.0659304 0.733361 0.00573448 0.0166531
0 0.713129 0.830656 0.0235001 0.0320814
0 0.852856 0.83229 0.0220575 0.0344455
0 0.433419 0.914277 0.0253901 0.0377448
0 0.276001 0.730149 0.00512295 0.0163798
0 0.354495 0.989277 0.0154197 0.0214466
0 0.318607 0.712684 0.00536046 0.0147042
0 0.677974 0.815483 0.0193732 0.0181846
37 0.0221428 0.93846 0.0442855 0.028201
0 0.119296 0.982495 0.0393853 0.0255944
0 0.779346 0.698013 0.00501595 0.0140003
0 0.274436 0.730553 0.00782585 0.0168616
14 0.368631 0.756025 0.0115352 0.010987
0 0.95983 0.67249 0.00679188 0.022534
0 0.408737 0.763348 0.00354061 0.00983209
0 0.0658277 0.748145 0.00684071 0.0202081
0 0.440851 0.919179 0.0102315 0.0246847
0 0.883863 0.98512 0.0463987 0.0279592
0 0.319831 0.712867 0.00816784 0.0150075
0 0.57672 0.875832 0.0315784 0.0140786
0 0.982485 0.663646 0.0104229 0.0394848
0 0.00574003 0.975844 0.0114237 0.0253343
0 0.107399 0.983758 0.0581634 0.0277076
0 0.983663 0.669606 0.00787048 0.0272269
0 0.526184 0.734531 0.0152687 0.0100289
0 0.672231 0.816722 0.00849543 0.0167865
8 0.534445 0.806972 0.0382449 0.0224503
0 0.0615936 0.738253 0.00619359 0.0118632
0 0.422405 0.781012 0.012676 0.0186713
8 0.161915 0.738147 0.0683922 0.0222041
37 0.52633 0.735536 0.0158176 0.00861884
0 0.00309688 0.976203 0.00614736 0.0241791
0 0.885343 0.978614 0.050045 0.0408895
0 0.901643 0.681075 0.00375614 0.014861
8 0.419801 0.762844 0.0261832 0.00994737
0 0.525318 0.733084 0.0136219 0.0122803
8 0.154396 0.740499 0.0529495 0.0183102
8 0.140516 0.74088 0.0248263 0.0146196
37 0.420435 0.76301 0.0257307 0.00989499
37 0.0999369 0.994044 0.0551588 0.00871599
0 0.995987 0.81133 0.0076149 0.0213314
8 0.97212 0.664599 0.0450905 0.0390632
0 0.0641363 0.742361 0.0111259 0.0344842
0 0.972504 0.663471 0.00876694 0.0374248
0 0.0637725 0.735294 0.0108415 0.0207564
0 0.996173 0.815921 0.00724163 0.0121128
0 0.428312 0.917271 0.0225361 0.0324419
0 0.95906 0.850459 0.0114649 0.0383094
0 0.95164 0.661358 0.00413132 0.0121015
14 0.927145 0.679381 0.00454388 0.00939102
0 0.772548 0.813 0.0190163 0.0154656
0 0.921942 0.972917 0.026825 0.0425707
0 0.973342 0.66757 0.00724621 0.0294279
8 0.526284 0.734984 0.0153241 0.00917765
0 0.982377 0.653229 0.00745163 0.0240625
0 0.981477 0.665593 0.0083622 0.0241692
37 0.576621 0.875466 0.0317078 0.0138262
37 0.0045683 0.758606 0.00911472 0.0123013
0 0.915769 0.973426 0.0389725 0.0445241
14 0.884978 0.685359 0.00561466 0.00821118
0 0.972086 0.653911 0.0071476 0.0197817
8 0.00641813 0.758811 0.0128363 0.0144501
0 0.982743 0.657323 0.00765915 0.0328952
0 0.0639863 0.744665 0.0149444 0.0272773
8 0.291057 0.72765 0.0149121 0.00892029
37 0.432732 0.784557 0.0168398 0.00881314
0 0.77661 0.813401 0.0133432 0.0153748
0 0.768614 0.813019 0.0111152 0.0151574
0 0.422133 0.915115 0.0475526 0.0391105
8 0.522577 0.737144 0.0235825 0.00923835
37 0.103292 0.986288 0.0617939 0.0233914
0 0.94319 0.725825 0.0118483 0.0199007
0 0.861418 0.83413 0.0347736 0.0377921
8 0.539497 0.805339 0.048361 0.0249339
0 0.935777 0.866803 0.0111118 0.014916
0 0.00407452 0.973365 0.00809695 0.030169
8 0.299924 0.718391 0.0231454 0.00909119
0 0.286809 0.726575 0.00860033 0.0110959
8 0.297536 0.724553 0.0324718 0.0179182
37 0.852597 0.848411 0.0241552 0.0093906
8 0.3063 0.718188 0.0404467 0.0139394
0 0.972214 0.763088 0.0136681 0.0270742
8 0.14067 0.743725 0.0251216 0.0144048
37 0.983111 0.771745 0.0332935 0.009817
0 0.958281 0.672397 0.0107403 0.0221023
0 0.274137 0.736385 0.00806837 0.00710788
0 0.349725 0.98935 0.0258616 0.021189
8 0.659647 0.57284 0.0327243 0.00837826
0 0.980642 0.771868 0.0136242 0.00999518
0 0.797329 0.764635 0.00925865 0.0311522
0 0.141318 0.738934 0.0194923 0.0105025
0 0.541517 0.849403 0.0092247 0.0263833
0 0.859592 0.843635 0.0384586 0.020441
0 0.304275 0.718317 0.00826683 0.00830722
0 0.709062 0.840052 0.020484 0.0145011
0 0.409341 0.765755 0.00492172 0.0149556
8 0.299232 0.721187 0.0307014 0.0147875
8 0.299351 0.730311 0.0341489 0.0124251
0 0.391356 0.814313 0.017536 0.0487315
8 0.962496 0.504293 0.0745338 0.145697
0 0.0571916 0.753675 0.00433806 0.00761024
37 0.985543 0.771529 0.0284801 0.00755988
24 0.935865 0.867026 0.0110794 0.0151547
0 0.1281 0.987764 0.0223609 0.0181396
0 0.871585 0.845435 0.0126011 0.0150947
8 0.294516 0.728025 0.059217 0.0286363
8 0.188556 0.734406 0.0198545 0.0122481
