0 0.453001 0.834096 0.0126272 0.0674515
0 0.482061 0.831819 0.0156284 0.0652022
0 0.787703 0.776704 0.0108561 0.0470818
0 0.809628 0.774659 0.00791702 0.0438758
0 0.697703 0.793354 0.0090622 0.050668
0 0.182118 0.875995 0.0168218 0.0507287
0 0.774129 0.779687 0.0100501 0.0483241
0 0.985369 0.737765 0.010519 0.0454332
0 0.842753 0.766277 0.00965653 0.0466366
0 0.424009 0.91576 0.0208806 0.0384956
0 0.953561 0.849079 0.0220413 0.0417823
0 0.497644 0.808228 0.0107141 0.0361971
0 0.934624 0.749158 0.00997543 0.0474128
0 0.71729 0.830381 0.0148458 0.031229
0 0.832711 0.770168 0.0093708 0.0394959
0 0.859561 0.764587 0.00810261 0.0441242
0 0.765105 0.697409 0.00639172 0.0171097
0 0.965499 0.746777 0.0103767 0.0558221
0 0.830345 0.834477 0.0181271 0.0329671
0 0.855738 0.83087 0.015641 0.033236
0 0.680888 0.791403 0.0100916 0.0350898
0 0.783807 0.697863 0.00717831 0.017778
0 0.115361 0.984322 0.0309629 0.0225691
0 0.90692 0.973267 0.0430798 0.0399282
0 0.354911 0.989219 0.0148964 0.0215629
8 0.198581 0.915929 0.0459319 0.0314321
37 0.198734 0.915874 0.0452432 0.0308997
0 0.853274 0.831789 0.0216312 0.0347968
0 0.910434 0.742167 0.00865421 0.0201826
0 0.995629 0.813628 0.008321 0.0183017
0 0.883406 0.980478 0.0450947 0.0369871
0 0.00853082 0.749553 0.00923664 0.0184875
0 0.894845 0.976139 0.0677364 0.04489
0 0.509725 0.778021 0.0102323 0.0223148
0 0.486881 0.767378 0.00791779 0.0234348
0 0.00599158 0.981568 0.0119048 0.0138212
0 0.108293 0.984873 0.04749 0.0246863
0 0.921576 0.973656 0.0261692 0.0407867
37 0.0953888 0.994241 0.0458527 0.00818108
0 0.328808 0.712027 0.00618424 0.0218703
0 0.540575 0.849321 0.00688095 0.0259857
37 0.022057 0.938944 0.0441139 0.0299679
0 0.3913 0.812985 0.0171158 0.0454286
0 0.182711 0.888753 0.016661 0.0763757
0 0.956943 0.848148 0.015604 0.0369414
0 0.0585589 0.750943 0.00506568 0.0085378
0 0.0071107 0.749798 0.0132018 0.0191749
8 0.0220558 0.938794 0.0441104 0.0300451
0 0.509557 0.782749 0.0107998 0.0314704
8 0.974811 0.688088 0.0498705 0.0237152
37 0.102527 0.991356 0.0598246 0.0130475
0 0.676544 0.815589 0.0178288 0.0201609
0 0.918052 0.972785 0.0181454 0.0398695
0 0.882065 0.760308 0.00548248 0.0170227
0 0.949009 0.850412 0.0296486 0.0446908
0 0.303739 0.755713 0.00695357 0.0156854
0 0.834112 0.834913 0.0223045 0.0341536
0 0.874944 0.678839 0.00839653 0.0208938
0 0.677041 0.799509 0.0181753 0.0516924
0 0.577673 0.875831 0.0327478 0.0144448
25 0.0219889 0.939173 0.0439512 0.0306932
0 0.301288 0.754813 0.0109117 0.0169781
0 0.293404 0.734465 0.00754957 0.00866428
0 0.91212 0.742701 0.0129372 0.0218662
0 0.96427 0.741599 0.0123802 0.0453715
0 0.1122 0.981502 0.0260679 0.0224935
0 0.713309 0.831687 0.0224323 0.0334852
0 0.952305 0.859677 0.0248272 0.0249702
0 0.975065 0.762574 0.0165207 0.0273234
0 0.987538 0.675017 0.0054945 0.0144505
0 0.982624 0.650463 0.00534859 0.0164943
0 0.125515 0.986019 0.0269132 0.0210171
8 0.00795592 0.759623 0.0156744 0.00909695
0 0.967852 0.748478 0.0171366 0.0617735
0 0.707149 0.831522 0.0355461 0.0328515
0 0.978138 0.649071 0.00428238 0.0155398
0 0.365619 0.728614 0.00845885 0.0115026
0 0.936149 0.726536 0.00740967 0.0239704
0 0.936236 0.741916 0.0081089 0.0535004
8 0.3688 0.732895 0.0205447 0.00904541
0 0.972888 0.752703 0.00559731 0.00754428
24 0.153412 0.98323 0.0178602 0.0134189
8 0.849217 0.834956 0.0598404 0.039927
0 0.00606751 0.9786 0.012025 0.0191149
37 0.577633 0.875433 0.0326135 0.0138819
0 0.907471 0.97583 0.0555801 0.0433902
0 0.164136 0.738808 0.0052959 0.00869988
33 0.391441 0.81278 0.0171003 0.0451484
8 0.0788303 0.750947 0.0196659 0.0127129
0 0.841508 0.834711 0.0447107 0.0366957
0 0.995349 0.808644 0.00882416 0.0288503
0 0.90918 0.683852 0.00505905 0.0115724
0 0.776361 0.778642 0.0144207 0.0487701
0 0.983154 0.658368 0.00731239 0.0314426
37 0.584878 0.914709 0.0443312 0.0127764
37 0.948249 0.865156 0.0358974 0.0187425
0 0.779314 0.815795 0.00831776 0.0127594
0 0.962154 0.743058 0.00786762 0.0266001
0 0.880058 0.985933 0.0388863 0.0270643
0 0.423852 0.924831 0.0180473 0.0217699
37 0.935881 0.867105 0.0113112 0.0148326
37 0.097989 0.987028 0.0508311 0.0199153
37 0.682731 0.818821 0.0318415 0.0132256
0 0.952196 0.662661 0.00374413 0.00901744
0 0.488083 0.770467 0.0118202 0.0304486
0 0.946656 0.855224 0.0328842 0.0382334
0 0.98687 0.672631 0.00703087 0.0184446
