0 0.451607 0.834184 0.0136577 0.0660987
0 0.573542 0.811871 0.0104429 0.0555352
0 0.433606 0.83576 0.013287 0.062855
0 0.796419 0.775816 0.00878735 0.0494408
0 0.55534 0.819266 0.00975351 0.0513982
0 0.722107 0.786572 0.0105399 0.0498043
0 0.830891 0.834903 0.0178839 0.0335334
0 0.843254 0.767249 0.00818901 0.0467178
0 0.665513 0.800555 0.00730658 0.046696
0 0.617169 0.804911 0.0129583 0.0566739
0 0.717965 0.829994 0.0137074 0.0316601
0 0.384743 0.890864 0.0121807 0.0663917
0 0.114666 0.983782 0.0322643 0.0263694
0 0.701994 0.792033 0.0121445 0.0448873
0 0.474599 0.856817 0.0200957 0.0251584
0 0.688505 0.795027 0.00976028 0.0433285
0 0.893903 0.975393 0.0630363 0.0449805
37 0.19803 0.916091 0.0455372 0.0308967
0 0.954343 0.84991 0.0215973 0.0384925
0 0.355151 0.989353 0.0139786 0.0212937
0 0.391225 0.833994 0.0189321 0.0894243
0 0.0112504 0.751741 0.00999118 0.017276
37 0.0225246 0.938644 0.0450492 0.0294427
0 0.946301 0.748135 0.0074646 0.038818
0 0.935717 0.728153 0.00829811 0.0270128
0 0.855903 0.830348 0.0151947 0.0338662
0 0.458107 0.763638 0.00410614 0.0115151
0 0.957214 0.849118 0.0161564 0.0365963
0 0.446261 0.763349 0.00676041 0.014837
0 0.974628 0.763256 0.0180267 0.0256353
0 0.905384 0.973146 0.0411556 0.0396315
0 0.85282 0.830844 0.0224493 0.0347061
0 0.854383 0.697348 0.0065506 0.0199126
37 0.095464 0.994324 0.0467937 0.00812005
0 0.683344 0.798521 0.00490627 0.0343838
8 0.01615 0.760312 0.0211415 0.00854458
0 0.678389 0.814919 0.0107234 0.0185525
0 0.88366 0.984521 0.0447273 0.0282884
0 0.391323 0.812139 0.0183043 0.0447754
0 0.00586011 0.979948 0.0116147 0.0165209
0 0.391331 0.898671 0.0250086 0.0824921
0 0.284712 0.729657 0.00609751 0.0138802
0 0.279344 0.729826 0.00569735 0.0162581
37 0.0165222 0.760457 0.0219973 0.00877923
0 0.995958 0.810414 0.00767937 0.0230323
37 0.852809 0.848818 0.0259853 0.00919189
0 0.972514 0.761919 0.0121319 0.0257919
0 0.00779955 0.977973 0.0154872 0.0203932
0 0.676043 0.81503 0.0146744 0.0189182
0 0.577508 0.875545 0.0321393 0.0146647
0 0.0542321 0.745532 0.0116084 0.0214854
0 0.013034 0.752624 0.0153322 0.0189535
0 0.354429 0.771615 0.00753136 0.0119154
2 0.506251 0.412335 0.0361948 0.0250008
0 0.715044 0.830371 0.0202642 0.0322503
0 0.996106 0.814959 0.00738068 0.0140245
0 0.685864 0.795464 0.0108589 0.0433865
8 0.01623 0.755121 0.0214869 0.0176076
0 0.886831 0.977389 0.0491219 0.0383947
0 0.948249 0.851137 0.0292711 0.0412055
37 0.577342 0.875192 0.0317656 0.0142697
0 0.483393 0.857227 0.0400482 0.0250885
0 0.0687905 0.750317 0.0128968 0.0121318
0 0.844736 0.696517 0.00642014 0.01238
8 0.0605804 0.746405 0.0298315 0.0233673
24 0.15339 0.98355 0.0176232 0.0125322
37 0.936123 0.864818 0.0164314 0.0153449
0 0.614457 0.803942 0.00764179 0.0526004
0 0.283578 0.727694 0.0107789 0.0166673
8 0.993162 0.673072 0.0131966 0.0163971
0 0.949922 0.859738 0.016008 0.0210097
0 0.446465 0.762906 0.00960827 0.0173882
37 0.766272 0.80255 0.0531549 0.0107157
0 0.680036 0.811949 0.0139663 0.0211341
37 0.153368 0.983551 0.0175035 0.0124318
0 0.102359 0.984773 0.0601106 0.0263557
8 0.323927 0.72104 0.024437 0.0155148
37 0.843864 0.847534 0.0445919 0.012242
7 0.506256 0.412248 0.0362417 0.0254006
37 0.945794 0.768689 0.0491241 0.0125454
37 0.588379 0.913415 0.0544535 0.0120502
0 0.454106 0.763516 0.0168268 0.0125905
8 0.0568085 0.745412 0.0195929 0.0225545
37 0.851999 0.844926 0.0225227 0.0118371
0 0.431271 0.836936 0.0100147 0.0539452
0 0.00575777 0.971151 0.0114378 0.0335737
0 0.493811 0.724607 0.00889378 0.010623
0 0.541035 0.849833 0.00729885 0.0271908
37 0.771605 0.800013 0.0635506 0.0155779
0 0.995986 0.804815 0.00759163 0.0339827
0 0.769838 0.813114 0.0144726 0.0152296
0 0.616671 0.793654 0.0116282 0.0360935
37 0.95932 0.86704 0.0550716 0.0133898
0 0.283832 0.731261 0.00950551 0.0179893
8 0.912477 0.684436 0.026004 0.0140179
37 0.5912 0.914489 0.0451466 0.00948588
8 0.997328 0.727261 0.00487747 0.0086419
0 0.917813 0.972585 0.0173431 0.0385512
8 0.286212 0.729773 0.0189663 0.0162321
8 0.432871 0.747895 0.0857519 0.0291704
37 0.945491 0.8651 0.0406067 0.0205644
8 0.250205 0.396887 0.0094203 0.0103132
37 0.321205 0.769473 0.0232178 0.012541
8 0.321952 0.769784 0.0241085 0.0121847
0 0.856587 0.825196 0.0152325 0.0346359
0 0.459906 0.763479 0.00671816 0.0116662
37 0.956226 0.869829 0.0292772 0.00869598
0 0.936046 0.733626 0.00947914 0.0379091
0 0.168889 0.736077 0.0143985 0.00980665
0 0.836502 0.835477 0.0295601 0.0338164
8 0.286285 0.731618 0.0185443 0.0104448
0 0.779329 0.816715 0.00864086 0.0121126
0 0.904871 0.672504 0.00604858 0.012006
0 0.85918 0.794945 0.0068512 0.0131019
37 0.949036 0.866394 0.0388044 0.0168837
8 0.433445 0.753453 0.0813292 0.0176442
