0 0.452602 0.833369 0.0123476 0.067906
0 0.730375 0.788012 0.0101787 0.0437768
0 0.842804 0.765864 0.00867748 0.0459663
0 0.827603 0.767925 0.00944214 0.0478536
0 0.798538 0.776888 0.00967636 0.0475655
0 0.546933 0.812859 0.0119293 0.0498674
0 0.858938 0.763742 0.0107622 0.0530579
0 0.743123 0.784514 0.00894909 0.0464403
0 0.755125 0.780784 0.0085207 0.0488505
0 0.830651 0.834662 0.0176262 0.0335704
0 0.704676 0.791209 0.0101469 0.0490838
0 0.695394 0.794444 0.0093029 0.0452613
0 0.350801 0.756741 0.00937023 0.0225966
0 0.953755 0.849029 0.0220316 0.0400492
0 0.853024 0.832019 0.0217575 0.0340542
0 0.718227 0.830387 0.0135765 0.0317081
0 0.433464 0.914779 0.0250432 0.0371602
0 0.817414 0.77973 0.00542679 0.0297104
0 0.891853 0.976112 0.061404 0.0459042
37 0.198952 0.916381 0.0465276 0.0315494
0 0.0711677 0.740704 0.0102105 0.0221731
0 0.935707 0.723463 0.00743217 0.0236148
0 0.712535 0.831029 0.0260754 0.0321899
0 0.470925 0.853705 0.0167281 0.0333839
37 0.0220975 0.938238 0.044195 0.0294708
0 0.00562496 0.977054 0.0111975 0.0239682
0 0.320156 0.710959 0.00612593 0.0170497
0 0.469196 0.855542 0.0131623 0.0289469
0 0.411396 0.767659 0.00464077 0.00967306
0 0.904245 0.973027 0.0389736 0.0400423
0 0.114906 0.981538 0.0302285 0.0244097
0 0.790043 0.699508 0.0048954 0.0156347
0 0.00938729 0.748783 0.00990584 0.0180047
0 0.272494 0.724921 0.00653734 0.0215361
0 0.675629 0.816571 0.0147738 0.019801
0 0.354599 0.989264 0.016112 0.0214714
0 0.577697 0.875758 0.0324264 0.0147988
8 0.0722935 0.741886 0.0148178 0.0217533
0 0.109613 0.980598 0.0197748 0.0233697
0 0.856161 0.831102 0.0152485 0.0331155
0 0.446823 0.776285 0.00629225 0.0162462
0 0.190525 0.730932 0.00945907 0.00783318
0 0.438897 0.776139 0.00525789 0.0155258
0 0.391077 0.826794 0.0179083 0.0748723
0 0.984642 0.739944 0.0150759 0.0400096
0 0.885461 0.979076 0.0490994 0.0398577
0 0.773916 0.699617 0.00802593 0.0188587
0 0.531275 0.738374 0.0159196 0.010201
0 0.972284 0.673989 0.00593414 0.0193704
0 0.109723 0.983547 0.0456142 0.0273515
37 0.531395 0.738556 0.0161203 0.00988973
0 0.97455 0.762697 0.0200769 0.0273517
0 0.142775 0.735169 0.00613959 0.00851966
0 0.440336 0.776617 0.0084425 0.0166723
8 0.0669743 0.744483 0.0272189 0.0292701
0 0.895862 0.682482 0.00608063 0.0161112
4 0.394089 0.315144 0.0154817 0.007336
0 0.952086 0.859093 0.0184834 0.0232849
0 0.11961 0.984254 0.039278 0.0235306
0 0.476538 0.851888 0.0113123 0.0319173
0 0.440923 0.918348 0.0101433 0.0248276
8 0.296725 0.728772 0.0208253 0.0128618
0 0.680496 0.816314 0.023332 0.019379
37 0.102611 0.993794 0.0609024 0.00891656
0 0.4433 0.776628 0.0145433 0.0176487
0 0.996535 0.810923 0.00651798 0.0207462
0 0.997699 0.676518 0.00414238 0.0182541
0 0.996587 0.814153 0.00640259 0.014132
0 0.922218 0.973812 0.027002 0.0413495
0 0.88256 0.982559 0.0427086 0.0320716
0 0.149613 0.735335 0.0209414 0.00892385
8 0.0674447 0.747784 0.0266079 0.0175073
0 0.772096 0.81294 0.0129954 0.0155107
0 0.858633 0.834308 0.0387058 0.0387195
0 0.911662 0.974863 0.0473599 0.0441159
0 0.76945 0.813014 0.0122637 0.015485
0 0.775257 0.813156 0.01705 0.0169888
0 0.973294 0.752832 0.00793953 0.0108066
8 0.307082 0.715879 0.0214414 0.00939755
8 0.308557 0.715814 0.0260766 0.0111591
8 0.294436 0.730003 0.0263997 0.014566
0 0.921457 0.680466 0.00711498 0.0126197
0 0.882888 0.681525 0.00947895 0.0140518
14 0.883949 0.24633 0.0123718 0.00715612
37 0.95638 0.867004 0.0284595 0.0137824
0 0.125718 0.985604 0.0279011 0.0204851
8 0.309912 0.711047 0.0287922 0.0200395
8 0.287831 0.730638 0.0437017 0.0186395
0 0.956436 0.85159 0.0282158 0.0406752
0 0.976801 0.673804 0.0145046 0.0207141
0 0.841259 0.834059 0.0398167 0.0352481
0 0.121617 0.986209 0.0189962 0.0211911
0 0.541569 0.849353 0.00730972 0.0280301
0 0.0554893 0.750068 0.00319476 0.0130395
8 0.982311 0.654946 0.016819 0.0261488
26 0.153551 0.98337 0.0174823 0.0127909
0 0.877925 0.985477 0.0342125 0.0275947
0 0.960029 0.849721 0.0174532 0.0401435
0 0.976166 0.766255 0.0231394 0.0209613
8 0.307508 0.717657 0.0259127 0.0142022
0 0.391531 0.812065 0.0164073 0.043797
8 0.437171 0.777235 0.0267887 0.0164931
24 0.153536 0.983366 0.0177691 0.0127931
0 0.15111 0.736259 0.0284611 0.00935483
8 0.887984 0.680684 0.0221447 0.0196523
0 0.540881 0.842472 0.00585413 0.0194979
8 0.90393 0.765373 0.0814926 0.0220456
8 0.271415 0.731635 0.0103959 0.0158249
8 0.294744 0.721029 0.0584422 0.0360067
0 0.824554 0.814922 0.0244785 0.0101254
37 0.95761 0.868759 0.0258444 0.0100616
0 0.105287 0.983782 0.0650666 0.0272627
33 0.391222 0.812641 0.0172025 0.0453234
37 0.424833 0.928772 0.0156292 0.0105543
37 0.955033 0.86431 0.0253992 0.0186581
0 0.350033 0.989297 0.0262254 0.0213138
8 0.271456 0.734811 0.0133378 0.0157169
0 0.591059 0.908017 0.0579826 0.0229002
0 0.979083 0.67355 0.0089138 0.0213925
37 0.589645 0.911597 0.0563065 0.0156952
8 0.260825 0.397149 0.00521879 0.00847889
0 0.153503 0.983377 0.0175459 0.0131936
37 0.953018 0.866131 0.0209818 0.015165
