0 0.452672 0.833163 0.0130369 0.0674554
0 0.769864 0.779564 0.00870609 0.0435727
0 0.830642 0.834961 0.0174686 0.0328288
0 0.811529 0.771428 0.0105064 0.0513006
0 0.753637 0.78144 0.00834007 0.0490326
0 0.953531 0.849842 0.0221443 0.042259
0 0.564947 0.8159 0.0125797 0.0437932
0 0.843706 0.766567 0.00750809 0.0457686
0 0.702869 0.792867 0.010424 0.0448054
0 0.783148 0.785419 0.00829983 0.0309765
0 0.683293 0.795823 0.00964794 0.0402325
0 0.693928 0.795065 0.00960169 0.0410463
0 0.938574 0.728382 0.0071003 0.0219189
0 0.736509 0.787218 0.00841951 0.0435237
0 0.48258 0.858842 0.0286242 0.0209785
37 0.0220378 0.938626 0.0440756 0.0281386
0 0.717908 0.830252 0.0136691 0.0316776
0 0.856534 0.830999 0.0140892 0.0338186
0 0.115161 0.981059 0.0311799 0.0229046
0 0.27572 0.730745 0.00603447 0.0165497
0 0.797511 0.776169 0.00821495 0.0469394
0 0.288039 0.723449 0.00824718 0.0178887
37 0.197953 0.916089 0.0451325 0.0318714
0 0.793309 0.776062 0.0110962 0.048961
0 0.972346 0.763239 0.0139021 0.0253906
0 0.432242 0.914804 0.027292 0.0375614
0 0.907218 0.972519 0.0433559 0.0420742
0 0.894116 0.975463 0.0672836 0.0467021
0 0.0633643 0.742008 0.00863526 0.0272547
0 0.354504 0.989284 0.0154257 0.0214325
0 0.316363 0.713676 0.00614986 0.0179962
0 0.713441 0.830407 0.0232867 0.0325348
8 0.1981 0.91617 0.0449846 0.0319343
0 0.119707 0.982548 0.0403276 0.0260668
8 0.978603 0.662164 0.0197855 0.0388248
0 0.522275 0.734968 0.00837193 0.0106664
0 0.852709 0.831788 0.0220509 0.0364529
0 0.676166 0.816018 0.0161539 0.0178584
0 0.996215 0.807594 0.00716705 0.0277829
8 0.00596292 0.750524 0.0118372 0.0164948
0 0.884365 0.979397 0.0480083 0.0389803
0 0.00578173 0.975941 0.0115044 0.0258738
0 0.417289 0.777204 0.00815372 0.0160268
37 0.0557005 0.74146 0.00932627 0.0102064
37 0.0979966 0.994064 0.051735 0.00851898
0 0.440715 0.919229 0.0104988 0.0247633
0 0.274658 0.730719 0.00802498 0.0181546
0 0.00247789 0.976347 0.00491113 0.0243256
8 0.420113 0.76233 0.0260688 0.0117871
0 0.391166 0.816603 0.0174134 0.0537815
0 0.576497 0.875777 0.0320655 0.0138499
0 0.679348 0.815541 0.0216141 0.0180756
0 0.135029 0.737992 0.00505714 0.00859206
0 0.0607867 0.743408 0.0156586 0.0236411
8 0.00512842 0.752011 0.0102076 0.0121195
0 0.183886 0.734166 0.0120652 0.00877109
0 0.921986 0.972488 0.0267963 0.0424018
0 0.146073 0.73788 0.00653749 0.0082055
0 0.1069 0.983923 0.066166 0.0276249
0 0.0625996 0.737422 0.00962193 0.0205193
0 0.00566118 0.749315 0.0111491 0.0176236
8 0.00557548 0.747069 0.0110827 0.0209607
0 0.540777 0.848395 0.00758705 0.0287216
0 0.14032 0.738227 0.018733 0.00956421
0 0.954019 0.661715 0.00651665 0.0109187
0 0.771506 0.812621 0.0160923 0.0157484
0 0.983067 0.667835 0.00667629 0.0212841
0 0.880005 0.683403 0.00637245 0.018062
0 0.428176 0.916071 0.0223515 0.0348324
0 0.972557 0.671881 0.00608139 0.0175168
0 0.958261 0.850297 0.0132175 0.0391449
37 0.975421 0.771782 0.0171741 0.0100488
8 0.0611688 0.745043 0.0184428 0.0223143
0 0.77356 0.81208 0.00958509 0.0163317
0 0.955528 0.668806 0.0109272 0.0250025
0 0.916404 0.970085 0.0141037 0.0390722
8 0.969076 0.662177 0.040712 0.0413669
8 0.291245 0.731224 0.0459836 0.0220693
0 0.0610473 0.742508 0.0191412 0.0293257
14 0.927569 0.680601 0.0053936 0.012117
8 0.297978 0.731026 0.0310162 0.0094652
37 0.0611977 0.745828 0.0205901 0.0201206
0 0.767312 0.813209 0.00811424 0.0146203
8 0.306606 0.71779 0.033862 0.0125892
8 0.296246 0.729229 0.0335863 0.00975206
37 0.530326 0.818921 0.055987 0.0189326
37 0.990658 0.770398 0.0182072 0.00769314
0 0.779273 0.815417 0.00813379 0.0108826
0 0.775878 0.812506 0.0151447 0.0169139
8 0.95605 0.668631 0.0121548 0.0255258
8 0.524021 0.735724 0.012076 0.0106605
4 0.331126 0.309601 0.0070107 0.00641823
0 0.42111 0.915109 0.0493835 0.0390174
37 0.852776 0.848755 0.0248451 0.00880805
0 0.903976 0.976975 0.0364662 0.031465
37 0.153438 0.983753 0.0178058 0.0123303
8 0.00610789 0.744314 0.0121063 0.0291324
33 0.391404 0.816455 0.0170168 0.0531386
0 0.274284 0.734272 0.00872974 0.0128364
0 0.981418 0.661694 0.0119251 0.0378877
37 0.946541 0.739514 0.0245556 0.00832333
0 0.374472 0.757515 0.0129901 0.00853441
0 0.935774 0.866862 0.0110813 0.0148617
0 0.899326 0.682365 0.00585442 0.015133
8 0.303656 0.717529 0.0247113 0.0106127
0 0.968943 0.76418 0.0234489 0.0278502
0 0.00914596 0.976337 0.0180347 0.0276866
0 0.349576 0.989325 0.0261601 0.0212409
0 0.86319 0.832901 0.0308014 0.0386454
37 0.990353 0.768534 0.018821 0.010178
0 0.874383 0.985259 0.0275288 0.0270864
8 0.297529 0.716673 0.012782 0.00841641
8 0.290412 0.734415 0.0494738 0.0169722
0 0.855339 0.83604 0.0483545 0.0368035
37 0.388283 0.803187 0.0133374 0.0282891
37 0.409952 0.932754 0.0290808 0.00726081
0 0.00310378 0.973837 0.00615883 0.0301195
0 0.692274 0.797041 0.0146176 0.0473185
8 0.00623985 0.753473 0.0123366 0.0191937
0 0.799074 0.775402 0.0101141 0.0477358
0 0.952788 0.860301 0.0194883 0.0226418
8 0.00521139 0.755603 0.0103894 0.0148392
0 0.592689 0.906972 0.0620171 0.0243049
37 0.852903 0.8446 0.0259356 0.0161562
37 0.987661 0.765374 0.0242176 0.0152057
8 0.259244 0.397675 0.00701294 0.00918477
37 0.593038 0.909181 0.0618739 0.0207102
0 0.892728 0.973586 0.0255363 0.0278185
8 0.305872 0.716081 0.0284952 0.016766
24 0.935867 0.867071 0.0110588 0.0150696
0 0.881357 0.683605 0.00810547 0.0182247
0 0.788628 0.776161 0.0173702 0.0495907
8 0.420361 0.765452 0.0257181 0.0177538
37 0.971529 0.862278 0.0331593 0.011829
37 0.965547 0.862839 0.0435989 0.0128069
0 0.871698 0.845425 0.0129711 0.0152366
