0 0.451976 0.834178 0.0122087 0.0665973
0 0.842268 0.766059 0.00840607 0.0450887
0 0.522457 0.821433 0.013168 0.051975
0 0.796668 0.774496 0.00781021 0.047758
0 0.589716 0.8129 0.0101351 0.0488112
0 0.718693 0.83049 0.0139201 0.0313304
0 0.830774 0.834396 0.0175282 0.0332938
0 0.715851 0.786555 0.0108832 0.0525453
0 0.95376 0.84978 0.0227055 0.0407837
0 0.746516 0.781183 0.00836935 0.0464991
0 0.116012 0.98291 0.0360712 0.0274182
0 0.0096015 0.746983 0.00839279 0.0172126
0 0.431278 0.914594 0.028738 0.0364939
0 0.700728 0.792601 0.0102822 0.04823
0 0.725982 0.787749 0.00962954 0.0462199
0 0.685777 0.789805 0.00926008 0.0493778
0 0.475207 0.85508 0.0171047 0.0282593
0 0.855815 0.829468 0.0143446 0.0330658
0 0.35536 0.989189 0.0139429 0.0216226
0 0.939789 0.726948 0.00690174 0.0178153
0 0.691965 0.795824 0.00839768 0.0448049
37 0.0708148 0.748869 0.0153826 0.0138848
0 0.387833 0.775552 0.00737085 0.0148872
0 0.00585814 0.979708 0.0116471 0.018139
0 0.0638563 0.739853 0.00742977 0.0220813
0 0.97229 0.761149 0.0121117 0.0263769
0 0.974426 0.76184 0.0172028 0.027616
0 0.897889 0.975066 0.0736122 0.0467041
0 0.809878 0.697598 0.00665588 0.0169713
0 0.267041 0.730782 0.0054615 0.0162801
37 0.197571 0.915609 0.0450691 0.0318263
8 0.0701611 0.748626 0.0164752 0.0143592
0 0.995762 0.742653 0.00801849 0.0422716
0 0.408261 0.762082 0.00860119 0.0136654
0 0.687359 0.792305 0.0115921 0.0505195
0 0.838387 0.697342 0.00519352 0.0171967
37 0.0221708 0.938481 0.0442973 0.0293223
0 0.911482 0.974286 0.0494308 0.0452115
37 0.094685 0.994426 0.0465461 0.00815362
0 0.85322 0.830086 0.019655 0.0348099
0 0.314211 0.710372 0.00676165 0.0118378
0 0.284891 0.719994 0.00560007 0.0153025
0 0.996381 0.812233 0.00681343 0.0173601
0 0.67542 0.815098 0.0142761 0.0186961
0 0.501963 0.729638 0.00567856 0.0111169
0 0.9031 0.972602 0.0329842 0.0418043
8 0.134806 0.737439 0.0227164 0.00865445
37 0.853022 0.848256 0.0260902 0.0105665
37 0.101059 0.993869 0.0600474 0.00860697
0 0.92129 0.973187 0.028985 0.0418223
8 0.287077 0.727084 0.0225077 0.00966797
0 0.97822 0.669661 0.00692749 0.0141324
0 0.406847 0.762555 0.0094883 0.0135698
0 0.540623 0.849247 0.0069149 0.027161
0 0.888761 0.978836 0.0560825 0.0405197
0 0.97484 0.768708 0.0184082 0.0144301
8 0.426827 0.767519 0.017791 0.0108532
0 0.133146 0.73433 0.0064836 0.00767381
8 0.97997 0.683075 0.0165283 0.0119288
8 0.2681 0.738695 0.0154029 0.0108904
37 0.576096 0.874992 0.0364691 0.0145075
8 0.135855 0.735003 0.021206 0.00819957
8 0.288431 0.727645 0.0199221 0.00749274
37 0.0555807 0.739556 0.00829178 0.0076589
8 0.287133 0.724144 0.0225234 0.0160828
0 0.892451 0.675321 0.00683861 0.012217
0 0.59179 0.813287 0.0139944 0.049205
8 0.186956 0.56378 0.0550751 0.0177968
0 0.990431 0.668192 0.00395622 0.0115904
8 0.294141 0.717943 0.0356545 0.0137875
8 0.980377 0.686598 0.016552 0.010345
0 0.576743 0.875737 0.0356471 0.0138318
33 0.391215 0.812227 0.018506 0.0463745
0 0.837182 0.697181 0.00702953 0.0167467
0 0.946787 0.675796 0.00553513 0.0134171
8 0.279419 0.727535 0.0397361 0.0304313
37 0.8526 0.840104 0.0237522 0.0172023
0 0.937459 0.67942 0.00529976 0.0120578
0 0.950006 0.860676 0.0151176 0.0188304
8 0.314183 0.711019 0.00687704 0.0123713
8 0.268869 0.735946 0.0123733 0.0144508
0 0.0596016 0.739009 0.0163677 0.0206153
0 0.440355 0.915277 0.0112394 0.0326384
0 0.504631 0.730692 0.0144923 0.0132087
37 0.691408 0.820381 0.0191932 0.00903626
0 0.286318 0.721791 0.0201321 0.0184001
0 0.715581 0.83098 0.0204037 0.0332445
0 0.154916 0.730137 0.00708952 0.00811937
24 0.153756 0.983226 0.0183927 0.0132629
0 0.772166 0.812603 0.0189571 0.0157979
0 0.856483 0.794749 0.0172285 0.0141786
37 0.936128 0.867208 0.0117035 0.0150892
0 0.837131 0.835092 0.0306419 0.0344198
0 0.00958962 0.980139 0.0189113 0.0199434
0 0.959401 0.850511 0.0179869 0.039918
0 0.99608 0.671437 0.00612106 0.00878533
8 0.30604 0.716042 0.0111977 0.00781182
0 0.517164 0.815012 0.00505753 0.0331609
0 0.389338 0.775663 0.0117687 0.0157328
0 0.881691 0.979624 0.0419439 0.0376987
37 0.577528 0.881264 0.0336344 0.0084927
8 0.267882 0.7375 0.0208828 0.0123589
8 0.276689 0.733972 0.0392978 0.0213891
8 0.0630837 0.741568 0.0219698 0.0271278
8 0.0607695 0.737926 0.0184257 0.0181268
0 0.859456 0.794506 0.00835419 0.0138599
4 0.809035 0.240893 0.00528832 0.00619104
0 0.682713 0.815354 0.0245916 0.0173116
0 0.500798 0.729787 0.00877552 0.0110638
8 0.9458 0.676672 0.0193367 0.0166702
0 0.102268 0.983111 0.0607133 0.0271617
0 0.914519 0.968749 0.00906067 0.0346397
0 0.941067 0.730516 0.00960808 0.0135386
37 0.948249 0.865954 0.0350117 0.0173959
0 0.693739 0.795034 0.0168034 0.0499625
4 0.242917 0.297012 0.00599179 0.00638445
0 0.268944 0.733061 0.0103358 0.0187493
8 0.287285 0.72462 0.0579825 0.0363719
0 0.559274 0.838627 0.0055582 0.0109022
8 0.167585 0.565615 0.0875232 0.0208045
0 0.872384 0.844914 0.0147575 0.0162767
33 0.391129 0.831673 0.0189882 0.0866867
0 0.779122 0.81493 0.00899544 0.0119473
0 0.0602565 0.736116 0.0141758 0.0181349
37 0.851496 0.845575 0.0271919 0.0147215
0 0.13088 0.982403 0.06578 0.0278473
0 0.382562 0.775072 0.0060771 0.0160387
37 0.942958 0.735737 0.0146488 0.00833503
0 0.69866 0.793779 0.0149227 0.0505924
0 0.744882 0.77974 0.0114012 0.0449083
0 0.853515 0.7956 0.0126099 0.0108465
37 0.965002 0.863251 0.043462 0.0128215
8 0.504597 0.73092 0.0143396 0.0119341
37 0.954084 0.864926 0.0279778 0.0183955
37 0.961239 0.866608 0.0420507 0.0128445
