0 0.509928 0.820935 0.0137743 0.0610533
0 0.453439 0.835275 0.0106203 0.0630149
0 0.842976 0.765921 0.00841198 0.0456597
0 0.555367 0.818879 0.0101565 0.0485036
0 0.796697 0.77549 0.0084219 0.0472541
0 0.734046 0.78598 0.0093132 0.0455739
0 0.351136 0.847715 0.0137249 0.0643287
0 0.465022 0.831186 0.0123125 0.0581241
0 0.831194 0.83467 0.0170017 0.0330402
0 0.743124 0.782902 0.00798874 0.0491218
0 0.18055 0.905851 0.0134184 0.0740753
0 0.606065 0.810334 0.00906944 0.0506504
0 0.114431 0.98271 0.0320142 0.0252502
0 0.688745 0.795217 0.0109386 0.0428596
37 0.0222007 0.938271 0.0443098 0.0286857
0 0.124787 0.744373 0.0082439 0.0354492
0 0.718598 0.8305 0.0135216 0.0309723
0 0.391265 0.818566 0.0174238 0.0576355
0 0.619187 0.815945 0.00890312 0.0379645
0 0.700346 0.79464 0.0104233 0.0422996
0 0.474807 0.854764 0.0169862 0.0284726
0 0.902803 0.972715 0.0337475 0.0392749
0 0.956452 0.849187 0.0162167 0.0373942
0 0.948921 0.736687 0.00605507 0.016429
0 0.889942 0.975944 0.0584885 0.0458944
0 0.915656 0.754361 0.00733452 0.0423411
0 0.985716 0.732945 0.00875168 0.0221663
0 0.35457 0.989362 0.0149922 0.0212768
0 0.470677 0.759647 0.00868416 0.0162157
0 0.947133 0.8514 0.0349709 0.0417341
0 0.328153 0.772435 0.00461745 0.0111386
0 0.879309 0.698275 0.00622711 0.0218513
0 0.853271 0.834946 0.0221048 0.0269284
0 0.972046 0.762702 0.0147141 0.0267144
0 0.85511 0.834325 0.0155823 0.0258245
0 0.715369 0.83082 0.0203935 0.0318393
0 0.928579 0.739155 0.00814095 0.0276026
0 0.996163 0.813399 0.00726833 0.0168752
0 0.883752 0.980572 0.0458996 0.0375125
0 0.908521 0.758256 0.00564766 0.0270988
0 0.976652 0.674073 0.00708733 0.0162904
0 0.00493612 0.749885 0.00849276 0.0156596
37 0.2026 0.917472 0.0367331 0.0303135
0 0.765619 0.81381 0.0319662 0.0176286
0 0.677393 0.81491 0.0179173 0.019715
0 0.92869 0.732539 0.00755787 0.0142348
0 0.290767 0.72054 0.00694265 0.0140628
0 0.346675 0.838282 0.00600777 0.034986
0 0.248469 0.720076 0.00718527 0.0127998
0 0.239829 0.988698 0.0212378 0.0224284
8 0.00929444 0.871364 0.0184323 0.024624
0 0.894465 0.685796 0.00734329 0.0175237
0 0.940365 0.674567 0.00613441 0.0192475
37 0.0975161 0.994413 0.0519608 0.00836605
0 0.911167 0.973667 0.0467037 0.0425469
0 0.908526 0.752435 0.00694294 0.0365824
8 0.247018 0.731889 0.0386809 0.0161887
0 0.346463 0.844001 0.00714197 0.0499346
37 0.00501925 0.759163 0.00996423 0.00991533
0 0.237126 0.768414 0.00624695 0.0103197
0 0.57752 0.875521 0.0333093 0.0133233
0 0.913925 0.972274 0.0106525 0.0380731
0 0.921065 0.680562 0.00459557 0.0135858
8 0.291525 0.730137 0.0123332 0.0102402
0 0.0047258 0.752171 0.00930132 0.0162418
0 0.00576164 0.97993 0.0114942 0.0170173
37 0.588195 0.912598 0.0541491 0.0131361
8 0.639269 0.764501 0.106106 0.032487
33 0.201304 0.916783 0.0392481 0.0327365
37 0.974763 0.77179 0.0188173 0.0106873
0 0.861905 0.836225 0.0366697 0.0327667
0 0.921655 0.973579 0.0281624 0.041076
0 0.729057 0.784572 0.00609465 0.0336555
0 0.484471 0.854781 0.0366094 0.0278446
0 0.937682 0.859648 0.0182884 0.0261119
0 0.843699 0.835416 0.0419369 0.0336436
0 0.100028 0.984547 0.0623411 0.0278788
0 0.994589 0.672674 0.00673904 0.022601
0 0.462272 0.82622 0.00867634 0.0458844
0 0.770027 0.813035 0.0173344 0.0163462
37 0.494376 0.862869 0.0168751 0.0105977
37 0.42013 0.725464 0.0314316 0.0100216
37 0.943358 0.76181 0.053903 0.0188604
0 0.709498 0.832085 0.0322637 0.0329547
24 0.153465 0.983367 0.0178237 0.0127998
0 0.480725 0.854709 0.0205214 0.0275024
0 0.967224 0.668132 0.00431824 0.0117519
0 0.879091 0.985102 0.0370152 0.0288211
37 0.942029 0.761665 0.0493158 0.0136727
37 0.577094 0.875108 0.0334528 0.0133497
0 0.923263 0.674773 0.00839615 0.0205299
0 0.778932 0.815625 0.00983 0.0120738
0 0.970767 0.771287 0.0295532 0.0154168
37 0.764698 0.792089 0.0346949 0.020029
0 0.978246 0.651924 0.0047863 0.0119879
0 0.856228 0.836164 0.0473293 0.0358612
37 0.115298 0.750748 0.0175191 0.0121219
0 0.994792 0.813578 0.0100491 0.0174906
0 0.953064 0.66092 0.00580883 0.0136078
0 0.885242 0.694677 0.00485554 0.0108904
37 0.984766 0.75272 0.0206656 0.0100976
0 0.872613 0.845582 0.0147144 0.0150889
0 0.995631 0.672033 0.00809441 0.0199061
0 0.765577 0.792338 0.0331263 0.0217538
37 0.419075 0.720607 0.0339977 0.0190369
0 0.947606 0.859121 0.0387306 0.0312381
0 0.126637 0.744931 0.0111486 0.0366438
0 0.9759 0.772147 0.02019 0.010584
37 0.763817 0.795095 0.0366802 0.0185504
8 0.291645 0.723726 0.0123759 0.0205828
8 0.418986 0.721022 0.0343768 0.0195482
37 0.970746 0.774848 0.0284939 0.00995348
37 0.0762465 0.751174 0.0281108 0.0110626
0 0.936853 0.722114 0.00382481 0.00783624
0 0.915031 0.756137 0.00980511 0.0453149
0 0.859606 0.844172 0.041338 0.0196262
0 0.328687 0.772711 0.00632296 0.0125129
0 0.0715268 0.740968 0.00764411 0.0104329
37 0.591688 0.908478 0.0613543 0.0215685
0 0.79493 0.775321 0.0113533 0.0481344
8 0.953439 0.76081 0.0813906 0.0216778
0 0.621839 0.816553 0.0144571 0.0391822
8 0.522319 0.724315 0.0172602 0.00967848
0 0.856707 0.838209 0.0370899 0.0312547
0 0.291309 0.722782 0.0121224 0.0168749
37 0.985379 0.714002 0.0292419 0.00995178
0 0.18021 0.88662 0.0117144 0.0357174
37 0.485471 0.862418 0.0344505 0.0129729
37 0.577922 0.881995 0.0336739 0.00792202
0 0.587829 0.907874 0.0530443 0.0230982
37 0.936163 0.866724 0.0155075 0.0145281
14 0.306643 0.861281 0.00669279 0.0107791
0 0.924395 0.980193 0.0224037 0.0265144
37 0.986431 0.754391 0.0226358 0.00813277
