0 0.45304 0.833307 0.0125298 0.0682536
0 0.843009 0.765794 0.008564 0.0476156
0 0.863516 0.76165 0.00941753 0.0505391
0 0.830666 0.834627 0.0176418 0.0336711
0 0.75549 0.781214 0.00791798 0.048642
0 0.695572 0.794367 0.00918121 0.0453603
0 0.734974 0.78797 0.00855503 0.0405482
0 0.744429 0.78425 0.00880766 0.0458805
0 0.54327 0.815695 0.012232 0.0565806
0 0.830727 0.765384 0.0105654 0.0457655
0 0.705752 0.792165 0.0110742 0.0467575
0 0.953787 0.848823 0.0219555 0.0398592
0 0.800912 0.776673 0.00874329 0.0446309
0 0.472925 0.852574 0.0194097 0.0347758
0 0.348239 0.755448 0.00971861 0.0200643
0 0.852952 0.831903 0.0216602 0.0349553
0 0.433809 0.914612 0.0243471 0.0370388
0 0.817396 0.779967 0.00597649 0.0306044
0 0.0714687 0.740348 0.00879549 0.0229211
0 0.272753 0.729681 0.00571775 0.0167491
0 0.93596 0.723712 0.00562668 0.0192259
0 0.71821 0.830251 0.0139832 0.0321386
0 0.0100651 0.74755 0.00795551 0.019539
37 0.0222404 0.938331 0.0444809 0.0296577
0 0.891899 0.975928 0.0614738 0.0459161
0 0.712515 0.830852 0.0262457 0.0326474
0 0.79 0.699682 0.00581264 0.0163726
37 0.198894 0.916126 0.0462019 0.0318219
0 0.795808 0.776879 0.00643606 0.0473592
0 0.976818 0.740204 0.00959702 0.034641
0 0.319855 0.709705 0.00668101 0.0182882
0 0.00564563 0.978601 0.0112323 0.0208666
0 0.982859 0.737069 0.0093689 0.0370546
0 0.905626 0.973248 0.0424767 0.0403466
0 0.114728 0.980833 0.0299889 0.0229613
0 0.577703 0.875738 0.0323671 0.0148563
0 0.856128 0.830917 0.0151924 0.0337248
0 0.354546 0.989272 0.016144 0.0214567
0 0.109655 0.980479 0.0199517 0.0230437
0 0.772288 0.699136 0.00729761 0.0184115
0 0.468994 0.854263 0.0118034 0.031083
0 0.440099 0.774788 0.00556049 0.0119878
0 0.97825 0.739768 0.0116301 0.0385707
0 0.881608 0.680466 0.00884438 0.0181269
0 0.953004 0.854163 0.0208513 0.0340712
0 0.89523 0.682444 0.0055479 0.0158973
8 0.148677 0.737891 0.0292041 0.010848
0 0.191374 0.730462 0.0106668 0.00757073
0 0.438023 0.916387 0.0157141 0.031316
0 0.675948 0.815717 0.0146112 0.0191688
0 0.801258 0.776151 0.0121685 0.0462175
0 0.531245 0.739074 0.0134459 0.00963525
37 0.531223 0.739125 0.0133914 0.00940721
0 0.977632 0.745702 0.0113588 0.0444502
0 0.451037 0.774773 0.00600872 0.0120121
8 0.29816 0.729838 0.0222357 0.0137438
0 0.885191 0.979067 0.0485437 0.0399065
8 0.0706965 0.744685 0.0183479 0.0173803
0 0.142109 0.734949 0.00641947 0.00869853
0 0.922913 0.680514 0.00902443 0.011692
0 0.271155 0.731876 0.00893278 0.0160561
0 0.299997 0.727553 0.0153325 0.0122465
0 0.95082 0.859779 0.0165024 0.021855
0 0.107347 0.983822 0.0535589 0.0271634
0 0.769893 0.812975 0.0133804 0.0158027
0 0.119809 0.984557 0.0394568 0.022917
0 0.922092 0.973676 0.0269444 0.041163
8 0.0727914 0.741768 0.0131217 0.022266
8 0.0659865 0.745255 0.0287837 0.0162586
0 0.682536 0.815365 0.0210601 0.0185572
0 0.0538615 0.747556 0.00331528 0.00725267
37 0.103629 0.993789 0.0629201 0.00911594
0 0.996533 0.810907 0.00651855 0.0208477
0 0.996588 0.814315 0.00640297 0.013868
0 0.774012 0.813463 0.0186986 0.0169705
8 0.00756828 0.748227 0.0138129 0.0198096
37 0.272745 0.73738 0.01811 0.00967984
0 0.882086 0.982836 0.0415943 0.0315531
0 0.912955 0.975057 0.045137 0.0443234
0 0.858703 0.834101 0.0376211 0.0390842
37 0.302746 0.715548 0.0270495 0.00931193
0 0.413603 0.767718 0.00409107 0.00683763
0 0.752401 0.781696 0.0132197 0.0497365
8 0.302267 0.713834 0.0289692 0.0117947
8 0.149579 0.735964 0.0284185 0.0100847
8 0.00337079 0.751575 0.0065528 0.0117038
8 0.302937 0.715947 0.0237342 0.00877245
0 0.447956 0.774567 0.0117774 0.0128733
0 0.975359 0.767816 0.0182802 0.0173092
0 0.850394 0.836915 0.0206329 0.027297
0 0.972591 0.672359 0.00554943 0.0163501
8 0.0664441 0.744776 0.0277867 0.0253662
37 0.956426 0.866658 0.0283337 0.0144901
0 0.126072 0.985715 0.0275134 0.0204658
0 0.543542 0.809822 0.0110762 0.041273
0 0.979192 0.743252 0.0162537 0.0484063
0 0.443124 0.774601 0.0126669 0.0132572
37 0.104635 0.985322 0.0646506 0.0251999
0 0.883448 0.681034 0.0130243 0.0180216
0 0.273326 0.730941 0.0145647 0.0191355
0 0.835604 0.834178 0.0283295 0.0349009
8 0.273579 0.735428 0.0174936 0.0107469
0 0.878181 0.985477 0.0347158 0.0276249
0 0.824619 0.814851 0.0245964 0.0101976
8 0.272286 0.735857 0.0176827 0.0137634
0 0.956389 0.852239 0.0284679 0.0394745
0 0.975022 0.764745 0.0159979 0.0228122
37 0.305541 0.711048 0.0350119 0.0201021
0 0.923933 0.97893 0.0234676 0.0298242
26 0.153559 0.983374 0.0174672 0.0128004
0 0.391101 0.832337 0.0182003 0.086537
0 0.00582028 0.973025 0.0115226 0.0323914
0 0.960146 0.849725 0.0174007 0.040156
0 0.976873 0.770588 0.0203852 0.0124695
8 0.300423 0.726046 0.0269647 0.0186259
24 0.153557 0.983384 0.0173345 0.0126516
0 0.790525 0.703067 0.00769787 0.0235544
14 0.396963 0.315993 0.00964747 0.00680322
0 0.937583 0.723951 0.00951195 0.0203298
37 0.957519 0.868652 0.0260014 0.0103068
37 0.424611 0.92903 0.0151152 0.00999485
33 0.391245 0.81257 0.0174113 0.044889
0 0.590788 0.907972 0.0574106 0.0229743
8 0.0700614 0.741542 0.0171304 0.0226396
0 0.841013 0.833132 0.0451302 0.0359821
0 0.981119 0.7361 0.0130688 0.0427884
37 0.987936 0.759853 0.0238482 0.0124068
37 0.589523 0.911501 0.0560396 0.0159114
0 0.85864 0.839611 0.0380739 0.0268446
0 0.00763485 0.747532 0.0150226 0.0213338
37 0.0972687 0.994009 0.0503241 0.00797933
14 0.885383 0.245983 0.00926437 0.00606494
0 0.915304 0.969076 0.0109829 0.0324917
0 0.349949 0.989256 0.0263274 0.0214084
0 0.974299 0.675184 0.00878983 0.020807
