0 0.578422 0.812615 0.0149298 0.058016
0 0.555394 0.819495 0.0098218 0.0507406
0 0.796413 0.77571 0.00890465 0.0490555
0 0.396658 0.89567 0.0192033 0.0850171
0 0.438462 0.834243 0.0136365 0.0630029
0 0.452403 0.834205 0.0119865 0.0656277
0 0.722074 0.786187 0.00967236 0.0501065
0 0.830878 0.834907 0.0178448 0.0334998
0 0.621136 0.802533 0.0107028 0.0575863
0 0.84341 0.76727 0.00845337 0.0468482
0 0.717947 0.830107 0.013408 0.0313904
0 0.666742 0.799723 0.00877476 0.0471625
0 0.114596 0.983768 0.0320975 0.0264591
0 0.688145 0.795109 0.00980911 0.0449941
0 0.475611 0.856433 0.0188787 0.0258296
0 0.893791 0.975386 0.062615 0.0447883
0 0.935798 0.728467 0.00848503 0.026984
0 0.702368 0.792688 0.00953312 0.0447259
0 0.950757 0.748062 0.00807724 0.0369722
0 0.355142 0.989343 0.0140043 0.0213141
37 0.198041 0.915707 0.0456007 0.0316282
0 0.39128 0.813576 0.0177686 0.0468553
0 0.955386 0.848657 0.0196356 0.0356978
0 0.856263 0.831034 0.0143124 0.0324392
0 0.695092 0.795529 0.0082119 0.0431681
37 0.0225703 0.938622 0.0451406 0.0302948
0 0.0129747 0.751908 0.00828883 0.0167185
0 0.905229 0.973163 0.0410973 0.0394711
0 0.974543 0.762584 0.017783 0.0270493
0 0.852894 0.831141 0.0209496 0.0343745
37 0.0955523 0.994311 0.0470242 0.00814819
0 0.951385 0.849421 0.014064 0.0375487
8 0.0165099 0.760044 0.0211494 0.00844727
0 0.883604 0.984497 0.044953 0.0283963
0 0.854078 0.697847 0.00727577 0.0195715
0 0.675428 0.813608 0.0169996 0.0226485
0 0.278791 0.728726 0.00543256 0.0143616
37 0.85284 0.848798 0.0259262 0.00918918
0 0.00857421 0.978798 0.0170428 0.0187675
0 0.972392 0.760476 0.0108898 0.0232517
0 0.0566849 0.742185 0.00725996 0.0157108
0 0.995971 0.810413 0.00765228 0.0229543
0 0.314389 0.768351 0.00569048 0.0123745
0 0.577369 0.875453 0.0321603 0.014781
8 0.0166295 0.758182 0.0217922 0.0116981
0 0.0053863 0.978962 0.0107118 0.0176417
0 0.0555137 0.745124 0.0111727 0.0218618
0 0.996127 0.815389 0.00733795 0.0130561
0 0.673688 0.801248 0.0192554 0.0463762
8 0.423863 0.749491 0.0656273 0.0306766
0 0.0735883 0.751126 0.00505886 0.0108192
0 0.28468 0.728651 0.00512085 0.0106364
0 0.357755 0.771518 0.0082438 0.0122772
0 0.449719 0.762916 0.0190548 0.0130459
0 0.714843 0.830504 0.0205056 0.0321075
0 0.887573 0.977242 0.0502966 0.0385052
0 0.446034 0.762889 0.010478 0.0132996
37 0.852103 0.845221 0.0228615 0.0119407
0 0.48462 0.856857 0.0383831 0.0258737
37 0.847457 0.847893 0.0371635 0.0112583
0 0.356064 0.771543 0.0101443 0.0128962
0 0.974951 0.771071 0.0175604 0.0109843
37 0.577241 0.875132 0.0318756 0.0143951
37 0.588154 0.913381 0.0541371 0.0121857
37 0.936643 0.864422 0.0174286 0.0168054
24 0.153394 0.98358 0.0176324 0.0125407
0 0.457558 0.762744 0.00444489 0.0119331
37 0.153365 0.983609 0.0175204 0.0124229
0 0.321938 0.769598 0.0209626 0.0135956
2 0.506277 0.41236 0.0362747 0.024989
0 0.286373 0.728335 0.0223548 0.0147702
37 0.947912 0.864781 0.0422174 0.0181858
37 0.956307 0.866916 0.0609138 0.0153273
0 0.841945 0.697251 0.00521622 0.0156267
0 0.102344 0.984839 0.0601026 0.0262529
37 0.59125 0.914471 0.0449673 0.00944519
0 0.541071 0.849817 0.00732451 0.027277
37 0.956276 0.868728 0.0287668 0.0104607
0 0.480628 0.856476 0.0184015 0.0251066
0 0.946466 0.851729 0.0284029 0.0418806
8 0.323995 0.719313 0.0252075 0.0158602
0 0.996012 0.804503 0.00754662 0.0346127
8 0.320615 0.719133 0.0182511 0.0151493
0 0.9179 0.972606 0.0171898 0.0385139
0 0.167357 0.735551 0.0197698 0.0090215
0 0.959934 0.848326 0.0123379 0.0336236
37 0.951963 0.866952 0.0358273 0.0138179
0 0.840129 0.835557 0.0369253 0.0340356
0 0.492171 0.723976 0.0127354 0.0111308
37 0.964012 0.863116 0.0447681 0.0110543
37 0.0175019 0.760494 0.0226088 0.00889893
0 0.989928 0.679614 0.0053299 0.0106094
37 0.697509 0.841064 0.0237614 0.013098
