0 0.452378 0.833593 0.0123081 0.0678684
0 0.611989 0.808448 0.0111359 0.0500171
0 0.714952 0.787953 0.0110607 0.0492859
0 0.830781 0.83475 0.0174526 0.0333286
0 0.796607 0.77591 0.00788422 0.0482569
0 0.69266 0.795351 0.00992107 0.0479006
0 0.95363 0.849989 0.0219734 0.0423659
0 0.701873 0.792827 0.00986252 0.0451835
0 0.541206 0.822814 0.0117126 0.0533908
0 0.843155 0.766426 0.00794678 0.0433512
0 0.475947 0.853682 0.0154753 0.0301173
0 0.743794 0.782332 0.0103857 0.0510473
37 0.198221 0.916197 0.0455374 0.0301436
0 0.971559 0.762748 0.013509 0.0271464
0 0.718273 0.830808 0.0133737 0.0307
0 0.0062871 0.750041 0.00843076 0.0194397
0 0.938531 0.728055 0.00632019 0.0200256
0 0.114344 0.981891 0.0311895 0.0267714
0 0.433578 0.914146 0.0250881 0.0373471
0 0.856341 0.829898 0.0141766 0.0329854
0 0.730819 0.78563 0.0105371 0.0445557
0 0.354647 0.989168 0.0152796 0.0216637
37 0.0222162 0.938793 0.0443874 0.0288951
0 0.734181 0.785752 0.00829983 0.0433929
0 0.905003 0.972333 0.0372269 0.041217
0 0.712111 0.831394 0.0259823 0.0318441
0 0.883403 0.984688 0.0435509 0.0294293
0 0.676455 0.815083 0.0165994 0.0191918
0 0.313705 0.714156 0.00629134 0.0164581
8 0.294526 0.723008 0.0479055 0.0323373
0 0.0647446 0.751299 0.00551153 0.0137492
0 0.0592172 0.737879 0.00497458 0.0209235
8 0.00668365 0.759374 0.0132071 0.00922784
0 0.922039 0.972619 0.0268845 0.0414247
8 0.301903 0.722002 0.0315951 0.0268592
0 0.99618 0.811517 0.00722561 0.0206197
0 0.394133 0.776052 0.00534267 0.017504
0 0.292304 0.725281 0.00649395 0.0187517
0 0.853426 0.830836 0.0215693 0.0346678
0 0.828691 0.695136 0.00546227 0.0127411
0 0.440356 0.91775 0.0110542 0.0281091
8 0.418345 0.760632 0.0449238 0.00989956
0 0.141127 0.739655 0.00368137 0.00900404
0 0.972124 0.662267 0.00795593 0.0410709
0 0.576952 0.875836 0.0338579 0.0137488
0 0.274481 0.729984 0.00605135 0.0164256
8 0.417775 0.75822 0.0447367 0.0148719
0 0.894888 0.976004 0.0662645 0.0455024
37 0.938809 0.737264 0.0106281 0.00718723
0 0.983736 0.68154 0.0050312 0.015616
8 0.0659657 0.743312 0.0204402 0.0320133
8 0.515361 0.734152 0.0140615 0.0109523
37 0.102503 0.99417 0.0615382 0.00854865
0 0.275606 0.729836 0.00705919 0.0169566
0 0.0595881 0.742678 0.00528805 0.0307263
0 0.156753 0.735667 0.0118942 0.00662893
0 0.391972 0.775267 0.00942822 0.0178752
0 0.431311 0.755287 0.00499887 0.0104802
0 0.130331 0.7394 0.00530953 0.00819075
8 0.39789 0.775373 0.0253628 0.0186469
0 0.00662184 0.98091 0.0131578 0.0153578
0 0.914695 0.971577 0.0105927 0.0407055
0 0.948269 0.673027 0.0146221 0.0112368
0 0.97185 0.65653 0.00819378 0.0324063
0 0.484742 0.853884 0.0338578 0.0305006
0 0.434223 0.908179 0.0272685 0.0492516
0 0.959085 0.850319 0.011478 0.0380439
8 0.161462 0.565652 0.0718555 0.0178424
0 0.872531 0.845567 0.0152401 0.0151457
0 0.431818 0.75494 0.00658236 0.0117238
8 0.696231 0.567587 0.0433746 0.0165119
0 0.939929 0.728727 0.00996666 0.0222068
8 0.0686643 0.75192 0.0139567 0.015133
37 0.156749 0.736292 0.0120639 0.00662469
0 0.773006 0.812523 0.00782223 0.0147334
37 0.852801 0.848211 0.0259392 0.0102627
8 0.515096 0.733961 0.0152542 0.0149614
0 0.134261 0.74018 0.0173896 0.0102946
0 0.994554 0.646573 0.00433197 0.00613183
0 0.732794 0.785059 0.0121808 0.0493969
0 0.769677 0.812637 0.0136538 0.0145315
0 0.298938 0.724107 0.0231925 0.0258816
0 0.859998 0.794978 0.00786972 0.013029
0 0.430012 0.755012 0.00941906 0.0120792
8 0.398735 0.777909 0.0264517 0.0148156
0 0.799313 0.695344 0.00569782 0.0139196
24 0.153685 0.983353 0.017235 0.0126675
0 0.103802 0.983229 0.063107 0.0295183
8 0.949445 0.673122 0.0174568 0.0117218
0 0.399162 0.760303 0.00687118 0.0116597
8 0.98994 0.681329 0.0190403 0.0138938
37 0.49303 0.863845 0.018821 0.00892232
37 0.0525266 0.741607 0.0094101 0.00951284
0 0.511371 0.732077 0.00757351 0.0115306
0 0.859991 0.845966 0.0407896 0.0166524
37 0.102715 0.983389 0.0625485 0.0289934
0 0.95219 0.861545 0.0177456 0.020824
0 0.864019 0.833554 0.0328583 0.0390671
8 0.0665752 0.756718 0.0183768 0.0123734
37 0.576034 0.881713 0.0324007 0.00644023
0 0.00936046 0.981102 0.018535 0.0167331
0 0.975487 0.762913 0.0222807 0.0280138
0 0.911279 0.975231 0.0491213 0.0451835
0 0.541543 0.815278 0.0126562 0.0498737
0 0.841529 0.835252 0.0397118 0.0342129
8 0.130344 0.741947 0.0185754 0.00907559
0 0.391088 0.832421 0.0185289 0.0895537
0 0.559288 0.838732 0.00578594 0.0123327
37 0.592291 0.912193 0.0576273 0.0155331
0 0.889768 0.984214 0.0336876 0.0284873
14 0.254653 0.397856 0.00903173 0.0104872
8 0.963875 0.663907 0.0467724 0.0358962
0 0.895673 0.97398 0.0205029 0.0279921
0 0.94519 0.672035 0.00868206 0.0124344
0 0.119333 0.982109 0.0427173 0.0288384
0 0.130739 0.737542 0.00549989 0.0103227
8 0.975613 0.669113 0.0481237 0.035703
37 0.591768 0.909103 0.0595582 0.0214742
0 0.779355 0.816181 0.0083662 0.0103624
37 0.944811 0.865434 0.0287252 0.0172841
0 0.831314 0.695883 0.011552 0.0139673
0 0.98449 0.678419 0.00782738 0.0190998
0 0.774929 0.812863 0.0160088 0.0163823
