0 0.451434 0.834127 0.0135953 0.0655638
0 0.435524 0.835301 0.0126266 0.0626085
0 0.575439 0.812441 0.0110329 0.0582998
0 0.394216 0.898542 0.0221562 0.0817427
0 0.555397 0.819418 0.0097847 0.0508223
0 0.796463 0.775458 0.00923023 0.0498169
0 0.722087 0.786763 0.00987892 0.0490736
0 0.618419 0.804035 0.0129917 0.0579346
0 0.830872 0.834902 0.0178488 0.0335571
0 0.843351 0.767219 0.0082283 0.0465113
0 0.717986 0.830193 0.0134974 0.0312385
0 0.665926 0.800428 0.00805531 0.0464978
0 0.475494 0.856435 0.0191156 0.0260657
0 0.114612 0.983769 0.0323265 0.0263892
0 0.391438 0.812517 0.0180922 0.0455807
0 0.893935 0.975327 0.0625038 0.0446625
37 0.198057 0.91563 0.0457326 0.0320299
0 0.701804 0.792245 0.00874119 0.0442067
0 0.974505 0.762903 0.0185637 0.0267439
0 0.93565 0.728134 0.0085495 0.0261524
0 0.355146 0.989351 0.0139992 0.021298
0 0.956942 0.848521 0.0165504 0.0356176
37 0.0224998 0.938628 0.0449997 0.0296488
0 0.856271 0.830808 0.0144276 0.0327079
0 0.947841 0.748212 0.00634117 0.0339918
0 0.687091 0.795327 0.0104985 0.0437341
0 0.445295 0.76233 0.00650005 0.015861
0 0.905292 0.973162 0.0409863 0.0395315
0 0.0130315 0.751806 0.00813163 0.0155684
0 0.954221 0.850012 0.0214172 0.0387207
0 0.852857 0.831263 0.0223061 0.0335127
0 0.854076 0.699505 0.00638161 0.0221854
0 0.00601323 0.978899 0.0119364 0.0186074
37 0.0953631 0.994314 0.0465664 0.0081526
0 0.457704 0.763331 0.00428371 0.0115411
0 0.883584 0.984686 0.0447483 0.0280324
0 0.391462 0.822399 0.0183042 0.0645504
0 0.695901 0.793957 0.00920086 0.0436768
8 0.0156835 0.759911 0.020902 0.00984345
0 0.678967 0.81499 0.0102169 0.0183594
0 0.00906472 0.978962 0.0180297 0.0194366
0 0.57752 0.875495 0.0322906 0.0148671
37 0.852792 0.848843 0.0259777 0.00919902
0 0.995959 0.810452 0.00767612 0.0229899
0 0.675604 0.815265 0.0165069 0.0188697
0 0.699856 0.792436 0.00978756 0.0466994
0 0.680559 0.814404 0.0155082 0.0198022
8 0.0158719 0.757332 0.021271 0.014849
2 0.506276 0.412344 0.0362454 0.0250095
0 0.996112 0.815153 0.00736733 0.0136361
0 0.693705 0.79488 0.00880375 0.0439412
0 0.0731845 0.751002 0.00456593 0.0103672
0 0.0568258 0.74212 0.00676878 0.014856
0 0.355336 0.771825 0.00869579 0.0125058
0 0.279379 0.729436 0.00573959 0.014859
0 0.714809 0.830562 0.020738 0.0320001
37 0.577388 0.875153 0.0319713 0.0145081
0 0.284903 0.728483 0.00439825 0.0118422
0 0.887441 0.977008 0.0497641 0.0385101
0 0.0547896 0.743837 0.0102517 0.0187174
0 0.949977 0.859047 0.0154709 0.021854
24 0.15338 0.983601 0.0177033 0.0125627
0 0.357095 0.771675 0.0100052 0.0124532
37 0.588267 0.913436 0.0543662 0.0120867
0 0.950873 0.851838 0.0293283 0.039809
0 0.0538478 0.745715 0.012281 0.0205048
37 0.15335 0.98362 0.0175886 0.0124488
0 0.102045 0.984714 0.0595878 0.0264075
0 0.48443 0.856701 0.0384482 0.0262441
0 0.119745 0.984886 0.0402182 0.0229106
37 0.957066 0.866916 0.0592171 0.0139621
37 0.844288 0.847751 0.0436501 0.0117817
37 0.955224 0.869197 0.0307518 0.00935262
37 0.590727 0.914519 0.0461013 0.00966356
37 0.94833 0.868126 0.0443748 0.0138565
7 0.506317 0.412257 0.0363617 0.0254179
37 0.938579 0.863641 0.0213337 0.0169393
37 0.852067 0.844765 0.0227497 0.0122009
37 0.986549 0.751102 0.0141905 0.00879551
0 0.451328 0.763233 0.0162055 0.0124385
0 0.67491 0.807595 0.018859 0.0340218
37 0.322267 0.769998 0.0237249 0.0129395
0 0.357018 0.77146 0.0139066 0.0136212
0 0.945774 0.853219 0.0323917 0.0381127
0 0.667673 0.800563 0.0113218 0.0480476
0 0.996 0.804746 0.0075655 0.0342134
0 0.494345 0.723898 0.0113974 0.0108926
37 0.935496 0.865064 0.0151381 0.0159168
37 0.967107 0.863008 0.0383942 0.0100189
0 0.28562 0.725773 0.0125896 0.0126082
0 0.840987 0.835544 0.0387274 0.0341417
37 0.974082 0.863066 0.0255339 0.00905626
0 0.769864 0.813114 0.0146368 0.0156942
8 0.324461 0.719945 0.024156 0.015518
0 0.917886 0.972607 0.0175531 0.0383935
37 0.941699 0.768625 0.0337334 0.012736
37 0.697885 0.840716 0.0232002 0.0127419
8 0.0535717 0.747173 0.0132806 0.0195465
0 0.990482 0.679302 0.00578785 0.0107656
0 0.779268 0.81696 0.00876598 0.0120572
8 0.250203 0.396899 0.00941858 0.0103082
0 0.975826 0.670254 0.00605164 0.0154421
8 0.287207 0.728927 0.0216094 0.0149963
37 0.589307 0.909926 0.0572235 0.018946
0 0.448736 0.761892 0.022581 0.0163589
14 0.903996 0.672006 0.00575409 0.0112538
