0 0.452789 0.833409 0.0131048 0.0672838
0 0.477034 0.833151 0.0146466 0.064969
0 0.830245 0.8347 0.0174299 0.0332743
0 0.718741 0.829911 0.0145691 0.0324829
0 0.0626596 0.897443 0.0101545 0.0515311
0 0.776424 0.780183 0.00882139 0.0421122
0 0.922713 0.751157 0.00899487 0.0466183
0 0.793745 0.774934 0.00950127 0.0462806
0 0.698496 0.793863 0.0100763 0.0492015
0 0.90308 0.756242 0.00914803 0.0421488
0 0.843034 0.765407 0.00810471 0.0464749
0 0.885802 0.75699 0.0101124 0.0471554
0 0.95338 0.848846 0.0220152 0.0395976
0 0.746153 0.784175 0.0104376 0.0465527
0 0.515076 0.809586 0.010615 0.0434909
0 0.832482 0.770286 0.0078413 0.045281
0 0.855693 0.830881 0.0167166 0.0343555
37 0.198024 0.91591 0.0462295 0.0317583
0 0.321986 0.751133 0.0104669 0.0155384
0 0.755096 0.784446 0.00932522 0.0444363
0 0.973516 0.762549 0.0184052 0.0282347
0 0.853272 0.832076 0.022451 0.0357171
0 0.485425 0.777362 0.00973978 0.0221773
0 0.354903 0.989127 0.0144423 0.0216492
0 0.435013 0.907393 0.0246987 0.0522108
0 0.905518 0.972594 0.0419107 0.0417772
0 0.939619 0.740593 0.00659561 0.0257697
0 0.577557 0.87537 0.0330103 0.0156186
0 0.46097 0.779236 0.00609961 0.020005
0 0.8942 0.975404 0.065547 0.0467387
0 0.00756083 0.751776 0.00787619 0.0169963
8 0.197984 0.915615 0.04578 0.0315465
0 0.996179 0.810705 0.00723152 0.0213538
0 0.0680758 0.737861 0.00769476 0.0182505
37 0.531387 0.735852 0.0146732 0.0116567
0 0.114567 0.981645 0.0304427 0.023379
0 0.323331 0.708897 0.00679207 0.0178449
0 0.00254793 0.977039 0.00503542 0.0229401
0 0.676983 0.815577 0.0166809 0.0182166
0 0.0709401 0.752081 0.00739772 0.0160785
0 0.380379 0.751081 0.00834713 0.0142136
0 0.90167 0.678942 0.00568085 0.0192781
0 0.744079 0.785146 0.0116322 0.0450528
0 0.510354 0.811418 0.00534096 0.0234005
0 0.0058889 0.752307 0.011682 0.0187681
0 0.977142 0.649513 0.00519371 0.0158942
0 0.439867 0.907955 0.0149002 0.0506134
0 0.00504031 0.976987 0.010037 0.0237039
0 0.952026 0.857373 0.0197479 0.0260362
0 0.280342 0.729786 0.00921259 0.0121438
0 0.0703457 0.751851 0.00946884 0.0184175
0 0.429485 0.906933 0.0144079 0.0509969
0 0.109547 0.98093 0.0200612 0.0226407
0 0.741794 0.784962 0.00765476 0.0447215
0 0.0684494 0.744462 0.00977371 0.0314818
0 0.391413 0.832902 0.0181727 0.0859607
0 0.104415 0.984014 0.0533047 0.0273285
37 0.0221178 0.938845 0.0441971 0.0311769
0 0.884295 0.979756 0.0464027 0.0389945
0 0.793285 0.695678 0.006849 0.0133029
0 0.940424 0.738708 0.00791225 0.0292843
0 0.831402 0.765449 0.00821171 0.0367913
0 0.997486 0.673721 0.00458374 0.0150903
8 0.376793 0.760136 0.0283115 0.013072
0 0.281312 0.732696 0.0133017 0.0165999
0 0.540731 0.849369 0.00817604 0.0272295
37 0.936948 0.867032 0.0131329 0.016153
0 0.950409 0.86116 0.0297354 0.0234236
37 0.102667 0.993756 0.0609062 0.00988736
0 0.872522 0.845989 0.0148149 0.0157593
0 0.767362 0.698179 0.00719166 0.014966
0 0.921724 0.973443 0.0269596 0.0418891
0 0.0531109 0.752829 0.00463476 0.0072113
0 0.937956 0.736129 0.00976524 0.034384
0 0.462697 0.779403 0.00913858 0.0211212
0 0.934614 0.725055 0.0053936 0.0171656
0 0.680653 0.815706 0.0179492 0.0186781
8 0.0220656 0.938838 0.0441029 0.0310713
0 0.948571 0.85097 0.0292786 0.0452016
8 0.282575 0.737472 0.0154885 0.0105301
4 0.480262 0.319616 0.0305419 0.0096792
0 0.913859 0.973665 0.0422981 0.0438002
0 0.756095 0.781354 0.0122063 0.0476958
37 0.94915 0.865203 0.0369938 0.0193758
0 0.117315 0.984631 0.0356533 0.0231172
0 0.33674 0.730264 0.0102607 0.012815
0 0.380407 0.753269 0.0119142 0.0169373
8 0.00575644 0.754471 0.0114266 0.0207352
0 0.773641 0.812351 0.0201738 0.0167998
0 0.772212 0.812467 0.0087553 0.014684
0 0.769061 0.812369 0.01099 0.0145457
0 0.391398 0.818015 0.0177263 0.0559896
0 0.00284133 0.982341 0.00559739 0.033213
0 0.883835 0.683906 0.00550728 0.00982819
37 0.376634 0.759589 0.0297314 0.0140483
4 0.471461 0.31912 0.0127556 0.00791109
0 0.917312 0.97069 0.0151281 0.0393182
0 0.77155 0.812032 0.014213 0.0153171
0 0.982703 0.660387 0.00625591 0.013374
14 0.920141 0.679935 0.00689468 0.00816396
0 0.971856 0.673171 0.00695591 0.0159663
37 0.0980262 0.993986 0.0506034 0.00799493
8 0.313421 0.716603 0.0264626 0.011607
0 0.585467 0.907326 0.0442402 0.0233458
8 0.464239 0.781726 0.0160147 0.0175937
0 0.0091082 0.977713 0.0179983 0.0253396
8 0.976965 0.663239 0.0191959 0.037255
8 0.33738 0.733151 0.018819 0.0114305
0 0.199177 0.731002 0.0081646 0.0104502
0 0.337346 0.731585 0.0196963 0.0145374
8 0.464702 0.783234 0.0136311 0.0142612
0 0.461378 0.776984 0.00823917 0.0262889
14 0.877652 0.67309 0.00521698 0.00762075
0 0.863815 0.833561 0.0330013 0.0399404
0 0.692924 0.790994 0.00810528 0.0318715
0 0.716038 0.830363 0.0203169 0.0329303
8 0.976992 0.668788 0.0187855 0.0253971
8 0.336308 0.732087 0.0215435 0.0147091
0 0.979586 0.6591 0.0121914 0.0339096
24 0.153623 0.983643 0.0177255 0.0123313
8 0.308196 0.717109 0.0154133 0.00958184
8 0.375472 0.755442 0.0271897 0.0218065
0 0.120939 0.986081 0.0193434 0.022493
0 0.83563 0.76774 0.0120813 0.0436103
37 0.455421 0.784847 0.0121119 0.00979275
0 0.476287 0.817352 0.012991 0.0339054
0 0.435529 0.906707 0.0145493 0.0465681
8 0.28325 0.736808 0.01797 0.0130157
8 0.364972 0.758373 0.0516018 0.0173326
0 0.0691863 0.752934 0.0133518 0.0195726
37 0.585936 0.910289 0.0431985 0.0176415
0 0.994809 0.810819 0.00993156 0.0225764
0 0.881995 0.984895 0.0419708 0.029156
37 0.365196 0.75809 0.053994 0.0177083
0 0.283182 0.733452 0.0181347 0.0197856
37 0.955512 0.868461 0.0297661 0.0108887
