0 0.452462 0.833662 0.0122665 0.0674754
0 0.830759 0.834736 0.0176687 0.0334242
0 0.702578 0.792397 0.0104315 0.0466175
0 0.616437 0.808293 0.0100128 0.0467677
0 0.748382 0.781635 0.0121145 0.0506558
0 0.953674 0.849935 0.0219305 0.0423179
0 0.796595 0.775981 0.00793934 0.0481191
0 0.719324 0.786744 0.0101297 0.0498986
0 0.542884 0.820605 0.0119316 0.0502051
0 0.692738 0.794987 0.0104202 0.0485245
0 0.843227 0.765692 0.0080471 0.0439521
0 0.475284 0.854109 0.0164778 0.0297923
0 0.739626 0.792799 0.00726681 0.0321292
0 0.731445 0.786896 0.0092371 0.0458623
37 0.198092 0.914508 0.0459942 0.0337562
0 0.938522 0.728702 0.00742187 0.0204081
0 0.856037 0.830192 0.0146452 0.0321425
0 0.0586705 0.737408 0.00481536 0.0195967
0 0.718264 0.830634 0.0133705 0.0312069
0 0.971589 0.762569 0.0134895 0.0266066
0 0.00463069 0.752006 0.00911474 0.0183319
0 0.433725 0.914061 0.0252821 0.0376599
0 0.114699 0.981862 0.031687 0.026758
0 0.292759 0.724299 0.00588083 0.0186517
0 0.314712 0.716799 0.0056632 0.017824
0 0.354807 0.989161 0.0149544 0.0216789
0 0.676405 0.814947 0.0166164 0.0194061
0 0.065204 0.75121 0.00502965 0.0126728
0 0.275802 0.729083 0.00572462 0.0153097
0 0.395306 0.776242 0.00639186 0.0160614
0 0.712123 0.831117 0.0261988 0.0324917
0 0.853653 0.830985 0.0208019 0.0335537
0 0.905344 0.972376 0.0369337 0.0412187
0 0.883469 0.982388 0.0440596 0.034001
37 0.0221667 0.938738 0.0442739 0.0284707
0 0.826134 0.697461 0.0073391 0.0183597
0 0.921799 0.972597 0.027095 0.0414378
8 0.426381 0.760676 0.0251929 0.00788303
8 0.0682025 0.751529 0.0210679 0.0140956
8 0.301292 0.723203 0.0239086 0.0180023
0 0.974062 0.763026 0.0186775 0.0274485
8 0.159933 0.565561 0.0690316 0.0153359
0 0.996171 0.811514 0.00724525 0.0206997
0 0.397351 0.760438 0.0059 0.0107379
8 0.517992 0.733328 0.0149658 0.0111371
0 0.135728 0.741017 0.0153522 0.0099194
0 0.440688 0.917412 0.0105366 0.028765
0 0.42973 0.754651 0.00571461 0.011225
8 0.302125 0.720939 0.0268068 0.0174228
0 0.912301 0.973094 0.0460989 0.0427253
0 0.14045 0.740757 0.00670803 0.01021
0 0.514901 0.732243 0.00740576 0.0109662
0 0.576968 0.875835 0.0337849 0.0137261
0 0.970792 0.675186 0.00575333 0.0186015
0 0.894988 0.976097 0.0666164 0.0455483
8 0.0661433 0.743352 0.0251418 0.0301432
8 0.420187 0.759759 0.0369005 0.00988736
8 0.948246 0.673428 0.0172504 0.0123355
0 0.103424 0.982985 0.0633169 0.0297346
0 0.91477 0.971567 0.0107983 0.0406375
0 0.394745 0.774277 0.0155524 0.0207211
0 0.939578 0.729512 0.0101366 0.0225956
37 0.103416 0.994105 0.0632412 0.00868869
8 0.297165 0.723785 0.0407355 0.0250571
8 0.425759 0.758738 0.0230888 0.0103597
0 0.00762492 0.981529 0.0151517 0.0143265
0 0.959325 0.850173 0.0109507 0.0376912
37 0.974283 0.771048 0.018692 0.0113627
37 0.852667 0.847374 0.0258207 0.0119173
0 0.159791 0.736934 0.00622115 0.00776367
0 0.394607 0.76416 0.013073 0.0192861
8 0.280856 0.73347 0.0160258 0.00904015
0 0.395571 0.769068 0.0181386 0.0282503
0 0.773336 0.812538 0.00703249 0.0146386
0 0.00620227 0.982286 0.0123217 0.0120007
0 0.985217 0.679757 0.00652752 0.0177948
0 0.872565 0.845555 0.0152405 0.0151313
0 0.391393 0.833001 0.0188429 0.0895821
8 0.302014 0.720181 0.0321779 0.0239946
0 0.313974 0.717663 0.00777092 0.0188353
8 0.00465343 0.753963 0.00923147 0.0168384
37 0.00728447 0.759584 0.0144392 0.00810564
37 0.858191 0.847574 0.0371586 0.0126519
0 0.985024 0.676466 0.0068737 0.015629
0 0.769746 0.812612 0.0127847 0.0147437
8 0.52307 0.733165 0.0255883 0.0127611
0 0.797906 0.695753 0.00562782 0.0133906
0 0.31572 0.716905 0.00745497 0.0192166
8 0.247808 0.559526 0.090552 0.0231264
8 0.517591 0.734786 0.0186705 0.0157952
37 0.13238 0.746763 0.0210306 0.00841437
37 0.144906 0.739835 0.0379885 0.0129935
37 0.0459767 0.74207 0.0102319 0.0081604
37 0.959758 0.754282 0.0183292 0.00883111
0 0.434023 0.907948 0.0282191 0.0512088
0 0.859718 0.795243 0.00880547 0.0127896
8 0.0599118 0.747967 0.0378077 0.0240072
0 0.559326 0.838582 0.00613956 0.0128296
37 0.828817 0.705511 0.0208332 0.00684408
24 0.153625 0.983385 0.0172617 0.0126638
0 0.891782 0.672703 0.00460014 0.0100091
8 0.400819 0.77895 0.0289198 0.0122477
8 0.98694 0.565301 0.0257111 0.0255064
0 0.393906 0.778301 0.0131448 0.0134671
0 0.952188 0.861493 0.0176346 0.0204607
0 0.120232 0.982932 0.0425653 0.0283266
8 0.413735 0.759669 0.0506552 0.0129035
0 0.827315 0.697018 0.0108511 0.018752
0 0.859916 0.846085 0.0410824 0.0169925
8 0.951574 0.674578 0.0241577 0.0154047
8 0.412124 0.765283 0.0505878 0.0213065
14 0.2547 0.397873 0.00918565 0.0105599
0 0.429047 0.913209 0.0349057 0.0407583
0 0.425147 0.755484 0.0219964 0.0143968
0 0.00809983 0.978942 0.0160563 0.0195368
0 0.84253 0.83511 0.04165 0.0344187
0 0.863774 0.833754 0.033556 0.0386698
0 0.483725 0.854184 0.0384912 0.0284841
37 0.844078 0.846311 0.0453238 0.0143568
8 0.695952 0.567382 0.0434034 0.0171963
37 0.492792 0.863906 0.0193422 0.00888146
0 0.895839 0.974328 0.0205572 0.0276171
0 0.441358 0.91138 0.01549 0.0406652
