0 0.477001 0.834265 0.0142895 0.0686639
0 0.452957 0.833409 0.0127292 0.0671341
0 0.0599339 0.901885 0.0141992 0.06022
0 0.830233 0.834698 0.0174137 0.0332743
0 0.718813 0.830467 0.0145216 0.0313141
0 0.697906 0.793794 0.0101202 0.0496382
0 0.922041 0.751197 0.00869961 0.04597
0 0.843008 0.76535 0.00806999 0.0462487
0 0.7759 0.779746 0.00867062 0.0424603
0 0.904172 0.755551 0.00949707 0.0428126
0 0.793508 0.77463 0.00952082 0.0462733
0 0.515038 0.809918 0.00981903 0.04312
0 0.745354 0.784192 0.0103247 0.0466861
0 0.953416 0.848718 0.0219933 0.0393439
0 0.884392 0.756613 0.00908012 0.0458062
0 0.830622 0.765778 0.00820427 0.0368252
37 0.198 0.915664 0.0461264 0.0319214
0 0.855675 0.830945 0.0169874 0.0345791
0 0.852911 0.832091 0.0232719 0.0357836
0 0.755581 0.782397 0.00803652 0.0472682
0 0.484732 0.777461 0.00912342 0.0210461
0 0.322055 0.751637 0.01018 0.0145603
0 0.973372 0.762533 0.0181332 0.0282184
0 0.940198 0.740377 0.00679169 0.0313568
0 0.354915 0.989138 0.0144269 0.0216237
0 0.460207 0.779707 0.00530014 0.0210483
0 0.435247 0.906686 0.0247972 0.0532338
0 0.905786 0.972562 0.042318 0.0421068
0 0.323718 0.70888 0.00689135 0.0182006
0 0.894167 0.975413 0.0655575 0.0467855
0 0.577545 0.875398 0.0330502 0.0156062
0 0.382946 0.75187 0.008743 0.0148682
0 0.114576 0.981671 0.0303109 0.023504
0 0.00756449 0.751897 0.00853799 0.0172974
0 0.510872 0.810655 0.00479183 0.0241035
0 0.0712939 0.752281 0.0069556 0.0144804
0 0.279359 0.728688 0.006423 0.011923
0 0.901579 0.678863 0.00540733 0.0189646
0 0.0688831 0.739791 0.00948057 0.0217716
0 0.439619 0.906743 0.0150656 0.051947
0 0.00537721 0.976783 0.0107002 0.024166
0 0.996186 0.811792 0.00720844 0.0191162
0 0.00257827 0.97685 0.00510027 0.023242
0 0.741391 0.784008 0.0064992 0.0432482
37 0.0220686 0.93909 0.0441372 0.0310696
0 0.198666 0.731026 0.00704114 0.0123783
0 0.391479 0.833076 0.0182076 0.0856093
0 0.79334 0.69599 0.00640106 0.0126629
0 0.952724 0.857962 0.0234734 0.0275601
0 0.976955 0.649964 0.00528717 0.0168094
0 0.109572 0.980909 0.0200794 0.022642
37 0.378296 0.760548 0.031766 0.0128988
0 0.676244 0.815555 0.0115688 0.0181551
0 0.0703621 0.748375 0.011207 0.024801
0 0.884214 0.979865 0.0463417 0.0387702
0 0.105974 0.983947 0.0497793 0.0272949
8 0.0702823 0.744326 0.0126154 0.0303765
0 0.429021 0.906551 0.0132385 0.0517056
0 0.997029 0.673903 0.00551376 0.0147066
8 0.283619 0.737121 0.0167517 0.00890825
0 0.00618414 0.752362 0.012312 0.0188338
0 0.68004 0.8155 0.0195962 0.0184753
0 0.951335 0.860662 0.0184116 0.0198385
0 0.280024 0.731633 0.00847988 0.0121375
0 0.531083 0.735737 0.0145987 0.011618
37 0.531063 0.735575 0.014539 0.0114912
0 0.540753 0.849303 0.00813313 0.0271349
0 0.0692411 0.744449 0.0107763 0.0307012
0 0.884158 0.68312 0.00416985 0.0100323
0 0.767143 0.698113 0.00708027 0.0143399
14 0.920329 0.679993 0.00622063 0.00807699
0 0.9345 0.724535 0.00601311 0.0185442
14 0.877265 0.672869 0.00574989 0.00768738
8 0.336627 0.732979 0.0224225 0.0126929
37 0.461242 0.784499 0.0237284 0.0114661
0 0.912796 0.973602 0.0444016 0.0439635
0 0.948628 0.850915 0.0292645 0.0450273
0 0.872521 0.84597 0.0148201 0.0157225
0 0.921679 0.973535 0.0269371 0.0416434
0 0.281521 0.72992 0.011263 0.0128401
4 0.480235 0.319578 0.0304813 0.00966399
0 0.322348 0.753411 0.0116834 0.0173296
37 0.102632 0.993924 0.0604802 0.00892148
0 0.773654 0.812295 0.0202181 0.0168525
4 0.471533 0.319095 0.0128977 0.00788295
37 0.936905 0.867025 0.0130404 0.0161426
0 0.772541 0.812378 0.00790997 0.0146939
0 0.948215 0.866149 0.0363022 0.0172689
37 0.310203 0.717632 0.0184694 0.0093967
37 0.102932 0.991301 0.0618545 0.0146345
0 0.391387 0.818217 0.0177254 0.0555379
8 0.312132 0.717724 0.0225409 0.00925361
0 0.119001 0.984138 0.0385904 0.0244107
0 0.768082 0.812304 0.00904026 0.0143982
8 0.0717951 0.742516 0.0165605 0.0269843
0 0.769723 0.812141 0.0125386 0.0155658
0 0.67624 0.815752 0.0162634 0.0185421
0 0.462136 0.779566 0.00974102 0.0211917
0 0.971779 0.67356 0.00648899 0.0154446
0 0.00907385 0.977492 0.0179209 0.0259032
0 0.9824 0.660361 0.00632973 0.0130447
37 0.948771 0.864622 0.0357994 0.0201165
0 0.777051 0.813486 0.0130632 0.0145301
0 0.0533616 0.752706 0.00445104 0.00714484
0 0.979556 0.656337 0.00957298 0.0197006
8 0.377992 0.759418 0.0320043 0.0145647
8 0.461097 0.782721 0.0232679 0.0154249
0 0.917311 0.970289 0.0147024 0.0385646
0 0.585705 0.907335 0.0438251 0.0233249
8 0.975807 0.665132 0.0226027 0.0338247
0 0.864048 0.833489 0.032563 0.0400852
8 0.976703 0.671667 0.0184641 0.0199256
24 0.153624 0.983618 0.0177164 0.0123033
0 0.427387 0.923634 0.0097456 0.0183251
0 0.882733 0.755411 0.0120083 0.0444556
0 0.460579 0.777221 0.00855007 0.0269053
0 0.937277 0.73553 0.011676 0.0403581
14 0.491539 0.319741 0.00928631 0.00894144
2 0.525443 0.418238 0.0140556 0.00914671
0 0.87916 0.985579 0.0367531 0.0276228
0 0.120871 0.986164 0.0192618 0.022189
0 0.283564 0.732523 0.0172657 0.0168352
