0 0.592108 0.812319 0.010795 0.0465478
0 0.451699 0.83389 0.0126602 0.067254
0 0.842187 0.765962 0.00876789 0.0453769
0 0.796678 0.774451 0.00781317 0.0479848
0 0.718696 0.830355 0.0140041 0.0315852
0 0.953618 0.850066 0.0224339 0.0415307
0 0.524777 0.82017 0.0117378 0.0518938
0 0.830782 0.834407 0.0175331 0.0333218
0 0.746407 0.78118 0.0089323 0.0467358
0 0.116091 0.982903 0.0361876 0.0273492
0 0.47564 0.854431 0.0157476 0.0293388
0 0.939886 0.726487 0.0065197 0.0176643
0 0.71805 0.785954 0.0111737 0.0521139
0 0.855833 0.82945 0.0144218 0.0329875
0 0.726589 0.788654 0.00977755 0.0442022
0 0.431393 0.914548 0.0285725 0.0363281
0 0.00934282 0.746369 0.00902314 0.0176324
0 0.355358 0.989187 0.0139143 0.0216252
0 0.284533 0.720096 0.00713062 0.0134059
0 0.06323 0.739092 0.00651329 0.0234792
0 0.699646 0.792326 0.00792656 0.0479104
0 0.389622 0.775179 0.00644531 0.0148305
0 0.00588917 0.979361 0.0116957 0.0180549
0 0.692434 0.797417 0.00809536 0.0407539
0 0.972702 0.761328 0.0118469 0.026217
0 0.836618 0.698232 0.0068882 0.0189904
0 0.996473 0.73886 0.00661335 0.0344238
0 0.890662 0.975836 0.0589348 0.0466595
0 0.974521 0.7621 0.0174881 0.0275157
8 0.197446 0.915086 0.0449291 0.032586
0 0.809282 0.697772 0.00666599 0.0174205
0 0.978798 0.67038 0.00610676 0.0134426
37 0.0221245 0.938094 0.0441963 0.0294776
0 0.268072 0.732507 0.00425367 0.0134894
0 0.689821 0.791416 0.00944862 0.0507104
0 0.314163 0.709515 0.00666189 0.0123922
0 0.689033 0.787617 0.00757532 0.0508179
8 0.133751 0.737621 0.0225086 0.00886197
8 0.28567 0.728935 0.0236913 0.010385
0 0.436209 0.914304 0.0191135 0.0350745
0 0.853307 0.829976 0.0188278 0.0349501
0 0.677079 0.815123 0.0172117 0.0182521
8 0.278624 0.732666 0.038008 0.0181161
0 0.267047 0.731345 0.00659447 0.0150428
37 0.0944905 0.994466 0.045975 0.00799425
0 0.691268 0.793708 0.0105087 0.0466851
8 0.187448 0.564098 0.0533994 0.0173904
0 0.502826 0.730132 0.00654697 0.0117079
0 0.911589 0.97449 0.0492142 0.0455707
0 0.996376 0.812193 0.00682259 0.0174601
37 0.196805 0.91514 0.0436727 0.03188
37 0.0728956 0.747845 0.015665 0.0127648
0 0.68832 0.792697 0.00715885 0.0478756
0 0.404511 0.764347 0.00720663 0.0145162
0 0.282652 0.721275 0.0126729 0.0158602
0 0.978791 0.666717 0.0064949 0.0205207
37 0.853018 0.848353 0.0261421 0.0105984
0 0.702358 0.793392 0.0114974 0.0439914
0 0.90308 0.972769 0.0329323 0.0421814
0 0.390607 0.775586 0.00990305 0.0151018
0 0.921204 0.973249 0.0289803 0.04192
0 0.892473 0.675481 0.00685959 0.0124282
0 0.687218 0.793644 0.00708704 0.0366855
8 0.0660977 0.741475 0.0302128 0.0262543
0 0.484662 0.854277 0.0353319 0.0293586
8 0.0680875 0.747068 0.0252912 0.0154392
37 0.102369 0.993773 0.062591 0.00866072
0 0.693823 0.798488 0.0117661 0.0425802
8 0.265219 0.738179 0.0134792 0.010772
0 0.687519 0.787269 0.00832043 0.0498086
0 0.691424 0.800382 0.0116951 0.0379862
0 0.883169 0.979458 0.0447866 0.0394304
0 0.505271 0.730879 0.0119507 0.0134528
37 0.576103 0.875073 0.0366109 0.0144452
0 0.154777 0.729067 0.00917661 0.00843947
8 0.135671 0.735529 0.0180686 0.00752936
0 0.947332 0.674643 0.00591774 0.0142042
0 0.0588598 0.740756 0.015299 0.0235969
0 0.855712 0.794431 0.0169954 0.0144192
8 0.179678 0.564178 0.063367 0.019136
8 0.169226 0.563738 0.090326 0.0214683
37 0.0557245 0.739617 0.00871494 0.00914764
0 0.852637 0.833136 0.0233665 0.030248
0 0.407994 0.763973 0.0116879 0.0146881
8 0.267117 0.736794 0.0177327 0.0139408
8 0.0662828 0.746788 0.0301002 0.0193822
0 0.990469 0.668522 0.00567398 0.0128855
8 0.190634 0.565881 0.0461264 0.0148397
0 0.391338 0.831502 0.0180497 0.0867086
0 0.974921 0.770969 0.0182678 0.0106281
0 0.957641 0.850478 0.0145199 0.0389103
33 0.391154 0.812214 0.0173817 0.0461595
0 0.995882 0.66921 0.00694008 0.0116464
0 0.102479 0.983281 0.0618022 0.0276347
33 0.391056 0.831789 0.0181678 0.0867113
0 0.540861 0.848808 0.00776234 0.0264252
0 0.576725 0.875777 0.0358173 0.0138285
0 0.155344 0.730101 0.00806408 0.00840997
8 0.955541 0.663392 0.00753288 0.010832
37 0.935975 0.867021 0.0116724 0.0147597
0 0.859018 0.794347 0.00848579 0.014129
24 0.153829 0.983162 0.0185481 0.0133313
0 0.427425 0.765803 0.0182398 0.0115796
8 0.427428 0.767211 0.0182734 0.0112122
0 0.837595 0.835099 0.0317028 0.03451
0 0.715888 0.786364 0.00847225 0.0515013
37 0.686506 0.819971 0.0275616 0.00986362
0 0.715826 0.830768 0.0200633 0.0335273
0 0.940447 0.682433 0.00777206 0.0112056
0 0.965436 0.654314 0.00843468 0.0123645
0 0.409772 0.764159 0.00882864 0.0132029
0 0.688872 0.771723 0.00607452 0.0228544
0 0.770237 0.812477 0.0155714 0.0157852
0 0.970731 0.659945 0.00421219 0.0111789
37 0.577533 0.881096 0.0336956 0.00884281
0 0.387923 0.775627 0.0176561 0.0154734
8 0.26575 0.733531 0.0144345 0.0192688
8 0.909922 0.674613 0.0126556 0.0116503
2 0.505331 0.412794 0.0346796 0.0242335
0 0.914525 0.969181 0.00908623 0.0355815
37 0.494711 0.86259 0.0162626 0.0110752
8 0.2977 0.716138 0.0206635 0.00848694
37 0.946249 0.865958 0.0317951 0.0166606
0 0.452329 0.841826 0.0116768 0.0527391
0 0.130923 0.982536 0.065786 0.0277903
37 0.973731 0.682211 0.0140406 0.0123725
8 0.28538 0.723216 0.0214927 0.0196047
8 0.98296 0.683691 0.033033 0.0189163
0 0.00942508 0.979946 0.0186294 0.0201369
0 0.872377 0.844917 0.0147158 0.0162781
0 0.391064 0.811692 0.0168992 0.0454997
8 0.385702 0.777595 0.020282 0.0123427
0 0.420972 0.914426 0.0498742 0.0379659
0 0.856044 0.824554 0.0169193 0.0315238
8 0.419649 0.764161 0.0350365 0.0155341
0 0.559306 0.838342 0.00583372 0.0115743
