0 0.797098 0.774345 0.00782471 0.0476101
0 0.628219 0.803529 0.0101807 0.0433039
0 0.95379 0.850034 0.022872 0.0428465
0 0.763228 0.778085 0.0104692 0.0511012
0 0.830543 0.834679 0.0174995 0.0333242
0 0.692523 0.795726 0.00977974 0.0471887
0 0.452557 0.834076 0.0120684 0.068502
0 0.842552 0.76529 0.00853138 0.0441874
0 0.54862 0.816263 0.0114571 0.0514659
0 0.703542 0.791527 0.00990782 0.0470252
0 0.474697 0.854738 0.0159084 0.028009
0 0.890378 0.975709 0.0579823 0.0456865
0 0.718109 0.830002 0.0150719 0.0326538
0 0.390942 0.820305 0.0177435 0.0625421
0 0.940449 0.728382 0.00686359 0.0201684
0 0.747357 0.784421 0.00858326 0.045107
0 0.733093 0.784207 0.00906887 0.0505198
0 0.0645915 0.751881 0.00845881 0.0119446
0 0.0572654 0.735997 0.00545497 0.0169959
0 0.973797 0.763309 0.0181625 0.0261227
0 0.00500376 0.750663 0.00942274 0.0178755
0 0.85594 0.83173 0.0157444 0.0308212
0 0.676416 0.815519 0.0159207 0.0171604
0 0.73898 0.785505 0.00721121 0.0467102
0 0.273252 0.729179 0.00828424 0.0194044
0 0.433549 0.914233 0.0240767 0.0366679
0 0.114636 0.981713 0.0321532 0.0291436
0 0.355268 0.989224 0.0133203 0.0215513
0 0.989995 0.678063 0.00650558 0.022523
37 0.199356 0.915917 0.0481635 0.0318705
0 0.317636 0.717927 0.00567479 0.017955
0 0.90226 0.972942 0.0346981 0.040293
0 0.883351 0.984866 0.043705 0.027926
0 0.852155 0.83286 0.0255098 0.0332316
0 0.714022 0.830445 0.0234428 0.0333025
37 0.0221444 0.938472 0.0441877 0.0306559
8 0.199221 0.915748 0.0476177 0.0317203
0 0.293084 0.72315 0.00762224 0.0191437
0 0.107987 0.982358 0.0470427 0.0302412
0 0.577158 0.874663 0.0326878 0.0160877
0 0.996373 0.810242 0.00683117 0.0209232
0 0.897654 0.680647 0.00410995 0.0155344
8 0.40657 0.761002 0.0390438 0.0158936
37 0.852574 0.848845 0.0269196 0.00970544
0 0.738547 0.782893 0.00937328 0.0514642
0 0.0650964 0.75379 0.0105442 0.0129513
0 0.109209 0.980605 0.0215359 0.0264625
0 0.166928 0.738978 0.0142166 0.0106367
0 0.137301 0.741786 0.0142849 0.0108422
8 0.951888 0.678163 0.00968628 0.0165165
37 0.0493951 0.740356 0.0108784 0.00902812
0 0.00558818 0.981339 0.0110936 0.0137136
8 0.949607 0.677783 0.0143158 0.0169659
37 0.0986778 0.9942 0.0537091 0.0090488
37 0.975566 0.771371 0.0169786 0.0105913
0 0.97151 0.762715 0.0118011 0.0264659
0 0.549183 0.808942 0.0110964 0.0369961
8 0.405145 0.776014 0.0226007 0.0150781
0 0.519712 0.730927 0.00851088 0.00921054
0 0.540838 0.846535 0.00624256 0.0220337
8 0.293018 0.726437 0.0503054 0.0305028
37 0.00589118 0.758476 0.0114942 0.0104401
0 0.88417 0.979731 0.0456179 0.0374766
0 0.397437 0.777532 0.00729513 0.0184947
0 0.959558 0.850111 0.0114605 0.0386353
0 0.541308 0.849171 0.00736237 0.0274217
0 0.979246 0.673545 0.00551624 0.0171941
0 0.0720175 0.750383 0.00449486 0.00874905
0 0.862165 0.834603 0.0336983 0.0370767
0 0.318837 0.718124 0.00752563 0.0187907
8 0.298487 0.722073 0.0298876 0.0171573
8 0.409288 0.7702 0.0368327 0.0267059
8 0.302606 0.720415 0.0212509 0.0129618
0 0.292636 0.725304 0.0102309 0.0215442
0 0.979419 0.762834 0.0309349 0.0268419
0 0.272941 0.731931 0.00885925 0.0178133
37 0.936033 0.866457 0.0114307 0.0146552
0 0.70785 0.785766 0.00502796 0.0144636
8 0.40686 0.774594 0.0302862 0.0185479
0 0.712723 0.835045 0.0253423 0.0253267
0 0.860182 0.795287 0.00556393 0.0126936
37 0.854405 0.848055 0.0318663 0.0136709
8 0.303487 0.718742 0.0164168 0.0098721
37 0.0668596 0.757988 0.0198167 0.00935703
37 0.851694 0.844716 0.0260986 0.0156996
37 0.944329 0.865755 0.0279856 0.0161567
0 0.774501 0.812485 0.0096283 0.0150085
0 0.273833 0.730433 0.0100721 0.0232624
37 0.752265 0.826734 0.0296457 0.0071952
16 0.773691 0.812118 0.0093935 0.0150355
8 0.301961 0.72323 0.0231738 0.013501
16 0.776194 0.812767 0.0138309 0.0155597
37 0.491254 0.865147 0.0222525 0.00707414
37 0.758449 0.824296 0.0151557 0.0062049
0 0.105284 0.982387 0.0673641 0.03116
0 0.970049 0.673968 0.00563812 0.0165441
0 0.979319 0.771169 0.0119602 0.0102609
37 0.587797 0.91329 0.0516109 0.0120229
0 0.438472 0.914608 0.0149908 0.0347083
0 0.846751 0.836254 0.0372295 0.0340337
0 0.923379 0.681813 0.00777149 0.0119062
24 0.15331 0.983603 0.0175196 0.0122236
0 0.884619 0.989265 0.0397804 0.0188582
37 0.57768 0.882223 0.0326185 0.00858053
0 0.480676 0.855244 0.0303156 0.0271495
37 0.960526 0.866441 0.0548061 0.0152798
0 0.963465 0.851087 0.0484127 0.0449485
37 0.966426 0.863363 0.0428047 0.0127421
0 0.914144 0.973577 0.0454599 0.0418549
0 0.401666 0.778178 0.0185796 0.0183784
0 0.421449 0.915026 0.0490904 0.0384472
0 0.121108 0.983703 0.0376011 0.0258835
0 0.771439 0.812819 0.0161224 0.0148631
0 0.820154 0.698966 0.00649185 0.0131077
37 0.575032 0.873884 0.0371753 0.0171797
0 0.690283 0.796415 0.0762777 0.052573
0 0.00946374 0.981241 0.0187567 0.0151917
37 0.0536137 0.736931 0.0145563 0.0166395
0 0.420143 0.827884 0.0757559 0.0747981
37 0.974183 0.862544 0.0279259 0.0113085
