0 0.451663 0.834067 0.013614 0.0657033
0 0.430345 0.833948 0.012034 0.0595028
0 0.572347 0.812304 0.0129278 0.0550829
0 0.796381 0.775705 0.00878458 0.0492947
0 0.555194 0.819279 0.0103325 0.0510959
0 0.380312 0.897793 0.0153522 0.0815172
0 0.830875 0.834853 0.0178402 0.0335951
0 0.722382 0.786978 0.0121647 0.0489458
0 0.843349 0.767686 0.00773163 0.0463835
0 0.664329 0.799479 0.00848856 0.0494885
0 0.611803 0.803754 0.0111036 0.0576898
0 0.717842 0.829919 0.0135091 0.0317346
0 0.114611 0.983758 0.0321935 0.026476
0 0.475186 0.855877 0.018811 0.0273465
0 0.688477 0.79434 0.0115451 0.0454644
0 0.702226 0.791493 0.0101418 0.0484331
0 0.957282 0.848351 0.0158901 0.0353978
0 0.945716 0.747647 0.0090435 0.0406587
37 0.198119 0.915405 0.0450832 0.032053
0 0.894131 0.975382 0.0628677 0.044966
0 0.855991 0.830124 0.0151808 0.0341882
0 0.354987 0.989348 0.0136968 0.0213036
0 0.391251 0.822338 0.0180738 0.0663835
0 0.0102217 0.751899 0.00967031 0.0163673
0 0.935687 0.727877 0.0081583 0.026935
37 0.0225377 0.9388 0.0450753 0.0302148
0 0.905529 0.973129 0.04151 0.0396871
0 0.974812 0.762746 0.0183353 0.0263377
0 0.853076 0.830589 0.0218327 0.0346853
0 0.954387 0.849971 0.0214752 0.0387872
0 0.950772 0.857942 0.0159363 0.0252865
0 0.391287 0.812362 0.0175921 0.0459913
0 0.0546823 0.744255 0.00765469 0.0202547
37 0.0948189 0.994324 0.0454984 0.0081426
0 0.883607 0.984611 0.0446827 0.0282425
0 0.447437 0.762943 0.00664463 0.0154928
37 0.0152894 0.760295 0.0226496 0.00812107
0 0.855144 0.698343 0.00656624 0.0202328
0 0.284331 0.729308 0.00495286 0.0121741
0 0.00677422 0.979133 0.0134299 0.0179199
0 0.995946 0.810475 0.00770397 0.0229092
37 0.852812 0.848775 0.0258808 0.00930667
0 0.577471 0.875593 0.0320171 0.0146216
0 0.972853 0.761951 0.0107763 0.026063
0 0.353664 0.771922 0.00657578 0.0116689
0 0.279455 0.730943 0.00663557 0.0158852
8 0.940287 0.672611 0.0207205 0.0116057
0 0.845974 0.697298 0.00551338 0.0132918
8 0.0618054 0.750428 0.0264848 0.0140489
0 0.458303 0.763661 0.00401802 0.0113834
0 0.280409 0.731543 0.00467739 0.0149377
0 0.9961 0.814977 0.00739288 0.0139648
0 0.484342 0.855944 0.0379974 0.0278597
8 0.0663894 0.750408 0.0173097 0.0130263
0 0.714828 0.830245 0.0204907 0.0325436
0 0.00902127 0.978658 0.0179082 0.0198673
37 0.577288 0.875271 0.0316233 0.0141893
37 0.713521 0.791552 0.0128698 0.012812
0 0.678189 0.81371 0.0160151 0.0214661
0 0.886338 0.977429 0.0471817 0.0380829
8 0.436201 0.748811 0.0850359 0.0285502
0 0.682846 0.795109 0.00649328 0.0399031
0 0.0667491 0.750446 0.016742 0.0123028
37 0.588223 0.91339 0.0542168 0.0121931
24 0.153392 0.983527 0.0176223 0.0125381
0 0.679787 0.811966 0.0199621 0.0234351
37 0.153367 0.983541 0.0175175 0.0124051
8 0.32215 0.721977 0.0200863 0.0190175
0 0.0555876 0.743039 0.00618148 0.0207272
0 0.950615 0.850867 0.0273794 0.041157
37 0.845269 0.847719 0.0416105 0.0116889
0 0.0541692 0.747981 0.0104269 0.0187754
0 0.943456 0.859525 0.0304705 0.0250342
0 0.952233 0.859684 0.0212158 0.028105
0 0.540688 0.849934 0.00675755 0.02667
37 0.85202 0.84495 0.0224815 0.0117038
37 0.591796 0.914495 0.0438862 0.00939568
0 0.102508 0.984811 0.0603968 0.0261208
0 0.69583 0.794231 0.00611 0.0414727
0 0.0147988 0.754126 0.0223198 0.0184353
0 0.995971 0.804763 0.00762482 0.0341075
0 0.769825 0.813173 0.0145457 0.0152425
37 0.957589 0.870351 0.0262161 0.00833774
0 0.938885 0.85981 0.023877 0.0252882
8 0.977384 0.668564 0.044833 0.0259543
0 0.00771147 0.971943 0.0152621 0.0329881
8 0.0608852 0.745392 0.0286715 0.0236325
37 0.957165 0.86674 0.0458241 0.0142427
0 0.286074 0.730309 0.0189591 0.0138228
0 0.917913 0.972651 0.0175148 0.0388058
8 0.976177 0.65871 0.0458208 0.0158895
37 0.80663 0.817628 0.0618778 0.0120982
0 0.906382 0.671825 0.00560513 0.0121568
8 0.98315 0.673129 0.0331923 0.0195028
37 0.697519 0.841389 0.0240429 0.0140449
8 0.250205 0.396874 0.00945616 0.010357
