0 0.453038 0.833372 0.0120351 0.0677344
0 0.563677 0.815246 0.0106356 0.053113
0 0.718216 0.830265 0.0146954 0.0309318
0 0.805334 0.772684 0.0109371 0.0530869
0 0.765875 0.780288 0.00812454 0.0461246
0 0.752174 0.782115 0.00762758 0.0505134
0 0.84366 0.765693 0.00748615 0.0495221
0 0.692425 0.795195 0.00990963 0.0514991
0 0.737826 0.785516 0.0101425 0.0465756
0 0.831198 0.834605 0.0183807 0.0335185
0 0.702712 0.792286 0.0109528 0.0460242
0 0.953478 0.849314 0.0220356 0.0416382
0 0.785757 0.776251 0.0104569 0.0504654
0 0.796887 0.775565 0.00794544 0.0501712
0 0.776914 0.787679 0.00677891 0.0321781
0 0.67556 0.800273 0.0114492 0.0497674
0 0.85615 0.830365 0.0141598 0.0329461
0 0.480021 0.858735 0.0347979 0.0199829
0 0.00759692 0.748846 0.00837802 0.0185265
0 0.956868 0.848844 0.0154562 0.0405243
0 0.434167 0.914602 0.0237892 0.036441
0 0.973886 0.763347 0.0174597 0.0274167
0 0.287738 0.725093 0.00668764 0.0192247
0 0.854031 0.830949 0.0199768 0.0340415
0 0.118708 0.983678 0.037703 0.0258301
0 0.938058 0.728941 0.00869999 0.0223931
37 0.198185 0.915364 0.0459425 0.0321228
0 0.354951 0.989108 0.0146609 0.0217845
8 0.19842 0.915438 0.0462752 0.0321677
0 0.0643825 0.74179 0.0089546 0.0249371
0 0.890795 0.976256 0.0573814 0.045305
8 0.978796 0.666724 0.0190496 0.0312544
37 0.0220723 0.937882 0.0441445 0.0294544
0 0.884219 0.980308 0.0447929 0.0382207
8 0.523122 0.735281 0.0168756 0.00968526
0 0.413532 0.780813 0.0102684 0.0162208
0 0.902728 0.973749 0.0336786 0.0410711
0 0.913921 0.973104 0.010743 0.0390154
0 0.134893 0.739877 0.00497103 0.0102017
8 0.438073 0.837094 0.0311188 0.0274261
0 0.439852 0.915253 0.0122431 0.0323703
0 0.316068 0.710259 0.00611644 0.018408
0 0.00306102 0.973779 0.00607679 0.0279836
37 0.916561 0.756295 0.0267246 0.0120416
8 0.00614157 0.751874 0.0122258 0.015588
37 0.853081 0.848312 0.0247477 0.00969493
0 0.275658 0.730443 0.00590677 0.015549
0 0.577363 0.8757 0.032854 0.0146294
8 0.136967 0.740878 0.01995 0.0116184
37 0.0964748 0.994269 0.0485015 0.00820855
0 0.995905 0.811776 0.00777855 0.0197133
0 0.415126 0.762329 0.00637245 0.0132772
37 0.183227 0.736532 0.0116113 0.00840861
0 0.920435 0.973677 0.0263786 0.0406935
0 0.911633 0.973059 0.0156593 0.0391013
8 0.454987 0.835858 0.0642608 0.0304267
0 0.274336 0.730304 0.00742788 0.0157406
0 0.540613 0.849079 0.00703373 0.0271064
0 0.415137 0.772289 0.0182515 0.0324466
8 0.00908173 0.757106 0.018162 0.0111691
37 0.0547687 0.741353 0.0103563 0.00964169
0 0.750739 0.781813 0.0108733 0.0519111
0 0.00467405 0.974046 0.00933379 0.0286219
0 0.00620243 0.750274 0.01229 0.0190475
37 0.10613 0.989891 0.0681913 0.0160984
8 0.00673968 0.756742 0.013419 0.0110487
0 0.777706 0.784526 0.00923729 0.0383457
8 0.0594695 0.742459 0.0203552 0.0224418
0 0.37171 0.759695 0.004178 0.0110185
8 0.668469 0.573883 0.0135998 0.00726725
14 0.518935 0.73492 0.00737963 0.0093472
8 0.415372 0.77186 0.0202266 0.0327459
8 0.0610759 0.745356 0.0229437 0.0186032
0 0.676815 0.808599 0.0136879 0.0324907
0 0.773316 0.813057 0.00598049 0.0145543
8 0.970722 0.663305 0.0357357 0.0394968
0 0.901819 0.974651 0.0643463 0.0435074
8 0.958104 0.664793 0.0105545 0.0259301
0 0.972074 0.674193 0.00619831 0.0164249
37 0.830172 0.775163 0.0217321 0.0135267
16 0.770564 0.812462 0.0142034 0.0155589
14 0.3768 0.757497 0.00969467 0.007547
0 0.775538 0.787719 0.00992489 0.0332336
0 0.777709 0.81355 0.0123706 0.01478
0 0.109127 0.981607 0.0190875 0.0222402
0 0.18363 0.736241 0.0122644 0.00845371
8 0.41532 0.781674 0.0194834 0.0147356
0 0.776565 0.811054 0.0136436 0.0200758
8 0.418604 0.761825 0.0140935 0.0133406
37 0.827009 0.773941 0.0268639 0.0139506
0 0.677981 0.804378 0.0161318 0.0402306
8 0.95846 0.66994 0.00954475 0.0126326
0 0.768933 0.812984 0.0129528 0.0152924
14 0.92689 0.679215 0.00524712 0.0128221
0 0.898302 0.681292 0.00394669 0.0111145
0 0.494191 0.857549 0.0178295 0.0211839
0 0.131303 0.984143 0.0630904 0.0229806
8 0.98118 0.663291 0.0134853 0.0349921
8 0.324374 0.306734 0.00591965 0.00642365
0 0.956012 0.668724 0.00666084 0.0256604
37 0.861207 0.764065 0.0314369 0.0129981
0 0.877468 0.682506 0.00703392 0.0159476
37 0.93618 0.866815 0.0115784 0.0159732
8 0.517889 0.734108 0.0272856 0.0126631
37 0.852065 0.845138 0.0224361 0.0126797
37 0.857368 0.84708 0.033651 0.0143921
14 0.764641 0.830221 0.0110168 0.015131
0 0.674435 0.809135 0.0130534 0.0335358
0 0.679427 0.815054 0.0129107 0.0189433
8 0.291608 0.73233 0.0183195 0.00672014
0 0.994863 0.810612 0.00983391 0.0228329
0 0.926779 0.67748 0.00505676 0.0154394
8 0.289018 0.731098 0.0391142 0.016276
0 0.798892 0.696624 0.005268 0.0167018
0 0.947229 0.859927 0.00968361 0.0185428
8 0.916302 0.756384 0.0276054 0.0124379
0 0.126419 0.985446 0.0269617 0.0224109
8 0.964567 0.664051 0.0263435 0.0372937
0 0.99571 0.805055 0.00814362 0.0331753
8 0.95921 0.669309 0.0112076 0.0261994
