0 0.47708 0.834118 0.0168182 0.0680779
0 0.453234 0.833642 0.0119389 0.0667511
0 0.830247 0.834715 0.0174177 0.0332336
0 0.718765 0.830327 0.0144742 0.0316055
0 0.0750432 0.900165 0.0111181 0.0644908
0 0.77876 0.778446 0.00844688 0.0438953
0 0.843232 0.764915 0.0084816 0.0459825
0 0.794083 0.77527 0.0092165 0.0464447
0 0.699638 0.793825 0.0109062 0.0491136
0 0.514784 0.808575 0.00949898 0.0406321
0 0.746164 0.784177 0.00987253 0.0456614
0 0.953357 0.848868 0.0219898 0.0397
0 0.834876 0.76975 0.00793419 0.0428619
0 0.756938 0.784076 0.00888462 0.0454944
0 0.928704 0.750936 0.0110023 0.0478119
0 0.855822 0.831485 0.016877 0.035191
0 0.320021 0.750171 0.00820203 0.012639
0 0.973619 0.762406 0.0185925 0.028301
0 0.35491 0.989165 0.0144331 0.0215903
0 0.00610413 0.751443 0.0107989 0.018492
0 0.905352 0.97255 0.0421021 0.041881
37 0.197911 0.915579 0.0460454 0.032015
0 0.852351 0.832202 0.0241129 0.0373837
0 0.369853 0.751637 0.00833645 0.0151957
0 0.896491 0.75736 0.00757256 0.0399575
0 0.432629 0.908266 0.0205825 0.0486145
0 0.577751 0.875213 0.0327053 0.0159597
8 0.197788 0.915336 0.045416 0.0317245
8 0.0693363 0.74487 0.0130044 0.0319156
0 0.322945 0.709618 0.00574412 0.0144326
0 0.675641 0.816053 0.0144485 0.0179108
8 0.977608 0.659969 0.0180553 0.0394138
8 0.313126 0.716609 0.0238534 0.010748
0 0.114665 0.981623 0.0303302 0.0233317
0 0.488566 0.776894 0.00792999 0.02205
0 0.894166 0.975361 0.0662216 0.046678
0 0.996045 0.810686 0.00750084 0.0218792
0 0.368605 0.751808 0.00604401 0.0147688
0 0.00266646 0.978259 0.00529772 0.0205529
0 0.509763 0.812926 0.00440187 0.025768
0 0.0710157 0.750693 0.00795555 0.0184913
0 0.890417 0.757402 0.0082592 0.03911
0 0.90251 0.679061 0.0061985 0.018201
0 0.487176 0.777099 0.00964842 0.0230523
0 0.679028 0.816059 0.0208658 0.0181503
0 0.792815 0.695066 0.00730896 0.012276
0 0.39159 0.816518 0.0179177 0.0527469
0 0.00526681 0.978351 0.0105062 0.0210856
0 0.436537 0.908528 0.0183693 0.048017
8 0.361005 0.758291 0.0377846 0.0179379
0 0.109707 0.980992 0.0202906 0.0226444
8 0.338896 0.733126 0.0220597 0.0103455
0 0.0531509 0.752582 0.00450555 0.00706651
37 0.0221336 0.939036 0.0442058 0.0302095
0 0.771964 0.812627 0.0115331 0.0149506
0 0.768875 0.812464 0.0108355 0.0146228
8 0.341958 0.733224 0.0167527 0.0113858
0 0.77395 0.812505 0.0196302 0.01652
0 0.106217 0.983975 0.0496544 0.0273083
0 0.889743 0.751608 0.0082653 0.0371643
0 0.884745 0.684487 0.0052021 0.0121457
37 0.530299 0.73804 0.0150854 0.0112474
0 0.5405 0.849491 0.00712337 0.026867
0 0.883972 0.980003 0.046032 0.038216
0 0.921855 0.973175 0.02668 0.0421082
37 0.936999 0.867014 0.0132269 0.0161733
8 0.364386 0.761077 0.0306733 0.0124052
0 0.978917 0.652592 0.00713768 0.0229253
0 0.199485 0.729194 0.00800011 0.010417
0 0.281797 0.7356 0.0118523 0.0126139
8 0.530298 0.73802 0.0150658 0.0113024
8 0.28184 0.736308 0.0120512 0.0129625
37 0.102949 0.993816 0.0615572 0.00972968
0 0.872536 0.845996 0.0147781 0.0157766
0 0.00288306 0.983695 0.00569557 0.0314852
0 0.767678 0.69821 0.00780869 0.0150869
8 0.00572673 0.757338 0.0114021 0.0110796
0 0.743052 0.783107 0.00780382 0.0426261
8 0.34747 0.755879 0.0655441 0.0214228
0 0.464142 0.778498 0.0110792 0.0206382
37 0.949185 0.865392 0.0372147 0.019161
0 0.917345 0.970979 0.0156101 0.0398685
8 0.995669 0.677849 0.00820465 0.0246052
0 0.512797 0.812243 0.00930796 0.0345015
8 0.0662094 0.744258 0.0197022 0.0316254
0 0.948521 0.850942 0.0278988 0.0450779
8 0.149832 0.740353 0.0232893 0.011146
0 0.116939 0.984795 0.0346912 0.0228502
8 0.342048 0.735133 0.0168596 0.00915799
8 0.313392 0.712711 0.0248517 0.0166121
8 0.997464 0.673651 0.00462513 0.016943
0 0.00914941 0.978513 0.0181106 0.0223141
0 0.935873 0.741616 0.00837555 0.02946
8 0.0708942 0.743529 0.0207266 0.0303484
0 0.585426 0.907312 0.0443442 0.0233754
0 0.160518 0.73911 0.00735941 0.00979106
14 0.877845 0.673797 0.00638695 0.00792033
0 0.932153 0.742425 0.0084404 0.0294773
14 0.921711 0.680038 0.00546036 0.00779639
37 0.0983968 0.99395 0.0514449 0.00807563
8 0.983318 0.662148 0.0329834 0.0480472
0 0.86328 0.833586 0.0340481 0.0398071
0 0.683043 0.816395 0.0274343 0.0173645
0 0.121028 0.986238 0.0191029 0.0221578
14 0.952072 0.664072 0.00882988 0.0089191
37 0.585932 0.910424 0.0432216 0.017364
0 0.938633 0.741277 0.00716915 0.0306303
0 0.693283 0.789304 0.00879021 0.0254323
0 0.937234 0.740033 0.0103724 0.0332364
14 0.943212 0.658299 0.00901356 0.00844693
24 0.153616 0.983625 0.0177078 0.0123294
0 0.122413 0.985749 0.0340225 0.0218426
0 0.842986 0.832696 0.042803 0.038452
37 0.955164 0.868445 0.0305 0.0110148
2 0.525527 0.418238 0.0139318 0.00924674
37 0.95548 0.867544 0.0526602 0.0143645
0 0.440569 0.91016 0.0329492 0.0461624
0 0.00808213 0.98293 0.0161158 0.031095
