0 0.334524 0.901453 0.0202399 0.0806946
0 0.452812 0.834593 0.0121332 0.0660504
0 0.830901 0.835153 0.0173794 0.0323595
0 0.728437 0.78568 0.0110339 0.0497106
0 0.796373 0.775376 0.00808868 0.0501921
0 0.585407 0.808953 0.0104263 0.057191
0 0.401392 0.840544 0.0116366 0.0628686
0 0.843058 0.760493 0.00781612 0.0339979
0 0.689325 0.795293 0.0109812 0.0466865
0 0.555412 0.818746 0.00904961 0.0492855
0 0.545289 0.816061 0.0111839 0.0542499
0 0.718166 0.830438 0.0139724 0.0310683
0 0.650462 0.803087 0.00871105 0.0469165
0 0.701029 0.795228 0.0107378 0.0493301
0 0.716126 0.789511 0.0110221 0.0491726
0 0.957015 0.847309 0.0153309 0.0342611
0 0.115766 0.982821 0.0353395 0.0275938
37 0.19819 0.916745 0.0447432 0.0298006
0 0.942652 0.850041 0.0147749 0.0353889
0 0.390958 0.819461 0.0179339 0.0588189
0 0.930472 0.744686 0.0101284 0.0564541
37 0.0221868 0.938609 0.0443736 0.0303674
0 0.971476 0.762357 0.0138975 0.0274804
0 0.66723 0.801091 0.00606604 0.0244561
0 0.893967 0.975722 0.0646782 0.0443637
0 0.993194 0.730764 0.00624752 0.0261951
0 0.475617 0.857464 0.0189253 0.0232337
0 0.85612 0.831898 0.0149075 0.0284295
0 0.906369 0.973322 0.0399744 0.039524
0 0.0512644 0.740987 0.00515551 0.0159015
37 0.0972622 0.994056 0.0501214 0.0082957
0 0.852873 0.833338 0.0224495 0.0303833
0 0.484183 0.857601 0.0370714 0.0236796
0 0.00534471 0.976288 0.0106264 0.0250476
0 0.355339 0.989281 0.0135136 0.0214378
0 0.91744 0.972893 0.0171125 0.0384857
0 0.0033466 0.976356 0.00664325 0.0241859
0 0.884271 0.98104 0.0455801 0.034788
0 0.85921 0.696658 0.00934372 0.0193934
0 0.666688 0.806516 0.00786304 0.0359779
0 0.996181 0.813511 0.00723038 0.0156952
0 0.676863 0.81434 0.0216861 0.0214372
0 0.955006 0.850261 0.0195816 0.0383904
0 0.715375 0.8308 0.0200245 0.0317381
0 0.106763 0.983126 0.0560083 0.0288656
0 0.7728 0.813325 0.0208192 0.0185672
0 0.921342 0.973222 0.0258076 0.0389365
37 0.577138 0.875694 0.0341118 0.0138611
37 0.853325 0.848668 0.0243698 0.00858866
0 0.940033 0.85218 0.0187031 0.039829
0 0.974296 0.762254 0.0194939 0.0281041
14 0.0681267 0.672502 0.013648 0.00686349
0 0.974304 0.769404 0.018956 0.0148176
0 0.885119 0.97611 0.0422768 0.0300313
8 0.0583089 0.751299 0.0353534 0.0138279
8 0.0570422 0.749418 0.041233 0.0198232
0 0.78189 0.813693 0.0358737 0.0198671
0 0.347404 0.772491 0.00318542 0.00955115
0 0.863587 0.83496 0.0291592 0.0349279
37 0.577597 0.879107 0.0344851 0.0145603
0 0.00876007 0.976467 0.0173721 0.0269165
8 0.99687 0.686183 0.00579262 0.0115238
0 0.0493812 0.744052 0.00945564 0.0220347
0 0.911342 0.671709 0.00551205 0.0110302
37 0.10122 0.992489 0.0576183 0.0108044
0 0.00374359 0.755562 0.00746245 0.0106884
0 0.84187 0.835467 0.0396881 0.0332136
37 0.153472 0.983642 0.0177162 0.0123501
0 0.359919 0.900103 0.0142249 0.0257039
0 0.83556 0.835113 0.02689 0.0331804
0 0.455076 0.761081 0.006003 0.0131354
14 0.928132 0.679924 0.00739803 0.00961083
0 0.283839 0.739374 0.00735273 0.0122223
0 0.882304 0.985377 0.0428032 0.0282705
0 0.903448 0.684409 0.00501747 0.0118751
0 0.669203 0.805212 0.00998287 0.0339093
8 0.0573294 0.746311 0.0364356 0.0228344
0 0.943915 0.853307 0.0277386 0.041713
8 0.277685 0.737297 0.0203199 0.0160567
0 0.787046 0.816061 0.025474 0.0154405
14 0.95491 0.675362 0.00506973 0.00855798
0 0.00395442 0.973513 0.00783482 0.030078
37 0.0576047 0.749952 0.0414283 0.0175195
0 0.0575707 0.744629 0.0212584 0.0235416
0 0.871334 0.845331 0.0121742 0.0157672
0 0.783305 0.813846 0.0206917 0.0179233
0 0.0588389 0.741753 0.00974518 0.0117154
0 0.540794 0.849338 0.00711555 0.0264362
0 0.504828 0.719256 0.00868397 0.0109456
0 0.495472 0.863161 0.0147757 0.0108137
0 0.675219 0.805511 0.0225288 0.0359885
0 0.334809 0.725994 0.0188857 0.0102064
0 0.819158 0.814926 0.0099926 0.00956353
0 0.859476 0.795019 0.00743141 0.0131782
37 0.578098 0.886895 0.0352577 0.009218
0 0.895658 0.973335 0.0191936 0.0227573
0 0.842016 0.760186 0.0108721 0.032408
37 0.844049 0.84199 0.0447018 0.0227858
0 0.931009 0.726055 0.00908203 0.0228156
8 0.171404 0.736326 0.0175188 0.00878465
