0 0.453051 0.833305 0.0120188 0.0676805
0 0.56384 0.815418 0.0103388 0.0533415
0 0.718233 0.83018 0.0147018 0.0310781
0 0.765958 0.78002 0.00819435 0.0462382
0 0.805952 0.77259 0.0114531 0.0535158
0 0.692434 0.795243 0.00989971 0.0516819
0 0.84369 0.765685 0.00737877 0.0494493
0 0.831213 0.834616 0.0184185 0.0335059
0 0.752212 0.779898 0.007481 0.046049
0 0.702695 0.79212 0.0110076 0.0463935
0 0.785595 0.776357 0.0113989 0.0503899
0 0.737383 0.785676 0.0106571 0.047113
0 0.953464 0.849351 0.0220436 0.0416875
0 0.79694 0.775641 0.00818758 0.0505276
0 0.676277 0.799703 0.0115046 0.049973
0 0.777919 0.787136 0.0073453 0.0316849
0 0.85614 0.830283 0.0141006 0.0329953
0 0.480416 0.858232 0.0339519 0.021009
0 0.956777 0.848935 0.0156075 0.0407127
0 0.00749025 0.748907 0.00893367 0.0187992
0 0.433888 0.914728 0.0243688 0.0366458
8 0.198135 0.915374 0.0463115 0.0322686
0 0.28757 0.724009 0.00625715 0.0184882
0 0.973589 0.76356 0.0167137 0.0270932
0 0.854106 0.830874 0.019743 0.0341061
0 0.0643246 0.742061 0.00918655 0.0263892
0 0.938086 0.72903 0.00869122 0.0222546
0 0.884484 0.980375 0.0454395 0.0381358
0 0.354959 0.989092 0.0145896 0.0218158
8 0.978722 0.664388 0.0191883 0.036244
0 0.913678 0.973134 0.0114002 0.0391981
0 0.118898 0.983552 0.0381863 0.0272424
8 0.438911 0.836203 0.0326897 0.0259421
8 0.523026 0.735356 0.0173908 0.0100879
8 0.668862 0.574245 0.0129416 0.00662113
37 0.022071 0.937848 0.044142 0.0290643
0 0.892647 0.976441 0.0613083 0.0463911
0 0.316084 0.710259 0.00603313 0.0186425
8 0.00683418 0.751392 0.0136177 0.0173155
8 0.0100298 0.757546 0.0200251 0.0110823
0 0.921246 0.973508 0.0274109 0.0401757
0 0.412785 0.781523 0.0116179 0.0149943
0 0.134996 0.739815 0.00497022 0.0106727
8 0.454234 0.835238 0.0627635 0.0279753
0 0.00315231 0.974427 0.00625822 0.0267897
8 0.13763 0.740775 0.0187058 0.0119486
0 0.57736 0.875719 0.0328236 0.0145657
37 0.853089 0.84813 0.0248249 0.0100698
0 0.995918 0.811877 0.00775204 0.0195582
0 0.413207 0.772418 0.0145191 0.0322038
0 0.275959 0.730446 0.00556393 0.0156304
0 0.750773 0.7801 0.0108339 0.0482278
37 0.0951994 0.994267 0.0460292 0.00850321
0 0.90291 0.974042 0.0337406 0.0417767
0 0.415099 0.762787 0.00654202 0.0136737
0 0.00630951 0.750061 0.0125086 0.0193095
8 0.915408 0.756446 0.02743 0.0119022
0 0.00526091 0.974342 0.0105033 0.0279458
8 0.41527 0.771993 0.0203859 0.0328657
37 0.915434 0.756231 0.0272221 0.0117954
37 0.0547439 0.741534 0.00991349 0.00912306
0 0.437577 0.914656 0.0169587 0.0346476
0 0.773346 0.813018 0.00604839 0.0145998
37 0.828852 0.774757 0.0209299 0.012891
0 0.910824 0.974947 0.0226475 0.0398539
0 0.10948 0.981051 0.0196405 0.023449
0 0.371633 0.759625 0.00408325 0.0111011
0 0.540597 0.849076 0.00686951 0.0269455
8 0.0613259 0.746005 0.0229725 0.0190047
0 0.125196 0.985714 0.0285821 0.0232558
37 0.183247 0.736802 0.0117563 0.00804359
8 0.971082 0.663115 0.0347694 0.0401554
0 0.777303 0.813352 0.0130062 0.0149402
0 0.772449 0.812509 0.010114 0.0155789
0 0.972043 0.674166 0.00628052 0.0164885
8 0.415058 0.782617 0.0200337 0.0132375
37 0.106222 0.984967 0.0685129 0.0262763
8 0.520928 0.735126 0.0117833 0.0098799
0 0.274013 0.730277 0.00860176 0.0162162
8 0.0602357 0.742051 0.0210932 0.0257684
8 0.00986116 0.752477 0.0197223 0.0203366
8 0.958159 0.666003 0.01049 0.028324
0 0.898323 0.681297 0.00395565 0.0115912
0 0.798933 0.696673 0.00536995 0.0165607
0 0.955274 0.671483 0.0049511 0.0213143
8 0.517791 0.733902 0.0284977 0.0134284
0 0.494883 0.857441 0.016164 0.0212284
8 0.418257 0.762083 0.0147839 0.0137377
0 0.768876 0.813022 0.0128325 0.0152578
8 0.958483 0.670279 0.00950737 0.0137815
0 0.781594 0.698302 0.00655069 0.0178268
0 0.776084 0.787391 0.0116752 0.0322298
0 0.90895 0.975745 0.0521652 0.0444248
14 0.376683 0.757469 0.0100142 0.00767178
8 0.324378 0.306737 0.00594063 0.00645443
14 0.765078 0.830286 0.0103842 0.0151123
0 0.877483 0.682783 0.00684319 0.0155567
37 0.197754 0.915193 0.0455856 0.0321754
8 0.288875 0.732111 0.0256146 0.00769145
37 0.185662 0.73703 0.0171185 0.00864292
8 0.288226 0.73074 0.0363979 0.0161899
37 0.857388 0.847013 0.0338984 0.014544
0 0.926726 0.679154 0.00492287 0.0131253
14 0.800537 0.697899 0.008745 0.0192626
0 0.994854 0.810634 0.00984917 0.0228299
0 0.739242 0.78501 0.0107275 0.0469942
37 0.936584 0.866735 0.0122463 0.0155999
8 0.356373 0.574607 0.0134675 0.0067827
0 0.94723 0.859981 0.00967789 0.0184831
37 0.851995 0.845062 0.0231245 0.0133896
0 0.842134 0.833658 0.0428291 0.036146
