0 0.45296 0.833843 0.0128612 0.0672967
0 0.253484 0.867736 0.0146092 0.057706
0 0.698067 0.793623 0.008428 0.0487339
0 0.953716 0.848737 0.0220491 0.042767
0 0.478676 0.828862 0.0122311 0.0584524
0 0.843509 0.763911 0.00758095 0.0441735
0 0.82768 0.769841 0.00924683 0.0381175
0 0.524617 0.778141 0.00789833 0.0253766
0 0.795196 0.775844 0.00877476 0.0481584
0 0.683555 0.795137 0.0110485 0.0434699
0 0.788839 0.774815 0.00846233 0.0472107
0 0.775558 0.776215 0.00672092 0.0505144
0 0.509725 0.781867 0.00690098 0.0230465
0 0.873714 0.761991 0.00816536 0.0409705
0 0.423364 0.909991 0.0189938 0.0498216
0 0.830702 0.834693 0.0159981 0.0316689
0 0.988182 0.737671 0.00854416 0.0466302
0 0.930781 0.731507 0.00848007 0.029689
0 0.371542 0.738651 0.00745215 0.0107627
37 0.198391 0.915977 0.0464296 0.0329376
0 0.854835 0.761631 0.00836773 0.0355849
0 0.807789 0.771504 0.00724564 0.0387285
0 0.807537 0.765581 0.00676918 0.0269794
0 0.765797 0.695487 0.00658016 0.0150297
0 0.717225 0.830711 0.0131287 0.031685
0 0.00888249 0.74382 0.00786103 0.0193526
0 0.946329 0.741553 0.00723648 0.0299662
0 0.391191 0.817479 0.017209 0.0546175
0 0.35446 0.989229 0.014731 0.0215412
0 0.856532 0.829211 0.0165031 0.0370477
0 0.480389 0.794134 0.00988903 0.0269121
0 0.883502 0.980131 0.0452442 0.0383328
0 0.115165 0.983187 0.0303102 0.0246324
0 0.904069 0.742942 0.00922203 0.0252835
0 0.917239 0.972748 0.0182112 0.0397291
0 0.995648 0.811142 0.0082962 0.0224528
0 0.782882 0.693865 0.00667553 0.0132382
0 0.714429 0.830937 0.0210028 0.0322973
0 0.677121 0.815973 0.0129679 0.0177165
37 0.0221496 0.938475 0.0442992 0.0292138
0 0.963449 0.741183 0.0101177 0.039819
0 0.331132 0.708231 0.00588322 0.0144592
37 0.0961339 0.994177 0.047792 0.00819685
0 0.961081 0.743783 0.0147623 0.0455339
0 0.921467 0.973808 0.027092 0.0419963
0 0.119822 0.984867 0.0401731 0.0225076
0 0.291939 0.75263 0.00512271 0.0162584
0 0.00664325 0.744149 0.0125113 0.0209981
0 0.104445 0.984032 0.0526852 0.0263446
0 0.906872 0.973448 0.041177 0.040741
0 0.479822 0.800525 0.0104815 0.0397125
0 0.301229 0.741578 0.00976806 0.0171653
0 0.00562421 0.981699 0.0111628 0.013819
0 0.974623 0.669607 0.00809307 0.035124
0 0.973659 0.672335 0.00644741 0.0296945
0 0.109628 0.98123 0.0197662 0.0239131
0 0.894718 0.975996 0.0671236 0.0449994
0 0.974921 0.763308 0.0195221 0.026022
0 0.853373 0.83091 0.0229507 0.0386758
0 0.57707 0.874898 0.0335072 0.0159122
0 0.808761 0.767478 0.00853615 0.0323008
0 0.770178 0.812587 0.0165952 0.0161228
25 0.0222074 0.938622 0.0442876 0.030098
8 0.0723507 0.745602 0.0208303 0.0190577
37 0.101498 0.988417 0.0587828 0.0186757
37 0.0767994 0.744689 0.0120725 0.0183804
37 0.0727068 0.74546 0.0202486 0.0187027
0 0.976043 0.658875 0.00635834 0.0169495
0 0.472432 0.821107 0.00546188 0.0267541
0 0.871224 0.677371 0.00439892 0.0123635
0 0.903094 0.748764 0.00896702 0.0382202
0 0.710164 0.832124 0.0292709 0.032666
0 0.290164 0.754398 0.0102436 0.0158452
8 0.326188 0.715029 0.0314501 0.00791456
0 0.974895 0.767377 0.0192474 0.0183221
0 0.119007 0.984959 0.0236573 0.0235762
0 0.957388 0.848111 0.0151466 0.0385997
8 0.679402 0.568393 0.0482803 0.0133931
8 0.323158 0.713969 0.0253688 0.0086419
0 0.703449 0.831923 0.0430828 0.0332282
8 0.294742 0.747993 0.0231113 0.0284275
0 0.12492 0.985553 0.0286971 0.0218864
0 0.975198 0.665967 0.00986252 0.0423815
37 0.69519 0.842559 0.027741 0.0137819
26 0.936083 0.865529 0.0119278 0.0161336
0 0.879866 0.984577 0.0377602 0.0299157
0 0.973217 0.752777 0.00499535 0.00703735
0 0.989927 0.737449 0.0107819 0.0475666
32 0.420438 0.927133 0.0137767 0.0160756
0 0.682449 0.814017 0.0130224 0.0162401
0 0.99399 0.660971 0.00431767 0.0131221
0 0.977001 0.653857 0.00633583 0.0196252
0 0.900814 0.766424 0.00600185 0.0241328
37 0.992222 0.715385 0.0151239 0.0119805
8 0.845639 0.834753 0.0466988 0.0389031
0 0.976392 0.671017 0.0114166 0.0294154
0 0.859759 0.79611 0.0070652 0.010399
0 0.827928 0.834443 0.0134565 0.0314051
0 0.540565 0.85075 0.00782261 0.0318529
0 0.805489 0.765037 0.00915108 0.0271193
37 0.420681 0.927393 0.0151846 0.0154509
8 0.294157 0.755168 0.0211663 0.0147091
37 0.93607 0.865925 0.0119638 0.015407
0 0.00575011 0.978804 0.0113867 0.0191915
0 0.85974 0.829942 0.0137192 0.0393365
37 0.852895 0.84798 0.0247616 0.00975986
0 0.676208 0.81486 0.0177197 0.0205772
0 0.477941 0.807841 0.0156361 0.0546119
0 0.777945 0.775849 0.0114631 0.0507941
0 0.477395 0.816871 0.015908 0.0439765
0 0.947341 0.851214 0.0344517 0.0456835
0 0.506629 0.781911 0.0134052 0.0237825
0 0.806086 0.773223 0.010914 0.0431439
37 0.790758 0.820687 0.0252748 0.00704176
0 0.888099 0.976765 0.0365131 0.0322581
37 0.69206 0.841374 0.0353969 0.0154043
24 0.153655 0.983392 0.0179484 0.0129944
0 0.951364 0.862748 0.0277695 0.0198632
8 0.920185 0.673434 0.00936623 0.010268
37 0.326438 0.714971 0.0321974 0.00881144
0 0.832783 0.83467 0.0219803 0.0333639
0 0.915576 0.97563 0.0394909 0.043179
37 0.504507 0.786752 0.0121532 0.0103422
0 0.798469 0.775855 0.0149631 0.0484192
0 0.808751 0.782414 0.00813026 0.0321601
8 0.678803 0.57058 0.0484002 0.00967424
0 0.857109 0.796291 0.0157724 0.0111016
