0 0.4533 0.833502 0.0124138 0.0680328
0 0.843046 0.76577 0.00879688 0.0496426
0 0.796769 0.774534 0.0104445 0.0523217
0 0.718257 0.83069 0.0144892 0.0299998
0 0.692311 0.793823 0.00948524 0.0487089
0 0.664625 0.801046 0.0101068 0.0457553
0 0.83119 0.834662 0.0184486 0.0334585
0 0.761536 0.781916 0.00953102 0.0440626
0 0.703521 0.79093 0.00906963 0.0473853
0 0.748695 0.782255 0.00926685 0.0501129
0 0.736503 0.785592 0.00896034 0.0468601
0 0.774559 0.777327 0.00888596 0.0505964
0 0.561679 0.815283 0.0115353 0.0532522
0 0.953528 0.84923 0.0219851 0.0415117
0 0.856174 0.830413 0.0142941 0.0328637
0 0.287587 0.722957 0.00695987 0.0176185
0 0.95697 0.848616 0.0153011 0.0400733
37 0.0220588 0.938194 0.0441177 0.0292375
0 0.803452 0.69807 0.00539532 0.0169688
0 0.937716 0.728032 0.00942421 0.0233149
37 0.198175 0.915596 0.0464083 0.0319692
0 0.481896 0.859398 0.036591 0.0188056
0 0.39119 0.830873 0.0178771 0.0848145
0 0.354953 0.989139 0.0146463 0.0217222
0 0.0608626 0.737282 0.00510268 0.0173099
0 0.433938 0.914423 0.0240584 0.0356893
0 0.853702 0.830857 0.0209032 0.0339973
0 0.676846 0.816194 0.0166757 0.0179711
0 0.00571931 0.752961 0.0105618 0.0186785
8 0.198401 0.915564 0.0464558 0.0319756
0 0.11626 0.983579 0.0322131 0.0257456
0 0.883936 0.980307 0.0456978 0.0381629
8 0.0605673 0.742693 0.0249928 0.0234982
0 0.890272 0.976179 0.0576847 0.0453715
0 0.317155 0.710277 0.00630231 0.0167664
0 0.00299403 0.97118 0.00592985 0.0335615
0 0.0667044 0.743589 0.00769408 0.0203315
0 0.540841 0.849329 0.00683479 0.0267175
0 0.411919 0.770765 0.0102345 0.0283759
0 0.902672 0.973602 0.0336306 0.0407625
0 0.995911 0.811614 0.00776443 0.0197839
37 0.853059 0.848288 0.024572 0.00966119
0 0.577393 0.87574 0.0328036 0.0146145
37 0.0954964 0.994257 0.0461931 0.0081526
0 0.741746 0.796283 0.00537739 0.0239568
0 0.913793 0.973086 0.0107567 0.0389628
0 0.110474 0.984239 0.0504315 0.0267007
0 0.972267 0.762731 0.0142136 0.0273382
0 0.921405 0.973479 0.0268927 0.0401869
0 0.275299 0.730708 0.00678334 0.018251
0 0.519705 0.731019 0.00981007 0.0157757
0 0.413615 0.764423 0.0058548 0.0157077
8 0.136012 0.741021 0.0219097 0.0136949
0 0.00458181 0.970638 0.00908083 0.0356194
0 0.562009 0.807745 0.0112383 0.0383864
0 0.907871 0.97331 0.0226521 0.0400497
8 0.976044 0.662193 0.0238436 0.0421638
0 0.520409 0.731269 0.0154263 0.0166263
37 0.104398 0.993345 0.0646588 0.00939551
4 0.320321 0.307993 0.0163065 0.0119818
0 0.516479 0.730087 0.00791941 0.0115441
0 0.742933 0.783379 0.00702362 0.0497053
0 0.4943 0.859148 0.0166939 0.0177166
0 0.411943 0.767209 0.00861788 0.0202074
0 0.112071 0.982362 0.0247376 0.021892
0 0.0655558 0.744737 0.0105311 0.0203152
8 0.968792 0.662559 0.0389362 0.0429048
16 0.772047 0.812037 0.00841484 0.0159841
0 0.973778 0.763043 0.0202112 0.0277142
0 0.274405 0.731886 0.00742884 0.0203903
0 0.876769 0.68307 0.0052948 0.0132889
0 0.00298118 0.963249 0.00596236 0.0492852
0 0.78322 0.696886 0.00479927 0.0136888
8 0.520543 0.731791 0.0156643 0.0167525
8 0.995433 0.670127 0.00869141 0.0184046
37 0.307514 0.71485 0.0292952 0.00858934
0 0.769807 0.782584 0.00807676 0.0415307
0 0.953916 0.674832 0.0072422 0.0150899
0 0.773059 0.812279 0.00564232 0.0154112
0 0.974235 0.768859 0.0197426 0.015911
0 0.00481624 0.756507 0.00952451 0.0129635
8 0.975993 0.67012 0.0216528 0.0247596
8 0.420879 0.764334 0.0178375 0.0129008
8 0.981037 0.759626 0.0374561 0.01916
37 0.182134 0.73669 0.0149445 0.0077535
0 0.131413 0.983886 0.0631872 0.0250632
0 0.972909 0.75333 0.00753632 0.00894301
37 0.852109 0.845309 0.0222469 0.0117686
0 0.899479 0.975036 0.0455875 0.0399156
0 0.950666 0.856183 0.0166435 0.0290412
0 0.769564 0.785438 0.00635262 0.0346247
0 0.410967 0.779531 0.0197834 0.0138548
0 0.39118 0.81127 0.0172588 0.0433307
0 0.880759 0.984092 0.0393005 0.0306959
0 0.974245 0.771382 0.019891 0.0114439
0 0.125401 0.985229 0.0288736 0.0232215
8 0.308677 0.715324 0.032725 0.00977749
8 0.415046 0.767743 0.0297628 0.0194288
0 0.409687 0.777129 0.0174177 0.016687
8 0.412202 0.77947 0.0225254 0.0134332
8 0.307427 0.713849 0.0279205 0.0113105
0 0.769491 0.811691 0.0118628 0.0177351
16 0.775095 0.8122 0.0171196 0.0172121
0 0.153715 0.983569 0.0179254 0.0140703
0 0.910529 0.975766 0.0504208 0.0443515
8 0.967401 0.67074 0.0353199 0.0260384
24 0.153468 0.983464 0.0180678 0.0132621
37 0.410219 0.779796 0.0188988 0.0129401
0 0.994873 0.810574 0.00980911 0.0226746
0 0.779744 0.816259 0.00790577 0.0090505
0 0.94732 0.859783 0.00983982 0.0189694
0 0.409327 0.771636 0.0160712 0.0297936
0 0.850549 0.833156 0.0260357 0.034786
0 0.895867 0.684625 0.00379944 0.0183677
0 0.995761 0.805117 0.00804424 0.032746
0 0.182441 0.736293 0.015311 0.00765483
0 0.979526 0.762719 0.0318972 0.0274207
37 0.857525 0.847089 0.0338028 0.0143002
37 0.936198 0.866836 0.0116188 0.01603
8 0.418461 0.766563 0.0228415 0.0161438
37 0.760949 0.824543 0.0107173 0.00655857
4 0.847215 0.242389 0.00904503 0.00556547
37 0.843815 0.845659 0.0445366 0.0152457
0 0.00934482 0.972761 0.0185448 0.0350098
0 0.952764 0.676561 0.00566425 0.0152949
37 0.185312 0.736942 0.0220453 0.00842048
0 0.743825 0.783033 0.0184556 0.0511858
0 0.862859 0.832674 0.0310894 0.0375988
