0 0.480998 0.830041 0.0147335 0.063657
0 0.453177 0.834134 0.0122695 0.0674974
0 0.199457 0.875627 0.0107115 0.0550581
0 0.953436 0.849064 0.0224113 0.0424316
0 0.697934 0.792679 0.00902119 0.0513865
0 0.677777 0.792636 0.0087287 0.0387629
0 0.844498 0.763341 0.0113995 0.0431229
0 0.810802 0.774255 0.00891972 0.0448649
0 0.826237 0.769916 0.010799 0.0415955
0 0.982827 0.739135 0.00995998 0.0488537
0 0.787791 0.776901 0.0106817 0.047505
0 0.513804 0.778623 0.0084198 0.0242513
0 0.967637 0.737791 0.00840569 0.039819
0 0.777554 0.778701 0.00971775 0.0462585
0 0.86589 0.759753 0.00883293 0.037875
0 0.717209 0.830277 0.0147146 0.0314985
0 0.939063 0.746352 0.0102577 0.0441271
0 0.764714 0.697453 0.00692053 0.0176302
0 0.830345 0.83451 0.0181404 0.0329459
0 0.78295 0.698097 0.0064146 0.021434
0 0.423502 0.912473 0.0193759 0.0464122
0 0.855727 0.830932 0.015752 0.0325151
0 0.115169 0.983548 0.0313803 0.0211473
0 0.354932 0.989201 0.0148931 0.0215985
0 0.909063 0.743713 0.00908623 0.026789
0 0.883367 0.980824 0.0447956 0.0365355
0 0.853207 0.831891 0.0218079 0.034112
0 0.96022 0.742534 0.00612984 0.0278765
0 0.00893032 0.748087 0.00761436 0.0159437
0 0.995622 0.81372 0.00833454 0.0182349
0 0.907407 0.973511 0.0437519 0.0398787
0 0.296895 0.755273 0.00761647 0.0227931
0 0.921442 0.973459 0.0261126 0.0407528
8 0.199145 0.916036 0.0453962 0.0314146
0 0.494628 0.807204 0.0117197 0.0411862
0 0.391407 0.81359 0.0167783 0.0457791
0 0.00598005 0.981584 0.011877 0.0136475
0 0.896351 0.976071 0.0702511 0.0446784
37 0.19933 0.915887 0.0456855 0.0318064
0 0.540587 0.849401 0.00706329 0.0261556
0 0.329941 0.712888 0.00656605 0.0177636
37 0.0972992 0.994197 0.0494748 0.00814989
0 0.918077 0.972847 0.0185223 0.0395871
37 0.0220833 0.93883 0.0441666 0.0304189
8 0.390793 0.785723 0.0334535 0.016295
0 0.106926 0.985096 0.0564224 0.0244144
0 0.00722015 0.748574 0.0109849 0.0164129
37 0.103559 0.992301 0.0618475 0.0111547
0 0.880446 0.985002 0.0388187 0.0285417
0 0.295902 0.735405 0.012184 0.0115139
0 0.886594 0.765587 0.00629578 0.0277652
0 0.947761 0.850885 0.0335157 0.0464796
0 0.11985 0.984764 0.0394915 0.0215581
0 0.775504 0.778994 0.00815887 0.0461361
25 0.0220883 0.93878 0.0440296 0.0306351
0 0.577679 0.875757 0.0328097 0.0146671
0 0.833712 0.834512 0.0184689 0.033886
0 0.978777 0.735458 0.00513153 0.0323459
0 0.840083 0.835092 0.0330471 0.0344137
8 0.0220369 0.938546 0.0440555 0.0302487
0 0.366337 0.731766 0.0119154 0.0144502
0 0.676154 0.81596 0.0158813 0.0184587
8 0.0724746 0.749872 0.0314842 0.0164822
0 0.675933 0.799072 0.0136093 0.0525575
0 0.713481 0.831569 0.0221037 0.0337947
0 0.888401 0.766025 0.0101173 0.0289269
37 0.684337 0.818765 0.032663 0.0125056
8 0.849276 0.835093 0.0598288 0.0398444
0 0.906911 0.745428 0.0129692 0.0308651
0 0.841636 0.834883 0.045532 0.0367154
8 0.295967 0.736643 0.0130956 0.0131602
0 0.53894 0.739469 0.00448895 0.00712009
37 0.950029 0.864913 0.0391653 0.0195733
0 0.422442 0.923999 0.0153775 0.0241648
0 0.424174 0.920625 0.018819 0.029872
24 0.153413 0.983227 0.0177971 0.0133162
0 0.420757 0.926788 0.0103148 0.0158156
8 0.0777933 0.749266 0.0202554 0.0143695
0 0.874152 0.985209 0.0260201 0.0271003
0 0.00604795 0.97863 0.0119827 0.0189931
0 0.972822 0.761245 0.0156609 0.0262824
8 0.362576 0.792032 0.0238507 0.0129574
37 0.577672 0.875411 0.0327526 0.0141473
37 0.936988 0.866595 0.0135069 0.0154873
0 0.872747 0.673667 0.00711098 0.0104058
0 0.995313 0.808588 0.0089056 0.029001
0 0.367022 0.734052 0.0121058 0.0120695
0 0.910991 0.682438 0.00564842 0.0138757
0 0.89742 0.975835 0.0240355 0.030859
0 0.486233 0.783573 0.00769444 0.014565
0 0.676521 0.794794 0.0111937 0.0433465
37 0.687805 0.820404 0.0277494 0.00895759
0 0.577695 0.872522 0.0336301 0.0212541
0 0.679404 0.816195 0.023162 0.0185299
0 0.679501 0.798528 0.0133617 0.0510991
8 0.368019 0.734715 0.0148266 0.0111423
0 0.486164 0.777807 0.00792732 0.0240034
8 0.378782 0.78709 0.057474 0.0220547
0 0.922683 0.982194 0.0239849 0.0237461
14 0.95282 0.661247 0.00576439 0.0102229
0 0.828718 0.837816 0.0163376 0.0280207
0 0.386487 0.807451 0.00836268 0.0237939
0 0.979953 0.649884 0.00717468 0.0149295
37 0.85839 0.846416 0.0422501 0.0162482
0 0.973648 0.765409 0.0177002 0.0226832
0 0.901048 0.973393 0.0308819 0.0341895
