0 0.545675 0.816358 0.0123325 0.0524767
0 0.796846 0.775091 0.00843468 0.0460527
0 0.758427 0.780889 0.0132573 0.0504361
0 0.953768 0.850028 0.0228439 0.0429004
0 0.830515 0.83467 0.0175156 0.0333337
0 0.622876 0.808964 0.0108056 0.049706
0 0.45285 0.833914 0.0109732 0.0677049
0 0.842765 0.765972 0.00758057 0.0446966
0 0.692477 0.795569 0.00996723 0.0477008
0 0.70322 0.791647 0.0102878 0.0472273
0 0.47514 0.855099 0.0161124 0.0280375
0 0.718144 0.830893 0.0149912 0.0307034
0 0.890401 0.9758 0.0578676 0.0451647
0 0.727691 0.788731 0.00856648 0.044654
0 0.736074 0.78799 0.00774717 0.042719
0 0.745726 0.782432 0.00771561 0.0470668
0 0.939763 0.729038 0.00750046 0.0204424
37 0.198889 0.916161 0.0477932 0.0314457
0 0.432535 0.914824 0.0265379 0.0372145
0 0.855115 0.832067 0.0171421 0.0313936
0 0.00469268 0.75123 0.00895046 0.0191181
0 0.273412 0.729433 0.00900683 0.0200141
0 0.676476 0.81518 0.0160666 0.0180135
0 0.114463 0.981628 0.031919 0.0282338
0 0.355298 0.989243 0.0132786 0.021514
0 0.0576458 0.73567 0.00481374 0.0162477
0 0.0644507 0.751598 0.0063081 0.0119846
37 0.0222811 0.939093 0.0445623 0.0301782
0 0.293106 0.724015 0.00659065 0.0170658
0 0.31647 0.718298 0.00516319 0.0176412
0 0.973139 0.763057 0.0167011 0.0261264
0 0.391306 0.819618 0.0169482 0.0616842
0 0.852518 0.833183 0.0236996 0.0345564
8 0.518583 0.73794 0.0140867 0.0102814
0 0.0719035 0.749746 0.00578166 0.0116987
0 0.902577 0.973083 0.0348782 0.0397888
0 0.395917 0.779513 0.00676374 0.0186306
0 0.745543 0.789727 0.0079277 0.03563
0 0.39615 0.77718 0.00606394 0.014907
37 0.852595 0.848874 0.0267925 0.0093694
0 0.714044 0.831369 0.023391 0.0313585
0 0.883432 0.985443 0.0434387 0.0268012
0 0.577164 0.874494 0.0326347 0.016315
0 0.996459 0.810819 0.00665588 0.0196837
0 0.517226 0.733612 0.00627365 0.0106552
0 0.106977 0.982638 0.0493252 0.0296987
0 0.108567 0.980329 0.0200878 0.0249702
8 0.159557 0.565087 0.066414 0.0160109
0 0.00551172 0.98137 0.0109322 0.0138396
0 0.988748 0.67796 0.00628834 0.0220798
8 0.982449 0.664342 0.0346518 0.0437183
0 0.135241 0.74179 0.0117519 0.00993483
37 0.976402 0.771324 0.0152939 0.0102593
8 0.0677781 0.754176 0.0156708 0.0116358
37 0.532012 0.826812 0.0197547 0.00940145
0 0.726248 0.771629 0.00617876 0.024825
0 0.142002 0.74202 0.00478141 0.00890723
37 0.101359 0.994158 0.0594311 0.00930617
0 0.884552 0.979429 0.0459679 0.0374688
0 0.862064 0.834756 0.0340391 0.036893
8 0.946677 0.675486 0.0155785 0.0140346
0 0.959673 0.850284 0.0110886 0.0386681
0 0.0630221 0.75151 0.00918827 0.012148
0 0.897879 0.681964 0.0038784 0.0154154
37 0.531762 0.824585 0.0186363 0.00791694
37 0.00476991 0.758451 0.00941415 0.00844574
37 0.8517 0.845291 0.0259239 0.0145448
0 0.391098 0.832476 0.0175911 0.0880705
0 0.971618 0.753072 0.00767097 0.00759057
0 0.860118 0.795211 0.00580158 0.0127545
0 0.394242 0.756225 0.00607772 0.0100706
0 0.884294 0.989151 0.0408009 0.0191791
37 0.936023 0.866459 0.0114302 0.0146508
8 0.405322 0.778296 0.0279562 0.0127465
37 0.492731 0.864861 0.0192066 0.00806241
0 0.775085 0.812628 0.0119581 0.0149343
8 0.992578 0.669362 0.0145182 0.0262858
8 0.407028 0.776274 0.0289825 0.0155741
0 0.744335 0.782566 0.0103447 0.050097
0 0.518497 0.73328 0.0127228 0.0130778
0 0.977037 0.762828 0.0272316 0.0270003
0 0.850482 0.837199 0.0287838 0.0318663
8 0.30129 0.723896 0.0243671 0.0135712
0 0.395884 0.790246 0.00809412 0.0398061
37 0.944222 0.865882 0.0276787 0.0157752
0 0.978469 0.771204 0.0135014 0.0102485
8 0.298837 0.723077 0.0268012 0.0161877
37 0.587814 0.913373 0.0514662 0.0117004
0 0.924029 0.681449 0.00790882 0.00970188
8 0.303586 0.720225 0.024147 0.0146525
0 0.912437 0.973732 0.0461174 0.0419244
0 0.164673 0.73864 0.0145133 0.0102824
24 0.153326 0.983617 0.0174915 0.0121609
8 0.293402 0.7262 0.0511482 0.0279361
8 0.302745 0.720091 0.0177603 0.0107034
0 0.712692 0.836641 0.0251643 0.0220903
0 0.707546 0.78642 0.00483398 0.0163842
37 0.10201 0.983302 0.0604076 0.0295729
37 0.577755 0.882332 0.0327624 0.00861223
0 0.900696 0.974853 0.0706471 0.0435571
0 0.691895 0.796348 0.0244766 0.0507567
8 0.409334 0.75869 0.0385195 0.0148583
0 0.00950025 0.981155 0.0188345 0.0156465
37 0.0670664 0.757802 0.0192665 0.0103916
0 0.842599 0.834383 0.041814 0.0361599
8 0.0671354 0.755831 0.0190483 0.0149478
0 0.771924 0.81292 0.0165722 0.014602
37 0.960785 0.866546 0.0543137 0.0150767
37 0.135402 0.747431 0.0250085 0.00917189
8 0.948956 0.68038 0.0147961 0.0081704
0 0.106256 0.982554 0.0696688 0.0306135
0 0.871544 0.845376 0.0136517 0.0159068
0 0.00619082 0.979109 0.012267 0.0184123
37 0.967466 0.86331 0.0405607 0.0123091
37 0.138574 0.74644 0.0258125 0.0139223
0 0.963576 0.851021 0.0481979 0.0448552
0 0.484348 0.855386 0.0355743 0.026707
37 0.759897 0.824274 0.011216 0.00608232
8 0.992636 0.675423 0.0143719 0.027424
37 0.577958 0.880414 0.033696 0.0129232
0 0.919263 0.973829 0.0336193 0.0407532
0 0.84275 0.766305 0.0121609 0.0456219
0 0.295601 0.723596 0.0126609 0.0176954
0 0.953133 0.863552 0.0231167 0.0176127
37 0.139116 0.749536 0.0250274 0.0105187
0 0.108855 0.97543 0.0211257 0.0362132
8 0.977969 0.662751 0.0262287 0.0417291
37 0.577664 0.877577 0.0326632 0.0152088
