0 0.45347 0.833953 0.0134823 0.0672828
0 0.790943 0.776585 0.0108327 0.0475372
0 0.48157 0.831611 0.0151393 0.0663478
0 0.423449 0.895435 0.0175653 0.0796248
0 0.69887 0.794111 0.00956869 0.0434545
0 0.802375 0.776156 0.00797157 0.0417401
0 0.830207 0.834595 0.0171509 0.0339233
0 0.77067 0.778758 0.00820465 0.0458537
0 0.957133 0.743515 0.00857429 0.0479782
0 0.154255 0.882985 0.0114076 0.0565793
0 0.718259 0.830886 0.0121908 0.0303891
0 0.992367 0.734281 0.010144 0.0469591
0 0.855278 0.831482 0.0161552 0.0335588
0 0.953807 0.848529 0.0218468 0.0380325
0 0.895323 0.975654 0.0660513 0.0457686
0 0.683492 0.795929 0.00936575 0.0412899
0 0.759492 0.780663 0.00927048 0.0431698
0 0.508082 0.808959 0.0113285 0.0366901
0 0.936429 0.728112 0.00723076 0.0257256
0 0.843589 0.762572 0.00657597 0.0422821
0 0.922117 0.748632 0.00988846 0.0428457
37 0.198716 0.91586 0.0453196 0.0320204
0 0.971903 0.741941 0.00784874 0.0275482
0 0.980788 0.662648 0.0071867 0.0411412
37 0.0221074 0.939086 0.0442147 0.030719
0 0.850762 0.763636 0.00980453 0.0426034
0 0.1162 0.983546 0.0325522 0.0267958
0 0.00726588 0.750853 0.00868247 0.0169749
0 0.759329 0.789107 0.00852432 0.0280952
0 0.852186 0.832873 0.0225506 0.0358171
0 0.327845 0.710425 0.00617561 0.0160105
0 0.577498 0.874572 0.0333572 0.0163669
0 0.305855 0.753756 0.00850258 0.0178965
0 0.676737 0.815418 0.0163036 0.0185879
0 0.00620006 0.981246 0.0123088 0.0147634
0 0.952462 0.858629 0.0204943 0.0262412
0 0.355258 0.989043 0.0139248 0.0219136
0 0.50788 0.77478 0.00634003 0.0156306
0 0.995851 0.813087 0.00788193 0.0176224
0 0.871619 0.768394 0.0066227 0.0291848
0 0.950504 0.85987 0.0162571 0.0226807
0 0.884319 0.979411 0.0446392 0.0383614
0 0.916171 0.743556 0.00586128 0.0276469
0 0.847528 0.763545 0.0126278 0.0427534
0 0.481204 0.777631 0.00498619 0.0119888
0 0.917046 0.744827 0.00809364 0.0318027
0 0.308145 0.75382 0.0137753 0.0182607
0 0.919617 0.74834 0.0135071 0.0408464
8 0.0786422 0.747768 0.0183136 0.0232015
0 0.787073 0.697327 0.00689316 0.0182344
0 0.681256 0.803768 0.0122911 0.0372959
0 0.0832929 0.742113 0.00846963 0.0127177
0 0.00566476 0.752099 0.0112274 0.016609
0 0.974479 0.762772 0.0182007 0.0277218
0 0.291836 0.734005 0.00913162 0.00979682
0 0.921604 0.973402 0.0284225 0.0414358
0 0.109733 0.981685 0.0198911 0.0240336
37 0.0948431 0.994189 0.0454968 0.00854306
0 0.677603 0.812797 0.0183647 0.0230252
8 0.308131 0.754627 0.0142839 0.0181597
0 0.917486 0.97297 0.0195297 0.0406484
0 0.0562293 0.751623 0.00529566 0.00938432
8 0.157566 0.740612 0.0219561 0.00975579
8 0.921642 0.768204 0.0720058 0.0233692
0 0.971378 0.66944 0.00381451 0.0108195
0 0.131568 0.983473 0.0632958 0.0263487
37 0.920096 0.768203 0.0688429 0.0210198
0 0.903913 0.673147 0.0038496 0.0107844
0 0.971945 0.74418 0.0101744 0.0282918
0 0.103374 0.983923 0.0617502 0.0280535
37 0.918683 0.766549 0.0770397 0.0160748
0 0.678275 0.801995 0.0201424 0.0457342
0 0.712832 0.831339 0.0258852 0.0317647
0 0.157571 0.740676 0.0215494 0.00921394
0 0.914984 0.973953 0.0310789 0.0415683
0 0.577393 0.87018 0.0339658 0.0254517
0 0.765194 0.779183 0.0185022 0.0455712
0 0.974593 0.768883 0.0188389 0.0159271
0 0.122355 0.984433 0.034949 0.0247213
37 0.851433 0.845435 0.0222025 0.0133287
0 0.793215 0.77626 0.0154096 0.0467556
37 0.826402 0.784493 0.0323601 0.0137809
0 0.879292 0.683971 0.00402107 0.0085829
0 0.985892 0.669164 0.00572815 0.0307701
0 0.923765 0.681119 0.00539131 0.0114832
8 0.294927 0.736164 0.0174481 0.00896183
0 0.291981 0.73525 0.0108983 0.00988753
0 0.00315844 0.755777 0.00626968 0.0133024
16 0.773056 0.812112 0.0109782 0.0153727
0 0.391471 0.832204 0.0168932 0.0859734
8 0.318419 0.716418 0.0276605 0.00951979
0 0.863009 0.833258 0.0346045 0.0386517
0 0.956953 0.850465 0.0247646 0.0402568
8 0.267211 0.397551 0.00571685 0.00952369
0 0.0568677 0.750888 0.00595336 0.00925191
0 0.843249 0.833585 0.0410025 0.0360923
8 0.538254 0.740128 0.0261276 0.0117391
0 0.850878 0.843893 0.0200914 0.0132046
0 0.00911665 0.981135 0.0181013 0.0161784
0 0.508451 0.77671 0.00790997 0.0195964
24 0.153669 0.983164 0.0179745 0.0134918
0 0.851784 0.841246 0.0560829 0.0267497
0 0.905806 0.974497 0.0440231 0.0435744
16 0.775716 0.812298 0.0158693 0.0160628
0 0.773475 0.812393 0.00899277 0.0151393
0 0.968604 0.666286 0.0078537 0.0141106
0 0.872299 0.845495 0.0144608 0.0153571
0 0.85594 0.834204 0.0491739 0.040092
0 0.951371 0.862614 0.0190483 0.0214267
0 0.995364 0.808623 0.00879936 0.0280607
8 0.297641 0.737316 0.0230109 0.00995585
0 0.936538 0.867054 0.0124107 0.0155796
0 0.953424 0.858566 0.0277107 0.0297848
8 0.31553 0.715625 0.0218901 0.00837979
8 0.199198 0.736766 0.0210235 0.00981174
0 0.676853 0.808377 0.0192913 0.0332096
37 0.84333 0.844114 0.0449688 0.0191701
8 0.318453 0.714507 0.027731 0.0108585
0 0.877436 0.982934 0.0309494 0.0311566
37 0.590802 0.909201 0.058885 0.021395
0 0.973512 0.740886 0.011364 0.0318305
8 0.466156 0.79951 0.0133675 0.0196299
37 0.0974633 0.985985 0.0514389 0.0224206
0 0.959044 0.740379 0.0107376 0.0453228
0 0.391654 0.810682 0.0156743 0.0402554
