0 0.451708 0.834131 0.013308 0.0662196
0 0.573219 0.812413 0.0119659 0.0551893
0 0.555345 0.818966 0.00970421 0.0516524
0 0.796361 0.775756 0.00883637 0.0493384
0 0.432126 0.834972 0.0126007 0.0616536
0 0.72256 0.786789 0.0115242 0.0495716
0 0.614843 0.804389 0.0114171 0.0574361
0 0.83088 0.834869 0.0178722 0.0335754
0 0.66456 0.800765 0.00717278 0.0467048
0 0.843199 0.767338 0.00817642 0.0460354
0 0.718051 0.830003 0.0139074 0.0316311
0 0.70204 0.792109 0.011134 0.047212
0 0.38156 0.885768 0.0140083 0.0580919
0 0.114655 0.983765 0.0323657 0.0264325
0 0.688492 0.794953 0.0104982 0.044617
0 0.475037 0.856337 0.0196178 0.0263485
0 0.953654 0.85041 0.0228132 0.0396122
0 0.974741 0.762603 0.0181786 0.0266261
0 0.894044 0.97538 0.0631073 0.0450597
37 0.198096 0.916012 0.0452516 0.0309316
0 0.945492 0.747735 0.00744171 0.0402083
0 0.0111609 0.751432 0.010298 0.0176232
37 0.0225605 0.938728 0.045102 0.0298428
0 0.354978 0.989348 0.0137039 0.0213033
0 0.935621 0.729659 0.0082798 0.0305356
0 0.85601 0.830411 0.0151829 0.033645
0 0.957135 0.849677 0.0161407 0.0374278
0 0.905558 0.973123 0.0413284 0.0396807
0 0.391217 0.830454 0.0184661 0.0822137
0 0.446908 0.763195 0.00670118 0.0152117
0 0.852831 0.830887 0.0227169 0.0346975
37 0.0156433 0.759938 0.0192295 0.00759989
0 0.0545555 0.745018 0.00918059 0.0211087
37 0.0949997 0.994332 0.0458446 0.00812514
0 0.45825 0.764349 0.00385466 0.0120236
0 0.883614 0.984518 0.0446709 0.0284014
0 0.391283 0.812287 0.0177115 0.0453457
0 0.682768 0.79942 0.00503998 0.0294542
0 0.382111 0.896824 0.0151374 0.0793284
0 0.284921 0.729626 0.00477862 0.0109685
0 0.854608 0.697828 0.00652447 0.0197903
37 0.852818 0.848848 0.0259113 0.009139
0 0.00725489 0.980594 0.0143892 0.0152612
0 0.995954 0.810438 0.00768757 0.022968
0 0.677985 0.81484 0.0117377 0.0189182
0 0.279424 0.729561 0.00690441 0.0152549
0 0.354295 0.771329 0.00761561 0.0126373
0 0.714812 0.830377 0.0209652 0.0322832
0 0.577517 0.875592 0.0321391 0.0145625
0 0.00541677 0.981606 0.01078 0.0124244
0 0.0726345 0.750765 0.00499229 0.0101488
0 0.844719 0.696993 0.00649261 0.013054
0 0.0085049 0.978095 0.0168582 0.0201084
0 0.996103 0.814825 0.0073864 0.0142515
0 0.484069 0.85656 0.038735 0.0263414
8 0.914318 0.683392 0.0288269 0.0141925
0 0.686936 0.797041 0.0102753 0.0432414
8 0.323974 0.720543 0.0250588 0.0166507
37 0.577334 0.875253 0.0317408 0.0141534
0 0.00617975 0.9784 0.0122676 0.0188541
8 0.964836 0.667289 0.069825 0.0317163
0 0.886346 0.977494 0.0481657 0.038356
0 0.0140669 0.752596 0.0166557 0.0192342
2 0.506429 0.412335 0.0365532 0.0249554
8 0.940096 0.672334 0.0204819 0.0133046
0 0.676608 0.8133 0.0159546 0.0223428
24 0.153392 0.983544 0.0176333 0.0125336
8 0.94899 0.667925 0.101152 0.0369559
0 0.949697 0.860022 0.015444 0.0205587
37 0.847157 0.8479 0.0377546 0.0112844
8 0.977216 0.668822 0.0450691 0.0270691
8 0.981622 0.67153 0.0360006 0.0219657
37 0.588311 0.913436 0.0542972 0.011988
0 0.381512 0.873871 0.013569 0.0336553
0 0.102307 0.984689 0.0600687 0.0264357
8 0.913907 0.67849 0.0297735 0.02289
37 0.153372 0.983547 0.0175104 0.0124295
37 0.0618479 0.751001 0.0271467 0.0130398
37 0.852099 0.845132 0.0228651 0.0118757
8 0.991297 0.67309 0.0168873 0.0176194
0 0.286233 0.729825 0.0190408 0.0138629
8 0.062057 0.750445 0.027283 0.0151716
8 0.434931 0.749057 0.0854729 0.0300028
0 0.321823 0.769634 0.0251581 0.0130393
37 0.934638 0.865717 0.0148157 0.0151013
0 0.995988 0.804829 0.00758915 0.0339403
7 0.506979 0.412322 0.0377258 0.0254904
37 0.59129 0.914524 0.0449156 0.00938653
0 0.285467 0.727179 0.0186236 0.0163506
0 0.904923 0.673254 0.0066597 0.0133621
0 0.769819 0.813051 0.0150043 0.0156082
0 0.949494 0.853988 0.0211292 0.0357578
8 0.977887 0.673077 0.0311968 0.0193482
37 0.859951 0.774189 0.0259699 0.0121918
37 0.956849 0.869744 0.0277008 0.00855425
0 0.917887 0.972638 0.0175222 0.0388109
0 0.123537 0.741404 0.00571675 0.00727709
8 0.949925 0.671827 0.0398796 0.0169318
0 0.856525 0.825002 0.0155659 0.0343577
0 0.906138 0.672255 0.0050951 0.0133114
8 0.250228 0.396884 0.00948715 0.0103332
37 0.945559 0.86646 0.0436937 0.0195611
37 0.961989 0.867245 0.0486967 0.0125092
37 0.766073 0.802987 0.0530823 0.00965068
0 0.540655 0.849875 0.00676041 0.026612
0 0.839851 0.835493 0.0363197 0.0340339
8 0.286684 0.73147 0.0180217 0.0097641
0 0.944879 0.852929 0.0386822 0.0416153
0 0.00844825 0.971624 0.0167244 0.0341671
8 0.286111 0.731534 0.0210835 0.0178528
0 0.431995 0.82883 0.0118106 0.0446313
0 0.855532 0.697212 0.00911255 0.0200011
0 0.858989 0.7948 0.00710125 0.0132039
37 0.697407 0.841158 0.0224895 0.0133418
