0 0.591483 0.809108 0.011554 0.0574507
0 0.409412 0.840078 0.016126 0.0623033
0 0.344605 0.900304 0.0145327 0.0822645
0 0.452528 0.834727 0.0117235 0.0650679
0 0.79664 0.77516 0.00862122 0.0497064
0 0.843079 0.766534 0.0083519 0.04731
0 0.830814 0.834999 0.0175823 0.0326341
0 0.654987 0.80157 0.00944271 0.0454125
0 0.689105 0.795246 0.0105083 0.0465637
0 0.553166 0.815911 0.0121031 0.056801
0 0.718006 0.830546 0.0136305 0.0307163
37 0.198381 0.916648 0.0445236 0.0297068
0 0.701203 0.795114 0.0107607 0.050138
0 0.114708 0.982803 0.0332705 0.0277654
0 0.712231 0.78968 0.0086565 0.0488215
0 0.956911 0.84765 0.0155796 0.0349757
0 0.7245 0.785539 0.00961218 0.0511164
37 0.0221758 0.938576 0.0443516 0.0305779
0 0.856232 0.832268 0.01478 0.0296519
0 0.971819 0.762577 0.0130726 0.0267086
0 0.475345 0.857273 0.0188971 0.0237617
0 0.89391 0.975827 0.0648949 0.0445509
0 0.051336 0.741931 0.00709398 0.0163896
0 0.483906 0.857339 0.0366089 0.0239783
37 0.0961694 0.994075 0.0483616 0.00817498
0 0.906423 0.97333 0.0399733 0.0395437
0 0.917477 0.972888 0.0170704 0.0384956
0 0.00546159 0.976023 0.0108635 0.0256983
0 0.355327 0.989292 0.0134876 0.0214155
14 0.349196 0.772835 0.00818224 0.0101688
0 0.00437473 0.757833 0.00870632 0.0110126
0 0.671503 0.799107 0.00734224 0.0218614
0 0.852999 0.833554 0.0206358 0.0321033
0 0.883736 0.980987 0.0449112 0.0358117
0 0.676278 0.806793 0.0175619 0.0369425
0 0.672311 0.804934 0.00912094 0.0343367
0 0.997436 0.732215 0.0046814 0.0275442
0 0.702852 0.792598 0.0107437 0.0471756
0 0.974528 0.763573 0.0187405 0.0262144
0 0.950497 0.849731 0.0276489 0.0386927
0 0.715181 0.830949 0.0200195 0.0314492
0 0.996149 0.813572 0.00729446 0.015721
0 0.92112 0.973146 0.0253265 0.0388577
0 0.391481 0.833221 0.0172327 0.0852088
0 0.677501 0.815564 0.0194242 0.0195753
37 0.853064 0.847825 0.0240124 0.00984565
0 0.502944 0.718015 0.00749426 0.0102091
0 0.541075 0.848908 0.00787287 0.0274509
0 0.772636 0.813598 0.0201953 0.0181146
37 0.577035 0.875679 0.033912 0.0137085
8 0.0597676 0.751071 0.0366431 0.0154165
8 0.280965 0.736982 0.0133955 0.0162952
0 0.0606146 0.742933 0.00877099 0.0110074
0 0.0708586 0.752161 0.0096643 0.0105082
0 0.0506609 0.743871 0.00881606 0.0200779
0 0.856286 0.696738 0.0113001 0.0191895
0 0.452387 0.763781 0.00531273 0.0111077
0 0.551051 0.814207 0.0094058 0.0522395
0 0.500058 0.718236 0.0136276 0.0113129
0 0.307114 0.766626 0.0200617 0.0135344
0 0.391687 0.8166 0.0166141 0.0526204
0 0.904109 0.684145 0.00690804 0.0130992
0 0.549764 0.809705 0.00667105 0.0407254
0 0.0087311 0.976147 0.0173619 0.0275699
0 0.886117 0.97505 0.040118 0.0277313
14 0.172672 0.736064 0.0139569 0.00892402
14 0.11233 0.739457 0.0242057 0.0130385
37 0.57752 0.880446 0.0341221 0.0118534
8 0.281675 0.735043 0.0157354 0.0203701
37 0.946726 0.860213 0.0197197 0.0195936
37 0.153465 0.983631 0.017743 0.0123281
0 0.00427058 0.973469 0.00847273 0.0302534
0 0.85237 0.842438 0.0221004 0.0172426
0 0.862293 0.834493 0.0275894 0.0344404
0 0.819245 0.814779 0.00985756 0.00955675
0 0.716992 0.787166 0.0172554 0.048684
8 0.0622026 0.74671 0.031327 0.0202969
37 0.10121 0.992454 0.0578728 0.0108032
0 0.836632 0.83488 0.0298325 0.0337663
0 0.910025 0.670971 0.00800323 0.00975172
0 0.947876 0.85614 0.0236631 0.0260546
0 0.933624 0.749324 0.00831261 0.0290978
26 0.153465 0.98366 0.0175337 0.0124312
14 0.928518 0.679559 0.00650044 0.00918528
0 0.857907 0.836076 0.0411526 0.0366852
14 0.959388 0.670666 0.00341301 0.00901701
0 0.38916 0.800599 0.0117214 0.0227308
0 0.0588647 0.746935 0.029705 0.0209702
0 0.726788 0.8041 0.00770702 0.0140764
14 0.118267 0.74139 0.0124805 0.00883925
0 0.991726 0.671351 0.00748081 0.0144318
0 0.33274 0.724131 0.0182909 0.0115268
37 0.963214 0.862982 0.0474869 0.0103102
0 0.934312 0.743906 0.0115517 0.0332974
37 0.173307 0.73625 0.0132291 0.00883755
33 0.391686 0.81611 0.0166272 0.0518945
37 0.333895 0.725243 0.0165897 0.00970561
0 0.495077 0.863194 0.0143055 0.0105303
0 0.871296 0.845283 0.0122108 0.0156908
0 0.878212 0.985059 0.034104 0.0282703
0 0.948513 0.861049 0.0253878 0.0197361
0 0.933365 0.740479 0.0145874 0.0448191
37 0.959035 0.865771 0.0569302 0.014713
0 0.940397 0.67403 0.00716896 0.0129134
37 0.577886 0.887025 0.0347301 0.00891147
0 0.895691 0.973388 0.0192631 0.0228241
0 0.782154 0.814211 0.0351935 0.0191191
37 0.843852 0.844074 0.0447109 0.0186483
0 0.858954 0.795099 0.00826225 0.0124861
0 0.984915 0.670146 0.00803642 0.0152352
