0 0.452349 0.833535 0.0130499 0.0675522
0 0.481747 0.828683 0.0132629 0.0565009
0 0.281213 0.864894 0.0161602 0.0584071
0 0.879075 0.761052 0.00827713 0.0456265
0 0.953366 0.848358 0.0223831 0.0422031
0 0.698508 0.794549 0.00905933 0.0524382
0 0.773831 0.779776 0.00920954 0.0479058
0 0.796766 0.775969 0.0103998 0.0498267
0 0.788099 0.776336 0.0100748 0.0487861
0 0.949008 0.747408 0.0122643 0.0484338
0 0.966667 0.740569 0.00977917 0.0454013
0 0.531859 0.778052 0.00707521 0.026276
0 0.830917 0.834328 0.0155334 0.0327037
0 0.422102 0.912129 0.0175213 0.0474053
0 0.856568 0.827886 0.0123598 0.0362451
0 0.472701 0.801488 0.00943079 0.0383464
0 0.843205 0.766006 0.00854988 0.0457991
37 0.198416 0.916457 0.046361 0.0313377
0 0.83677 0.770957 0.00987701 0.0417723
0 0.519472 0.780594 0.00873623 0.0202688
0 0.685276 0.7952 0.010457 0.0447486
0 0.718555 0.830329 0.0142104 0.0320092
0 0.894079 0.975978 0.0663803 0.046707
0 0.00683507 0.747276 0.010374 0.01865
0 0.898614 0.740457 0.00862427 0.0336739
0 0.71368 0.830683 0.0243623 0.0328625
0 0.908809 0.763205 0.00864067 0.0282856
0 0.676108 0.815749 0.0153101 0.0183384
0 0.971554 0.762459 0.013336 0.0273663
0 0.114464 0.983637 0.0322377 0.0190325
0 0.351933 0.989155 0.0186421 0.0216899
37 0.0222062 0.938313 0.0444124 0.0280667
0 0.927825 0.727738 0.00876579 0.0219686
0 0.939062 0.742658 0.00722313 0.0298489
0 0.99568 0.813951 0.00821972 0.0181686
0 0.883721 0.979428 0.0460854 0.0401474
0 0.784679 0.694651 0.00623007 0.0117794
0 0.330963 0.70774 0.00579214 0.0176807
0 0.853064 0.829666 0.0197231 0.0400397
0 0.577523 0.872653 0.0333914 0.0197759
0 0.906083 0.973729 0.0413073 0.0429059
0 0.00557231 0.981466 0.0110547 0.0136161
37 0.0964639 0.994213 0.0482012 0.00819516
0 0.290175 0.750428 0.00981498 0.0131578
0 0.371805 0.738834 0.0154576 0.0124814
0 0.91738 0.972709 0.0185196 0.0400954
0 0.996888 0.661568 0.00417404 0.0131542
0 0.9743 0.663738 0.00888824 0.0423817
0 0.949391 0.849923 0.0301672 0.0444782
37 0.0765316 0.752381 0.0137482 0.0113112
0 0.921099 0.973239 0.0287323 0.0410065
0 0.390843 0.832984 0.0186204 0.0872057
0 0.679604 0.816099 0.0217926 0.0190954
37 0.100963 0.991448 0.057423 0.0131727
0 0.997942 0.735379 0.00369453 0.0490631
0 0.110828 0.985751 0.0398902 0.0229563
0 0.0590268 0.749809 0.0035845 0.00731167
0 0.770083 0.811924 0.0135147 0.0170119
0 0.540998 0.848873 0.00714579 0.0283061
0 0.968753 0.74753 0.0184521 0.0545798
0 0.852057 0.841491 0.0219105 0.0187734
37 0.950203 0.865597 0.0375057 0.0177116
0 0.988448 0.67738 0.00428963 0.0122238
0 0.102808 0.986175 0.0559171 0.0229357
0 0.967854 0.763143 0.0236099 0.0285297
0 0.201332 0.727188 0.0054462 0.00730896
0 0.973758 0.763204 0.0192163 0.0275842
8 0.143963 0.74371 0.0456045 0.0185479
37 0.789256 0.819628 0.026938 0.00865139
0 0.907583 0.975759 0.0550348 0.0456333
37 0.00764559 0.75791 0.0146925 0.0082723
0 0.293036 0.751557 0.0153161 0.0130293
0 0.0669494 0.752208 0.0139039 0.0110708
24 0.153444 0.983468 0.0179006 0.012866
0 0.766076 0.694158 0.00866947 0.0115045
0 0.589382 0.907274 0.0519602 0.0251495
0 0.90369 0.681864 0.00451279 0.0157406
0 0.977243 0.665414 0.00547829 0.0372345
0 0.173096 0.736621 0.00514817 0.00772264
37 0.0713461 0.752263 0.0246756 0.0118039
37 0.935983 0.867589 0.0113461 0.0134613
0 0.0644718 0.752375 0.012857 0.010239
37 0.488358 0.863662 0.0288044 0.0102746
37 0.588709 0.911025 0.052462 0.0187802
37 0.949714 0.863851 0.0213676 0.0157064
0 0.976066 0.664095 0.00767937 0.04099
0 0.683129 0.797085 0.0150885 0.0486393
0 0.120348 0.98488 0.0381977 0.0203673
0 0.159977 0.739016 0.00979133 0.0125512
0 0.788343 0.817754 0.0264482 0.0110486
37 0.960222 0.862961 0.0480095 0.0174266
37 0.852597 0.844773 0.0257961 0.0152422
0 0.773571 0.812497 0.0211059 0.0199654
0 0.00584318 0.97877 0.011576 0.0186754
0 0.129919 0.985184 0.065645 0.0213806
37 0.856452 0.845842 0.0396698 0.0148577
0 0.120699 0.985874 0.0279121 0.0216197
0 0.779671 0.817322 0.0085269 0.0104563
37 0.682513 0.818003 0.0182076 0.0148407
0 0.995372 0.808719 0.00878449 0.0293959
0 0.879911 0.98519 0.0384876 0.0289335
37 0.695623 0.84161 0.0267456 0.0145471
33 0.390805 0.811236 0.017396 0.0416745
37 0.951949 0.867251 0.0398609 0.01321
8 0.14363 0.746337 0.0434969 0.0136746
0 0.865078 0.679674 0.00341663 0.00997857
0 0.153118 0.740621 0.00866015 0.010475
37 0.958102 0.866308 0.0557148 0.0149735
0 0.85978 0.795747 0.0070919 0.0115104
37 0.0784188 0.752435 0.0188434 0.0118679
37 0.790217 0.818238 0.0293291 0.0107276
0 0.914873 0.976164 0.0404488 0.0433217
0 0.691972 0.793815 0.0228041 0.050086
37 0.592412 0.914307 0.0431265 0.0115448
37 0.960576 0.863219 0.0519644 0.0123433
0 0.00948265 0.981159 0.0187566 0.0155284
0 0.858455 0.831878 0.0406559 0.0434391
0 0.844452 0.837573 0.0454288 0.032116
37 0.752782 0.826526 0.0292933 0.00654839
0 0.862826 0.830248 0.0265072 0.0423284
