0 0.451851 0.834363 0.0125484 0.0659105
0 0.573178 0.815614 0.0113408 0.0496419
0 0.507216 0.823866 0.0145044 0.0530763
0 0.746557 0.783051 0.00679894 0.0479614
0 0.842528 0.767075 0.00864906 0.0453135
0 0.662538 0.796003 0.0120857 0.0549733
0 0.718576 0.830444 0.0138954 0.0314924
0 0.715964 0.788654 0.00768909 0.0483059
0 0.830872 0.83488 0.0176996 0.0332326
0 0.953675 0.849834 0.0224455 0.0412209
0 0.70963 0.790576 0.00740032 0.0445672
0 0.115445 0.98296 0.0349766 0.0273261
0 0.796541 0.774818 0.00825844 0.0476424
0 0.694052 0.790509 0.0112694 0.0535292
0 0.390763 0.812032 0.0185437 0.0456811
37 0.19781 0.91636 0.0448706 0.0314765
0 0.474912 0.856876 0.0180137 0.0244743
0 0.432129 0.914152 0.0271859 0.0371162
0 0.856585 0.829612 0.0136232 0.0326797
0 0.355443 0.989108 0.0140507 0.0217842
0 0.012247 0.749707 0.0114987 0.0207682
0 0.00559419 0.97902 0.0111148 0.0182254
0 0.971979 0.762276 0.0121391 0.0264513
0 0.985882 0.74672 0.00862045 0.0377302
0 0.939354 0.727581 0.0078764 0.0203325
0 0.890715 0.975492 0.0591621 0.0469391
0 0.0632334 0.737855 0.00870507 0.016743
37 0.0221468 0.93825 0.0442935 0.0294281
0 0.701979 0.792948 0.00945511 0.0417113
0 0.270408 0.724963 0.00878725 0.0222694
0 0.974546 0.762285 0.0178383 0.027163
0 0.910446 0.973255 0.0489155 0.0431751
0 0.314871 0.713415 0.00679855 0.0168654
0 0.852855 0.830686 0.0228426 0.0347278
0 0.290846 0.719526 0.00678868 0.0164451
0 0.414006 0.760867 0.0079092 0.0134104
0 0.903197 0.972382 0.0343647 0.0413422
0 0.377387 0.777075 0.00808859 0.0165604
0 0.422283 0.760754 0.0247787 0.0143199
0 0.996369 0.811996 0.00683689 0.0179393
0 0.713452 0.789419 0.00783978 0.0465059
0 0.798908 0.774528 0.0129864 0.0480443
37 0.0951806 0.994486 0.0476535 0.00810886
0 0.883459 0.979568 0.0453644 0.0390815
0 0.676343 0.814159 0.0160501 0.0205387
0 0.973198 0.676043 0.00673447 0.0173655
0 0.497246 0.728368 0.00695019 0.00987583
0 0.972493 0.677685 0.00565891 0.0196281
0 0.159191 0.731154 0.00818772 0.0118561
0 0.417282 0.761257 0.0145937 0.0137221
0 0.92167 0.973162 0.0285656 0.0420288
0 0.480733 0.856838 0.0302265 0.0245107
0 0.814712 0.698498 0.00585403 0.0188852
16 0.676098 0.814104 0.0165155 0.0209184
37 0.852911 0.848105 0.0263779 0.0107541
0 0.0785919 0.744967 0.00544739 0.0137129
0 0.291021 0.723736 0.00711107 0.0106937
0 0.069096 0.748322 0.00898761 0.0113395
37 0.576307 0.875217 0.0360005 0.0143178
0 0.773132 0.812804 0.0206398 0.0158157
0 0.54093 0.847293 0.00746365 0.0301541
0 0.390688 0.831198 0.0186821 0.0843743
0 0.902863 0.685322 0.00390053 0.0137148
0 0.843278 0.696402 0.00438767 0.0164569
0 0.715295 0.830813 0.0205399 0.0330036
0 0.576845 0.875805 0.0353622 0.0137283
0 0.718131 0.788611 0.0107893 0.0480974
37 0.138809 0.739266 0.0165613 0.00900286
37 0.727862 0.784 0.0184459 0.0141754
0 0.270984 0.728566 0.0107677 0.0295415
8 0.284031 0.725113 0.0656388 0.0336726
0 0.500032 0.725995 0.013341 0.0152581
37 0.102686 0.992936 0.0622148 0.0100844
0 0.102143 0.983226 0.0607069 0.0274829
0 0.379108 0.777157 0.011688 0.0168077
0 0.990443 0.669482 0.00397911 0.0136346
0 0.157558 0.731445 0.0124531 0.0132823
0 0.135573 0.739355 0.0100184 0.0084688
8 0.298786 0.718849 0.0250843 0.0161201
4 0.236231 0.295451 0.0253875 0.0105251
0 0.691314 0.792889 0.0100199 0.0507779
0 0.945303 0.676936 0.00957088 0.0165161
0 0.146134 0.73392 0.0359236 0.0197996
24 0.153811 0.983233 0.0183192 0.0132992
0 0.95373 0.858812 0.0204889 0.02402
0 0.130779 0.982516 0.0657712 0.0276391
0 0.778204 0.81362 0.0107681 0.0148212
0 0.0604139 0.738185 0.015951 0.0172351
0 0.85955 0.795151 0.00704651 0.0127394
8 0.26511 0.736396 0.0290487 0.0156721
8 0.299018 0.718404 0.022016 0.0125373
0 0.498646 0.724337 0.0109091 0.0181941
8 0.262734 0.734142 0.0238361 0.0104818
0 0.995974 0.670353 0.0069355 0.0139821
37 0.975212 0.771434 0.0173603 0.00970493
37 0.577428 0.879612 0.0336721 0.0113553
0 0.693547 0.805996 0.0110983 0.0247726
37 0.495181 0.862696 0.0156651 0.0111487
0 0.440572 0.914931 0.0107159 0.0335473
37 0.521152 0.80642 0.0278929 0.0131327
0 0.139106 0.739202 0.0171484 0.010015
14 0.861896 0.691704 0.006077 0.00799984
0 0.00929416 0.979222 0.0183763 0.0198042
0 0.914577 0.967467 0.00924168 0.0322595
0 0.875791 0.984698 0.0298615 0.028991
8 0.29565 0.719785 0.0315161 0.0197133
37 0.411717 0.859305 0.0422876 0.0308884
8 0.263739 0.737697 0.0253549 0.0118396
14 0.237657 0.295953 0.0278561 0.0115776
37 0.936491 0.867035 0.0123764 0.0149711
0 0.858016 0.795495 0.0119379 0.0131868
