0 0.337469 0.902121 0.0225224 0.0817091
0 0.452792 0.834703 0.0120062 0.0652337
0 0.403311 0.841392 0.0110986 0.0615024
0 0.58683 0.809133 0.0125977 0.0576877
0 0.727725 0.786286 0.0116111 0.0504964
0 0.830878 0.835137 0.0175405 0.0323463
0 0.796644 0.775158 0.0086997 0.0496774
0 0.652021 0.802239 0.00819216 0.0453418
0 0.689299 0.795362 0.010635 0.0463759
0 0.842975 0.76145 0.00797844 0.0360509
0 0.718046 0.83023 0.0139528 0.0314351
0 0.701399 0.795624 0.0113412 0.0500217
0 0.547191 0.816105 0.0112718 0.0551473
0 0.555291 0.819007 0.00843945 0.0492098
0 0.714326 0.789538 0.010228 0.0488583
0 0.957066 0.848063 0.0152592 0.0354062
0 0.11519 0.982812 0.0341664 0.0277432
37 0.198148 0.916552 0.0449571 0.0300824
0 0.930756 0.748967 0.00916271 0.0468911
0 0.994802 0.730445 0.00540848 0.0261458
37 0.0221685 0.938761 0.044337 0.0303314
0 0.483907 0.857738 0.0364173 0.0235816
0 0.971625 0.762371 0.0134766 0.0273041
0 0.668098 0.80487 0.0067831 0.034078
0 0.894099 0.975647 0.0649914 0.0442754
0 0.391098 0.819986 0.0181786 0.0604543
0 0.0519549 0.742074 0.00394306 0.0172139
0 0.945505 0.849709 0.0170481 0.0341933
0 0.906401 0.973329 0.040036 0.0395335
0 0.475623 0.857562 0.0191542 0.0233097
37 0.0965561 0.994036 0.0487288 0.00825111
0 0.85556 0.832016 0.0159084 0.0283274
0 0.00534889 0.976275 0.0106373 0.0250566
0 0.974125 0.762337 0.0186005 0.0283315
0 0.355309 0.989281 0.0135797 0.0214381
0 0.852968 0.833598 0.0224514 0.0299344
0 0.676838 0.814544 0.0217665 0.0211538
0 0.858517 0.696424 0.0089817 0.0192715
0 0.00342466 0.976351 0.00679819 0.0241703
0 0.917448 0.972881 0.0171059 0.0384576
0 0.883702 0.981504 0.0447716 0.0347334
0 0.107412 0.983058 0.052476 0.0288634
0 0.675959 0.810761 0.0226486 0.0291594
0 0.996164 0.813533 0.00726566 0.0157427
37 0.853345 0.848578 0.024642 0.00863851
0 0.0515183 0.744086 0.00567045 0.0220778
37 0.57709 0.875721 0.0339369 0.0137356
0 0.715233 0.830619 0.0201917 0.0321465
0 0.772906 0.812846 0.0206865 0.0196793
0 0.921553 0.973288 0.0261742 0.0390447
0 0.331937 0.725161 0.0244829 0.0125668
8 0.0587252 0.751405 0.0348758 0.0143561
0 0.34772 0.772695 0.00393744 0.00910373
0 0.770068 0.811846 0.0150213 0.0204044
0 0.39093 0.832925 0.0181456 0.0858983
0 0.884892 0.976479 0.0429123 0.0309848
8 0.27853 0.736496 0.0180324 0.0141171
37 0.333035 0.725964 0.0228347 0.0110816
0 0.942492 0.851095 0.0204855 0.0369843
0 0.674806 0.805606 0.0207176 0.0366357
0 0.00874193 0.976475 0.0173244 0.0268633
0 0.859525 0.795003 0.00646477 0.0130012
37 0.100839 0.992507 0.0567223 0.0106708
0 0.00348889 0.755185 0.00693104 0.0102702
0 0.864147 0.834985 0.0281332 0.0347449
37 0.577541 0.879714 0.034194 0.0131717
0 0.859282 0.835869 0.0383301 0.036578
0 0.303879 0.765901 0.0203457 0.0136237
8 0.0580248 0.749167 0.0367043 0.0207109
0 0.0595401 0.742242 0.00811663 0.0103416
0 0.71763 0.790968 0.0100925 0.0388072
37 0.15347 0.983638 0.0177225 0.0123467
0 0.841687 0.835437 0.0397194 0.0331763
0 0.503167 0.719479 0.0125517 0.0100728
0 0.278545 0.737037 0.0180092 0.0143061
8 0.172772 0.736695 0.015703 0.00995839
0 0.360014 0.897882 0.0141694 0.0295756
0 0.983639 0.67011 0.0054491 0.0135824
0 0.0499597 0.744764 0.00805533 0.0223226
0 0.780529 0.813346 0.0358267 0.0212972
0 0.00397889 0.973568 0.00788136 0.0299579
0 0.99368 0.730804 0.00787449 0.0270549
0 0.930793 0.724683 0.00907288 0.0195357
37 0.984426 0.754787 0.0305573 0.0109175
0 0.819182 0.81481 0.00978241 0.0095025
37 0.844019 0.843964 0.0449238 0.0188928
14 0.92858 0.679537 0.00656357 0.00950436
0 0.851497 0.796713 0.00740547 0.0086397
0 0.878764 0.985042 0.0352028 0.0282589
0 0.987391 0.671894 0.00418186 0.0156325
0 0.871425 0.845314 0.0123348 0.015705
37 0.577931 0.887008 0.0347691 0.00888095
0 0.911561 0.671541 0.0063818 0.0111053
0 0.992354 0.670143 0.00588799 0.0133063
37 0.98305 0.75414 0.0338995 0.0154117
37 0.986815 0.752024 0.0259356 0.0107151
0 0.49492 0.86312 0.0145423 0.0112686
37 0.938611 0.865289 0.0229607 0.0174442
0 0.859905 0.695998 0.0138779 0.0208906
0 0.78741 0.817636 0.024291 0.0122745
0 0.895698 0.972603 0.0199512 0.030404
37 0.577978 0.886436 0.0352866 0.0125276
37 0.102644 0.984211 0.06194 0.0263273
