0 0.453025 0.834001 0.0128343 0.0674427
0 0.244016 0.87009 0.0165804 0.0539302
0 0.698212 0.795794 0.00908327 0.0444492
0 0.953582 0.848766 0.0223553 0.042789
0 0.983519 0.738006 0.00848083 0.0469966
0 0.824099 0.770717 0.00907669 0.0371979
0 0.843335 0.764471 0.00835228 0.0450965
0 0.422743 0.909949 0.018246 0.0502031
0 0.775999 0.776997 0.00776024 0.0501263
0 0.478754 0.826401 0.0171223 0.0656172
0 0.951833 0.744893 0.0101757 0.0450236
0 0.872575 0.76161 0.00973015 0.0408998
0 0.810695 0.771694 0.00798244 0.0386902
0 0.854266 0.764782 0.00819626 0.043799
0 0.969006 0.739138 0.0116489 0.0372433
37 0.198622 0.915361 0.0454881 0.0327732
0 0.521948 0.781516 0.00996819 0.0310842
0 0.787904 0.776692 0.00860386 0.0472254
0 0.830463 0.834323 0.016013 0.0323663
0 0.932328 0.731034 0.00923977 0.0278865
0 0.765946 0.696426 0.00721531 0.0139198
0 0.795713 0.780692 0.00808477 0.0389833
0 0.331251 0.708849 0.00495167 0.0150279
0 0.00938307 0.743023 0.0087171 0.0161567
0 0.354329 0.989187 0.0148178 0.0216254
0 0.680613 0.787029 0.00912342 0.0265684
0 0.716817 0.830753 0.0121676 0.031508
37 0.0221204 0.938254 0.0442408 0.0296446
0 0.855507 0.831131 0.0193268 0.0350413
0 0.883528 0.980208 0.0453747 0.038307
0 0.114688 0.983059 0.0304257 0.0243028
0 0.506304 0.781268 0.00786495 0.0199534
0 0.995655 0.811924 0.00826759 0.0210583
0 0.716269 0.831089 0.0184673 0.0316603
0 0.917213 0.972774 0.0182526 0.0397542
0 0.905826 0.74307 0.007621 0.0242884
0 0.3713 0.738405 0.00851078 0.0115831
0 0.781734 0.694837 0.0065053 0.0136286
0 0.391241 0.818175 0.0174405 0.0571418
37 0.095773 0.994254 0.0471825 0.00829909
0 0.921444 0.973802 0.0271568 0.0420095
0 0.675893 0.816221 0.0144861 0.0176293
0 0.974428 0.763915 0.0187 0.0251789
0 0.119785 0.985083 0.0402434 0.0223694
0 0.291648 0.752818 0.00802498 0.0172502
0 0.104074 0.984501 0.0531288 0.0256259
8 0.584338 0.320567 0.0117653 0.00744951
0 0.906946 0.973529 0.0415607 0.0407961
0 0.577133 0.874718 0.0335096 0.0164086
0 0.897229 0.764722 0.00614834 0.0259871
0 0.00562427 0.981412 0.0111711 0.0145087
0 0.913155 0.973074 0.0271784 0.0407111
0 0.109558 0.981282 0.0198642 0.0238929
0 0.680503 0.794421 0.0104866 0.0424981
8 0.00799845 0.749388 0.0157755 0.00899709
0 0.870954 0.679856 0.00831909 0.0173974
0 0.00753476 0.743763 0.0146256 0.0179925
8 0.0688624 0.745361 0.0254796 0.021324
0 0.89515 0.976166 0.0680202 0.0447391
0 0.977416 0.654629 0.00729675 0.0231253
0 0.203363 0.72941 0.00688748 0.00887299
0 0.76991 0.81261 0.0162661 0.0158688
0 0.712731 0.83175 0.0213664 0.0326862
37 0.332034 0.71474 0.0375836 0.00812276
0 0.793795 0.780031 0.0119991 0.0419405
0 0.201166 0.729708 0.0126111 0.00926514
8 0.953616 0.677387 0.0189102 0.0195531
0 0.484846 0.809765 0.00769939 0.038963
8 0.332154 0.7151 0.0382077 0.00873108
0 0.486102 0.808049 0.00582991 0.0358498
37 0.101137 0.986196 0.0579801 0.023243
0 0.976425 0.665484 0.00991592 0.0410394
8 0.0079409 0.75279 0.0157763 0.00828501
0 0.939358 0.657781 0.00414925 0.00866038
0 0.0761013 0.743464 0.010612 0.0175142
0 0.299482 0.740471 0.0071867 0.0124732
0 0.117616 0.985172 0.0266073 0.0235333
8 0.331659 0.713971 0.0400822 0.0121419
0 0.790705 0.776809 0.0119473 0.0477688
8 0.0085645 0.75061 0.0158789 0.00719062
0 0.905415 0.74894 0.00818005 0.0358873
0 0.70283 0.831948 0.0439778 0.0331909
0 0.976006 0.672532 0.00953064 0.0301997
0 0.880688 0.984262 0.0394657 0.0305813
0 0.125015 0.985631 0.0285777 0.0218621
0 0.679949 0.81534 0.0215508 0.0200673
0 0.957722 0.848195 0.0145452 0.0382745
37 0.692783 0.841755 0.0330355 0.0144626
0 0.974633 0.673801 0.00857563 0.0280324
0 0.89694 0.762663 0.00823975 0.0309338
26 0.935954 0.865598 0.0116779 0.0160634
0 0.300722 0.741616 0.0102196 0.013932
0 0.97765 0.658055 0.00876617 0.031155
8 0.871091 0.685485 0.0118906 0.0102982
0 0.540826 0.850474 0.0077116 0.031081
0 0.20398 0.729747 0.0177964 0.00994653
37 0.421671 0.927808 0.0172245 0.0150643
0 0.992929 0.659867 0.00545616 0.0113751
0 0.601671 0.754895 0.0049099 0.0118049
0 0.4837 0.806572 0.00936699 0.0317634
0 0.676818 0.814374 0.0187967 0.0221229
37 0.9359 0.866017 0.0116261 0.015252
0 0.89812 0.760334 0.00882606 0.0281659
37 0.853039 0.848113 0.024276 0.00884399
0 0.109815 0.740094 0.0110829 0.0107544
8 0.845605 0.834789 0.0468632 0.0381092
0 0.473505 0.821743 0.00730085 0.0282647
0 0.839014 0.835121 0.0347122 0.034926
24 0.153727 0.983387 0.0182014 0.013011
0 0.947372 0.851182 0.0344891 0.0458164
8 0.870717 0.682541 0.0128094 0.0145092
0 0.589323 0.906879 0.0396984 0.0233807
8 0.298542 0.748961 0.0256331 0.027174
0 0.833284 0.834297 0.0237282 0.0348996
0 0.915909 0.975554 0.0386232 0.0432031
37 0.843924 0.839287 0.0448772 0.0292413
8 0.947558 0.677523 0.0313854 0.0206267
0 0.107096 0.981889 0.0303649 0.0272732
37 0.701353 0.840866 0.0426929 0.0153061
0 0.779171 0.816213 0.00771723 0.00987074
37 0.946087 0.865045 0.0324127 0.0187354
37 0.101244 0.990325 0.0577401 0.0157705
37 0.853214 0.845956 0.0259987 0.0130134
0 0.902268 0.746791 0.0159424 0.0319048
