0 0.452158 0.834346 0.0129322 0.0659292
0 0.57158 0.815814 0.0107311 0.0483994
0 0.660874 0.798005 0.0120157 0.0519843
0 0.842443 0.76704 0.00885811 0.0454532
0 0.506211 0.825538 0.0144953 0.0541857
0 0.746271 0.783099 0.00726376 0.0479736
0 0.718544 0.830243 0.0140732 0.0319756
0 0.830787 0.834895 0.017635 0.0330409
0 0.692289 0.790851 0.0105141 0.0538252
0 0.715264 0.788751 0.00761623 0.0487739
0 0.95358 0.849702 0.0221424 0.0410049
0 0.115564 0.982981 0.035293 0.0274936
0 0.796819 0.775149 0.00821552 0.0468957
0 0.390809 0.811822 0.0184347 0.0446528
0 0.70923 0.791294 0.00710182 0.0437859
0 0.475034 0.856812 0.0175591 0.02451
37 0.197718 0.916266 0.0447854 0.0315837
0 0.432106 0.914075 0.0273146 0.0369495
0 0.701659 0.793507 0.0095499 0.0434842
0 0.856605 0.829689 0.0135567 0.0327528
0 0.355444 0.989114 0.0140475 0.0217717
37 0.0221538 0.938299 0.0443076 0.029493
0 0.00561689 0.979192 0.0111579 0.0182887
0 0.98486 0.746893 0.00654297 0.03004
0 0.0118719 0.749751 0.00988718 0.0200487
0 0.972038 0.762543 0.01357 0.0265194
0 0.897099 0.975197 0.0721237 0.0469961
0 0.939287 0.727213 0.00767307 0.0209305
0 0.910923 0.974054 0.0493389 0.0446942
0 0.270735 0.723828 0.00697498 0.0200958
0 0.314802 0.713804 0.0065156 0.0176422
0 0.414764 0.760803 0.00834064 0.0148749
0 0.0632597 0.737529 0.00794494 0.0167962
0 0.852774 0.830661 0.0230347 0.0347958
0 0.0132232 0.751257 0.012846 0.0231801
0 0.676788 0.813865 0.0180742 0.0213026
37 0.094807 0.994497 0.0469281 0.0081326
0 0.996374 0.812229 0.0068264 0.0174564
0 0.887946 0.979064 0.0544138 0.0400652
0 0.903824 0.972509 0.0351124 0.0416657
0 0.428004 0.761446 0.0130107 0.0129829
0 0.842794 0.697334 0.00642776 0.0173128
0 0.497065 0.728911 0.00537405 0.00802324
0 0.921621 0.97307 0.0281176 0.0417852
4 0.234541 0.294779 0.025872 0.0107015
37 0.852906 0.84813 0.0263918 0.0106747
0 0.271196 0.725662 0.00926218 0.0245561
0 0.970866 0.67775 0.00481148 0.0190476
0 0.483924 0.856783 0.0356153 0.024423
0 0.972314 0.676492 0.00739403 0.0191996
0 0.418128 0.760776 0.0149305 0.0150489
0 0.422635 0.761082 0.0243603 0.0139984
0 0.377745 0.776752 0.0117272 0.0177036
0 0.0692281 0.747751 0.00788969 0.010398
8 0.299324 0.720084 0.0283868 0.0212599
0 0.715664 0.830545 0.0199279 0.0336302
37 0.576277 0.875233 0.036072 0.0142775
0 0.430462 0.761312 0.00890303 0.0125349
0 0.815162 0.698718 0.00621338 0.0190542
0 0.291054 0.723029 0.00624228 0.014053
0 0.974523 0.768448 0.0188538 0.0159654
0 0.985325 0.742762 0.0079071 0.0406686
37 0.102471 0.993209 0.0623373 0.00964067
0 0.773009 0.812816 0.0205147 0.0156253
8 0.299297 0.718912 0.0251153 0.0163959
0 0.290852 0.719973 0.0066473 0.0168491
0 0.576854 0.875824 0.0354364 0.0136929
0 0.54096 0.847936 0.00788555 0.0292123
0 0.102255 0.983324 0.060765 0.027848
0 0.372894 0.77645 0.0217649 0.0191223
0 0.902695 0.686268 0.00385437 0.0142572
0 0.0649258 0.738142 0.0111563 0.0191973
0 0.794877 0.774962 0.0119447 0.048114
0 0.269366 0.724507 0.0106185 0.0224192
0 0.983957 0.748635 0.0073801 0.030512
0 0.479724 0.856848 0.020759 0.0233771
24 0.153816 0.983205 0.0183507 0.013335
0 0.94525 0.676547 0.0102768 0.0170405
0 0.953334 0.860597 0.020406 0.0210056
0 0.130781 0.9825 0.0658422 0.0278992
0 0.717736 0.788672 0.0117558 0.0485799
0 0.138426 0.739301 0.0163405 0.00848796
37 0.49534 0.862798 0.0157715 0.0109155
37 0.485279 0.863109 0.0357052 0.0119388
37 0.138806 0.739234 0.0162752 0.0086436
37 0.577467 0.880026 0.0336554 0.0106232
0 0.859552 0.79515 0.00717812 0.0127616
0 0.778732 0.813988 0.00969963 0.0138665
0 0.499378 0.728847 0.0124205 0.00923784
0 0.159802 0.730108 0.0103388 0.0106727
8 0.286846 0.722495 0.0631575 0.0339094
0 0.990613 0.669799 0.00521507 0.0136163
37 0.851466 0.846954 0.0299793 0.0136175
0 0.390796 0.826927 0.018633 0.0753174
0 0.440617 0.915389 0.0105946 0.0327591
0 0.0608613 0.737963 0.0142793 0.0180722
0 0.00931407 0.979427 0.0184144 0.0199305
0 0.79863 0.77506 0.0113013 0.0477024
37 0.856921 0.846931 0.0363691 0.0150642
0 0.914591 0.965904 0.00905724 0.0289929
37 0.678247 0.772775 0.0382293 0.0147788
37 0.939948 0.735674 0.00953999 0.00809767
0 0.872336 0.844868 0.0145933 0.0162113
37 0.935856 0.867017 0.0114552 0.0147181
0 0.844051 0.697399 0.00639553 0.0182713
