0 0.453602 0.833543 0.0118092 0.0668869
0 0.479101 0.831608 0.0140492 0.0628828
0 0.430991 0.894321 0.0207069 0.0793983
0 0.697599 0.793379 0.00875721 0.0423453
0 0.830177 0.834648 0.0171164 0.0337307
0 0.111571 0.894086 0.0151679 0.060476
0 0.842726 0.766305 0.00959168 0.0453003
0 0.790781 0.778773 0.00871248 0.0425259
0 0.494703 0.782995 0.00761547 0.0295822
0 0.942892 0.747958 0.00904026 0.0482001
0 0.873476 0.759509 0.00808029 0.0398811
0 0.905885 0.754919 0.00873489 0.04762
0 0.855451 0.831612 0.0161274 0.0331638
0 0.514436 0.80781 0.00846777 0.0400601
0 0.717567 0.831065 0.0115759 0.0298484
0 0.855418 0.771862 0.00617676 0.0291612
0 0.953804 0.848628 0.0218498 0.038269
37 0.0220797 0.938957 0.0441595 0.0295129
0 0.896051 0.975712 0.0671106 0.0455807
37 0.0739977 0.748769 0.0114138 0.0157735
0 0.79686 0.775598 0.00899887 0.0479718
37 0.19836 0.915873 0.046347 0.0316449
0 0.760198 0.780639 0.00684948 0.0483883
0 0.00529012 0.750111 0.00970216 0.0179796
0 0.690933 0.791798 0.00693436 0.0349136
0 0.470815 0.774959 0.00779705 0.0191733
0 0.924172 0.740854 0.00737228 0.032446
0 0.691142 0.787119 0.00663414 0.0253123
0 0.974371 0.762262 0.0180092 0.0277761
0 0.934668 0.72837 0.00502357 0.0224664
0 0.852697 0.83241 0.0213469 0.035321
0 0.355027 0.989082 0.0142791 0.021836
0 0.0723942 0.739184 0.00724607 0.00855187
0 0.676493 0.815723 0.0159765 0.0188354
0 0.991243 0.737776 0.0076519 0.0332133
0 0.747268 0.78808 0.00697479 0.0306324
0 0.00583591 0.981502 0.0115945 0.014132
0 0.690886 0.795239 0.00834932 0.0429284
0 0.512861 0.806057 0.011271 0.0376743
0 0.747557 0.792042 0.00666637 0.0254147
0 0.315987 0.749588 0.00619059 0.0124332
0 0.115685 0.983742 0.0311661 0.0267951
0 0.577561 0.874938 0.0334402 0.0155704
0 0.884265 0.979177 0.0442286 0.0387346
0 0.995806 0.813333 0.0079731 0.0171624
0 0.95163 0.858634 0.0179506 0.0248762
0 0.759827 0.770561 0.00684137 0.0283968
0 0.509603 0.809785 0.0048563 0.021218
0 0.79035 0.698676 0.00624104 0.0194813
0 0.746666 0.781504 0.0071064 0.0386281
0 0.921591 0.973416 0.0282179 0.0412916
0 0.0535783 0.751714 0.00293036 0.00777249
37 0.0944604 0.994231 0.045182 0.00843404
8 0.324926 0.753678 0.0273346 0.0170163
0 0.917598 0.972948 0.0194658 0.040458
0 0.120814 0.984315 0.0389113 0.0246036
0 0.906124 0.974423 0.0437599 0.0433936
8 0.533275 0.740219 0.0166038 0.00980496
8 0.472161 0.782014 0.0204756 0.0161706
0 0.909395 0.754395 0.00811195 0.0465101
8 0.0728005 0.748661 0.0144319 0.0178365
0 0.0676169 0.751566 0.00520898 0.0114929
0 0.472728 0.779766 0.0197854 0.0209632
0 0.159956 0.739914 0.00357621 0.00738085
37 0.852544 0.84613 0.0249428 0.0125627
0 0.109695 0.981697 0.0196192 0.0238564
33 0.391049 0.812865 0.0179536 0.0466334
0 0.765716 0.696716 0.00594883 0.0139441
0 0.904498 0.679428 0.00625191 0.0196325
8 0.933316 0.250711 0.0117508 0.00720885
0 0.325687 0.713804 0.00571775 0.0155121
0 0.34855 0.729899 0.00581551 0.00964966
0 0.0713295 0.746289 0.0135242 0.023625
0 0.757994 0.781276 0.0118703 0.0498968
0 0.691066 0.802604 0.0112463 0.0324868
37 0.00809823 0.758338 0.0160799 0.00941535
0 0.0735527 0.74589 0.0129642 0.0214016
0 0.102414 0.984242 0.060435 0.0274957
0 0.998081 0.733303 0.00335846 0.0230865
8 0.267211 0.397496 0.00564432 0.0094613
0 0.71288 0.831551 0.0242527 0.0311579
0 0.771427 0.81286 0.0125799 0.0148697
0 0.863031 0.833484 0.0345856 0.0382941
0 0.324518 0.754097 0.0265926 0.0160017
14 0.884407 0.684195 0.00638638 0.0103644
0 0.288972 0.736549 0.00799403 0.00761007
0 0.577469 0.87055 0.0340121 0.0246687
0 0.765804 0.699106 0.0063448 0.0186033
16 0.773119 0.812427 0.00900612 0.0155947
37 0.843573 0.845786 0.044706 0.0153663
0 0.775255 0.812687 0.0164713 0.0160773
0 0.983018 0.677042 0.00419159 0.0120207
0 0.975624 0.674424 0.00578041 0.0193929
0 0.872326 0.845526 0.0145676 0.0153561
14 0.951758 0.662928 0.00452538 0.00787125
0 0.131693 0.984104 0.0630165 0.0239505
0 0.872099 0.770015 0.0105331 0.030619
0 0.591036 0.907344 0.05975 0.0247772
0 0.974542 0.672539 0.00640717 0.0180622
37 0.850989 0.844147 0.0204453 0.0128777
0 0.00594856 0.978705 0.0117991 0.0192322
37 0.59124 0.907422 0.0605333 0.0258358
0 0.694696 0.795657 0.0137341 0.0457241
0 0.853381 0.844424 0.0526466 0.0199985
24 0.153648 0.983304 0.0178926 0.0135739
0 0.83951 0.765229 0.00538216 0.0333425
0 0.390988 0.812734 0.0177792 0.0461405
0 0.936616 0.86711 0.0125023 0.0155399
37 0.985581 0.758182 0.0283691 0.010141
37 0.00522474 0.756646 0.010382 0.0123679
0 0.759497 0.772876 0.00799351 0.0369517
0 0.77744 0.81376 0.0117324 0.0137076
0 0.925648 0.681119 0.00750656 0.00911747
0 0.842472 0.833371 0.0423111 0.0378155
37 0.936129 0.867087 0.0116159 0.0155701
0 0.00896921 0.981378 0.0177769 0.0156955
0 0.153894 0.983381 0.0178465 0.0140671
14 0.197556 0.732604 0.010507 0.00812344
0 0.998013 0.730054 0.00353813 0.032607
8 0.0659797 0.747671 0.0283589 0.0201447
0 0.92252 0.741724 0.0114529 0.0328172
0 0.995347 0.80796 0.00882874 0.0292775
0 0.687085 0.810499 0.0160542 0.0231645
0 0.953504 0.859582 0.02939 0.0279514
0 0.997732 0.736926 0.00401916 0.0331256
