0 0.451929 0.834087 0.0126958 0.06694
0 0.514901 0.821718 0.0127533 0.0560825
0 0.842651 0.767042 0.00932903 0.0463392
0 0.796594 0.774719 0.0076416 0.0474647
0 0.691331 0.79488 0.00885372 0.0459337
0 0.718514 0.830574 0.0140692 0.0311523
0 0.581907 0.814831 0.0119075 0.0513363
0 0.953725 0.849863 0.0226662 0.0410443
0 0.74649 0.78215 0.00841331 0.0489522
0 0.830874 0.834707 0.0176941 0.0334949
0 0.115985 0.982898 0.0360441 0.0273217
0 0.474647 0.856748 0.0177847 0.025077
0 0.0116303 0.749879 0.00885763 0.0201279
0 0.431804 0.914148 0.027818 0.0371138
0 0.675733 0.789527 0.0105759 0.0418894
0 0.705355 0.789337 0.0118035 0.0514326
0 0.723119 0.78808 0.00852852 0.0474616
37 0.197593 0.91576 0.0448863 0.0313868
0 0.974464 0.761745 0.0183582 0.02856
0 0.856198 0.829539 0.0141018 0.033265
0 0.355346 0.98919 0.0139887 0.0216195
37 0.0221231 0.938002 0.0441699 0.0294898
0 0.897764 0.975171 0.0734127 0.0468764
0 0.411443 0.762396 0.00633621 0.0131721
0 0.00572037 0.979472 0.0113708 0.0183014
0 0.840583 0.697631 0.00517273 0.0181825
0 0.938893 0.72714 0.00739937 0.0204402
0 0.708363 0.791684 0.0139423 0.0463596
0 0.853037 0.830598 0.022287 0.0351176
0 0.382836 0.775364 0.00594902 0.0147634
0 0.315282 0.711684 0.00693512 0.0142636
0 0.91126 0.974358 0.0496258 0.0453518
0 0.267661 0.727875 0.00607352 0.0143475
0 0.712249 0.790945 0.00863743 0.0445374
0 0.288366 0.718088 0.00692253 0.0136105
8 0.993115 0.698792 0.0133402 0.0141505
37 0.09494 0.994447 0.0471679 0.0080285
0 0.0627211 0.738033 0.00747201 0.0136675
0 0.286727 0.718149 0.00834475 0.0139999
0 0.946806 0.676229 0.00572777 0.0176261
0 0.0584242 0.73814 0.0157882 0.0130873
0 0.996259 0.810678 0.00706596 0.0207089
0 0.500296 0.72734 0.0130505 0.0141866
0 0.390928 0.827262 0.0186758 0.0787245
0 0.903126 0.972572 0.0332294 0.0417413
0 0.889196 0.978375 0.0568752 0.0413554
0 0.811671 0.69826 0.00580711 0.0182135
8 0.0701553 0.748894 0.0143709 0.0153609
0 0.676474 0.81542 0.0151345 0.0181614
0 0.92092 0.973285 0.0298529 0.0422746
0 0.00538166 0.984935 0.0106766 0.0286586
37 0.852902 0.848247 0.0264902 0.0104567
0 0.991096 0.668301 0.00333519 0.0135803
0 0.390966 0.814147 0.0184676 0.0509701
0 0.956529 0.849836 0.0169106 0.0382089
37 0.102523 0.99352 0.0628146 0.00900947
37 0.575994 0.875004 0.0365833 0.0145664
33 0.391022 0.814882 0.0183899 0.0531516
56 0.993231 0.744659 0.0131737 0.0465339
0 0.540943 0.848524 0.00723658 0.0273056
0 0.978809 0.673079 0.00655403 0.0147485
0 0.0701921 0.7494 0.0147942 0.0158174
0 0.979509 0.66872 0.00654411 0.0205558
0 0.773069 0.812791 0.0204629 0.0156087
0 0.430147 0.763094 0.00948505 0.00926242
8 0.142494 0.735751 0.0308805 0.0127287
0 0.715844 0.830853 0.0195288 0.0327508
0 0.5767 0.875781 0.0356327 0.0137024
0 0.904372 0.68221 0.00444508 0.0148123
8 0.28796 0.724782 0.056422 0.026658
8 0.29108 0.724537 0.0333591 0.0129974
0 0.483594 0.856526 0.0374664 0.0256119
0 0.99153 0.744765 0.0100697 0.044831
8 0.500402 0.727995 0.0134309 0.0137617
0 0.270231 0.728097 0.0110844 0.0144155
8 0.297758 0.717849 0.0187824 0.0109183
24 0.153798 0.983163 0.0184748 0.0133737
0 0.812837 0.697947 0.00839348 0.0186751
0 0.383296 0.77612 0.00816808 0.0158908
0 0.953006 0.859545 0.0207228 0.0228129
0 0.99772 0.671848 0.00406246 0.0105111
0 0.693174 0.79528 0.010884 0.0425578
0 0.688744 0.795074 0.0139503 0.0480686
8 0.292478 0.721299 0.0366446 0.0186181
0 0.421571 0.763189 0.0267714 0.0127058
0 0.882154 0.980421 0.0433468 0.0377472
8 0.303344 0.716665 0.00970087 0.00835876
0 0.102209 0.983055 0.0608553 0.0271076
37 0.93591 0.866979 0.0115227 0.0147763
56 0.991787 0.746114 0.00975838 0.0434347
0 0.13083 0.982587 0.0655705 0.0274075
0 0.995078 0.669069 0.00908203 0.0150236
0 0.677555 0.816446 0.0198772 0.0166311
37 0.577468 0.880557 0.033749 0.00989312
0 0.77864 0.813832 0.00987835 0.0141239
8 0.4055 0.771877 0.0603793 0.0236399
0 0.856468 0.795181 0.0163052 0.0134396
0 0.380759 0.775644 0.0131256 0.0156421
0 0.674652 0.796112 0.0147375 0.0551771
37 0.947382 0.865326 0.0338291 0.0183904
8 0.99288 0.695435 0.0138273 0.0240572
0 0.859483 0.794969 0.00844555 0.0128048
8 0.26903 0.737068 0.022939 0.0139414
37 0.407092 0.772515 0.0602027 0.021916
0 0.704643 0.768015 0.00669603 0.0150177
8 0.283971 0.728968 0.0462286 0.0173048
0 0.00961796 0.980022 0.018999 0.0212965
0 0.385035 0.775675 0.0150578 0.01642
8 0.844749 0.834683 0.0466637 0.038915
14 0.805504 0.242063 0.00597076 0.00659205
0 0.142233 0.7348 0.0272002 0.0111813
0 0.946741 0.675112 0.00858669 0.0199458
8 0.993009 0.702902 0.013541 0.0214956
37 0.858174 0.846674 0.0395081 0.0154738
0 0.892955 0.675732 0.00585842 0.0131585
