0 0.5801 0.812536 0.0148696 0.0580329
0 0.555268 0.819573 0.0101132 0.050442
0 0.796345 0.775535 0.00885611 0.0492642
0 0.622249 0.80357 0.0102014 0.0614566
0 0.45246 0.834102 0.0115347 0.0658162
0 0.722118 0.786194 0.00976658 0.0501363
0 0.830883 0.834907 0.0178566 0.0335151
0 0.439224 0.834386 0.01254 0.063618
0 0.398577 0.896966 0.0156042 0.0828293
0 0.84362 0.767244 0.00790806 0.0469898
0 0.718062 0.829942 0.0137658 0.0317495
0 0.952234 0.748173 0.00865593 0.0376936
0 0.114612 0.983784 0.0320802 0.0264503
0 0.667303 0.799226 0.00865822 0.0474484
0 0.475494 0.856135 0.0184878 0.026512
37 0.0227346 0.938438 0.045446 0.0296475
0 0.935544 0.729044 0.00871773 0.02799
0 0.702375 0.792528 0.00934067 0.0449955
0 0.893828 0.975442 0.0628651 0.0449704
37 0.197986 0.915717 0.0455249 0.0314128
0 0.688281 0.795492 0.0109838 0.0453942
0 0.355136 0.989335 0.0140144 0.0213301
0 0.695746 0.79237 0.00860233 0.0474084
0 0.955256 0.848476 0.0200333 0.0355174
0 0.856237 0.831055 0.0144098 0.0324307
0 0.974692 0.762495 0.0180357 0.0273702
0 0.905238 0.97313 0.0413336 0.0395386
0 0.0136011 0.751923 0.00990493 0.0165195
0 0.85286 0.831477 0.0222441 0.0332211
0 0.675617 0.813545 0.0180792 0.0228882
0 0.278899 0.728715 0.00551405 0.0140323
0 0.951321 0.849511 0.0138107 0.0378177
37 0.0952976 0.994324 0.0465559 0.00812581
0 0.883606 0.98453 0.0449034 0.0283491
0 0.391139 0.814018 0.0178914 0.0474294
0 0.854111 0.697684 0.00716171 0.0197783
0 0.972831 0.761853 0.0129295 0.0267063
0 0.0562833 0.742919 0.00951202 0.0177056
0 0.0737541 0.751629 0.00531013 0.010674
8 0.420629 0.74736 0.0639435 0.0239119
0 0.055407 0.744778 0.0108706 0.0217382
37 0.85284 0.848796 0.0259251 0.00923021
0 0.0145801 0.752517 0.0136611 0.0179106
0 0.995977 0.810409 0.00764103 0.0229584
0 0.00608687 0.979126 0.0120861 0.0180188
0 0.577476 0.87554 0.03209 0.0146016
8 0.017452 0.760325 0.0188501 0.0078303
0 0.443099 0.763449 0.00686617 0.013405
0 0.449893 0.762837 0.0181441 0.0129259
0 0.283011 0.728235 0.00961886 0.0109992
0 0.99614 0.815571 0.00731163 0.0126706
37 0.0178262 0.760693 0.0189239 0.00752462
0 0.714963 0.830299 0.0206156 0.0324622
37 0.577312 0.875156 0.0317495 0.014307
0 0.887422 0.977358 0.0500114 0.0385905
33 0.391168 0.814007 0.0178914 0.0471246
0 0.493151 0.723869 0.0156518 0.0130775
0 0.0091741 0.978421 0.0182257 0.0211355
0 0.484518 0.85597 0.0366711 0.0276818
0 0.357921 0.771491 0.00854139 0.0118312
0 0.356069 0.771573 0.0114746 0.0125109
2 0.50624 0.412363 0.036204 0.0249807
24 0.153401 0.983565 0.0176054 0.012522
0 0.0162919 0.753727 0.0176406 0.0198781
0 0.0549704 0.746084 0.0144141 0.0216968
37 0.852098 0.84475 0.0226437 0.0122525
8 0.155491 0.56417 0.0542231 0.0174326
37 0.588134 0.913241 0.0542065 0.0124939
37 0.844394 0.847604 0.043475 0.0119619
0 0.686128 0.795802 0.0141056 0.0465647
0 0.167734 0.735486 0.0227938 0.0092019
0 0.331264 0.770086 0.03804 0.0136163
37 0.15337 0.983596 0.0174976 0.0123957
0 0.286779 0.727977 0.0229962 0.0153646
0 0.841967 0.697282 0.00630493 0.0169464
0 0.10228 0.984778 0.0600154 0.0263177
0 0.282979 0.726721 0.0142168 0.0148719
37 0.956986 0.868778 0.0270531 0.0102047
0 0.320455 0.719483 0.0167242 0.0144633
0 0.444825 0.762446 0.0107752 0.0152941
0 0.946293 0.851411 0.0285036 0.0414624
0 0.674808 0.799509 0.0226372 0.0489453
37 0.935757 0.864584 0.0156075 0.0169125
0 0.481099 0.856126 0.0179148 0.0256936
37 0.957471 0.867193 0.0577936 0.0142797
0 0.854413 0.700507 0.00823078 0.0265296
37 0.591354 0.914478 0.0447578 0.00947469
37 0.947255 0.866507 0.0458996 0.0186805
0 0.0140248 0.753126 0.0185022 0.0175352
0 0.457392 0.762527 0.00479965 0.0123603
0 0.321957 0.769651 0.0197161 0.0127502
0 0.541096 0.850006 0.00735798 0.0275391
0 0.960058 0.848172 0.0121517 0.033198
8 0.320716 0.719642 0.0176569 0.0148241
0 0.917876 0.972598 0.0171663 0.0386529
37 0.950515 0.8677 0.0388721 0.0134837
0 0.996036 0.804447 0.00749493 0.0347329
0 0.391324 0.82386 0.0184472 0.0670103
0 0.855776 0.696324 0.0105902 0.0230354
0 0.450045 0.83399 0.0152943 0.0657049
8 0.322298 0.721275 0.0207206 0.0156832
0 0.837928 0.835499 0.0324211 0.0339225
37 0.967863 0.862996 0.0375582 0.00907322
8 0.250209 0.396899 0.00943241 0.0103285
14 0.903988 0.671715 0.00611496 0.00914697
