0 0.451985 0.83423 0.0122334 0.0666168
0 0.84227 0.765714 0.00851784 0.0445981
0 0.796589 0.774391 0.00772057 0.0472209
0 0.718715 0.830559 0.0138718 0.0311859
0 0.52113 0.821796 0.0127653 0.051835
0 0.588777 0.813355 0.0106138 0.0496304
0 0.830792 0.834514 0.0175201 0.0331885
0 0.7465 0.78151 0.00827961 0.0470532
0 0.71428 0.787587 0.00991526 0.0500871
0 0.953628 0.849698 0.0227047 0.0410862
0 0.1158 0.982893 0.0356087 0.0273195
0 0.691455 0.795456 0.00906897 0.0444828
0 0.700927 0.792609 0.0096487 0.04644
0 0.0102098 0.747107 0.00959419 0.0177789
0 0.726011 0.7877 0.00787735 0.0462089
0 0.475039 0.85619 0.0170662 0.0262485
0 0.684571 0.79103 0.00991507 0.0494809
0 0.4315 0.914335 0.0283968 0.036655
0 0.855812 0.829584 0.0143908 0.0333438
0 0.387093 0.775559 0.00824385 0.015763
0 0.355354 0.989199 0.0139637 0.0216023
0 0.939506 0.726932 0.00702305 0.0171651
37 0.0707201 0.749217 0.0147695 0.0132285
0 0.995808 0.744088 0.00795708 0.0444165
0 0.971848 0.761469 0.0120495 0.0266317
0 0.00585922 0.979719 0.0116452 0.0181156
37 0.197419 0.915596 0.0448396 0.0316484
0 0.897834 0.975085 0.0736031 0.0468245
0 0.838524 0.697552 0.00527611 0.0171873
0 0.810092 0.697579 0.00654793 0.0166825
37 0.022216 0.938653 0.0443893 0.0288259
0 0.266779 0.730807 0.00603595 0.0150475
0 0.0634328 0.736619 0.00622333 0.0162031
8 0.0704198 0.749041 0.0153217 0.0136827
0 0.974599 0.761817 0.0183746 0.0280663
0 0.687284 0.793318 0.010538 0.0470749
0 0.408409 0.76212 0.010774 0.0152759
0 0.910833 0.973281 0.0484499 0.0430571
0 0.285296 0.720118 0.0081511 0.0142222
37 0.0946793 0.994431 0.0465123 0.00813734
0 0.853193 0.830225 0.0197414 0.0350557
0 0.996376 0.812183 0.00682373 0.017461
0 0.675448 0.815103 0.0144646 0.0188677
37 0.853024 0.848176 0.0260689 0.0106945
0 0.540613 0.849302 0.00680161 0.0271184
0 0.314429 0.710413 0.00692654 0.0121275
0 0.501266 0.730083 0.00686007 0.0113417
0 0.903053 0.972547 0.0330685 0.0416726
0 0.889276 0.978484 0.0570759 0.0411635
0 0.714081 0.775583 0.00803108 0.0313293
0 0.92074 0.973247 0.0302452 0.0421597
0 0.978611 0.668365 0.00636368 0.0159933
37 0.576233 0.87512 0.0361849 0.0142383
0 0.283401 0.721338 0.0134059 0.0167006
0 0.892502 0.675039 0.00688572 0.0121609
33 0.391184 0.811858 0.0178311 0.0458818
0 0.975003 0.771191 0.0180462 0.0100552
37 0.852513 0.841898 0.0240822 0.0143319
8 0.979953 0.683546 0.0156933 0.0140513
37 0.808402 0.703653 0.0178682 0.00659061
8 0.267493 0.738824 0.0158723 0.0100079
37 0.135176 0.737688 0.0229994 0.00704295
0 0.13806 0.733909 0.0153286 0.00881314
0 0.484009 0.855997 0.036532 0.0264258
0 0.896158 0.974673 0.0459938 0.0451257
0 0.576824 0.875782 0.0355204 0.0137095
0 0.501977 0.730543 0.0116334 0.0120355
37 0.0589102 0.736946 0.0154519 0.0147507
8 0.314412 0.710959 0.00706568 0.0125739
24 0.153783 0.9832 0.0184406 0.0133189
8 0.136391 0.736677 0.0218423 0.010004
0 0.856059 0.794375 0.0170555 0.0147527
37 0.0563035 0.739423 0.0101942 0.0085751
0 0.990015 0.668158 0.0044632 0.011905
8 0.0591009 0.736408 0.0155752 0.0150016
0 0.959227 0.850357 0.0186169 0.0404799
8 0.503885 0.731233 0.0143939 0.0116024
0 0.772321 0.812586 0.0190269 0.0158332
0 0.715622 0.831016 0.0204004 0.032998
37 0.852365 0.845875 0.0240501 0.0130117
0 0.391246 0.831278 0.0180309 0.0867171
0 0.268297 0.732847 0.0105846 0.0182695
37 0.936125 0.867215 0.0116856 0.0150713
0 0.00961916 0.980143 0.0189739 0.0198961
37 0.577536 0.881399 0.0335896 0.00832503
0 0.949469 0.861136 0.0140633 0.017917
0 0.840032 0.835177 0.0364117 0.0345272
0 0.882081 0.980438 0.0431919 0.0377284
4 0.808272 0.240982 0.00626297 0.00733142
8 0.426844 0.767614 0.0174071 0.0105784
0 0.859108 0.794245 0.00876923 0.0142741
8 0.138665 0.734206 0.0167153 0.00767314
8 0.283625 0.72283 0.0146977 0.0149129
33 0.391154 0.831512 0.0184315 0.0865574
0 0.524818 0.823609 0.0083292 0.0434109
0 0.504197 0.730848 0.0152071 0.0129479
0 0.426771 0.767645 0.0173971 0.0105632
0 0.559304 0.838625 0.00567217 0.0108334
0 0.837321 0.697558 0.00750961 0.016893
0 0.854482 0.795 0.0152863 0.0120558
0 0.440549 0.915383 0.0106895 0.0322118
0 0.385671 0.775283 0.0116588 0.0169983
8 0.267409 0.737067 0.0195144 0.0127131
0 0.794248 0.774319 0.0123799 0.0481903
37 0.948315 0.865833 0.0348686 0.0176819
8 0.306076 0.715787 0.0105134 0.00782183
8 0.287264 0.726737 0.0227345 0.0101493
0 0.130869 0.982475 0.0656665 0.0276971
0 0.102295 0.983087 0.0599985 0.0269728
0 0.872356 0.844907 0.0147749 0.0162608
0 0.0595717 0.735534 0.0133645 0.0168386
0 0.996401 0.671194 0.00549946 0.00853789
8 0.185047 0.563619 0.0581784 0.0163945
0 0.946907 0.676301 0.00590267 0.0137868
0 0.940351 0.728709 0.00927238 0.0159465
37 0.96493 0.863203 0.0433533 0.0131234
8 0.0640626 0.742053 0.025865 0.0270464
37 0.871905 0.844689 0.014669 0.0162879
37 0.958719 0.866521 0.0338989 0.0123567
37 0.822009 0.703579 0.0489111 0.00897115
0 0.809151 0.696824 0.00943756 0.0179465
0 0.956822 0.855518 0.0258678 0.0316335
37 0.954292 0.864664 0.0273701 0.0188117
0 0.963331 0.850693 0.042754 0.0427629
0 0.779153 0.81502 0.00890064 0.011812
