0 0.452614 0.834217 0.0125317 0.0659636
0 0.796328 0.775286 0.00844536 0.0488539
0 0.655762 0.796521 0.0121788 0.0551782
0 0.61121 0.805231 0.0124557 0.0556269
0 0.718349 0.830269 0.0141111 0.0317091
0 0.468497 0.828397 0.0118349 0.0556803
0 0.842608 0.766959 0.00841217 0.0456536
0 0.554636 0.819404 0.0115199 0.0505981
0 0.443378 0.891172 0.0155371 0.082763
0 0.731685 0.78548 0.00969925 0.0504116
0 0.83114 0.83531 0.0188431 0.0326131
0 0.0184379 0.75355 0.0118059 0.0213718
0 0.114281 0.983263 0.0331549 0.0274631
0 0.701623 0.793061 0.0113731 0.0469832
37 0.198153 0.916382 0.0451771 0.0308868
0 0.684536 0.79427 0.00726872 0.0445275
0 0.856499 0.829894 0.0137478 0.0328902
0 0.676025 0.815561 0.0158533 0.018594
0 0.951409 0.849655 0.0276875 0.0383933
37 0.0220519 0.938309 0.0441038 0.0322642
0 0.957198 0.848075 0.0154825 0.0350749
0 0.935265 0.723797 0.00696068 0.0177843
0 0.390879 0.815691 0.0184179 0.0537286
0 0.689998 0.795251 0.00870571 0.0454966
0 0.484198 0.856877 0.0360923 0.0248013
0 0.964332 0.748775 0.00751266 0.0360959
0 0.00575449 0.977785 0.0114424 0.0219259
0 0.906982 0.972692 0.0445009 0.0415412
0 0.973614 0.762154 0.0191385 0.0279122
0 0.354993 0.98918 0.0148923 0.0216401
0 0.948407 0.856793 0.0209347 0.0263496
0 0.853048 0.830617 0.0210299 0.0358334
0 0.894107 0.975403 0.0657986 0.046796
0 0.475171 0.856547 0.0178984 0.0244693
0 0.883504 0.979289 0.0450039 0.0397444
0 0.366061 0.775153 0.00646086 0.0140554
0 0.828046 0.695646 0.00475044 0.0161026
0 0.0637579 0.740518 0.00716748 0.01917
0 0.693397 0.794663 0.0100502 0.0460371
37 0.853216 0.848259 0.0247931 0.00915629
0 0.772419 0.813963 0.0231611 0.0175568
0 0.695383 0.793543 0.00861092 0.0443966
0 0.995894 0.813497 0.0078022 0.0160063
0 0.921507 0.972807 0.0261707 0.0416758
0 0.436451 0.762512 0.022147 0.0129206
0 0.318009 0.712707 0.00492649 0.0169359
0 0.686754 0.795707 0.0101154 0.0463989
0 0.851073 0.697637 0.00518455 0.0157493
37 0.0995071 0.994166 0.0556578 0.00850355
25 0.976526 0.721119 0.0345074 0.0197184
0 0.973635 0.757445 0.00778618 0.0193461
0 0.918107 0.972274 0.0186882 0.0404443
0 0.697969 0.794317 0.0138979 0.0470086
0 0.578035 0.875411 0.033794 0.0149516
0 0.318555 0.712858 0.00705538 0.0171817
37 0.577832 0.875129 0.033466 0.0143439
0 0.487382 0.723123 0.00781488 0.013227
0 0.769383 0.813492 0.0166765 0.0175405
0 0.32004 0.713168 0.0097014 0.0175508
8 0.0220627 0.938483 0.043988 0.0320648
0 0.27301 0.731104 0.0065443 0.0193275
8 0.293975 0.726437 0.0179186 0.00848355
0 0.0653048 0.741563 0.0111027 0.0225413
0 0.972151 0.670572 0.0058424 0.0157434
0 0.101539 0.983563 0.0575075 0.0273699
0 0.882583 0.984922 0.0430881 0.0289534
37 0.85248 0.845139 0.02216 0.0114699
8 0.436451 0.76295 0.0223318 0.0125305
8 0.065883 0.750395 0.0146312 0.0129337
0 0.779093 0.816656 0.00975475 0.0127938
0 0.169889 0.731094 0.00969367 0.00964593
0 0.853293 0.835494 0.022971 0.0267185
0 0.0622455 0.741077 0.00670727 0.0198452
0 0.984949 0.663105 0.00410118 0.0173224
0 0.945216 0.688843 0.00565224 0.0150064
0 0.827062 0.835496 0.011533 0.0310457
8 0.155161 0.734386 0.0412549 0.0164888
37 0.585389 0.913883 0.0478739 0.0114507
0 0.00905428 0.977953 0.0180119 0.0236152
0 0.270375 0.731416 0.0116482 0.0185784
0 0.443795 0.866887 0.0133862 0.035771
0 0.167533 0.731429 0.0141465 0.0101849
0 0.487861 0.723723 0.0102942 0.0149401
0 0.967732 0.74878 0.0140701 0.0367972
37 0.930438 0.728864 0.0152431 0.00869853
0 0.291856 0.721593 0.00707021 0.0123762
8 0.0670956 0.744299 0.0166832 0.0226881
37 0.856973 0.847232 0.032383 0.012674
0 0.828427 0.69521 0.00730953 0.0166403
0 0.390913 0.831572 0.0185632 0.0863278
0 0.768543 0.81399 0.0226004 0.0190921
0 0.854168 0.683091 0.00692825 0.0106757
24 0.153431 0.98347 0.0184686 0.0129907
8 0.0711132 0.747733 0.0254517 0.0174489
37 0.270532 0.736877 0.0117616 0.00958591
37 0.593491 0.913433 0.0629215 0.0123547
0 0.889163 0.685778 0.00378036 0.0148243
8 0.293552 0.728675 0.0193794 0.0122635
37 0.706167 0.842919 0.0114555 0.00873091
37 0.155357 0.733354 0.0410122 0.0155458
0 0.853228 0.688893 0.00893459 0.020059
37 0.751957 0.827505 0.0288103 0.00774011
0 0.979272 0.762223 0.0301727 0.0279404
37 0.949427 0.727573 0.0341278 0.0107218
0 0.872531 0.845734 0.0146469 0.0147471
0 0.494275 0.863889 0.0157426 0.00964898
37 0.603642 0.91396 0.0429213 0.0110931
37 0.964272 0.722303 0.0594017 0.0212199
0 0.995744 0.802475 0.00806541 0.0386958
8 0.973587 0.673378 0.0463505 0.0132774
8 0.293393 0.724844 0.019003 0.00917392
37 0.156216 0.735771 0.0434761 0.013757
0 0.951494 0.858274 0.0281395 0.0316137
0 0.715258 0.833644 0.0202219 0.0263526
0 0.00610626 0.973696 0.0120936 0.0313185
