0 0.796857 0.775788 0.0127106 0.0500912
0 0.639776 0.804428 0.0113293 0.0496477
0 0.554584 0.815784 0.0114669 0.0550866
0 0.452389 0.833498 0.0120865 0.0684606
0 0.775797 0.777428 0.0103876 0.051147
0 0.953753 0.850029 0.0228056 0.0428253
0 0.692458 0.796348 0.00973139 0.0461551
0 0.830576 0.834637 0.0174931 0.0334337
0 0.702471 0.791946 0.0100643 0.0463437
0 0.747879 0.784556 0.0112661 0.0470832
0 0.736694 0.785731 0.00887241 0.0473699
0 0.718244 0.83052 0.0146871 0.0315755
0 0.475004 0.856026 0.0289572 0.0293706
0 0.890372 0.975679 0.0578016 0.0455126
0 0.843069 0.763332 0.0067009 0.0392197
0 0.939814 0.728218 0.00710087 0.0209652
0 0.974666 0.762978 0.019627 0.0267459
0 0.0579079 0.740508 0.00488769 0.0188529
0 0.00504301 0.752007 0.00929886 0.0178775
0 0.856387 0.830571 0.013657 0.0321823
37 0.199358 0.91658 0.0470041 0.0303585
0 0.43443 0.914071 0.0221285 0.0369532
0 0.0654891 0.751986 0.00687722 0.0167718
0 0.996098 0.67552 0.00733681 0.0280962
0 0.355263 0.989192 0.0136508 0.0216166
0 0.114763 0.981645 0.0327865 0.0293638
0 0.676209 0.815481 0.0156034 0.0176871
8 0.29788 0.722609 0.0560353 0.0301266
0 0.291823 0.721379 0.00683575 0.0188911
0 0.902105 0.972949 0.0346529 0.0402184
0 0.00597024 0.977471 0.01191 0.0226973
0 0.756263 0.788743 0.00580444 0.0343977
8 0.148479 0.565067 0.0524449 0.0149365
0 0.318559 0.715141 0.00493307 0.0170807
0 0.108971 0.979588 0.0202767 0.0249052
0 0.0690974 0.7515 0.00965936 0.0170446
0 0.133092 0.740391 0.00490713 0.0116143
0 0.714186 0.831038 0.0231395 0.0322222
0 0.883355 0.984976 0.0434162 0.0276638
0 0.520959 0.730513 0.00903168 0.0108546
37 0.0221898 0.938849 0.0443796 0.0311608
8 0.137667 0.740948 0.0192718 0.0118281
37 0.852591 0.848811 0.0268076 0.00962592
0 0.067541 0.753013 0.011806 0.0161092
0 0.996375 0.810203 0.00682716 0.0209764
0 0.852283 0.831417 0.0246374 0.0343764
0 0.402098 0.776061 0.00799971 0.014327
0 0.391109 0.814388 0.0174505 0.0504744
0 0.273741 0.729045 0.00622034 0.015929
0 0.105351 0.982454 0.0551802 0.0303165
8 0.299234 0.725437 0.0552923 0.0157962
37 0.00573536 0.759606 0.0111711 0.00982903
0 0.978805 0.669192 0.00551987 0.0199094
0 0.577072 0.874669 0.0327606 0.0158742
0 0.922399 0.680196 0.00641861 0.0140776
37 0.10193 0.994093 0.0604876 0.00912476
8 0.406734 0.77618 0.0174989 0.0146344
0 0.970138 0.673482 0.0047781 0.0191603
0 0.319137 0.715134 0.00688977 0.0175273
0 0.884831 0.979548 0.0465771 0.0377053
0 0.95981 0.850301 0.0109304 0.0385534
37 0.0718044 0.75841 0.0236482 0.00863478
37 0.494202 0.864217 0.0154127 0.0089798
0 0.419653 0.761906 0.00565796 0.0126895
0 0.979216 0.668372 0.00742493 0.0204196
37 0.0502542 0.741005 0.0105924 0.0116664
0 0.983267 0.670226 0.0063055 0.0177057
37 0.851474 0.845633 0.0255934 0.0129567
0 0.7439 0.783681 0.00996151 0.0501601
8 0.292857 0.72896 0.0440614 0.0155948
8 0.136447 0.744755 0.0263968 0.0171828
8 0.299166 0.719789 0.044087 0.022113
0 0.814441 0.697141 0.00788918 0.012993
0 0.415744 0.762281 0.0129347 0.013061
0 0.48084 0.855452 0.0420984 0.0282464
8 0.523476 0.7333 0.018059 0.00856052
8 0.522044 0.731125 0.0140742 0.0101859
8 0.136346 0.747373 0.0260533 0.0103048
8 0.409589 0.775117 0.0245028 0.0177636
0 0.980929 0.669811 0.00831718 0.0212985
0 0.788178 0.699073 0.00605469 0.0131429
37 0.103951 0.983378 0.0655549 0.0296071
0 0.00611041 0.973072 0.012074 0.0322184
0 0.391045 0.832824 0.018145 0.0886275
37 0.990444 0.767683 0.0186714 0.0118588
37 0.936234 0.866217 0.0113682 0.0148404
8 0.408729 0.777604 0.0228166 0.0136227
0 0.481428 0.853894 0.0168113 0.027042
8 0.523186 0.730619 0.0175098 0.0132943
8 0.971785 0.665712 0.0545475 0.0380281
0 0.439259 0.914712 0.0132771 0.034563
0 0.862932 0.833487 0.0322506 0.0386951
8 0.0721085 0.755417 0.0229449 0.0137027
37 0.855395 0.847733 0.0337406 0.0142682
37 0.587842 0.913215 0.0515043 0.0118974
37 0.944408 0.86554 0.0280949 0.0165107
37 0.98972 0.765228 0.0201881 0.0127031
8 0.304555 0.719829 0.0172147 0.0111671
0 0.838862 0.83446 0.0342697 0.0358727
0 0.856475 0.834325 0.0444046 0.0392741
0 0.861061 0.842623 0.034322 0.0224257
8 0.0709065 0.752392 0.0253845 0.0192579
8 0.390338 0.759759 0.0152755 0.0113188
0 0.00921326 0.977175 0.0182657 0.0248891
0 0.30587 0.720684 0.0189029 0.0130235
37 0.960347 0.866416 0.0551817 0.0155138
37 0.0528695 0.740696 0.0152238 0.0158941
0 0.884926 0.989337 0.0388906 0.0185989
0 0.843642 0.836795 0.0428747 0.0326462
37 0.57773 0.882234 0.0327506 0.00893996
8 0.298772 0.730657 0.0576231 0.0218228
24 0.153343 0.983611 0.0174227 0.0122211
37 0.574923 0.873894 0.0371321 0.0170865
0 0.121129 0.984629 0.0190655 0.0249973
0 0.91213 0.973591 0.0493958 0.0420203
37 0.967397 0.863175 0.0407505 0.0122593
0 0.871741 0.845389 0.0135633 0.0158325
0 0.123112 0.985604 0.029586 0.0217787
0 0.421939 0.914924 0.0482511 0.0392656
0 0.770161 0.812493 0.0118254 0.0144942
37 0.984627 0.76791 0.0304255 0.0137071
37 0.759912 0.824273 0.0108619 0.00639089
0 0.787041 0.699049 0.00666399 0.0136436
8 0.962509 0.505557 0.074527 0.15068
8 0.0699409 0.754117 0.0180524 0.0157505
