0 0.452533 0.833523 0.0123129 0.0673374
0 0.715194 0.790623 0.00911799 0.0441644
0 0.71856 0.830662 0.014319 0.0305796
0 0.830547 0.834847 0.0176086 0.0336229
0 0.796707 0.774741 0.00823994 0.0495041
0 0.75595 0.781214 0.00712147 0.0488057
0 0.820411 0.770124 0.00984974 0.0471008
0 0.786508 0.778172 0.0091877 0.0442524
0 0.738759 0.785012 0.00864172 0.0464784
0 0.807024 0.782136 0.00615311 0.0308584
0 0.553558 0.812891 0.0117369 0.0475216
0 0.694263 0.794732 0.00973663 0.044456
0 0.953333 0.849672 0.0223919 0.0416385
0 0.0666302 0.741147 0.00730925 0.0286306
0 0.473324 0.855316 0.0194659 0.0304626
0 0.843673 0.76668 0.00753536 0.0443939
0 0.4349 0.914171 0.0220345 0.0375515
0 0.115429 0.983346 0.0311512 0.0263062
0 0.838272 0.764484 0.00822639 0.0453861
0 0.855727 0.831311 0.0152143 0.0306468
0 0.428922 0.778618 0.010754 0.0184197
37 0.198832 0.916251 0.0454282 0.0307346
0 0.277052 0.727425 0.00552917 0.016096
0 0.974042 0.763762 0.0192783 0.0247542
0 0.702626 0.791659 0.00992851 0.0460402
0 0.957103 0.847951 0.0151556 0.0384232
0 0.35543 0.989257 0.0137527 0.021487
0 0.89097 0.976576 0.0603283 0.0453247
0 0.702557 0.78326 0.0100842 0.0297979
0 0.778186 0.698536 0.00488157 0.0157868
0 0.883381 0.985437 0.0451298 0.0273376
0 0.702391 0.807826 0.00505009 0.0143721
0 0.795144 0.697474 0.00453739 0.0150954
0 0.902983 0.972803 0.0375074 0.0390486
0 0.318325 0.713765 0.00581512 0.0169712
0 0.00706375 0.752754 0.00917713 0.0208477
37 0.0221694 0.93802 0.0443388 0.0298662
0 0.104032 0.983819 0.0599617 0.0276425
0 0.995547 0.813632 0.00849686 0.0158569
0 0.852725 0.83309 0.0218922 0.0346174
0 0.937697 0.725405 0.00604095 0.0152917
0 0.91011 0.973786 0.0487972 0.042003
37 0.0944384 0.993919 0.0442536 0.00862342
0 0.00541845 0.97857 0.010799 0.0203993
0 0.675963 0.815462 0.0152475 0.0190935
37 0.527492 0.736733 0.018471 0.0123993
14 0.871632 0.243981 0.0132862 0.00583208
0 0.0674591 0.741376 0.0105626 0.0292135
8 0.527534 0.736626 0.0183566 0.0128747
0 0.00481303 0.755515 0.00940319 0.015449
0 0.982305 0.663345 0.00888214 0.0337161
8 0.139864 0.741768 0.0205834 0.0124797
0 0.110244 0.980872 0.0208867 0.0228038
0 0.922249 0.973741 0.0262615 0.041498
8 0.291932 0.730558 0.0139338 0.0101588
0 0.963604 0.677326 0.00545158 0.0148395
0 0.120501 0.985155 0.0391459 0.0233544
0 0.292029 0.729198 0.0138863 0.0117572
14 0.924895 0.681997 0.00814819 0.0137341
0 0.769792 0.812528 0.0150085 0.0165061
0 0.948543 0.850761 0.0314285 0.0450009
37 0.577023 0.875572 0.0319344 0.0134372
14 0.366853 0.312999 0.0165997 0.00717973
8 0.022173 0.938001 0.0443085 0.0302804
0 0.186618 0.734841 0.0129545 0.00772536
0 0.526389 0.736272 0.0171256 0.0127669
0 0.577356 0.875972 0.0324558 0.0136278
0 0.980981 0.664207 0.00715637 0.0262628
0 0.00909346 0.978397 0.0180065 0.0222929
0 0.838657 0.834535 0.0346006 0.0352519
0 0.364669 0.752576 0.00431852 0.0077652
8 0.286914 0.728757 0.0248055 0.0149126
0 0.793576 0.697554 0.00728741 0.0152847
0 0.863286 0.834151 0.03267 0.0363776
0 0.937292 0.724755 0.00719299 0.0198541
0 0.902098 0.979354 0.0331356 0.0264486
0 0.857447 0.83534 0.0439377 0.0372487
0 0.973293 0.651475 0.00533276 0.0126829
37 0.0675316 0.749197 0.0106403 0.0144126
0 0.883022 0.683083 0.00739937 0.0114499
0 0.979928 0.666553 0.00785027 0.0296663
0 0.77277 0.812609 0.0218563 0.0178392
0 0.126191 0.9863 0.0257627 0.0216888
37 0.852027 0.846491 0.0254807 0.0123376
0 0.587918 0.908042 0.0526266 0.0237993
0 0.794665 0.6968 0.00573215 0.0170728
37 0.0556832 0.752826 0.00471455 0.00801578
8 0.982872 0.723162 0.0328762 0.0132979
0 0.779416 0.816013 0.00802355 0.0107208
8 0.973362 0.664937 0.0499638 0.0416752
14 0.260549 0.398028 0.00623951 0.0101185
37 0.936897 0.867094 0.012903 0.0152022
0 0.289851 0.726566 0.0109673 0.0135527
0 0.918168 0.980591 0.0325699 0.0268733
0 0.872278 0.845493 0.0142269 0.0150375
0 0.437676 0.914748 0.0166471 0.0348414
8 0.302204 0.716523 0.0202673 0.0109846
37 0.946051 0.865066 0.0304144 0.0183902
0 0.678634 0.814187 0.020617 0.0203047
14 0.584966 0.797739 0.0211432 0.0178006
0 0.991149 0.676971 0.00560665 0.0149109
0 0.673151 0.816279 0.021344 0.0207384
0 0.110907 0.985045 0.028196 0.0229618
24 0.1534 0.983441 0.017825 0.0128245
0 0.989681 0.67536 0.00455952 0.018305
37 0.790416 0.819765 0.0275811 0.00859934
0 0.973933 0.675149 0.0054451 0.0181146
0 0.896688 0.972637 0.0250092 0.0309886
8 0.30648 0.717298 0.0111846 0.00881975
37 0.0646866 0.751354 0.0181188 0.0114124
37 0.584691 0.802397 0.0204793 0.00909729
0 0.585127 0.79774 0.0213239 0.0185128
0 0.949359 0.86014 0.0140648 0.0199366
0 0.925018 0.984121 0.0200161 0.0197611
0 0.903256 0.982798 0.0674152 0.0324853
33 0.391385 0.811709 0.0172303 0.0435781
0 0.702859 0.808589 0.00651579 0.0184736
