0 0.419027 0.836183 0.0118494 0.0623711
0 0.452272 0.83428 0.0119705 0.0659197
0 0.360064 0.90015 0.0157855 0.081229
0 0.722315 0.785786 0.0107824 0.050844
0 0.79648 0.775139 0.0085947 0.050174
0 0.843118 0.764794 0.00833015 0.0492286
0 0.83084 0.835146 0.0178999 0.0326153
0 0.717831 0.829712 0.0135916 0.0323839
0 0.561518 0.814764 0.00985193 0.0571591
0 0.658837 0.799943 0.00898685 0.0461738
0 0.689198 0.794987 0.010578 0.0452228
0 0.554086 0.81811 0.00817165 0.0494415
0 0.114209 0.982749 0.0323574 0.0277532
0 0.601452 0.81102 0.00980158 0.0495287
37 0.198253 0.915743 0.0452599 0.0316366
0 0.856182 0.830945 0.0145956 0.0300754
0 0.938607 0.750009 0.00669212 0.0369602
0 0.953313 0.850025 0.0221104 0.0394999
0 0.484232 0.85755 0.0368597 0.0236033
0 0.699281 0.791604 0.00690193 0.0451704
0 0.705703 0.790819 0.00903626 0.0471486
0 0.973853 0.763202 0.0176201 0.0272661
0 0.701629 0.792981 0.0085556 0.0443817
37 0.0221169 0.938734 0.0442339 0.0311827
0 0.678107 0.807613 0.0201927 0.0341895
0 0.391682 0.832158 0.0174631 0.0857385
0 0.91746 0.972911 0.0170536 0.0385739
0 0.957261 0.849098 0.0147312 0.037114
0 0.475361 0.857375 0.0184723 0.0231718
0 0.906543 0.973315 0.0396946 0.0394704
0 0.853885 0.831549 0.0205948 0.0313158
0 0.89378 0.975702 0.0645245 0.0442634
37 0.0959874 0.994104 0.0479331 0.00817905
0 0.858716 0.703034 0.00610886 0.0291751
0 0.0539421 0.744809 0.00515956 0.0163937
0 0.858763 0.697548 0.00535049 0.0177204
0 0.677267 0.813815 0.0187241 0.0221798
0 0.355323 0.989283 0.0134764 0.0214335
0 0.883651 0.980396 0.044776 0.037006
0 0.851053 0.697015 0.00561199 0.0164407
0 0.351392 0.771625 0.00740209 0.015858
8 0.169487 0.563012 0.063518 0.0183723
0 0.479357 0.857543 0.026206 0.0226969
0 0.0722891 0.750109 0.00504006 0.00966119
0 0.678355 0.80583 0.011932 0.034927
0 0.45028 0.761643 0.00696917 0.0133148
0 0.00523647 0.976067 0.010415 0.0254496
8 0.662627 0.570897 0.0558102 0.012499
0 0.920719 0.973115 0.0245243 0.0388645
0 0.00279542 0.97613 0.00554607 0.024037
0 0.460138 0.762036 0.00644951 0.0123262
0 0.996176 0.813537 0.00724182 0.0157542
0 0.715273 0.830074 0.0194138 0.0330439
37 0.577227 0.875693 0.0338482 0.0137658
0 0.599026 0.815666 0.00618534 0.0376253
0 0.932362 0.729658 0.0078886 0.0191778
37 0.853351 0.846612 0.0246475 0.0124327
0 0.707615 0.801413 0.00848598 0.0251434
8 0.450976 0.752526 0.097035 0.0264072
0 0.540929 0.848113 0.00784044 0.0288517
0 0.00705849 0.75651 0.0106017 0.00964898
8 0.168224 0.736168 0.0154006 0.0113698
0 0.280573 0.734057 0.00735006 0.0168852
0 0.496397 0.718648 0.0100388 0.00944231
8 0.328433 0.723087 0.0228066 0.0116094
8 0.0602158 0.747856 0.0326448 0.0184445
0 0.350261 0.772395 0.00762863 0.0140527
0 0.949461 0.858301 0.0144382 0.0228177
0 0.00853086 0.976307 0.0169604 0.0270067
0 0.772391 0.813722 0.0199621 0.0178802
37 0.735579 0.794245 0.0268351 0.00939501
0 0.309344 0.765921 0.0133554 0.0123956
0 0.0508669 0.746224 0.0128102 0.0192583
0 0.327726 0.721087 0.0119588 0.0104947
0 0.881756 0.984933 0.0417557 0.0291879
8 0.169295 0.734909 0.0127537 0.00896454
8 0.678089 0.570943 0.0260561 0.0112405
26 0.153468 0.98364 0.0177299 0.012345
0 0.895845 0.973801 0.0194489 0.0252531
0 0.283839 0.734094 0.0140423 0.0174133
37 0.13585 0.747756 0.0212761 0.0104404
0 0.903928 0.682873 0.00507469 0.0110716
0 0.50087 0.720437 0.01994 0.0131344
0 0.495164 0.862842 0.0152298 0.0115519
0 0.00397683 0.973423 0.00789639 0.0298102
0 0.902092 0.972228 0.0316639 0.0330126
37 0.852323 0.844343 0.0218651 0.0133386
0 0.909114 0.67095 0.00684967 0.0088857
0 0.309761 0.766986 0.0198901 0.0116313
0 0.121413 0.984077 0.0373652 0.0243707
0 0.859223 0.795059 0.00820904 0.0126478
0 0.849904 0.696593 0.00729618 0.0172585
37 0.0102553 0.7587 0.0172038 0.0102973
0 0.934469 0.738628 0.0125595 0.0359285
0 0.00625325 0.973284 0.0123352 0.0316264
37 0.0592953 0.751064 0.0313923 0.0107819
0 0.949047 0.856668 0.0196911 0.0296041
37 0.0991334 0.992412 0.0534308 0.0110324
0 0.850753 0.834041 0.0261786 0.0333157
0 0.871288 0.845336 0.0123381 0.0160278
0 0.986352 0.668252 0.00828838 0.0142653
0 0.391841 0.813482 0.0164634 0.0476678
37 0.310657 0.768759 0.01791 0.00978139
0 0.85603 0.795249 0.0157402 0.0134211
8 0.286202 0.734118 0.0189713 0.017648
8 0.714893 0.568238 0.0490526 0.0122604
0 0.697661 0.793913 0.0134676 0.0491692
0 0.939733 0.749795 0.00945797 0.0385627
0 0.861411 0.837948 0.0319942 0.032589
