0 0.488916 0.826479 0.0115613 0.0568061
0 0.841841 0.766903 0.00854492 0.0453686
0 0.452486 0.83453 0.0122687 0.065194
0 0.675135 0.789353 0.00985012 0.0463311
0 0.796107 0.776069 0.00829315 0.0479641
0 0.637751 0.800611 0.0112253 0.0546363
0 0.830836 0.834948 0.0177835 0.0331262
0 0.741216 0.781887 0.00809326 0.0480603
0 0.557845 0.818294 0.0119384 0.050627
0 0.953713 0.850778 0.0219368 0.0406742
0 0.71855 0.829602 0.0145166 0.0327186
0 0.433968 0.909219 0.0238871 0.0449273
0 0.0168292 0.751327 0.00955962 0.0186344
0 0.690642 0.79523 0.00778694 0.048584
37 0.0221031 0.938205 0.0442063 0.0271386
0 0.114559 0.982443 0.0334399 0.0278381
0 0.703787 0.790568 0.011801 0.0480035
0 0.854789 0.829874 0.0167948 0.033785
0 0.315367 0.712196 0.00750155 0.0233554
0 0.89083 0.975616 0.0592308 0.0468075
37 0.198172 0.915421 0.045544 0.0319382
0 0.354982 0.989123 0.0151319 0.0217541
0 0.936544 0.727205 0.00732803 0.0251373
0 0.273001 0.728361 0.00629425 0.0159922
0 0.47553 0.858157 0.0185461 0.0217826
0 0.0670556 0.734967 0.00868278 0.0210076
0 0.291959 0.724534 0.0100342 0.0167199
37 0.0954287 0.994177 0.0463279 0.00797492
0 0.902944 0.972295 0.0357372 0.0404677
0 0.428038 0.761011 0.0204447 0.013967
0 0.106636 0.982799 0.0490372 0.028989
0 0.695467 0.800362 0.00722523 0.0326641
0 0.822484 0.697289 0.00578995 0.0165865
0 0.910514 0.972783 0.0490887 0.041845
0 0.00561762 0.9788 0.0111911 0.019711
0 0.715371 0.829948 0.0215542 0.033472
0 0.848142 0.698299 0.00478916 0.0183872
0 0.883422 0.984691 0.0447125 0.0289049
0 0.772988 0.812829 0.0206454 0.0170641
0 0.0684121 0.735898 0.0118407 0.0242304
37 0.577156 0.875317 0.0332611 0.0132395
0 0.42989 0.908762 0.015184 0.0444188
0 0.162901 0.727145 0.0120363 0.0100345
0 0.97447 0.76982 0.018574 0.0134691
0 0.920469 0.973082 0.0311211 0.0422999
0 0.68883 0.795009 0.0112932 0.0498825
0 0.699419 0.79321 0.00776577 0.0442468
0 0.972334 0.742547 0.00967445 0.0308628
0 0.884051 0.978968 0.0456741 0.0396308
0 0.577441 0.87578 0.0331693 0.013209
0 0.996404 0.815218 0.00677509 0.0114933
0 0.972791 0.750136 0.00764122 0.0159509
37 0.852531 0.849102 0.02591 0.00912408
0 0.97427 0.765031 0.0188618 0.0224555
0 0.996271 0.81048 0.00704765 0.0212765
0 0.364198 0.773392 0.0176692 0.0114407
0 0.312757 0.711758 0.0127248 0.0228858
37 0.519098 0.814691 0.0463131 0.0111979
0 0.293656 0.725466 0.0143008 0.0173842
37 0.826944 0.812547 0.0216623 0.0121769
0 0.984193 0.663303 0.00458298 0.0149411
0 0.440528 0.913306 0.0111699 0.0353143
0 0.854903 0.79495 0.0169258 0.0128693
0 0.997481 0.670598 0.00459213 0.0159114
37 0.0726801 0.74853 0.0193948 0.0153722
37 0.284276 0.729455 0.00750313 0.00693529
0 0.0709523 0.73978 0.0168886 0.0311076
0 0.97448 0.75125 0.0191238 0.0508272
0 0.489573 0.729558 0.00864315 0.0124305
0 0.957359 0.850991 0.0148901 0.0374151
0 0.973168 0.672845 0.00434284 0.0175281
0 0.696421 0.792627 0.0139217 0.0457481
0 0.558709 0.811726 0.0109364 0.0292742
37 0.52587 0.813749 0.0625311 0.0130246
37 0.588213 0.91359 0.0407284 0.0110324
0 0.674809 0.818019 0.0130016 0.0137065
0 0.935986 0.867152 0.0118992 0.0150954
8 0.072615 0.740718 0.0200665 0.0299028
37 0.585413 0.912682 0.0468987 0.0139204
0 0.391178 0.830508 0.0178835 0.0833906
37 0.0707254 0.745427 0.0158024 0.021553
0 0.85103 0.794735 0.0278749 0.0144679
37 0.577369 0.880933 0.0331139 0.00943977
0 0.138338 0.73937 0.0161883 0.0103326
0 0.947258 0.853237 0.0343067 0.0432248
0 0.983486 0.665626 0.00589466 0.0199317
0 0.0093919 0.979122 0.0187818 0.0216685
0 0.853608 0.69155 0.0042078 0.00865216
37 0.844026 0.847706 0.0438179 0.0122582
37 0.577393 0.878808 0.0335194 0.0130554
0 0.781443 0.813568 0.0149679 0.0159522
0 0.871828 0.845292 0.0134754 0.0155908
0 0.438803 0.908759 0.0142738 0.0400392
0 0.942163 0.675841 0.00874443 0.0150127
8 0.0724827 0.749628 0.0196284 0.0152947
37 0.848911 0.795315 0.0315826 0.0136203
0 0.952776 0.861872 0.0189079 0.0202033
0 0.981692 0.664282 0.00463524 0.0168362
0 0.364964 0.771244 0.0185151 0.0142948
37 0.576623 0.808227 0.0273256 0.00953895
0 0.861957 0.79656 0.0458504 0.0162815
0 0.014255 0.751027 0.0150267 0.0191664
37 0.944214 0.866053 0.0276222 0.0163605
0 0.837518 0.835398 0.0313423 0.0339864
0 0.924413 0.981156 0.0227997 0.0246511
37 0.592517 0.913816 0.0313987 0.00973358
0 0.914423 0.969077 0.00968399 0.0345683
37 0.753466 0.827723 0.0296148 0.00850237
0 0.850232 0.832784 0.0260952 0.0349765
33 0.391295 0.83019 0.0178246 0.0827293
24 0.153435 0.983851 0.0172171 0.0119293
37 0.676296 0.817127 0.0150442 0.0135354
37 0.751483 0.827523 0.0279648 0.00657027
