0 0.452093 0.833915 0.0122633 0.0671492
0 0.842455 0.766047 0.00894737 0.0453851
0 0.796657 0.774956 0.00759859 0.0471936
0 0.5861 0.814114 0.0102604 0.0504116
0 0.718613 0.830276 0.0140268 0.0318268
0 0.519799 0.823948 0.0143072 0.0513301
0 0.691126 0.795651 0.00934906 0.0441583
0 0.746526 0.781717 0.00888548 0.0485367
0 0.830844 0.834712 0.0176201 0.0334802
0 0.11564 0.982881 0.035255 0.0273146
0 0.0108186 0.747613 0.00848464 0.0183424
0 0.9536 0.849533 0.0224693 0.0407152
0 0.47503 0.856483 0.017132 0.0259152
0 0.431698 0.91419 0.0279821 0.0371226
0 0.711271 0.787187 0.0106623 0.0516927
0 0.725025 0.787474 0.00859575 0.0465617
0 0.700676 0.79278 0.0086524 0.046129
0 0.681119 0.788448 0.00862589 0.0454044
0 0.855694 0.829648 0.0148371 0.0329161
0 0.355344 0.989197 0.0139834 0.0216069
0 0.266711 0.729421 0.00605278 0.0155187
0 0.939221 0.728129 0.00718155 0.0181627
37 0.0706022 0.748844 0.0126261 0.0140142
0 0.0634281 0.736753 0.00589221 0.0161818
0 0.00578618 0.979372 0.0115053 0.0184957
0 0.890788 0.975685 0.0592045 0.0468057
0 0.97473 0.761815 0.0185303 0.0282879
0 0.500614 0.727479 0.00639305 0.0127245
0 0.971877 0.761383 0.01213 0.0267812
37 0.0222195 0.938321 0.0443552 0.0291056
0 0.839407 0.697747 0.00491409 0.0175117
0 0.285097 0.719065 0.00645704 0.0145003
37 0.197498 0.915824 0.04489 0.0313738
0 0.810602 0.697704 0.00684395 0.0178725
0 0.91082 0.973317 0.0485744 0.0431291
8 0.0699028 0.748795 0.0138279 0.0142537
0 0.385429 0.775266 0.00653791 0.0152245
37 0.0945653 0.99443 0.0463575 0.00809496
0 0.410395 0.763202 0.00777721 0.0145013
0 0.3154 0.710693 0.0072958 0.0138265
8 0.504099 0.733714 0.0163729 0.00668437
0 0.676655 0.813529 0.0164556 0.0218743
0 0.716661 0.788081 0.0077919 0.0474942
0 0.996369 0.811986 0.00683784 0.0179864
0 0.90308 0.972585 0.0331425 0.0417528
0 0.852971 0.831351 0.0222404 0.0356027
37 0.852925 0.848119 0.0263678 0.0106238
8 0.293128 0.718707 0.0361849 0.0144748
0 0.892532 0.675326 0.006884 0.0123791
0 0.990828 0.668612 0.00364532 0.0133689
0 0.921122 0.973272 0.0296032 0.0421388
0 0.54098 0.848825 0.00723858 0.0266722
33 0.391067 0.811948 0.0181587 0.0462969
37 0.576034 0.875064 0.0364474 0.0143551
0 0.883286 0.979507 0.0450642 0.0392907
8 0.135173 0.737915 0.0228736 0.00774977
0 0.978601 0.668113 0.00606613 0.0155146
0 0.715754 0.830525 0.0199431 0.0329992
0 0.576713 0.875786 0.0355427 0.0137017
0 0.28242 0.720817 0.0125792 0.0174049
0 0.951202 0.861356 0.01744 0.0180661
0 0.677261 0.797432 0.0173832 0.053439
0 0.483052 0.856317 0.033733 0.0259798
37 0.13489 0.73729 0.022147 0.0067081
8 0.13517 0.734059 0.0221276 0.00874651
0 0.772735 0.812776 0.0199591 0.0155572
8 0.282331 0.719843 0.0132255 0.0148438
0 0.00543507 0.984776 0.0107896 0.0288627
0 0.914204 0.673651 0.00446205 0.00984633
8 0.295564 0.717348 0.0407533 0.0197103
8 0.989798 0.698222 0.0200638 0.0148023
0 0.136891 0.734318 0.0179242 0.00775096
0 0.979456 0.667069 0.00507164 0.016411
0 0.386236 0.776157 0.00892715 0.0168881
0 0.99561 0.744812 0.00830498 0.0439155
0 0.0589438 0.737647 0.0149626 0.0142483
24 0.153795 0.983202 0.0184615 0.0133128
37 0.056799 0.739825 0.0109619 0.00861036
0 0.996657 0.671603 0.00559368 0.00938924
0 0.440295 0.915111 0.0112257 0.0334291
8 0.282189 0.725708 0.0132026 0.0100854
37 0.9361 0.86718 0.0116684 0.0150859
8 0.419888 0.764238 0.0307724 0.0142141
0 0.946478 0.676551 0.0067688 0.0137073
0 0.904608 0.681732 0.00425377 0.014571
0 0.390787 0.811808 0.0178302 0.0461427
0 0.905569 0.682729 0.00332832 0.0144048
0 0.408608 0.763689 0.0122818 0.0151316
37 0.939761 0.736077 0.0100105 0.00736389
8 0.293181 0.721486 0.036978 0.016508
0 0.9599 0.850138 0.016468 0.0387453
8 0.26995 0.73666 0.0243471 0.0121328
37 0.853784 0.847427 0.0299854 0.0141791
37 0.577425 0.880189 0.0336943 0.010445
0 0.559451 0.838766 0.00603189 0.0107249
37 0.848851 0.846622 0.0354387 0.0142639
8 0.28816 0.72385 0.0584213 0.0293033
0 0.9941 0.741981 0.0114372 0.0423791
0 0.385937 0.773478 0.00890713 0.0184413
8 0.503901 0.730595 0.0162141 0.0136685
0 0.13085 0.982429 0.0656286 0.0276844
0 0.778925 0.814239 0.00931625 0.0134588
0 0.677052 0.808134 0.0193131 0.0337904
0 0.956705 0.855964 0.0262352 0.030898
8 0.28788 0.723306 0.026228 0.014134
0 0.102253 0.982991 0.0591504 0.0268402
8 0.155724 0.731567 0.00777318 0.00683051
8 0.504097 0.735499 0.0167843 0.00868666
0 0.87238 0.844877 0.0146812 0.0162713
8 0.990016 0.689383 0.0194885 0.00847321
0 0.693116 0.794356 0.0139299 0.0476206
37 0.947991 0.86565 0.0343342 0.0180062
0 0.946537 0.678596 0.00733299 0.0116316
0 0.265158 0.728506 0.00999727 0.0168316
0 0.856489 0.825138 0.0160797 0.032687
37 0.964638 0.863095 0.0444225 0.0134901
8 0.980154 0.68058 0.0146038 0.0101969
0 0.963437 0.850601 0.0432491 0.0429211
