0 0.555307 0.819562 0.0100207 0.0504805
0 0.440693 0.83505 0.012112 0.0655426
0 0.452464 0.833916 0.0112669 0.0662628
0 0.796304 0.775867 0.00864563 0.0491938
0 0.581206 0.81177 0.0144237 0.0574002
0 0.722585 0.786168 0.00925465 0.0498401
0 0.830887 0.834923 0.0178499 0.033518
0 0.843643 0.767266 0.00803337 0.0469479
0 0.952555 0.748056 0.00876236 0.0385491
0 0.718019 0.830018 0.0137538 0.0316321
0 0.401711 0.896253 0.0160672 0.0811983
0 0.623487 0.802323 0.00932884 0.0587029
0 0.114608 0.983785 0.0319993 0.0263696
0 0.475504 0.856163 0.0184037 0.0264404
0 0.935536 0.729195 0.00866146 0.0285156
0 0.667977 0.7992 0.00799618 0.0460388
37 0.0227282 0.938521 0.0454224 0.0298282
0 0.893768 0.975455 0.0625889 0.0447574
37 0.198024 0.915764 0.0454634 0.0314189
0 0.701532 0.793258 0.00855303 0.0438334
0 0.688851 0.795337 0.0102448 0.0451577
0 0.355134 0.989341 0.0140075 0.0213177
0 0.974742 0.762582 0.0180365 0.0270104
0 0.85637 0.831076 0.0140118 0.0321815
0 0.957076 0.848158 0.0160872 0.0348163
0 0.0135287 0.752147 0.00862936 0.0165734
0 0.905153 0.973173 0.0413517 0.0394104
0 0.695556 0.792449 0.00897074 0.0470123
0 0.852879 0.831444 0.0221161 0.0330236
0 0.953533 0.849839 0.0188473 0.0385113
0 0.391258 0.825129 0.0182796 0.0688733
0 0.883586 0.984657 0.0448195 0.0281911
0 0.0557493 0.744734 0.0119022 0.0220673
0 0.27862 0.72805 0.0052351 0.0153605
0 0.678783 0.8147 0.0123175 0.0191671
0 0.0565739 0.743254 0.00866201 0.0188005
37 0.0957181 0.994321 0.047407 0.00809225
0 0.853892 0.697462 0.00658951 0.0192112
8 0.0173729 0.760273 0.0198554 0.0080268
0 0.676032 0.814266 0.0172495 0.0209232
0 0.679532 0.814013 0.0168191 0.0212372
37 0.852852 0.848585 0.0258976 0.00958422
0 0.448942 0.762858 0.0195629 0.0132221
0 0.951154 0.851881 0.0142817 0.0348655
0 0.995979 0.810405 0.00763664 0.0229053
0 0.577517 0.875493 0.0321337 0.0147729
0 0.623988 0.795113 0.00973082 0.0451486
0 0.951437 0.857772 0.0132801 0.0235038
8 0.0168631 0.759147 0.0229278 0.00980767
0 0.996137 0.815445 0.00731888 0.0128732
0 0.715191 0.830381 0.0200693 0.0322439
37 0.0179667 0.760771 0.020501 0.00770077
0 0.014725 0.752983 0.0146575 0.0181176
0 0.355504 0.771589 0.0107627 0.0127143
0 0.00543678 0.980361 0.0107826 0.016802
0 0.887644 0.977314 0.0496386 0.0383108
0 0.071705 0.751199 0.0104017 0.0112434
37 0.577352 0.875114 0.0318009 0.014448
0 0.484578 0.856547 0.0382792 0.0263938
0 0.391244 0.81508 0.0180061 0.0497416
0 0.947709 0.851099 0.0267078 0.040891
37 0.852071 0.84496 0.0226881 0.012085
0 0.00558257 0.982434 0.011058 0.0119734
8 0.331833 0.771419 0.0340141 0.0118017
8 0.418371 0.747949 0.0606138 0.0233422
2 0.506164 0.412359 0.0360548 0.0249561
0 0.945538 0.853429 0.0354626 0.0381527
0 0.292191 0.728324 0.0131981 0.00841166
37 0.068672 0.751005 0.018194 0.0114351
8 0.154514 0.564256 0.0544427 0.0177653
0 0.842416 0.696731 0.00693951 0.0170152
24 0.153405 0.983574 0.0176179 0.0125303
33 0.391262 0.813114 0.017778 0.0457118
37 0.847551 0.847573 0.0370234 0.0117964
0 0.102274 0.98476 0.0599018 0.0263831
37 0.153373 0.983606 0.0175156 0.0124122
37 0.935134 0.865424 0.0137802 0.0163727
14 0.90369 0.672199 0.00622711 0.0104596
0 0.541038 0.849828 0.00744724 0.0276583
37 0.58817 0.913224 0.0543503 0.012499
24 0.935118 0.865867 0.0134064 0.0163937
8 0.319319 0.719885 0.0175931 0.0159003
8 0.0145142 0.754165 0.0197166 0.0170529
0 0.287176 0.727288 0.0239525 0.0160624
0 0.674287 0.800274 0.0200145 0.0478695
0 0.917869 0.972591 0.0170622 0.0386436
0 0.319486 0.719959 0.0177849 0.0162882
14 0.7705 0.239951 0.00674896 0.00584496
0 0.481378 0.856068 0.0174906 0.0257482
37 0.591142 0.914488 0.0452143 0.00948147
37 0.956537 0.867284 0.0596798 0.0152184
0 0.996052 0.804503 0.0074604 0.0345347
0 0.540464 0.847263 0.00624638 0.0234728
8 0.322577 0.71995 0.0242477 0.0164825
37 0.0689768 0.752736 0.0177674 0.00979207
8 0.250231 0.396919 0.00945497 0.0103144
37 0.957043 0.868978 0.0271435 0.0100135
0 0.667696 0.799022 0.0142759 0.0472014
0 0.838279 0.835496 0.0331352 0.0339389
0 0.854329 0.700599 0.00793037 0.0266573
0 0.954469 0.748291 0.0125031 0.0395949
0 0.399853 0.871652 0.0122398 0.0320092
0 0.855807 0.694553 0.0105301 0.0255368
0 0.00922859 0.980376 0.0183491 0.0185571
37 0.965879 0.862468 0.0397127 0.00987651
0 0.937612 0.860889 0.0192053 0.0227814
