0 0.452965 0.833268 0.0127781 0.0677741
0 0.820782 0.770254 0.0112391 0.0519379
0 0.843696 0.765365 0.00715141 0.0491021
0 0.565008 0.810936 0.0134962 0.0469638
0 0.953513 0.849834 0.0221432 0.0422936
0 0.830669 0.834984 0.0174391 0.0329325
0 0.736832 0.785802 0.00834827 0.0469598
0 0.702883 0.793376 0.0086936 0.0447052
0 0.755328 0.78422 0.00787468 0.0437419
0 0.802773 0.77388 0.00775051 0.0491236
0 0.79601 0.77494 0.00742941 0.049568
0 0.479464 0.856257 0.028912 0.025492
0 0.717548 0.830296 0.0126291 0.0312398
37 0.0220908 0.938707 0.0441816 0.0279785
0 0.693833 0.795364 0.0111818 0.044644
0 0.856306 0.831162 0.0144754 0.033941
0 0.0043885 0.74955 0.00861005 0.0165956
0 0.906426 0.972208 0.0433578 0.0413961
0 0.115232 0.980933 0.0307146 0.0226347
0 0.852993 0.831619 0.0219387 0.0343987
37 0.198081 0.916127 0.0444922 0.03174
0 0.276262 0.727545 0.00655451 0.015016
0 0.79723 0.697403 0.0050663 0.014954
0 0.893901 0.975588 0.0668041 0.0468926
0 0.971894 0.763357 0.0139122 0.0257746
0 0.433578 0.914293 0.0249361 0.0376957
0 0.354511 0.989281 0.0154208 0.0214387
0 0.287337 0.725393 0.00761638 0.0150943
0 0.317196 0.714266 0.00513454 0.0170454
0 0.410108 0.762327 0.0048173 0.00878821
0 0.676875 0.815751 0.0176098 0.0186342
0 0.774747 0.769791 0.00783958 0.0249847
0 0.119852 0.98259 0.0402036 0.0258313
0 0.713018 0.830543 0.0229351 0.0322786
0 0.775265 0.777133 0.00851994 0.0391379
0 0.00568501 0.978158 0.0113171 0.0213175
0 0.0648609 0.740879 0.00634961 0.0275837
0 0.00250467 0.978125 0.00497852 0.0207169
0 0.418738 0.780572 0.0073946 0.0186968
0 0.883509 0.985671 0.0456482 0.0269884
0 0.522332 0.734035 0.00920849 0.0109385
37 0.415761 0.827291 0.021837 0.0100771
0 0.18402 0.733579 0.0115325 0.00848253
0 0.440825 0.919178 0.0102928 0.0246068
0 0.0645785 0.735029 0.00584931 0.0167894
8 0.529112 0.81342 0.0655191 0.0333503
37 0.0990431 0.994109 0.053669 0.00861138
0 0.793563 0.77508 0.0105236 0.050432
0 0.137868 0.7364 0.0116539 0.00916816
0 0.059482 0.740063 0.00664105 0.00944824
8 0.0620757 0.743895 0.0143028 0.0322171
0 0.576648 0.875705 0.0324499 0.0139784
0 0.371428 0.757567 0.0114703 0.0102144
0 0.99601 0.811209 0.00756607 0.0212592
0 0.753388 0.763895 0.00699348 0.0138173
0 0.99621 0.816067 0.00716667 0.0114994
0 0.107262 0.983913 0.0651538 0.0276391
0 0.418248 0.780739 0.0116232 0.0185713
0 0.886159 0.978817 0.0520485 0.0401337
0 0.139737 0.736648 0.018861 0.0087616
0 0.979613 0.670064 0.00555763 0.021602
0 0.984509 0.670682 0.00598412 0.0175288
0 0.27461 0.730098 0.00938921 0.0168694
0 0.922028 0.972542 0.0269032 0.0425169
0 0.980058 0.665089 0.00610256 0.028646
0 0.953281 0.661662 0.00371914 0.00938263
0 0.428396 0.916388 0.0227022 0.0342277
0 0.78034 0.69799 0.00569935 0.0155265
0 0.984173 0.666151 0.005443 0.0244481
37 0.976521 0.771723 0.0147404 0.00986532
8 0.291263 0.731215 0.0428815 0.021048
0 0.391113 0.832674 0.0177213 0.0866475
0 0.771142 0.812887 0.0165401 0.0153951
0 0.974127 0.672307 0.00579948 0.0166562
0 0.958958 0.673326 0.00697212 0.0237427
0 0.959577 0.850624 0.0105396 0.0377262
4 0.34521 0.309749 0.0142737 0.00696945
37 0.524785 0.736026 0.0166853 0.00795695
0 0.791594 0.784558 0.00610313 0.0315738
0 0.540932 0.848978 0.00810032 0.0282106
0 0.486423 0.85583 0.0157745 0.0245524
37 0.528797 0.73674 0.0262471 0.00782979
8 0.289861 0.7313 0.017308 0.00857714
0 0.420692 0.915211 0.0502363 0.0393202
0 0.996011 0.814813 0.00751305 0.0172268
0 0.915706 0.968548 0.012207 0.0360199
8 0.282544 0.734191 0.0263511 0.0138645
0 0.917928 0.971506 0.0180025 0.0404348
37 0.852746 0.848851 0.0245628 0.00859324
0 0.679452 0.814449 0.0226671 0.0197066
8 0.289608 0.734964 0.0434292 0.0126733
0 0.939485 0.727593 0.00641613 0.0221252
0 0.273906 0.734289 0.00889473 0.0128038
37 0.990408 0.770317 0.0187508 0.00757107
0 0.776652 0.77922 0.0127337 0.0423303
0 0.0624103 0.740868 0.0128444 0.029126
37 0.153435 0.983757 0.0178065 0.0123644
8 0.00584174 0.759992 0.0116426 0.00846829
0 0.778767 0.814318 0.00938778 0.0133726
8 0.372656 0.758017 0.0143764 0.00990906
0 0.935777 0.866835 0.0110752 0.0148446
0 0.349597 0.989349 0.0261674 0.0211928
8 0.42128 0.781581 0.019216 0.017353
0 0.711386 0.840439 0.0247019 0.0141066
0 0.409921 0.763312 0.00799589 0.0110779
0 0.182174 0.734897 0.0156369 0.0105754
8 0.524923 0.735237 0.0159225 0.00978631
0 0.524363 0.733299 0.0141078 0.0127648
0 0.00917465 0.978467 0.0180641 0.023474
37 0.990855 0.765794 0.0178215 0.0130581
0 0.860941 0.833588 0.0361181 0.0392436
0 0.971984 0.651578 0.00474434 0.0157161
37 0.593046 0.909717 0.0617956 0.019672
0 0.980449 0.661334 0.00702667 0.0303725
8 0.291439 0.728885 0.015701 0.00883111
8 0.259254 0.397677 0.00702682 0.0092297
37 0.0621608 0.757549 0.0145797 0.00955912
0 0.127857 0.988214 0.0231939 0.0173323
8 0.137889 0.739367 0.0217811 0.00880805
0 0.00605153 0.972439 0.0119697 0.0336622
37 0.781334 0.77672 0.0235765 0.0287199
37 0.852878 0.838466 0.0259659 0.0283139
24 0.935863 0.867061 0.0110405 0.0150882
33 0.391825 0.812655 0.0161326 0.0442591
