0 0.60142 0.807192 0.0124174 0.0560903
0 0.437181 0.893292 0.0159348 0.0816254
0 0.645238 0.798867 0.0124186 0.0566859
0 0.391048 0.816944 0.0182536 0.0558858
0 0.842798 0.766935 0.00893135 0.0476507
0 0.728166 0.786267 0.00870762 0.0500922
0 0.796453 0.77598 0.00845566 0.0489071
0 0.718369 0.830146 0.014135 0.0317566
0 0.55498 0.818307 0.0108847 0.0494351
0 0.452393 0.834467 0.0106975 0.0661835
0 0.461195 0.830495 0.0112445 0.0568227
0 0.831169 0.835267 0.0188629 0.0326965
0 0.114365 0.983325 0.0331615 0.0274261
0 0.701141 0.793956 0.0132776 0.0485942
0 0.688385 0.795133 0.00948582 0.044224
0 0.856478 0.829884 0.0137794 0.0328791
0 0.0171392 0.752625 0.00854638 0.0186639
0 0.483553 0.858356 0.0377468 0.0223185
37 0.198464 0.916259 0.0448809 0.0310174
0 0.678747 0.791435 0.00825882 0.0350291
0 0.00564466 0.977629 0.0112165 0.021051
0 0.956571 0.848527 0.0165176 0.0363288
0 0.883682 0.979407 0.0454113 0.0395803
0 0.952664 0.850028 0.0240263 0.0390849
0 0.354983 0.989185 0.01496 0.0216298
0 0.474985 0.858104 0.0194306 0.0219248
0 0.853038 0.83051 0.021043 0.0355499
0 0.0608138 0.742356 0.0057923 0.0200134
37 0.0220658 0.938881 0.0441316 0.0307522
0 0.960326 0.747135 0.00681839 0.0325049
0 0.362176 0.775837 0.00896339 0.0163254
0 0.973954 0.762668 0.0194736 0.027084
0 0.894249 0.975292 0.0659153 0.0467309
0 0.938435 0.725338 0.0068121 0.0168872
0 0.691299 0.794926 0.0119447 0.0452893
0 0.92128 0.972832 0.0262402 0.0417682
0 0.271634 0.726877 0.0112497 0.0168745
0 0.293519 0.725322 0.00987444 0.0115536
0 0.906956 0.972849 0.0438082 0.0420783
0 0.018413 0.752639 0.0115933 0.0197242
0 0.102854 0.983621 0.0563623 0.0278225
0 0.0622943 0.74332 0.00893279 0.0221608
37 0.853183 0.848266 0.0249039 0.00921292
0 0.0641796 0.743083 0.0124279 0.0221283
0 0.995889 0.813487 0.00781193 0.0159154
0 0.321255 0.714861 0.0121501 0.01688
0 0.948224 0.851553 0.0318216 0.0419105
0 0.773143 0.813633 0.0213087 0.0172579
37 0.0989275 0.994196 0.0542048 0.00851915
8 0.153191 0.736804 0.0447725 0.0171365
0 0.676194 0.815575 0.0174163 0.0184289
0 0.770198 0.813476 0.0152536 0.016727
0 0.852996 0.696975 0.00532684 0.0198194
8 0.441271 0.760829 0.0228052 0.0154997
0 0.578012 0.875196 0.0339999 0.0152496
0 0.00878265 0.977753 0.0175358 0.0221219
0 0.916503 0.972239 0.0143719 0.0408986
0 0.450821 0.760062 0.00558167 0.0126495
0 0.0654052 0.749569 0.00924652 0.00943434
0 0.916454 0.973447 0.0342955 0.0435316
37 0.323697 0.716104 0.0119908 0.0140145
0 0.295599 0.726826 0.014328 0.00883314
0 0.973667 0.754227 0.0061924 0.0127987
0 0.540453 0.849309 0.00705566 0.0270928
37 0.577909 0.874995 0.0335653 0.0148263
8 0.0220858 0.938754 0.0441159 0.0306481
0 0.778965 0.816406 0.00994759 0.013208
0 0.972763 0.672426 0.00595398 0.0171578
37 0.852536 0.845192 0.0222889 0.0114383
0 0.828274 0.834887 0.0139931 0.0324397
0 0.675503 0.801112 0.0160237 0.0481479
37 0.395297 0.836127 0.0308614 0.0185764
8 0.979616 0.723419 0.040456 0.02087
0 0.853246 0.837499 0.023094 0.0229506
8 0.271271 0.727851 0.0120762 0.0176259
0 0.456635 0.83373 0.0163755 0.0635581
37 0.585478 0.913899 0.0477843 0.011518
0 0.0796502 0.748394 0.00404928 0.00823059
37 0.937951 0.863313 0.0190388 0.0219876
24 0.153418 0.983496 0.0184762 0.0129879
37 0.948476 0.8637 0.0399391 0.0231606
0 0.882929 0.985061 0.0441116 0.02903
37 0.0221191 0.76054 0.022419 0.008304
0 0.0676708 0.743264 0.0196453 0.022428
0 0.768496 0.813895 0.0230804 0.0183211
0 0.488372 0.723663 0.0085844 0.010497
0 0.832163 0.697191 0.0067028 0.0160499
0 0.29411 0.723327 0.0120931 0.0149394
37 0.859712 0.847027 0.0381655 0.0132655
37 0.944535 0.861196 0.0321344 0.0257368
37 0.153555 0.738144 0.0470762 0.0146579
0 0.462795 0.826693 0.00965586 0.0512939
0 0.945532 0.857188 0.0339041 0.0334132
0 0.935517 0.679021 0.0110706 0.0194244
0 0.3468 0.772768 0.0391409 0.0215169
37 0.593597 0.913382 0.0626667 0.0123684
0 0.872577 0.84575 0.0147671 0.0147698
0 0.774861 0.813481 0.0310379 0.0191664
0 0.99372 0.670889 0.00511093 0.0142148
8 0.976676 0.667946 0.0443211 0.0269445
0 0.96249 0.748582 0.0104166 0.0345503
14 0.854227 0.696045 0.00934067 0.0215669
0 0.931231 0.680793 0.0197983 0.0229566
0 0.99575 0.802609 0.00805397 0.0383518
0 0.130115 0.982808 0.0643955 0.0266098
37 0.0697349 0.749944 0.0227466 0.0106523
37 0.603888 0.913781 0.0423599 0.0114724
0 0.957214 0.850441 0.0241537 0.0391585
0 0.294163 0.724325 0.0180796 0.0130614
37 0.706573 0.842726 0.0107963 0.00903727
0 0.726386 0.786139 0.0119224 0.0509552
37 0.957788 0.865647 0.0601017 0.0176673
0 0.819115 0.771214 0.0584878 0.0555667
