0 0.452958 0.833449 0.0129856 0.0675459
0 0.843669 0.765914 0.00708389 0.0481676
0 0.953613 0.849847 0.0221207 0.0424608
0 0.565012 0.811349 0.0133424 0.0475157
0 0.830668 0.834998 0.0174271 0.0329281
0 0.820299 0.770838 0.0124298 0.0504417
0 0.736787 0.785935 0.00830154 0.0468784
0 0.755485 0.784455 0.00732775 0.042966
0 0.702938 0.794096 0.00970516 0.0435871
37 0.0222139 0.938619 0.044379 0.028441
0 0.717588 0.830473 0.012676 0.0308841
0 0.802364 0.774065 0.00802059 0.0488159
0 0.480288 0.857772 0.0319061 0.0226613
0 0.796364 0.775453 0.00743713 0.0486922
37 0.198045 0.916301 0.0444594 0.0313819
0 0.856342 0.831145 0.0143757 0.033901
0 0.906624 0.972269 0.0434986 0.0413896
0 0.115225 0.980909 0.0306606 0.0225942
0 0.853039 0.83158 0.0218145 0.0343703
0 0.00455728 0.749349 0.00840463 0.0167189
0 0.692877 0.796083 0.0127084 0.0426815
0 0.774167 0.774507 0.0092268 0.0330343
0 0.89387 0.975694 0.0668058 0.0469506
0 0.276344 0.727642 0.00676308 0.0148905
0 0.432818 0.914762 0.0261452 0.0375816
0 0.287285 0.725553 0.00731859 0.0148895
0 0.00572643 0.9786 0.0113974 0.0204254
0 0.695272 0.795418 0.00876026 0.0420278
0 0.35446 0.989285 0.0155339 0.0214306
0 0.972056 0.763045 0.0134571 0.0256237
0 0.316809 0.714744 0.00563588 0.0162774
0 0.6768 0.815853 0.0173742 0.0184482
0 0.974379 0.763338 0.0189062 0.0263299
0 0.0646249 0.742281 0.00671824 0.030445
0 0.00405452 0.978447 0.00807793 0.0201569
0 0.119863 0.982583 0.0402212 0.0258328
0 0.713063 0.830772 0.0230478 0.0318253
0 0.184154 0.733314 0.0122635 0.00919223
0 0.797374 0.696859 0.00500574 0.0157354
0 0.274511 0.729955 0.00994396 0.0194907
0 0.883488 0.985842 0.0455551 0.0269101
0 0.0643605 0.734907 0.00628278 0.0166516
0 0.791131 0.783132 0.00527887 0.0323558
0 0.980031 0.663746 0.00691452 0.0319835
0 0.521623 0.73394 0.00896244 0.0119685
0 0.440821 0.919143 0.0103045 0.0246796
0 0.141047 0.737419 0.0163791 0.00864834
37 0.0990224 0.994099 0.0538303 0.00857069
0 0.75328 0.763567 0.00600967 0.0132579
0 0.996009 0.811229 0.0075695 0.0212533
0 0.41007 0.762511 0.00464325 0.00910594
0 0.576563 0.875734 0.0322843 0.0139398
0 0.996209 0.81609 0.00716763 0.0114883
37 0.419733 0.761934 0.0249817 0.0108056
0 0.107192 0.9839 0.0651753 0.0276482
0 0.984156 0.670357 0.0064045 0.0195279
0 0.984004 0.66674 0.00569248 0.0255222
0 0.774845 0.780273 0.0102898 0.0429928
0 0.886014 0.978872 0.0514811 0.0401681
0 0.953299 0.66174 0.00382271 0.00934601
8 0.0622259 0.743939 0.014002 0.032407
0 0.973761 0.67308 0.00516243 0.0141905
0 0.922015 0.972556 0.026914 0.0424818
0 0.0594651 0.74068 0.00649607 0.00932956
0 0.428346 0.916483 0.0225647 0.0340137
0 0.418397 0.779845 0.00998259 0.0193675
0 0.771327 0.812797 0.0167849 0.0156416
8 0.372805 0.757717 0.0139056 0.0101854
0 0.980184 0.656524 0.00639648 0.0208065
37 0.976386 0.7716 0.0150444 0.00990329
8 0.52713 0.735795 0.0208767 0.0103187
0 0.959549 0.850681 0.0106073 0.0376665
0 0.274308 0.733735 0.00994682 0.0160762
0 0.391468 0.826805 0.0171271 0.0740811
0 0.7803 0.698236 0.00562019 0.0158317
0 0.958226 0.673954 0.00701904 0.017529
0 0.996011 0.814829 0.00751419 0.0171653
0 0.420669 0.915215 0.0502669 0.0395252
0 0.0623365 0.740486 0.0122038 0.0285021
0 0.541049 0.849239 0.00741491 0.0269864
0 0.182935 0.73451 0.0149476 0.0112059
0 0.971023 0.651267 0.00508022 0.0132581
0 0.915605 0.968847 0.0121365 0.0366328
0 0.419662 0.780483 0.0150164 0.0191552
37 0.416987 0.825751 0.0287628 0.00776096
0 0.372779 0.757299 0.01421 0.0102532
37 0.153437 0.983772 0.0178102 0.0123294
14 0.928845 0.680161 0.007127 0.0112484
0 0.917923 0.971525 0.0180737 0.0404063
0 0.755247 0.781733 0.00968037 0.0488861
0 0.794215 0.775802 0.0110025 0.0498281
0 0.00915143 0.978866 0.0180686 0.0219844
0 0.349648 0.989343 0.0260527 0.0211955
8 0.527844 0.737458 0.0203596 0.00878499
37 0.98978 0.770474 0.0199722 0.00761651
0 0.981328 0.662792 0.00927544 0.0347074
0 0.52589 0.734559 0.0172961 0.0123505
0 0.935775 0.866843 0.0111034 0.0148387
37 0.852711 0.848802 0.0244654 0.00871277
0 0.77587 0.781016 0.0149315 0.0427962
0 0.778889 0.814444 0.00917168 0.0132792
37 0.138157 0.739338 0.0227378 0.00881653
33 0.391562 0.812718 0.0165974 0.045089
0 0.861059 0.833605 0.0360155 0.0392721
0 0.856601 0.836232 0.0461205 0.0364085
33 0.391225 0.826832 0.0176496 0.074903
8 0.421589 0.780931 0.0196997 0.0187498
0 0.711314 0.840738 0.0246796 0.0134013
37 0.99027 0.76802 0.0189808 0.0109823
0 0.958177 0.677011 0.00733109 0.0178233
37 0.416841 0.824058 0.0283927 0.00648329
37 0.593061 0.909316 0.0616446 0.0204749
24 0.935858 0.867066 0.0110493 0.0150833
0 0.977786 0.771619 0.0158644 0.00958472
0 0.127846 0.988217 0.0232071 0.0173106
0 0.416154 0.762529 0.0166889 0.0111632
0 0.111841 0.983189 0.0312849 0.0221586
37 0.409826 0.932644 0.0287145 0.00743018
37 0.971982 0.862233 0.0321999 0.0115712
37 0.99045 0.7658 0.0186367 0.0134861
8 0.29064 0.731086 0.0145587 0.00758837
