0 0.45282 0.833552 0.0128139 0.0669774
0 0.27326 0.864056 0.0111108 0.0572378
0 0.479254 0.827057 0.0140566 0.0585195
0 0.698365 0.795568 0.00935259 0.0490106
0 0.953396 0.848288 0.0222923 0.0420288
0 0.954119 0.746136 0.0093113 0.0459886
0 0.964274 0.74132 0.00861511 0.0452025
0 0.42158 0.911 0.0184727 0.0489724
0 0.830766 0.834271 0.0155392 0.0327159
0 0.877453 0.759593 0.00734062 0.0445306
0 0.775815 0.777892 0.0103791 0.0475698
0 0.856405 0.828281 0.0125717 0.035004
0 0.996053 0.735081 0.00748749 0.0491381
0 0.845046 0.763129 0.00974083 0.0370712
0 0.796824 0.776094 0.0108713 0.049272
0 0.832843 0.769571 0.00951767 0.0371847
0 0.94083 0.743126 0.00786705 0.0292969
0 0.789231 0.775704 0.008529 0.0480181
0 0.529799 0.778412 0.00735073 0.025528
0 0.976321 0.665912 0.00968819 0.0409431
0 0.718518 0.830393 0.0141964 0.0319539
0 0.893718 0.976054 0.0655344 0.0463571
0 0.971738 0.762482 0.0132713 0.0270927
37 0.198336 0.91654 0.0457819 0.031033
0 0.475493 0.799512 0.0108873 0.0347283
0 0.715069 0.830533 0.0212936 0.0326857
0 0.516244 0.780538 0.00769405 0.0192442
0 0.685519 0.787617 0.0106668 0.024586
0 0.113975 0.983651 0.0322258 0.0181247
0 0.67724 0.816214 0.0177721 0.0182593
37 0.0221925 0.938393 0.044385 0.0277501
0 0.99567 0.813724 0.00824089 0.0186693
0 0.351979 0.989487 0.0188278 0.0210259
0 0.90022 0.740508 0.00720501 0.0286916
0 0.00895809 0.746268 0.00730201 0.0190565
0 0.905021 0.762565 0.00601826 0.0288635
0 0.57766 0.872724 0.0329641 0.0199219
37 0.0966421 0.99419 0.0482501 0.00822991
0 0.784065 0.693998 0.0064333 0.0134644
0 0.883675 0.979432 0.0459225 0.0399116
0 0.928229 0.728285 0.00871353 0.0202788
0 0.853233 0.829902 0.0192364 0.0388899
0 0.905827 0.973729 0.041156 0.0424142
0 0.00670708 0.747014 0.013254 0.021237
0 0.371533 0.737396 0.0111012 0.0122537
0 0.330922 0.706781 0.00588779 0.0161655
0 0.00552226 0.981489 0.0109526 0.0136314
0 0.475435 0.805217 0.0116283 0.0467155
0 0.303134 0.74104 0.00664053 0.0113217
37 0.10084 0.992978 0.0569408 0.0102139
0 0.917381 0.9727 0.0181438 0.0398631
0 0.540823 0.849575 0.00680904 0.027612
0 0.949443 0.849419 0.0298254 0.0442286
0 0.291465 0.750936 0.00867782 0.0141327
0 0.79977 0.775712 0.00861988 0.0457611
0 0.900783 0.748031 0.00955467 0.0436817
0 0.996825 0.661891 0.00410767 0.0137894
0 0.108774 0.985834 0.0441105 0.0229024
0 0.921343 0.973331 0.0284185 0.0408034
0 0.968975 0.745335 0.0153374 0.0421448
0 0.685346 0.795725 0.0114867 0.0435154
0 0.985453 0.67954 0.00500927 0.0120138
0 0.0590546 0.749697 0.00338997 0.00675693
37 0.950213 0.865751 0.0375561 0.0174754
0 0.965033 0.744665 0.0127972 0.0552438
0 0.767059 0.694469 0.00758476 0.0120655
0 0.77004 0.811888 0.0132902 0.0173136
0 0.851953 0.842028 0.0219463 0.0176073
37 0.789227 0.82002 0.0262882 0.00789286
0 0.959392 0.743154 0.0183493 0.0472575
0 0.986463 0.679722 0.00561905 0.0116896
0 0.841019 0.835017 0.0372562 0.0341122
0 0.906954 0.975949 0.0567642 0.0453152
0 0.199831 0.727367 0.0111334 0.00774638
8 0.291518 0.753219 0.013634 0.0118997
8 0.00727834 0.74833 0.0144933 0.0220225
0 0.390914 0.832639 0.0179849 0.0871341
37 0.00822112 0.757328 0.0143167 0.0100006
0 0.595117 0.906637 0.05254 0.0232583
37 0.0756572 0.751795 0.0140784 0.0106827
0 0.679731 0.814598 0.0223989 0.0214793
0 0.684557 0.815257 0.013052 0.0189918
0 0.120123 0.984908 0.0383641 0.0204703
37 0.935989 0.867653 0.0113632 0.013432
0 0.903179 0.685591 0.0041563 0.0201781
0 0.292388 0.752794 0.01338 0.0134606
37 0.852188 0.845149 0.0252916 0.0147142
0 0.51748 0.781471 0.0101444 0.0193202
37 0.855861 0.84621 0.0382988 0.0144482
0 0.111825 0.980963 0.0287422 0.0232439
0 0.942347 0.743474 0.0106247 0.0321628
37 0.960078 0.862965 0.0483707 0.0175373
37 0.695671 0.84152 0.0267037 0.0141602
24 0.15342 0.983595 0.0178914 0.0126836
0 0.773729 0.812456 0.0212967 0.019911
37 0.949575 0.863631 0.0209167 0.0162821
0 0.00621678 0.979056 0.0123202 0.0184506
0 0.92859 0.730588 0.0108454 0.0190481
0 0.880413 0.985047 0.0394897 0.0291022
37 0.591036 0.912067 0.0550896 0.0158934
37 0.7887 0.818471 0.0264378 0.0101524
0 0.129632 0.985293 0.0660361 0.0215412
0 0.779659 0.817442 0.0086051 0.0107357
0 0.859857 0.795757 0.00701408 0.0112261
0 0.00959389 0.981022 0.0189938 0.0157935
37 0.958134 0.866365 0.0557972 0.0149463
37 0.753561 0.826369 0.0307582 0.00699226
0 0.788216 0.817954 0.0263351 0.0109758
0 0.901797 0.743998 0.0109711 0.0360806
37 0.322309 0.715804 0.0243976 0.00743493
0 0.679147 0.818118 0.0221973 0.0222036
37 0.960505 0.863191 0.0520493 0.0121977
37 0.487518 0.863477 0.0311079 0.0109099
0 0.476598 0.802654 0.0121596 0.0316593
37 0.0990169 0.987304 0.0537685 0.0199904
0 0.172788 0.734495 0.00681524 0.0102603
0 0.901792 0.756302 0.0129662 0.0417772
0 0.981816 0.771532 0.00863647 0.00968085
37 0.072988 0.751905 0.0187469 0.0112288
0 0.0689791 0.752223 0.0248831 0.0119866
0 0.98756 0.679318 0.00924435 0.0121062
0 0.679845 0.800331 0.022687 0.0506663
