0 0.466165 0.839265 0.0142292 0.0622752
0 0.45327 0.833661 0.0118575 0.0681295
0 0.830629 0.834312 0.0171682 0.0337996
0 0.695532 0.793498 0.00940886 0.0460836
0 0.70705 0.791147 0.00988245 0.0472009
0 0.878485 0.75945 0.00979958 0.0486979
0 0.844038 0.765661 0.0108013 0.04999
0 0.806465 0.774018 0.0100475 0.0432244
0 0.745 0.785026 0.010427 0.049174
0 0.794826 0.775162 0.00976887 0.0488227
0 0.718577 0.830097 0.0145552 0.0317759
0 0.755172 0.782421 0.00773354 0.0490563
0 0.27602 0.728815 0.00732384 0.0164747
0 0.960994 0.741578 0.00718193 0.0376231
0 0.535406 0.816419 0.00876961 0.0398488
0 0.0713925 0.74244 0.00715652 0.0279643
0 0.856329 0.830455 0.0166134 0.0331628
0 0.822405 0.77991 0.00640564 0.0293559
0 0.339162 0.756622 0.00653744 0.0197086
0 0.953553 0.849626 0.021962 0.0414086
0 0.892446 0.976245 0.0619858 0.0454556
0 0.00820716 0.74689 0.00958615 0.0173245
0 0.435467 0.913848 0.0202528 0.0372601
0 0.969427 0.739553 0.00704803 0.0361145
0 0.957203 0.848215 0.0150877 0.0384783
0 0.904067 0.97308 0.0387291 0.039329
37 0.198144 0.915822 0.0455297 0.0314445
0 0.354481 0.989295 0.0154981 0.0213725
0 0.116081 0.983511 0.032004 0.0244349
0 0.00571728 0.975442 0.0113763 0.0264425
0 0.319617 0.709013 0.0063129 0.018221
0 0.974221 0.762736 0.0174809 0.02712
0 0.52993 0.740143 0.00889511 0.00926175
0 0.456279 0.780036 0.00668793 0.0184982
0 0.854004 0.831669 0.0220428 0.0363622
0 0.772189 0.698725 0.00568867 0.0175598
0 0.932501 0.727823 0.00694313 0.0228419
37 0.0221334 0.938612 0.0442668 0.0289924
0 0.53675 0.819169 0.0114357 0.0458876
0 0.147647 0.738626 0.0219786 0.00960931
0 0.675371 0.815271 0.0155706 0.0207275
0 0.110352 0.984179 0.0474857 0.026159
0 0.303753 0.729073 0.00538111 0.00941213
16 0.675294 0.81541 0.0153461 0.0206953
37 0.534354 0.740319 0.0182554 0.0100725
0 0.0519497 0.751724 0.00385844 0.00637156
0 0.883673 0.983738 0.0452145 0.030908
0 0.885638 0.978809 0.0488644 0.0407518
0 0.973239 0.673702 0.00521488 0.0182039
37 0.0976372 0.994386 0.0499737 0.00832282
0 0.714713 0.830718 0.0227093 0.032134
0 0.789 0.698873 0.00452919 0.0166456
0 0.152615 0.738233 0.0122474 0.00914459
0 0.391363 0.83175 0.0182337 0.084975
0 0.896961 0.679104 0.00750656 0.0213898
37 0.185359 0.737118 0.00986867 0.0057746
37 0.102978 0.992586 0.0608498 0.0108392
0 0.0095987 0.975848 0.0191974 0.0281972
0 0.995926 0.81387 0.00774307 0.0144063
0 0.441457 0.769198 0.00870743 0.0154171
0 0.190315 0.732237 0.0107293 0.00986396
0 0.0731549 0.74306 0.0108209 0.0275016
4 0.419998 0.316582 0.0152185 0.00719672
0 0.920228 0.681532 0.00738258 0.0126663
0 0.949199 0.858886 0.0131878 0.0223438
37 0.577511 0.875444 0.0326151 0.013943
0 0.109926 0.981499 0.0201703 0.0223704
0 0.863862 0.832993 0.0326586 0.0383889
0 0.770864 0.812391 0.013542 0.0148534
0 0.188365 0.73296 0.0154435 0.0118254
0 0.455522 0.777344 0.00827417 0.013877
0 0.872778 0.845659 0.0141048 0.0144758
0 0.982286 0.673899 0.0061758 0.020457
0 0.577565 0.875694 0.0331923 0.0143165
0 0.123875 0.985159 0.0308923 0.0225357
0 0.916242 0.971927 0.0134026 0.0371382
0 0.456008 0.783943 0.00834007 0.0244688
0 0.947892 0.850743 0.0320343 0.0450114
33 0.391107 0.814909 0.0175459 0.0523889
0 0.836146 0.834238 0.0288467 0.0354387
0 0.0763056 0.738572 0.00422642 0.0132199
0 0.772904 0.812051 0.00847054 0.0145086
24 0.153707 0.982821 0.0187434 0.013738
37 0.188389 0.734149 0.0162679 0.0112006
0 0.431951 0.914221 0.02684 0.0395382
4 0.896351 0.246569 0.0127771 0.00619176
37 0.274926 0.737014 0.0098979 0.00591498
0 0.922521 0.974879 0.0272175 0.0382779
37 0.937179 0.86697 0.0135639 0.0151489
37 0.943754 0.866125 0.0258671 0.0168644
0 0.879345 0.684154 0.0077877 0.0109578
0 0.779838 0.816107 0.00769653 0.00983988
0 0.946399 0.858968 0.0309059 0.0295363
0 0.981745 0.666605 0.00787621 0.0340189
0 0.705881 0.831242 0.0394634 0.0328281
0 0.78673 0.698934 0.0088974 0.0165856
0 0.912366 0.974625 0.0481617 0.0435588
0 0.982399 0.67765 0.00606537 0.0151369
0 0.773882 0.81277 0.0197702 0.0164758
0 0.860431 0.845966 0.0392471 0.0157742
0 0.933855 0.728052 0.0103279 0.0246555
0 0.879229 0.675767 0.00685844 0.0102167
37 0.852953 0.845811 0.0258575 0.013972
37 0.30862 0.715162 0.0173881 0.00838284
0 0.303189 0.730513 0.0125595 0.00835503
0 0.35017 0.989331 0.0252234 0.0212955
0 0.317473 0.716629 0.00835943 0.00827705
37 0.452039 0.781337 0.0125449 0.0107371
0 0.301707 0.729627 0.0109431 0.00981411
0 0.860307 0.795661 0.00666962 0.0109897
0 0.838441 0.768363 0.00508728 0.0196086
0 0.91824 0.973204 0.0180374 0.0396162
37 0.856602 0.762118 0.020747 0.0127391
0 0.984257 0.660684 0.00719891 0.0143762
0 0.857946 0.831713 0.0213051 0.0376985
8 0.1881 0.73437 0.0161345 0.0101876
