0 0.722598 0.78625 0.00955973 0.0497981
0 0.555242 0.819433 0.0100859 0.0502396
0 0.452174 0.833913 0.0117818 0.0673421
0 0.796315 0.775914 0.0085947 0.0491648
0 0.442454 0.835202 0.0123457 0.064168
0 0.625973 0.803314 0.012638 0.0612603
0 0.830887 0.834901 0.0178764 0.0335163
0 0.843661 0.766595 0.00771561 0.0483025
0 0.582519 0.808703 0.00981274 0.0512353
0 0.717984 0.830093 0.0135494 0.0314316
0 0.952903 0.746605 0.00830631 0.0369286
0 0.114631 0.983751 0.0322308 0.0264662
37 0.197989 0.915867 0.0455144 0.0312554
0 0.935499 0.729437 0.00792656 0.0286541
0 0.475254 0.856334 0.0185909 0.0262931
37 0.0225821 0.938543 0.0451641 0.0303145
0 0.893715 0.975419 0.0624966 0.0446984
0 0.689095 0.795114 0.00939522 0.046363
0 0.355142 0.989331 0.014007 0.0213384
0 0.856318 0.831015 0.0140656 0.0323364
0 0.974519 0.762462 0.0176842 0.0270287
0 0.955746 0.848696 0.0188118 0.0360229
0 0.404323 0.897054 0.0101002 0.0806959
0 0.41022 0.897434 0.0230287 0.0822164
0 0.014129 0.752344 0.00805975 0.0168203
0 0.701675 0.792207 0.00877323 0.0435672
0 0.853739 0.698419 0.00614815 0.0214545
0 0.695117 0.793006 0.00799236 0.0463943
0 0.905146 0.973181 0.0412861 0.0394002
0 0.278455 0.728454 0.00489779 0.0160851
0 0.669755 0.795853 0.00811615 0.0368561
0 0.669527 0.790137 0.00754871 0.0249654
8 0.0161559 0.759851 0.0207623 0.0106286
0 0.852869 0.83116 0.0207726 0.0341234
37 0.0954979 0.994305 0.0468945 0.00812259
0 0.0571026 0.743357 0.00984714 0.0224733
0 0.952931 0.84996 0.0175701 0.0387199
0 0.883554 0.984527 0.0449944 0.0284278
0 0.972341 0.761455 0.0113758 0.0257024
0 0.678283 0.814307 0.0138956 0.0200585
0 0.675838 0.813561 0.0178843 0.0226284
37 0.852836 0.848678 0.0259146 0.00939365
0 0.577509 0.875532 0.0321168 0.014693
0 0.441359 0.762537 0.00655031 0.0134884
0 0.995983 0.810341 0.00762863 0.0229841
0 0.0556439 0.744518 0.0118439 0.0231859
0 0.0132081 0.752408 0.0117314 0.0177009
0 0.357894 0.771699 0.00961666 0.0119999
0 0.484408 0.856578 0.0389886 0.025925
0 0.391138 0.822073 0.0181535 0.0645652
0 0.94981 0.851021 0.0289904 0.0405987
0 0.00570019 0.980392 0.0113069 0.0165541
0 0.401583 0.897111 0.0158286 0.08111
0 0.996148 0.815565 0.00729733 0.0125746
0 0.841023 0.698471 0.00770607 0.0206246
0 0.669071 0.799765 0.00930042 0.0471086
0 0.356076 0.772136 0.0135443 0.0131331
8 0.98211 0.674909 0.0211374 0.0181712
8 0.0156386 0.757645 0.022618 0.0151954
8 0.0154777 0.755296 0.0185798 0.018276
0 0.715127 0.830495 0.0200989 0.0320162
0 0.673533 0.800568 0.0163481 0.0467322
0 0.911893 0.972829 0.0272274 0.0394321
37 0.577318 0.875156 0.0317398 0.0144094
37 0.852086 0.845126 0.0228813 0.0119663
0 0.321699 0.719453 0.0107882 0.0144965
2 0.506074 0.41234 0.0358919 0.0249409
0 0.291581 0.727852 0.0123499 0.00895352
33 0.39121 0.814863 0.0180245 0.0496184
0 0.074361 0.751138 0.00604864 0.00959422
0 0.0754316 0.751104 0.00627158 0.00953946
0 0.279084 0.728281 0.00693569 0.016353
37 0.153367 0.983614 0.0175406 0.0124179
0 0.443116 0.761726 0.0103134 0.014396
0 0.00743555 0.978635 0.0147439 0.0200623
37 0.850293 0.847815 0.0313828 0.0112383
0 0.453618 0.762162 0.0102976 0.0121335
37 0.58819 0.913332 0.0542633 0.0122667
8 0.447975 0.762294 0.0213741 0.0137765
0 0.884637 0.978583 0.0476727 0.0368693
0 0.4825 0.856471 0.0235785 0.0257261
0 0.491731 0.723031 0.0105444 0.010483
0 0.10211 0.984766 0.0596328 0.0263099
0 0.0160453 0.754266 0.0171229 0.0202599
0 0.407139 0.897258 0.0152055 0.0810372
37 0.591341 0.914558 0.0447692 0.00945418
0 0.120084 0.984856 0.0394751 0.0227763
37 0.944201 0.861618 0.0307858 0.0217372
0 0.951076 0.85969 0.0143875 0.0202428
0 0.286866 0.7277 0.0234247 0.0163161
37 0.330506 0.771572 0.0279926 0.0106657
37 0.935354 0.865118 0.0141943 0.0164422
0 0.166979 0.735108 0.0221558 0.00980733
37 0.0188045 0.760853 0.0252379 0.0107524
0 0.457216 0.761887 0.0054575 0.0118998
0 0.673043 0.792017 0.0154478 0.0289544
8 0.250234 0.396911 0.00944071 0.0103019
37 0.9564 0.866591 0.0609432 0.0157433
0 0.9179 0.972574 0.0171471 0.0385454
14 0.903543 0.672364 0.00627632 0.00984005
0 0.996035 0.804229 0.00749741 0.0351047
0 0.959916 0.848477 0.0123806 0.0342436
8 0.326235 0.771404 0.0188635 0.0104557
0 0.319074 0.719495 0.0178253 0.0156262
0 0.840328 0.835518 0.0373316 0.0340634
8 0.331211 0.771642 0.029479 0.0112254
37 0.947662 0.864231 0.0435699 0.0214781
0 0.416309 0.897531 0.0361885 0.0821977
0 0.448293 0.761659 0.0211086 0.0136736
0 0.93839 0.671597 0.00855522 0.0113571
14 0.770862 0.239862 0.00586777 0.00549253
0 0.946902 0.855894 0.0377079 0.0333937
0 0.492378 0.721642 0.00813866 0.0108995
37 0.966864 0.862899 0.0397709 0.0093438
0 0.540623 0.849622 0.00700035 0.0273251
37 0.588949 0.908854 0.0564751 0.0209995
