0 0.364346 0.846196 0.0133964 0.0645487
0 0.243838 0.903262 0.0193341 0.0786719
0 0.541066 0.815614 0.012602 0.0600759
0 0.499312 0.825654 0.0119219 0.0587057
0 0.452856 0.834478 0.0126562 0.0664371
0 0.842803 0.764582 0.00833492 0.0410482
0 0.718463 0.83027 0.0143272 0.0311259
0 0.79727 0.775175 0.00924892 0.0495036
0 0.555052 0.81852 0.009869 0.0485538
0 0.390844 0.826365 0.018148 0.0727741
0 0.831179 0.835055 0.0167286 0.0321448
0 0.624978 0.807981 0.00862026 0.0523968
0 0.688518 0.795013 0.0112288 0.0454492
0 0.920235 0.752445 0.00971947 0.0404839
0 0.702181 0.792413 0.011113 0.0468674
0 0.114452 0.98254 0.0313652 0.0239826
37 0.198441 0.916287 0.0441756 0.0308129
0 0.956294 0.847377 0.0171526 0.0337633
0 0.96521 0.733974 0.00568695 0.0248862
0 0.931796 0.726633 0.00856266 0.0212219
0 0.853887 0.834275 0.0201218 0.028093
0 0.475723 0.857573 0.017593 0.0231025
0 0.741759 0.783355 0.00658417 0.0475181
37 0.0222078 0.938797 0.0444155 0.0288132
0 0.732663 0.786275 0.00849915 0.0463789
0 0.355188 0.989408 0.0148537 0.0211846
0 0.543436 0.758963 0.00893536 0.0183467
0 0.577823 0.874982 0.0326286 0.0157918
0 0.890888 0.976968 0.0599056 0.0438602
0 0.904894 0.973318 0.0391542 0.038348
0 0.88307 0.985152 0.0441986 0.0279889
0 0.973537 0.736974 0.00706482 0.0331265
0 0.641168 0.811263 0.00779686 0.0364044
0 0.00568672 0.975843 0.0113011 0.0256192
8 0.358484 0.719472 0.0452458 0.0200975
0 0.462936 0.758472 0.0108929 0.0151313
0 0.0164369 0.73375 0.0111518 0.0245761
0 0.97278 0.729947 0.00616112 0.0210063
0 0.480026 0.857487 0.0262297 0.0230735
0 0.676146 0.815389 0.0160332 0.0183611
0 0.339162 0.771661 0.00484276 0.0124505
37 0.0974282 0.994053 0.0499842 0.00819838
0 0.90147 0.975333 0.0318542 0.0328925
0 0.485918 0.85821 0.0380463 0.0231116
0 0.922421 0.973575 0.0261532 0.0391619
0 0.941256 0.673083 0.00522728 0.0193037
0 0.974236 0.766541 0.0187902 0.0197576
0 0.951531 0.848654 0.0255527 0.0357073
0 0.917544 0.972069 0.0159887 0.0361818
0 0.785104 0.814063 0.038197 0.0190559
0 0.28818 0.739412 0.00980186 0.0148109
0 0.853098 0.836468 0.0257927 0.0324134
0 0.914957 0.9721 0.010747 0.0366007
0 0.966278 0.734563 0.00769386 0.027556
0 0.0618328 0.734763 0.00605445 0.0149072
0 0.0169365 0.729404 0.0108421 0.0159444
0 0.779282 0.814035 0.0300531 0.0185588
0 0.738846 0.781587 0.00648203 0.0437878
0 0.991664 0.67086 0.00477982 0.0169779
8 0.266193 0.71546 0.0181622 0.0148192
0 0.860543 0.794451 0.00532455 0.0138875
14 0.996279 0.816304 0.00703506 0.0113061
0 0.836632 0.835367 0.0287205 0.0329581
8 0.364214 0.720223 0.0338408 0.0185196
0 0.975215 0.771602 0.0170681 0.00973138
0 0.00845095 0.975825 0.016753 0.0270718
0 0.00465551 0.972554 0.00926489 0.0314777
0 0.73612 0.784126 0.0141401 0.0509857
37 0.355124 0.852184 0.0153443 0.0131588
0 0.102202 0.984419 0.0587168 0.02624
37 0.499644 0.863017 0.0262619 0.00942942
0 0.592771 0.907391 0.0624698 0.0230476
0 0.264359 0.711498 0.00634856 0.0135583
37 0.496037 0.863196 0.0180886 0.00914103
0 0.774917 0.813611 0.023657 0.0191715
37 0.59374 0.9124 0.0607308 0.0132667
0 0.770481 0.812988 0.014979 0.0175235
37 0.712046 0.789156 0.0214876 0.0145013
24 0.153414 0.983513 0.0181487 0.0130981
37 0.59304 0.907249 0.0624483 0.0222824
0 0.119687 0.983964 0.0409692 0.0248108
37 0.945954 0.860059 0.0294836 0.0221142
37 0.540997 0.768575 0.0170435 0.0102603
0 0.996053 0.80761 0.00748329 0.0287481
0 0.951159 0.857958 0.0176033 0.0214254
0 0.9488 0.859161 0.0186596 0.0207794
0 0.948169 0.857078 0.0249733 0.0219706
8 0.20311 0.730569 0.0202895 0.0200144
8 0.368978 0.723488 0.0237821 0.0120309
0 0.788963 0.815545 0.0302811 0.0158418
0 0.872201 0.844628 0.0146278 0.0151269
0 0.973061 0.763801 0.0163387 0.0241606
37 0.960013 0.862218 0.0536911 0.0111674
0 0.637645 0.811173 0.0150335 0.0376444
0 0.144914 0.742113 0.0114175 0.0165643
37 0.356234 0.856638 0.0132416 0.016783
37 0.635995 0.812303 0.0185877 0.0364495
0 0.109665 0.983842 0.0340356 0.0214518
0 0.00316745 0.739381 0.00631085 0.0100179
37 0.860933 0.846208 0.0383583 0.0155694
37 0.949786 0.866208 0.041596 0.0170817
0 0.0111032 0.735215 0.021952 0.0277352
8 0.354813 0.719335 0.0392902 0.0166431
8 0.901677 0.683091 0.0140686 0.0132246
0 0.910254 0.975762 0.0518635 0.042886
0 0.889939 0.987775 0.0330677 0.0216905
8 0.373999 0.725783 0.0138646 0.00773926
37 0.957675 0.865214 0.0582853 0.0171217
37 0.15056 0.744493 0.0227173 0.0186045
0 0.00396774 0.958546 0.00787959 0.0596563
0 0.150393 0.743576 0.0228392 0.0200131
37 0.824834 0.815239 0.0232887 0.0094045
8 0.15053 0.743678 0.0226462 0.0192666
0 0.898442 0.683583 0.00732841 0.0130993
0 0.996119 0.816823 0.00728397 0.0128577
0 0.85788 0.836637 0.0421345 0.037128
37 0.872378 0.845592 0.0147671 0.014877
0 0.266049 0.713233 0.018522 0.0178094
37 0.958784 0.859812 0.0351902 0.0162591
0 0.0052524 0.967749 0.0104932 0.0432281
8 0.199573 0.72975 0.0276446 0.0209269
8 0.010966 0.735197 0.0217254 0.0269285
0 0.966147 0.674562 0.0058527 0.0168104
8 0.947007 0.661058 0.00861111 0.00767432
37 0.944105 0.863116 0.0318348 0.0220883
0 0.540654 0.848846 0.00731525 0.0287976
14 0.920166 0.668767 0.00538597 0.00791931
0 0.986226 0.668625 0.00559616 0.0137661
37 0.752033 0.826628 0.0287978 0.00711382
37 0.255416 0.715614 0.0113685 0.008176
37 0.490168 0.862272 0.0439085 0.0138702
37 0.844509 0.842972 0.0459658 0.0223067
