0 0.513651 0.819838 0.0126347 0.0591192
0 0.84292 0.765938 0.00845261 0.0456228
0 0.35095 0.847381 0.0134195 0.0615195
0 0.45367 0.835522 0.0113218 0.063494
0 0.796671 0.774753 0.00830994 0.0464196
0 0.470361 0.827655 0.0089879 0.0542338
0 0.190349 0.904365 0.0139507 0.0766897
0 0.555461 0.81888 0.0101191 0.04813
0 0.831211 0.834772 0.0169277 0.0329274
0 0.607428 0.808967 0.0146925 0.0496952
0 0.742992 0.78303 0.00751572 0.0493011
0 0.734019 0.785669 0.00890503 0.0452555
0 0.688853 0.795812 0.0102606 0.0444889
0 0.114398 0.982661 0.0319511 0.0251851
0 0.700694 0.792887 0.0109753 0.0439178
0 0.621684 0.815437 0.00769634 0.0381253
0 0.915653 0.754915 0.00742645 0.0438805
0 0.391279 0.817454 0.0167297 0.0536204
0 0.718548 0.830304 0.0136675 0.0315013
0 0.902719 0.972369 0.033802 0.0398361
0 0.956675 0.848821 0.0159189 0.0365797
37 0.197608 0.916332 0.045947 0.0308773
0 0.474107 0.854552 0.0184893 0.0291616
37 0.0221253 0.938331 0.0441858 0.0285492
0 0.89001 0.975591 0.058523 0.0464756
0 0.355072 0.989366 0.013995 0.0212674
0 0.988551 0.732562 0.00740547 0.0243696
0 0.715388 0.830608 0.0202929 0.0322534
0 0.853583 0.83503 0.0213989 0.0265628
0 0.85508 0.834381 0.0154736 0.025647
0 0.106521 0.745968 0.00729117 0.0341309
0 0.947366 0.850951 0.034724 0.040642
0 0.878287 0.697852 0.00503941 0.0212687
0 0.00474513 0.746668 0.00764945 0.012617
0 0.996167 0.813382 0.00725937 0.0167557
0 0.951353 0.737027 0.00667076 0.0170405
0 0.928849 0.728276 0.00693703 0.0209271
0 0.895404 0.686003 0.0068924 0.0182634
0 0.883626 0.982423 0.0455475 0.0338277
0 0.677499 0.815671 0.0177038 0.0181641
0 0.243096 0.720562 0.00881467 0.0134096
0 0.469384 0.759022 0.00995388 0.0152856
0 0.674709 0.815807 0.013122 0.0184636
0 0.972114 0.762704 0.0147388 0.0266632
0 0.731886 0.786414 0.00914745 0.0450545
0 0.59636 0.765909 0.0107224 0.0178567
37 0.192036 0.912815 0.0343157 0.024351
0 0.610459 0.810763 0.00978403 0.0448907
0 0.943939 0.859207 0.0303812 0.0278054
0 0.623384 0.815783 0.010939 0.0387258
0 0.24159 0.768105 0.00567541 0.0121779
0 0.483833 0.854523 0.0341351 0.0290714
0 0.940314 0.674503 0.00591354 0.0197224
0 0.28774 0.724678 0.0055232 0.0107588
0 0.288297 0.726658 0.00632124 0.0126817
37 0.288879 0.735329 0.0131793 0.0108588
37 0.0987548 0.994357 0.054436 0.0084181
0 0.93813 0.859553 0.0191944 0.0263287
0 0.764915 0.813836 0.0298737 0.0176634
0 0.577451 0.87553 0.0332756 0.013343
37 0.588075 0.912965 0.0538399 0.0122813
0 0.329234 0.772824 0.00559711 0.0107385
0 0.0994996 0.98443 0.0620882 0.0279182
0 0.879421 0.697741 0.00777168 0.0222792
0 0.972713 0.76528 0.022167 0.023635
37 0.185489 0.913356 0.0209306 0.0250407
0 0.862058 0.836326 0.036364 0.0325024
0 0.911292 0.973706 0.0459261 0.0435549
24 0.15348 0.983321 0.0178906 0.0128206
0 0.973641 0.752963 0.00814362 0.0088579
0 0.770354 0.813139 0.0137651 0.0146854
0 0.843575 0.835416 0.0414597 0.033394
0 0.923078 0.675434 0.00729942 0.0252575
0 0.00578292 0.979132 0.0115499 0.0188619
0 0.286893 0.730869 0.0105666 0.0131477
0 0.922263 0.678658 0.00556717 0.0200829
37 0.180595 0.912177 0.0112885 0.0223141
37 0.832382 0.760714 0.01127 0.00638309
0 0.975496 0.675438 0.00625496 0.0171952
37 0.590798 0.773697 0.0271877 0.0117905
0 0.921834 0.973467 0.028212 0.0413688
37 0.494332 0.862827 0.0171432 0.0106896
37 0.101797 0.756829 0.0350689 0.0148966
0 0.975724 0.771793 0.0166279 0.0103789
0 0.91414 0.971601 0.0101402 0.0381351
37 0.0912669 0.750677 0.02317 0.020147
0 0.994798 0.813561 0.0100353 0.0173825
0 0.779175 0.815599 0.00920639 0.0115687
0 0.522309 0.723101 0.0158061 0.0123335
37 0.576985 0.875131 0.0333544 0.0132875
0 0.994196 0.671433 0.00567036 0.0274069
37 0.23931 0.730888 0.0338663 0.0124273
0 0.883165 0.69338 0.00340195 0.0119058
0 0.771847 0.813139 0.0248854 0.0170817
0 0.855652 0.837898 0.033749 0.0317235
0 0.97067 0.77094 0.029039 0.016065
0 0.979478 0.651091 0.00663338 0.0149373
0 0.872594 0.845583 0.0146935 0.0150611
0 0.859848 0.84316 0.0408047 0.0216888
37 0.942013 0.759316 0.0477751 0.0175535
37 0.589514 0.909324 0.0569896 0.0200829
0 0.969065 0.76424 0.0254963 0.026727
0 0.485591 0.86222 0.034422 0.0135244
0 0.995736 0.670791 0.00807571 0.0247846
0 0.70452 0.833864 0.0421359 0.0287882
0 0.875425 0.985286 0.0295753 0.0279253
0 0.618588 0.814437 0.0143715 0.0394477
37 0.24678 0.769346 0.0180415 0.0111857
0 0.153543 0.983262 0.0178565 0.0131883
0 0.924429 0.979622 0.0225723 0.0276988
0 0.852657 0.843316 0.026218 0.0204605
37 0.983372 0.762063 0.0328175 0.0138241
0 0.953156 0.737282 0.0104792 0.0180301
0 0.588479 0.907837 0.0539557 0.0228222
0 0.617725 0.817473 0.0132368 0.0306054
0 0.952382 0.661559 0.00571899 0.0115317
0 0.525309 0.722061 0.00819035 0.0126292
37 0.206869 0.917858 0.0282421 0.0277873
