0 0.453592 0.833386 0.0116497 0.0673045
0 0.480025 0.832996 0.0142303 0.0652096
0 0.436018 0.899761 0.0157363 0.0676848
0 0.830193 0.834756 0.0175152 0.0333667
0 0.71878 0.829957 0.0145639 0.032328
0 0.785083 0.778653 0.00848351 0.0416245
0 0.0961372 0.897711 0.016273 0.0622698
0 0.898701 0.755929 0.00869446 0.046029
0 0.795529 0.776074 0.0084156 0.0463847
0 0.884233 0.759388 0.00768814 0.0399957
0 0.514473 0.806842 0.0113729 0.0367038
0 0.698477 0.794212 0.00910683 0.0453539
0 0.758689 0.782085 0.00718832 0.0474579
0 0.95343 0.848695 0.0218391 0.0393416
0 0.843342 0.765554 0.00822487 0.04706
0 0.8558 0.830881 0.0165947 0.03426
0 0.489332 0.781659 0.00916386 0.0257989
0 0.936209 0.751521 0.00833054 0.0428284
0 0.354945 0.989417 0.0144848 0.0211656
0 0.746397 0.783368 0.0097784 0.0465847
0 0.905715 0.972531 0.0408558 0.0417572
0 0.973779 0.762471 0.0190508 0.0284027
0 0.838388 0.767125 0.0064558 0.0403651
0 0.351022 0.750305 0.00727139 0.0140442
0 0.692218 0.79541 0.00771494 0.0425598
0 0.0709787 0.746846 0.00891049 0.0259603
0 0.465271 0.773061 0.00705261 0.0209385
0 0.00667367 0.749975 0.00722251 0.0190379
37 0.197915 0.914995 0.0459481 0.0330519
0 0.852249 0.832347 0.0244942 0.0376756
0 0.577761 0.875484 0.0327513 0.0155312
0 0.997229 0.739755 0.00511665 0.0320557
0 0.929028 0.741026 0.00637531 0.0297017
0 0.67642 0.815604 0.0162903 0.0188928
0 0.903163 0.679028 0.00646439 0.0221082
0 0.791189 0.694851 0.00755196 0.0116347
0 0.114548 0.981568 0.0301375 0.0229747
0 0.0517957 0.752834 0.00608349 0.00928853
37 0.0220852 0.938957 0.044151 0.0307492
0 0.996137 0.811012 0.00730972 0.0212431
0 0.00531658 0.749849 0.0102246 0.0194229
0 0.0695598 0.746019 0.00745997 0.027537
0 0.893664 0.975149 0.0645641 0.0461646
0 0.0059965 0.98127 0.0119174 0.0139077
37 0.531299 0.741481 0.0144754 0.00903965
0 0.323452 0.711674 0.00593162 0.0205648
0 0.884318 0.684135 0.00657806 0.0130239
0 0.884249 0.979324 0.045974 0.0385105
0 0.109756 0.981031 0.0203268 0.0225145
0 0.769369 0.811977 0.0125566 0.0153249
0 0.772546 0.812578 0.00854054 0.0144792
8 0.346468 0.733208 0.0200131 0.0116289
0 0.0685439 0.745915 0.012379 0.0273788
0 0.979473 0.650771 0.00683136 0.0203547
0 0.104566 0.984043 0.0520485 0.0271339
37 0.00933792 0.758273 0.0185072 0.00979445
0 0.318958 0.750487 0.0108057 0.0118462
0 0.921768 0.972967 0.0268768 0.0424489
0 0.773806 0.812299 0.0201423 0.0166083
33 0.391277 0.814285 0.017468 0.0492299
8 0.314083 0.719659 0.0242146 0.00981581
8 0.347139 0.755659 0.0250386 0.0152717
0 0.917387 0.971008 0.0157856 0.0398288
8 0.31532 0.71776 0.0249636 0.0123735
0 0.996223 0.739864 0.00705585 0.033137
0 0.00927604 0.981122 0.0184232 0.0152557
0 0.679125 0.814749 0.0215888 0.0203234
0 0.756624 0.781411 0.0112427 0.0494622
37 0.936958 0.867033 0.0131367 0.0161397
37 0.00880723 0.880423 0.0175255 0.01706
0 0.466259 0.774862 0.0104403 0.0230888
0 0.779128 0.814062 0.008846 0.0128672
0 0.540903 0.849265 0.00747528 0.0267614
0 0.872513 0.845979 0.0147511 0.0157081
37 0.10152 0.993949 0.0585996 0.009277
0 0.94873 0.850773 0.0260105 0.0446842
0 0.540531 0.84627 0.00635204 0.0208893
8 0.314558 0.7127 0.0247137 0.022728
0 0.935556 0.727567 0.00838833 0.0200158
0 0.980286 0.652818 0.00787888 0.0227319
0 0.052506 0.753501 0.00936518 0.00953607
0 0.768783 0.697925 0.00931511 0.0169562
0 0.882739 0.759503 0.0107216 0.0413808
0 0.791339 0.77759 0.0165447 0.044752
0 0.489534 0.787262 0.0109206 0.0375164
8 0.153779 0.740329 0.0164545 0.0132718
37 0.948949 0.864865 0.036558 0.0197808
0 0.00757674 0.979186 0.0150278 0.0180818
37 0.00551257 0.756648 0.0109671 0.0114451
37 0.0961046 0.993907 0.0473077 0.0078242
0 0.118766 0.984024 0.0379598 0.023782
0 0.58619 0.907303 0.0428287 0.0232903
0 0.198311 0.731444 0.00854137 0.00854662
0 0.69013 0.796999 0.0110043 0.0480838
0 0.565685 0.837978 0.00689812 0.0105767
37 0.58637 0.909151 0.0423786 0.0198185
0 0.120487 0.985499 0.0197963 0.0235207
8 0.349488 0.754482 0.0199016 0.0151616
0 0.936246 0.745513 0.0113239 0.0547345
0 0.349685 0.752223 0.0119562 0.0130383
0 0.863565 0.833337 0.0329718 0.0397759
37 0.465256 0.782282 0.0187653 0.0119929
24 0.153618 0.983661 0.0177121 0.0123252
0 0.15417 0.73944 0.0198625 0.0128213
0 0.466616 0.77979 0.0143833 0.0166653
0 0.844295 0.832299 0.0405331 0.0394116
0 0.974519 0.669551 0.00598946 0.0158058
37 0.347238 0.756725 0.0273808 0.012246
37 0.0283924 0.896221 0.0559728 0.0199514
0 0.933705 0.748554 0.0145489 0.0467234
0 0.994814 0.81074 0.00992069 0.0230477
0 0.924592 0.678771 0.00667419 0.0115207
37 0.0725052 0.744569 0.0165088 0.0205502
8 0.980745 0.652044 0.0112331 0.0249786
0 0.946727 0.852754 0.0353495 0.0442098
33 0.391607 0.807552 0.0168554 0.0350362
37 0.995592 0.754265 0.00831909 0.00676473
0 0.935401 0.721783 0.00562077 0.0158746
37 0.593526 0.914279 0.0277733 0.00878465
33 0.392257 0.804579 0.0138641 0.0261542
0 0.585807 0.906835 0.0230596 0.0211792
0 0.952453 0.663643 0.00636005 0.00705278
0 0.0508401 0.752473 0.00889547 0.0103672
