0 0.453793 0.834024 0.012694 0.0664595
0 0.47958 0.8321 0.0145887 0.0622247
0 0.424504 0.894773 0.0150365 0.082182
0 0.766718 0.77989 0.0108519 0.0496223
0 0.753229 0.782249 0.00790577 0.0482588
0 0.70012 0.794173 0.00920715 0.0422321
0 0.830284 0.834766 0.0171093 0.0338057
0 0.796919 0.776416 0.00872707 0.0440925
0 0.951998 0.746737 0.0100849 0.0437103
0 0.137258 0.887038 0.0147991 0.0599219
0 0.790932 0.776222 0.0075325 0.0470932
0 0.846466 0.766548 0.00920906 0.042495
0 0.501999 0.777588 0.00700073 0.0187139
0 0.687602 0.7947 0.0088007 0.040134
0 0.479102 0.781402 0.00688972 0.0227068
0 0.855395 0.831289 0.0159847 0.033726
0 0.511417 0.809115 0.0106471 0.0352932
0 0.895555 0.97564 0.0664219 0.0456038
0 0.953879 0.848396 0.0216808 0.0377475
0 0.718477 0.83066 0.0126009 0.0307614
0 0.327036 0.713548 0.00549574 0.0190996
37 0.0221807 0.938653 0.0443028 0.0290561
37 0.198657 0.915697 0.0462954 0.0322435
0 0.935067 0.726829 0.00582237 0.0231455
0 0.788414 0.70033 0.00644245 0.0192946
0 0.9162 0.754278 0.0106148 0.0423672
0 0.00772232 0.750375 0.00776138 0.0166016
0 0.996144 0.73446 0.00731049 0.0472548
0 0.979562 0.740035 0.00877266 0.0313894
0 0.529477 0.741217 0.00461903 0.00929752
0 0.0550561 0.750593 0.00460303 0.00889181
0 0.117204 0.983577 0.0344156 0.0265798
0 0.577571 0.875077 0.0333598 0.0152859
0 0.852583 0.832165 0.0211548 0.0357535
0 0.355267 0.988986 0.0138975 0.0220288
0 0.676551 0.815397 0.0161108 0.0186117
0 0.765559 0.699953 0.00617466 0.0215447
0 0.995834 0.813325 0.00791492 0.0170188
0 0.0062374 0.981284 0.0123929 0.0146942
0 0.842519 0.76806 0.00578651 0.039604
0 0.00615085 0.75101 0.0120944 0.0179321
37 0.535695 0.741652 0.0170298 0.0100038
0 0.951927 0.859509 0.01957 0.0247645
0 0.291842 0.731495 0.00547829 0.00945469
0 0.988317 0.678181 0.00677338 0.0127677
0 0.976398 0.676147 0.00576077 0.0177743
37 0.29865 0.739095 0.0231978 0.00884637
0 0.843505 0.765421 0.00778713 0.0444424
0 0.884191 0.979421 0.0442535 0.0379963
0 0.904359 0.677635 0.00778294 0.0186537
37 0.0943706 0.994322 0.0446773 0.00824805
0 0.917879 0.751836 0.0123734 0.0476322
0 0.309601 0.752165 0.00817399 0.0117598
8 0.0772348 0.748477 0.0206893 0.0224847
0 0.921603 0.973342 0.0284353 0.041334
0 0.291694 0.732271 0.00813541 0.00863851
0 0.311555 0.754513 0.0148011 0.015096
8 0.298794 0.738896 0.0230773 0.00855187
0 0.354514 0.728456 0.0141294 0.0125675
0 0.686518 0.797583 0.0115957 0.0445075
0 0.0772205 0.744645 0.00926855 0.0192066
37 0.0782363 0.750564 0.0117042 0.0160541
8 0.15669 0.742357 0.0138837 0.0107273
0 0.859235 0.771856 0.00849419 0.0265452
0 0.917465 0.972906 0.0195263 0.0405731
0 0.355537 0.730097 0.0147202 0.0111584
0 0.109705 0.981575 0.019734 0.0235972
0 0.131634 0.98346 0.0632903 0.0260132
8 0.0064648 0.758108 0.0126819 0.0103197
0 0.972753 0.752191 0.00605412 0.00995704
0 0.974553 0.76227 0.0185892 0.0278208
0 0.920669 0.739743 0.00820999 0.0272546
0 0.988952 0.679218 0.00938911 0.0130541
0 0.863659 0.763041 0.00654182 0.0312893
0 0.862047 0.766411 0.0105305 0.0347104
0 0.309131 0.75463 0.0113648 0.0164861
37 0.852436 0.846026 0.0248024 0.0126658
0 0.92473 0.680909 0.00670471 0.0108739
0 0.920839 0.730921 0.00721645 0.0156562
8 0.356043 0.731483 0.0169416 0.00893758
37 0.0795702 0.748958 0.017196 0.0202508
0 0.122642 0.98461 0.0344952 0.0244178
8 0.0763878 0.751436 0.0203855 0.017421
37 0.103167 0.988223 0.0620354 0.0195991
0 0.974573 0.767395 0.0188597 0.0180415
8 0.299609 0.740349 0.0251294 0.0136804
33 0.390852 0.817462 0.0176688 0.0544559
0 0.794316 0.777116 0.00846958 0.0478826
0 0.0749118 0.747177 0.0106281 0.024919
0 0.981257 0.655418 0.00815849 0.0231315
8 0.267215 0.397558 0.00567613 0.0095236
0 0.974761 0.770746 0.0185196 0.0114727
0 0.915251 0.973925 0.030044 0.0406438
0 0.316481 0.754772 0.00628052 0.0139848
37 0.590582 0.910747 0.0584528 0.0183482
0 0.712833 0.831115 0.026227 0.032135
0 0.111452 0.982976 0.0259609 0.0253418
0 0.577407 0.870162 0.0343424 0.0257362
0 0.509089 0.810605 0.0148338 0.0369948
24 0.153643 0.983183 0.0181416 0.0135023
0 0.86311 0.833125 0.0344559 0.0386992
0 0.00910724 0.981173 0.0181037 0.0158739
37 0.506415 0.825838 0.0106604 0.00858019
8 0.154173 0.743138 0.01907 0.0115133
37 0.843322 0.845625 0.0447742 0.0157008
37 0.200803 0.735676 0.0118358 0.00869751
37 0.850635 0.844031 0.0197601 0.012766
0 0.858501 0.766407 0.0085783 0.0344506
4 0.937747 0.250996 0.00805035 0.00635406
8 0.298727 0.736309 0.0233531 0.0103153
37 0.925178 0.719841 0.0584473 0.0200053
0 0.880064 0.983787 0.0361149 0.0298435
0 0.200776 0.734834 0.01217 0.00771891
0 0.773137 0.812787 0.00794125 0.0140927
37 0.93609 0.867059 0.0115704 0.0156562
0 0.995429 0.808643 0.00866165 0.027822
0 0.294497 0.731884 0.00680065 0.00993754
0 0.959387 0.84853 0.0151413 0.0367945
0 0.975185 0.674465 0.00770206 0.0219725
0 0.852954 0.843766 0.0538044 0.0217017
0 0.872305 0.845461 0.0144224 0.0152656
0 0.935956 0.866781 0.0113985 0.01578
0 0.842361 0.83318 0.0420628 0.0381565
0 0.690591 0.794611 0.0139074 0.0412393
37 0.572172 0.881449 0.0228947 0.00701091
0 0.391008 0.831176 0.0177931 0.0821325
37 0.489114 0.862782 0.0290121 0.0113354
0 0.500833 0.77768 0.00945187 0.0199563
33 0.390963 0.832867 0.0182899 0.0853021
0 0.54115 0.849099 0.00690823 0.0277067
37 0.0968249 0.986503 0.0501438 0.0215496
0 0.590762 0.907501 0.0590044 0.0241102
0 0.953627 0.860109 0.0289701 0.0268205
37 0.577144 0.880212 0.0337156 0.0089013
