0 0.48114 0.830422 0.0144607 0.0627896
0 0.453054 0.834174 0.0125097 0.0673242
0 0.197303 0.875597 0.012302 0.0542423
0 0.698041 0.792257 0.00922127 0.0520435
0 0.81056 0.773759 0.00875149 0.0412949
0 0.983108 0.739069 0.0106592 0.0499091
0 0.953491 0.849082 0.0220284 0.0421889
0 0.678537 0.792272 0.0085331 0.0378157
0 0.843453 0.7631 0.0101799 0.0422163
0 0.787938 0.776724 0.010681 0.0473017
0 0.826454 0.770109 0.0110794 0.0414561
0 0.777283 0.778193 0.0112956 0.0471481
0 0.513656 0.778411 0.0080245 0.0248583
0 0.966862 0.742259 0.00886574 0.0489855
0 0.864574 0.759895 0.00790443 0.0373776
0 0.717191 0.830288 0.0146769 0.0314677
0 0.782942 0.698255 0.00646496 0.0218823
0 0.423694 0.913687 0.0209599 0.0450907
0 0.830369 0.834472 0.0181644 0.0329963
0 0.76466 0.697353 0.00658779 0.0175303
0 0.938305 0.745022 0.0108965 0.0432029
0 0.115126 0.983621 0.0313252 0.0214169
0 0.855669 0.830969 0.0159004 0.0325414
0 0.35493 0.989206 0.0148765 0.0215874
0 0.494534 0.807659 0.011543 0.0407267
0 0.00904723 0.748224 0.00716762 0.0165361
0 0.908809 0.742663 0.00861244 0.0239054
0 0.883332 0.981101 0.0447319 0.035868
0 0.853165 0.83194 0.0219131 0.0342046
0 0.391365 0.813308 0.0168578 0.0467441
0 0.995619 0.813675 0.00834103 0.0182641
0 0.297225 0.755369 0.00759797 0.0226905
8 0.199161 0.916153 0.0457403 0.0310862
0 0.907307 0.973544 0.0434582 0.0396623
0 0.92134 0.973432 0.0259029 0.0407415
37 0.199303 0.916078 0.0457846 0.0312971
0 0.00731254 0.748911 0.0108537 0.0166051
0 0.329894 0.712885 0.00619154 0.0180844
0 0.918017 0.972833 0.0183086 0.0395999
0 0.00596576 0.981615 0.01185 0.0144077
0 0.896318 0.97594 0.0702431 0.0445207
0 0.960337 0.742361 0.00600128 0.0287991
37 0.0971399 0.994196 0.0492247 0.00813768
0 0.540605 0.849469 0.00705061 0.0260027
0 0.107776 0.98495 0.0514933 0.0245602
8 0.969553 0.687458 0.0602959 0.0248715
37 0.0220364 0.938766 0.0440728 0.0301882
0 0.88082 0.984925 0.0396023 0.0286553
0 0.539368 0.739803 0.00394325 0.00773282
0 0.366194 0.731534 0.0128711 0.0139581
0 0.885401 0.763728 0.00604515 0.0246482
0 0.0582073 0.750752 0.00389082 0.00727132
0 0.833621 0.834504 0.0187401 0.0339174
0 0.947814 0.850966 0.0332403 0.0460502
0 0.296209 0.734941 0.011945 0.0102812
8 0.0220395 0.938607 0.0440183 0.0301283
8 0.0774097 0.749336 0.0216663 0.0139181
16 0.675588 0.816054 0.0151203 0.0186501
0 0.8386 0.835026 0.0308735 0.0344103
0 0.577686 0.875759 0.0327889 0.0146773
37 0.103247 0.989836 0.0611904 0.0159146
8 0.296447 0.735773 0.0127335 0.0109717
0 0.486457 0.775339 0.00855551 0.0242198
25 0.022096 0.938868 0.0440422 0.0306539
0 0.675993 0.816003 0.0161068 0.0187649
0 0.713656 0.831536 0.0215725 0.0335931
0 0.675828 0.799162 0.0147562 0.0526542
0 0.910743 0.682776 0.00485878 0.0127547
0 0.979141 0.73643 0.00543365 0.0360697
0 0.959443 0.74336 0.0081564 0.0300524
0 0.421844 0.919722 0.0161039 0.0335012
0 0.421086 0.921765 0.0106735 0.0274156
8 0.849301 0.835008 0.0595848 0.039917
0 0.951626 0.86319 0.028643 0.0195329
0 0.841686 0.834767 0.0452305 0.0367405
8 0.295804 0.753063 0.0180876 0.0202125
0 0.424818 0.920176 0.0183977 0.0313616
0 0.897556 0.975646 0.0242367 0.030996
0 0.679817 0.797536 0.0120646 0.0493374
24 0.153411 0.983215 0.0177613 0.0132979
0 0.922284 0.979192 0.0248379 0.0297565
0 0.872703 0.673471 0.00713787 0.0104109
0 0.995323 0.808551 0.00888329 0.0289469
0 0.87407 0.98516 0.0258446 0.0271267
0 0.964222 0.744535 0.013409 0.0438951
0 0.982195 0.658423 0.00519714 0.0224923
0 0.486864 0.779584 0.0104194 0.0318237
37 0.577676 0.875421 0.0326954 0.0142064
0 0.119591 0.982975 0.0410386 0.0252984
8 0.396997 0.784429 0.0244723 0.0134201
37 0.684175 0.817978 0.0326782 0.0141476
37 0.950215 0.864392 0.0388 0.0202955
8 0.294117 0.756007 0.0176003 0.0160068
0 0.971803 0.752591 0.00405006 0.0106177
0 0.988155 0.671564 0.00674248 0.0126751
0 0.676745 0.79494 0.0122103 0.0438643
8 0.205694 0.729423 0.0159993 0.0101624
0 0.82877 0.837569 0.0164009 0.0284302
0 0.577717 0.872627 0.0335548 0.0210649
0 0.366556 0.733884 0.01324 0.011997
0 0.48465 0.776352 0.0125085 0.0245738
0 0.0103787 0.749049 0.0158491 0.0157983
37 0.391432 0.785534 0.0365619 0.0155195
0 0.980055 0.65031 0.00764732 0.0161803
