0 0.526124 0.819958 0.0110661 0.0531694
0 0.451966 0.833868 0.0122929 0.0672068
0 0.842145 0.766058 0.00901413 0.0455238
0 0.796821 0.774756 0.00760279 0.0478122
0 0.593472 0.813538 0.0124372 0.0498091
0 0.718639 0.830289 0.0141203 0.0316932
0 0.953623 0.850063 0.0224216 0.0415332
0 0.830832 0.834723 0.0176989 0.0330414
0 0.692285 0.792342 0.0103819 0.0517587
0 0.47562 0.854324 0.0163473 0.029639
0 0.115703 0.982848 0.0353748 0.0272659
0 0.746071 0.780844 0.00860167 0.0460563
0 0.939359 0.726598 0.00761185 0.0177785
0 0.727119 0.789317 0.00837002 0.0443926
0 0.719916 0.786818 0.00854206 0.0495709
0 0.855893 0.82937 0.0141861 0.032874
0 0.431428 0.9146 0.0284613 0.0362874
0 0.390738 0.775243 0.00627213 0.0142485
0 0.699855 0.792301 0.00843525 0.0473372
0 0.355362 0.989182 0.0139262 0.0216359
0 0.974592 0.761816 0.0179668 0.027848
0 0.0088449 0.745766 0.0087931 0.0187751
0 0.00594454 0.979327 0.011814 0.0178677
8 0.19748 0.91541 0.0449539 0.0319941
0 0.890475 0.975575 0.0585146 0.0469404
8 0.185982 0.564203 0.0530512 0.0177747
0 0.404305 0.764561 0.00745068 0.0153639
0 0.997884 0.738198 0.00379257 0.0353706
0 0.285141 0.721678 0.0055088 0.0146705
0 0.6769 0.81514 0.0169415 0.0182505
37 0.0221143 0.938593 0.0442285 0.0297828
0 0.718607 0.788578 0.0091156 0.0477417
0 0.268214 0.733265 0.00461588 0.0150787
0 0.391687 0.775434 0.00938454 0.0147946
0 0.0632137 0.739099 0.00694897 0.0263248
0 0.702003 0.792662 0.0123099 0.0459042
0 0.853279 0.830009 0.0187428 0.0349511
0 0.437805 0.915248 0.0160101 0.0325012
0 0.715542 0.790567 0.00453091 0.0413686
0 0.972856 0.761408 0.0117161 0.0273544
8 0.133885 0.739127 0.022993 0.0100715
8 0.065368 0.746401 0.0297402 0.01583
8 0.0649908 0.743113 0.0300406 0.0218716
0 0.911124 0.973248 0.048312 0.0430337
0 0.267565 0.731963 0.00681534 0.0169117
0 0.978751 0.66942 0.00590477 0.0158844
37 0.0949756 0.994431 0.046979 0.00799052
0 0.996377 0.812156 0.00681934 0.0175307
0 0.284507 0.72375 0.0103112 0.0182295
0 0.90293 0.972553 0.0335129 0.0417172
37 0.197716 0.915725 0.0454714 0.0324793
0 0.891805 0.675983 0.00773468 0.0130932
0 0.835978 0.699744 0.00473099 0.021871
8 0.27824 0.730287 0.0379041 0.024215
8 0.167876 0.564936 0.0825328 0.0211546
8 0.427249 0.76605 0.0177123 0.011735
0 0.921038 0.973238 0.0295429 0.0419562
37 0.853009 0.848315 0.0261797 0.0107266
0 0.313881 0.709013 0.00610127 0.0151428
8 0.285617 0.726392 0.0218984 0.014721
0 0.883239 0.979475 0.0449316 0.0393358
0 0.946965 0.674417 0.00607071 0.0149981
0 0.0620767 0.73618 0.0062866 0.0212128
0 0.505767 0.730549 0.0114631 0.0131134
8 0.0220513 0.938354 0.0440487 0.0298303
0 0.718796 0.78527 0.0114597 0.0534315
0 0.809019 0.697586 0.00716705 0.0184355
8 0.062283 0.743244 0.0244205 0.0169569
0 0.391337 0.831558 0.018131 0.0868866
37 0.102712 0.993577 0.062956 0.00891232
0 0.0582571 0.740502 0.0163083 0.0218509
8 0.299471 0.715794 0.0211453 0.00774146
37 0.575962 0.875023 0.0369194 0.0145745
37 0.0738653 0.747791 0.0130354 0.0117313
0 0.406203 0.764537 0.0109807 0.0156338
8 0.279032 0.731516 0.0362773 0.0109526
0 0.269667 0.732295 0.00966959 0.0160058
0 0.427299 0.766133 0.0176376 0.011744
0 0.266112 0.734759 0.00987749 0.0148292
0 0.979013 0.666905 0.00581589 0.0199337
8 0.267208 0.734093 0.0174597 0.0189584
0 0.940734 0.682 0.0069519 0.0107247
0 0.855548 0.794482 0.0167816 0.0144291
33 0.391143 0.812435 0.017481 0.046678
0 0.484561 0.854723 0.034951 0.0293813
0 0.540564 0.849134 0.00714626 0.0273236
0 0.957478 0.850393 0.0148228 0.0394599
8 0.313863 0.709718 0.0065731 0.0162706
8 0.978277 0.695912 0.02076 0.0129576
8 0.301518 0.71544 0.0263218 0.0105655
8 0.265092 0.738835 0.0134425 0.00965339
0 0.911583 0.675448 0.00749359 0.0138768
8 0.943086 0.675024 0.0176609 0.0166022
0 0.132559 0.736599 0.00577805 0.00997348
0 0.285254 0.723594 0.0158264 0.0184692
8 0.277926 0.733851 0.0397561 0.0201599
8 0.134321 0.737031 0.0226031 0.0106554
0 0.39092 0.775405 0.0159024 0.0157296
8 0.505878 0.731108 0.0116987 0.0132194
8 0.256998 0.55652 0.0898908 0.0240596
37 0.977695 0.695966 0.0222759 0.0134293
24 0.153817 0.983171 0.0185659 0.0133323
0 0.576621 0.875764 0.0360943 0.0138502
0 0.390956 0.812162 0.0167006 0.0466668
0 0.102147 0.983086 0.0607943 0.0271895
8 0.284194 0.723601 0.0177238 0.0182036
0 0.770117 0.812687 0.0151373 0.0160678
8 0.994818 0.669293 0.00991135 0.0121802
0 0.715632 0.83058 0.0203129 0.0333628
0 0.83687 0.835247 0.0300594 0.0341899
8 0.969493 0.655212 0.0156116 0.019866
8 0.966161 0.653544 0.00862618 0.0144674
37 0.93598 0.86699 0.0116795 0.0147788
0 0.906261 0.681906 0.00514069 0.0172575
37 0.577483 0.880747 0.0338953 0.0095164
0 0.975029 0.680889 0.0103783 0.0148633
0 0.00755671 0.745746 0.0122586 0.0200178
8 0.955526 0.663362 0.00774651 0.0112557
0 0.922267 0.978973 0.0265881 0.0288528
0 0.153922 0.729455 0.0087846 0.00882263
8 0.987248 0.574014 0.0250963 0.0121967
0 0.715976 0.784957 0.00990686 0.0457765
8 0.0584649 0.738657 0.0168417 0.0257819
8 0.966815 0.656494 0.00982399 0.0148488
8 0.408471 0.771149 0.059697 0.024785
8 0.0650106 0.739775 0.0283718 0.0301866
0 0.914504 0.968938 0.00917625 0.035142
8 0.977435 0.693591 0.0234737 0.0176477
0 0.559316 0.838358 0.00585241 0.0115492
0 0.940529 0.677019 0.0104378 0.0121643
8 0.388723 0.776498 0.0208463 0.0144172
8 0.418525 0.765018 0.0354765 0.0147978
0 0.856008 0.825701 0.0166912 0.0336968
8 0.669593 0.572037 0.0166842 0.008166
8 0.414108 0.76618 0.0445164 0.0147664
0 0.942555 0.727114 0.0142624 0.0187371
0 0.130974 0.982454 0.0658631 0.0277305
8 0.722877 0.567962 0.0186407 0.0114214
0 0.875359 0.984734 0.0288948 0.0288439
0 0.953345 0.860502 0.0206633 0.0214871
37 0.693165 0.820016 0.0137893 0.00932278
0 0.872377 0.844919 0.0147579 0.0162955
37 0.945956 0.865728 0.0311544 0.0170353
2 0.50482 0.412772 0.0334511 0.0239905
0 0.00953455 0.97954 0.0188999 0.0190277
0 0.729356 0.789288 0.0115763 0.0441121
0 0.773009 0.812874 0.0196114 0.017001
