0 0.453585 0.833834 0.0121313 0.0676202
0 0.843039 0.765621 0.00855026 0.0496769
0 0.831214 0.834675 0.0185585 0.0335144
0 0.661422 0.80044 0.010354 0.0448022
0 0.692109 0.79412 0.00930681 0.0467341
0 0.718246 0.830624 0.0146788 0.0302806
0 0.703103 0.790456 0.00846195 0.0483276
0 0.391059 0.81752 0.0177921 0.0565891
0 0.561039 0.81555 0.0121176 0.0548111
0 0.771183 0.778755 0.0113414 0.0512429
0 0.747449 0.782299 0.00724707 0.0486867
0 0.736592 0.78567 0.0088974 0.0464481
0 0.759599 0.782085 0.00965796 0.043966
0 0.953496 0.849279 0.0220497 0.0415531
0 0.856125 0.830489 0.0144398 0.0329546
0 0.792315 0.775467 0.00813255 0.0481306
0 0.797248 0.775857 0.00878563 0.0495889
37 0.0221364 0.938109 0.0442729 0.0294742
0 0.95669 0.848825 0.015827 0.0405913
0 0.939383 0.727723 0.00766983 0.0214159
0 0.0609951 0.738866 0.00484425 0.0188468
0 0.288095 0.723364 0.00682869 0.0179264
0 0.794032 0.775201 0.0111667 0.0508938
0 0.118729 0.983689 0.0372038 0.0260949
0 0.677373 0.816296 0.0186373 0.0188222
8 0.198095 0.915188 0.0455226 0.0320563
0 0.354947 0.98915 0.0146495 0.0217011
0 0.433786 0.914466 0.0243834 0.0358259
37 0.19828 0.915415 0.0456939 0.0319973
0 0.738724 0.785723 0.0108105 0.0458018
0 0.971647 0.762699 0.0137787 0.0266524
0 0.00567895 0.752973 0.00853002 0.0191316
0 0.883902 0.980504 0.0455572 0.0377848
0 0.066917 0.747852 0.00777634 0.0192525
0 0.744348 0.782968 0.00792275 0.0491126
0 0.482076 0.858176 0.0352505 0.0211772
0 0.852938 0.83088 0.0208164 0.0349691
0 0.89034 0.976174 0.057843 0.0452803
0 0.974031 0.763014 0.0195091 0.0277635
0 0.80441 0.697903 0.00545177 0.0164515
37 0.853074 0.848352 0.0245754 0.00952284
0 0.108728 0.98427 0.0593291 0.0268382
0 0.995917 0.811679 0.00775261 0.0196493
0 0.921363 0.973445 0.0270061 0.0403076
37 0.0959485 0.994263 0.0471412 0.00822076
0 0.519953 0.728484 0.014481 0.0168555
0 0.00290054 0.974293 0.00575626 0.0272464
0 0.317568 0.709916 0.00586948 0.0167511
0 0.902723 0.973388 0.0336216 0.0404865
0 0.577378 0.875757 0.0328552 0.0146337
4 0.319397 0.307526 0.0178471 0.0122983
0 0.913828 0.973121 0.0109631 0.03911
0 0.274413 0.730715 0.00688 0.0181868
37 0.104272 0.993895 0.064418 0.00855509
0 0.00531404 0.974297 0.0105542 0.0282432
0 0.138835 0.741359 0.0148092 0.0097702
0 0.715504 0.831053 0.0204232 0.0309614
0 0.940262 0.728004 0.0103559 0.0231771
0 0.877036 0.68104 0.00561352 0.0145265
37 0.00458562 0.758289 0.00909854 0.0100616
0 0.413842 0.762596 0.00569859 0.013559
0 0.783473 0.696684 0.00530825 0.0129684
0 0.744883 0.782757 0.012026 0.0503435
0 0.112687 0.982514 0.0259946 0.022133
8 0.969579 0.671115 0.0393238 0.0231555
0 0.768457 0.782547 0.00875578 0.0406238
0 0.983474 0.670219 0.00550995 0.0201118
0 0.997969 0.66823 0.00362072 0.0182271
0 0.409883 0.775224 0.00874243 0.0187873
8 0.13346 0.566096 0.0493193 0.0124276
0 0.766794 0.783017 0.009062 0.0391708
0 0.922642 0.737434 0.00580177 0.00894267
37 0.852321 0.845467 0.0227909 0.0116221
8 0.304853 0.716571 0.0399851 0.011638
8 0.308355 0.716633 0.0334018 0.00930922
16 0.771459 0.811902 0.015064 0.0155106
0 0.541007 0.848015 0.00769367 0.0289798
0 0.0680056 0.748526 0.0106067 0.0204836
8 0.96964 0.666464 0.039875 0.0328967
0 0.974236 0.770856 0.0193176 0.0122789
0 0.406711 0.77791 0.0136503 0.0177443
0 0.895067 0.683982 0.00484486 0.0190587
0 0.00457119 0.970056 0.00913582 0.0374797
0 0.412849 0.763876 0.00648365 0.0152571
0 0.880546 0.984068 0.0388783 0.0307675
0 0.4092 0.770725 0.0199398 0.0284948
0 0.315495 0.710056 0.0113328 0.0179633
0 0.129992 0.983994 0.0603902 0.0246073
0 0.770996 0.812205 0.0167967 0.0166087
37 0.940397 0.73642 0.0144688 0.0100086
0 0.00937581 0.974924 0.0186085 0.030031
0 0.382668 0.75919 0.0113261 0.0120353
8 0.284975 0.733868 0.0254049 0.0116367
0 0.953363 0.675463 0.00678463 0.0130463
0 0.125162 0.98517 0.0287569 0.0235938
0 0.972521 0.673839 0.00711784 0.0147783
0 0.109273 0.981511 0.0189868 0.0220866
0 0.438001 0.914624 0.0162799 0.0340853
8 0.304659 0.711596 0.0366926 0.0207882
8 0.286785 0.732403 0.0234456 0.00901676
0 0.411167 0.764526 0.00831261 0.0179918
0 0.910663 0.975817 0.05014 0.0443271
8 0.306527 0.719922 0.0340488 0.010818
0 0.135783 0.741408 0.020926 0.011107
0 0.00307588 0.961514 0.00610368 0.0528063
8 0.303422 0.715329 0.0409024 0.0279731
0 0.697388 0.79226 0.0192759 0.0500339
37 0.857625 0.847147 0.0340122 0.0140969
0 0.994869 0.810601 0.00981751 0.0226132
37 0.133564 0.565663 0.0496795 0.0115679
8 0.0617649 0.746706 0.024686 0.0262205
8 0.70528 0.573802 0.0274101 0.00953318
0 0.772803 0.812471 0.00736179 0.0149858
8 0.409245 0.773393 0.0232126 0.0257926
37 0.936225 0.866852 0.0116714 0.016036
8 0.308547 0.710459 0.0283357 0.0196313
37 0.844837 0.846573 0.0423706 0.0134237
0 0.938659 0.728792 0.0105654 0.0235823
0 0.99577 0.805286 0.00802746 0.0324097
8 0.409066 0.777559 0.0226649 0.0197735
0 0.863058 0.832906 0.0317406 0.0376465
8 0.28318 0.733962 0.0314308 0.0137251
8 0.406785 0.77907 0.0185633 0.0152006
24 0.153472 0.983429 0.0179888 0.0133535
8 0.521596 0.730362 0.0183376 0.0202315
37 0.0569652 0.740117 0.0129185 0.0167308
8 0.138271 0.567154 0.0390363 0.0120048
0 0.947431 0.86007 0.0100559 0.0187949
8 0.301654 0.7213 0.0477406 0.018769
0 0.77979 0.815814 0.00784588 0.00978343
0 0.924255 0.681456 0.0059391 0.00905863
37 0.955888 0.863982 0.0303389 0.0195967
0 0.97642 0.771769 0.0186266 0.0108348
37 0.587398 0.912888 0.0432852 0.0124825
0 0.110399 0.984494 0.0364861 0.022977
0 0.980324 0.76245 0.0319199 0.028565
4 0.844789 0.242689 0.00843315 0.0055745
37 0.760971 0.824488 0.0108927 0.00669217
37 0.95741 0.867264 0.0263603 0.0109014
37 0.153482 0.983361 0.0179164 0.0130069
8 0.420215 0.762659 0.0163242 0.0123189
37 0.0628915 0.746728 0.026677 0.0229201
37 0.574419 0.874497 0.0370083 0.0166392
37 0.959409 0.869136 0.0225384 0.00885213
0 0.153762 0.983529 0.0178612 0.0140193
37 0.0967445 0.986765 0.0494678 0.0208644
0 0.936136 0.866484 0.0116871 0.0160007
8 0.982709 0.754053 0.0340456 0.0135537
