0 0.451642 0.834161 0.0134733 0.0660665
0 0.432563 0.835617 0.0128974 0.0623528
0 0.573209 0.812196 0.0113489 0.0556827
0 0.722534 0.786827 0.0115105 0.0496428
0 0.555369 0.819029 0.00975513 0.0517666
0 0.796379 0.775778 0.00889111 0.0493437
0 0.615881 0.80507 0.0117266 0.0572052
0 0.830878 0.834888 0.0178772 0.0335876
0 0.843301 0.767465 0.00801964 0.0458282
0 0.664634 0.800769 0.00723524 0.0465822
0 0.718024 0.829984 0.0139705 0.0316708
0 0.702016 0.791801 0.0112334 0.046857
0 0.114618 0.983782 0.0321515 0.0263316
0 0.475175 0.856876 0.0191778 0.0252002
0 0.688552 0.795209 0.0103103 0.0441511
0 0.953548 0.850454 0.0230282 0.0396901
0 0.893896 0.975361 0.0626324 0.0448222
0 0.384494 0.89848 0.0190542 0.0817854
0 0.974712 0.762933 0.0180889 0.0259864
0 0.94556 0.747765 0.00766888 0.0402544
37 0.198112 0.915775 0.0452293 0.0314246
0 0.355141 0.989354 0.0140043 0.0212921
0 0.935609 0.730105 0.00827866 0.0310438
37 0.0225507 0.938809 0.0451014 0.0300223
0 0.382773 0.887107 0.0144592 0.058252
0 0.856133 0.830334 0.0149073 0.03367
0 0.0111141 0.751447 0.0103055 0.0177836
0 0.905371 0.973131 0.0411287 0.0396152
0 0.957342 0.849601 0.0157288 0.0371762
0 0.446597 0.763621 0.00722923 0.0151701
0 0.458115 0.764409 0.00376282 0.0119293
0 0.391428 0.832855 0.0186842 0.0871816
0 0.852886 0.830819 0.0225353 0.0346486
0 0.686295 0.796788 0.00834484 0.0405838
37 0.0149577 0.760224 0.0178788 0.00782844
0 0.883599 0.984623 0.044652 0.0282016
37 0.0961154 0.994305 0.04815 0.00816006
0 0.0547798 0.7446 0.0084887 0.0205014
0 0.683174 0.800223 0.005233 0.032525
0 0.00582529 0.979933 0.011542 0.0165195
8 0.913511 0.682916 0.0276157 0.015359
0 0.854616 0.697847 0.00657272 0.0200362
8 0.912918 0.678598 0.0291941 0.0250181
0 0.995956 0.810458 0.0076828 0.0229258
0 0.279344 0.729303 0.0068161 0.0154429
37 0.852818 0.848776 0.0259113 0.00930905
0 0.284855 0.729408 0.0053452 0.0114217
0 0.05324 0.745678 0.0119759 0.0218691
0 0.39151 0.81207 0.0180899 0.0447261
0 0.577534 0.875574 0.032188 0.014644
0 0.00777973 0.977996 0.0154476 0.02032
0 0.714988 0.830332 0.0205433 0.0323502
0 0.354432 0.771355 0.00748959 0.012108
0 0.677981 0.814529 0.0115271 0.0194109
0 0.990985 0.677797 0.00480518 0.0135152
0 0.0724254 0.750852 0.00535712 0.0104943
0 0.484133 0.857101 0.0385092 0.0253167
0 0.996103 0.814878 0.00738583 0.01414
0 0.675641 0.814723 0.015106 0.0196794
0 0.845549 0.697286 0.00627384 0.0137472
0 0.0563865 0.74474 0.00688125 0.0201301
0 0.886877 0.977254 0.048835 0.0385817
0 0.686615 0.795539 0.0123144 0.0439545
0 0.0142169 0.752704 0.0171468 0.0200039
37 0.577361 0.875219 0.0318201 0.0142493
8 0.060929 0.749256 0.0291739 0.0173008
2 0.506478 0.412344 0.0366552 0.0249664
24 0.153393 0.983541 0.0176357 0.0125249
8 0.994154 0.674226 0.0112324 0.0152798
8 0.323835 0.720747 0.0248237 0.0167175
33 0.391496 0.811896 0.0179892 0.0444953
0 0.949562 0.8598 0.0154194 0.0211948
0 0.10212 0.984693 0.0596523 0.0265316
8 0.977631 0.669331 0.0443449 0.02793
37 0.588463 0.913412 0.0546125 0.0120472
37 0.767096 0.802834 0.0550098 0.010179
37 0.845688 0.847757 0.0407888 0.0116336
37 0.153369 0.983547 0.0175199 0.012422
0 0.904725 0.672479 0.00675545 0.0122099
8 0.98092 0.673826 0.0257526 0.018906
8 0.433834 0.746674 0.085589 0.030052
37 0.852058 0.845099 0.0227156 0.0118968
8 0.913346 0.68733 0.0268978 0.0185479
0 0.94923 0.854516 0.0202549 0.0343733
8 0.940174 0.672595 0.0178112 0.0120271
0 0.996 0.804867 0.00756378 0.0338528
8 0.986951 0.67395 0.0164673 0.0183326
37 0.784583 0.800681 0.0900103 0.014544
8 0.997811 0.727116 0.00389881 0.00791202
0 0.00577234 0.971335 0.0114646 0.0332382
0 0.284438 0.726876 0.0155045 0.0156881
7 0.507133 0.412336 0.0380449 0.025513
37 0.591403 0.914511 0.0447497 0.00948351
0 0.285987 0.72961 0.0195845 0.0151608
0 0.0527066 0.748458 0.0128991 0.0167572
0 0.91785 0.972647 0.0173817 0.0386424
8 0.948547 0.669131 0.101393 0.0340061
0 0.769743 0.813015 0.014855 0.0155867
37 0.859333 0.773009 0.0191896 0.0104296
37 0.957079 0.869914 0.0271652 0.00819584
8 0.286152 0.7316 0.0190764 0.0102097
0 0.481591 0.856485 0.0245058 0.0250643
8 0.993717 0.670846 0.0120609 0.0183462
37 0.934663 0.865709 0.0147272 0.0150089
37 0.318723 0.770052 0.0177929 0.0111289
8 0.285856 0.731266 0.0207319 0.0184296
0 0.455042 0.764197 0.0111463 0.0124898
8 0.990628 0.662055 0.0182491 0.00831663
8 0.250247 0.396901 0.00952539 0.0103833
8 0.970116 0.670151 0.0337078 0.0254052
37 0.697358 0.841143 0.0223948 0.0133564
0 0.540674 0.849944 0.00682526 0.0266179
0 0.83846 0.835489 0.0335176 0.0339647
8 0.964106 0.669126 0.071183 0.0304981
