0 0.453002 0.83412 0.0128492 0.0671485
0 0.698057 0.795657 0.00863514 0.044673
0 0.245229 0.870656 0.0166224 0.0541862
0 0.953583 0.848807 0.022337 0.0428614
0 0.984056 0.738264 0.00912189 0.0469425
0 0.478249 0.828379 0.0168894 0.0602885
0 0.872817 0.762149 0.0101559 0.0401513
0 0.422542 0.909953 0.0183437 0.0501997
0 0.776011 0.776997 0.00778179 0.0501472
0 0.843492 0.764166 0.00804367 0.0443409
0 0.824616 0.770767 0.00942135 0.0374947
0 0.854203 0.7649 0.00818214 0.0429257
0 0.967409 0.741764 0.010428 0.0442101
0 0.810367 0.772085 0.00794868 0.0400492
0 0.787848 0.776435 0.0083004 0.0468821
0 0.521795 0.780874 0.00948954 0.0285085
0 0.931665 0.731066 0.00897255 0.028624
0 0.795366 0.779589 0.00853806 0.0413801
0 0.951764 0.743553 0.0109333 0.0420081
0 0.354371 0.989207 0.0147841 0.0215866
37 0.198634 0.915509 0.0454452 0.0324612
0 0.766169 0.696537 0.00754662 0.0149968
0 0.00971932 0.74302 0.00698487 0.016687
0 0.830386 0.834208 0.0159523 0.0324087
0 0.716793 0.830701 0.0117905 0.0315562
0 0.506137 0.78115 0.00710726 0.0197717
0 0.331242 0.708896 0.00498333 0.0152037
0 0.682118 0.792513 0.0117117 0.0387292
0 0.856666 0.830039 0.0164528 0.0356649
0 0.883553 0.980213 0.0454628 0.038323
0 0.114707 0.983026 0.030391 0.0242974
0 0.995667 0.811916 0.00824356 0.0210531
0 0.716515 0.831002 0.0178286 0.031713
0 0.917167 0.972783 0.0183043 0.039722
0 0.681337 0.787801 0.0102621 0.0289464
0 0.905452 0.742748 0.00819435 0.0238912
37 0.0221288 0.938313 0.0442577 0.0296663
0 0.781983 0.694671 0.00688705 0.0137078
0 0.371382 0.738416 0.00857821 0.0116289
0 0.391238 0.818163 0.0174836 0.0571845
0 0.921451 0.973811 0.0271523 0.0420051
37 0.0957889 0.994263 0.0472923 0.00833096
0 0.291779 0.753038 0.00691204 0.016449
0 0.29883 0.741863 0.00662594 0.0141685
0 0.119814 0.985148 0.0402622 0.0222895
0 0.103989 0.984488 0.0535074 0.0257158
0 0.484371 0.805782 0.00757599 0.0343365
0 0.871854 0.681232 0.0073925 0.0163277
0 0.974729 0.762816 0.0186363 0.0271779
8 0.332167 0.7148 0.0393369 0.00897352
0 0.676759 0.816187 0.0124826 0.0174038
0 0.00562547 0.981409 0.0111734 0.0144906
0 0.577104 0.874699 0.0336135 0.0164378
8 0.00763583 0.749112 0.0151338 0.0102858
0 0.906876 0.973678 0.0414228 0.0406796
0 0.109569 0.98127 0.0198362 0.0238812
0 0.485354 0.807545 0.0065773 0.0383755
0 0.897261 0.763244 0.00589523 0.0285353
0 0.300882 0.742531 0.0112556 0.0152822
0 0.895222 0.976354 0.0681494 0.0444533
8 0.584545 0.320713 0.0114267 0.00745773
8 0.0687484 0.744986 0.0257048 0.0219235
8 0.00769182 0.752604 0.0152705 0.00896013
0 0.712828 0.831637 0.0212395 0.0326175
0 0.769915 0.81262 0.016388 0.015869
0 0.00760844 0.744293 0.0148267 0.0183623
0 0.20321 0.729332 0.00728521 0.00908678
25 0.0221961 0.938438 0.0442575 0.0305729
37 0.101218 0.986442 0.0583659 0.0228249
0 0.201688 0.7297 0.0136344 0.00957133
37 0.331727 0.714812 0.0389032 0.00899048
0 0.0760705 0.743247 0.0108937 0.0173906
0 0.11858 0.98524 0.0248552 0.0234094
0 0.97646 0.664967 0.00984879 0.0413834
0 0.977443 0.655639 0.00646286 0.022486
8 0.847461 0.834369 0.0508854 0.0397227
0 0.680117 0.815957 0.021114 0.0181905
0 0.939331 0.657785 0.00410194 0.00846236
0 0.791586 0.776717 0.0133163 0.0478936
0 0.125271 0.985714 0.0282432 0.0217953
0 0.880496 0.984337 0.0390965 0.0304454
0 0.897847 0.76119 0.00818443 0.0302212
8 0.0082833 0.750881 0.0162211 0.00832486
0 0.703465 0.831857 0.0426691 0.033124
0 0.958265 0.848298 0.0134289 0.0382785
26 0.935953 0.865595 0.0116776 0.0160834
0 0.853644 0.832327 0.022761 0.0369393
37 0.692645 0.841772 0.033013 0.0145654
37 0.42145 0.927681 0.0168364 0.0150933
8 0.952008 0.677986 0.0163351 0.0174388
0 0.522801 0.78244 0.0118145 0.0333137
0 0.904894 0.748891 0.00949822 0.0357307
8 0.297448 0.750829 0.0247455 0.0232395
0 0.993521 0.660859 0.00470428 0.0131529
0 0.974467 0.672957 0.00776215 0.0286355
0 0.110104 0.739584 0.0129947 0.0123762
0 0.204114 0.729668 0.0180266 0.0100662
0 0.685548 0.802368 0.00916023 0.0318448
0 0.976002 0.672997 0.00931435 0.0286237
0 0.301288 0.744674 0.0134367 0.0188873
0 0.54083 0.850558 0.00771236 0.0313487
0 0.902233 0.747871 0.0159641 0.0341651
37 0.935907 0.86601 0.0116442 0.0152713
0 0.480895 0.828822 0.0124579 0.0582808
37 0.853833 0.847989 0.0227074 0.00883976
8 0.848037 0.826509 0.0584812 0.056424
0 0.97497 0.668466 0.00931816 0.0373942
24 0.15372 0.983386 0.0181861 0.0129937
8 0.301049 0.746198 0.0119532 0.00997315
0 0.947362 0.851222 0.0344975 0.0457364
0 0.589122 0.906896 0.0397659 0.0233897
0 0.677657 0.814307 0.0205774 0.0223389
0 0.112569 0.739991 0.0189135 0.0129649
0 0.916086 0.97559 0.0383404 0.0431281
37 0.698036 0.841332 0.0356697 0.01427
0 0.77918 0.816229 0.00771189 0.00984429
0 0.482106 0.808049 0.0117298 0.0380183
0 0.107271 0.981824 0.0304056 0.0273454
0 0.896515 0.977481 0.0219299 0.034169
