0 0.451801 0.83379 0.012491 0.0673397
0 0.796813 0.774457 0.00755558 0.0480394
0 0.842106 0.766017 0.00902557 0.0454824
0 0.525421 0.820588 0.0111521 0.051927
0 0.5931 0.813096 0.0125196 0.0498472
0 0.953628 0.850081 0.022471 0.0415524
0 0.718647 0.830195 0.0141507 0.0319546
0 0.746237 0.781555 0.00866623 0.0484341
0 0.830818 0.834548 0.0177189 0.0334184
0 0.939367 0.726568 0.00755444 0.0177563
0 0.47535 0.854645 0.0158922 0.0296002
0 0.115933 0.982891 0.0358738 0.0273156
0 0.726849 0.788948 0.00900955 0.0435922
0 0.718497 0.785998 0.0111238 0.0521939
0 0.691431 0.790976 0.0102545 0.0535119
0 0.855898 0.829419 0.0142946 0.032938
0 0.431878 0.914311 0.0277935 0.0364714
0 0.00910317 0.746334 0.00910657 0.0168111
0 0.997395 0.738121 0.00475311 0.0360345
0 0.355359 0.989188 0.0139141 0.0216249
0 0.974658 0.761809 0.017478 0.0277429
0 0.284448 0.719954 0.00703917 0.0136341
0 0.699704 0.792224 0.00810089 0.0476695
0 0.390372 0.774964 0.00638809 0.0153339
0 0.00592861 0.97934 0.0117821 0.017906
0 0.897889 0.975049 0.0733082 0.0469513
37 0.0221377 0.938164 0.0442229 0.0294952
37 0.197469 0.915299 0.0455831 0.0325399
0 0.404046 0.764303 0.00780773 0.0146349
0 0.80924 0.697204 0.00660248 0.0183784
0 0.836721 0.698945 0.00588455 0.0204771
0 0.0630067 0.738555 0.00622051 0.0238563
37 0.0736135 0.747524 0.0127959 0.0113135
0 0.676938 0.815159 0.0170145 0.0182068
0 0.853265 0.829981 0.018858 0.0349011
0 0.680509 0.815264 0.0241714 0.0184508
8 0.185611 0.563976 0.0556197 0.0177914
0 0.978657 0.669725 0.00620194 0.0147991
0 0.972703 0.761405 0.0113781 0.0272569
0 0.691769 0.79965 0.0118408 0.0393438
0 0.911449 0.974535 0.0492115 0.0457113
0 0.892443 0.675591 0.00656319 0.012656
8 0.285983 0.728927 0.0229261 0.00945875
0 0.391113 0.775339 0.01028 0.0158671
37 0.0945755 0.994459 0.0461837 0.0080346
0 0.282315 0.721117 0.0119075 0.0159197
0 0.702308 0.793182 0.0117626 0.0450236
0 0.996374 0.812136 0.0068264 0.0176114
8 0.133765 0.737765 0.0230593 0.0112103
8 0.0654327 0.740308 0.0290128 0.0279614
8 0.278597 0.732005 0.038126 0.016518
37 0.853027 0.848399 0.0261646 0.0105489
0 0.505159 0.730607 0.0123629 0.0124912
0 0.947255 0.674439 0.00568619 0.0149679
0 0.314234 0.708769 0.00645547 0.0146995
0 0.978714 0.666912 0.00641289 0.0200076
0 0.26687 0.729352 0.0081378 0.0182865
0 0.062199 0.736671 0.00698018 0.0208011
0 0.903085 0.972818 0.0330709 0.0422774
0 0.888727 0.978639 0.0558445 0.0408664
8 0.266786 0.737078 0.0180444 0.01195
0 0.921154 0.973324 0.029026 0.0421122
8 0.4272 0.765915 0.0175003 0.0118466
37 0.102216 0.993776 0.062301 0.00867191
8 0.282279 0.731123 0.0303227 0.0107666
0 0.0588844 0.73828 0.014254 0.023902
0 0.407102 0.763956 0.0141577 0.0151744
8 0.0656646 0.744832 0.0290926 0.0180415
0 0.484309 0.854621 0.0364639 0.0294281
8 0.285794 0.727637 0.020494 0.00997128
37 0.576148 0.875106 0.0364356 0.0143958
0 0.284064 0.721862 0.0107847 0.0156913
8 0.168602 0.564146 0.0901118 0.0215908
33 0.391166 0.812061 0.0177919 0.046854
0 0.54057 0.848861 0.00674334 0.027003
0 0.854541 0.794669 0.0187832 0.0140572
37 0.692382 0.820043 0.0166282 0.00936551
0 0.427238 0.76611 0.0174067 0.0117811
0 0.267142 0.733442 0.00970459 0.0129567
0 0.440131 0.914954 0.0117039 0.033167
0 0.391296 0.83142 0.0183681 0.0873223
0 0.95749 0.85049 0.0148834 0.0390971
0 0.940867 0.682939 0.00808697 0.0122811
0 0.715686 0.830504 0.020413 0.0335954
24 0.153834 0.983173 0.018595 0.0133572
8 0.285456 0.722835 0.0191124 0.0181563
0 0.576769 0.875784 0.0357338 0.013816
0 0.102328 0.983252 0.0614537 0.027534
0 0.77042 0.812412 0.0155419 0.0157981
37 0.691829 0.817577 0.0160818 0.010375
2 0.499512 0.412715 0.0228289 0.023692
0 0.881601 0.97959 0.0416687 0.0377865
37 0.935965 0.867013 0.0116436 0.0147454
8 0.314228 0.70956 0.00710716 0.0157491
33 0.390989 0.831596 0.0185793 0.0873776
0 0.154093 0.728929 0.00781407 0.00954997
0 0.837193 0.835057 0.0308868 0.034473
0 0.389393 0.77549 0.0154056 0.0160599
8 0.987589 0.572315 0.0243999 0.0146715
0 0.996266 0.738263 0.00698795 0.0363695
37 0.577502 0.880927 0.0336767 0.0091312
8 0.994283 0.668962 0.0107018 0.0125739
8 0.266709 0.732083 0.0184587 0.0212599
0 0.284736 0.722824 0.0183099 0.0193488
0 0.939975 0.678081 0.00860825 0.0125567
0 0.715008 0.783312 0.00718288 0.0454051
0 0.405048 0.763253 0.00978737 0.0171477
8 0.268859 0.732528 0.0139658 0.0193902
0 0.69027 0.774474 0.00705128 0.0285739
37 0.389 0.778698 0.0203661 0.0111966
0 0.922391 0.978074 0.0261829 0.0306383
0 0.855974 0.825689 0.0168907 0.0337184
0 0.911129 0.674884 0.00974522 0.0125405
8 0.283952 0.732993 0.0268574 0.0157633
0 0.05562 0.739814 0.0086638 0.00958252
0 0.130947 0.982489 0.0658332 0.027801
37 0.852232 0.845388 0.0242126 0.0140296
0 0.559327 0.838354 0.00577707 0.0115055
8 0.0589078 0.738043 0.0152967 0.0237013
2 0.505781 0.412533 0.0353006 0.0241238
0 0.970901 0.659298 0.00371056 0.0128277
0 0.872363 0.844909 0.0147129 0.0162703
8 0.909524 0.674847 0.0132141 0.0120981
8 0.407363 0.770896 0.0591272 0.0251745
37 0.494335 0.862464 0.0167152 0.0114841
8 0.955519 0.663528 0.00720596 0.0105826
8 0.387259 0.778907 0.0206007 0.010015
37 0.946002 0.865843 0.0311958 0.0167959
0 0.966248 0.654204 0.0096447 0.0138893
37 0.973495 0.682174 0.0151978 0.00986989
0 0.91031 0.675877 0.0127504 0.0136733
0 0.91452 0.968303 0.00905533 0.0337967
8 0.302052 0.715434 0.0189134 0.00656433
8 0.315299 0.708742 0.00806541 0.015388
37 0.489121 0.863247 0.0270141 0.011009
0 0.39102 0.812033 0.0171712 0.0470932
0 0.851918 0.794331 0.0260715 0.0143773
