0 0.453222 0.833557 0.0117249 0.0683372
0 0.830603 0.834584 0.0170315 0.0331479
0 0.466223 0.839631 0.0149962 0.0601688
0 0.695738 0.793446 0.00992374 0.0459703
0 0.87676 0.759735 0.00810547 0.0509296
0 0.707138 0.79098 0.00965233 0.046513
0 0.744272 0.785072 0.0105534 0.0469774
0 0.80594 0.774172 0.0100288 0.0447649
0 0.718561 0.830195 0.0145639 0.0315784
0 0.755306 0.781959 0.0078846 0.049352
0 0.0712806 0.741304 0.00733185 0.0287781
0 0.843058 0.766051 0.00996819 0.0488105
0 0.339686 0.755947 0.00602207 0.0191805
0 0.795525 0.775584 0.010997 0.048802
0 0.856226 0.8306 0.0160515 0.0327701
0 0.27576 0.729451 0.00755911 0.0161524
0 0.821112 0.779834 0.00578728 0.0285092
0 0.00825341 0.746227 0.00951274 0.0174744
0 0.536344 0.816334 0.00789051 0.0410933
0 0.953531 0.84935 0.0219402 0.0413149
0 0.892449 0.976212 0.0617661 0.0454132
0 0.435231 0.913983 0.0208396 0.0375854
0 0.904061 0.973004 0.0387417 0.0391178
0 0.973849 0.762827 0.0195074 0.027811
37 0.19817 0.915799 0.0455209 0.0314707
0 0.957198 0.848101 0.0151024 0.0382841
0 0.970155 0.73954 0.00753078 0.0354187
0 0.537356 0.819569 0.0100178 0.0496926
0 0.962004 0.741335 0.00747471 0.0343262
0 0.116048 0.983526 0.0319992 0.0244008
0 0.354465 0.989294 0.015519 0.021371
37 0.0221866 0.938282 0.0443289 0.0289274
0 0.00568691 0.975508 0.0113246 0.0267066
0 0.303407 0.729391 0.00353317 0.0100569
0 0.147936 0.738452 0.0210484 0.0110613
0 0.932158 0.728117 0.00643539 0.0226223
0 0.772438 0.698874 0.00627193 0.0174374
0 0.853851 0.831845 0.0216522 0.0361184
0 0.883817 0.985076 0.045195 0.0280162
16 0.675199 0.815574 0.0150368 0.0212684
0 0.0516642 0.75162 0.00426781 0.00619659
0 0.108295 0.984219 0.0516849 0.0261763
0 0.455415 0.780995 0.00631704 0.0217012
0 0.53443 0.74031 0.0179199 0.0101776
37 0.0980228 0.99437 0.0503228 0.00836114
0 0.454458 0.779157 0.00784769 0.0184777
0 0.973298 0.673726 0.00537472 0.0179299
0 0.794435 0.769512 0.0090909 0.0364943
0 0.885361 0.978613 0.0480362 0.0408281
0 0.714777 0.830803 0.0225676 0.0319272
0 0.319853 0.708815 0.00650253 0.0171697
37 0.102924 0.993173 0.0601691 0.00976359
0 0.190802 0.732738 0.0112364 0.00990906
37 0.534401 0.740298 0.0178619 0.0102271
0 0.675314 0.815042 0.0154871 0.0218899
0 0.99622 0.814104 0.00715485 0.0148512
0 0.94937 0.858712 0.0134977 0.022779
0 0.879426 0.680735 0.00701752 0.0179259
0 0.872707 0.845679 0.0142595 0.0144609
0 0.789437 0.69903 0.00494556 0.0165504
0 0.897034 0.67996 0.00569 0.0188956
0 0.00959541 0.976106 0.0191908 0.0288198
37 0.577494 0.875412 0.0325596 0.013955
4 0.41778 0.316402 0.0195686 0.00747621
0 0.109864 0.981524 0.0201095 0.0224094
37 0.857794 0.762471 0.02355 0.0130373
0 0.870215 0.84549 0.0189423 0.016369
0 0.770753 0.812392 0.0136374 0.0148461
0 0.189968 0.734013 0.013251 0.0119022
0 0.577569 0.875656 0.0331789 0.0143477
8 0.310782 0.710396 0.0254631 0.0212758
0 0.391284 0.831605 0.0179975 0.0851117
0 0.441005 0.768343 0.00857782 0.0160441
4 0.896364 0.246567 0.0128223 0.00617265
0 0.920523 0.681273 0.00738602 0.0134015
0 0.123806 0.985172 0.0310167 0.0225654
0 0.86402 0.834224 0.0321218 0.0376428
0 0.772882 0.811977 0.008498 0.0144016
0 0.982244 0.676367 0.00580673 0.0158168
0 0.948037 0.850684 0.0316996 0.0448954
24 0.153692 0.982853 0.0187708 0.0137543
0 0.310802 0.710111 0.0248997 0.0214583
0 0.452077 0.78076 0.0133166 0.0206858
0 0.2987 0.729636 0.00707216 0.0101423
37 0.187928 0.735931 0.013443 0.00858493
0 0.922613 0.975081 0.0273857 0.0381173
37 0.27491 0.737031 0.00966463 0.00598009
0 0.779815 0.816287 0.00768661 0.00956184
37 0.937123 0.866958 0.0134476 0.0151176
0 0.837193 0.834414 0.0309544 0.0349565
0 0.946252 0.859253 0.0303116 0.0287143
0 0.53903 0.82297 0.0122352 0.0572984
37 0.310183 0.714434 0.0231461 0.0108137
0 0.77379 0.812767 0.0197416 0.0164059
37 0.943893 0.865901 0.0260689 0.017244
0 0.981244 0.667022 0.00563698 0.0258384
0 0.860296 0.846039 0.0395256 0.0158205
37 0.852952 0.845581 0.0258848 0.0143928
0 0.914239 0.974364 0.0450306 0.0430964
0 0.350162 0.989331 0.0252111 0.0212826
0 0.787434 0.699121 0.0089983 0.0165282
0 0.710408 0.832125 0.0301815 0.0305003
0 0.896481 0.678895 0.0073822 0.0222071
0 0.454965 0.781887 0.00989227 0.0233922
37 0.00966459 0.757499 0.0170596 0.0106971
0 0.0496756 0.75178 0.00831922 0.00696649
0 0.860124 0.795512 0.00653458 0.0111416
37 0.145488 0.740319 0.0234224 0.0101681
37 0.0082958 0.748958 0.0112014 0.0156453
0 0.984372 0.660219 0.00674114 0.0139559
37 0.309504 0.728971 0.0278614 0.0116058
4 0.790725 0.319021 0.00756722 0.00906245
8 0.307621 0.730126 0.0228198 0.0102488
0 0.153855 0.983091 0.0189869 0.013867
0 0.966817 0.66835 0.00606251 0.0101273
