0 0.223042 0.903342 0.020495 0.0779026
0 0.356664 0.847812 0.0127814 0.0627848
0 0.79657 0.774789 0.00829859 0.0484463
0 0.453316 0.834216 0.0118245 0.0657054
0 0.842882 0.765763 0.00854702 0.0447093
0 0.554869 0.817703 0.010463 0.0491704
0 0.488465 0.827972 0.0131665 0.0551181
0 0.689161 0.795882 0.0100247 0.0472921
0 0.831253 0.835163 0.0169022 0.0323829
0 0.702688 0.792381 0.0102993 0.0467217
0 0.5293 0.817315 0.0135931 0.0571187
0 0.742669 0.783066 0.00867767 0.0501824
0 0.732963 0.786131 0.00888557 0.0456438
37 0.195483 0.915623 0.0384617 0.0305061
0 0.929414 0.7281 0.00762253 0.0253164
0 0.114383 0.982878 0.0325822 0.0258145
0 0.718528 0.830245 0.0134523 0.0314236
37 0.0220553 0.938537 0.0441106 0.0281021
0 0.958404 0.73678 0.00737305 0.0290788
0 0.619256 0.808936 0.0108959 0.0501134
0 0.916839 0.753525 0.00858116 0.0405336
0 0.906204 0.972517 0.0396881 0.0387141
0 0.47556 0.857811 0.0179007 0.0224599
0 0.633613 0.812007 0.00724964 0.034219
0 0.956286 0.848547 0.0166222 0.0362323
0 0.355424 0.98935 0.01397 0.0212997
0 0.391094 0.824811 0.0179829 0.0714389
0 0.564207 0.762156 0.0100244 0.0167494
0 0.947276 0.850717 0.0349144 0.0404655
0 0.853347 0.835286 0.0220823 0.0261129
0 0.855168 0.834551 0.0155342 0.0252908
0 0.715507 0.830552 0.0198431 0.0323435
0 0.996188 0.813403 0.00722008 0.0167206
37 0.563182 0.771758 0.017828 0.00918952
0 0.892934 0.975884 0.0632721 0.0458191
0 0.883789 0.98056 0.0451134 0.0373093
0 0.948549 0.743506 0.00763855 0.0229509
0 0.678709 0.815655 0.0146847 0.0173811
37 0.0955549 0.99446 0.04875 0.00805291
0 0.897127 0.685263 0.00668106 0.0149889
0 0.00220489 0.974056 0.00436402 0.0273926
0 0.676171 0.815692 0.0162354 0.0181987
0 0.972401 0.761807 0.0135635 0.0264845
0 0.87582 0.695943 0.00784798 0.0155741
0 0.0456492 0.735304 0.00898106 0.0166534
0 0.286854 0.73698 0.00947351 0.0174374
0 0.466297 0.758678 0.00933056 0.014758
0 0.044432 0.750338 0.00705605 0.016842
0 0.0465987 0.733499 0.00693048 0.0132389
0 0.946603 0.858645 0.0357321 0.0295064
0 0.97313 0.754432 0.00946579 0.0129703
0 0.769845 0.813138 0.0149532 0.0151669
0 0.941507 0.675333 0.00586128 0.0148336
0 0.896687 0.687607 0.00782528 0.0194431
8 0.21923 0.721027 0.0117558 0.0196143
0 0.00520178 0.974443 0.0103964 0.0289515
0 0.91756 0.972113 0.0171028 0.0386325
0 0.914963 0.971648 0.0107927 0.0370558
37 0.484279 0.860545 0.0372944 0.0165668
37 0.099806 0.993491 0.0581091 0.00875159
37 0.58795 0.912378 0.0536819 0.0138668
0 0.130946 0.983838 0.0655056 0.0258145
0 0.861789 0.836432 0.0364534 0.0321231
0 0.844269 0.835841 0.0416866 0.0328537
0 0.577471 0.875587 0.0334431 0.0132979
0 0.922596 0.973246 0.0270321 0.0398358
0 0.973324 0.768305 0.0166574 0.0170173
0 0.391126 0.814117 0.0173532 0.0493598
24 0.153399 0.983464 0.0179026 0.0124051
0 0.713414 0.83556 0.02395 0.0241848
0 0.948095 0.737163 0.00747604 0.0259735
0 0.777149 0.814176 0.0133623 0.01461
0 0.879231 0.984803 0.0361387 0.0292779
0 0.520743 0.724134 0.0174314 0.0103851
37 0.576986 0.875167 0.0334711 0.0133097
0 0.0448509 0.742567 0.0106424 0.031703
0 0.939616 0.859531 0.0220095 0.0261429
0 0.773168 0.813101 0.0220444 0.0168767
0 0.735621 0.785389 0.0122699 0.050411
0 0.93746 0.857339 0.0172068 0.0227007
37 0.591029 0.914016 0.045767 0.0103858
37 0.950345 0.866779 0.0411325 0.0158193
8 0.285951 0.737545 0.0123188 0.0193743
0 0.102354 0.984683 0.0652902 0.0273376
0 0.994799 0.813588 0.0100267 0.0173704
0 0.618624 0.803255 0.00937996 0.0417999
0 0.334371 0.774581 0.00475998 0.0102395
37 0.975221 0.77174 0.0174965 0.0104435
37 0.560962 0.77151 0.022031 0.0120819
0 0.895467 0.973145 0.0190847 0.0260729
0 0.872615 0.845573 0.0146196 0.0150065
37 0.994346 0.751178 0.0108511 0.00811937
0 0.994767 0.671434 0.00826721 0.0254495
0 0.712081 0.832372 0.0265757 0.0318298
37 0.589156 0.9094 0.0563416 0.020165
0 0.0448667 0.737143 0.0104567 0.0208433
8 0.216522 0.726122 0.0177157 0.0190943
0 0.484386 0.85827 0.0363661 0.0219971
0 0.875597 0.981857 0.0286257 0.0325602
37 0.577913 0.882064 0.0336681 0.00739577
8 0.177766 0.726734 0.017811 0.0117545
37 0.563422 0.773749 0.0164343 0.0101813
0 0.859649 0.844357 0.0411823 0.0191147
0 0.949393 0.745549 0.00877304 0.0199968
0 0.995614 0.671559 0.00675621 0.0206753
0 0.631545 0.812709 0.011669 0.0350942
0 0.153612 0.983584 0.0182782 0.0131375
37 0.9486 0.86085 0.0405516 0.0274402
0 0.876936 0.695529 0.0109833 0.0171956
37 0.520669 0.723582 0.0179397 0.0103617
0 0.00970278 0.975765 0.0191983 0.0326801
37 0.852015 0.847963 0.0252541 0.0107786
37 0.119831 0.995267 0.0973499 0.00946554
0 0.162334 0.995634 0.00772374 0.00861376
37 0.259575 0.769755 0.0142767 0.0110002
0 0.94758 0.739928 0.00949936 0.0306024
37 0.955185 0.86465 0.0530706 0.0191581
