0 0.354213 0.84794 0.0142378 0.0624322
0 0.842901 0.765609 0.00845814 0.0450402
0 0.796676 0.77484 0.00810547 0.0477207
0 0.453515 0.835079 0.0117598 0.0641439
0 0.523646 0.818805 0.0108902 0.0618049
0 0.702082 0.79258 0.010743 0.0460978
0 0.48059 0.829853 0.0122693 0.0589047
0 0.555153 0.817944 0.0108809 0.0486979
0 0.615236 0.807691 0.00803356 0.0459539
0 0.831289 0.83493 0.0168156 0.0326633
0 0.20876 0.896075 0.0150434 0.0639489
0 0.743108 0.783225 0.00790749 0.0491879
0 0.629515 0.81286 0.00895929 0.0339162
37 0.198946 0.915814 0.0464456 0.0308868
0 0.688882 0.795542 0.0103597 0.046521
0 0.733287 0.785913 0.00938873 0.0457008
0 0.114341 0.982851 0.0325627 0.0259111
37 0.0221619 0.938464 0.044253 0.0282389
0 0.718443 0.830248 0.0132013 0.0313938
0 0.956052 0.849752 0.0170609 0.0384588
0 0.0454028 0.742602 0.00378231 0.0111345
0 0.903953 0.972644 0.0360092 0.0389991
0 0.355418 0.989352 0.0139575 0.0212958
0 0.475441 0.856581 0.0176498 0.0257904
0 0.916907 0.748889 0.00764275 0.0335643
0 0.955672 0.735518 0.00718613 0.0258993
0 0.391147 0.826029 0.0179015 0.071501
0 0.928632 0.728279 0.00605087 0.0261119
0 0.896896 0.684962 0.00660744 0.017716
0 0.577679 0.764725 0.0107398 0.0174215
0 0.854174 0.83553 0.0197906 0.0254279
0 0.0670559 0.747588 0.00543687 0.0254803
0 0.877841 0.696571 0.00717831 0.0198135
0 0.227994 0.722285 0.00840244 0.0144982
0 0.884071 0.980055 0.0457251 0.0382443
0 0.996214 0.813402 0.00716629 0.0166901
0 0.715146 0.830784 0.0206883 0.0324732
0 0.946917 0.851209 0.0360722 0.0411292
0 0.934233 0.751615 0.00557175 0.0254157
0 0.333922 0.77416 0.00804768 0.0174242
8 0.22597 0.733425 0.0240136 0.0147186
0 0.893115 0.975221 0.0630398 0.0460329
0 0.910116 0.97304 0.047875 0.0416765
0 0.917154 0.972527 0.018742 0.0382358
37 0.0965603 0.994558 0.0501932 0.00809411
0 0.0021033 0.978578 0.00416627 0.0196572
0 0.972545 0.76206 0.0137371 0.0263257
8 0.623155 0.758348 0.0664178 0.0267626
0 0.67624 0.815272 0.0167212 0.0195384
0 0.286793 0.734778 0.00781994 0.0143039
0 0.934882 0.746445 0.00741539 0.0350335
0 0.92228 0.973131 0.0269325 0.0398994
0 0.855147 0.832142 0.0172932 0.0264835
0 0.914526 0.972102 0.0108997 0.0387265
37 0.573623 0.77324 0.0195311 0.010751
0 0.467093 0.758724 0.0098423 0.0173228
0 0.67888 0.815773 0.016835 0.0186328
0 0.0641271 0.739111 0.0050764 0.0102051
0 0.994193 0.731847 0.00780182 0.0259362
0 0.941893 0.674944 0.00635452 0.0173819
0 0.335501 0.774015 0.0114329 0.0174311
37 0.484804 0.857312 0.0356581 0.0237349
0 0.769845 0.813167 0.0149269 0.0151486
37 0.932135 0.761254 0.0232248 0.0107607
0 0.973611 0.752405 0.00689163 0.00870548
0 0.942964 0.854419 0.0282738 0.0369734
37 0.494204 0.862642 0.0173014 0.0114441
0 0.974362 0.768255 0.0189703 0.0169395
0 0.933673 0.734131 0.00423317 0.0164463
0 0.00521737 0.978572 0.0104291 0.0217699
0 0.937316 0.85983 0.0177485 0.0264865
8 0.573792 0.773541 0.0190659 0.011577
37 0.0588922 0.761979 0.0457065 0.012433
0 0.00374205 0.746773 0.00642637 0.0110331
0 0.934313 0.751537 0.00787621 0.0273349
37 0.258442 0.768566 0.0216291 0.0135715
24 0.153554 0.983376 0.0179058 0.0128691
0 0.577383 0.875559 0.0331583 0.0132562
37 0.58794 0.911978 0.0535927 0.0146681
0 0.391208 0.816524 0.0171208 0.0510695
0 0.68808 0.785661 0.00919161 0.0287665
0 0.898646 0.974712 0.0254368 0.0326501
0 0.843494 0.835634 0.0415703 0.033215
37 0.191795 0.914727 0.0321558 0.0290127
37 0.576926 0.875181 0.0332069 0.0132455
0 0.895965 0.973692 0.020118 0.0260337
37 0.935709 0.760923 0.0214737 0.0101156
0 0.861719 0.836412 0.0363606 0.0320416
37 0.100559 0.993027 0.0592471 0.00955471
8 0.0517111 0.757268 0.0590529 0.0243384
0 0.924032 0.669654 0.00757809 0.0141396
37 0.153585 0.983432 0.0176546 0.0127275
0 0.778709 0.814534 0.0102295 0.0138031
0 0.0673068 0.744117 0.0113712 0.0318295
0 0.100817 0.984591 0.0637308 0.0274677
0 0.773126 0.813094 0.0221241 0.0169968
0 0.972726 0.674207 0.00630798 0.0129518
8 0.227594 0.727926 0.0222105 0.00898387
0 0.996457 0.672418 0.0061491 0.0172658
0 0.52278 0.721736 0.0121908 0.0115501
0 0.94307 0.674267 0.00480614 0.0192368
37 0.937543 0.858087 0.0173615 0.0243279
0 0.917861 0.752569 0.00948277 0.0415538
0 0.87655 0.985003 0.0306988 0.0288166
37 0.519636 0.7223 0.0190577 0.0113202
37 0.591819 0.913998 0.044038 0.0103327
0 0.99479 0.813597 0.0100447 0.0173516
0 0.00220203 0.972624 0.00438078 0.0322289
8 0.520444 0.722911 0.0165674 0.0113654
0 0.872636 0.845575 0.0145897 0.0150328
37 0.189048 0.912462 0.0265537 0.0243554
37 0.975113 0.771828 0.01782 0.010476
0 0.994233 0.669526 0.00602264 0.0236674
0 0.916279 0.752486 0.00946445 0.0402718
0 0.854881 0.837181 0.050222 0.0341015
37 0.852695 0.848714 0.0264256 0.0100613
0 0.153695 0.983388 0.0179603 0.0133764
0 0.333184 0.773951 0.0132809 0.0173414
0 0.711922 0.832447 0.0265548 0.0317152
37 0.589609 0.908874 0.0575253 0.0209893
8 0.0569288 0.762017 0.0493424 0.0141793
37 0.938719 0.75917 0.0401999 0.0126163
0 0.850193 0.83506 0.0258917 0.031693
0 0.521149 0.722712 0.0155151 0.0120887
37 0.0513695 0.758431 0.0578706 0.0216556
0 0.00973651 0.978533 0.0192214 0.0278459
0 0.955574 0.746021 0.0081707 0.0123654
37 0.577877 0.881103 0.0338301 0.0092236
37 0.856383 0.845433 0.036491 0.017099
0 0.484765 0.856599 0.0326889 0.0254925
