0 0.364075 0.845853 0.0145539 0.0651438
0 0.243216 0.903245 0.020745 0.0788427
0 0.541187 0.815544 0.0133961 0.0592882
0 0.498935 0.825921 0.0117851 0.0573466
0 0.45284 0.834602 0.012701 0.0659353
0 0.842732 0.764532 0.00888824 0.0411758
0 0.718483 0.830432 0.0142929 0.0307938
0 0.797286 0.775137 0.00923424 0.0495405
0 0.390887 0.82571 0.018176 0.0715095
0 0.555031 0.818534 0.010424 0.0485202
0 0.624855 0.808692 0.00849114 0.0507785
0 0.688262 0.795225 0.0115655 0.0452345
0 0.831184 0.835074 0.0167175 0.0321784
0 0.702157 0.79225 0.0113247 0.0465681
0 0.955522 0.847203 0.0185995 0.0334303
0 0.920038 0.752557 0.0100304 0.0402896
0 0.114443 0.982482 0.0313785 0.0238434
37 0.198528 0.916313 0.0444067 0.0308868
0 0.853875 0.834306 0.0203411 0.0281859
37 0.0221857 0.938796 0.0443713 0.0286065
0 0.640907 0.811123 0.0082737 0.0358893
0 0.732491 0.786299 0.00883961 0.0463384
0 0.931798 0.726559 0.00839634 0.0209997
0 0.475755 0.857762 0.017638 0.0226196
0 0.35517 0.989404 0.0149117 0.0211928
0 0.544481 0.759312 0.00919819 0.0174383
0 0.741912 0.783302 0.00675917 0.0478563
0 0.577819 0.875039 0.0326042 0.0156845
0 0.904875 0.973284 0.0391804 0.0384025
0 0.965344 0.734645 0.00615635 0.0256107
0 0.891026 0.976819 0.0601299 0.0440091
0 0.883084 0.985184 0.0441639 0.0278578
0 0.00566587 0.975846 0.0112602 0.0255856
0 0.67598 0.815381 0.0156971 0.0184409
0 0.484257 0.857698 0.0347894 0.0227473
0 0.463309 0.758557 0.0103291 0.0148768
37 0.097515 0.994058 0.0501418 0.00818854
0 0.0181296 0.734175 0.0129441 0.0252207
8 0.358587 0.719716 0.0461949 0.0215817
0 0.972075 0.745044 0.00639572 0.0209737
8 0.266797 0.714611 0.0179857 0.0170112
0 0.740749 0.781055 0.00815239 0.0452218
0 0.0155742 0.737691 0.00670248 0.019243
0 0.967035 0.735983 0.00982304 0.0303145
0 0.965636 0.734839 0.00803452 0.0282874
0 0.922386 0.973568 0.0262135 0.0390661
0 0.952036 0.848284 0.0248163 0.0349019
0 0.637971 0.811001 0.0140621 0.036185
0 0.974225 0.766463 0.0187681 0.0198574
0 0.28821 0.739812 0.00987597 0.0155011
0 0.853086 0.836464 0.0258289 0.0324181
0 0.917512 0.971986 0.0159142 0.0358619
0 0.785352 0.814125 0.0376514 0.0189256
0 0.941226 0.672969 0.00511169 0.0188566
0 0.339121 0.773537 0.00548573 0.0109049
0 0.914918 0.972001 0.0107742 0.0363607
0 0.264954 0.710008 0.00459251 0.0104177
0 0.89985 0.975407 0.0328087 0.0352548
0 0.0619255 0.734765 0.00630081 0.0144197
0 0.0214601 0.726801 0.00715673 0.0118257
0 0.970729 0.729726 0.00505409 0.0201409
0 0.738349 0.780798 0.00598936 0.0424208
0 0.838045 0.835414 0.0315388 0.0329834
37 0.713547 0.789328 0.0221509 0.0149899
0 0.86055 0.794469 0.00527687 0.0138211
0 0.00471446 0.972502 0.00938355 0.0315791
37 0.947923 0.862685 0.0331158 0.0168596
0 0.00845437 0.975825 0.0167574 0.0270379
8 0.36817 0.720963 0.0268175 0.0176125
0 0.102137 0.984398 0.0585602 0.0262292
0 0.996276 0.816328 0.0070406 0.0113308
0 0.975206 0.771605 0.0171904 0.00975817
0 0.788346 0.815567 0.0309366 0.0158681
0 0.776138 0.814351 0.018302 0.0177975
37 0.499579 0.862622 0.026387 0.0100959
0 0.735668 0.78403 0.0139828 0.0512277
37 0.949258 0.861319 0.018861 0.0163205
37 0.593786 0.912517 0.060578 0.0129825
24 0.15341 0.983514 0.0181481 0.0131022
37 0.593045 0.907273 0.0624138 0.0221987
0 0.592788 0.907403 0.062429 0.0229446
37 0.959718 0.862137 0.0398767 0.0135707
37 0.542814 0.767648 0.0240473 0.0123639
37 0.946781 0.861052 0.0225075 0.0188582
0 0.99604 0.807591 0.00751057 0.0288459
0 0.119687 0.983906 0.0409862 0.024753
0 0.770507 0.813015 0.0150221 0.0175463
37 0.49611 0.863086 0.0186471 0.00942959
8 0.370383 0.725048 0.022132 0.0103021
0 0.872225 0.844688 0.0145754 0.0148763
37 0.960095 0.862326 0.0534876 0.010808
8 0.369402 0.723403 0.0242217 0.014053
37 0.860946 0.8463 0.0383057 0.0153575
37 0.949826 0.865987 0.0412907 0.0171529
0 0.109805 0.983776 0.0334475 0.0215064
0 0.991463 0.671505 0.00513954 0.0182766
0 0.972455 0.760925 0.0150311 0.024708
8 0.201027 0.730123 0.0240729 0.0190804
8 0.016578 0.751351 0.0329254 0.0271006
37 0.957805 0.865544 0.0579098 0.0156511
37 0.0930653 0.748764 0.0135263 0.0106662
0 0.889117 0.987403 0.0347206 0.0225033
0 0.910213 0.975783 0.0519157 0.0429318
8 0.570674 0.758293 0.0782352 0.0252879
37 0.00451607 0.748291 0.00897657 0.010034
37 0.824786 0.815238 0.0231792 0.00934855
37 0.87237 0.845598 0.0147615 0.0148475
0 0.00398259 0.959253 0.00790252 0.0582016
0 0.00237267 0.739488 0.00469518 0.00903626
0 0.857892 0.836561 0.0421825 0.0370416
0 0.0134765 0.735768 0.0225337 0.0287311
0 0.00526336 0.96824 0.0105247 0.0423397
37 0.943922 0.862143 0.0301695 0.0228936
8 0.205235 0.730663 0.0156423 0.0174717
37 0.84448 0.844054 0.0459202 0.0201892
0 0.89835 0.68366 0.00713882 0.0129444
37 0.00821987 0.748704 0.0162542 0.0139699
8 0.901883 0.683505 0.0144968 0.0129084
37 0.752071 0.826606 0.0288698 0.00708415
0 0.540567 0.850978 0.00723076 0.0246643
