0 0.432059 0.894827 0.018067 0.0786045
0 0.453576 0.833267 0.0116714 0.0674266
0 0.478896 0.832427 0.0142151 0.0649024
0 0.108439 0.893707 0.0176204 0.0628523
0 0.830133 0.83469 0.0175423 0.0334915
0 0.718641 0.82985 0.0147959 0.0326369
0 0.842888 0.766026 0.00855484 0.0481398
0 0.905355 0.754378 0.00996838 0.0471242
0 0.696854 0.79511 0.0106983 0.0458442
0 0.760112 0.780715 0.00830765 0.0499561
0 0.876305 0.756935 0.00743198 0.0349767
0 0.514206 0.810279 0.00954857 0.0419118
0 0.942126 0.749997 0.00946426 0.0468018
0 0.747077 0.783778 0.00984068 0.04662
0 0.953452 0.848784 0.0218037 0.0394928
0 0.789396 0.777844 0.00918121 0.0459095
0 0.855659 0.830885 0.0164646 0.0344211
0 0.494198 0.783742 0.0075304 0.0316996
8 0.321861 0.753058 0.0376332 0.014644
8 0.950775 0.720252 0.0755119 0.0252384
0 0.797239 0.776713 0.00824013 0.0464423
0 0.926357 0.740759 0.0082386 0.0297848
0 0.355071 0.989423 0.0143508 0.0211549
8 0.197549 0.915215 0.0446641 0.0317515
0 0.905416 0.972419 0.0413589 0.041744
8 0.350905 0.734134 0.027884 0.0135766
0 0.893966 0.974733 0.0638722 0.0461745
0 0.85217 0.832381 0.0242176 0.0376945
0 0.00490204 0.750203 0.0095565 0.0185216
0 0.973687 0.762871 0.0182816 0.0277615
0 0.577704 0.875416 0.0328715 0.0155474
0 0.991838 0.739274 0.00779343 0.0348258
0 0.676043 0.815525 0.0158825 0.0190871
8 0.0722291 0.748195 0.0136169 0.0217029
37 0.197762 0.915379 0.0450437 0.0322223
0 0.527174 0.740751 0.00483332 0.0103675
8 0.313997 0.713726 0.0283731 0.0175123
0 0.31623 0.748351 0.0055234 0.0105164
0 0.0533339 0.751436 0.00514747 0.00878296
0 0.996138 0.811041 0.00730858 0.0213457
0 0.469332 0.775038 0.0073843 0.0187039
8 0.151015 0.741731 0.0263779 0.0154997
0 0.00581975 0.981795 0.0115502 0.0134423
0 0.114808 0.982067 0.030248 0.0242588
0 0.885324 0.978962 0.0474915 0.0391137
37 0.0220953 0.93894 0.0441906 0.0309767
0 0.109641 0.98076 0.0197634 0.0225569
8 0.962348 0.719397 0.0523865 0.0222973
37 0.0089337 0.758393 0.0178227 0.008766
37 0.780285 0.771101 0.012825 0.00836487
0 0.884342 0.684525 0.00654182 0.0116767
37 0.532644 0.740383 0.0153339 0.00791762
0 0.973226 0.756802 0.00609856 0.0162764
0 0.791077 0.697972 0.0072401 0.0167591
33 0.391239 0.812211 0.017407 0.0461175
0 0.92195 0.973076 0.0264832 0.0424128
0 0.854149 0.772019 0.00591164 0.0295973
0 0.0694159 0.750234 0.00861886 0.0168128
8 0.0221621 0.938935 0.0441378 0.0310777
0 0.928027 0.738819 0.00856895 0.0312622
0 0.468893 0.777519 0.0138991 0.0229262
0 0.917353 0.971073 0.0157175 0.03985
0 0.103385 0.9843 0.0545399 0.026672
0 0.771439 0.813034 0.0170964 0.0151398
0 0.982167 0.659801 0.00942421 0.0394648
0 0.285334 0.737735 0.00996513 0.0122504
0 0.872538 0.845973 0.0148079 0.0156538
8 0.766213 0.696499 0.00749245 0.0144826
0 0.948188 0.851 0.0276382 0.0452699
37 0.936744 0.866959 0.0127457 0.0161787
37 0.00586858 0.757173 0.0116735 0.0105738
0 0.981799 0.654476 0.00866775 0.0263141
37 0.102951 0.992878 0.061563 0.0110409
8 0.0745673 0.748312 0.0186861 0.0247852
0 0.109452 0.972488 0.0199577 0.0413462
0 0.540872 0.849207 0.00780325 0.0274004
0 0.05369 0.751489 0.00658294 0.011205
37 0.586682 0.90927 0.0416979 0.0194088
0 0.679717 0.814728 0.0233368 0.0208415
0 0.934474 0.727439 0.00532074 0.0230455
0 0.778734 0.815483 0.00949726 0.0119907
37 0.945971 0.865741 0.0311632 0.0185072
8 0.78288 0.69881 0.0289824 0.0143151
0 0.586428 0.907256 0.0423256 0.0232568
0 0.862844 0.833104 0.0327808 0.0395411
0 0.844249 0.832005 0.0401485 0.0400272
8 0.346625 0.731056 0.00993328 0.00816684
0 0.00653987 0.97913 0.0129728 0.0187154
0 0.903056 0.67305 0.00731678 0.0108215
37 0.0979951 0.9937 0.050516 0.00825348
37 0.885504 0.772406 0.0352882 0.00983836
0 0.980943 0.651245 0.00964718 0.022466
0 0.980194 0.658979 0.0138758 0.0410633
0 0.00905124 0.981555 0.0179407 0.0152705
37 0.489965 0.815925 0.0122389 0.00982191
0 0.947755 0.86642 0.0356466 0.0168352
8 0.722303 0.778993 0.0513096 0.0244802
24 0.153608 0.983773 0.0176347 0.0120039
0 0.1208 0.986024 0.0194597 0.0224169
0 0.994814 0.810751 0.00992336 0.0232103
0 0.798487 0.775663 0.0115246 0.0486348
0 0.118228 0.984449 0.0360365 0.0233415
37 0.825487 0.786504 0.0312183 0.0159997
37 0.59495 0.914417 0.024782 0.00834351
37 0.7904 0.821113 0.0240782 0.00662367
