0 0.452409 0.833667 0.0126965 0.0673309
0 0.726852 0.788952 0.00840588 0.042117
0 0.742633 0.784499 0.00883102 0.046953
0 0.796449 0.775251 0.00999203 0.0489505
0 0.755516 0.781245 0.0078454 0.0485511
0 0.830659 0.834709 0.0179249 0.033626
0 0.842429 0.765767 0.00971069 0.0470347
0 0.824842 0.770315 0.0114662 0.0500053
0 0.853042 0.763111 0.0100622 0.0512934
0 0.703634 0.791578 0.00982552 0.0485299
0 0.692541 0.794267 0.0100576 0.0457553
0 0.54786 0.813532 0.0113854 0.0496177
0 0.471595 0.853773 0.0175232 0.034127
0 0.852613 0.831706 0.0229519 0.0356684
0 0.354311 0.756904 0.00727515 0.0198449
0 0.718181 0.83021 0.0135851 0.0319422
0 0.816881 0.779438 0.00610371 0.0313363
0 0.953914 0.84874 0.0217304 0.0393453
0 0.00561569 0.97731 0.0111831 0.0235942
37 0.19861 0.916315 0.046178 0.0315325
0 0.891765 0.976285 0.0618389 0.0459181
0 0.93487 0.728391 0.0062439 0.0200921
0 0.0081583 0.75038 0.0108341 0.0176756
0 0.792172 0.702649 0.00618382 0.0238542
0 0.433524 0.914504 0.0245024 0.0363176
0 0.712547 0.830717 0.0258784 0.0328328
0 0.39121 0.813601 0.0174055 0.0475288
0 0.904606 0.973134 0.0399197 0.0402318
0 0.675241 0.816897 0.0153462 0.0192342
0 0.27419 0.723751 0.00568199 0.0176025
0 0.577673 0.875788 0.0324349 0.0147939
37 0.0221443 0.938597 0.0442885 0.0275986
0 0.0678898 0.737506 0.00632277 0.0154026
0 0.354597 0.989277 0.0161525 0.0214464
0 0.774542 0.699116 0.00758028 0.0184493
0 0.114723 0.981422 0.0302794 0.0237622
0 0.0716673 0.74457 0.00729705 0.0188061
0 0.109616 0.980632 0.0202736 0.0229904
0 0.440506 0.780609 0.00686712 0.0150998
0 0.996359 0.677506 0.00687485 0.0207306
0 0.391144 0.830505 0.0176896 0.0816532
0 0.951972 0.859035 0.0189438 0.0246124
0 0.855861 0.830722 0.015955 0.0342889
0 0.141522 0.735221 0.00534592 0.0094791
0 0.31976 0.712967 0.00617638 0.0194767
0 0.934313 0.727468 0.00869942 0.0192123
0 0.439811 0.779166 0.00828638 0.0172791
0 0.440754 0.918769 0.0101107 0.0252604
0 0.540677 0.848993 0.00691938 0.0293728
37 0.530457 0.739184 0.0157201 0.00934465
0 0.990168 0.738779 0.0156872 0.0436359
0 0.435758 0.776088 0.00635834 0.0123861
0 0.106019 0.983871 0.0534014 0.0268158
0 0.530377 0.738901 0.0156929 0.00977919
37 0.10319 0.993819 0.062347 0.00876024
0 0.922151 0.680968 0.0070694 0.0106971
0 0.975003 0.76392 0.0220932 0.0250777
0 0.996539 0.810909 0.00651093 0.020667
0 0.92227 0.973776 0.0269779 0.0413588
0 0.88159 0.985371 0.0413887 0.0274811
0 0.884748 0.979616 0.0476196 0.0391035
0 0.996591 0.813878 0.00639439 0.0145752
37 0.144456 0.738161 0.0193255 0.00835351
0 0.896083 0.680718 0.00758781 0.01655
0 0.911983 0.974816 0.046785 0.0438853
0 0.119677 0.984806 0.0392822 0.02256
0 0.971786 0.674893 0.00611954 0.0168789
0 0.439314 0.779373 0.0137874 0.0181485
0 0.77205 0.812945 0.011207 0.0153275
0 0.769828 0.812971 0.013052 0.0155295
0 0.476388 0.852452 0.0092186 0.032115
0 0.776934 0.813302 0.0132435 0.0160061
0 0.144873 0.737823 0.0193593 0.00788066
0 0.882409 0.681376 0.00814075 0.0155
0 0.85844 0.833897 0.0387508 0.0397017
0 0.410691 0.767826 0.00429678 0.0103204
0 0.428899 0.918014 0.0202494 0.0304647
37 0.103735 0.985689 0.0639786 0.0243456
0 0.858735 0.841207 0.0381784 0.024786
0 0.125189 0.985827 0.0281772 0.0204078
37 0.0644591 0.748882 0.0263399 0.0134554
8 0.065142 0.747592 0.028233 0.0153429
0 0.678408 0.816721 0.0194395 0.018985
0 0.707966 0.786176 0.00457373 0.0128128
4 0.390628 0.314147 0.0223889 0.00881017
0 0.98658 0.740819 0.00865517 0.0354336
0 0.188866 0.732357 0.00937212 0.0109253
0 0.984761 0.661855 0.00593147 0.011653
0 0.985674 0.742412 0.0068922 0.028793
0 0.959952 0.849266 0.0172199 0.0395325
0 0.0552491 0.752141 0.00422403 0.00841743
37 0.95641 0.865792 0.028159 0.0161903
0 0.122114 0.986033 0.0196406 0.0215244
0 0.524379 0.738099 0.00558043 0.00964423
24 0.153555 0.983425 0.0175453 0.0127758
0 0.881601 0.679545 0.00876579 0.0178296
0 0.979452 0.663973 0.00610409 0.0170054
0 0.435864 0.778852 0.0183325 0.0184333
8 0.913663 0.725634 0.0903496 0.0213881
0 0.295996 0.726885 0.0194845 0.00987447
0 0.954573 0.860903 0.0245821 0.0252981
0 0.979811 0.671435 0.00635948 0.0208138
0 0.673214 0.818724 0.0190245 0.0241238
0 0.840995 0.83285 0.0440249 0.0369865
0 0.960602 0.850035 0.0367336 0.0427604
8 0.260826 0.397118 0.0052001 0.00842319
0 0.350128 0.989303 0.0260081 0.021324
37 0.589618 0.912525 0.0558974 0.0142988
37 0.590892 0.913944 0.0467267 0.0121928
4 0.882562 0.246174 0.0152988 0.00706876
0 0.153533 0.983423 0.0175698 0.013186
37 0.958116 0.868712 0.0248222 0.0101817
0 0.591464 0.9078 0.0551077 0.0221315
0 0.846031 0.834965 0.0323704 0.032372
0 0.82515 0.814868 0.0253006 0.010356
0 0.540938 0.852405 0.00820246 0.0377875
8 0.30931 0.713085 0.0277633 0.0212017
8 0.0652752 0.74401 0.0288751 0.022918
37 0.443295 0.782009 0.0213259 0.0134627
0 0.924967 0.982416 0.0213989 0.0233934
26 0.935795 0.866596 0.0111134 0.0141357
0 0.474878 0.853206 0.0152702 0.0336209
