0 0.452777 0.833016 0.0129167 0.0675083
0 0.721787 0.789888 0.0102366 0.0434033
0 0.718538 0.829904 0.0143562 0.0319311
0 0.830512 0.834823 0.0174965 0.0335612
0 0.740825 0.784305 0.00872107 0.0456604
0 0.703928 0.790298 0.0108264 0.0485864
0 0.845694 0.765884 0.0112301 0.0479314
0 0.82213 0.771124 0.0128159 0.0496697
0 0.691622 0.794029 0.00986118 0.0445452
0 0.755685 0.781089 0.00746765 0.0495694
0 0.797681 0.775577 0.00885057 0.0489153
0 0.548744 0.812849 0.0102912 0.0431871
0 0.791175 0.777394 0.00710278 0.0432841
0 0.813672 0.780788 0.00577698 0.0326436
0 0.953381 0.849653 0.0223156 0.0416721
0 0.434698 0.9142 0.0222921 0.037404
0 0.854956 0.830457 0.0167152 0.0348789
0 0.472681 0.854612 0.0179207 0.0315837
0 0.11531 0.983258 0.0309407 0.0261844
0 0.522563 0.73864 0.00774088 0.0118415
0 0.974669 0.7635 0.0183298 0.0250095
0 0.276948 0.725511 0.00391293 0.0167013
0 0.956811 0.848005 0.0155735 0.0386619
0 0.00835016 0.751472 0.00970999 0.0184367
37 0.198532 0.91597 0.0458857 0.0312571
0 0.0667959 0.737596 0.0062199 0.0156725
0 0.883316 0.985435 0.0451582 0.0273414
0 0.35541 0.989257 0.0137851 0.0214856
0 0.903388 0.972812 0.0380003 0.0390493
0 0.994359 0.746345 0.0107979 0.0410007
0 0.891579 0.976284 0.0614876 0.0460693
0 0.851773 0.831922 0.0234615 0.0376577
0 0.318771 0.71413 0.00569706 0.0176098
0 0.776932 0.696241 0.00542431 0.012891
37 0.022194 0.938145 0.0442934 0.0294773
0 0.103686 0.983789 0.0585274 0.0275937
0 0.35882 0.753477 0.00491133 0.012281
0 0.140157 0.740176 0.00681665 0.00851508
0 0.910114 0.973636 0.0488846 0.0417092
0 0.795835 0.775135 0.0119977 0.0488129
0 0.995555 0.813555 0.00847988 0.0160134
37 0.094658 0.993899 0.0447547 0.0086202
0 0.992301 0.743304 0.00690155 0.0261614
0 0.435611 0.780614 0.0104891 0.0159498
14 0.37221 0.313231 0.00829945 0.00574112
0 0.0696263 0.743923 0.00896814 0.0228695
0 0.00539613 0.978401 0.0107529 0.0206177
0 0.0708632 0.746211 0.00682523 0.0188572
0 0.881794 0.682679 0.00730534 0.0188907
0 0.922229 0.97364 0.0262829 0.0413218
0 0.276052 0.725032 0.00568924 0.0179543
0 0.110159 0.980804 0.0207321 0.0228255
0 0.676201 0.815641 0.0159022 0.018731
0 0.769959 0.812715 0.0153532 0.0163255
37 0.00782272 0.760574 0.0142878 0.00601128
0 0.898025 0.683215 0.00374184 0.0128533
8 0.955134 0.722722 0.0459162 0.0135496
0 0.884775 0.979715 0.0483425 0.0388623
0 0.793216 0.697625 0.00595493 0.0164818
0 0.936712 0.72484 0.00748253 0.0244203
0 0.145937 0.740345 0.0206203 0.00961287
37 0.00856047 0.758677 0.0148349 0.00849135
0 0.152419 0.74004 0.0084455 0.00762244
0 0.358778 0.755136 0.00643697 0.0137192
8 0.189714 0.734714 0.0118445 0.00919579
0 0.902126 0.978026 0.033288 0.0286753
37 0.955802 0.723409 0.045499 0.0141178
0 0.576995 0.875992 0.031741 0.013612
0 0.120826 0.985313 0.0384661 0.0229202
37 0.576714 0.875595 0.0312702 0.0134474
0 0.772779 0.813087 0.0215092 0.0175595
37 0.189581 0.734967 0.01188 0.00975528
0 0.776938 0.698438 0.00596571 0.0177486
0 0.948894 0.850634 0.0306583 0.0448961
37 0.00967403 0.761263 0.017134 0.00636139
0 0.940302 0.723524 0.0153936 0.0140656
0 0.274943 0.725726 0.00733137 0.0172957
0 0.476065 0.853789 0.0114517 0.0311868
0 0.360175 0.756055 0.0090766 0.0148427
0 0.967124 0.675298 0.00443001 0.0179423
0 0.872251 0.845628 0.0138845 0.0155763
0 0.909991 0.972031 0.0216942 0.0387024
8 0.527216 0.738571 0.0178041 0.0129686
0 0.293348 0.72759 0.00870981 0.00803596
14 0.92318 0.683967 0.00701542 0.0141285
0 0.587811 0.908053 0.0524134 0.0237335
37 0.527533 0.739052 0.0173605 0.011429
0 0.94808 0.858385 0.0311678 0.0308499
0 0.982088 0.661772 0.00973778 0.0242704
0 0.189507 0.735139 0.0118908 0.00980157
0 0.126161 0.986276 0.0256668 0.0217143
0 0.949579 0.859967 0.0144184 0.0211131
0 0.00909276 0.978085 0.0180341 0.0230665
0 0.97394 0.675166 0.00521774 0.0182009
0 0.779282 0.816153 0.00826149 0.0109473
0 0.0560686 0.752184 0.00406244 0.00830926
24 0.153367 0.983371 0.0178573 0.0128606
0 0.919579 0.980392 0.029249 0.0266532
14 0.260509 0.397918 0.00612555 0.00994008
8 0.955312 0.726086 0.0472031 0.0203417
0 0.994109 0.674035 0.00587196 0.0173114
0 0.982509 0.656452 0.00879154 0.0230723
0 0.409597 0.768273 0.00323238 0.0091234
14 0.330501 0.880055 0.0108239 0.0169761
37 0.8519 0.846642 0.0254787 0.0119807
0 0.842472 0.833348 0.0407612 0.0377611
0 0.00484253 0.971569 0.00965224 0.0338576
0 0.982019 0.6718 0.00811195 0.0219669
0 0.946202 0.864099 0.0304916 0.0202491
26 0.936272 0.86725 0.0119135 0.0148427
0 0.140456 0.740663 0.0149261 0.00979309
0 0.540269 0.843993 0.00668049 0.0168811
14 0.953502 0.65791 0.0126667 0.010594
0 0.438058 0.914733 0.0158943 0.0346444
0 0.671703 0.816189 0.0239678 0.0197103
0 0.924856 0.984151 0.0203045 0.019416
0 0.00950711 0.752247 0.0149717 0.0207787
37 0.936737 0.867029 0.0126354 0.0151313
