0 0.747934 0.781504 0.0119298 0.0509098
0 0.452553 0.833713 0.0121158 0.0675761
0 0.542315 0.81974 0.0118364 0.0558885
0 0.796603 0.775691 0.00795174 0.0486406
0 0.830747 0.834734 0.0176319 0.0334056
0 0.702581 0.792131 0.0103678 0.0470318
0 0.615969 0.808477 0.0102494 0.045461
0 0.719161 0.787225 0.00961857 0.0494849
0 0.953671 0.849943 0.0219236 0.042333
0 0.692781 0.794915 0.0103946 0.0485775
0 0.843238 0.765649 0.00793114 0.0439148
0 0.475483 0.853888 0.0160469 0.0302141
0 0.731727 0.786792 0.00957689 0.045905
0 0.7389 0.793011 0.00760555 0.032156
0 0.0586395 0.737367 0.00479603 0.0196425
0 0.93852 0.728749 0.00742092 0.0204383
0 0.856072 0.830098 0.0145037 0.0323178
0 0.718198 0.830793 0.013132 0.030835
37 0.198209 0.913712 0.046068 0.03516
0 0.972649 0.762627 0.0158905 0.0269606
0 0.00470056 0.751991 0.00919359 0.0180417
0 0.433731 0.914032 0.0253384 0.0376858
0 0.314688 0.716871 0.00560694 0.0175803
0 0.11462 0.981771 0.0314474 0.0268672
8 0.301434 0.723529 0.0243286 0.0188348
0 0.354813 0.989162 0.0149367 0.0216751
0 0.676442 0.814934 0.0165344 0.0193634
8 0.198079 0.913544 0.0458577 0.0354886
0 0.395114 0.776215 0.00594969 0.0156314
0 0.275721 0.729183 0.00591488 0.0152703
0 0.0653254 0.751173 0.00482948 0.0128218
37 0.0222074 0.938949 0.0444025 0.0289561
0 0.712146 0.831354 0.0259937 0.031987
0 0.883491 0.982105 0.0441229 0.0345573
0 0.853301 0.830923 0.0214397 0.0337446
0 0.29265 0.724424 0.00590401 0.0183478
0 0.905326 0.972383 0.0368935 0.0412432
8 0.518275 0.733349 0.0150045 0.0117588
8 0.068352 0.751693 0.0199284 0.0141249
0 0.921783 0.972599 0.0270924 0.0414551
0 0.135604 0.74113 0.0154243 0.0103794
0 0.398109 0.760156 0.00455675 0.0106325
8 0.425904 0.761034 0.0279424 0.00897217
8 0.160332 0.565485 0.067958 0.0150625
0 0.140847 0.740718 0.00588119 0.0102448
0 0.996175 0.811482 0.00723743 0.0207659
0 0.4407 0.917469 0.0105024 0.0286216
0 0.912739 0.9731 0.0451942 0.0427405
0 0.826118 0.697553 0.00688496 0.0182039
0 0.43045 0.75511 0.00523958 0.0101708
8 0.0630386 0.750248 0.0307036 0.0181956
0 0.894968 0.976119 0.0665764 0.0455636
8 0.416503 0.760499 0.0463255 0.0130598
0 0.576965 0.875856 0.0337421 0.0136927
0 0.515633 0.732411 0.00856676 0.0109168
8 0.00491512 0.759862 0.0097516 0.00651584
8 0.303103 0.720849 0.0296894 0.0254228
0 0.914784 0.971613 0.0107779 0.0406879
8 0.948627 0.673578 0.0175083 0.01249
8 0.0641552 0.744269 0.0282832 0.0291445
0 0.103593 0.98298 0.0638995 0.0297746
0 0.939574 0.72957 0.01021 0.0228344
37 0.103714 0.994115 0.063875 0.00870565
0 0.393574 0.776606 0.0121973 0.0154422
0 0.00765278 0.981504 0.0152081 0.0143392
8 0.0065081 0.760485 0.0129499 0.00742001
0 0.959485 0.850211 0.010614 0.0374483
0 0.984947 0.680908 0.00676002 0.0160007
0 0.159477 0.737178 0.00671611 0.00810208
0 0.773458 0.812552 0.00670204 0.0145691
0 0.970947 0.674955 0.00544701 0.017987
0 0.00619473 0.982282 0.0123064 0.0119988
37 0.85306 0.847764 0.0263206 0.0113322
8 0.399549 0.778641 0.0262061 0.0123701
0 0.872564 0.845549 0.0152397 0.0151425
8 0.28122 0.734704 0.0170727 0.00717943
0 0.0666481 0.748723 0.0209771 0.0180064
8 0.247316 0.559622 0.0910498 0.0231914
0 0.79794 0.696088 0.00536613 0.0125397
8 0.990478 0.681413 0.0187088 0.0153568
8 0.39466 0.777973 0.0143976 0.0138723
0 0.769641 0.812598 0.0125402 0.0145447
37 0.858056 0.847453 0.0368702 0.0128433
8 0.306189 0.71851 0.0231075 0.0200007
0 0.938356 0.730874 0.00886803 0.0212358
8 0.987225 0.566016 0.0251381 0.0244409
0 0.859709 0.795239 0.00867081 0.0128242
0 0.431276 0.754641 0.00832462 0.0112133
8 0.396367 0.772352 0.0203462 0.0244578
8 0.522874 0.734794 0.0264633 0.0168267
0 0.434099 0.907862 0.0281479 0.0513007
0 0.559337 0.83855 0.00611143 0.0128081
37 0.132292 0.746756 0.0210929 0.00869192
24 0.153632 0.98338 0.0172292 0.0126773
0 0.98507 0.678839 0.00766583 0.0178453
0 0.891587 0.673731 0.00411186 0.00910594
8 0.066602 0.753952 0.0233607 0.0176181
0 0.315688 0.717302 0.00741949 0.0196786
8 0.414562 0.757179 0.0511764 0.019101
0 0.120155 0.982933 0.042568 0.0283742
8 0.51759 0.735355 0.0185139 0.0175532
0 0.952266 0.861331 0.0175381 0.0207552
37 0.0466907 0.742269 0.00924804 0.00801019
8 0.695911 0.567437 0.0436361 0.0168622
37 0.0611612 0.749082 0.0355674 0.0175876
14 0.254698 0.397873 0.009161 0.0105472
0 0.859931 0.846057 0.0410706 0.0170463
8 0.990608 0.684121 0.0182894 0.0122311
0 0.00813888 0.978927 0.0161355 0.0195565
0 0.391316 0.832927 0.0188724 0.0894772
37 0.143927 0.73967 0.0383499 0.0132538
8 0.521903 0.732647 0.0236994 0.0136553
0 0.975303 0.762664 0.0220985 0.0282962
8 0.143653 0.739435 0.0391946 0.0151689
8 0.396449 0.764558 0.0187862 0.0190535
8 0.951112 0.67454 0.0228718 0.0145634
0 0.484192 0.856295 0.037425 0.0255646
8 0.132682 0.746393 0.0219531 0.00959235
0 0.863795 0.833683 0.0335171 0.0388414
0 0.39741 0.763636 0.0192844 0.018653
8 0.40248 0.772801 0.0340502 0.0225021
37 0.492866 0.863917 0.0191843 0.00884637
0 0.842653 0.835077 0.0418743 0.0344822
8 0.844052 0.846033 0.0453209 0.014868
0 0.895864 0.974413 0.02062 0.0277203
0 0.426173 0.755332 0.0226439 0.0138509
8 0.983653 0.664181 0.0322355 0.048683
