0 0.452684 0.833502 0.0125745 0.0680383
0 0.562896 0.814715 0.011204 0.0531949
0 0.718204 0.83013 0.0147469 0.0311737
0 0.751238 0.782158 0.00828304 0.0502106
0 0.831215 0.834544 0.0185062 0.0337058
0 0.84341 0.765484 0.00820885 0.0495249
0 0.764682 0.780271 0.00871563 0.0448305
0 0.782133 0.77686 0.00882759 0.0514762
0 0.692249 0.796039 0.00999756 0.0494564
0 0.736584 0.785103 0.00878658 0.0456294
0 0.704053 0.796072 0.00893316 0.0380729
0 0.953483 0.849317 0.0220598 0.041659
0 0.802025 0.773421 0.00977383 0.0518856
0 0.671774 0.793698 0.009659 0.0364014
0 0.796385 0.776056 0.0068821 0.0481367
0 0.85615 0.83046 0.014353 0.0327511
0 0.773365 0.786212 0.00786667 0.0309853
0 0.484648 0.858238 0.0338074 0.0212802
0 0.287787 0.724041 0.00650692 0.0189758
0 0.956793 0.848858 0.015625 0.040624
0 0.434358 0.914228 0.0231562 0.0361866
37 0.198244 0.915582 0.0458647 0.0321145
0 0.118636 0.98375 0.0372562 0.0259077
0 0.853918 0.831028 0.0202446 0.0337372
0 0.316005 0.70959 0.00656238 0.0186918
0 0.35507 0.989136 0.0144563 0.0217283
0 0.937832 0.729589 0.00779114 0.0228755
0 0.413996 0.772509 0.00844841 0.0286418
8 0.522117 0.734532 0.0198506 0.0115207
8 0.00553769 0.750652 0.0110055 0.0195772
8 0.198476 0.915545 0.0458166 0.0321628
0 0.883863 0.980312 0.0447994 0.0381236
0 0.0665267 0.744743 0.00658233 0.0185499
0 0.540583 0.848875 0.00718307 0.0276325
0 0.890596 0.976241 0.0575859 0.0453074
37 0.921285 0.755897 0.0281668 0.0109897
0 0.00551867 0.750448 0.0109607 0.0193878
0 0.0651875 0.742296 0.00905664 0.0231954
0 0.577354 0.875719 0.0326437 0.0146644
0 0.913936 0.97311 0.0107338 0.0389896
0 0.902779 0.973664 0.0337309 0.0408581
0 0.134855 0.73996 0.00483918 0.00936178
37 0.0953794 0.994218 0.0460417 0.00814752
0 0.492908 0.858854 0.0193735 0.0194716
37 0.0220978 0.93838 0.0441956 0.0292386
0 0.995915 0.811647 0.00775661 0.0197984
0 0.274362 0.730367 0.00585542 0.015173
0 0.92138 0.97353 0.0270451 0.0401343
0 0.002872 0.972254 0.00569155 0.0310031
37 0.853052 0.848366 0.0246006 0.00952047
8 0.0605805 0.741777 0.0225808 0.0245605
0 0.877318 0.679555 0.00736465 0.0191243
8 0.991111 0.747314 0.0173538 0.0184175
0 0.676809 0.814828 0.0150829 0.0204437
37 0.10491 0.993408 0.0661083 0.00915612
0 0.907754 0.973152 0.0236078 0.0394433
0 0.674075 0.807389 0.0128741 0.036922
8 0.978364 0.670877 0.0188128 0.0239241
14 0.894798 0.680583 0.0101318 0.0120931
0 0.113659 0.98276 0.0280484 0.0223562
0 0.74138 0.795681 0.00571642 0.0224442
0 0.00538073 0.972609 0.0106888 0.0319075
0 0.972731 0.674736 0.00574093 0.0163106
0 0.679914 0.814669 0.0138165 0.0201075
0 0.974237 0.764045 0.0190182 0.0263212
37 0.18287 0.736959 0.0107225 0.00760956
0 0.741262 0.787215 0.00690517 0.0409717
0 0.799703 0.773912 0.0130508 0.0525401
0 0.139452 0.740472 0.015618 0.0100454
0 0.800129 0.69841 0.0084846 0.0161745
0 0.182676 0.736818 0.0110476 0.00777656
0 0.780809 0.782931 0.00894279 0.0390786
0 0.974459 0.768257 0.0192671 0.0184421
0 0.880957 0.9841 0.0389326 0.0306191
0 0.773227 0.812926 0.0055851 0.0145996
0 0.900396 0.975198 0.0456497 0.0402034
0 0.953534 0.674655 0.0051281 0.0156016
0 0.67536 0.801084 0.0170189 0.0517605
0 0.769108 0.812461 0.0130637 0.0160672
0 0.411545 0.776054 0.0147635 0.0231654
0 0.926638 0.68108 0.00503845 0.0108718
8 0.136451 0.740916 0.0236775 0.0113863
0 0.70307 0.791473 0.0112265 0.0479964
0 0.124793 0.985029 0.0292987 0.0235397
0 0.738996 0.785003 0.0130539 0.0462996
8 0.00548268 0.754276 0.0109155 0.0154992
33 0.391069 0.832009 0.0181342 0.0851112
8 0.291903 0.732594 0.0419876 0.0125671
0 0.109129 0.981589 0.0187974 0.0220847
8 0.303903 0.714279 0.0215171 0.00912238
0 0.274369 0.733043 0.00593033 0.0129907
14 0.894553 0.683644 0.0109272 0.017642
8 0.978353 0.674496 0.0198769 0.0215481
8 0.980436 0.666406 0.0149683 0.0238029
0 0.972292 0.752663 0.00658112 0.00734846
0 0.00931213 0.973244 0.0184559 0.0341132
37 0.187656 0.737069 0.0208437 0.0082567
8 0.292173 0.732868 0.0415988 0.0083608
0 0.439452 0.914741 0.013341 0.0340474
0 0.782078 0.698269 0.00616369 0.0167308
0 0.910097 0.975814 0.051524 0.0443173
8 0.0552048 0.740687 0.0113158 0.0127706
0 0.974973 0.770547 0.0211237 0.0137102
14 0.376975 0.757905 0.0119034 0.0122467
37 0.852003 0.845022 0.0218855 0.0121351
8 0.307082 0.715487 0.0290129 0.00980021
0 0.779627 0.816038 0.00794373 0.00964322
8 0.976375 0.670269 0.0247643 0.0272619
0 0.496923 0.85928 0.0133501 0.017454
0 0.131469 0.984363 0.0632103 0.0228817
0 0.773471 0.812294 0.0203882 0.0173971
0 0.847135 0.833187 0.0328089 0.0351196
8 0.956655 0.668754 0.0112211 0.0144635
0 0.794476 0.776292 0.0103651 0.049058
0 0.994871 0.810557 0.00981045 0.0227885
8 0.988984 0.752971 0.0216042 0.0300914
26 0.153468 0.983469 0.0179473 0.0131032
8 0.306604 0.713124 0.0262652 0.0124081
37 0.858061 0.847031 0.0348351 0.0144477
16 0.376987 0.758725 0.0119452 0.0140879
0 0.00292531 0.959965 0.0058195 0.0561418
37 0.936177 0.866859 0.0115913 0.0160434
8 0.962294 0.675755 0.0247543 0.0146813
0 0.995728 0.805658 0.0081131 0.0315869
0 0.947251 0.859924 0.00971756 0.018633
37 0.795613 0.817808 0.0370215 0.00979784
0 0.862269 0.832619 0.0301319 0.0374034
0 0.376877 0.75849 0.0120397 0.0130669
0 0.673311 0.797453 0.0130729 0.0452342
