0 0.452848 0.833615 0.0126208 0.0681156
0 0.561832 0.814706 0.0127155 0.0535773
0 0.798455 0.774808 0.0120771 0.051533
0 0.718245 0.830427 0.0146286 0.0305183
0 0.843127 0.765609 0.00850525 0.0491236
0 0.692282 0.794158 0.00959072 0.0493724
0 0.831251 0.834565 0.0185864 0.0337014
0 0.736337 0.785832 0.00811291 0.0458127
0 0.779981 0.77631 0.0115564 0.0510744
0 0.703787 0.790471 0.00971508 0.0471391
0 0.763646 0.780337 0.00797997 0.0427697
0 0.750444 0.782559 0.00913839 0.0489263
0 0.668435 0.799438 0.00977459 0.0427622
0 0.953486 0.849299 0.0220638 0.0416282
0 0.856152 0.830476 0.0144228 0.0328078
0 0.483644 0.859095 0.0326443 0.0197623
0 0.772091 0.7861 0.00629931 0.0309774
0 0.937598 0.728744 0.00890617 0.0236457
0 0.287674 0.723401 0.00678215 0.0178196
37 0.198201 0.915349 0.0461068 0.0322849
0 0.74155 0.791803 0.00589914 0.0322286
37 0.0220724 0.938274 0.0441448 0.0293072
0 0.956791 0.848822 0.0156391 0.0405706
0 0.853772 0.830987 0.0205648 0.0337196
0 0.11776 0.983692 0.0354702 0.0260132
0 0.354939 0.989134 0.0146765 0.0217322
0 0.433883 0.91444 0.0241928 0.0357824
0 0.876629 0.681315 0.0062252 0.0183385
8 0.1984 0.915369 0.0460001 0.0323334
0 0.89057 0.976365 0.0576141 0.0454498
0 0.675661 0.815288 0.0163801 0.0205258
0 0.0665355 0.742967 0.00746371 0.0211824
0 0.540735 0.849388 0.00680313 0.0266159
0 0.316342 0.710546 0.00552206 0.0166317
0 0.902553 0.973585 0.0335062 0.0407362
0 0.411885 0.771807 0.00658846 0.0277486
0 0.883744 0.98021 0.0445501 0.0382794
0 0.741407 0.787388 0.00662212 0.0405535
0 0.112169 0.984239 0.0504354 0.026631
0 0.00779276 0.750426 0.00655348 0.0179033
37 0.0953597 0.994206 0.0458799 0.00811089
0 0.995921 0.811605 0.00774384 0.0197503
0 0.496025 0.859051 0.0132236 0.0178684
0 0.577352 0.875731 0.0326122 0.0145796
0 0.274643 0.730113 0.00664754 0.0165499
37 0.853067 0.84843 0.0245628 0.00943671
0 0.00272492 0.969072 0.00539229 0.0367106
0 0.913896 0.973063 0.0104723 0.0389482
0 0.00564681 0.751513 0.0110002 0.0190545
0 0.973946 0.763413 0.0200176 0.0267839
0 0.412137 0.765364 0.00562239 0.0146372
0 0.0652638 0.741889 0.0117957 0.0247335
37 0.104785 0.9935 0.065632 0.00900523
0 0.801984 0.698926 0.00525665 0.0181383
0 0.0607786 0.740094 0.00498154 0.0215981
4 0.321421 0.306787 0.0124972 0.00850644
0 0.920465 0.973775 0.0262798 0.0409459
0 0.411979 0.775532 0.00852509 0.0240785
0 0.411745 0.766242 0.00631533 0.0196018
8 0.30636 0.714858 0.0322284 0.0104363
8 0.969446 0.669809 0.0384979 0.0271408
0 0.111492 0.982461 0.0237367 0.0220947
0 0.00428741 0.969303 0.00851167 0.0379401
0 0.971832 0.67392 0.00741844 0.0170635
0 0.769272 0.783227 0.0121387 0.0380937
8 0.420772 0.763426 0.0203814 0.0120775
37 0.182698 0.736469 0.0138856 0.00807699
0 0.378757 0.757461 0.00995851 0.0103775
0 0.770438 0.784378 0.00890865 0.0354696
0 0.412465 0.778845 0.00885878 0.0172189
8 0.307545 0.716376 0.0331336 0.00963847
0 0.782636 0.698795 0.00484362 0.0182945
0 0.953524 0.673496 0.00535831 0.0174132
0 0.00604444 0.969696 0.0119076 0.0387753
33 0.391216 0.832305 0.0178439 0.086282
0 0.978397 0.661795 0.005056 0.0127135
0 0.773271 0.812939 0.00576458 0.0145343
8 0.976641 0.67146 0.0220587 0.0231332
0 0.182678 0.736139 0.0137753 0.00803087
8 0.521082 0.733797 0.0171284 0.0124997
0 0.983647 0.671283 0.00613937 0.0182782
8 0.968206 0.673832 0.0360981 0.0193866
0 0.125243 0.985228 0.0281482 0.0233656
0 0.139286 0.741268 0.0132816 0.0104353
0 0.779324 0.814784 0.00861187 0.0120026
0 0.972869 0.649459 0.0055006 0.0159733
0 0.896169 0.682421 0.00429153 0.0157967
8 0.00416731 0.75764 0.00827857 0.00965932
0 0.983404 0.668145 0.0065609 0.0222449
0 0.902584 0.974723 0.0622612 0.0436705
37 0.0550911 0.741322 0.011233 0.0114861
0 0.957395 0.664114 0.00793381 0.0176284
0 0.437417 0.914608 0.0174696 0.034146
16 0.771206 0.812407 0.0134699 0.0154511
0 0.922063 0.979896 0.0245644 0.0273763
16 0.774407 0.812529 0.0194383 0.016686
0 0.972717 0.76121 0.0102026 0.0242844
0 0.391175 0.832426 0.0181725 0.0865451
37 0.852049 0.84494 0.0219574 0.0121694
0 0.768759 0.812641 0.0118954 0.0152096
0 0.956045 0.666322 0.00995922 0.0202993
8 0.98702 0.746501 0.0255135 0.0227715
0 0.112204 0.983876 0.0320789 0.0238881
0 0.131498 0.984335 0.0632204 0.0227003
0 0.99487 0.810525 0.00981445 0.022703
26 0.153479 0.983449 0.0179669 0.0130812
8 0.284369 0.733303 0.0254582 0.00965864
0 0.975186 0.770018 0.022718 0.0139647
0 0.00937594 0.97098 0.018588 0.0383874
0 0.674376 0.803759 0.0222782 0.0438392
37 0.858239 0.847035 0.0351048 0.0144986
37 0.936181 0.866847 0.0115841 0.0160099
8 0.305668 0.711312 0.0316312 0.0168803
0 0.995748 0.805191 0.00807209 0.0325294
0 0.674801 0.810742 0.0190966 0.0281806
0 0.862622 0.832659 0.0307014 0.0375717
0 0.926794 0.681432 0.00456123 0.00895623
37 0.522816 0.862972 0.0476103 0.00786268
8 0.958161 0.671306 0.014344 0.0168462
0 0.947292 0.859953 0.00979614 0.0186389
37 0.574253 0.874288 0.0370331 0.0165616
0 0.516867 0.731315 0.00864201 0.0145328
37 0.843783 0.844269 0.0447424 0.0179898
8 0.969019 0.662142 0.0384964 0.0435991
8 0.0553578 0.754876 0.0350182 0.00907762
8 0.356276 0.573324 0.0121027 0.00703693
8 0.0605479 0.74391 0.023661 0.0294283
