0 0.453463 0.833927 0.0126911 0.0670532
0 0.480305 0.832477 0.0134096 0.0614024
0 0.425636 0.894599 0.0154177 0.0812025
0 0.123967 0.891671 0.0164032 0.0589952
0 0.830176 0.834637 0.0171419 0.0338081
0 0.794098 0.777104 0.0110888 0.0467736
0 0.51397 0.808798 0.0126993 0.0416714
0 0.698223 0.794227 0.0091795 0.0433636
0 0.90991 0.75432 0.00961189 0.0500927
0 0.844675 0.766747 0.009338 0.0459517
0 0.86904 0.764686 0.00915127 0.0433146
0 0.749407 0.784252 0.010029 0.0443973
0 0.947225 0.748503 0.0110832 0.0478472
0 0.496392 0.780851 0.00803404 0.0267451
0 0.855401 0.831382 0.016003 0.0337377
0 0.718444 0.83077 0.0125572 0.0305213
0 0.761998 0.780227 0.00726109 0.0477239
0 0.95356 0.848382 0.0220661 0.0380853
0 0.974536 0.762138 0.018499 0.0286557
0 0.996781 0.734755 0.00598526 0.0463532
0 0.895658 0.975738 0.0663826 0.0454936
0 0.00637101 0.750424 0.0091299 0.018768
0 0.986522 0.740296 0.00749168 0.0317997
0 0.789316 0.699551 0.00619564 0.0216166
37 0.0220391 0.93864 0.0440782 0.0297485
0 0.858314 0.76915 0.00667725 0.0290499
37 0.198505 0.915687 0.0464735 0.0317074
0 0.117058 0.983594 0.0341117 0.0266717
0 0.355209 0.988967 0.0139936 0.0220669
0 0.315071 0.751176 0.00890808 0.0149709
0 0.934415 0.728678 0.00557251 0.0203013
0 0.676474 0.815597 0.0158178 0.0188677
8 0.0741368 0.750268 0.0148538 0.0180064
0 0.852594 0.832205 0.0212097 0.0357788
0 0.577573 0.874909 0.0334002 0.0156799
37 0.0750894 0.750041 0.0134448 0.0175768
0 0.0062684 0.981329 0.0124591 0.0146715
0 0.691075 0.795295 0.00793648 0.0403293
0 0.884332 0.979335 0.0444653 0.0384789
0 0.0732305 0.743763 0.00718913 0.0167286
0 0.995825 0.813332 0.00793381 0.0171014
0 0.322954 0.752501 0.00500975 0.0112145
0 0.921541 0.973357 0.0282196 0.0411779
0 0.952329 0.858994 0.0203396 0.025656
0 0.691716 0.79262 0.00628634 0.0346568
0 0.0544212 0.750971 0.00452844 0.0091217
0 0.917557 0.972926 0.0196529 0.0403966
0 0.923329 0.740274 0.00596199 0.0305172
0 0.690312 0.796992 0.0105536 0.041609
0 0.696093 0.795154 0.0109716 0.0417299
0 0.473481 0.780129 0.00692892 0.0181032
0 0.290628 0.735191 0.00684614 0.0109107
0 0.326234 0.71368 0.00524449 0.0188466
37 0.0945114 0.994326 0.0449794 0.00834113
0 0.904544 0.974286 0.0469078 0.0433156
0 0.765361 0.698385 0.00608206 0.0172638
8 0.481107 0.78341 0.0373329 0.0231605
0 0.471524 0.781468 0.015407 0.0209981
0 0.527766 0.740404 0.00460129 0.00850694
0 0.109714 0.9816 0.019758 0.023665
0 0.912872 0.973991 0.0367445 0.042028
0 0.690592 0.803901 0.011567 0.0309803
37 0.85143 0.845385 0.02216 0.0132117
37 0.481845 0.790718 0.0405936 0.0146525
0 0.123085 0.984744 0.0338487 0.0241909
8 0.475867 0.787673 0.0265148 0.0115787
0 0.13167 0.983767 0.0631349 0.0236627
37 0.534757 0.740235 0.0193295 0.00918104
0 0.773762 0.812398 0.00817394 0.0148994
8 0.31857 0.754107 0.021378 0.020516
8 0.477188 0.789414 0.0292763 0.0140988
0 0.775508 0.812156 0.015789 0.016138
0 0.111164 0.98316 0.0264546 0.0256927
0 0.474708 0.780897 0.00987244 0.0198703
0 0.712888 0.831365 0.0258068 0.0317725
24 0.153608 0.983194 0.0181408 0.013462
33 0.391004 0.811554 0.0177702 0.0440491
37 0.103608 0.985385 0.0628409 0.0253028
0 0.00913113 0.981256 0.0181561 0.015859
0 0.99483 0.812557 0.00990448 0.0195853
0 0.590958 0.90739 0.0598257 0.0248345
0 0.956865 0.85049 0.0259073 0.0403429
0 0.577477 0.870518 0.0339254 0.0247745
0 0.904669 0.678373 0.0083004 0.0186529
0 0.863114 0.833282 0.0343828 0.0386078
0 0.159815 0.741434 0.00598989 0.00963966
0 0.777247 0.813094 0.0121298 0.0142615
37 0.591364 0.907227 0.0597424 0.0249373
0 0.350183 0.730109 0.0103304 0.00961897
37 0.852665 0.846993 0.026189 0.0117635
0 0.948462 0.741788 0.013789 0.0347073
0 0.8723 0.845512 0.0144842 0.0153609
8 0.481758 0.792471 0.0396688 0.0204091
0 0.154118 0.983345 0.0177037 0.01436
0 0.854026 0.844171 0.0512945 0.0205258
0 0.903702 0.674993 0.00808525 0.0128114
0 0.860304 0.769097 0.00961494 0.0288959
33 0.391113 0.832554 0.018656 0.0860404
37 0.843228 0.845575 0.0447769 0.0159019
0 0.925373 0.680821 0.00673752 0.00867581
0 0.688212 0.806648 0.0107862 0.0244485
0 0.770908 0.812709 0.015961 0.0155318
0 0.00501653 0.75562 0.00990345 0.0140696
37 0.939152 0.716394 0.0708996 0.0184209
0 0.766009 0.701529 0.00812321 0.0241801
0 0.95143 0.862799 0.0191864 0.0210724
0 0.936551 0.867037 0.012392 0.0154721
0 0.959373 0.848626 0.0154072 0.0369939
0 0.995397 0.808396 0.00871868 0.0284848
37 0.936049 0.86703 0.01152 0.0156138
0 0.934965 0.724126 0.00769234 0.0227383
0 0.953756 0.858904 0.0286863 0.0291636
0 0.842346 0.833169 0.0420811 0.0382053
0 0.790233 0.699154 0.0087986 0.0227364
8 0.267195 0.397512 0.00566273 0.00950656
37 0.319103 0.760046 0.0219616 0.00980869
0 0.754362 0.782246 0.0190938 0.0473094
37 0.0969835 0.986357 0.0504786 0.0219705
0 0.0723632 0.747519 0.0152216 0.025089
8 0.152943 0.742553 0.0199826 0.0118581
0 0.712049 0.836473 0.0261362 0.0224667
0 0.975597 0.674348 0.00603466 0.0182332
37 0.572656 0.881173 0.0239101 0.00758531
