0 0.45257 0.83338 0.0123247 0.0673018
0 0.716004 0.790934 0.00958338 0.0425822
0 0.830541 0.834822 0.0176132 0.0336609
0 0.71862 0.830379 0.0142365 0.0310542
0 0.553112 0.812635 0.0126493 0.047711
0 0.821058 0.770663 0.0101282 0.0493003
0 0.739582 0.784506 0.00974674 0.0458862
0 0.796685 0.77481 0.00807219 0.04937
0 0.756048 0.781384 0.00711241 0.0477902
0 0.693278 0.793216 0.00882835 0.0459498
0 0.78703 0.777602 0.00860043 0.0431564
0 0.473302 0.855062 0.0193144 0.03023
0 0.808404 0.781925 0.00614777 0.0299372
0 0.953364 0.849629 0.0223522 0.041567
0 0.434884 0.914185 0.0220907 0.0376014
0 0.841756 0.766451 0.0120003 0.0479024
0 0.115416 0.98333 0.0311568 0.0261915
0 0.855823 0.831948 0.0155199 0.0308773
0 0.276558 0.726949 0.00677576 0.0149328
0 0.974237 0.763707 0.0188961 0.0245877
0 0.429996 0.778753 0.00993023 0.0181437
0 0.0666816 0.740614 0.00758734 0.0250125
0 0.778224 0.698574 0.00507011 0.0158194
0 0.702389 0.79124 0.0104313 0.0471992
0 0.956217 0.848259 0.0167398 0.0392224
37 0.19873 0.915973 0.0453847 0.0310537
0 0.00701088 0.752379 0.00958454 0.0187686
0 0.318287 0.713771 0.00563536 0.0172333
0 0.355421 0.989254 0.0137888 0.0214917
0 0.70236 0.780076 0.0103177 0.0242611
0 0.883353 0.985409 0.0450943 0.0273499
0 0.890913 0.976544 0.0602449 0.0453193
0 0.902993 0.972715 0.0375191 0.0389326
0 0.702382 0.807609 0.00550442 0.01542
0 0.995551 0.813589 0.00848961 0.0158546
37 0.022137 0.937993 0.0442741 0.0299649
0 0.676077 0.815404 0.0154983 0.019183
0 0.910086 0.973713 0.0489836 0.0418338
0 0.00540099 0.978786 0.0107533 0.0200144
0 0.852804 0.83326 0.0217091 0.0340759
37 0.0943931 0.993915 0.0440904 0.0085907
14 0.873063 0.244045 0.0104553 0.00569161
0 0.103725 0.98387 0.0604433 0.0275621
0 0.937335 0.725847 0.00645618 0.0157827
37 0.527262 0.738118 0.0175594 0.0123294
0 0.844152 0.766979 0.00806351 0.0454203
0 0.794561 0.697551 0.00581837 0.0145339
0 0.964281 0.677279 0.00460377 0.0164504
0 0.0664168 0.734068 0.00723164 0.0137812
0 0.770616 0.812712 0.0166702 0.0164876
0 0.922256 0.973729 0.026268 0.0415158
0 0.110362 0.980872 0.0211542 0.0228458
0 0.120504 0.985143 0.0390746 0.0232773
8 0.526887 0.738208 0.0167051 0.0123471
0 0.0680779 0.744271 0.0120866 0.0230642
14 0.923707 0.682508 0.00690346 0.012799
0 0.363274 0.753097 0.00592947 0.00936788
0 0.982102 0.661548 0.00887718 0.0255129
0 0.577291 0.875998 0.0323028 0.0136102
0 0.891689 0.979659 0.0569408 0.0319972
37 0.576964 0.875601 0.0317652 0.0134518
0 0.948665 0.850711 0.0311304 0.0449078
14 0.366243 0.312373 0.010351 0.00658688
0 0.793433 0.697612 0.00717373 0.0146496
0 0.00910418 0.978736 0.0180269 0.0216329
8 0.188586 0.736437 0.0149559 0.0083257
0 0.85871 0.835323 0.0413235 0.0369673
0 0.982299 0.666904 0.00812302 0.0311945
0 0.83625 0.834627 0.0297556 0.0349855
0 0.527087 0.738233 0.017673 0.0126672
0 0.982572 0.656206 0.00790596 0.0219267
0 0.902085 0.979248 0.033197 0.0267132
8 0.140689 0.741401 0.0195007 0.0120375
0 0.947739 0.858034 0.0319611 0.0317493
0 0.188052 0.735592 0.0138764 0.00872345
0 0.587898 0.908063 0.0526253 0.0238349
0 0.678321 0.814329 0.0198994 0.0201891
37 0.852051 0.846554 0.0253685 0.012105
33 0.391231 0.812874 0.0175998 0.0465329
0 0.126147 0.986261 0.0258101 0.0217387
14 0.260529 0.397986 0.00616236 0.0100186
0 0.980914 0.661724 0.00716782 0.0205598
0 0.936796 0.723584 0.00765228 0.0225538
8 0.188696 0.735009 0.0149901 0.0082957
8 0.289715 0.728508 0.0206725 0.00994161
8 0.28593 0.728889 0.0246634 0.0121489
0 0.917564 0.980554 0.034016 0.0270469
8 0.30263 0.717095 0.0197479 0.0100627
0 0.741457 0.783972 0.0132152 0.0472687
0 0.949531 0.860039 0.0144012 0.0206145
8 0.288076 0.731502 0.0253613 0.009788
0 0.872268 0.845473 0.0142235 0.0150286
37 0.790992 0.820471 0.0268587 0.0070777
37 0.936936 0.867067 0.0129696 0.0151967
0 0.973492 0.651765 0.00570793 0.0135676
8 0.306358 0.717508 0.0122433 0.0086714
24 0.1534 0.983427 0.0178052 0.0128069
37 0.0556467 0.753485 0.00410975 0.00673998
0 0.111286 0.984856 0.0285661 0.0232669
0 0.883083 0.683483 0.00765953 0.0111906
0 0.438005 0.914704 0.0160277 0.0349187
0 0.817403 0.773833 0.00583096 0.024547
37 0.946207 0.864826 0.0305321 0.0187286
0 0.896709 0.972574 0.025082 0.0310543
37 0.597363 0.915424 0.0321026 0.0087716
0 0.903261 0.982759 0.0674107 0.0325205
0 0.859553 0.8455 0.0401985 0.0166087
0 0.925017 0.984051 0.0200365 0.0198914
37 0.435206 0.782387 0.0275454 0.00983548
26 0.936118 0.866826 0.0117477 0.0147998
0 0.818592 0.780845 0.00804825 0.0208181
0 0.991247 0.676825 0.00542145 0.0151381
