0 0.4526 0.833476 0.0124073 0.0680301
0 0.730166 0.788141 0.00925035 0.0443336
0 0.842766 0.765999 0.00872803 0.0461992
0 0.827507 0.767997 0.00953026 0.04701
0 0.858637 0.763947 0.011602 0.0520026
0 0.547271 0.812515 0.0120394 0.049565
0 0.798413 0.776685 0.00985317 0.0475688
0 0.755167 0.781009 0.00845995 0.0486281
0 0.742627 0.785058 0.00866032 0.046148
0 0.704599 0.791167 0.010128 0.0489946
0 0.830648 0.834662 0.0176168 0.0335766
0 0.695288 0.794176 0.00936766 0.0457367
0 0.351192 0.756432 0.0100402 0.0225423
0 0.953765 0.848984 0.022002 0.0399865
0 0.817466 0.779906 0.00551147 0.0295193
0 0.852247 0.832828 0.0233276 0.0346358
0 0.43348 0.914719 0.0250171 0.0371877
37 0.198969 0.916399 0.0465763 0.0316098
0 0.718199 0.830377 0.0135027 0.0317186
0 0.891851 0.976109 0.0614018 0.0459164
0 0.0716236 0.741097 0.0113468 0.0217818
0 0.472064 0.85359 0.0178394 0.0332238
0 0.712508 0.831026 0.0260463 0.0322022
0 0.320277 0.710794 0.00599804 0.0171916
37 0.0220802 0.938366 0.0441604 0.029126
0 0.391047 0.827061 0.0181705 0.0761692
0 0.00562474 0.977065 0.0111963 0.0239454
0 0.00965019 0.748958 0.0095169 0.018496
0 0.90421 0.973002 0.0388506 0.0399994
0 0.790755 0.701985 0.00520563 0.0199326
0 0.469491 0.855194 0.0130056 0.0297784
0 0.11489 0.981447 0.030231 0.0242174
0 0.935238 0.72644 0.00763321 0.0215649
0 0.272402 0.724451 0.00670538 0.0205309
0 0.675577 0.816617 0.0149509 0.0200429
0 0.577678 0.875746 0.0323826 0.0147959
0 0.35462 0.989265 0.0160823 0.0214694
0 0.77407 0.700033 0.00832596 0.0205895
0 0.109609 0.980579 0.0198096 0.023386
8 0.0723173 0.741837 0.0141489 0.0218892
0 0.190599 0.731502 0.00934565 0.00769145
0 0.856138 0.831149 0.0153015 0.0331167
0 0.411386 0.767713 0.00415745 0.00950385
0 0.984612 0.743984 0.0134552 0.0326145
0 0.885469 0.979038 0.0491077 0.0399268
0 0.446576 0.777101 0.00521965 0.0149696
0 0.142381 0.735439 0.00536785 0.00917901
0 0.108758 0.983648 0.0474415 0.0271674
37 0.531344 0.738554 0.0164952 0.0095225
0 0.972269 0.674072 0.00575218 0.0194133
8 0.437768 0.777527 0.0260031 0.0171799
4 0.394082 0.315115 0.0154656 0.00730485
0 0.951917 0.859293 0.0181591 0.0228534
0 0.531259 0.738442 0.0163824 0.00981005
0 0.89588 0.68281 0.00615616 0.0159173
0 0.439184 0.776872 0.00779095 0.0151591
37 0.102648 0.993813 0.0608566 0.0088445
8 0.997332 0.676127 0.00489349 0.0176524
0 0.996534 0.810922 0.00651989 0.0206807
0 0.440901 0.918209 0.010213 0.0254194
0 0.119648 0.984401 0.0392892 0.0231883
0 0.996589 0.814023 0.00639877 0.0143244
0 0.47648 0.852124 0.0115516 0.0322815
0 0.680195 0.816445 0.0234303 0.0198805
0 0.541089 0.849491 0.00744419 0.0285901
0 0.98637 0.738366 0.0133787 0.0416689
0 0.882449 0.982738 0.0424219 0.0316864
0 0.922199 0.973828 0.0270838 0.0413564
0 0.0082647 0.748832 0.012676 0.0199853
8 0.296968 0.728048 0.0212123 0.0117813
0 0.858796 0.83431 0.0381447 0.0386664
0 0.773013 0.81295 0.01026 0.0154066
8 0.0665937 0.744271 0.0266695 0.0283654
0 0.150193 0.735883 0.0258115 0.0095398
0 0.910947 0.974916 0.0487953 0.0442237
0 0.974942 0.762879 0.0211021 0.027204
0 0.775598 0.813175 0.0163498 0.017
0 0.988258 0.730997 0.00857773 0.0277971
0 0.768897 0.813004 0.0111853 0.0154124
8 0.2717 0.735269 0.0141338 0.0147247
8 0.271491 0.733776 0.011773 0.0137531
0 0.391104 0.812485 0.0175849 0.0461765
0 0.98757 0.735233 0.00955582 0.0387624
0 0.791104 0.702701 0.00663605 0.0224704
8 0.307294 0.715949 0.0227664 0.0099806
37 0.956404 0.867097 0.0284225 0.0136398
0 0.12572 0.985609 0.0279256 0.0204664
0 0.921419 0.680595 0.00703697 0.0126545
8 0.295716 0.730171 0.0248204 0.0141106
37 0.103394 0.985049 0.0618661 0.0253743
8 0.0671508 0.748307 0.0259182 0.0148895
8 0.28711 0.731918 0.0431641 0.0169067
0 0.956394 0.851685 0.0282459 0.0405226
0 0.883036 0.68243 0.00890312 0.0120201
0 0.973601 0.752768 0.0086422 0.0112183
0 0.121677 0.986169 0.0190611 0.0212796
0 0.841322 0.834057 0.0399429 0.0352634
24 0.153554 0.983382 0.0174952 0.0128037
37 0.53517 0.738598 0.0247137 0.0107998
0 0.960021 0.849687 0.0174061 0.0401079
0 0.877895 0.985488 0.0341558 0.027572
0 0.923654 0.978698 0.0239296 0.0303841
0 0.976195 0.76801 0.0237217 0.0179138
0 0.977009 0.673718 0.0142818 0.0206794
37 0.957597 0.868803 0.0258572 0.00999603
37 0.589562 0.911734 0.0560575 0.0153856
8 0.982645 0.654924 0.0166794 0.0236675
0 0.824497 0.814921 0.0243443 0.0101139
37 0.424969 0.928811 0.0158024 0.0104021
0 0.590897 0.908047 0.0575151 0.0227856
37 0.955098 0.864268 0.025527 0.0187449
0 0.153503 0.983393 0.0175652 0.0131975
8 0.888194 0.681408 0.0220383 0.0189451
0 0.93626 0.725209 0.00962486 0.0243612
0 0.988607 0.724392 0.00787888 0.0180803
0 0.847634 0.833357 0.0321465 0.0351817
37 0.953056 0.866235 0.021027 0.0149624
8 0.260822 0.397141 0.00517459 0.00845625
0 0.350034 0.989303 0.026233 0.021322
8 0.30931 0.716999 0.0190617 0.00947232
0 0.96182 0.850202 0.0395426 0.0429496
