0 0.796964 0.775754 0.00942297 0.049548
0 0.767626 0.778892 0.0119268 0.051565
0 0.550717 0.815664 0.0117489 0.0530935
0 0.692588 0.796517 0.00972214 0.0451447
0 0.953762 0.850028 0.0228188 0.0428562
0 0.830552 0.834671 0.0174889 0.0333652
0 0.451611 0.834203 0.0129753 0.0682473
0 0.632037 0.806753 0.0104142 0.0463472
0 0.474963 0.854084 0.0160189 0.0286769
0 0.842303 0.765335 0.00855026 0.0451501
0 0.940407 0.72863 0.0077137 0.0215508
0 0.718265 0.830259 0.0147216 0.0319804
0 0.890327 0.975739 0.0578728 0.0456133
0 0.702692 0.792085 0.00861073 0.0465805
0 0.856367 0.830366 0.0136574 0.0321757
0 0.057718 0.73982 0.00513892 0.0236888
0 0.97373 0.763435 0.020281 0.0263095
0 0.292602 0.721617 0.0069313 0.0158298
0 0.355235 0.989227 0.0132679 0.0215452
0 0.736137 0.784048 0.00874081 0.050217
0 0.434766 0.914029 0.0214988 0.0367669
0 0.00469288 0.751057 0.00909948 0.018101
0 0.391022 0.817932 0.0181308 0.0571369
0 0.676452 0.815603 0.0160837 0.0173864
0 0.0641802 0.751523 0.00653725 0.0130858
0 0.318272 0.716963 0.00495396 0.014583
0 0.741988 0.785926 0.00895233 0.0459579
0 0.902093 0.972926 0.0346889 0.0401374
8 0.405446 0.773276 0.0255606 0.0242906
0 0.0058644 0.979599 0.0116679 0.018683
0 0.740375 0.784695 0.0100344 0.0487454
16 0.676292 0.815721 0.0158906 0.0175932
37 0.022142 0.93905 0.0442292 0.0297004
0 0.883343 0.984939 0.0435864 0.0278405
37 0.199412 0.91614 0.0489189 0.0315265
0 0.109155 0.979611 0.0207 0.0260139
0 0.743657 0.784474 0.00756607 0.0482403
0 0.273722 0.727537 0.00697546 0.0168182
0 0.714033 0.830654 0.0234753 0.0328508
0 0.115235 0.981111 0.0334503 0.0300561
0 0.704381 0.792656 0.0121691 0.0464396
8 0.199253 0.916045 0.0484562 0.0312602
8 0.405045 0.777684 0.0257118 0.0167087
0 0.422875 0.763644 0.00425987 0.0105591
0 0.397913 0.7783 0.00492215 0.0169539
37 0.852572 0.848718 0.0268536 0.00979207
0 0.996376 0.810251 0.00682602 0.0209242
0 0.750714 0.788808 0.00613604 0.0357561
0 0.577118 0.874663 0.0327106 0.0160092
37 0.00665161 0.759632 0.0129905 0.00921563
0 0.852572 0.83145 0.0214123 0.0358944
8 0.292996 0.726362 0.0484047 0.0213955
8 0.405789 0.77897 0.0235384 0.0126363
0 0.407745 0.763185 0.00720921 0.0159393
0 0.748083 0.784987 0.00999451 0.0445374
0 0.750059 0.785361 0.00772553 0.0423267
0 0.745362 0.783844 0.00683556 0.0454013
0 0.922132 0.679873 0.00921745 0.0168869
0 0.744454 0.785257 0.0117046 0.0456131
8 0.15289 0.565258 0.0573169 0.0145298
0 0.992192 0.670614 0.00556202 0.0129974
37 0.00674232 0.758033 0.0134322 0.0105092
37 0.976457 0.771516 0.0151276 0.0102261
0 0.980846 0.672688 0.00476189 0.0185035
0 0.105139 0.982111 0.0605748 0.0311896
0 0.978812 0.670515 0.00601387 0.0183432
0 0.110686 0.98105 0.0278029 0.0279877
0 0.137436 0.741518 0.013885 0.0107217
0 0.276622 0.727281 0.0106634 0.017165
0 0.884438 0.979643 0.0460766 0.0376495
0 0.992452 0.67283 0.00554009 0.0185364
8 0.0674741 0.756211 0.0141124 0.0115067
8 0.99451 0.677939 0.0103233 0.0215185
8 0.295041 0.722328 0.0368109 0.016866
37 0.102664 0.994127 0.0620713 0.00912815
0 0.959902 0.850188 0.0106117 0.0382918
0 0.897777 0.681198 0.00519371 0.013424
37 0.851497 0.845757 0.0257812 0.0129344
8 0.995135 0.680319 0.00932426 0.0170522
0 0.953451 0.67651 0.00597076 0.017289
0 0.430604 0.914741 0.029607 0.0381646
0 0.707648 0.785725 0.00521326 0.0145111
8 0.0683524 0.757818 0.0164768 0.00916206
0 0.0682969 0.751474 0.0131137 0.0161028
0 0.971857 0.755615 0.00820217 0.012434
14 0.869652 0.684999 0.00600815 0.00831867
0 0.390384 0.757747 0.0118528 0.0152522
37 0.936042 0.866443 0.0114511 0.0146418
8 0.298753 0.724943 0.0301872 0.0108832
37 0.105106 0.983241 0.0689327 0.0300724
0 0.970486 0.673392 0.00584335 0.0154031
0 0.167745 0.739095 0.0113726 0.0113939
0 0.978347 0.668787 0.00817356 0.0215093
0 0.31903 0.717485 0.00702677 0.0147654
0 0.789498 0.698238 0.00519276 0.0140931
0 0.860315 0.795315 0.00544128 0.0125719
0 0.541205 0.848677 0.00788651 0.0283003
37 0.94437 0.865748 0.0280724 0.0161506
0 0.421752 0.914915 0.0485855 0.0394887
0 0.40797 0.768156 0.0139433 0.0257043
8 0.295182 0.721994 0.053167 0.0267536
0 0.977831 0.76308 0.0297167 0.0267005
0 0.39097 0.83296 0.0181527 0.0878513
0 0.00936708 0.97972 0.0185501 0.0200285
0 0.863051 0.833326 0.0322058 0.0388748
0 0.305233 0.718586 0.0104713 0.0102783
0 0.977302 0.771354 0.0160322 0.0103814
37 0.759901 0.824418 0.0123364 0.00630459
37 0.856185 0.847625 0.0356825 0.0144969
37 0.752374 0.826901 0.0297992 0.00769026
0 0.884614 0.989209 0.0397972 0.0189918
37 0.577743 0.882378 0.0327683 0.00875092
0 0.51894 0.732371 0.00654984 0.00982497
0 0.170184 0.739179 0.0167394 0.011516
37 0.959885 0.866599 0.0560745 0.015154
24 0.153316 0.983607 0.017477 0.0121874
0 0.86239 0.844286 0.0318861 0.019115
37 0.587747 0.913224 0.0516005 0.0121762
8 0.305898 0.720079 0.0136359 0.0110562
0 0.871861 0.845406 0.0137949 0.0158807
0 0.837659 0.834455 0.0319241 0.0358466
0 0.771181 0.812385 0.0126587 0.015037
37 0.967724 0.863247 0.0400614 0.0120161
0 0.945255 0.678105 0.00511341 0.0130475
0 0.856862 0.834192 0.0435905 0.0399029
8 0.406221 0.770176 0.0251196 0.0333447
0 0.912593 0.973595 0.0486786 0.0419413
37 0.574915 0.873821 0.0373018 0.0172238
37 0.133828 0.741636 0.0203246 0.0117347
0 0.478461 0.854595 0.0237864 0.0281765
0 0.843802 0.837351 0.0429184 0.0315453
8 0.0704891 0.757481 0.0232611 0.0104828
8 0.272904 0.728658 0.0094564 0.0161262
37 0.49266 0.86521 0.0194335 0.00675846
8 0.0676212 0.756065 0.0192721 0.0135905
0 0.700315 0.792655 0.0129202 0.0506785
37 0.974182 0.862572 0.0278355 0.0110284
16 0.772097 0.811453 0.0118517 0.0148261
0 0.747735 0.782311 0.0129959 0.0488251
37 0.577883 0.88009 0.0339123 0.0137729
0 0.122793 0.985616 0.0321596 0.0217607
37 0.965719 0.861092 0.0433067 0.0209666
0 0.71266 0.839298 0.0250238 0.0168364
