0 0.453104 0.833818 0.0127641 0.068506
0 0.810984 0.771242 0.00978775 0.0513997
0 0.779643 0.778893 0.010239 0.0455872
0 0.830625 0.83501 0.0176548 0.0329844
0 0.953485 0.84988 0.0221924 0.0420558
0 0.755636 0.781632 0.00787516 0.0484534
0 0.84374 0.764913 0.00704823 0.0487674
0 0.736848 0.785329 0.00831318 0.0484338
0 0.828686 0.768162 0.00997887 0.0544113
0 0.797046 0.776378 0.00857697 0.046462
0 0.702788 0.794457 0.0104079 0.0399333
0 0.558662 0.812751 0.0118088 0.0463776
0 0.695551 0.794928 0.00843925 0.0447337
8 0.198434 0.915726 0.044555 0.0324802
0 0.476663 0.852565 0.0168129 0.0333067
0 0.89434 0.975385 0.067252 0.0476261
0 0.717658 0.830441 0.0135216 0.0313329
0 0.940983 0.726254 0.00735168 0.0192673
0 0.856333 0.831173 0.0145092 0.0331957
0 0.423622 0.780777 0.00765953 0.0190219
0 0.796878 0.697364 0.005896 0.0138215
0 0.853287 0.831581 0.0213299 0.0336287
0 0.115122 0.98105 0.030822 0.0228346
0 0.974703 0.763971 0.0189981 0.0259388
0 0.906239 0.972235 0.0433521 0.0410236
0 0.713414 0.830602 0.0228311 0.032136
0 0.318277 0.713582 0.00522518 0.0170197
37 0.022184 0.938515 0.0443681 0.0283476
0 0.0653874 0.741928 0.00731008 0.0336505
0 0.354463 0.989292 0.0154819 0.0214167
0 0.275896 0.730295 0.00551124 0.0172936
0 0.434221 0.914363 0.0233151 0.0373242
0 0.065642 0.733647 0.00639725 0.0168922
0 0.678452 0.815383 0.0180669 0.0176063
0 0.119522 0.982567 0.0398362 0.0256866
0 0.36951 0.756162 0.0120067 0.011126
0 0.135436 0.737129 0.00448256 0.0101359
0 0.40864 0.762216 0.00333939 0.0130893
0 0.00437962 0.752429 0.00870179 0.0179898
0 0.00576088 0.976071 0.0114581 0.0248698
0 0.440875 0.919184 0.0101614 0.0246658
37 0.526532 0.735683 0.0156239 0.00814921
0 0.77957 0.698003 0.00556965 0.0142385
0 0.00240952 0.97638 0.00477623 0.023524
0 0.27455 0.730646 0.00800896 0.0185476
8 0.419307 0.762492 0.0244157 0.0108738
0 0.883762 0.985179 0.0461376 0.0278566
0 0.430229 0.915301 0.0211332 0.0361118
0 0.10703 0.983788 0.0610392 0.0277086
0 0.526248 0.735116 0.0149151 0.00887451
0 0.951721 0.661074 0.00401077 0.0113567
0 0.57663 0.875832 0.0312548 0.0139815
0 0.00405524 0.976302 0.00808322 0.023794
37 0.0988428 0.994075 0.0529636 0.00860935
0 0.473587 0.853017 0.0234322 0.0348755
0 0.982865 0.668576 0.00847664 0.0277466
0 0.982244 0.662663 0.00989342 0.0396166
0 0.0633767 0.737665 0.0113774 0.0251455
0 0.995993 0.81128 0.00760345 0.0213657
0 0.145539 0.73802 0.00465872 0.00805969
0 0.67175 0.817808 0.00726309 0.0144228
0 0.885248 0.978611 0.049831 0.0409264
0 0.901609 0.681509 0.00378609 0.0144265
0 0.422232 0.780948 0.0116015 0.0192683
8 0.973601 0.663849 0.0483019 0.040102
8 0.162492 0.737568 0.0695941 0.0184146
0 0.996176 0.815683 0.00723419 0.0125576
0 0.0607741 0.740137 0.00673537 0.0129184
0 0.063676 0.742469 0.0125288 0.0341671
0 0.319286 0.713403 0.00765953 0.0171054
0 0.959543 0.671843 0.00629597 0.0250727
0 0.681221 0.815148 0.0158066 0.0189294
0 0.672561 0.81642 0.00954294 0.0175095
0 0.958953 0.850439 0.0116959 0.0383582
37 0.103131 0.991349 0.0617159 0.0133728
37 0.576588 0.875508 0.0314747 0.0135969
0 0.980318 0.665017 0.00662518 0.0211862
0 0.523499 0.734981 0.0102583 0.00833299
0 0.772793 0.812999 0.0195377 0.0155635
0 0.921935 0.972832 0.0271418 0.042583
0 0.982807 0.654324 0.00648537 0.0257246
0 0.97199 0.656585 0.0073513 0.024053
0 0.915262 0.973407 0.0403091 0.0447323
37 0.852723 0.848472 0.0243979 0.00931176
0 0.541011 0.849461 0.0076088 0.0262878
0 0.42098 0.915214 0.0498518 0.0392042
0 0.00570603 0.753405 0.0113203 0.0196147
0 0.863436 0.833056 0.0315233 0.0379383
0 0.769841 0.813007 0.0136723 0.0153824
8 0.962082 0.505132 0.0754204 0.14725
0 0.959572 0.676561 0.00592518 0.0167636
0 0.858424 0.836313 0.042186 0.0357378
0 0.304111 0.718475 0.0082571 0.00961117
0 0.391433 0.833471 0.0177711 0.0869687
0 0.140577 0.738206 0.0149527 0.00907898
0 0.935777 0.866842 0.011113 0.014897
8 0.29761 0.726899 0.056559 0.0293683
0 0.273998 0.736539 0.00804896 0.00766958
0 0.943482 0.726089 0.0125935 0.0197906
37 0.853035 0.846235 0.0257654 0.0134006
0 0.349774 0.989354 0.0257556 0.0212002
8 0.971518 0.674217 0.0444033 0.0181307
0 0.983316 0.672815 0.0080555 0.0227849
0 0.972104 0.763073 0.0133385 0.027084
37 0.983221 0.771186 0.0331688 0.0103604
0 0.9593 0.665694 0.00667801 0.013691
8 0.305675 0.726133 0.0460061 0.0147498
0 0.289378 0.72708 0.0117017 0.0102695
8 0.15429 0.740743 0.0521588 0.0127113
0 0.885036 0.685605 0.00578022 0.00813378
0 0.290932 0.727679 0.0136503 0.00838962
0 0.79878 0.775251 0.0121082 0.0480762
0 0.859958 0.79584 0.00623283 0.0104565
8 0.962004 0.539288 0.0755566 0.0767435
0 0.523315 0.732938 0.00900869 0.012351
8 0.300441 0.727266 0.0347296 0.0121672
0 0.540482 0.852537 0.00680046 0.0207092
0 0.980781 0.771855 0.0133522 0.00994856
0 0.0654559 0.751706 0.00749559 0.0216017
8 0.0624875 0.7425 0.0156076 0.0319534
