0 0.453126 0.833416 0.0123955 0.0683567
0 0.539884 0.818014 0.0108597 0.0520552
0 0.830693 0.834638 0.0176559 0.0335876
0 0.707245 0.790987 0.0100789 0.0483831
0 0.695325 0.7929 0.0114988 0.0482893
0 0.871003 0.761012 0.010696 0.049429
0 0.803009 0.775884 0.0085846 0.0444984
0 0.837067 0.766898 0.00932236 0.0498745
0 0.755887 0.781644 0.00758686 0.0487905
0 0.740048 0.787272 0.00903053 0.0427799
0 0.796813 0.775332 0.00837145 0.0493639
0 0.746212 0.783386 0.00858517 0.0462894
0 0.466373 0.850383 0.0183008 0.0409722
0 0.843381 0.765316 0.00803299 0.0464637
0 0.953767 0.848785 0.0219131 0.0397637
0 0.818108 0.780751 0.00754585 0.0310042
0 0.718145 0.830045 0.0137097 0.0325122
0 0.0102857 0.74584 0.00786776 0.0181196
0 0.89143 0.97611 0.0598 0.0458752
0 0.788958 0.698048 0.006954 0.0152468
0 0.852277 0.832378 0.0230633 0.0352515
0 0.0714949 0.739936 0.00759642 0.0248511
0 0.433456 0.914827 0.0248178 0.0371084
0 0.342322 0.753151 0.00559449 0.016626
0 0.855791 0.831529 0.0159533 0.0336861
0 0.712577 0.830762 0.0257893 0.0330516
0 0.841819 0.765833 0.00864258 0.0486133
0 0.319594 0.708613 0.00608401 0.0180288
0 0.528289 0.74012 0.00681591 0.0123233
0 0.903898 0.973075 0.0358721 0.0399339
0 0.933879 0.723253 0.00674 0.0237613
0 0.114628 0.981124 0.0299719 0.0237718
37 0.198147 0.916029 0.0459933 0.0317115
0 0.974647 0.739577 0.0102432 0.0374032
0 0.883573 0.97992 0.044101 0.0386088
37 0.857807 0.764736 0.0189041 0.0130366
0 0.772097 0.699414 0.00868645 0.0226245
0 0.67592 0.816192 0.0158401 0.0192369
0 0.453674 0.772167 0.00511217 0.0131582
0 0.968761 0.741302 0.00648537 0.032271
0 0.109609 0.980454 0.0200126 0.0231842
0 0.742973 0.785192 0.0102849 0.0457165
0 0.577693 0.875754 0.0323778 0.01464
0 0.880552 0.681647 0.0065527 0.0176992
0 0.189922 0.729668 0.00856161 0.00739848
37 0.0220933 0.938844 0.0441866 0.0291144
0 0.354474 0.98911 0.0163528 0.0217797
0 0.00570685 0.977785 0.0113601 0.0213081
8 0.149024 0.738591 0.0295021 0.0080346
0 0.973208 0.741128 0.00845356 0.0341561
0 0.272837 0.730698 0.00681214 0.0170113
0 0.0762718 0.737661 0.00430102 0.0165302
0 0.921578 0.973632 0.0271927 0.0410507
0 0.679041 0.81586 0.0186109 0.0187717
0 0.10563 0.983574 0.0522589 0.0275353
0 0.440854 0.918561 0.0102235 0.0253528
0 0.301462 0.729533 0.00790753 0.0113324
0 0.95187 0.859622 0.0180073 0.0220384
0 0.996527 0.811126 0.00653591 0.0203088
37 0.532839 0.740142 0.0159531 0.0121114
0 0.9148 0.972872 0.014077 0.038913
37 0.10212 0.99374 0.0597148 0.0090566
0 0.975239 0.738326 0.0144962 0.039743
0 0.881779 0.984742 0.0406122 0.02946
37 0.149405 0.738637 0.029662 0.00865716
0 0.974493 0.76654 0.0216099 0.0203885
0 0.119418 0.984345 0.0390463 0.0233843
0 0.00735782 0.746366 0.0142689 0.0200214
8 0.0690624 0.747011 0.0200055 0.0151116
8 0.0649329 0.742866 0.0284341 0.0293603
0 0.91667 0.973455 0.0198597 0.0389086
8 0.00771847 0.752524 0.0143209 0.00887621
4 0.405156 0.315785 0.00647955 0.0060563
37 0.00752159 0.751444 0.014761 0.00994602
8 0.0698763 0.742141 0.0175008 0.0228945
37 0.861299 0.76432 0.0267056 0.0147371
0 0.441622 0.770725 0.00713148 0.0147508
0 0.532124 0.739432 0.014543 0.0139272
8 0.983539 0.655385 0.0217243 0.0246143
0 0.141583 0.735411 0.00949111 0.00754378
25 0.0221959 0.938742 0.0442562 0.0296678
14 0.921866 0.681613 0.00852489 0.0148334
0 0.773692 0.812961 0.00637932 0.0151293
8 0.533438 0.740384 0.0172262 0.0118978
0 0.462396 0.850051 0.0105726 0.0372048
0 0.896016 0.684431 0.00605164 0.011635
0 0.973248 0.765268 0.0161694 0.0219974
37 0.864005 0.766373 0.0324985 0.0165222
0 0.858785 0.834101 0.0382633 0.0391729
0 0.29829 0.730397 0.0138461 0.0111281
37 0.956341 0.866987 0.0284527 0.0138085
0 0.769712 0.812922 0.0129082 0.015293
37 0.864799 0.769301 0.0342859 0.0260573
0 0.270704 0.732803 0.00584483 0.0125314
0 0.967202 0.748518 0.0103079 0.0469394
0 0.429321 0.916561 0.0225464 0.0345544
8 0.0649648 0.751202 0.0286698 0.0112328
0 0.00579596 0.972805 0.0114566 0.0315874
0 0.34366 0.754179 0.00820827 0.0187514
0 0.97784 0.674378 0.00551376 0.0208043
0 0.776346 0.813394 0.0149822 0.0171948
8 0.29887 0.73157 0.0155208 0.00922868
0 0.835606 0.834232 0.0282618 0.0347897
37 0.343897 0.758839 0.00928264 0.0137085
0 0.191849 0.730561 0.012511 0.00841929
0 0.924076 0.979079 0.0230289 0.0291846
0 0.149848 0.736716 0.0284559 0.00918732
0 0.073238 0.738533 0.0105256 0.0237149
37 0.102717 0.985389 0.0604018 0.0248484
0 0.914311 0.9752 0.0407871 0.0444458
0 0.12154 0.986253 0.0187549 0.0213108
0 0.197498 0.730738 0.0250716 0.0100633
37 0.304702 0.714216 0.0224203 0.00853678
37 0.957205 0.869161 0.0265533 0.00934923
37 0.199691 0.733605 0.0288568 0.0120751
0 0.125491 0.986509 0.0270042 0.0208177
37 0.863124 0.762578 0.0318275 0.0243683
0 0.0530206 0.749896 0.00493665 0.00614522
8 0.0402035 0.742796 0.0791177 0.0282601
0 0.824823 0.814913 0.0249582 0.010406
0 0.960237 0.849346 0.0160227 0.0389148
8 0.996545 0.648252 0.00641861 0.00722334
0 0.19953 0.732344 0.0284124 0.0129113
0 0.861862 0.84103 0.0311527 0.0243771
0 0.672439 0.81746 0.0217907 0.0215179
37 0.436652 0.765127 0.0556858 0.0160719
0 0.956317 0.854124 0.0281815 0.0355691
8 0.981758 0.661421 0.0277649 0.0246364
8 0.303314 0.713593 0.019838 0.00857578
37 0.955108 0.86424 0.0256025 0.0187537
0 0.711519 0.795899 0.00962391 0.0420597
8 0.982786 0.661587 0.0301842 0.0419579
0 0.978649 0.675908 0.00758877 0.0190886
33 0.391175 0.830548 0.0177688 0.082529
0 0.925451 0.984638 0.0198551 0.018119
