0 0.452605 0.833562 0.0125751 0.0687456
0 0.796894 0.776078 0.00945997 0.0497148
0 0.728311 0.788819 0.0078167 0.0434401
0 0.842762 0.766073 0.00907002 0.046582
0 0.755389 0.781025 0.00809918 0.0488998
0 0.855196 0.763816 0.0104244 0.0520408
0 0.742428 0.784695 0.00925102 0.0463135
0 0.83067 0.834651 0.0176174 0.0335198
0 0.547848 0.811427 0.0120201 0.045909
0 0.824837 0.768889 0.0110058 0.0475652
0 0.694097 0.794636 0.0096776 0.0463725
0 0.704269 0.791756 0.010182 0.0473738
0 0.472239 0.853484 0.0177034 0.0338081
0 0.718101 0.830272 0.0134291 0.0317034
0 0.95381 0.848949 0.0218887 0.0399763
0 0.853069 0.832248 0.0213869 0.0344154
0 0.352917 0.756478 0.00546417 0.0217289
0 0.956809 0.848377 0.0157852 0.038748
0 0.817091 0.777892 0.00559254 0.0258935
0 0.891726 0.976267 0.0617363 0.0458717
0 0.00561784 0.977076 0.0111822 0.0239115
0 0.273611 0.726272 0.00595212 0.0147369
0 0.903431 0.972632 0.0379566 0.0395745
0 0.0706292 0.740794 0.00979202 0.0194578
0 0.791193 0.701323 0.00522385 0.0178753
37 0.198888 0.916326 0.0473646 0.0319017
0 0.319841 0.712272 0.00614576 0.0179199
0 0.00876089 0.750072 0.0102955 0.0186605
0 0.114814 0.981411 0.0301453 0.0242655
0 0.712475 0.83098 0.0260902 0.0324432
37 0.0220866 0.938237 0.0441733 0.0285243
0 0.433517 0.914302 0.0246465 0.0369322
0 0.354602 0.989265 0.0161047 0.0214689
0 0.935127 0.727576 0.0067131 0.0214559
0 0.577678 0.875794 0.0324605 0.0147244
0 0.10958 0.980543 0.0198945 0.0232654
0 0.8561 0.831057 0.0152952 0.0334303
0 0.984954 0.745911 0.00875282 0.0399604
0 0.675588 0.816915 0.0143086 0.01924
0 0.531186 0.738424 0.0160016 0.0111521
8 0.0708206 0.742131 0.00997666 0.0211004
0 0.991892 0.738656 0.00831337 0.0431944
14 0.921663 0.680955 0.0065918 0.0112368
0 0.440788 0.918884 0.00992718 0.025237
0 0.884959 0.979169 0.04828 0.0397732
4 0.392064 0.314151 0.0194818 0.00852102
0 0.107919 0.983486 0.0482945 0.0275014
37 0.531573 0.738681 0.0169229 0.0105242
0 0.443569 0.780151 0.00625267 0.0183445
0 0.952172 0.858886 0.0186871 0.0236625
0 0.98753 0.742357 0.0135157 0.0474901
14 0.411221 0.76843 0.00439148 0.00781894
0 0.47539 0.852693 0.0132486 0.0328666
0 0.99653 0.67707 0.00649834 0.0190487
0 0.141708 0.735792 0.00493202 0.0105469
0 0.974296 0.76316 0.0209595 0.0259628
14 0.99659 0.813975 0.00639744 0.0144948
0 0.391369 0.828096 0.0178045 0.0772417
0 0.774367 0.699334 0.00687685 0.0174813
0 0.895375 0.681701 0.00763054 0.0170458
0 0.922045 0.973667 0.0269844 0.041213
37 0.102896 0.99357 0.0614299 0.00943027
0 0.119534 0.984348 0.0392527 0.0235938
0 0.711946 0.836566 0.025995 0.0216237
0 0.541085 0.849254 0.00748606 0.0291643
14 0.996541 0.810909 0.00650711 0.0207753
8 0.153402 0.738618 0.0395263 0.0123194
0 0.317346 0.712301 0.0115546 0.0190375
0 0.442784 0.780404 0.0090066 0.018594
0 0.773679 0.812954 0.00646229 0.0150679
0 0.391233 0.813279 0.0171211 0.046032
0 0.882706 0.682544 0.00781517 0.0106086
0 0.909927 0.974895 0.0508917 0.044376
0 0.858912 0.834308 0.0388477 0.0388687
0 0.428484 0.919003 0.0197891 0.0287433
0 0.777317 0.813519 0.0126387 0.0157418
0 0.4111 0.768646 0.00430717 0.00877465
8 0.297253 0.729478 0.0197571 0.0117191
0 0.767602 0.812994 0.00848808 0.01518
0 0.816912 0.780319 0.00696945 0.0316593
0 0.791387 0.703077 0.00608997 0.0224501
0 0.880542 0.985278 0.0393393 0.0279192
8 0.306241 0.716069 0.02271 0.00959524
0 0.934988 0.729246 0.00973549 0.0196455
0 0.14128 0.735262 0.00779243 0.00982802
8 0.289719 0.730902 0.035748 0.0146678
14 0.925074 0.680887 0.0135611 0.0120868
0 0.430405 0.919467 0.0147648 0.0243788
8 0.155109 0.738708 0.0370798 0.00897302
0 0.972452 0.67372 0.00586624 0.0189496
0 0.441413 0.779092 0.0111739 0.0180077
37 0.956358 0.866897 0.0284718 0.014041
8 0.297245 0.731515 0.0207538 0.012148
0 0.838934 0.834137 0.0351046 0.0350523
8 0.0721279 0.741784 0.0140145 0.0220968
0 0.850386 0.834892 0.024905 0.0322751
0 0.881831 0.679381 0.00965805 0.0170541
0 0.729934 0.788587 0.0104701 0.0438439
14 0.895354 0.681222 0.00768166 0.0180472
0 0.121604 0.986196 0.0188445 0.0213109
8 0.288427 0.732888 0.0397541 0.0119775
8 0.190148 0.73242 0.00977719 0.00924072
0 0.956525 0.851581 0.0282934 0.040506
0 0.12681 0.985689 0.0259429 0.0203844
0 0.0563388 0.751857 0.00429952 0.00923869
37 0.102975 0.984597 0.0609648 0.0262856
0 0.678992 0.816674 0.0199652 0.0193787
8 0.308686 0.714415 0.0280496 0.0127689
8 0.00854647 0.753777 0.0112724 0.0161804
0 0.960077 0.849482 0.0167831 0.0396074
14 0.956328 0.664355 0.0190239 0.00723301
8 0.294683 0.728108 0.0247046 0.011313
0 0.972622 0.753978 0.00785713 0.0100035
0 0.985724 0.744183 0.0101551 0.0511064
0 0.915242 0.970358 0.0111864 0.0349574
37 0.935013 0.734746 0.0108093 0.009945
0 0.860074 0.839728 0.035585 0.0271729
14 0.883436 0.246237 0.013483 0.00709907
0 0.0540133 0.750911 0.00843138 0.0084805
0 0.436751 0.776667 0.00607471 0.0125209
26 0.153552 0.983356 0.0174782 0.0128228
14 0.955332 0.661362 0.0193497 0.00836877
37 0.957427 0.868644 0.0262398 0.0103071
8 0.981766 0.655295 0.0173744 0.0246524
0 0.882382 0.682993 0.00814667 0.0198054
37 0.955063 0.86424 0.025478 0.0188158
0 0.824642 0.814931 0.0245422 0.0101739
8 0.0642061 0.74272 0.0277152 0.02315
0 0.272743 0.730771 0.0079421 0.0229131
0 0.153508 0.983371 0.0175357 0.0132161
