0 0.514021 0.822028 0.0116402 0.0542067
0 0.451907 0.834185 0.0126791 0.0668401
0 0.842668 0.76704 0.00977936 0.046353
0 0.580229 0.815356 0.0121902 0.0506463
0 0.691649 0.795046 0.00872335 0.0461202
0 0.796601 0.774697 0.00771694 0.0472137
0 0.718416 0.830729 0.0139854 0.0308753
0 0.953724 0.849922 0.0225332 0.0412608
0 0.722631 0.788085 0.00998611 0.0475801
0 0.704458 0.789973 0.0127613 0.0509145
0 0.83085 0.834742 0.0176323 0.0334101
0 0.115672 0.982839 0.0353413 0.0272848
0 0.746273 0.781616 0.00779371 0.0480365
0 0.673571 0.788659 0.00974512 0.0417036
0 0.474731 0.856759 0.0176553 0.0251387
0 0.0115 0.749773 0.0102779 0.0201857
0 0.431792 0.914148 0.0278426 0.0368364
0 0.974624 0.761699 0.0185555 0.0285736
37 0.1977 0.916313 0.0450049 0.0310933
0 0.711169 0.790687 0.00988836 0.0447537
0 0.855958 0.82941 0.013541 0.0331077
0 0.355347 0.989199 0.0139935 0.0216031
0 0.00571261 0.979441 0.0113578 0.0181278
0 0.890778 0.975678 0.0591669 0.0467909
37 0.0221736 0.937968 0.0442708 0.0296992
0 0.314926 0.712048 0.00711451 0.0145231
0 0.84078 0.697374 0.00490799 0.0189638
0 0.910798 0.973304 0.0486488 0.0431064
0 0.381063 0.776018 0.00487099 0.0149589
0 0.853147 0.830574 0.0221262 0.0354306
0 0.0683885 0.749067 0.00998471 0.0152083
0 0.674458 0.79657 0.0122392 0.0542981
0 0.938802 0.727966 0.00795593 0.0194075
0 0.946879 0.676236 0.00630856 0.0180335
37 0.0952082 0.994468 0.0477033 0.00800188
0 0.28798 0.718265 0.00748949 0.0139635
0 0.063185 0.737969 0.00639868 0.0139343
0 0.990133 0.749745 0.00762405 0.0353724
8 0.994229 0.697639 0.011105 0.0127211
0 0.903026 0.972515 0.033136 0.0416592
0 0.411532 0.761893 0.00712395 0.0135969
0 0.382441 0.775323 0.00820589 0.0156664
0 0.675832 0.81531 0.0159529 0.0190426
0 0.996368 0.812042 0.00683861 0.0178216
8 0.286333 0.722685 0.0434265 0.019281
0 0.267814 0.72528 0.00602055 0.0168138
0 0.978037 0.67274 0.00608997 0.0165297
0 0.920339 0.973263 0.0311827 0.042304
0 0.0592963 0.737924 0.0136964 0.013759
56 0.993077 0.744559 0.0134655 0.0459488
33 0.390984 0.813089 0.0182869 0.0486679
0 0.287933 0.71971 0.00605936 0.0151545
37 0.576092 0.874995 0.0366404 0.0146098
37 0.102207 0.993662 0.062231 0.00880568
37 0.852903 0.848147 0.0264606 0.0106069
8 0.500157 0.727695 0.0143644 0.0138694
8 0.29018 0.721314 0.0532221 0.0274975
0 0.883252 0.979502 0.0449551 0.0392363
0 0.540886 0.848585 0.00737133 0.0272909
0 0.991229 0.748944 0.00842285 0.0393311
0 0.715368 0.831173 0.020587 0.0316522
0 0.990967 0.668297 0.0034008 0.0123978
0 0.90427 0.683039 0.00437622 0.0141707
0 0.957833 0.849969 0.0142479 0.0377194
0 0.991501 0.745676 0.0105759 0.0444617
8 0.1441 0.735399 0.030176 0.0107347
0 0.00536182 0.984894 0.0106393 0.0286167
0 0.81186 0.697915 0.00581875 0.0189991
0 0.483765 0.856536 0.0374828 0.0255781
0 0.421351 0.761993 0.0263506 0.0136434
0 0.712786 0.790244 0.00791721 0.0461667
0 0.773077 0.812815 0.0204935 0.0156925
0 0.972404 0.678629 0.00617085 0.0159485
4 0.238537 0.296296 0.0170501 0.00853755
0 0.144994 0.734751 0.031376 0.010466
24 0.1538 0.983154 0.0184854 0.0133765
0 0.390831 0.81316 0.0179795 0.0489994
0 0.576714 0.875756 0.0357327 0.0137065
0 0.979452 0.665901 0.00587235 0.0149478
8 0.298168 0.718356 0.0200212 0.0126487
0 0.269629 0.725834 0.00907078 0.0160024
0 0.67822 0.815566 0.0223438 0.018918
0 0.997502 0.671821 0.00452194 0.0100098
0 0.382735 0.777542 0.0097188 0.0137695
0 0.95307 0.860714 0.0210938 0.021047
0 0.391028 0.831427 0.018825 0.0861338
37 0.93593 0.866985 0.011544 0.0147802
0 0.103205 0.983889 0.0633312 0.0276133
0 0.559458 0.838341 0.00664768 0.00949063
0 0.972617 0.675361 0.00825062 0.0182961
0 0.702187 0.767198 0.0071229 0.0132022
8 0.974738 0.680818 0.0252705 0.0145752
37 0.577504 0.880577 0.033819 0.00972273
0 0.0710116 0.746724 0.0155236 0.0132538
0 0.130851 0.982542 0.0655808 0.0274292
0 0.77809 0.81363 0.0109539 0.0148261
8 0.84466 0.834637 0.046382 0.0389265
0 0.427648 0.762816 0.0148251 0.0103405
8 0.304047 0.716846 0.00995503 0.00851407
37 0.947214 0.865581 0.0336548 0.0177558
0 0.440472 0.915468 0.0108106 0.0326131
0 0.699699 0.791494 0.0225922 0.052211
0 0.994691 0.669244 0.00997505 0.0142012
0 0.8596 0.795028 0.00775299 0.012629
0 0.677088 0.789847 0.0171333 0.0434838
0 0.922911 0.976195 0.0261473 0.0350403
0 0.00958398 0.979527 0.0189499 0.0197425
4 0.804061 0.240913 0.00682106 0.00545892
4 0.240324 0.296488 0.0212318 0.0101909
8 0.00848309 0.757554 0.0169662 0.0178858
0 0.94664 0.675379 0.00833817 0.0196481
