0 0.842004 0.76707 0.00865212 0.0457996
0 0.486595 0.827701 0.0115658 0.054512
0 0.740837 0.783996 0.00895958 0.0502414
0 0.556516 0.818293 0.011805 0.0496843
0 0.796333 0.775951 0.00857868 0.0480815
0 0.452341 0.834246 0.0127481 0.0657288
0 0.83083 0.834966 0.017767 0.0330956
0 0.634605 0.801334 0.0139716 0.0538472
0 0.43434 0.904465 0.0224472 0.0540558
0 0.672811 0.790595 0.00877199 0.0472666
0 0.953605 0.850856 0.0219223 0.0406386
0 0.718552 0.829653 0.0143419 0.0325834
0 0.704745 0.791715 0.00982857 0.0457109
0 0.11452 0.982472 0.0334903 0.0278673
37 0.0221046 0.937914 0.0442091 0.0278493
0 0.0170999 0.752115 0.0099622 0.0176542
0 0.691275 0.79596 0.00745564 0.046833
0 0.855372 0.829493 0.0145691 0.0334212
37 0.198155 0.915462 0.0456362 0.0321196
0 0.890849 0.975532 0.0591093 0.0466639
0 0.354971 0.989125 0.0151572 0.0217495
0 0.698006 0.7928 0.00592327 0.0430259
0 0.291068 0.724352 0.00732112 0.0172991
0 0.902955 0.972277 0.0357899 0.0404348
0 0.316128 0.709683 0.0079946 0.0195368
0 0.0660451 0.735845 0.00666351 0.0202148
0 0.853146 0.83017 0.020882 0.0342168
37 0.0954263 0.994175 0.046308 0.00800646
0 0.696164 0.794511 0.00821533 0.0425129
0 0.105755 0.982818 0.0503888 0.0290273
0 0.428728 0.762774 0.0213953 0.0126611
0 0.910649 0.973278 0.0490961 0.0423945
0 0.974311 0.761884 0.0177162 0.0283264
0 0.475537 0.857873 0.0191078 0.0223199
0 0.935414 0.728366 0.00696964 0.0217779
0 0.633646 0.790078 0.00990257 0.031994
0 0.00564099 0.978855 0.0112406 0.019516
0 0.88345 0.984755 0.0446537 0.0286143
0 0.366475 0.772759 0.0130968 0.011608
0 0.972428 0.742009 0.0103729 0.0314407
0 0.694205 0.797541 0.0103281 0.044368
0 0.363956 0.772518 0.0183203 0.012058
0 0.273541 0.72912 0.00662723 0.0152086
0 0.972805 0.751429 0.00747566 0.0145337
0 0.715355 0.830069 0.0214621 0.0333383
0 0.773623 0.812909 0.0220747 0.0170224
0 0.163648 0.727328 0.00999084 0.00915951
0 0.391147 0.832353 0.0185015 0.0875437
37 0.577155 0.875276 0.0333386 0.013347
0 0.974578 0.770835 0.0184855 0.0116031
0 0.97274 0.672927 0.00491409 0.0187685
0 0.674111 0.795708 0.0111256 0.0574198
0 0.577437 0.875762 0.0332127 0.0132806
0 0.634354 0.810036 0.0144134 0.0367856
0 0.919995 0.973152 0.0317123 0.0424906
37 0.284181 0.728222 0.00750332 0.00713976
0 0.883958 0.978911 0.0453133 0.0392988
0 0.996406 0.815211 0.00677071 0.0115265
0 0.489254 0.728732 0.00734138 0.0104111
0 0.996268 0.810497 0.00705414 0.0212606
0 0.974827 0.751042 0.0171097 0.0507646
33 0.391028 0.832519 0.0182482 0.0872935
37 0.852502 0.849083 0.0259413 0.00916019
0 0.674447 0.808598 0.0116403 0.0329865
37 0.826823 0.812536 0.0219643 0.0123756
0 0.996224 0.670815 0.00486641 0.0163573
0 0.292699 0.723634 0.0111771 0.0172672
0 0.0680389 0.741218 0.010719 0.0305313
0 0.974348 0.768122 0.0188244 0.0173742
0 0.674637 0.816622 0.0116432 0.0169932
0 0.941311 0.674711 0.00942802 0.0162364
0 0.822796 0.69709 0.00631447 0.017679
0 0.0691602 0.738628 0.0135621 0.0276126
0 0.692406 0.79887 0.0102523 0.0523882
0 0.0798626 0.749738 0.00446711 0.00876227
0 0.848503 0.699087 0.00499077 0.0176539
0 0.291493 0.726414 0.00944204 0.015568
0 0.77737 0.81346 0.0207802 0.0171694
37 0.573635 0.81278 0.0215305 0.00997925
37 0.588458 0.913595 0.0400999 0.0108456
0 0.855394 0.795033 0.01653 0.0126695
0 0.141214 0.738059 0.00908401 0.00957828
37 0.585413 0.912704 0.0468699 0.0138028
0 0.935957 0.867149 0.0118896 0.0150899
0 0.781092 0.813698 0.0150501 0.0155777
0 0.959408 0.663566 0.00662766 0.0150397
8 0.0691077 0.747762 0.0128719 0.0175659
0 0.953024 0.859561 0.0191334 0.0248145
37 0.57739 0.88159 0.0330406 0.00830451
0 0.947222 0.853375 0.0342321 0.0429321
0 0.93501 0.727348 0.0104218 0.0231272
0 0.938141 0.721233 0.0139074 0.016
8 0.363051 0.77467 0.0208191 0.00970425
37 0.577389 0.879285 0.0334359 0.0122162
37 0.843722 0.847532 0.0444759 0.0127268
0 0.158348 0.728386 0.0203439 0.011556
8 0.935796 0.720568 0.0201172 0.0147491
0 0.871843 0.845304 0.0135096 0.0156308
37 0.59282 0.913815 0.0307651 0.00969764
37 0.494514 0.862907 0.0161961 0.0102285
0 0.838833 0.835464 0.0340149 0.0340112
0 0.914396 0.969057 0.00970688 0.0344428
37 0.483999 0.86053 0.0370129 0.0169078
0 0.00930524 0.979097 0.0186105 0.0216882
24 0.153441 0.98386 0.0172167 0.0119551
0 0.0679108 0.752313 0.00901406 0.0123708
8 0.937784 0.726041 0.0176094 0.0229011
37 0.424219 0.92412 0.0175657 0.0176581
37 0.679308 0.81794 0.0193822 0.0141229
0 0.961619 0.851622 0.0224102 0.0413181
37 0.944376 0.865952 0.0279816 0.0167208
0 0.825768 0.812778 0.0237957 0.0130463
0 0.945268 0.866394 0.0278179 0.0154039
37 0.576578 0.80948 0.0282118 0.0119414
0 0.855917 0.819857 0.0173622 0.0232564
0 0.136134 0.739802 0.0195104 0.010553
0 0.862596 0.796412 0.042318 0.0165546
8 0.290312 0.728982 0.0291273 0.0141803
0 0.924329 0.981222 0.0226215 0.0246246
0 0.936272 0.72296 0.0105705 0.0148521
0 0.678216 0.81683 0.0185944 0.017117
