0 0.45184 0.834391 0.0124435 0.0662086
0 0.510046 0.822113 0.0123674 0.0546004
0 0.796555 0.774923 0.00799999 0.0468945
0 0.842475 0.76692 0.00904846 0.045911
0 0.57607 0.816487 0.0111389 0.0499946
0 0.718502 0.830918 0.0136484 0.0306193
0 0.953682 0.849837 0.0224918 0.0411945
0 0.667423 0.79637 0.00888329 0.0543521
0 0.115591 0.982812 0.0354885 0.0274519
0 0.830901 0.834909 0.0177071 0.0331404
0 0.698503 0.789803 0.00978622 0.0539513
0 0.692054 0.794631 0.00824261 0.0444063
0 0.746297 0.781232 0.00801878 0.0475081
0 0.710392 0.790154 0.00885029 0.0458964
0 0.475036 0.856903 0.0179922 0.0250151
0 0.432385 0.914149 0.0266086 0.0370312
37 0.197748 0.916405 0.0451053 0.031407
0 0.0124679 0.749964 0.00996977 0.0208383
0 0.718696 0.788907 0.00933228 0.0477804
0 0.355444 0.989109 0.0140368 0.0217812
0 0.856302 0.82966 0.0140078 0.0328406
0 0.00557679 0.97923 0.0110771 0.0177066
0 0.890532 0.975486 0.0586729 0.0469615
0 0.988799 0.743899 0.00822601 0.0458486
0 0.971919 0.761981 0.0126698 0.0281094
0 0.31415 0.713891 0.00755358 0.0161726
0 0.974597 0.761996 0.0184616 0.0286942
0 0.938652 0.728015 0.00900249 0.0193339
0 0.390868 0.812772 0.0180843 0.0477566
0 0.910697 0.973236 0.0487835 0.0429901
37 0.0220899 0.93832 0.0441797 0.0299157
0 0.269291 0.724699 0.00689507 0.0144318
0 0.841698 0.696757 0.00510254 0.0183908
0 0.412197 0.762079 0.00532885 0.01248
37 0.0948294 0.994426 0.0469021 0.00811344
0 0.853558 0.830321 0.0192043 0.035454
0 0.97242 0.677785 0.00672188 0.0235409
0 0.378002 0.776171 0.00480723 0.0156526
0 0.902891 0.972404 0.0335117 0.0414096
0 0.068362 0.748955 0.00853763 0.0149524
0 0.479339 0.85679 0.0269032 0.0249595
0 0.390868 0.831412 0.018398 0.0855075
0 0.379195 0.776934 0.00756378 0.0155399
0 0.675499 0.814054 0.0169014 0.0213835
0 0.883313 0.979568 0.0451187 0.0390757
0 0.919916 0.973275 0.032016 0.0423779
37 0.101507 0.993789 0.0605841 0.00869463
0 0.996273 0.810759 0.00703812 0.0206323
0 0.063411 0.738794 0.00781834 0.0147488
0 0.0776806 0.743678 0.00475628 0.0120409
0 0.501907 0.724382 0.0134458 0.0178004
0 0.990711 0.668566 0.00365028 0.0152411
0 0.540909 0.848684 0.00720749 0.0271372
0 0.956485 0.84977 0.0167698 0.0385712
37 0.576192 0.875196 0.0364088 0.0144382
0 0.813206 0.69864 0.00646133 0.0176569
37 0.852914 0.848012 0.0263874 0.0109294
0 0.413136 0.761432 0.00606918 0.0133006
0 0.15702 0.733025 0.00502379 0.0103288
8 0.297308 0.718717 0.0220269 0.0144399
0 0.715389 0.831316 0.020018 0.0319143
4 0.23618 0.295475 0.02525 0.0105255
0 0.946559 0.677791 0.00730171 0.0166803
0 0.576802 0.875862 0.035666 0.013765
0 0.773025 0.81281 0.020401 0.0156782
0 0.67832 0.813972 0.0245512 0.0218669
24 0.153808 0.983251 0.018329 0.0134104
0 0.903336 0.684438 0.00377293 0.0133374
0 0.138432 0.736559 0.0173592 0.00992839
8 0.968478 0.657165 0.0287228 0.0202055
0 0.379446 0.776856 0.0117728 0.01631
8 0.967924 0.660636 0.0308355 0.0277007
0 0.976185 0.672359 0.00546951 0.0138843
0 0.423208 0.762116 0.0267748 0.012548
37 0.138597 0.737404 0.0169506 0.00952047
0 0.0112909 0.750507 0.0150395 0.0219269
8 0.422937 0.76215 0.0270105 0.0127301
0 0.958965 0.653927 0.00525284 0.0145218
0 0.157026 0.733832 0.0065002 0.0119709
0 0.953422 0.860048 0.0207836 0.0216883
0 0.130787 0.982208 0.0658604 0.0281372
0 0.102052 0.983013 0.0609492 0.0273872
37 0.495382 0.862853 0.0153009 0.0107508
37 0.577467 0.87969 0.033871 0.011321
37 0.995995 0.69897 0.0075695 0.0122894
0 0.48168 0.856271 0.0171288 0.0242425
0 0.294276 0.717518 0.0172153 0.0174769
0 0.559476 0.838696 0.00648146 0.00994856
0 0.996109 0.668977 0.00691853 0.0155486
0 0.578992 0.81704 0.017326 0.0515345
8 0.940824 0.67788 0.0195412 0.0188455
14 0.237659 0.296014 0.0277946 0.0116049
8 0.270824 0.731525 0.0194739 0.00754717
0 0.4404 0.915005 0.0110116 0.0336239
0 0.145657 0.735077 0.0331493 0.0147702
0 0.00938248 0.97945 0.0185436 0.0194512
0 0.74449 0.778465 0.0110374 0.0430996
0 0.141513 0.736134 0.0247779 0.0114449
0 0.778805 0.81392 0.00958328 0.0140418
0 0.859349 0.794786 0.00752296 0.0134671
0 0.672991 0.798364 0.0207231 0.0544613
37 0.936458 0.867042 0.0123444 0.0149797
8 0.064703 0.738924 0.0191328 0.0174347
0 0.312991 0.713478 0.0100329 0.0182519
0 0.923199 0.976464 0.0257004 0.0347076
8 0.296635 0.720105 0.0254291 0.0198724
8 0.288067 0.720314 0.054589 0.0269348
8 0.0677888 0.744837 0.0227564 0.021696
8 0.966487 0.656091 0.0211531 0.0182563
