0 0.454003 0.833298 0.0143791 0.0682648
0 0.48056 0.833165 0.0148306 0.0689221
0 0.789909 0.776615 0.0106936 0.0475674
0 0.959455 0.743176 0.00813007 0.0492076
0 0.162437 0.882462 0.012683 0.0604312
0 0.424325 0.903026 0.0180475 0.063383
0 0.697767 0.79297 0.00947847 0.0480401
0 0.830272 0.834768 0.0171646 0.0336297
0 0.803726 0.776598 0.00879288 0.0423318
0 0.925869 0.751362 0.0107475 0.0482091
0 0.844312 0.766587 0.0110073 0.0482212
0 0.894331 0.975632 0.0640518 0.0455889
0 0.771351 0.776716 0.00921745 0.0517749
0 0.854277 0.765061 0.00807819 0.0434753
0 0.990757 0.736256 0.00918236 0.0506605
0 0.718631 0.830346 0.012944 0.0315155
0 0.763011 0.781374 0.00845833 0.0480874
0 0.855338 0.831639 0.0154947 0.0332269
0 0.953723 0.8487 0.0218563 0.0383589
0 0.682978 0.79393 0.0100473 0.0413573
0 0.9167 0.73894 0.00792809 0.0253111
0 0.936914 0.727692 0.00615826 0.0232059
8 0.31857 0.711684 0.0287781 0.020006
37 0.194876 0.915061 0.0395443 0.0303546
0 0.852503 0.832424 0.0206936 0.035201
0 0.981039 0.654637 0.00674591 0.0274117
0 0.115253 0.983205 0.0314127 0.0262502
0 0.874869 0.769521 0.00750275 0.0317179
0 0.504411 0.808295 0.0104601 0.0384718
0 0.951988 0.857684 0.0187298 0.0267215
0 0.355284 0.989042 0.014027 0.0219164
37 0.0220981 0.938543 0.0441962 0.0298211
0 0.678568 0.79879 0.0181721 0.0503754
0 0.509371 0.77199 0.00555038 0.0123725
0 0.00617102 0.981528 0.0122483 0.0139099
0 0.677081 0.814886 0.01714 0.0206531
8 0.417873 0.798147 0.0819754 0.0306576
0 0.995831 0.813144 0.00792217 0.0177177
0 0.884272 0.979507 0.0446991 0.0381276
0 0.0067767 0.75138 0.0116826 0.0173565
0 0.303985 0.755674 0.00589085 0.0176405
0 0.950164 0.860736 0.0156216 0.0207609
0 0.677309 0.809954 0.0187728 0.030091
0 0.577515 0.874954 0.0334124 0.0155228
37 0.0948456 0.994327 0.0458387 0.00807733
0 0.120527 0.983967 0.0389927 0.0239811
0 0.109786 0.981835 0.0205334 0.0248715
0 0.292781 0.733596 0.00913553 0.00960592
0 0.0562975 0.751561 0.00500332 0.010203
0 0.984737 0.676606 0.00869713 0.015598
0 0.970406 0.669799 0.00419197 0.0133564
0 0.76298 0.789175 0.00965958 0.0635617
0 0.970079 0.667684 0.00434303 0.0130027
8 0.0790212 0.753634 0.0190769 0.0112098
0 0.713543 0.83062 0.0233284 0.0326709
0 0.100853 0.983749 0.056975 0.027682
0 0.786701 0.697711 0.0053854 0.0197809
37 0.816777 0.784094 0.0238766 0.011928
37 0.576961 0.875295 0.0326259 0.0138233
0 0.911129 0.974043 0.0335285 0.0414842
0 0.00324961 0.756323 0.00645022 0.0120755
0 0.92219 0.973323 0.0274342 0.0414795
0 0.917595 0.972522 0.0174747 0.039328
8 0.156872 0.739416 0.019467 0.0122511
0 0.97262 0.750236 0.00663643 0.0129907
8 0.306442 0.754376 0.0135454 0.0149404
0 0.970759 0.738867 0.00713692 0.0337111
0 0.32827 0.70985 0.00677347 0.0163015
0 0.30587 0.754561 0.0111496 0.0158735
8 0.199448 0.736419 0.0247615 0.00898268
0 0.771893 0.804631 0.0101143 0.0299137
8 0.0867145 0.740634 0.0143695 0.0140089
0 0.974538 0.762678 0.0178905 0.0278987
16 0.774621 0.812208 0.0182147 0.0163747
8 0.00675683 0.75239 0.0134523 0.0193702
8 0.0809828 0.745862 0.0264795 0.0249474
0 0.848139 0.833704 0.0301783 0.0352176
0 0.00675977 0.978872 0.0133889 0.0191169
37 0.851391 0.845767 0.0221001 0.0127823
0 0.577331 0.87007 0.0342445 0.0257502
8 0.894322 0.719543 0.0453123 0.0247598
8 0.0751485 0.754445 0.0281509 0.0112915
8 0.0704535 0.74597 0.0474784 0.0258348
37 0.417931 0.799423 0.0811769 0.0301707
37 0.98627 0.691152 0.0268101 0.01681
0 0.973174 0.768958 0.0158447 0.0154036
0 0.841605 0.834834 0.040749 0.0347226
0 0.903549 0.672266 0.00590439 0.0116982
8 0.0722135 0.753012 0.0368646 0.0124451
8 0.0821681 0.743472 0.0236466 0.0189953
0 0.863052 0.833284 0.0345318 0.0384742
0 0.507608 0.772248 0.0108787 0.0136061
16 0.776958 0.813237 0.0129719 0.0146393
0 0.852332 0.840163 0.0549721 0.0288422
0 0.787739 0.698434 0.00654411 0.0206475
0 0.00911633 0.981268 0.0180695 0.0156552
16 0.771351 0.812444 0.0127264 0.0156777
0 0.851433 0.842355 0.0210274 0.0163418
8 0.292725 0.735932 0.0107558 0.00851949
14 0.878436 0.6844 0.00649681 0.00910509
8 0.362072 0.730872 0.0161769 0.00953776
25 0.390611 0.832618 0.0183614 0.08528
0 0.872287 0.845478 0.0144211 0.0153276
0 0.769544 0.775384 0.0124898 0.0533773
8 0.359252 0.729114 0.0102956 0.0123294
0 0.953289 0.857116 0.0272474 0.0326948
37 0.0974158 0.985616 0.0517497 0.0237991
0 0.131667 0.983639 0.0630927 0.0226735
24 0.153618 0.983385 0.0179387 0.0131297
0 0.981202 0.661716 0.00883904 0.0408198
8 0.178522 0.738529 0.0633678 0.0154244
