0 0.531776 0.820272 0.0136478 0.0508853
0 0.452358 0.834603 0.0126799 0.0663018
0 0.59939 0.810963 0.0108847 0.046101
0 0.830773 0.834686 0.0174156 0.0335012
0 0.953772 0.849753 0.0218557 0.0425822
0 0.746628 0.782551 0.007691 0.0455616
0 0.842628 0.766459 0.00852966 0.0448259
0 0.475947 0.854211 0.0161219 0.03001
0 0.797106 0.775647 0.00733576 0.0472868
0 0.699064 0.79039 0.0099165 0.0510254
0 0.692059 0.796904 0.00873451 0.0451701
0 0.720574 0.788849 0.00838776 0.0437166
0 0.939661 0.7288 0.00723095 0.0212128
0 0.728751 0.784111 0.00952797 0.052734
0 0.717916 0.830752 0.012529 0.0305647
37 0.198108 0.915871 0.0453221 0.0312744
0 0.00774002 0.74716 0.00887222 0.0161107
0 0.856918 0.829148 0.0133656 0.0334128
0 0.971614 0.762568 0.0122047 0.0259684
0 0.433762 0.914234 0.024396 0.0373981
0 0.974096 0.762818 0.0173733 0.0264813
0 0.269362 0.734392 0.00749292 0.0184645
0 0.354469 0.989186 0.0149655 0.0216214
0 0.312647 0.708735 0.00742354 0.0148348
0 0.114816 0.982523 0.032074 0.026749
37 0.0221612 0.938355 0.0443223 0.0301629
0 0.40204 0.764129 0.00523682 0.0158003
0 0.883525 0.982421 0.044141 0.0339118
0 0.286698 0.72514 0.00704851 0.0160716
0 0.285882 0.726341 0.0075593 0.015132
0 0.733172 0.787457 0.00619946 0.043591
0 0.712096 0.831329 0.0251936 0.0316335
0 0.739175 0.781762 0.00396767 0.0311398
0 0.921535 0.972626 0.0277409 0.0416612
0 0.694057 0.793567 0.0126744 0.0505554
0 0.905223 0.972526 0.0375534 0.0416412
0 0.391643 0.774332 0.00749068 0.0136471
37 0.0538833 0.739171 0.00794144 0.00980123
0 0.676479 0.815283 0.0166599 0.0188341
0 0.0615871 0.733816 0.00523149 0.014099
0 0.996176 0.811488 0.0072361 0.0206404
16 0.676314 0.815445 0.0165073 0.0187927
0 0.109669 0.981246 0.0216603 0.0245846
0 0.00596136 0.978988 0.0118419 0.0183997
0 0.11221 0.983399 0.0436365 0.0287152
0 0.439873 0.916446 0.0121214 0.0301968
0 0.00683014 0.749003 0.0112082 0.0148042
0 0.577039 0.87583 0.0340707 0.0138733
0 0.853244 0.830706 0.0213089 0.0371151
0 0.391024 0.832419 0.0187612 0.0871752
0 0.911706 0.973187 0.0452667 0.0436059
0 0.895787 0.976175 0.0679184 0.0457296
0 0.91504 0.973145 0.0130211 0.0385595
0 0.978611 0.6732 0.00570278 0.0208057
0 0.0668762 0.746663 0.00954394 0.0129293
8 0.0634588 0.743893 0.0262616 0.0198778
0 0.0622264 0.742113 0.0211433 0.0226993
37 0.102052 0.994285 0.0608917 0.00873413
0 0.978695 0.677938 0.00536232 0.0248066
0 0.104265 0.983419 0.0661869 0.0293152
0 0.506238 0.732012 0.00791225 0.0110672
0 0.267895 0.734681 0.0104938 0.019184
0 0.154612 0.732602 0.0134035 0.0108688
8 0.0108129 0.7547 0.0214155 0.0158634
0 0.507256 0.731009 0.00635853 0.00934211
8 0.0106883 0.757633 0.0206581 0.0113132
0 0.740614 0.781914 0.00590267 0.0391947
0 0.28615 0.723177 0.00806112 0.0214184
0 0.141125 0.739243 0.00492918 0.00593533
0 0.00935315 0.978702 0.0185534 0.0205332
0 0.738758 0.782885 0.0050705 0.0442547
0 0.134753 0.738774 0.0172951 0.00841539
0 0.872579 0.84557 0.0151409 0.0152252
0 0.06287 0.739019 0.0071488 0.0252211
0 0.771736 0.812597 0.0104231 0.0147446
0 0.434698 0.763243 0.00526333 0.00989041
37 0.0630452 0.744083 0.0262445 0.0200395
0 0.958561 0.849922 0.0126225 0.0367374
8 0.283639 0.731424 0.0123196 0.00796644
0 0.860312 0.795156 0.00738049 0.0126975
0 0.76953 0.812718 0.0127698 0.0145321
8 0.303264 0.715748 0.0278098 0.0108793
0 0.702153 0.790064 0.0096489 0.0453352
37 0.0949283 0.994159 0.0461969 0.00766551
8 0.303324 0.712177 0.0271556 0.0123528
24 0.15358 0.983404 0.0174216 0.0130541
0 0.394029 0.774099 0.0138827 0.0137648
37 0.852921 0.847051 0.0261126 0.0125326
0 0.97952 0.66972 0.00682335 0.0165883
0 0.744334 0.782042 0.0122358 0.0463938
0 0.429048 0.913871 0.0344303 0.0394894
0 0.807466 0.697377 0.00466042 0.0166508
0 0.978648 0.677381 0.00775127 0.0295676
0 0.435757 0.908405 0.0251678 0.0483163
0 0.966603 0.649806 0.00586033 0.0143565
0 0.510989 0.732571 0.0185506 0.013623
8 0.296312 0.720474 0.0439985 0.0262299
0 0.860477 0.845894 0.0396809 0.0164056
0 0.856551 0.795639 0.018041 0.0124244
8 0.283996 0.726177 0.0139894 0.0191274
0 0.390978 0.813715 0.0179489 0.0483002
0 0.131998 0.737384 0.00594981 0.00945435
8 0.285074 0.723033 0.0195894 0.0236225
14 0.254699 0.39786 0.00919175 0.0105367
0 0.891407 0.673153 0.00594845 0.0103885
0 0.125345 0.985364 0.029845 0.0225742
0 0.726719 0.784525 0.0160385 0.0536879
33 0.391163 0.815234 0.0177228 0.0515823
0 0.894721 0.977004 0.0235781 0.0315721
0 0.740418 0.784142 0.0130054 0.0479838
0 0.12174 0.986212 0.0194922 0.0226173
14 0.95583 0.663479 0.00499039 0.00853933
37 0.575765 0.881737 0.0318624 0.00640462
8 0.132985 0.738945 0.0209361 0.00939941
0 0.864635 0.832984 0.0315872 0.0404232
0 0.818537 0.814268 0.0112221 0.0124734
0 0.775529 0.812819 0.0154654 0.0163771
0 0.952027 0.862917 0.0194017 0.0183214
8 0.303525 0.709816 0.027291 0.0177568
0 0.157144 0.732545 0.0189644 0.0119449
37 0.94476 0.865561 0.0287777 0.0171427
0 0.778847 0.815133 0.00943956 0.0119324
0 0.389894 0.774386 0.0138999 0.0145621
0 0.820044 0.813367 0.0136728 0.0133491
0 0.942332 0.729094 0.0129688 0.0224413
0 0.996253 0.803466 0.00705891 0.0370097
0 0.94862 0.675072 0.00638046 0.0110621
