0 0.59786 0.811091 0.0102768 0.0454444
0 0.451654 0.834496 0.0126421 0.0665015
0 0.83078 0.834684 0.0174114 0.0335068
0 0.953717 0.849792 0.0218048 0.0426934
0 0.746665 0.782655 0.00771217 0.0450846
0 0.842495 0.766294 0.00872593 0.0451145
0 0.529866 0.819738 0.0124044 0.0504544
0 0.796913 0.775729 0.00694084 0.0460626
0 0.475822 0.854271 0.0162083 0.0296824
0 0.717843 0.830672 0.012244 0.0303814
0 0.93982 0.728841 0.00677757 0.0211136
0 0.720645 0.789462 0.00869408 0.0436495
37 0.198248 0.916005 0.0454264 0.0311179
0 0.00856682 0.746812 0.00771391 0.0165293
0 0.727053 0.785609 0.00879345 0.0515574
0 0.856886 0.82904 0.0134089 0.0335212
0 0.695695 0.789888 0.0088521 0.0552968
0 0.972127 0.762613 0.014468 0.0264467
0 0.313044 0.708682 0.00734358 0.0156423
37 0.0222582 0.9385 0.0444993 0.0290663
0 0.433794 0.914226 0.024388 0.0373918
0 0.40338 0.764033 0.00630951 0.0155334
0 0.354457 0.989191 0.0149858 0.0216173
0 0.700999 0.79123 0.00767097 0.047207
0 0.729566 0.788055 0.0105534 0.0453232
0 0.114805 0.982518 0.0320242 0.0267866
0 0.269118 0.733922 0.00693283 0.0174776
0 0.732174 0.788389 0.00805264 0.0433773
0 0.883498 0.982868 0.0440853 0.0330987
0 0.690334 0.792128 0.00544643 0.0376444
0 0.286113 0.725292 0.00736132 0.0154889
8 0.0643764 0.743989 0.0264969 0.0202593
0 0.92153 0.972641 0.0277706 0.0417084
0 0.391213 0.82047 0.0192638 0.0641744
0 0.739099 0.7811 0.0043725 0.0338035
0 0.676298 0.815369 0.0163116 0.0189165
0 0.00565178 0.979079 0.0112445 0.0176783
14 0.996289 0.811757 0.00700321 0.0202121
0 0.391158 0.774182 0.00726533 0.0144484
0 0.690854 0.795545 0.00649567 0.0468341
0 0.979048 0.670687 0.00728092 0.018789
0 0.905106 0.972558 0.0374481 0.041685
0 0.437797 0.914056 0.0165383 0.0360101
8 0.96851 0.694657 0.0211212 0.0128503
0 0.109724 0.981244 0.021751 0.0246574
0 0.0614099 0.733947 0.0052536 0.0140262
0 0.43979 0.91682 0.0122716 0.0292036
0 0.9149 0.972842 0.0129391 0.0391515
0 0.853523 0.829943 0.0199203 0.0368759
0 0.912208 0.973148 0.0444168 0.0435725
0 0.0619332 0.742875 0.02149 0.0205478
8 0.0123454 0.752492 0.0245504 0.0152398
0 0.154797 0.731853 0.00623884 0.0117828
0 0.577035 0.875846 0.0340926 0.0138991
0 0.97827 0.674321 0.00887489 0.0263332
0 0.135809 0.737598 0.0144517 0.0101213
0 0.895821 0.976155 0.068115 0.0458096
0 0.715333 0.830685 0.0181351 0.0316362
0 0.131579 0.737134 0.005725 0.009424
0 0.807779 0.697285 0.00593109 0.0177836
0 0.104046 0.98339 0.0655697 0.0293026
37 0.102281 0.994262 0.0613953 0.00875821
8 0.972149 0.693961 0.0289003 0.0146658
0 0.155752 0.732661 0.00824771 0.0127231
0 0.738747 0.782862 0.00522671 0.0423469
0 0.0631082 0.739526 0.00897148 0.0257131
0 0.712058 0.831226 0.0260471 0.031543
0 0.285136 0.724642 0.00922203 0.0175836
8 0.303088 0.713064 0.0275553 0.00992872
8 0.165646 0.565148 0.078712 0.0173572
0 0.00926041 0.979112 0.0184162 0.0190547
0 0.872539 0.845637 0.0149162 0.01577
0 0.891414 0.673575 0.00603657 0.00970434
0 0.886049 0.977346 0.048889 0.044161
0 0.740541 0.781709 0.00644894 0.0398081
8 0.0126096 0.755835 0.0248756 0.017504
0 0.860343 0.794973 0.00743828 0.0130263
0 0.266932 0.736964 0.0114789 0.0145206
8 0.395797 0.773759 0.0188873 0.0152449
0 0.508758 0.731265 0.0109164 0.0142754
0 0.725698 0.78509 0.0122267 0.0543635
8 0.973471 0.691513 0.0293934 0.0125519
37 0.00592399 0.751085 0.0116863 0.00954217
0 0.772783 0.81261 0.0082799 0.0146556
8 0.283526 0.730783 0.0119375 0.009021
0 0.959521 0.850237 0.0106049 0.0367818
0 0.979104 0.667283 0.00750942 0.017831
0 0.433032 0.764087 0.00680046 0.0105442
0 0.505288 0.731112 0.00858917 0.0147293
0 0.429918 0.765027 0.0132057 0.0125832
0 0.769553 0.81271 0.0128104 0.0145759
0 0.853052 0.834506 0.022678 0.0316762
37 0.0952262 0.994181 0.0468128 0.00766432
0 0.283557 0.726241 0.0130331 0.0174533
0 0.400657 0.765632 0.0145614 0.0195933
0 0.996068 0.812477 0.00740452 0.0214077
0 0.434922 0.908141 0.0262831 0.0491967
24 0.153594 0.983328 0.0173045 0.0127601
0 0.729503 0.784195 0.0144708 0.0532501
0 0.86924 0.845745 0.0220291 0.0159031
8 0.993481 0.669197 0.0125992 0.0143092
14 0.254753 0.397893 0.00937638 0.0106109
0 0.806193 0.697422 0.00922737 0.0183431
0 0.429146 0.913985 0.034335 0.0393616
0 0.836631 0.696239 0.00591125 0.0141686
0 0.133849 0.738958 0.0200458 0.0107022
8 0.956236 0.672833 0.0357899 0.0138902
0 0.857068 0.795534 0.017314 0.0127348
37 0.852979 0.846944 0.0262094 0.012774
8 0.949779 0.675227 0.0123096 0.0126034
0 0.684744 0.794503 0.0432119 0.0517955
0 0.965987 0.649167 0.00617027 0.0142563
8 0.303303 0.709615 0.0285903 0.0166097
0 0.540746 0.847979 0.00816774 0.0277296
0 0.697295 0.79307 0.0150405 0.0526171
0 0.00643462 0.746496 0.0126957 0.0180418
0 0.397337 0.768571 0.0215013 0.0248657
0 0.125522 0.98542 0.0293912 0.0224886
0 0.975142 0.6697 0.00845013 0.0190527
0 0.509418 0.731175 0.0143923 0.0163878
14 0.972817 0.659696 0.0163475 0.0112649
0 0.121738 0.986413 0.0193223 0.022191
0 0.950384 0.674332 0.00962524 0.0127407
8 0.94691 0.675688 0.0189816 0.0137814
0 0.39201 0.775916 0.0107772 0.0173509
0 0.818533 0.814173 0.011182 0.0126817
8 0.0670649 0.749541 0.0229522 0.011028
0 0.864605 0.832942 0.0317947 0.0405514
0 0.738538 0.784635 0.0128318 0.0477071
0 0.775997 0.812831 0.0146721 0.0164063
0 0.540631 0.846124 0.00610123 0.0256229
0 0.779116 0.81542 0.00894985 0.0113678
0 0.43947 0.908485 0.0186218 0.0469343
0 0.893347 0.984771 0.0262825 0.0270894
0 0.895624 0.974903 0.0214977 0.0273905
