0 0.54549 0.816339 0.0118674 0.0511751
0 0.796818 0.775046 0.00827007 0.046258
0 0.830504 0.834615 0.0174906 0.0333811
0 0.622266 0.80942 0.00960999 0.0515998
0 0.953765 0.850024 0.0228367 0.0428813
0 0.757528 0.781079 0.0128387 0.0502579
0 0.452873 0.833911 0.0109718 0.0678326
0 0.842772 0.765933 0.00756454 0.0446299
0 0.692521 0.795852 0.00997524 0.0468628
0 0.703175 0.791754 0.00986643 0.0466248
0 0.745598 0.78224 0.00741968 0.0467528
0 0.71816 0.83104 0.0149144 0.0304067
0 0.474915 0.855247 0.0165459 0.0281148
0 0.8904 0.97583 0.0578678 0.0452118
0 0.727469 0.788346 0.00888004 0.045576
0 0.73562 0.78791 0.00894623 0.042648
0 0.939497 0.729058 0.00801849 0.0204437
0 0.432579 0.914716 0.0264503 0.0374563
0 0.391205 0.819077 0.0171618 0.0607847
0 0.00485022 0.751359 0.00913024 0.0195719
0 0.855231 0.832004 0.0168152 0.031292
37 0.19901 0.916137 0.0479855 0.0315257
0 0.114469 0.981397 0.0317373 0.0283027
0 0.67701 0.81513 0.0170713 0.0180739
0 0.0645167 0.751779 0.00628756 0.0116387
0 0.355294 0.989244 0.0132861 0.0215128
37 0.022337 0.939215 0.0446741 0.0304153
0 0.0579908 0.737193 0.00546566 0.0169227
0 0.273947 0.729548 0.00836773 0.0202289
0 0.973329 0.763015 0.0171326 0.0261976
0 0.29309 0.723908 0.00654078 0.0169915
0 0.316496 0.718141 0.00517082 0.0178741
0 0.852278 0.832504 0.0224205 0.0331692
0 0.0718385 0.75032 0.0055576 0.0123957
0 0.396168 0.776945 0.0063108 0.0144619
0 0.902569 0.973103 0.0348242 0.0398088
37 0.85261 0.848753 0.026717 0.00959981
0 0.714096 0.831473 0.023247 0.0311757
0 0.98795 0.678372 0.00577965 0.0212655
0 0.883421 0.985152 0.0435123 0.0273305
0 0.577218 0.874403 0.032823 0.0165354
8 0.160007 0.565311 0.0669382 0.0161362
0 0.108573 0.980091 0.0199577 0.0251277
0 0.996459 0.810756 0.00665722 0.0197988
0 0.989087 0.678575 0.00670109 0.0217933
8 0.518117 0.737158 0.0151249 0.00866479
0 0.10744 0.982553 0.0475726 0.0298289
0 0.517458 0.73363 0.00516071 0.0104696
37 0.976336 0.771639 0.0153318 0.00988024
8 0.0672834 0.754721 0.016343 0.010748
0 0.134924 0.74176 0.0112033 0.00986972
0 0.00551335 0.981372 0.0109373 0.0138462
0 0.136972 0.742044 0.0142823 0.00913476
0 0.884437 0.979535 0.0458366 0.0375139
0 0.0642557 0.752123 0.012696 0.0130873
37 0.101388 0.99406 0.0594025 0.00944383
0 0.517242 0.732681 0.00766096 0.0114805
0 0.959526 0.850193 0.0113522 0.0389116
0 0.971638 0.753161 0.007654 0.00774943
0 0.862241 0.834747 0.0338028 0.0368595
0 0.164973 0.73834 0.0191904 0.0112742
37 0.85181 0.845441 0.0257111 0.0142578
0 0.738099 0.784438 0.0124542 0.0466688
37 0.532055 0.826792 0.0183929 0.00871175
8 0.409015 0.766664 0.038045 0.0350098
8 0.004813 0.758212 0.00944619 0.00967441
0 0.478019 0.855416 0.0244356 0.0277883
0 0.860131 0.795203 0.00577621 0.0127401
37 0.134428 0.748281 0.0231387 0.00868259
8 0.982423 0.665256 0.0344971 0.0441618
0 0.77418 0.81299 0.0101824 0.0149019
8 0.405808 0.777885 0.027651 0.0136522
8 0.419482 0.760921 0.0162675 0.0132321
37 0.936022 0.866458 0.0114281 0.0146498
0 0.691415 0.7963 0.0177128 0.0495046
8 0.136712 0.74809 0.0271951 0.0108443
8 0.0667076 0.757323 0.0186329 0.0117354
8 0.302497 0.720251 0.017585 0.0106133
0 0.775706 0.813289 0.014954 0.0153609
37 0.492039 0.864833 0.0205234 0.00813056
8 0.302931 0.720362 0.0222972 0.0135057
0 0.744196 0.782522 0.0101746 0.0496362
0 0.884577 0.989406 0.0400675 0.018582
37 0.944153 0.865821 0.027569 0.015909
0 0.990352 0.678956 0.0100788 0.0229682
0 0.851109 0.837907 0.0272583 0.0302521
8 0.298962 0.723064 0.0257729 0.01543
0 0.771796 0.813266 0.0154581 0.0150519
0 0.517978 0.733236 0.013018 0.0129615
8 0.516504 0.738491 0.0197983 0.00974036
0 0.707507 0.786247 0.00492601 0.0158413
0 0.977338 0.77154 0.0159578 0.0100644
0 0.913767 0.973744 0.0432648 0.0418352
0 0.483988 0.855111 0.0347233 0.0289866
37 0.531833 0.824371 0.0188289 0.00781657
37 0.587809 0.913354 0.0515278 0.011864
0 0.00535512 0.756508 0.0102759 0.0143124
24 0.153325 0.983622 0.0174938 0.0121714
0 0.394749 0.75583 0.00580187 0.011024
8 0.294085 0.726576 0.0523306 0.0278822
0 0.105486 0.982435 0.0676877 0.0308416
0 0.871664 0.845375 0.0138712 0.0159381
0 0.89774 0.682022 0.00350494 0.0153898
0 0.00950214 0.981151 0.0188327 0.0157015
0 0.901643 0.974864 0.0687275 0.043417
0 0.963686 0.851019 0.0479786 0.0449217
37 0.960973 0.8665 0.0539429 0.0151471
37 0.136943 0.749333 0.0273966 0.0107185
37 0.577697 0.882175 0.0326718 0.00839674
37 0.967407 0.863317 0.0407364 0.0123959
0 0.395838 0.756499 0.00838957 0.0117998
0 0.712634 0.838124 0.0250071 0.0191142
0 0.924144 0.681719 0.00821133 0.0102499
0 0.979517 0.762797 0.0324026 0.0269624
0 0.842723 0.834261 0.0419601 0.036264
0 0.13388 0.742354 0.0204281 0.011665
0 0.00621317 0.979121 0.0123093 0.0184218
8 0.945545 0.67543 0.0125423 0.0126877
8 0.947514 0.676181 0.017178 0.0150238
0 0.540814 0.841988 0.00607071 0.0154717
0 0.953149 0.863245 0.0229149 0.0181232
0 0.842389 0.766005 0.0112858 0.0449161
0 0.973182 0.6499 0.00922089 0.015694
37 0.759892 0.824264 0.0108904 0.00612793
0 0.919966 0.973858 0.0322315 0.0407664
8 0.409605 0.758978 0.0376423 0.0211687
37 0.974201 0.862588 0.0278358 0.0112128
0 0.108939 0.975514 0.0211066 0.0356547
