0 0.35308 0.848266 0.0161225 0.0629301
0 0.796721 0.77469 0.00832796 0.0478923
0 0.520423 0.81969 0.0113341 0.0594106
0 0.842892 0.765579 0.00859375 0.0451219
0 0.4539 0.835459 0.0119534 0.063856
0 0.555029 0.81817 0.0103633 0.0493113
0 0.831208 0.8349 0.0168579 0.0326843
0 0.202795 0.90584 0.0194142 0.0793786
0 0.73395 0.786125 0.00916939 0.0461985
0 0.701465 0.792478 0.0102181 0.0456584
0 0.743368 0.783391 0.00747604 0.0491876
37 0.199242 0.916084 0.0475251 0.0319485
0 0.688964 0.795603 0.0103146 0.0449799
0 0.114458 0.982786 0.0319625 0.0254152
0 0.625923 0.815141 0.00652094 0.0384708
0 0.476795 0.824589 0.00973454 0.0490092
0 0.612253 0.807243 0.00793934 0.0453539
0 0.718474 0.83012 0.0134943 0.0318169
0 0.956205 0.84938 0.0167368 0.0378113
0 0.902761 0.97272 0.0333168 0.0393972
0 0.916392 0.74954 0.00751209 0.0343821
37 0.022054 0.938281 0.0441081 0.0286143
0 0.390987 0.825596 0.0177574 0.0721848
0 0.889887 0.975959 0.0582844 0.045784
0 0.927697 0.737648 0.0092001 0.0446472
0 0.355161 0.989356 0.0138472 0.0212877
0 0.926369 0.749557 0.00750275 0.0252435
0 0.928366 0.728122 0.00776558 0.0256453
0 0.677059 0.816062 0.0177366 0.0175208
0 0.953541 0.734942 0.00674267 0.0208047
0 0.475224 0.857677 0.0170483 0.0231133
0 0.715566 0.83026 0.0191254 0.0330193
0 0.478124 0.857799 0.0113087 0.0222561
0 0.853752 0.835059 0.0206013 0.0264937
0 0.992207 0.733619 0.008078 0.030191
0 0.996189 0.813428 0.00721741 0.0168015
0 0.883651 0.981481 0.0456478 0.0357795
0 0.08368 0.738397 0.00761049 0.021757
0 0.948595 0.850722 0.0321301 0.0403268
0 0.896649 0.684485 0.00667343 0.018785
0 0.878085 0.697889 0.0063179 0.0189015
37 0.0964087 0.994307 0.0498431 0.00822957
0 0.234438 0.722527 0.00549278 0.0135634
0 0.584711 0.765102 0.00965261 0.0172124
0 0.00569359 0.978934 0.0113861 0.0195747
0 0.0833049 0.74395 0.00844382 0.0331146
0 0.00409858 0.74715 0.00791114 0.01357
0 0.586411 0.764485 0.00666122 0.0172041
0 0.972016 0.762226 0.0143444 0.026957
37 0.080576 0.762435 0.0400732 0.0115228
0 0.200438 0.992087 0.0122995 0.0158262
0 0.391158 0.816005 0.0170212 0.0522491
37 0.192586 0.913659 0.0338777 0.0270688
37 0.286424 0.737568 0.016975 0.00785963
0 0.46732 0.759531 0.0101645 0.0161543
0 0.770152 0.813188 0.0157303 0.0152205
0 0.973842 0.764405 0.0186125 0.0244358
0 0.0681029 0.743945 0.00995178 0.0278931
0 0.330716 0.770231 0.00689569 0.0143375
0 0.0686811 0.740761 0.00902145 0.0213996
37 0.941791 0.760385 0.0385222 0.0102743
0 0.973436 0.752966 0.00896378 0.00954726
37 0.100284 0.993402 0.058507 0.00905863
24 0.153486 0.983365 0.0178379 0.0128282
0 0.331708 0.770826 0.00639658 0.0152044
0 0.941162 0.675613 0.0063652 0.018279
37 0.588033 0.912574 0.0538584 0.0135256
0 0.577536 0.875603 0.033458 0.0132945
0 0.973156 0.768936 0.0176691 0.0154609
0 0.202558 0.886235 0.0151634 0.0404392
0 0.937238 0.85989 0.0176008 0.0265988
0 0.945642 0.85886 0.0338196 0.0292631
0 0.942156 0.855886 0.0268291 0.0340903
0 0.284909 0.728295 0.00798092 0.0197489
0 0.774578 0.814015 0.0187067 0.0151015
0 0.913959 0.972299 0.0103525 0.037797
37 0.577142 0.875228 0.0335115 0.0132765
0 0.236021 0.722479 0.00591269 0.0134389
37 0.483981 0.860652 0.0376833 0.0171912
0 0.614519 0.807658 0.0117681 0.0469733
0 0.843523 0.835576 0.0413578 0.033353
37 0.494296 0.862748 0.0177343 0.0110077
37 0.937467 0.857729 0.0170307 0.0235331
0 0.989798 0.733039 0.0119877 0.0286726
0 0.861829 0.836175 0.0364723 0.0326284
0 0.712058 0.831981 0.0265684 0.0327094
37 0.591203 0.914095 0.0458083 0.0103628
0 0.912244 0.974105 0.0444416 0.0426659
0 0.923576 0.677 0.00816841 0.0263118
0 0.922557 0.679044 0.00635548 0.0225727
0 0.920678 0.973506 0.0303226 0.0408132
0 0.713163 0.836998 0.0242311 0.021374
37 0.521295 0.723658 0.0144761 0.00971341
0 0.101099 0.984757 0.0616849 0.0272675
37 0.988122 0.751517 0.0232477 0.00720045
0 0.955434 0.735288 0.0106869 0.0216017
0 0.9738 0.673938 0.00789223 0.0154956
37 0.990734 0.751436 0.0168186 0.0058648
0 0.474633 0.835227 0.0174143 0.069223
37 0.975094 0.771819 0.0178658 0.0103372
0 0.994795 0.813621 0.0100378 0.017436
0 0.872627 0.845583 0.014654 0.0150621
37 0.577991 0.882513 0.0336103 0.00705499
8 0.632508 0.760505 0.0766151 0.0261729
37 0.212442 0.921327 0.0154611 0.0232142
37 0.231708 0.729214 0.028229 0.0105988
37 0.591451 0.909417 0.0612528 0.0204912
37 0.577786 0.773483 0.0270903 0.011254
37 0.852755 0.848821 0.0263914 0.00986193
0 0.153506 0.983334 0.0178561 0.0131097
0 0.85493 0.836276 0.0499815 0.0363174
37 0.856732 0.847829 0.037569 0.0124815
0 0.523614 0.721696 0.0105991 0.0116594
0 0.87587 0.985072 0.0304876 0.028439
0 0.0452855 0.742025 0.00530976 0.00959981
0 0.970411 0.77269 0.0285637 0.0133043
0 0.521745 0.721976 0.0141046 0.0123967
0 0.895801 0.973653 0.0199604 0.0274417
37 0.936096 0.867161 0.0152811 0.0137326
37 0.859541 0.845774 0.0415657 0.0166589
37 0.578042 0.886225 0.0347864 0.0111476
8 0.0756467 0.763889 0.0484513 0.01197
0 0.00596011 0.971257 0.0117927 0.0359907
37 0.826469 0.815172 0.0241795 0.00884925
0 0.68735 0.786271 0.00805893 0.0296339
0 0.924323 0.979267 0.0226872 0.0284697
0 0.954666 0.738583 0.00918083 0.0286831
37 0.540879 0.845175 0.00535545 0.0317062
0 0.953503 0.661003 0.00487824 0.012389
0 0.478635 0.835256 0.0151398 0.0704049
8 0.23081 0.7304 0.025521 0.0107703
0 0.994667 0.670521 0.00886154 0.0219179
