0 0.453038 0.833685 0.0118368 0.0678792
0 0.46553 0.839003 0.0146358 0.0621392
0 0.830628 0.834294 0.0171692 0.0338321
0 0.70695 0.791185 0.00967999 0.0476842
0 0.806391 0.774397 0.00998917 0.0436656
0 0.695288 0.793754 0.00976954 0.0467019
0 0.878833 0.759463 0.0106205 0.0492101
0 0.795115 0.77564 0.010467 0.0496309
0 0.718588 0.830089 0.0145927 0.0317951
0 0.745155 0.784601 0.0103594 0.0497121
0 0.84427 0.765901 0.0109102 0.0494697
0 0.960338 0.741325 0.00772362 0.038658
0 0.535004 0.815982 0.00883312 0.0390144
0 0.755152 0.782362 0.0077446 0.0491009
0 0.276096 0.728654 0.00732565 0.0170553
0 0.0712546 0.742782 0.00729798 0.0270774
0 0.856337 0.830431 0.0166079 0.0332465
0 0.968391 0.739589 0.00719166 0.0366686
0 0.00814442 0.747247 0.0095344 0.0183545
0 0.339181 0.756451 0.00617113 0.0195502
0 0.953523 0.849418 0.0219467 0.0414671
0 0.892445 0.976247 0.0619825 0.0454514
0 0.822524 0.779715 0.00657883 0.0295831
0 0.435347 0.913948 0.0206293 0.0375131
0 0.9572 0.848225 0.0150831 0.0385047
0 0.904085 0.97307 0.0386673 0.0393314
37 0.198179 0.915835 0.0455979 0.0314726
0 0.35447 0.989291 0.0155097 0.0213647
0 0.931782 0.727913 0.00637665 0.022895
0 0.115939 0.983494 0.0317443 0.0243995
0 0.455437 0.782612 0.00817595 0.0227719
0 0.00572105 0.975437 0.0113865 0.0264496
0 0.319756 0.709839 0.00560756 0.0171526
0 0.974153 0.762633 0.0175509 0.0273449
0 0.529156 0.740393 0.0072897 0.00890554
0 0.853993 0.83166 0.0220694 0.0364122
37 0.0221382 0.938607 0.0442763 0.0289327
0 0.052061 0.751833 0.00383714 0.00642225
0 0.771955 0.69879 0.00598106 0.0178337
16 0.675364 0.815213 0.0155054 0.0208057
0 0.110158 0.984174 0.0468714 0.02616
0 0.44112 0.769689 0.00751104 0.0144775
0 0.148078 0.738886 0.0205812 0.009493
0 0.883791 0.982285 0.0454798 0.033836
0 0.714764 0.830717 0.0226549 0.0321253
0 0.973359 0.67366 0.0053299 0.0181196
37 0.0975478 0.994372 0.0497924 0.00832926
0 0.675377 0.814924 0.0157763 0.0215329
37 0.534007 0.740625 0.0175591 0.00993873
0 0.789044 0.698874 0.00448914 0.016705
0 0.896967 0.679175 0.00757656 0.0215176
0 0.995935 0.813861 0.00772495 0.0143875
0 0.536239 0.819825 0.0117256 0.0469471
0 0.457483 0.782602 0.0124931 0.0243096
0 0.303804 0.729373 0.00589991 0.00979987
0 0.00959632 0.975856 0.0191926 0.0281998
37 0.102882 0.992308 0.0606718 0.0113647
4 0.419999 0.316578 0.0152207 0.00720274
0 0.191 0.732674 0.0112298 0.00974223
0 0.0729438 0.743166 0.0112042 0.0270369
0 0.949197 0.858831 0.0131899 0.0224408
0 0.693552 0.784572 0.00823221 0.0312602
37 0.185595 0.737352 0.0103372 0.00563507
0 0.920205 0.681482 0.00734749 0.0128222
0 0.863854 0.83299 0.0326714 0.0384672
0 0.109973 0.981504 0.0202712 0.0224226
37 0.577494 0.875433 0.0325666 0.0139352
0 0.77087 0.812401 0.0135853 0.0148438
0 0.872775 0.845662 0.0141077 0.0144806
0 0.98231 0.675011 0.0060566 0.0182982
0 0.772788 0.812065 0.0087244 0.014517
0 0.947931 0.850732 0.0319233 0.0449955
0 0.577555 0.875682 0.0331596 0.0143143
0 0.123751 0.985178 0.0310819 0.0225249
0 0.391309 0.831503 0.0181891 0.0855552
0 0.836747 0.834202 0.0300724 0.0355096
24 0.153705 0.982817 0.0187307 0.0137329
0 0.916296 0.971442 0.0130497 0.0362101
4 0.896351 0.246568 0.0127762 0.0061888
0 0.533446 0.818541 0.0123961 0.0449615
0 0.922521 0.974832 0.027211 0.0383413
37 0.937118 0.866963 0.0134483 0.0151298
0 0.779834 0.816104 0.00771589 0.0098504
0 0.911306 0.974824 0.0502457 0.0438794
0 0.304697 0.73065 0.00681858 0.00815633
37 0.857617 0.760873 0.0168922 0.0099038
0 0.87919 0.683167 0.0082798 0.0135423
0 0.982491 0.678115 0.00594273 0.0140359
37 0.943769 0.866064 0.0258972 0.0170068
0 0.188819 0.733206 0.0165572 0.0126051
33 0.391055 0.830928 0.0183396 0.0860959
0 0.773845 0.812782 0.0198984 0.0165015
0 0.879402 0.985528 0.0367529 0.0278666
0 0.946313 0.859036 0.0306856 0.0293683
0 0.0763594 0.739298 0.00423486 0.0104479
33 0.391189 0.815213 0.0173106 0.0532172
8 0.310037 0.726323 0.0281271 0.0168757
0 0.86045 0.845968 0.0392124 0.0157613
0 0.981697 0.663658 0.00684147 0.0244463
0 0.318698 0.710824 0.00788164 0.0202443
0 0.919108 0.973356 0.0199215 0.0399185
37 0.852954 0.845822 0.0258352 0.0139587
0 0.706911 0.831986 0.0373592 0.0310969
0 0.350168 0.989326 0.0252177 0.0212894
37 0.854963 0.760979 0.0144707 0.00974257
8 0.311371 0.732147 0.0301754 0.0103926
0 0.786659 0.698956 0.00916004 0.0165548
8 0.310385 0.720536 0.0286476 0.0279371
0 0.934013 0.728046 0.00962143 0.0241659
8 0.305478 0.729815 0.0178617 0.00992194
0 0.857899 0.831684 0.0212898 0.0377177
0 0.192721 0.732443 0.015564 0.0109297
0 0.838514 0.768358 0.00568371 0.0202783
