0 0.453456 0.833736 0.0122581 0.0676609
0 0.561088 0.815053 0.0131351 0.055795
0 0.843003 0.765033 0.00843868 0.0503425
0 0.831223 0.834705 0.0185631 0.0334732
0 0.66003 0.801795 0.0114509 0.0457236
0 0.718278 0.830461 0.0148325 0.0305905
0 0.692278 0.79368 0.00975876 0.0475976
0 0.70288 0.790699 0.00894508 0.0484404
0 0.746815 0.782306 0.00737667 0.0489102
0 0.736601 0.785804 0.00911922 0.0467248
0 0.953513 0.84928 0.022052 0.0415507
0 0.768709 0.778496 0.0128458 0.0499644
0 0.791575 0.774675 0.00863171 0.0513323
0 0.798114 0.776445 0.00790653 0.0492181
0 0.973742 0.762724 0.0205013 0.0277629
0 0.85626 0.830469 0.0144285 0.0328684
0 0.391017 0.821902 0.0181274 0.0651374
0 0.288382 0.723241 0.00761499 0.0163247
0 0.940491 0.727506 0.00770664 0.0215829
0 0.434 0.91468 0.0239546 0.0361789
0 0.758068 0.782733 0.00842037 0.0451348
0 0.0605837 0.739699 0.00511149 0.0186347
0 0.67699 0.816496 0.0183125 0.0189485
0 0.956702 0.848816 0.0158264 0.0405765
0 0.355082 0.989142 0.0144275 0.0217163
37 0.0222741 0.938021 0.0444207 0.0292662
0 0.00588628 0.752785 0.00800757 0.0190793
0 0.119337 0.983685 0.038516 0.0261943
0 0.883834 0.980571 0.0460243 0.0377987
8 0.198178 0.915027 0.0458435 0.0326135
0 0.066794 0.747995 0.00878899 0.0179681
37 0.198303 0.915088 0.0461829 0.0327894
0 0.852727 0.830869 0.0213476 0.0348772
0 0.479261 0.857562 0.0371013 0.024016
0 0.921338 0.973434 0.0270775 0.0403707
0 0.274399 0.730518 0.00698566 0.0172492
0 0.995895 0.811699 0.00779686 0.0196033
0 0.107996 0.984271 0.0624807 0.0269548
0 0.890246 0.976206 0.0582294 0.0453464
0 0.951716 0.674019 0.0045517 0.013553
37 0.853114 0.848567 0.0250469 0.00920139
37 0.095958 0.994249 0.0471941 0.00828213
0 0.5204 0.727802 0.0133213 0.0152398
0 0.00293412 0.9744 0.00582441 0.0272125
0 0.804998 0.697555 0.00464935 0.0158134
0 0.138897 0.741184 0.0151399 0.00971341
4 0.319401 0.307531 0.0178298 0.0123041
0 0.577254 0.875748 0.033326 0.0146732
0 0.0648281 0.746005 0.0127875 0.0218028
0 0.902752 0.973397 0.0336086 0.0406182
37 0.104568 0.993892 0.0650965 0.00863546
0 0.00535895 0.974329 0.0106435 0.0282837
0 0.913794 0.973137 0.0111134 0.039173
0 0.715319 0.830898 0.0209334 0.0313309
0 0.391124 0.813034 0.0174119 0.0470289
37 0.00305441 0.758516 0.00606236 0.00911577
0 0.318044 0.709897 0.00525818 0.0164827
0 0.907742 0.973165 0.0236515 0.0395416
0 0.414011 0.762796 0.00574265 0.0135708
0 0.794922 0.77475 0.0114969 0.0527639
0 0.540929 0.848993 0.00746717 0.0271166
8 0.0600488 0.747291 0.0255484 0.0224701
0 0.877159 0.680539 0.00497494 0.0149596
37 0.053188 0.742334 0.0116062 0.0106744
37 0.940565 0.736449 0.0144665 0.010319
0 0.759687 0.781786 0.0104363 0.0422275
37 0.135849 0.74139 0.0215638 0.0107719
0 0.382595 0.758185 0.00966296 0.0138275
0 0.111279 0.982373 0.0232633 0.0221229
8 0.137158 0.565825 0.0422749 0.0124301
0 0.412863 0.763369 0.00703049 0.0143677
0 0.972878 0.67274 0.0067543 0.014698
37 0.0606801 0.74713 0.0265736 0.0187725
0 0.317215 0.709962 0.00745993 0.0172336
0 0.410851 0.764343 0.00938301 0.0176098
37 0.852304 0.845351 0.0231619 0.0115797
0 0.998014 0.668092 0.00352516 0.0179587
0 0.983788 0.669692 0.0068222 0.0213152
0 0.491529 0.85465 0.00466042 0.0189545
0 0.440237 0.914817 0.0114624 0.0335739
0 0.697048 0.79241 0.0192336 0.0495687
0 0.00466738 0.970157 0.00931695 0.0373669
0 0.410017 0.769682 0.00938969 0.0251531
0 0.769062 0.77327 0.0107533 0.0423952
0 0.00938888 0.97485 0.0186297 0.03015
0 0.743827 0.783054 0.0132242 0.051161
0 0.13137 0.984001 0.0632626 0.0248188
16 0.771685 0.811611 0.0117123 0.0153083
0 0.484529 0.85686 0.0241776 0.0230472
8 0.307478 0.715383 0.0319328 0.00960626
0 0.783499 0.697937 0.00385361 0.0157143
0 0.923017 0.737272 0.00612717 0.00829027
0 0.1256 0.985391 0.0280591 0.0231856
0 0.411037 0.769292 0.0141094 0.0271525
37 0.790863 0.820601 0.0266851 0.00673235
0 0.772978 0.81211 0.00679474 0.0150526
0 0.910646 0.975829 0.049995 0.0443417
0 0.773774 0.811884 0.0196377 0.016786
0 0.755795 0.782719 0.012587 0.0472517
8 0.973874 0.665108 0.0308964 0.0355881
0 0.770112 0.811739 0.0159048 0.0166412
0 0.994873 0.810685 0.00980759 0.0223899
0 0.00310154 0.961501 0.00615379 0.0529343
37 0.858581 0.847022 0.0363144 0.0141822
8 0.306833 0.711001 0.0294246 0.0168503
8 0.974102 0.671793 0.0265526 0.0210993
14 0.763269 0.829935 0.0139948 0.0157508
8 0.306013 0.715015 0.0235683 0.00833672
0 0.863146 0.832993 0.0319393 0.037597
0 0.941833 0.729007 0.0115839 0.0251885
37 0.936253 0.866886 0.0117243 0.0160258
0 0.947431 0.860097 0.0100319 0.0188168
37 0.84582 0.846705 0.0407259 0.0132504
0 0.779632 0.815968 0.00747023 0.00907135
24 0.153479 0.983416 0.018029 0.0133791
0 0.806286 0.697923 0.00727997 0.0167907
37 0.955876 0.863795 0.0304762 0.0200538
0 0.92425 0.681588 0.0060257 0.00931532
8 0.965285 0.671536 0.0351414 0.0169381
0 0.956855 0.856999 0.0267847 0.030307
0 0.995769 0.805465 0.00802689 0.0319144
0 0.407538 0.77822 0.0161016 0.0177819
8 0.970513 0.672997 0.01875 0.0168001
37 0.934534 0.738364 0.0293297 0.010593
37 0.959481 0.869064 0.0224453 0.00895488
0 0.252133 0.683751 0.0231406 0.0596293
0 0.856643 0.825041 0.0155018 0.0353984
0 0.153784 0.98356 0.0178851 0.0141473
4 0.844792 0.24268 0.00843182 0.0055628
0 0.109494 0.984705 0.0424551 0.0225947
0 0.936158 0.866516 0.0117558 0.0160116
37 0.419007 0.763124 0.0156557 0.0125359
8 0.311796 0.71538 0.0252859 0.00816498
8 0.409056 0.771611 0.0240646 0.0298323
8 0.969508 0.663114 0.0410864 0.0396791
0 0.948845 0.863154 0.0131763 0.0163023
37 0.957446 0.86737 0.0260654 0.0110664
0 0.89541 0.684154 0.00398922 0.017829
37 0.791014 0.818335 0.0283176 0.00960541
0 0.805327 0.701039 0.00529575 0.0224908
37 0.587285 0.91271 0.0441645 0.0130018
37 0.282316 0.734058 0.0318799 0.0138111
37 0.0966187 0.986796 0.049227 0.0208828
37 0.798535 0.817874 0.0425384 0.00993245
37 0.76168 0.824859 0.0123545 0.00709144
