0 0.584619 0.808046 0.0107439 0.0567329
0 0.452795 0.834784 0.012446 0.0660794
0 0.831183 0.835056 0.0170481 0.0326901
0 0.796326 0.775234 0.00831242 0.0501889
0 0.332647 0.90085 0.0185261 0.0806912
0 0.843051 0.76112 0.00797234 0.0344125
0 0.68943 0.795554 0.0110326 0.0470161
0 0.554801 0.818917 0.00870762 0.0503482
0 0.649753 0.802625 0.00965443 0.0491879
0 0.729052 0.785962 0.0111029 0.0497854
0 0.40051 0.840659 0.0115552 0.0653463
0 0.545169 0.815919 0.0116724 0.0550758
0 0.718037 0.830287 0.0137255 0.0313734
0 0.957001 0.847078 0.0153038 0.0337353
0 0.701253 0.795284 0.0109106 0.0502335
0 0.390942 0.819146 0.0174153 0.0585843
0 0.716184 0.788859 0.0109406 0.0480269
0 0.11531 0.982803 0.0344036 0.0275728
0 0.944532 0.850445 0.0177055 0.0374613
0 0.666754 0.805306 0.00718327 0.0320736
0 0.930641 0.744949 0.0094944 0.0570487
0 0.971512 0.762865 0.0136007 0.0262541
37 0.0221589 0.938781 0.0443179 0.0302531
37 0.198218 0.916382 0.0451205 0.0307475
0 0.893947 0.975788 0.0647491 0.0444407
0 0.475695 0.857459 0.0191729 0.0236223
0 0.484275 0.857612 0.0370319 0.0237729
0 0.906409 0.973354 0.0399132 0.0396196
37 0.097211 0.994084 0.0499688 0.00828552
8 0.198168 0.916137 0.0447452 0.0307193
0 0.917447 0.9729 0.0170788 0.038511
0 0.992952 0.731252 0.00639267 0.0259488
0 0.852912 0.833588 0.0226097 0.030206
0 0.677715 0.814295 0.019768 0.0213065
0 0.853508 0.832227 0.0172541 0.0283139
0 0.974234 0.76317 0.0192656 0.0269574
0 0.35533 0.989285 0.0134976 0.0214306
0 0.00538832 0.976278 0.0107134 0.0251314
0 0.00272624 0.976362 0.00540803 0.0239861
0 0.857213 0.830741 0.0122147 0.0265659
0 0.883783 0.981058 0.0449112 0.0356125
0 0.051263 0.73957 0.00592768 0.0142064
0 0.859409 0.696043 0.00918541 0.0201266
0 0.715148 0.830611 0.0201334 0.032211
0 0.106899 0.983124 0.0546113 0.0288378
0 0.920921 0.973132 0.0250256 0.0388346
0 0.996162 0.813531 0.00726948 0.015781
0 0.772955 0.813696 0.0206986 0.0180929
37 0.853396 0.848967 0.0245037 0.00805986
0 0.954618 0.850592 0.0203728 0.0391044
37 0.577146 0.875709 0.0341362 0.0138724
0 0.940916 0.851447 0.0172085 0.0396745
0 0.34753 0.772099 0.0033329 0.00925954
8 0.172124 0.736339 0.0167562 0.0088579
8 0.277121 0.736971 0.0209507 0.0169437
0 0.0556158 0.739277 0.0148393 0.0161482
0 0.0576988 0.740358 0.0103228 0.0133596
0 0.668291 0.806417 0.0104555 0.035103
0 0.886519 0.974884 0.0391136 0.0273834
0 0.00874119 0.976493 0.0173334 0.0270043
0 0.819142 0.814475 0.00974579 0.0101106
0 0.359813 0.898609 0.0143791 0.0283698
0 0.902923 0.68444 0.00434017 0.0120833
37 0.577579 0.87893 0.0345079 0.0147898
0 0.940667 0.6748 0.00540199 0.0144077
0 0.863159 0.835186 0.029105 0.0352607
0 0.781936 0.813857 0.0357851 0.0195774
0 0.939586 0.852662 0.0240988 0.0407503
0 0.838197 0.835334 0.0310516 0.0333972
0 0.944617 0.852889 0.0290249 0.0422923
37 0.101971 0.992456 0.0591024 0.0108361
37 0.153461 0.983654 0.0177174 0.0123366
8 0.169334 0.564369 0.0527304 0.0145604
0 0.00337918 0.973131 0.00669693 0.0306971
28 0.153468 0.983679 0.0175127 0.0124366
0 0.859535 0.794675 0.00685387 0.0137248
8 0.0569061 0.746889 0.0440227 0.0261705
0 0.00355341 0.7572 0.00703839 0.0102929
0 0.940425 0.678959 0.00479164 0.0104372
0 0.495538 0.862985 0.0148015 0.0111521
0 0.503744 0.719434 0.0126015 0.0110643
0 0.91109 0.671665 0.00665493 0.0107314
0 0.303753 0.765382 0.020461 0.0147832
0 0.787044 0.816292 0.0254436 0.0150503
0 0.0510198 0.743016 0.0166653 0.0215788
0 0.895653 0.973369 0.0191784 0.0226213
0 0.540828 0.849154 0.00713158 0.0268819
0 0.87808 0.985089 0.0337513 0.0281392
37 0.84441 0.843171 0.0439049 0.0203467
0 0.675889 0.806191 0.024929 0.0359731
37 0.334169 0.726536 0.0212194 0.00980632
14 0.928118 0.679881 0.00745201 0.00940993
0 0.783283 0.81382 0.0182844 0.0172699
2 0.516693 0.413397 0.0196908 0.019882
8 0.907564 0.672525 0.0175865 0.011287
37 0.57808 0.886905 0.0352669 0.00919444
0 0.664001 0.806529 0.0128631 0.0360959
