0 0.797356 0.775458 0.0114032 0.0493583
0 0.551651 0.816665 0.0117075 0.0558051
0 0.634449 0.805789 0.0106413 0.0458879
0 0.953754 0.850042 0.0228065 0.042876
0 0.769754 0.77823 0.0102411 0.0531291
0 0.692657 0.796721 0.00964489 0.0447613
0 0.452299 0.833747 0.01257 0.0686579
0 0.830553 0.834667 0.0174692 0.0333586
0 0.47563 0.854335 0.0166407 0.0292733
0 0.842264 0.763976 0.00830822 0.041698
0 0.940363 0.728786 0.00788097 0.0215624
0 0.718419 0.830745 0.014327 0.0310048
0 0.89032 0.975771 0.0578613 0.0456158
0 0.702447 0.792588 0.00927391 0.0459841
0 0.736172 0.786501 0.00845919 0.0470581
0 0.856377 0.830445 0.0136066 0.0321591
0 0.0576937 0.737092 0.00516615 0.0186028
0 0.97365 0.763406 0.020252 0.0263424
0 0.00493581 0.751115 0.00922018 0.0179596
0 0.741601 0.783594 0.0093874 0.0514577
0 0.391141 0.817965 0.0175859 0.0576636
0 0.273987 0.728207 0.00660582 0.0166663
8 0.406814 0.778423 0.0232318 0.0149272
0 0.355257 0.989224 0.0132202 0.0215525
0 0.676214 0.815473 0.015535 0.0175664
0 0.109198 0.979168 0.020964 0.026436
0 0.00591904 0.978387 0.0117937 0.020658
0 0.0643724 0.753239 0.00609815 0.0125756
0 0.434585 0.914097 0.0220346 0.0370856
0 0.318331 0.717345 0.0045444 0.0144474
8 0.98384 0.660795 0.0318665 0.0372267
8 0.199219 0.916464 0.0481722 0.0305378
0 0.737976 0.785435 0.00766373 0.051063
8 0.407028 0.774239 0.0229407 0.021874
0 0.902174 0.972955 0.0344587 0.040155
0 0.115025 0.981113 0.0335657 0.0308921
8 0.995547 0.68149 0.00848999 0.015908
0 0.739854 0.782484 0.00613289 0.05119
0 0.743771 0.784196 0.0104881 0.0494931
0 0.883319 0.984659 0.0436329 0.0285112
0 0.745818 0.783075 0.0073905 0.0464506
0 0.713907 0.831202 0.0237395 0.0319417
0 0.292179 0.721082 0.00742617 0.0161245
37 0.199368 0.916545 0.048679 0.030795
0 0.996376 0.81025 0.00682564 0.0209242
0 0.852639 0.831262 0.0237701 0.0343813
8 0.995314 0.675519 0.00895214 0.0257181
37 0.852575 0.848643 0.0268417 0.00995602
8 0.151641 0.565531 0.0550073 0.0143673
0 0.922581 0.680123 0.00627079 0.0165777
37 0.0221697 0.938908 0.0443393 0.03132
0 0.421608 0.762637 0.00529137 0.0124503
0 0.57704 0.874593 0.0327112 0.0160373
0 0.703998 0.793765 0.0127211 0.0450572
0 0.407089 0.766176 0.00599365 0.0117923
0 0.108283 0.9805 0.0288221 0.0287893
37 0.976476 0.771553 0.0150963 0.0101078
0 0.978225 0.670191 0.00529957 0.0179316
37 0.0975272 0.994127 0.0507702 0.00856374
0 0.104699 0.982065 0.0596594 0.0312142
0 0.89781 0.681362 0.00502205 0.0122832
37 0.00670157 0.759906 0.0132214 0.0090961
0 0.753224 0.790518 0.00774002 0.03182
8 0.0527191 0.740586 0.0159723 0.0123349
37 0.105372 0.988499 0.0696616 0.0194502
8 0.0609991 0.744956 0.0327329 0.0323229
0 0.971878 0.762797 0.0136341 0.0268233
0 0.959956 0.850275 0.0104738 0.0384457
8 0.302639 0.720509 0.0213954 0.0140077
0 0.707769 0.784951 0.00490007 0.0139591
0 0.519494 0.731784 0.0062602 0.0100593
8 0.994757 0.679444 0.0100697 0.0198501
37 0.0502604 0.740675 0.0108808 0.0105231
0 0.0686334 0.754988 0.0157218 0.0142041
8 0.0690035 0.757535 0.0173462 0.00990228
37 0.851441 0.845738 0.025634 0.0129601
8 0.299728 0.719887 0.0278498 0.0196835
0 0.418689 0.763452 0.0112283 0.013452
8 0.0221388 0.938644 0.0441062 0.0315148
0 0.74424 0.78024 0.00729094 0.0522881
0 0.272527 0.728642 0.00923243 0.0176829
0 0.752389 0.788347 0.0105219 0.0366564
0 0.06884 0.750928 0.01148 0.0140455
0 0.789133 0.698811 0.00519562 0.0136149
8 0.0637138 0.743291 0.0378485 0.0201321
0 0.406037 0.767444 0.00924206 0.01486
0 0.817433 0.697803 0.00707664 0.0123734
0 0.00926335 0.978563 0.0183882 0.0218853
0 0.319249 0.717573 0.00656257 0.0139404
37 0.936247 0.866279 0.0114258 0.0149007
0 0.135856 0.741106 0.0191189 0.0112832
8 0.950711 0.675553 0.0150841 0.0184077
0 0.860307 0.795261 0.00548363 0.0127387
0 0.712695 0.83627 0.0253958 0.0229028
8 0.304761 0.719493 0.0147316 0.0113505
0 0.438297 0.914602 0.015484 0.0350257
0 0.980543 0.671006 0.00526505 0.0181604
8 0.995377 0.665928 0.00885143 0.0148143
0 0.977212 0.771357 0.0160862 0.0103739
0 0.863027 0.833359 0.0321487 0.0387909
37 0.944308 0.865678 0.0279259 0.0162469
0 0.171092 0.739066 0.0070437 0.0089525
0 0.121493 0.985052 0.0189024 0.0242177
0 0.42168 0.91479 0.0488544 0.0395593
0 0.771163 0.81251 0.014147 0.0148144
0 0.518851 0.731765 0.00928383 0.0107925
37 0.856499 0.847548 0.0363117 0.014703
8 0.390166 0.757851 0.0101431 0.0115278
8 0.303271 0.723413 0.0202091 0.0118693
0 0.862302 0.844288 0.0319332 0.0191454
0 0.970482 0.671543 0.00575256 0.0203543
24 0.153317 0.983637 0.017497 0.0122218
0 0.871844 0.845408 0.0137188 0.0158613
0 0.83731 0.834466 0.0312233 0.0358214
37 0.9601 0.866528 0.0556736 0.0152907
8 0.303318 0.719 0.0377999 0.0211138
8 0.288364 0.727761 0.0141263 0.00659807
14 0.87118 0.685259 0.00565605 0.00805028
37 0.587755 0.913199 0.0515779 0.0121596
37 0.57492 0.873856 0.0372376 0.0171641
0 0.126109 0.985846 0.0255309 0.020913
0 0.85691 0.834238 0.0435312 0.03973
37 0.577676 0.882047 0.0326691 0.00899319
8 0.523451 0.731414 0.0192623 0.0125983
8 0.134726 0.741394 0.021213 0.0121992
37 0.96796 0.863231 0.0396059 0.0120822
0 0.995305 0.66817 0.00783196 0.0116821
0 0.88539 0.989676 0.0379581 0.0181054
37 0.760139 0.824475 0.0122505 0.00623135
0 0.843735 0.83705 0.043063 0.0321845
16 0.771594 0.811988 0.0141303 0.015154
0 0.913766 0.973612 0.0460863 0.0417969
0 0.699621 0.792581 0.0159005 0.0514136
37 0.752739 0.826572 0.0294432 0.00722182
0 0.900722 0.975149 0.0726246 0.0425164
8 0.292451 0.724138 0.0139701 0.0131131
37 0.974181 0.862536 0.0278793 0.0111772
0 0.896981 0.679341 0.00658569 0.0160779
8 0.289439 0.722193 0.0153975 0.0192627
0 0.953279 0.863812 0.0245937 0.0174547
