0 0.451959 0.834183 0.0122765 0.0666348
0 0.842256 0.766275 0.00848675 0.0448758
0 0.589054 0.813859 0.0103073 0.0502696
0 0.796613 0.774599 0.00777702 0.0476498
0 0.718705 0.830495 0.0139103 0.0313307
0 0.521919 0.821853 0.0135479 0.0516142
0 0.830794 0.834486 0.0175228 0.0331774
0 0.715553 0.78649 0.0108395 0.051967
0 0.746433 0.781125 0.00839825 0.0463313
0 0.115803 0.982889 0.0356521 0.0273478
0 0.953615 0.849685 0.0226788 0.0410411
0 0.0100418 0.747302 0.00893988 0.0175876
0 0.685509 0.790068 0.0102049 0.0519996
0 0.43129 0.914567 0.0287123 0.0364387
0 0.475031 0.856014 0.0170898 0.0266413
0 0.725332 0.787722 0.00930119 0.0463925
0 0.691467 0.796458 0.00861196 0.0428684
0 0.700442 0.79237 0.00938072 0.0474121
0 0.855807 0.82957 0.0143749 0.0333184
0 0.387043 0.77557 0.00783548 0.0147976
0 0.355351 0.989192 0.0139751 0.0216153
0 0.939504 0.726902 0.0070219 0.0170953
0 0.971956 0.761244 0.0117943 0.0263497
0 0.00585832 0.979704 0.0116461 0.018103
0 0.810078 0.697491 0.00645256 0.016649
37 0.197485 0.915653 0.044981 0.0317125
8 0.0703556 0.748705 0.0166739 0.0145601
0 0.897898 0.975028 0.073695 0.0467516
37 0.0713961 0.748961 0.0148713 0.013932
0 0.0641022 0.739302 0.00740058 0.0210154
0 0.9957 0.744785 0.00812416 0.0448608
0 0.266817 0.730977 0.00606675 0.0148997
0 0.974614 0.761701 0.0181118 0.0279929
0 0.408676 0.762082 0.00912275 0.0142815
0 0.838408 0.697325 0.0051321 0.0172226
0 0.910835 0.973262 0.0484901 0.0430356
37 0.0947382 0.994415 0.0466121 0.00814819
0 0.853182 0.830202 0.0197653 0.0350118
0 0.314327 0.710433 0.00711136 0.0121248
0 0.285043 0.720093 0.00684662 0.0144291
0 0.675359 0.815036 0.0141844 0.0188731
37 0.0221745 0.938492 0.0443152 0.0295003
0 0.996377 0.812225 0.00682106 0.0173716
0 0.978591 0.668936 0.00638618 0.0160424
37 0.853019 0.848199 0.0260605 0.0106116
0 0.501448 0.729959 0.00693321 0.011734
0 0.903047 0.972535 0.0330803 0.0416609
0 0.689371 0.792911 0.00793657 0.0497577
0 0.88924 0.978503 0.0570351 0.0411184
8 0.18442 0.563616 0.0575193 0.0172913
8 0.979783 0.683331 0.0165257 0.0132894
0 0.920802 0.973223 0.0301786 0.0421114
0 0.540635 0.849272 0.00679741 0.0270874
0 0.132829 0.734136 0.00529134 0.00819465
8 0.134931 0.736449 0.0225603 0.00981784
37 0.576137 0.875031 0.0363757 0.0144141
37 0.808826 0.703791 0.0187549 0.00631951
0 0.685922 0.796711 0.0119263 0.0439189
37 0.134857 0.737786 0.0222661 0.00746155
8 0.268432 0.739038 0.0138358 0.00991126
37 0.852512 0.842436 0.0241364 0.0133721
0 0.990379 0.66819 0.00378609 0.0118064
0 0.892563 0.674985 0.0068428 0.012223
0 0.693999 0.794834 0.01403 0.0464759
8 0.314334 0.710981 0.00722313 0.0125446
33 0.391161 0.812072 0.0179794 0.0461212
0 0.479948 0.855882 0.0271438 0.0267548
0 0.576772 0.87575 0.0356045 0.0137834
0 0.856111 0.79462 0.0169487 0.0143026
0 0.283531 0.721858 0.0142963 0.0176715
0 0.284026 0.721567 0.0118193 0.0142893
8 0.426718 0.767552 0.0177755 0.0107981
0 0.974997 0.771265 0.0180677 0.00995551
0 0.501696 0.730451 0.0109707 0.012225
37 0.0557546 0.739437 0.00866404 0.0085144
0 0.837135 0.697127 0.00715733 0.0165826
0 0.772522 0.812605 0.0195492 0.0158566
8 0.28694 0.727778 0.0225647 0.0103553
37 0.0597857 0.737879 0.016959 0.0153581
0 0.715614 0.830887 0.0203865 0.0330461
8 0.0628495 0.741682 0.0223783 0.0266079
0 0.391275 0.831522 0.0181973 0.0864463
24 0.153779 0.983201 0.0184399 0.0133099
0 0.38695 0.774436 0.00915728 0.0181488
8 0.136307 0.734745 0.0201909 0.00873125
0 0.504465 0.730624 0.0148358 0.0130592
37 0.85239 0.845874 0.0241856 0.0130476
0 0.959289 0.850348 0.0181545 0.0401735
37 0.936128 0.867207 0.0117016 0.0150709
8 0.0613462 0.737842 0.0196381 0.016059
0 0.949518 0.861134 0.0141607 0.0179025
0 0.840072 0.835148 0.036517 0.0345347
0 0.882079 0.980417 0.0432072 0.0377494
4 0.809036 0.2409 0.00527725 0.00619715
8 0.0673259 0.743551 0.0227858 0.0248861
0 0.00960061 0.980142 0.018932 0.0199078
37 0.577522 0.881401 0.0335773 0.00826416
33 0.39115 0.83157 0.0185669 0.0863746
0 0.996108 0.671404 0.00594788 0.00887985
37 0.821942 0.703857 0.0476143 0.0085409
8 0.50402 0.731129 0.0139884 0.0116889
0 0.268382 0.733223 0.0112599 0.0189867
0 0.559281 0.838576 0.00565891 0.0109509
0 0.440639 0.915417 0.010587 0.0320926
0 0.857941 0.794517 0.01134 0.0138014
4 0.242914 0.29702 0.00599465 0.00640365
0 0.946664 0.676147 0.0051918 0.0135778
0 0.937389 0.679385 0.0049839 0.0136203
8 0.283013 0.725989 0.0138231 0.0104579
8 0.306031 0.715868 0.0105257 0.00761702
0 0.385097 0.775318 0.0119408 0.016439
8 0.28716 0.721624 0.0222015 0.0178226
8 0.293614 0.71896 0.0352283 0.0143612
37 0.948313 0.865889 0.0349693 0.0175927
0 0.744849 0.779641 0.0112627 0.044518
0 0.794269 0.774519 0.0124133 0.048537
0 0.809188 0.696752 0.00920925 0.0178804
0 0.10231 0.983082 0.0598853 0.0269752
0 0.154788 0.729804 0.00854392 0.00926954
0 0.130863 0.982472 0.0656663 0.0277013
0 0.778933 0.814565 0.00937691 0.0126112
8 0.946667 0.677104 0.0213627 0.0162387
37 0.965015 0.863207 0.0432756 0.0128611
0 0.872356 0.844899 0.0147625 0.0162493
37 0.266646 0.737462 0.0197987 0.011937
37 0.871897 0.844675 0.01465 0.0162679
37 0.960859 0.866562 0.0395861 0.012629
8 0.28734 0.730695 0.0219649 0.00840556
37 0.954193 0.864706 0.0277069 0.0187798
0 0.389342 0.775828 0.0114511 0.0153927
8 0.169775 0.565101 0.081294 0.018825
25 0.391097 0.831687 0.0186765 0.0860943
37 0.103144 0.995581 0.0626939 0.00883874
0 0.914533 0.967573 0.00899162 0.0322294
