0 0.321455 0.901884 0.0204434 0.0792231
0 0.453182 0.834195 0.0133217 0.0667689
0 0.796595 0.775962 0.00880566 0.051179
0 0.539009 0.818535 0.0126306 0.056565
0 0.580525 0.810943 0.0126944 0.0591515
0 0.83118 0.835089 0.0170162 0.0325304
0 0.55505 0.816893 0.00916224 0.0466363
0 0.39141 0.831682 0.0193504 0.0842633
0 0.720407 0.787377 0.0115169 0.049313
0 0.843187 0.763964 0.00819092 0.0398166
0 0.717979 0.830387 0.0135411 0.0311732
0 0.646268 0.802659 0.0115868 0.0489753
0 0.957076 0.848151 0.0153728 0.0363695
0 0.689422 0.795827 0.0111164 0.0465013
0 0.731475 0.785729 0.0102999 0.0507051
0 0.701388 0.795146 0.0112858 0.0502453
0 0.115971 0.982836 0.0359806 0.0279611
0 0.930272 0.747826 0.00915279 0.050628
37 0.198278 0.916392 0.0447835 0.0305515
0 0.944694 0.850463 0.0159477 0.038765
37 0.0221551 0.938942 0.0443102 0.0300851
0 0.663574 0.806501 0.00817566 0.0334856
0 0.475669 0.857598 0.0194311 0.0234097
0 0.932191 0.747307 0.0129765 0.0515611
0 0.894155 0.975843 0.0652786 0.0445867
0 0.860923 0.696311 0.00730476 0.0201347
37 0.0962733 0.994057 0.0477324 0.00834927
0 0.484245 0.857538 0.0371447 0.024064
0 0.906474 0.973478 0.040081 0.0397915
0 0.0542982 0.740444 0.0123034 0.0190879
0 0.854842 0.832604 0.0174145 0.0295529
0 0.988759 0.732651 0.00657768 0.0284068
0 0.355351 0.989285 0.0134683 0.0214308
0 0.851976 0.834112 0.0202538 0.0293647
0 0.00512052 0.976409 0.0101838 0.0247977
0 0.917455 0.97289 0.0171047 0.0384803
0 0.971688 0.763288 0.0135799 0.0255898
0 0.00307584 0.976491 0.00610031 0.0238291
0 0.94115 0.852203 0.0229748 0.0427955
0 0.857216 0.830986 0.0122154 0.0269416
0 0.974071 0.763719 0.0190796 0.0261956
0 0.346764 0.772234 0.00432167 0.00938382
0 0.106383 0.983033 0.0556505 0.0290283
0 0.88379 0.981032 0.0450314 0.0358537
8 0.276046 0.737267 0.029397 0.0156557
0 0.675619 0.815095 0.0157913 0.0196455
0 0.458766 0.755729 0.00785599 0.0160963
0 0.457772 0.757473 0.0096323 0.0194288
0 0.996179 0.813534 0.00723534 0.0157759
0 0.849095 0.833401 0.0106342 0.0258067
0 0.901336 0.682907 0.0052021 0.0152298
0 0.715324 0.830815 0.0198312 0.0316962
0 0.665098 0.806847 0.0105263 0.0350098
37 0.853319 0.848899 0.0244242 0.00800815
37 0.577159 0.875631 0.0340517 0.0138173
0 0.395829 0.847594 0.0105616 0.0524892
0 0.921289 0.973224 0.025806 0.0389804
0 0.911695 0.671833 0.00586891 0.0134894
0 0.270954 0.727702 0.00690336 0.0112222
8 0.276404 0.733862 0.0292744 0.0226985
0 0.77318 0.813697 0.0212472 0.0193988
0 0.959562 0.67074 0.00398064 0.0169066
0 0.359792 0.895693 0.0143551 0.0324646
37 0.935867 0.867434 0.0137543 0.0135815
0 0.940073 0.674539 0.00598927 0.0166011
37 0.100173 0.992465 0.0552503 0.0106471
0 0.990254 0.733162 0.00981102 0.0305615
0 0.885364 0.975855 0.0420353 0.0292952
37 0.577643 0.879701 0.0342831 0.0132775
0 0.768836 0.812683 0.0136712 0.0188256
0 0.838769 0.835394 0.0321569 0.0331862
0 0.819092 0.814375 0.00962944 0.0101147
37 0.153449 0.983622 0.0177264 0.0123873
8 0.170075 0.563633 0.0558793 0.0163623
0 0.00880164 0.976629 0.0174317 0.0268158
0 0.668123 0.806989 0.0174194 0.0357239
0 0.00366236 0.973497 0.00725677 0.0301229
0 0.939946 0.678008 0.00594177 0.0123383
0 0.335167 0.72495 0.0213626 0.0141683
0 0.987475 0.732886 0.00743446 0.0290988
0 0.00272172 0.760607 0.00537419 0.00785556
0 0.508857 0.721099 0.0111534 0.0118713
0 0.912539 0.67149 0.00748215 0.0149784
0 0.86336 0.835095 0.0283047 0.0350344
37 0.0559611 0.748129 0.0430677 0.0235809
0 0.0058603 0.973416 0.0115685 0.0315511
0 0.881724 0.985392 0.0416565 0.0283474
0 0.507387 0.72143 0.0161374 0.0129544
2 0.515994 0.413257 0.0178963 0.019633
0 0.953799 0.660883 0.00428314 0.0111159
37 0.0568161 0.752291 0.0440404 0.0176293
0 0.391167 0.815558 0.0179027 0.0519887
0 0.060468 0.742306 0.0313213 0.0237423
0 0.49534 0.862666 0.01507 0.0120161
37 0.349408 0.914559 0.0334966 0.0169869
0 0.987266 0.67214 0.00513229 0.0146551
37 0.578008 0.886939 0.0350031 0.00880941
0 0.333409 0.725657 0.0289978 0.0155585
37 0.335057 0.726387 0.0260948 0.0135617
0 0.778827 0.813823 0.0339993 0.0206317
37 0.844433 0.842576 0.0438362 0.0215786
37 0.170914 0.735694 0.0228168 0.00820516
37 0.103167 0.984382 0.0623206 0.0262166
0 0.0766121 0.754818 0.00597751 0.0116309
37 0.0546831 0.75235 0.0403546 0.0127845
37 0.980887 0.757571 0.0378168 0.0138967
0 0.0601126 0.745252 0.0365956 0.0284117
37 0.112754 0.995219 0.0798537 0.00956184
0 0.958956 0.668536 0.00488358 0.0191204
0 0.895848 0.973415 0.0192425 0.0228841
0 0.17058 0.735125 0.0225856 0.00802833
0 0.92999 0.726732 0.00908699 0.0234894
0 0.985551 0.670653 0.00739441 0.0152371
0 0.928078 0.680927 0.00732269 0.00978589
25 0.877029 0.437099 0.0270988 0.0168113
8 0.0572213 0.746325 0.0438569 0.0298916
