0 0.45237 0.833521 0.0133638 0.0675188
0 0.564913 0.813318 0.0129477 0.0500375
0 0.830631 0.834945 0.0175095 0.0329003
0 0.843531 0.765616 0.00718784 0.0477815
0 0.771983 0.779878 0.00800543 0.0447662
0 0.815293 0.771164 0.00985413 0.0511661
0 0.953529 0.849903 0.0222347 0.0421604
0 0.796623 0.774953 0.0112505 0.0504985
0 0.702965 0.79348 0.00976601 0.0442176
0 0.754367 0.781525 0.0075964 0.0487111
0 0.736704 0.785977 0.0078495 0.0458828
0 0.68754 0.796349 0.0101213 0.0431383
0 0.694819 0.794824 0.00836019 0.0431369
0 0.717823 0.830068 0.0135781 0.0318956
0 0.479835 0.857891 0.0339697 0.0218221
0 0.939017 0.728014 0.00625134 0.0213274
0 0.856288 0.830567 0.0141754 0.0333496
0 0.275722 0.729609 0.00608301 0.0160936
0 0.287899 0.725778 0.00750694 0.0138874
37 0.0220926 0.938472 0.0441851 0.0282606
37 0.198087 0.916419 0.0448469 0.0314412
0 0.906798 0.972444 0.0428547 0.041488
0 0.11523 0.980987 0.0306291 0.022682
0 0.852873 0.831504 0.0221794 0.034493
0 0.00505829 0.748488 0.0094024 0.0176375
0 0.677284 0.816151 0.0184448 0.0174494
0 0.972094 0.763255 0.0136032 0.0256817
0 0.316522 0.713897 0.00590844 0.0179257
0 0.432272 0.91478 0.0272937 0.0376372
0 0.0642957 0.73606 0.00680604 0.0154531
0 0.974442 0.763499 0.0191647 0.0261936
0 0.354509 0.989286 0.0154166 0.0214272
0 0.184597 0.734135 0.0120816 0.00853153
0 0.893715 0.975784 0.0667309 0.0464247
0 0.713098 0.830261 0.0238205 0.0329366
0 0.119949 0.982682 0.0403062 0.0259983
0 0.972668 0.671292 0.0047224 0.0160272
0 0.523731 0.734604 0.0116323 0.0111082
8 0.0614961 0.74673 0.0164125 0.0264455
0 0.786606 0.784704 0.00516777 0.0314514
0 0.00581852 0.976225 0.0115715 0.0250176
0 0.274685 0.729852 0.0078002 0.0172502
37 0.420569 0.761306 0.0219057 0.00981157
0 0.884341 0.979419 0.0481653 0.0393124
0 0.788526 0.784423 0.00849361 0.032441
0 0.00242284 0.976672 0.00480606 0.0235786
0 0.146286 0.73771 0.00588908 0.00794627
0 0.979623 0.669366 0.00751019 0.0222195
0 0.134717 0.737359 0.00450354 0.00941586
0 0.521851 0.734363 0.00824995 0.0110414
0 0.440813 0.919155 0.0103168 0.0246694
0 0.391175 0.816649 0.0171453 0.0522868
0 0.576679 0.875759 0.0324087 0.0139299
37 0.0994227 0.994121 0.0545138 0.00857171
0 0.922036 0.97253 0.0267893 0.0422419
0 0.107268 0.98389 0.0665368 0.0277744
0 0.979922 0.665623 0.00782032 0.028565
0 0.140567 0.737787 0.0185431 0.00971392
0 0.99601 0.811202 0.00756626 0.0213613
0 0.996206 0.816019 0.00717506 0.0117106
0 0.958305 0.671366 0.00697937 0.0212522
0 0.953678 0.661318 0.00456543 0.0104761
0 0.984499 0.669755 0.00507526 0.018876
37 0.104611 0.993201 0.0649638 0.00992296
0 0.540722 0.849487 0.00647106 0.0259815
0 0.14141 0.736997 0.0148589 0.00991821
0 0.957536 0.850098 0.0145672 0.039752
0 0.786822 0.782166 0.00660105 0.0360557
0 0.428196 0.918179 0.0223578 0.0306805
37 0.00568034 0.759349 0.0113016 0.00909593
0 0.916448 0.970054 0.0143082 0.0388336
0 0.949617 0.858373 0.0145771 0.0243298
0 0.418462 0.780692 0.0110619 0.0173993
0 0.772218 0.812815 0.00985689 0.0149278
0 0.485212 0.85798 0.0233971 0.020635
37 0.976222 0.771717 0.0155117 0.00993873
0 0.770801 0.812296 0.0139936 0.0158451
8 0.0595816 0.746128 0.0178068 0.0215569
0 0.882669 0.984843 0.0444359 0.0289666
14 0.927892 0.68006 0.00572128 0.0113983
0 0.419639 0.772661 0.0187283 0.0322018
0 0.958001 0.673406 0.00871506 0.027293
0 0.420641 0.915253 0.0503816 0.0392349
37 0.524607 0.736231 0.0136105 0.00956421
0 0.27558 0.731849 0.00762405 0.0172877
0 0.99601 0.814698 0.00751343 0.0174903
37 0.274333 0.736989 0.0101581 0.00825789
0 0.711866 0.836768 0.02603 0.0214562
0 0.30437 0.718899 0.00842104 0.0079539
37 0.153437 0.983791 0.0178143 0.0122738
0 0.857584 0.834962 0.0436588 0.0386393
0 0.767445 0.813074 0.00855484 0.0148271
0 0.935773 0.866838 0.0110981 0.0148678
0 0.956828 0.670373 0.0109219 0.0287153
0 0.880333 0.682266 0.00708656 0.0156942
0 0.863221 0.83296 0.031638 0.0388672
0 0.940046 0.728199 0.00854511 0.0230604
0 0.00915762 0.976438 0.0180484 0.0270742
37 0.990177 0.770079 0.0192272 0.00836131
37 0.270474 0.737366 0.0188572 0.00900014
0 0.349621 0.989336 0.0261065 0.021207
8 0.0615463 0.758823 0.0205513 0.00917392
0 0.953064 0.858132 0.020219 0.0268957
14 0.372846 0.757932 0.0118344 0.00995585
0 0.7733 0.812613 0.0203471 0.0171241
8 0.135674 0.571636 0.0177449 0.00960693
37 0.852734 0.848788 0.0244459 0.00879449
0 0.00315907 0.973724 0.00627005 0.0302878
0 0.135723 0.737129 0.0147129 0.0106449
0 0.968884 0.764282 0.0236555 0.0285926
0 0.779646 0.815863 0.00747709 0.0101396
0 0.110855 0.982979 0.036282 0.0231049
0 0.372892 0.757082 0.0118261 0.00969069
0 0.524361 0.733818 0.01354 0.0140159
37 0.939373 0.735005 0.00744038 0.00989821
0 0.972482 0.669134 0.00532303 0.0205197
0 0.979645 0.655326 0.00612946 0.0194156
0 0.981565 0.763066 0.0357353 0.026257
24 0.935872 0.867067 0.0110914 0.0150594
37 0.990389 0.767829 0.0187439 0.0114736
37 0.294559 0.731791 0.0214427 0.00615302
0 0.128158 0.988357 0.0227608 0.0171495
0 0.592711 0.906899 0.0620329 0.0245314
8 0.25925 0.397667 0.00700493 0.0091813
0 0.964346 0.850863 0.0455328 0.0445584
0 0.0617957 0.736746 0.0126283 0.0198018
8 0.135363 0.569044 0.0180836 0.0142992
0 0.773769 0.780722 0.0109346 0.0450972
0 0.948494 0.864649 0.0129322 0.0148075
37 0.309792 0.718711 0.0202426 0.00908
