0 0.453571 0.834098 0.0126007 0.0665677
0 0.560617 0.814918 0.0111749 0.055108
0 0.843068 0.765632 0.00845871 0.050306
0 0.831208 0.834744 0.0184986 0.0334346
0 0.718351 0.830655 0.0146809 0.0301683
0 0.702845 0.791226 0.00920658 0.0486674
0 0.692404 0.794623 0.00977039 0.0464279
0 0.656996 0.802392 0.0103954 0.0448751
0 0.736676 0.786049 0.00898199 0.0470632
0 0.790056 0.775886 0.0102281 0.0506843
0 0.766558 0.779563 0.0103962 0.0485358
0 0.746532 0.78314 0.00832529 0.0491893
0 0.953505 0.849319 0.022052 0.0416207
0 0.797076 0.775771 0.00807056 0.0497016
0 0.756659 0.783322 0.00800209 0.0449707
0 0.941021 0.727678 0.00846405 0.0216749
0 0.974005 0.762377 0.0204685 0.0287133
0 0.856264 0.830482 0.014399 0.0327586
0 0.0604038 0.738935 0.00494347 0.0169213
0 0.288688 0.722527 0.0070694 0.0164961
0 0.390965 0.817277 0.0180342 0.0556441
37 0.198231 0.915731 0.0461829 0.031566
0 0.434066 0.914246 0.0236622 0.0360253
0 0.956687 0.848875 0.0158459 0.0406871
0 0.676059 0.816218 0.0191081 0.0197891
0 0.47698 0.857815 0.0322721 0.0234182
0 0.355085 0.989149 0.014398 0.0217027
0 0.119412 0.983729 0.0386689 0.0261407
0 0.00622936 0.753033 0.00737471 0.0175912
4 0.316705 0.307216 0.0233599 0.0130652
0 0.883912 0.980585 0.0462143 0.0378718
0 0.852801 0.830921 0.0212002 0.034884
0 0.0665758 0.748109 0.00889455 0.0177512
0 0.921345 0.973431 0.0270926 0.0403749
37 0.0220416 0.938776 0.0440833 0.0280596
0 0.951748 0.675488 0.00422993 0.0145759
0 0.13885 0.740951 0.0157316 0.0103238
0 0.995892 0.811574 0.00780468 0.01982
37 0.853115 0.848548 0.0250717 0.00923903
0 0.108217 0.984301 0.0621733 0.026885
37 0.0959652 0.994236 0.047068 0.00827518
0 0.317972 0.709936 0.00545063 0.0159868
0 0.890318 0.976276 0.0585241 0.0453952
0 0.414242 0.762497 0.004673 0.0120524
0 0.00294973 0.974889 0.00585576 0.026139
0 0.27547 0.730891 0.00673723 0.0180991
37 0.10456 0.993913 0.0649356 0.00861782
0 0.577237 0.87573 0.0333929 0.0147037
0 0.914128 0.973196 0.0117485 0.0393623
0 0.00521667 0.97476 0.0103581 0.027338
0 0.902823 0.97349 0.0335487 0.040939
8 0.973348 0.662661 0.0300594 0.0399026
0 0.973068 0.67126 0.00641422 0.0171951
0 0.715512 0.831122 0.0206236 0.0308709
0 0.877901 0.679821 0.0063097 0.0153862
37 0.940557 0.737786 0.0143761 0.00822601
0 0.0640838 0.744979 0.0151121 0.0237773
0 0.806345 0.701206 0.00531693 0.0222313
0 0.90953 0.973173 0.020105 0.0394653
0 0.381398 0.758185 0.00496326 0.0128703
0 0.274319 0.731858 0.0078949 0.0199192
0 0.998039 0.667759 0.00347595 0.016777
0 0.521199 0.72692 0.00717764 0.0119453
8 0.0603396 0.746797 0.0265587 0.0229865
0 0.384059 0.758382 0.0104644 0.012636
37 0.00336005 0.758961 0.00660793 0.00918833
0 0.744654 0.783306 0.0114325 0.0510291
37 0.0613551 0.748172 0.0279302 0.0173136
0 0.112236 0.982517 0.0251726 0.0222639
0 0.672624 0.814956 0.0255972 0.0224755
8 0.973449 0.671518 0.0272766 0.0212732
37 0.0534719 0.741375 0.0125985 0.0110587
37 0.181232 0.736279 0.0130144 0.00809089
0 0.983937 0.669158 0.00721588 0.0216744
0 0.483413 0.857389 0.0390256 0.0230628
0 0.518735 0.727465 0.015279 0.013185
37 0.852243 0.845608 0.0230984 0.011554
8 0.998029 0.667919 0.00350227 0.0163474
8 0.137457 0.564944 0.0431831 0.0120889
0 0.413211 0.763532 0.00639858 0.0132802
8 0.13631 0.741747 0.0215467 0.0113395
0 0.698809 0.792196 0.0168651 0.0501929
0 0.784091 0.69751 0.00386162 0.0144569
0 0.13137 0.983945 0.0634317 0.0253298
0 0.773293 0.812459 0.00691376 0.0149185
0 0.409153 0.77383 0.00899277 0.0153773
0 0.392773 0.82464 0.0216415 0.0704703
0 0.481399 0.857101 0.0227687 0.0216449
0 0.00940171 0.975173 0.0186457 0.0295915
0 0.941923 0.728758 0.0111048 0.0247087
0 0.766819 0.792086 0.00966434 0.0492591
8 0.419113 0.763422 0.0154474 0.0125559
0 0.125404 0.985368 0.0284557 0.023268
0 0.923209 0.681679 0.00428829 0.00988464
0 0.00457325 0.969668 0.0091156 0.038444
37 0.791239 0.820813 0.0268235 0.00647549
8 0.136226 0.745394 0.0214812 0.0149782
0 0.287983 0.724556 0.00864534 0.0140316
37 0.85791 0.847104 0.0350285 0.013973
0 0.181217 0.735812 0.0129 0.00768178
37 0.934353 0.738457 0.0285198 0.0103143
0 0.0660169 0.746276 0.01423 0.0215861
0 0.668051 0.814334 0.0199726 0.022059
0 0.994849 0.810628 0.00986919 0.0225067
0 0.772456 0.811978 0.00970154 0.0152008
0 0.910664 0.975878 0.0501196 0.0444472
37 0.936232 0.866893 0.0116776 0.0159948
0 0.779605 0.816221 0.00735188 0.00901828
0 0.923128 0.737284 0.00618896 0.00817023
8 0.305718 0.716869 0.0280764 0.00966593
0 0.895429 0.68473 0.00388832 0.0157533
37 0.844811 0.846733 0.0427624 0.0133123
24 0.153478 0.983418 0.0180556 0.0134042
0 0.00308396 0.959892 0.00614293 0.0560359
0 0.410162 0.765818 0.0088522 0.0189362
37 0.991993 0.773384 0.0155281 0.00953539
0 0.541188 0.848903 0.00747528 0.0272022
0 0.8631 0.832966 0.0319344 0.0374529
37 0.955776 0.864082 0.0306444 0.0195118
8 0.974364 0.671057 0.0298145 0.0288476
0 0.947332 0.860034 0.0098423 0.0187493
8 0.972664 0.673493 0.0215317 0.0161732
0 0.775418 0.81225 0.0157978 0.0164942
0 0.440451 0.914966 0.0111238 0.0330199
37 0.98947 0.763122 0.0206469 0.0140574
8 0.408085 0.777881 0.0203306 0.0181669
0 0.995731 0.802871 0.00810432 0.0375142
37 0.981782 0.762256 0.0358841 0.0253072
37 0.959572 0.869186 0.0222683 0.00877719
0 0.153959 0.983555 0.0175915 0.014545
0 0.7989 0.776358 0.00986462 0.048595
8 0.304375 0.716007 0.0171234 0.00836148
0 0.936131 0.866538 0.0116838 0.0159651
0 0.520366 0.728698 0.0174773 0.0158746
0 0.957005 0.856333 0.0263691 0.0315806
37 0.957428 0.86739 0.0260996 0.0109816
8 0.410484 0.770091 0.0185556 0.0249596
0 0.768906 0.812391 0.0122245 0.0147624
37 0.948362 0.864168 0.0350014 0.0211875
8 0.409332 0.775676 0.0223765 0.0163644
4 0.843458 0.242671 0.00995636 0.00613899
0 0.407802 0.774916 0.0182329 0.0178138
