0 0.628226 0.803421 0.0135492 0.061952
0 0.555079 0.819146 0.00998411 0.0498108
0 0.586512 0.810512 0.0112044 0.0551266
0 0.41557 0.896523 0.0217768 0.0806059
0 0.452649 0.833229 0.0104423 0.0674527
0 0.796358 0.775932 0.00872993 0.0489456
0 0.830895 0.834905 0.0178816 0.0335275
0 0.843588 0.766471 0.00773888 0.0484416
0 0.718152 0.830062 0.0137836 0.0314555
0 0.724134 0.787099 0.00803433 0.0483432
0 0.114588 0.983744 0.0322251 0.026462
0 0.445097 0.835739 0.0100647 0.0599311
0 0.953831 0.850127 0.0224098 0.0390398
0 0.688652 0.794565 0.00923882 0.0447886
0 0.893669 0.975346 0.0620531 0.0445936
37 0.0225477 0.938776 0.0450954 0.0302656
0 0.936062 0.728571 0.00852909 0.0260169
0 0.694726 0.792588 0.00696964 0.0471875
0 0.355302 0.989369 0.0136762 0.0212618
37 0.197963 0.915775 0.0454297 0.0313894
0 0.0146384 0.752332 0.00891272 0.0169027
0 0.701912 0.792576 0.00882797 0.0434762
0 0.476008 0.856686 0.0197398 0.0258636
0 0.671394 0.793846 0.00855904 0.0334617
0 0.955142 0.744744 0.00729637 0.0338182
0 0.855914 0.830388 0.0138767 0.0325029
0 0.485007 0.856636 0.0379534 0.0260127
0 0.278039 0.727438 0.00473413 0.0167965
0 0.905141 0.973134 0.0410809 0.0394318
0 0.957604 0.848811 0.0151867 0.0356883
0 0.974778 0.762285 0.0182259 0.0274777
0 0.852715 0.831188 0.0223707 0.0335612
0 0.0569444 0.743156 0.00745831 0.0192505
0 0.00556775 0.977973 0.0110707 0.0207521
0 0.07681 0.750623 0.00486803 0.00946079
0 0.0563108 0.744518 0.00915091 0.0224272
0 0.883532 0.984483 0.0449587 0.028558
37 0.0958828 0.9943 0.0477797 0.00814514
0 0.853468 0.69731 0.00527687 0.0199431
0 0.358762 0.771812 0.00626917 0.0116991
0 0.440452 0.762288 0.00696812 0.0127699
0 0.00909386 0.97801 0.018083 0.0224774
0 0.577462 0.875387 0.0319866 0.0149272
0 0.972441 0.760846 0.0109989 0.0249908
37 0.852833 0.848711 0.0259346 0.00935398
0 0.995974 0.81035 0.0076458 0.0229997
0 0.677085 0.813477 0.0178101 0.022403
0 0.322188 0.717586 0.0079483 0.0122543
37 0.0179531 0.760652 0.0186499 0.00735847
0 0.974934 0.76795 0.0178932 0.0164381
0 0.016326 0.753074 0.0134943 0.0185645
8 0.98153 0.67442 0.0206472 0.0178975
0 0.451002 0.761991 0.0145195 0.0120821
0 0.996135 0.815569 0.00732212 0.0126021
0 0.357059 0.772512 0.013347 0.0130335
0 0.673655 0.800168 0.0133472 0.0471605
0 0.055528 0.749204 0.00981454 0.0135213
37 0.577281 0.875024 0.03165 0.0146194
0 0.491881 0.721161 0.00766487 0.0100491
0 0.714992 0.830483 0.0204897 0.0319758
0 0.955734 0.747378 0.0090271 0.0390381
0 0.950716 0.858008 0.0167572 0.024536
8 0.0621773 0.754244 0.0257252 0.0175232
0 0.722488 0.786356 0.010943 0.0503771
0 0.94945 0.851524 0.0280739 0.0420617
2 0.505991 0.41233 0.0358413 0.024854
37 0.936696 0.864424 0.0161797 0.0177851
8 0.447417 0.762148 0.0213281 0.0131704
0 0.101945 0.984645 0.0593768 0.0265574
0 0.884668 0.978472 0.0477552 0.0370436
33 0.39127 0.810954 0.0175132 0.0421588
37 0.94758 0.864574 0.0405415 0.0174893
37 0.852083 0.844729 0.0227259 0.0122609
8 0.05562 0.753873 0.0114802 0.0059628
37 0.0168881 0.757951 0.0160109 0.00978088
0 0.491735 0.721823 0.0102459 0.0102156
37 0.588325 0.91323 0.0545521 0.0123895
8 0.0617112 0.75923 0.024779 0.01323
0 0.670235 0.79589 0.0108799 0.0384981
24 0.153398 0.983576 0.017618 0.0125197
0 0.293252 0.727623 0.0138777 0.00797797
0 0.278475 0.727351 0.00696688 0.0172684
37 0.846099 0.84755 0.0399313 0.0118345
37 0.153366 0.983606 0.0175157 0.0123925
8 0.293322 0.727571 0.014993 0.00865868
37 0.956544 0.867245 0.0604805 0.0152898
0 0.447166 0.761681 0.0216058 0.0142741
0 0.168007 0.735162 0.0213931 0.0100047
0 0.332707 0.771847 0.0308915 0.0129791
8 0.250275 0.396949 0.00956574 0.0103836
4 0.771217 0.239947 0.00537834 0.00523682
33 0.391097 0.832886 0.0181188 0.0869222
0 0.129058 0.741181 0.0102729 0.00764465
0 0.721429 0.765354 0.00726156 0.010178
37 0.591626 0.914501 0.0442427 0.00944892
0 0.917922 0.972601 0.0171722 0.038523
0 0.996022 0.804241 0.0075222 0.0350869
8 0.985263 0.673814 0.0290312 0.0198702
8 0.0616628 0.745787 0.0259598 0.0237935
8 0.0626537 0.747169 0.0254574 0.0326457
0 0.838525 0.835476 0.0336437 0.0339901
0 0.938353 0.67419 0.00928726 0.0116713
0 0.676212 0.807407 0.0187407 0.0346141
37 0.33354 0.771801 0.032089 0.0130252
0 0.390436 0.797427 0.00726786 0.0164505
14 0.167214 0.287982 0.00967829 0.00716239
0 0.314557 0.72061 0.00817065 0.00935838
8 0.0634074 0.750241 0.0289628 0.0167497
14 0.903517 0.671793 0.00613232 0.0094819
2 0.498801 0.412433 0.0213514 0.0240089
0 0.122944 0.985668 0.0338199 0.020795
0 0.322099 0.71733 0.00970573 0.0156006
0 0.836494 0.696831 0.00591087 0.0186125
0 0.495575 0.863095 0.0165242 0.0110358
37 0.950067 0.868549 0.0394688 0.01073
