0 0.452415 0.833515 0.0126598 0.0674335
0 0.843611 0.765967 0.00717926 0.0475059
0 0.770684 0.779039 0.00851603 0.04387
0 0.830644 0.834966 0.0174828 0.032825
0 0.753957 0.78176 0.00780144 0.0484826
0 0.953522 0.849906 0.0222317 0.0421602
0 0.565237 0.813195 0.0116468 0.048849
0 0.81221 0.771666 0.0105532 0.0515052
0 0.795006 0.775977 0.0115208 0.0493903
0 0.702617 0.793107 0.00995293 0.0449059
0 0.684333 0.795522 0.00940771 0.0391317
0 0.784387 0.785649 0.00669279 0.029953
0 0.736617 0.78713 0.00822811 0.0435147
0 0.693976 0.794934 0.00927391 0.0401677
0 0.938827 0.728116 0.00678806 0.0214813
0 0.717834 0.830356 0.0135761 0.0313753
0 0.47872 0.859079 0.0357668 0.0210017
0 0.856532 0.831032 0.0140882 0.0337587
37 0.0220435 0.938598 0.044087 0.028123
0 0.115143 0.981128 0.0312996 0.0230318
0 0.287989 0.723814 0.00820794 0.0180834
37 0.19799 0.916245 0.0449581 0.0315413
0 0.907104 0.972433 0.0435471 0.0418915
0 0.27565 0.730481 0.00614729 0.0167209
0 0.0637781 0.742285 0.0085892 0.0276455
0 0.316387 0.713775 0.00603848 0.0182187
0 0.972143 0.763616 0.0133497 0.0247672
0 0.354519 0.989283 0.0154099 0.0214336
0 0.894099 0.975632 0.0674542 0.0467299
0 0.433038 0.914279 0.0263332 0.0378367
0 0.71372 0.830475 0.0225107 0.0322313
0 0.119672 0.982594 0.0403463 0.0260929
8 0.198329 0.916295 0.0452027 0.0316984
0 0.974408 0.763897 0.0188452 0.0252319
0 0.852702 0.831796 0.0220623 0.0363395
0 0.540591 0.85014 0.00690327 0.0254411
0 0.183711 0.734224 0.0107741 0.00927192
0 0.996223 0.807608 0.00715103 0.0276896
0 0.678376 0.816079 0.0201914 0.0174513
0 0.274553 0.730507 0.00811343 0.0180859
0 0.417493 0.777315 0.00841274 0.0156553
8 0.419668 0.762225 0.0223045 0.0110179
0 0.00702079 0.748815 0.00774441 0.017648
0 0.00578839 0.976011 0.0115202 0.0257304
0 0.135052 0.737869 0.0043581 0.00910814
0 0.884658 0.979417 0.0486462 0.0392522
37 0.0979183 0.994071 0.0515446 0.00852424
0 0.440727 0.919234 0.0104338 0.0248389
0 0.391185 0.816439 0.0173884 0.053125
0 0.0621853 0.742844 0.0145732 0.0255225
0 0.00246926 0.976424 0.00489268 0.0241552
0 0.146482 0.737579 0.00661645 0.0086731
0 0.52336 0.735287 0.010571 0.0104801
0 0.576484 0.875764 0.0320313 0.0138501
0 0.417113 0.779076 0.0100627 0.017839
0 0.783313 0.785499 0.00918884 0.0326664
0 0.106833 0.983907 0.066009 0.027663
0 0.921981 0.972478 0.0268421 0.0424374
0 0.141557 0.738276 0.0177517 0.00985447
0 0.429401 0.918303 0.0201276 0.0301256
0 0.771156 0.812682 0.0153262 0.015524
0 0.957884 0.850109 0.0138954 0.0394246
8 0.00515 0.751132 0.0102754 0.0153205
0 0.674768 0.816793 0.0140743 0.0171621
0 0.672499 0.817824 0.00913086 0.0144294
0 0.00576428 0.749095 0.0112448 0.0198873
0 0.980138 0.663458 0.00848789 0.0334462
8 0.0611475 0.742962 0.0179242 0.0307834
37 0.0558896 0.741335 0.00986176 0.00882551
0 0.916366 0.969979 0.0140171 0.0388265
37 0.976215 0.771774 0.0155846 0.00993958
0 0.0614223 0.742876 0.0180113 0.0305727
0 0.782106 0.785234 0.011112 0.0259772
8 0.978892 0.663519 0.0185516 0.0361742
0 0.983745 0.668135 0.00579796 0.0230282
0 0.484586 0.85876 0.0251166 0.0196737
0 0.882597 0.984856 0.0443291 0.028932
14 0.92775 0.681056 0.00541286 0.0134786
8 0.52473 0.735999 0.0134333 0.0110028
8 0.0612032 0.746575 0.0221766 0.0211475
0 0.427089 0.915182 0.0376236 0.0383311
37 0.530544 0.819521 0.0595504 0.0191888
0 0.980174 0.659752 0.00707359 0.0316739
0 0.560225 0.808195 0.0047081 0.0265264
37 0.852782 0.84877 0.0249416 0.00876804
0 0.767333 0.813071 0.00819807 0.01484
0 0.679114 0.809421 0.020753 0.0289841
8 0.00470335 0.746394 0.00939136 0.01773
0 0.90414 0.976377 0.0368723 0.031839
0 0.795894 0.756152 0.00837564 0.0141037
8 0.2919 0.730657 0.0482105 0.02166
0 0.683051 0.796422 0.0122009 0.0444987
37 0.387968 0.803059 0.0127782 0.0278446
0 0.682162 0.815112 0.0213304 0.018691
0 0.774099 0.812554 0.0188488 0.0169193
8 0.2937 0.732022 0.0450737 0.0123425
8 0.297067 0.731556 0.0311504 0.00869615
37 0.153438 0.983747 0.0178218 0.0123549
0 0.972894 0.672021 0.00606995 0.0167478
8 0.530789 0.819931 0.0596517 0.0184035
0 0.779426 0.815649 0.00784111 0.010396
37 0.990477 0.770608 0.0185791 0.00782369
0 0.93998 0.728278 0.0088501 0.0229591
0 0.349561 0.989331 0.0262029 0.0212343
0 0.93577 0.866854 0.0110722 0.0148495
37 0.273933 0.735912 0.00918198 0.00854628
8 0.307831 0.717985 0.0292501 0.0115421
33 0.391388 0.816164 0.0170392 0.0523009
0 0.303871 0.717648 0.00993261 0.00863444
0 0.968572 0.763833 0.0222788 0.0265774
0 0.862965 0.832873 0.0303989 0.0384762
0 0.879997 0.683224 0.00716 0.0169581
0 0.009131 0.97639 0.0179988 0.0276744
37 0.852903 0.846432 0.0259186 0.0126439
8 0.00585469 0.75571 0.0116947 0.0141995
0 0.9529 0.860048 0.0197781 0.0231513
0 0.95396 0.661712 0.00535507 0.0108721
0 0.855149 0.836233 0.0485847 0.0363909
0 0.00304302 0.973885 0.00603466 0.0300229
37 0.990258 0.768642 0.0190163 0.0102095
8 0.961327 0.504104 0.0768311 0.145391
37 0.972023 0.862238 0.0321339 0.011657
37 0.96575 0.862796 0.0431015 0.0125661
0 0.37315 0.757588 0.0106812 0.0083552
0 0.42682 0.924764 0.0195561 0.0174238
0 0.957236 0.673279 0.0067358 0.0183968
24 0.935869 0.867071 0.0110668 0.015056
37 0.410047 0.93272 0.0293386 0.0072269
8 0.259245 0.397665 0.0070076 0.00919189
37 0.593077 0.909372 0.0617825 0.0203115
8 0.303751 0.717546 0.0261427 0.0106674
0 0.81462 0.763783 0.0114515 0.0333915
0 0.525037 0.735451 0.0139524 0.0116909
0 0.592719 0.906948 0.0619322 0.0242972
37 0.843772 0.843415 0.0455778 0.020006
