0 0.452617 0.834339 0.01271 0.0671539
0 0.524341 0.819878 0.012481 0.0571743
0 0.565677 0.810875 0.0100708 0.0568834
0 0.554877 0.818825 0.0102686 0.0478943
0 0.718462 0.8292 0.0144636 0.0332559
0 0.639001 0.803167 0.00870524 0.0494887
0 0.842925 0.764391 0.00858784 0.0407817
0 0.688965 0.794642 0.0102514 0.0457482
0 0.956952 0.848062 0.0155849 0.0351013
0 0.3831 0.845834 0.0147756 0.0628823
0 0.702125 0.792626 0.0105794 0.047044
0 0.726961 0.787093 0.0100861 0.0474894
0 0.735309 0.784669 0.00748768 0.0496402
0 0.831333 0.834996 0.0168112 0.0325694
0 0.294537 0.903146 0.0144157 0.0800768
0 0.797267 0.774996 0.00937099 0.0497918
0 0.928928 0.731589 0.00763416 0.0292667
0 0.656947 0.807208 0.00893917 0.0334774
0 0.114495 0.982863 0.0312653 0.0244943
0 0.948517 0.850381 0.0164103 0.0374902
0 0.391018 0.833205 0.0177622 0.086929
0 0.853476 0.834185 0.020705 0.028422
0 0.926641 0.753527 0.00773392 0.0425229
0 0.952859 0.849603 0.0229057 0.0377509
0 0.355169 0.989454 0.0148672 0.0210914
0 0.97178 0.762191 0.0136642 0.0273273
0 0.474257 0.856374 0.0209974 0.0252713
0 0.905142 0.973325 0.0379211 0.0385734
0 0.979651 0.732613 0.00908928 0.0270857
37 0.198044 0.915581 0.0452707 0.0315318
0 0.577671 0.875019 0.0326422 0.0155124
0 0.677295 0.815375 0.0187328 0.0185189
0 0.883076 0.9823 0.0444979 0.0333772
0 0.00572423 0.97557 0.0113772 0.0261136
0 0.945341 0.851066 0.0229359 0.0389021
0 0.891174 0.976814 0.0605927 0.0439575
8 0.0579313 0.731911 0.0156833 0.0209958
37 0.022292 0.938648 0.044584 0.0299028
0 0.914782 0.671974 0.00557594 0.0130784
14 0.0748853 0.756718 0.0136442 0.00787387
0 0.483101 0.856361 0.0382738 0.0257855
0 0.0355874 0.744572 0.00861927 0.0154256
0 0.391263 0.81193 0.0173422 0.0436656
0 0.54065 0.849388 0.00689754 0.0277588
0 0.297718 0.903278 0.0209466 0.0804108
0 0.686544 0.798873 0.015179 0.0442841
0 0.105634 0.984124 0.0494148 0.0267376
0 0.863308 0.696189 0.00590134 0.0174757
0 0.917245 0.972502 0.015798 0.0373942
0 0.922012 0.973543 0.0256218 0.0393706
0 0.94073 0.673106 0.00603333 0.0209813
37 0.936582 0.86656 0.0166878 0.0144563
37 0.0994993 0.994084 0.0538739 0.00829434
0 0.91478 0.972263 0.0104414 0.0370009
0 0.923802 0.68208 0.0071907 0.00975766
8 0.0590526 0.730093 0.01293 0.0174584
14 0.509145 0.721477 0.0164766 0.0133908
0 0.715625 0.829404 0.0205526 0.0339973
0 0.786831 0.813987 0.0344124 0.0189535
0 0.951638 0.659772 0.00387898 0.0146993
0 0.855878 0.836151 0.0278599 0.0314723
0 0.898822 0.683065 0.0102016 0.0172924
14 0.99628 0.816338 0.00703125 0.0113763
0 0.99093 0.671359 0.00537682 0.01594
0 0.00851374 0.975649 0.0169208 0.0275957
0 0.860551 0.794594 0.00528927 0.0134216
0 0.941296 0.669312 0.00642376 0.0240173
14 0.00240434 0.758729 0.00469818 0.00676236
0 0.865311 0.685221 0.00634727 0.00970145
0 0.77318 0.813719 0.0215714 0.017981
0 0.958997 0.673493 0.00643959 0.0188615
0 0.855482 0.795165 0.0161785 0.0125324
24 0.153443 0.983651 0.017939 0.0127394
0 0.119577 0.984075 0.0408395 0.0250736
0 0.286463 0.73867 0.00786662 0.0118357
0 0.99604 0.807645 0.00751095 0.0288037
37 0.97686 0.771449 0.013863 0.00933465
0 0.770288 0.813271 0.0157797 0.0178012
0 0.777315 0.81442 0.0302372 0.0199607
0 0.777429 0.814403 0.0128654 0.0172843
0 0.853124 0.796499 0.011623 0.00907305
0 0.592971 0.907457 0.062324 0.0232029
0 0.857244 0.837056 0.0444435 0.0349618
8 0.490747 0.761149 0.0231695 0.0193641
0 0.784808 0.81413 0.025561 0.0176724
0 0.148332 0.750357 0.0111485 0.0098665
37 0.956709 0.867422 0.0607601 0.0143787
0 0.577739 0.871148 0.0331272 0.0237137
0 0.911053 0.975821 0.0507732 0.0432334
0 0.96868 0.76248 0.0209557 0.0282701
37 0.860688 0.845938 0.0389256 0.0164264
0 0.865831 0.687936 0.00943661 0.0132684
14 0.131909 0.739615 0.0116672 0.00926039
0 0.872552 0.845654 0.0144299 0.0148753
8 0.49548 0.760163 0.014153 0.0158281
0 0.996106 0.816567 0.00731049 0.0134698
8 0.990833 0.663533 0.0172401 0.0309696
0 0.949125 0.853046 0.0394878 0.0429672
0 0.844575 0.836681 0.0452866 0.0340959
