0 0.361622 0.847732 0.0132664 0.0621928
0 0.453397 0.833879 0.0115395 0.06606
0 0.796503 0.774848 0.00845108 0.0485531
0 0.554898 0.819266 0.010372 0.0486657
0 0.84304 0.765824 0.00829315 0.0447622
0 0.62272 0.810087 0.00941639 0.0503659
0 0.233649 0.904401 0.0149901 0.0789347
0 0.831254 0.835191 0.0168884 0.0322983
0 0.535468 0.815519 0.0110962 0.060435
0 0.702554 0.791935 0.0105655 0.0470016
0 0.742339 0.782815 0.00912495 0.0505212
0 0.493473 0.824956 0.0109165 0.0569941
0 0.114329 0.98278 0.0321953 0.0256399
0 0.732686 0.786231 0.00907955 0.0461361
0 0.930814 0.727751 0.00808716 0.0234619
0 0.689256 0.79565 0.00994472 0.044656
0 0.718405 0.830153 0.0131825 0.0314911
0 0.917796 0.751374 0.00883389 0.0406772
0 0.637668 0.810051 0.00660744 0.0315306
0 0.906364 0.972531 0.0408161 0.0388607
0 0.956521 0.848646 0.0161423 0.036417
37 0.022156 0.938588 0.0442637 0.0287482
0 0.475958 0.857956 0.0184932 0.022541
0 0.0284224 0.734222 0.00883564 0.0294123
37 0.198776 0.91644 0.0459282 0.0311544
0 0.355456 0.989332 0.0140703 0.0213355
0 0.897656 0.683759 0.00647144 0.0141302
0 0.553042 0.760594 0.0113392 0.0158091
0 0.854213 0.835485 0.0202717 0.0255297
0 0.94741 0.850377 0.0345478 0.039591
0 0.883709 0.980313 0.045055 0.0379905
0 0.962959 0.737427 0.00792732 0.0319856
0 0.996186 0.813424 0.00722275 0.0167647
0 0.715467 0.830473 0.0195618 0.0326096
0 0.287652 0.735288 0.00674019 0.0155557
0 0.893907 0.975395 0.0647211 0.0458021
0 0.679195 0.815498 0.0122794 0.0178392
37 0.102454 0.994204 0.0630561 0.00881416
0 0.39149 0.829682 0.0180622 0.0803786
0 0.917718 0.972406 0.017247 0.0382697
0 0.872939 0.694763 0.00949764 0.0142417
0 0.731239 0.778545 0.00699854 0.0307475
0 0.676414 0.81568 0.0165075 0.0185193
0 0.463349 0.760389 0.0105183 0.0174981
0 0.855109 0.832136 0.0174557 0.0262984
0 0.993574 0.670467 0.00529251 0.022021
8 0.27 0.713687 0.0156364 0.0109331
0 0.0270249 0.735311 0.0116085 0.0322832
0 0.974268 0.765539 0.0184597 0.0217312
0 0.769731 0.813159 0.0146606 0.0151693
37 0.718443 0.790967 0.0264645 0.0145777
0 0.874088 0.69444 0.013378 0.0149354
0 0.484636 0.857641 0.0353542 0.0237952
0 0.00223133 0.976284 0.00442105 0.0231077
37 0.644155 0.804493 0.0133611 0.0164725
0 0.00559008 0.976163 0.0111552 0.0259013
0 0.971987 0.768487 0.0142681 0.01653
37 0.0950287 0.994479 0.0470245 0.00826179
0 0.774564 0.813947 0.0186337 0.0152367
0 0.946482 0.85877 0.0350756 0.0285202
37 0.587948 0.912165 0.0536599 0.0143863
0 0.687079 0.783228 0.00660839 0.0235197
0 0.975053 0.771737 0.0178249 0.010661
0 0.844094 0.835892 0.0419357 0.0328434
0 0.852196 0.834905 0.0217884 0.0306112
0 0.861852 0.836565 0.0358376 0.0317583
0 0.878547 0.984779 0.0347801 0.0294813
0 0.895449 0.973092 0.0188826 0.0254596
0 0.995677 0.670377 0.00525417 0.0203451
37 0.576737 0.875125 0.0336357 0.0134694
37 0.0328781 0.754653 0.0168751 0.0148002
0 0.712798 0.832505 0.0233175 0.031379
0 0.577356 0.875575 0.0335472 0.0133267
37 0.542258 0.768106 0.038792 0.0147653
0 0.923465 0.677515 0.00560398 0.0221195
24 0.153495 0.983512 0.0176871 0.0124773
0 0.922233 0.973602 0.0265286 0.0413803
0 0.939371 0.859309 0.0214746 0.0259589
0 0.92327 0.673671 0.0058197 0.016851
0 0.992602 0.670292 0.00616455 0.0223288
0 0.0245591 0.745765 0.00673672 0.0125139
37 0.591741 0.914037 0.0442308 0.0103617
0 0.93735 0.856427 0.0166199 0.0210364
8 0.0208763 0.752173 0.0415606 0.0275396
8 0.209888 0.72947 0.0180472 0.0203713
37 0.937658 0.856789 0.0169243 0.0218519
0 0.990114 0.669337 0.00451813 0.0201892
0 0.994793 0.813612 0.010041 0.0174215
33 0.391401 0.813893 0.0169698 0.0454115
0 0.872625 0.845572 0.0145941 0.015015
0 0.940965 0.678501 0.00644608 0.01358
0 0.856453 0.836312 0.0468697 0.0356778
8 0.542319 0.769511 0.0363921 0.0193208
37 0.950915 0.867685 0.0423004 0.0140667
8 0.368735 0.721515 0.0345113 0.0150194
0 0.00974015 0.976599 0.0193075 0.0297809
0 0.00299548 0.972894 0.00593539 0.0304467
0 0.97351 0.7521 0.00681343 0.0100266
8 0.209788 0.726048 0.0161665 0.0127838
0 0.517147 0.835436 0.0100335 0.0185038
8 0.151599 0.743094 0.0276025 0.0172852
37 0.852595 0.848718 0.0260796 0.00995483
37 0.997097 0.704764 0.00539131 0.0124346
0 0.875579 0.981752 0.0286465 0.0331889
0 0.984045 0.651811 0.0043087 0.0136234
37 0.152306 0.74539 0.0263484 0.0135637
0 0.961008 0.66954 0.00404873 0.0118707
37 0.715565 0.791673 0.0334576 0.0175364
37 0.956889 0.864736 0.0576614 0.0184643
37 0.956912 0.862736 0.031072 0.0139357
8 0.37347 0.722457 0.0258016 0.0131632
0 0.897492 0.687032 0.00756931 0.0205295
37 0.588833 0.909154 0.0557225 0.020714
0 0.712816 0.839115 0.0246563 0.0173262
0 0.102355 0.985309 0.0667313 0.0269906
0 0.973189 0.762513 0.0169586 0.0284259
37 0.859574 0.845024 0.0413807 0.0178847
8 0.361616 0.719631 0.0497314 0.0186432
0 0.941118 0.675723 0.00650806 0.014945
0 0.260581 0.768933 0.00450802 0.0110272
37 0.604885 0.808851 0.0290628 0.00935669
37 0.935658 0.867083 0.0143372 0.0135898
8 0.598896 0.757682 0.0443396 0.0221005
37 0.577692 0.881327 0.0330318 0.00925802
0 0.964868 0.738287 0.0120987 0.0349779
37 0.96001 0.862682 0.053862 0.0105364
0 0.517459 0.722481 0.0173796 0.010359
