0 0.452773 0.833264 0.01273 0.0679393
0 0.56324 0.815166 0.011591 0.0530945
0 0.751936 0.782321 0.00771027 0.0495819
0 0.765124 0.781001 0.00873899 0.0458042
0 0.7182 0.830247 0.0146563 0.0309262
0 0.831196 0.83455 0.0184795 0.0336782
0 0.843677 0.765948 0.00772896 0.0497047
0 0.80423 0.772765 0.0114174 0.053441
0 0.69241 0.795129 0.0097085 0.0497713
0 0.783634 0.7745 0.00860119 0.0484409
0 0.79668 0.775755 0.00780544 0.0491147
0 0.702645 0.792713 0.0116011 0.045538
0 0.953514 0.849262 0.0220156 0.0415388
0 0.736869 0.785261 0.00902843 0.0458452
0 0.856168 0.830449 0.0142429 0.0328117
0 0.485102 0.857158 0.034476 0.023672
0 0.673276 0.792797 0.0101647 0.0362178
0 0.00721362 0.749084 0.00756938 0.0180003
0 0.287549 0.723967 0.00653548 0.0191752
0 0.433953 0.914703 0.0242556 0.0366598
0 0.956982 0.848655 0.0152908 0.0401052
0 0.775591 0.786893 0.00642538 0.0333449
0 0.937906 0.728911 0.00813255 0.0224172
37 0.198052 0.915633 0.0463973 0.0318939
0 0.118564 0.983761 0.0370987 0.0258301
0 0.354947 0.989136 0.0146631 0.0217277
0 0.853968 0.83097 0.0202375 0.033981
37 0.0220825 0.93842 0.044165 0.0285906
8 0.198241 0.915575 0.046297 0.0320831
0 0.31602 0.709717 0.0061388 0.0189355
0 0.540555 0.849284 0.00716743 0.0267848
0 0.774112 0.786802 0.00872221 0.0333518
0 0.890626 0.976234 0.0575834 0.0452426
0 0.673082 0.800158 0.0110425 0.0507782
0 0.883891 0.980288 0.0448486 0.0381337
0 0.06572 0.744816 0.00763226 0.0198578
0 0.902722 0.973648 0.0336864 0.0408357
0 0.577377 0.87571 0.0325068 0.014583
0 0.413824 0.780048 0.00955906 0.0181232
37 0.0952289 0.994203 0.0457247 0.00811462
0 0.413957 0.773312 0.00973568 0.0303628
0 0.91403 0.973092 0.0105282 0.0389669
0 0.00293455 0.970252 0.00581297 0.0347521
37 0.853087 0.848314 0.024567 0.00958116
0 0.974509 0.763931 0.0190598 0.0267543
0 0.274584 0.729554 0.00670905 0.015566
0 0.740799 0.791929 0.00546608 0.0298381
0 0.995913 0.811627 0.00776176 0.0198717
37 0.103779 0.993742 0.0637275 0.00849711
0 0.134872 0.740019 0.00492492 0.00988193
0 0.413457 0.763376 0.00698671 0.0128016
0 0.799829 0.698339 0.00779915 0.0155273
0 0.00566543 0.750169 0.0109858 0.0178497
0 0.114235 0.982845 0.0292113 0.022348
37 0.0553965 0.741292 0.0109201 0.0103556
37 0.918772 0.755999 0.026852 0.0112373
8 0.978252 0.666855 0.0202549 0.0320299
0 0.920383 0.973671 0.0260235 0.0407164
0 0.678191 0.815785 0.0118729 0.0187356
0 0.0040719 0.969685 0.00809002 0.0372874
14 0.895018 0.68128 0.0102774 0.0140472
8 0.523277 0.734804 0.0166539 0.0100321
0 0.494601 0.856817 0.0162518 0.0231605
0 0.971555 0.674501 0.00650578 0.0168059
37 0.182779 0.736678 0.0107888 0.0081387
37 0.00589598 0.757371 0.0117218 0.0106098
8 0.00726702 0.757648 0.0144553 0.0110114
0 0.4376 0.914634 0.0169755 0.0346141
0 0.521947 0.734507 0.0133822 0.00978699
0 0.00579742 0.970643 0.011529 0.0361816
0 0.740732 0.785404 0.00768623 0.0451324
8 0.0616413 0.745001 0.0237301 0.0198454
0 0.77333 0.813036 0.00611486 0.0146756
0 0.00301896 0.961354 0.00603362 0.0529673
0 0.182946 0.73633 0.010909 0.00811191
0 0.901831 0.97468 0.0641617 0.0435313
0 0.124416 0.984977 0.0299737 0.0236165
37 0.523193 0.735332 0.0169718 0.00948198
0 0.739204 0.785369 0.0113086 0.0457665
8 0.137919 0.740909 0.0180826 0.0111599
0 0.795024 0.77607 0.0108641 0.0490935
37 0.852003 0.845311 0.0220043 0.011831
37 0.0610327 0.74525 0.0222653 0.0186934
16 0.770261 0.812452 0.0148083 0.0158081
0 0.778197 0.813864 0.0110321 0.0137858
0 0.481323 0.85825 0.0290247 0.0206601
0 0.768973 0.812896 0.0131897 0.0154402
8 0.0595689 0.742723 0.0196418 0.0224694
0 0.675839 0.799837 0.0158422 0.0512441
0 0.955427 0.672035 0.00794106 0.0197221
0 0.949655 0.858114 0.0146 0.0251092
0 0.109124 0.981624 0.0188065 0.0220915
14 0.926637 0.680716 0.00475693 0.0106941
0 0.877 0.682565 0.00766144 0.0163296
0 0.776349 0.812608 0.0148478 0.0166902
0 0.412624 0.767434 0.00841427 0.0205794
0 0.78213 0.698172 0.00613098 0.0168175
0 0.983443 0.672649 0.00687313 0.0177353
0 0.767313 0.812513 0.0102873 0.0169954
0 0.131475 0.984372 0.0631734 0.0229287
37 0.85509 0.847299 0.0285822 0.0137672
0 0.976029 0.771757 0.0198467 0.0112069
0 0.376277 0.75867 0.0117491 0.0123544
14 0.894482 0.683159 0.0116726 0.0155392
0 0.972608 0.675976 0.00672607 0.0171979
14 0.376493 0.75773 0.011568 0.0108924
8 0.979439 0.662679 0.0175842 0.0412596
0 0.848926 0.83309 0.0291809 0.0351227
8 0.97834 0.67457 0.0211485 0.0212763
37 0.93618 0.866859 0.011585 0.0160119
0 0.412807 0.778671 0.0142817 0.0211255
0 0.138369 0.740895 0.0182853 0.0109985
0 0.994872 0.810569 0.00981064 0.0228014
0 0.947233 0.859748 0.00969429 0.0188331
8 0.970953 0.662758 0.0401951 0.0440284
0 0.67769 0.812002 0.0175768 0.0238193
8 0.284797 0.731333 0.0283636 0.0133423
37 0.795843 0.817909 0.0379339 0.0100732
0 0.995726 0.80544 0.00811043 0.0322693
37 0.843802 0.845332 0.0446629 0.0158803
14 0.877407 0.680524 0.00927677 0.0213594
0 0.791164 0.77539 0.0186213 0.0510722
0 0.956637 0.66655 0.0104975 0.0236432
8 0.376335 0.758355 0.0116638 0.0126144
0 0.982228 0.667165 0.0103683 0.022793
26 0.153471 0.983482 0.0179612 0.0131083
0 0.957164 0.669169 0.0104187 0.0148354
0 0.877201 0.678344 0.00809326 0.0203747
0 0.957508 0.665234 0.0108677 0.017141
0 0.767645 0.780742 0.013641 0.0468401
8 0.957119 0.667272 0.0109161 0.0152593
