0 0.407177 0.84149 0.015687 0.0621311
0 0.452614 0.834488 0.0115801 0.0656894
0 0.339889 0.900844 0.0226071 0.0809299
0 0.830836 0.835146 0.017482 0.0323705
0 0.726692 0.786233 0.012622 0.0504264
0 0.796823 0.775141 0.00898228 0.0500697
0 0.68967 0.795391 0.0114296 0.0467414
0 0.843292 0.766408 0.00845165 0.0459518
0 0.653743 0.801478 0.00876103 0.0463223
0 0.589804 0.808708 0.0118624 0.0573446
0 0.713868 0.790536 0.0103085 0.0495622
0 0.70127 0.794847 0.0111297 0.050589
0 0.718027 0.830235 0.0139042 0.0314884
0 0.549337 0.816438 0.0103699 0.0522156
0 0.956577 0.847735 0.0161535 0.0352458
0 0.114581 0.982773 0.0331154 0.0276866
0 0.555467 0.818297 0.00763273 0.0480699
37 0.198436 0.916592 0.0443387 0.0300958
0 0.391102 0.818979 0.018042 0.0587506
0 0.483992 0.857506 0.0363695 0.0239753
37 0.0221665 0.938738 0.044333 0.0306173
0 0.933138 0.749848 0.00959282 0.0464712
0 0.0521101 0.740942 0.00522279 0.0151015
0 0.971638 0.762753 0.0131559 0.0269341
0 0.894026 0.975648 0.0648466 0.0442919
0 0.475525 0.857347 0.0188776 0.023713
0 0.857389 0.832083 0.0129276 0.0289091
0 0.974322 0.762773 0.0187267 0.0277713
0 0.55289 0.818122 0.00966244 0.0490045
0 0.906406 0.973307 0.0400272 0.0394825
37 0.0962677 0.9941 0.0484902 0.00818871
0 0.996493 0.731129 0.00583305 0.0270081
0 0.853116 0.833358 0.0227661 0.030572
0 0.355294 0.989273 0.0136103 0.0214532
0 0.0054591 0.975792 0.0108489 0.0259918
8 0.0597969 0.751041 0.0326009 0.0134232
0 0.108018 0.983051 0.0484339 0.0287113
0 0.917461 0.972887 0.0171223 0.0384681
0 0.676372 0.806905 0.0189314 0.0364665
0 0.88368 0.981407 0.0447374 0.0349545
0 0.670418 0.799137 0.0062479 0.0221171
0 0.00334725 0.975896 0.00664043 0.0248969
0 0.946674 0.856162 0.015871 0.0263567
0 0.673461 0.806451 0.0127949 0.0367523
0 0.0595878 0.742355 0.00702579 0.0104811
0 0.849648 0.832995 0.0124611 0.0278049
0 0.950651 0.849633 0.0274555 0.0383996
0 0.677148 0.815059 0.0199406 0.0201653
37 0.85339 0.84879 0.0247414 0.00847677
0 0.99615 0.813543 0.00729256 0.0157852
0 0.715284 0.830559 0.0200621 0.0323073
0 0.772967 0.813816 0.0205273 0.0175191
37 0.577084 0.875701 0.0339342 0.0137485
0 0.92157 0.973305 0.0262001 0.039074
0 0.93182 0.745731 0.0107464 0.0546153
0 0.947362 0.852708 0.0210323 0.0342311
0 0.280472 0.737825 0.0144931 0.0145537
8 0.0602609 0.746949 0.0322101 0.0212613
0 0.00368249 0.756011 0.00722524 0.0103482
0 0.864594 0.834887 0.026926 0.0348314
0 0.859459 0.835782 0.0377321 0.0367167
0 0.00875053 0.975925 0.0174102 0.027781
37 0.334989 0.726512 0.01587 0.00810445
0 0.857868 0.696697 0.00923958 0.0189206
37 0.577485 0.879287 0.034156 0.0137444
37 0.307663 0.766562 0.0224324 0.0140608
0 0.34891 0.772694 0.00716906 0.010003
0 0.9448 0.85644 0.0212936 0.0297007
0 0.842179 0.835442 0.0407532 0.0333856
26 0.153468 0.983645 0.0177598 0.0123664
0 0.781745 0.813924 0.035965 0.0194607
0 0.280317 0.735107 0.0152922 0.0197464
0 0.904455 0.684236 0.00631065 0.0125482
37 0.153445 0.983632 0.0175551 0.0123828
8 0.467363 0.752325 0.111101 0.0320987
37 0.101049 0.992487 0.057561 0.0109543
8 0.307467 0.766061 0.0222738 0.014581
0 0.307366 0.766519 0.0231825 0.0131139
0 0.391168 0.832713 0.0186275 0.085986
0 0.173377 0.736144 0.0119028 0.00940518
0 0.858824 0.795103 0.00822105 0.0128237
37 0.329137 0.724582 0.02711 0.012316
0 0.941515 0.856913 0.026524 0.0324504
0 0.585349 0.809191 0.00523167 0.0209574
0 0.819305 0.814829 0.00968704 0.0094279
8 0.173508 0.736193 0.0116661 0.00963745
0 0.501976 0.718454 0.0128702 0.0106177
37 0.844073 0.84387 0.0447918 0.0191518
0 0.878692 0.985055 0.0350704 0.0282403
0 0.494623 0.862789 0.015206 0.0121446
0 0.934671 0.747582 0.0135366 0.0515674
0 0.782497 0.814088 0.0194016 0.0169052
0 0.715728 0.82232 0.0160587 0.0470401
0 0.58639 0.812275 0.00741158 0.0265357
0 0.453139 0.764067 0.00558987 0.0102007
0 0.328859 0.724695 0.0279027 0.0122118
0 0.447612 0.820082 0.00473557 0.0267751
0 0.540699 0.849671 0.00809517 0.0266123
0 0.895543 0.972737 0.0202337 0.0306803
0 0.944097 0.854487 0.0334641 0.037735
37 0.577837 0.887148 0.0347046 0.00870531
37 0.966144 0.86349 0.0430157 0.00914493
0 0.871148 0.845288 0.0117628 0.0156586
0 0.854485 0.830595 0.0184536 0.0305437
0 0.787018 0.816727 0.0254031 0.0141881
37 0.110489 0.995332 0.0758194 0.00933668
