0 0.452945 0.834109 0.0127068 0.0671332
0 0.48111 0.832228 0.0133659 0.0648951
0 0.171068 0.882984 0.0125846 0.0586405
0 0.788186 0.776954 0.0109179 0.0472387
0 0.696963 0.794451 0.00881348 0.0480113
0 0.806278 0.774206 0.00922546 0.0438236
0 0.772998 0.778873 0.00932636 0.0502901
0 0.501048 0.810189 0.0118454 0.0464874
0 0.953662 0.84957 0.0220947 0.0411618
0 0.987706 0.737514 0.0112574 0.0471809
0 0.962068 0.743846 0.0101723 0.0485447
0 0.842773 0.766335 0.0104908 0.0453579
0 0.424339 0.913035 0.0210136 0.044498
0 0.766667 0.781122 0.00874882 0.0483949
0 0.717325 0.830556 0.0149277 0.0308685
0 0.830327 0.834393 0.0179874 0.0328403
0 0.681593 0.790975 0.0105848 0.0363142
0 0.856522 0.76392 0.00858765 0.0424911
0 0.855203 0.831444 0.0173229 0.034158
0 0.915529 0.74291 0.0113602 0.019587
0 0.765694 0.697581 0.00638342 0.0172542
0 0.354878 0.989161 0.0150636 0.021679
0 0.92921 0.749745 0.00970993 0.0462501
0 0.115487 0.984321 0.0307909 0.0224253
0 0.877765 0.766986 0.00584679 0.0300971
0 0.883529 0.979524 0.0453505 0.0384823
0 0.907137 0.973362 0.0435146 0.0402774
0 0.99562 0.813638 0.00833836 0.0183092
0 0.00634344 0.750944 0.0103355 0.0179986
0 0.894949 0.975853 0.0676693 0.0444095
0 0.921709 0.973533 0.0259644 0.0406386
8 0.198297 0.915614 0.0472636 0.0315023
37 0.198659 0.915905 0.0470709 0.031593
0 0.786055 0.69853 0.00692749 0.0161502
0 0.110585 0.984894 0.043361 0.024556
0 0.328231 0.712274 0.00629816 0.0168745
0 0.00608314 0.981474 0.0120818 0.0142188
37 0.022065 0.939159 0.0441301 0.0300218
0 0.540587 0.849297 0.0068778 0.0258772
37 0.095988 0.994188 0.0469445 0.008196
37 0.814291 0.783119 0.0124756 0.0132428
0 0.973171 0.762506 0.0175789 0.0282457
0 0.918043 0.972742 0.0180201 0.0390174
0 0.425989 0.917361 0.0172832 0.0359202
8 0.0077679 0.760004 0.015364 0.00889791
0 0.881814 0.984863 0.0417385 0.0283693
0 0.677022 0.815099 0.0191694 0.0219835
0 0.302767 0.755757 0.00923271 0.0182695
8 0.0220443 0.938965 0.0440718 0.0299286
0 0.770506 0.783994 0.0139507 0.0612915
0 0.577667 0.875906 0.032779 0.0143948
0 0.985311 0.675702 0.00699253 0.0161931
0 0.853484 0.833179 0.0232023 0.0376234
0 0.948043 0.851735 0.0326059 0.0438083
0 0.957783 0.848843 0.0140923 0.0361803
8 0.00729182 0.757773 0.0145117 0.011487
0 0.50992 0.770035 0.0083787 0.0156876
8 0.980696 0.690091 0.0381947 0.0179694
0 0.310224 0.75458 0.00426455 0.0133277
0 0.97268 0.752719 0.00564728 0.00908034
0 0.986544 0.676128 0.00659637 0.0152336
8 0.408592 0.793093 0.0731953 0.0312985
0 0.420439 0.912513 0.0149029 0.0442535
0 0.712152 0.831494 0.0253413 0.0323588
0 0.112284 0.981516 0.0255888 0.022404
37 0.103254 0.986411 0.0606949 0.0226919
37 0.320673 0.717521 0.0206483 0.0097541
0 0.838532 0.767327 0.0049881 0.035557
0 0.125391 0.985864 0.0270552 0.0211862
0 0.937536 0.724672 0.00648575 0.0201953
0 0.952516 0.8609 0.0234924 0.0224725
0 0.0793831 0.752315 0.0175596 0.011076
0 0.966862 0.741841 0.00608349 0.0428138
33 0.39117 0.813821 0.0184958 0.0465627
0 0.858791 0.779132 0.0104473 0.0442557
24 0.153404 0.983203 0.0178184 0.013269
0 0.677856 0.798884 0.0198046 0.0535597
0 0.842092 0.83431 0.0430874 0.0355591
0 0.897896 0.975186 0.0250156 0.0313677
0 0.00617294 0.978575 0.0122341 0.0193858
0 0.391482 0.813148 0.0186277 0.0486552
0 0.429567 0.918962 0.0130627 0.0317729
0 0.0570609 0.751797 0.00743406 0.00913628
8 0.905133 0.767529 0.0495541 0.01592
0 0.486778 0.770684 0.0067256 0.0152742
0 0.981685 0.653057 0.00894051 0.0209221
0 0.305016 0.756112 0.0146457 0.0166222
37 0.584864 0.913988 0.0456381 0.0137431
0 0.99534 0.808682 0.00884476 0.0289513
0 0.102124 0.985754 0.059421 0.0241343
37 0.407927 0.794755 0.0741667 0.0295464
0 0.852096 0.83955 0.0228188 0.0251021
8 0.299335 0.737257 0.021557 0.0111262
14 0.924684 0.681262 0.0105774 0.0139084
0 0.57761 0.873016 0.0334983 0.0202649
0 0.938133 0.727176 0.00654793 0.0221117
0 0.979893 0.648759 0.00789871 0.0137453
8 0.514449 0.770418 0.018714 0.0160392
0 0.423685 0.921148 0.0185549 0.029804
0 0.874887 0.984906 0.0277042 0.0266829
0 0.915927 0.746254 0.0125568 0.0282871
0 0.876189 0.685615 0.00501785 0.0075726
37 0.907058 0.768407 0.0535782 0.0163306
0 0.907718 0.684366 0.00525284 0.0100498
