0 0.269639 0.903783 0.0137965 0.0814162
0 0.553656 0.81269 0.0116985 0.0586999
0 0.452988 0.834903 0.0126287 0.0666855
0 0.511515 0.819725 0.0137222 0.0519562
0 0.37423 0.844376 0.0119176 0.0603333
0 0.797303 0.77552 0.00925989 0.0500719
0 0.842825 0.764842 0.00856514 0.04097
0 0.718425 0.829662 0.0143549 0.03229
0 0.702621 0.792789 0.0102757 0.0470774
0 0.831312 0.834977 0.0168007 0.0325819
0 0.631222 0.805849 0.00821009 0.0502424
0 0.689358 0.794968 0.0103312 0.0460446
0 0.730512 0.786043 0.00790272 0.0453881
0 0.956832 0.847872 0.0159441 0.0347805
0 0.114547 0.982824 0.0312242 0.0244297
0 0.929669 0.728464 0.0074295 0.0217758
0 0.972197 0.733434 0.0060133 0.0285255
0 0.853661 0.834259 0.0203005 0.0281279
37 0.198626 0.916209 0.0437628 0.0306737
0 0.47566 0.857255 0.0173625 0.0237542
0 0.391127 0.832042 0.0178602 0.0849348
0 0.355226 0.989417 0.0147225 0.0211652
0 0.945173 0.849903 0.0143232 0.0375376
0 0.739277 0.779504 0.00583315 0.0366392
0 0.890844 0.977003 0.0598568 0.0440481
0 0.577617 0.874834 0.0326021 0.0159346
0 0.923899 0.746726 0.00816994 0.0285078
0 0.971757 0.762766 0.013513 0.0261424
0 0.904674 0.973281 0.038554 0.0383887
37 0.0222166 0.938726 0.0444332 0.0294512
0 0.650565 0.808211 0.00703535 0.0323744
0 0.676681 0.815288 0.0177634 0.0183133
0 0.882971 0.984867 0.0440914 0.028556
0 0.0608533 0.731914 0.00790597 0.0152564
0 0.00582069 0.975708 0.0115695 0.0258503
0 0.940488 0.673714 0.00564804 0.0200612
0 0.941081 0.85241 0.0241495 0.0426763
0 0.0412056 0.737384 0.00888103 0.0153934
0 0.911345 0.97424 0.0483955 0.0408517
0 0.922351 0.973582 0.0261343 0.0392317
0 0.484709 0.857485 0.0364234 0.0239143
0 0.917347 0.972284 0.015736 0.0367159
0 0.866766 0.696347 0.00647411 0.0151765
0 0.853211 0.83644 0.0256554 0.0325339
0 0.949636 0.850467 0.0312012 0.0387594
0 0.288493 0.739437 0.0088871 0.0132453
0 0.540708 0.848935 0.00667877 0.0282657
0 0.341316 0.771798 0.00510211 0.00870904
37 0.0996259 0.994075 0.0549121 0.00822245
0 0.914754 0.972183 0.0102501 0.0367659
0 0.0621464 0.732124 0.0106228 0.0162916
0 0.516636 0.756988 0.00917206 0.0179808
0 0.926584 0.739458 0.0137678 0.0434848
0 0.990699 0.671231 0.00413322 0.0169583
0 0.834264 0.834944 0.02346 0.0333584
0 0.895472 0.682069 0.00592785 0.0136795
0 0.860492 0.794688 0.00535774 0.0134552
0 0.972751 0.752462 0.00858002 0.0087989
14 0.996287 0.816314 0.00701923 0.0112566
0 0.923574 0.679257 0.00593948 0.011466
0 0.785792 0.813852 0.0367771 0.0193422
0 0.973948 0.762409 0.0184965 0.0280219
8 0.353891 0.72437 0.0226297 0.0114261
0 0.740502 0.778964 0.00798988 0.039741
0 0.899666 0.975349 0.0298309 0.0331095
0 0.00334058 0.973146 0.00663548 0.030092
0 0.264141 0.728055 0.0129507 0.0125085
0 0.737484 0.779119 0.00903139 0.0453739
0 0.263284 0.725186 0.0130555 0.0148214
0 0.102073 0.984494 0.0582926 0.0262505
0 0.91632 0.671627 0.00827255 0.0118001
0 0.00845677 0.975719 0.0167696 0.0272649
0 0.773834 0.813571 0.0204498 0.0188558
0 0.997002 0.670282 0.00495987 0.0147758
0 0.739228 0.783978 0.00847168 0.0482949
0 0.996062 0.807655 0.00746651 0.0285977
0 0.592873 0.907401 0.0624066 0.0233242
8 0.187759 0.733522 0.0153861 0.013246
0 0.960971 0.673687 0.00531197 0.0190875
0 0.77071 0.812985 0.0140644 0.0172604
24 0.15343 0.983477 0.0181157 0.0130793
0 0.975546 0.771454 0.0165249 0.0101464
8 0.348791 0.72419 0.032709 0.0112369
0 0.8667 0.694441 0.00799065 0.0168343
8 0.2633 0.729454 0.0153388 0.0100382
0 0.483715 0.856998 0.0237652 0.0234802
0 0.119665 0.983917 0.0408607 0.0249661
0 0.391109 0.815167 0.0171927 0.0501122
0 0.778032 0.814262 0.0306839 0.020381
8 0.262628 0.727128 0.0163527 0.0140698
8 0.147408 0.750027 0.0190063 0.0121841
8 0.18535 0.731738 0.0191983 0.016413
8 0.182035 0.730026 0.0252306 0.019291
14 0.140553 0.735814 0.0123754 0.00934364
33 0.391103 0.814542 0.0170201 0.0486491
14 0.141928 0.737774 0.00952926 0.0100572
14 0.0834742 0.755726 0.0100783 0.0107541
0 0.147627 0.749849 0.019484 0.0127591
0 0.961587 0.675144 0.00417328 0.0162799
0 0.948103 0.853314 0.0399488 0.0435923
0 0.778408 0.815566 0.0105359 0.0150594
37 0.935095 0.866984 0.0132677 0.0146505
0 0.0649929 0.733161 0.0140522 0.0146216
0 0.788612 0.815481 0.0308306 0.0162754
0 0.99612 0.816829 0.00728436 0.0129171
0 0.85814 0.837752 0.042601 0.0326414
0 0.900022 0.682427 0.0131798 0.0111582
37 0.593994 0.911554 0.0602325 0.0147296
37 0.8607 0.845844 0.0388851 0.0165324
0 0.577779 0.871264 0.0331852 0.023489
0 0.784643 0.813892 0.0249319 0.0180959
37 0.939212 0.86535 0.0225121 0.0180359
0 0.872536 0.845644 0.0143837 0.0148458
0 0.187784 0.731016 0.0120485 0.0129242
0 0.512701 0.722245 0.0209539 0.0111225
0 0.844618 0.836682 0.0454115 0.0342068
0 0.892309 0.987345 0.0283121 0.0222707
