0 0.452548 0.833996 0.0122608 0.0656481
0 0.653218 0.797433 0.0100195 0.0577203
0 0.796313 0.77572 0.00826664 0.0488997
0 0.610228 0.806701 0.0111778 0.0563531
0 0.842579 0.766916 0.00862885 0.0455315
0 0.466541 0.829117 0.011161 0.0576326
0 0.718392 0.830324 0.0140696 0.0314992
0 0.554623 0.819185 0.0114693 0.0503338
0 0.442741 0.893014 0.0159534 0.0815308
0 0.831139 0.835306 0.0188116 0.0325863
0 0.390918 0.817462 0.0185526 0.0570177
0 0.114315 0.983256 0.0331408 0.0273965
0 0.7296 0.784604 0.00776215 0.0507592
0 0.0182645 0.753299 0.0114701 0.021795
0 0.701452 0.793165 0.0109652 0.048074
0 0.683486 0.792965 0.00677938 0.0423598
37 0.198222 0.916254 0.0449676 0.0309041
0 0.856501 0.829813 0.0136456 0.0328581
0 0.950659 0.84977 0.0291508 0.038721
0 0.974238 0.762323 0.0186922 0.0279126
0 0.965336 0.749054 0.0102396 0.0361776
37 0.022018 0.937847 0.044036 0.032577
0 0.675551 0.815699 0.015831 0.0186754
0 0.957198 0.848131 0.0155052 0.0351408
0 0.689275 0.794417 0.00746899 0.044869
0 0.883555 0.979389 0.04513 0.0394911
0 0.355057 0.989184 0.0147972 0.0216324
0 0.364908 0.775862 0.0081244 0.015193
0 0.317831 0.712881 0.00523481 0.0168825
0 0.694802 0.794672 0.00830126 0.0483566
0 0.935904 0.723761 0.00716419 0.0176083
0 0.475118 0.856247 0.0181519 0.025098
0 0.947799 0.856771 0.0221066 0.0266407
0 0.853086 0.830566 0.0208824 0.0359075
0 0.484171 0.856521 0.0360409 0.0252214
0 0.063977 0.740611 0.00927329 0.0199538
0 0.00563476 0.977492 0.0111898 0.022514
0 0.906894 0.972787 0.0436062 0.0419354
0 0.995899 0.813489 0.00779305 0.0159271
0 0.697581 0.793811 0.0112932 0.0496989
0 0.893939 0.975261 0.0652889 0.0466197
0 0.973552 0.761312 0.0115078 0.0265296
0 0.488294 0.72253 0.00575008 0.0121945
0 0.920978 0.97276 0.0253033 0.0417538
37 0.853203 0.848089 0.024826 0.00946147
8 0.437564 0.762153 0.0213228 0.0126239
0 0.851057 0.697589 0.00551891 0.016649
0 0.827908 0.695785 0.00554256 0.0141883
0 0.772086 0.813741 0.0217844 0.0170571
37 0.320102 0.71505 0.00998192 0.0142546
0 0.43749 0.76202 0.0214648 0.013089
0 0.691095 0.796015 0.0104285 0.0462643
8 0.979515 0.721136 0.037154 0.0205305
8 0.021951 0.93829 0.0439021 0.0327757
0 0.061938 0.740392 0.00674801 0.0188765
0 0.170712 0.731142 0.00801911 0.00861833
37 0.0996867 0.994168 0.0559897 0.00848728
0 0.271524 0.730157 0.00997791 0.0206606
0 0.319742 0.713276 0.00986795 0.0180083
8 0.155301 0.736291 0.0451268 0.0174164
0 0.0647245 0.741705 0.011696 0.0233999
0 0.578039 0.875365 0.0337858 0.0150369
0 0.48952 0.723711 0.0079277 0.0132556
0 0.972455 0.670861 0.00493774 0.0163695
0 0.916781 0.97215 0.0149551 0.0408417
37 0.57784 0.875091 0.0334606 0.0143941
8 0.0689404 0.743333 0.0223973 0.0234931
8 0.294372 0.726547 0.0174381 0.00793881
0 0.10156 0.983592 0.0575666 0.0273622
8 0.0703692 0.748694 0.0252776 0.0140037
8 0.065301 0.749778 0.0151783 0.0114804
0 0.941625 0.689191 0.00503311 0.0181312
0 0.769573 0.812855 0.0153456 0.0160882
0 0.966823 0.752607 0.0109035 0.0359667
0 0.779123 0.816764 0.00972672 0.0124624
0 0.828258 0.834919 0.0139565 0.0323773
0 0.291538 0.721497 0.00795212 0.0130337
37 0.852379 0.845147 0.0219488 0.0114638
0 0.882053 0.984374 0.0418953 0.0299052
8 0.969711 0.672141 0.0563204 0.0145947
0 0.774417 0.815048 0.0202904 0.0172977
0 0.169512 0.731566 0.0122107 0.00976919
37 0.493003 0.726924 0.0145868 0.0124288
37 0.58541 0.913883 0.0478754 0.0114548
24 0.15344 0.983477 0.0184665 0.0129657
8 0.070813 0.747515 0.0265803 0.0199115
0 0.828321 0.694716 0.00804214 0.0162554
0 0.854291 0.682456 0.00625629 0.00915578
8 0.967332 0.674236 0.0598202 0.0110476
0 0.984947 0.66089 0.00293846 0.0100603
37 0.859616 0.846975 0.0379204 0.0133597
8 0.967181 0.670837 0.0647501 0.0182637
0 0.889121 0.6854 0.00374718 0.0156299
0 0.768124 0.813775 0.0221031 0.0191057
0 0.853063 0.692527 0.00893841 0.0274484
37 0.155439 0.737914 0.0447111 0.0136156
0 0.00591809 0.973754 0.0117092 0.031454
37 0.965949 0.721739 0.0645622 0.0212518
37 0.593509 0.91343 0.0628613 0.0123732
37 0.936939 0.729109 0.0313267 0.0100881
0 0.294187 0.72435 0.0171882 0.0101252
0 0.494493 0.863856 0.015563 0.00943264
0 0.963568 0.748362 0.00917473 0.0372142
37 0.706586 0.842896 0.0111267 0.00880771
8 0.959935 0.724902 0.0759548 0.0210242
0 0.872557 0.845727 0.0147123 0.0147832
8 0.927586 0.680569 0.0212872 0.00805732
0 0.00908745 0.977592 0.0180983 0.0250902
0 0.951189 0.858158 0.0317862 0.0321496
0 0.49172 0.72378 0.0148767 0.0174967
37 0.946024 0.728599 0.0363832 0.0107037
0 0.888722 0.685333 0.00416222 0.0185849
0 0.995761 0.802702 0.00803604 0.0380893
8 0.960027 0.675782 0.0556473 0.00875795
0 0.29442 0.722326 0.0180568 0.0160102
8 0.294272 0.728722 0.0181773 0.0118944
37 0.603745 0.913885 0.0427416 0.0112203
0 0.715281 0.833182 0.0201688 0.0272149
8 0.9777 0.672634 0.0410305 0.0109617
0 0.345483 0.773293 0.024482 0.0151716
0 0.782576 0.814237 0.0139374 0.0155443
0 0.130143 0.982723 0.064016 0.0268229
