0 0.47002 0.834879 0.0159519 0.0661358
0 0.45479 0.832832 0.0131801 0.0680332
0 0.858385 0.762995 0.00923271 0.0500283
0 0.830688 0.834444 0.0175034 0.0340802
0 0.69536 0.793615 0.00980167 0.0475791
0 0.842523 0.767237 0.00960732 0.0469649
0 0.467118 0.77909 0.00765266 0.0252894
0 0.756404 0.781563 0.0103871 0.0505514
0 0.794227 0.775758 0.0110477 0.0488966
0 0.813162 0.775014 0.0092289 0.0487712
0 0.893195 0.756627 0.00977707 0.0485887
0 0.70605 0.791658 0.00994396 0.0493839
0 0.745094 0.785728 0.00921364 0.0482927
0 0.718537 0.829601 0.0147707 0.0328432
0 0.892819 0.97609 0.0616924 0.0454729
0 0.0710487 0.740702 0.00765347 0.0266856
0 0.434477 0.91358 0.0222795 0.0378255
0 0.526071 0.812385 0.0130352 0.0390578
0 0.856182 0.830567 0.0162489 0.0329834
0 0.27766 0.728116 0.00667105 0.0144787
0 0.960637 0.737031 0.00822678 0.0289341
0 0.939698 0.750172 0.0116306 0.0449927
37 0.19823 0.915832 0.0441239 0.030492
0 0.332742 0.753856 0.007793 0.0180674
0 0.832181 0.777899 0.00668869 0.0285963
0 0.953515 0.849307 0.0220066 0.0410383
0 0.00887772 0.752076 0.0105322 0.0171312
0 0.957211 0.848053 0.0151268 0.0381251
0 0.118446 0.983777 0.0368479 0.0237959
0 0.320144 0.715806 0.00777459 0.0223106
0 0.528543 0.739252 0.00539169 0.0102183
37 0.533816 0.740552 0.0145784 0.00834452
0 0.35484 0.989307 0.0149837 0.0213348
0 0.971991 0.76289 0.0132217 0.0267595
37 0.022185 0.93897 0.0440735 0.0274885
0 0.903538 0.973064 0.039155 0.039385
16 0.676321 0.815965 0.0167849 0.0197245
0 0.972313 0.672161 0.00502396 0.0172055
0 0.853842 0.831767 0.0217611 0.0361993
0 0.932238 0.727482 0.00537109 0.0244297
0 0.192737 0.734583 0.00974362 0.00959405
0 0.317992 0.716967 0.0123826 0.0230994
0 0.789271 0.698426 0.0079896 0.0166924
37 0.0971497 0.994238 0.0499256 0.00828095
0 0.714662 0.830223 0.0229136 0.0331506
0 0.897788 0.680974 0.00501862 0.0170905
0 0.769073 0.69771 0.00650158 0.0199054
0 0.109227 0.984649 0.0550038 0.0253805
0 0.97808 0.662801 0.0061718 0.024361
0 0.444025 0.780254 0.00947285 0.017845
0 0.949702 0.858527 0.0140745 0.0232961
8 0.815728 0.717985 0.0809393 0.0199697
0 0.00518898 0.942524 0.010326 0.0932
0 0.00511802 0.975633 0.010215 0.0254018
37 0.577377 0.875283 0.0323504 0.0137509
0 0.111499 0.98166 0.0232853 0.0232581
0 0.863833 0.833389 0.0325264 0.038186
0 0.442725 0.780514 0.018222 0.0185313
0 0.676691 0.816235 0.0179466 0.0197588
0 0.978609 0.656008 0.00664902 0.0217609
0 0.577627 0.875692 0.0326962 0.0142134
0 0.884715 0.983887 0.0456757 0.0295444
0 0.150555 0.739864 0.019783 0.009935
0 0.0538677 0.750983 0.00544817 0.00797017
0 0.771597 0.812652 0.0110581 0.0150774
37 0.306092 0.715469 0.0153016 0.00949639
14 0.79108 0.319355 0.00753613 0.00829103
0 0.896808 0.671948 0.00662727 0.0115092
0 0.985201 0.67743 0.00507622 0.0157235
0 0.99587 0.813909 0.00786057 0.0146471
37 0.0103133 0.76066 0.0182231 0.00565389
37 0.317514 0.727087 0.0126658 0.00989651
0 0.124661 0.985526 0.02976 0.0217463
8 0.979872 0.663332 0.0187168 0.0420676
37 0.00869302 0.759983 0.0171385 0.00573425
0 0.872756 0.845711 0.0141487 0.0143873
0 0.00601967 0.956785 0.01195 0.0639476
0 0.981989 0.663086 0.00639381 0.0213466
0 0.947937 0.850699 0.0317734 0.044791
0 0.962564 0.737867 0.0120644 0.0305318
0 0.983444 0.672087 0.00626221 0.0231919
37 0.0720027 0.759445 0.0227359 0.0118676
14 0.43171 0.318369 0.00688763 0.00531345
37 0.87089 0.800099 0.027182 0.0110123
0 0.980008 0.662376 0.0117283 0.0303999
37 0.317921 0.725251 0.0121005 0.013669
37 0.937807 0.866979 0.0148037 0.0151994
0 0.146735 0.739843 0.0145962 0.00938093
0 0.974373 0.763339 0.0190838 0.0276737
37 0.317201 0.730806 0.0135819 0.00682746
37 0.943831 0.866477 0.0258091 0.0159498
0 0.391576 0.83228 0.0179453 0.0880836
0 0.946049 0.859334 0.029842 0.0283268
0 0.974524 0.77149 0.0188829 0.0112335
37 0.538348 0.740894 0.0227136 0.00899523
0 0.77955 0.816 0.00816679 0.0100701
37 0.00923047 0.75884 0.0151839 0.006427
0 0.754193 0.796296 0.00804787 0.0217777
0 0.774126 0.812916 0.0193001 0.016568
0 0.706282 0.831874 0.038868 0.0314758
37 0.867334 0.797153 0.0346092 0.0122969
0 0.964013 0.667627 0.00489483 0.0129518
0 0.532732 0.73851 0.0143065 0.012812
37 0.794646 0.718757 0.0411966 0.0090566
37 0.853243 0.845454 0.0264248 0.0143992
16 0.677838 0.817612 0.0213062 0.0230967
24 0.153356 0.983277 0.0185907 0.0131602
0 0.881608 0.685814 0.00544319 0.01071
0 0.860657 0.845878 0.0386616 0.0156304
2 0.538244 0.406897 0.0260555 0.0174626
37 0.751379 0.826547 0.0280194 0.00823941
2 0.506439 0.411795 0.0360147 0.0234629
0 0.131431 0.984315 0.0635418 0.0202608
37 0.888622 0.671659 0.023951 0.0116616
37 0.802859 0.719043 0.0565739 0.0115092
37 0.853458 0.797027 0.0146139 0.00859968
37 0.808634 0.718934 0.0657061 0.014238
8 0.810051 0.719123 0.0649353 0.0165765
37 0.442297 0.784896 0.0188517 0.0104574
0 0.00201103 0.911205 0.00395738 0.0313046
0 0.852012 0.83955 0.0233173 0.0232825
37 0.859441 0.845225 0.0395987 0.0163881
0 0.97068 0.765327 0.0221914 0.0275113
0 0.981167 0.77134 0.00935516 0.00979546
37 0.3363 0.759913 0.0169299 0.00830349
0 0.879526 0.98561 0.0358147 0.027222
8 0.943177 0.670297 0.0143681 0.00618608
8 0.979996 0.662047 0.0122959 0.0387577
