0 0.453445 0.833695 0.0118785 0.0666138
0 0.480323 0.832428 0.0121948 0.0600257
0 0.426819 0.894494 0.0168566 0.080326
0 0.830179 0.834615 0.017182 0.0338723
0 0.121204 0.891553 0.0153903 0.05969
0 0.909333 0.753321 0.00973167 0.0488773
0 0.513129 0.808964 0.0106586 0.0412598
0 0.748441 0.784518 0.00921497 0.0440854
0 0.870943 0.764199 0.00994949 0.0422919
0 0.698088 0.794034 0.0085659 0.0428694
0 0.495488 0.780566 0.00782776 0.0263414
0 0.844317 0.766815 0.00924168 0.0457896
0 0.793953 0.777159 0.0121414 0.0475311
0 0.718501 0.830341 0.0133346 0.0315379
0 0.953759 0.848662 0.0219587 0.0383191
0 0.855416 0.83162 0.0161114 0.0334066
0 0.69063 0.795789 0.00927095 0.0430437
0 0.945407 0.748044 0.00939713 0.0485301
0 0.761636 0.780997 0.00657654 0.047237
0 0.857503 0.770593 0.0060173 0.0308777
37 0.0220501 0.938657 0.0441001 0.0299862
0 0.996867 0.734204 0.00581589 0.0411808
0 0.00534253 0.750594 0.0102383 0.0190399
37 0.198559 0.915971 0.0466131 0.0317393
0 0.987877 0.738655 0.00685081 0.0346661
0 0.974487 0.762021 0.018446 0.0285116
0 0.896053 0.975828 0.0673012 0.0454052
0 0.884582 0.979337 0.0450325 0.0387973
0 0.852513 0.832416 0.0217716 0.0355204
0 0.789477 0.699657 0.00685358 0.022177
0 0.676506 0.815813 0.0159537 0.0188326
0 0.355051 0.988945 0.0143261 0.0221107
0 0.00614952 0.981272 0.0122222 0.0146725
0 0.921298 0.973363 0.0285538 0.0411947
0 0.115771 0.98372 0.031525 0.0268205
0 0.577572 0.875024 0.0334295 0.0154114
0 0.924197 0.73945 0.00716896 0.0276369
37 0.0748585 0.75027 0.0109079 0.0161591
0 0.995823 0.813323 0.007938 0.0171768
0 0.765934 0.698306 0.00628986 0.0162525
0 0.951472 0.858915 0.0176788 0.0243025
37 0.0942556 0.994314 0.0444278 0.00834198
0 0.0542908 0.752297 0.00391161 0.00728692
0 0.934312 0.728705 0.00582428 0.0198458
0 0.120849 0.984566 0.038747 0.0242001
0 0.906727 0.974211 0.0443447 0.0438863
8 0.0734728 0.750534 0.0137693 0.017504
0 0.0739715 0.74118 0.00786719 0.0136882
0 0.917184 0.972752 0.0180119 0.040515
0 0.696409 0.795815 0.0117908 0.045992
0 0.315716 0.750581 0.00739694 0.0146895
0 0.109693 0.981608 0.0197423 0.0236508
0 0.91312 0.973628 0.030204 0.0419484
0 0.904694 0.679317 0.00726891 0.0205014
37 0.852434 0.846287 0.0247349 0.0123739
0 0.712891 0.83084 0.0259251 0.032802
0 0.289734 0.736645 0.00711441 0.00828552
8 0.319835 0.750946 0.0175996 0.0154163
8 0.0738908 0.749927 0.0175987 0.0205672
0 0.326011 0.713979 0.00593596 0.0156664
8 0.474277 0.782772 0.0258492 0.0200585
0 0.0722761 0.751421 0.0139863 0.0175571
0 0.0743398 0.746174 0.011323 0.0238251
37 0.1027 0.985085 0.0610501 0.0259386
0 0.884366 0.68398 0.00595913 0.00965101
33 0.391127 0.811767 0.0178172 0.0441901
0 0.0548068 0.753081 0.00485958 0.00787794
0 0.974422 0.674299 0.00593872 0.0172116
0 0.862952 0.833488 0.0347404 0.0384203
0 0.775559 0.81229 0.0159019 0.0159736
0 0.77353 0.812433 0.00917063 0.0149224
8 0.316518 0.714173 0.0244756 0.0177597
16 0.121353 0.906069 0.0151531 0.0309901
0 0.994825 0.812544 0.00991573 0.0196562
37 0.533627 0.740003 0.0176134 0.00981784
0 0.527313 0.740237 0.00483389 0.0089503
0 0.76636 0.701713 0.00760498 0.0235782
24 0.153652 0.983184 0.0179961 0.0134189
0 0.00495614 0.75556 0.00986591 0.0144421
0 0.995931 0.736251 0.00766296 0.0438154
0 0.474568 0.783155 0.0254316 0.0195279
0 0.473282 0.781167 0.00972967 0.0196143
0 0.577485 0.870475 0.0340044 0.024832
0 0.348622 0.728093 0.00871983 0.0108673
0 0.92543 0.68085 0.00666008 0.00848957
0 0.00898982 0.981203 0.0178329 0.0159146
0 0.160277 0.741225 0.00474734 0.00822483
0 0.853736 0.843194 0.0519535 0.0225845
8 0.319666 0.753818 0.0198565 0.0201367
0 0.591012 0.907364 0.0597113 0.0248218
0 0.87232 0.845541 0.0145432 0.0153709
8 0.267209 0.397522 0.00568638 0.00949148
0 0.91431 0.975437 0.0419147 0.0436629
37 0.591241 0.907434 0.060506 0.0259182
37 0.843378 0.84562 0.0450684 0.0159666
37 0.505674 0.82578 0.0145967 0.00785455
0 0.770109 0.812725 0.0138601 0.0153181
14 0.951897 0.662794 0.00399456 0.0075993
37 0.936586 0.867076 0.0124456 0.01548
0 0.79197 0.776126 0.0107586 0.046503
0 0.944994 0.738718 0.0105986 0.0290383
0 0.85102 0.843938 0.0204224 0.0132016
8 0.937857 0.72084 0.0804688 0.0267561
14 0.197316 0.733234 0.0108986 0.00644226
0 0.842437 0.833369 0.0423206 0.0377594
0 0.131649 0.983907 0.0632535 0.0234122
0 0.153829 0.983312 0.0181315 0.0136932
0 0.995371 0.808409 0.00876732 0.0285404
37 0.0967536 0.986557 0.0500285 0.0216458
0 0.391156 0.832247 0.0182005 0.0850579
0 0.0721048 0.747381 0.0160633 0.0263116
