0 0.475822 0.833345 0.0147726 0.0659559
0 0.455166 0.833981 0.0116171 0.0679316
0 0.718455 0.83066 0.014506 0.0304379
0 0.771961 0.780195 0.00968857 0.0429237
0 0.830582 0.834648 0.0172438 0.0334286
0 0.696469 0.792806 0.0102484 0.0471595
0 0.878005 0.759313 0.00883942 0.0509304
0 0.517411 0.805198 0.0113739 0.0361098
0 0.0453641 0.904349 0.0138463 0.0608363
0 0.794015 0.776369 0.0101707 0.047683
0 0.953506 0.849501 0.022052 0.0411794
0 0.842737 0.766468 0.00909195 0.0476844
0 0.744257 0.783725 0.00943241 0.0477678
0 0.827208 0.769764 0.00836639 0.0405385
0 0.856229 0.830269 0.015353 0.0327732
0 0.755827 0.782411 0.00901346 0.0479185
0 0.0693492 0.742012 0.00744011 0.0268263
0 0.278698 0.729328 0.00644579 0.016119
0 0.324885 0.751877 0.0104269 0.0163744
0 0.398051 0.748625 0.00976334 0.019327
0 0.946423 0.738784 0.00848198 0.0341061
0 0.437856 0.903028 0.0176865 0.0596018
0 0.457767 0.780953 0.00816154 0.018641
0 0.894476 0.976232 0.0654686 0.0457652
0 0.996032 0.809861 0.0075161 0.0238258
8 0.198239 0.914652 0.0465807 0.0341963
0 0.914673 0.753083 0.00893917 0.0460832
0 0.00990303 0.750976 0.00538556 0.0177838
37 0.0220894 0.938507 0.0441788 0.0304069
0 0.48178 0.778742 0.00795059 0.0220693
0 0.355004 0.988966 0.0147091 0.0220687
0 0.322682 0.709747 0.0061264 0.016403
0 0.883831 0.979675 0.0442867 0.0391106
0 0.972702 0.76275 0.014699 0.027675
0 0.906029 0.973106 0.0437426 0.0400872
0 0.434273 0.903198 0.0252661 0.0601247
0 0.910914 0.754539 0.0072464 0.0456285
8 0.0220285 0.938314 0.044057 0.0309565
0 0.0708239 0.750546 0.00672714 0.0135961
0 0.00676758 0.975907 0.0134534 0.0254927
37 0.401186 0.759593 0.0202391 0.00870226
0 0.767381 0.696947 0.00675049 0.0141078
0 0.675037 0.816536 0.0142061 0.0175561
0 0.79182 0.696613 0.00497856 0.0157905
0 0.756777 0.779982 0.0122702 0.0531313
0 0.125724 0.985854 0.0270289 0.0204468
0 0.917803 0.972764 0.0180687 0.0395067
8 0.533576 0.738733 0.017573 0.00899302
0 0.921445 0.973348 0.0271158 0.0402261
0 0.00458731 0.754074 0.00544642 0.0140138
0 0.853793 0.83132 0.0208071 0.0361543
37 0.00975754 0.760333 0.0168 0.00744103
0 0.754073 0.783969 0.0104132 0.045422
0 0.883369 0.985273 0.0431957 0.0280146
0 0.427492 0.901507 0.00895576 0.0326121
0 0.391354 0.832875 0.0179612 0.0862245
0 0.84083 0.771834 0.00709114 0.0375051
37 0.101421 0.99426 0.0593426 0.00793762
37 0.198695 0.91537 0.0471737 0.033824
0 0.972153 0.674854 0.00654659 0.016747
0 0.109518 0.980975 0.0187067 0.0227448
0 0.427094 0.908685 0.0115584 0.0483144
0 0.715699 0.831174 0.020226 0.0310618
37 0.330813 0.732707 0.0168579 0.00795305
0 0.679124 0.816141 0.0220231 0.018335
0 0.11661 0.983618 0.0320666 0.0239324
37 0.281809 0.736771 0.0133487 0.00752597
0 0.995779 0.674627 0.00667458 0.0157708
0 0.577098 0.875436 0.0322517 0.0134471
37 0.104984 0.987917 0.0663276 0.0201948
0 0.0056674 0.753122 0.00893261 0.0179976
37 0.392619 0.759331 0.0385204 0.0110255
0 0.773567 0.812912 0.0060216 0.0148933
37 0.576849 0.87522 0.0323023 0.0133009
0 0.161359 0.74064 0.00603354 0.00954793
0 0.105355 0.98546 0.0643575 0.0240546
0 0.934193 0.725 0.00686607 0.0247499
37 0.399571 0.757141 0.0157599 0.00824212
0 0.852436 0.83934 0.0231434 0.0224582
37 0.0711008 0.750883 0.010199 0.0142436
37 0.853082 0.846237 0.0262659 0.0134825
37 0.330465 0.730548 0.0179231 0.0114075
0 0.428939 0.895868 0.0131178 0.0425715
25 0.756789 0.757871 0.0132368 0.0106513
0 0.772934 0.812453 0.00880966 0.0156643
0 0.328794 0.727427 0.00844927 0.0107327
0 0.540952 0.848967 0.0075779 0.0279955
0 0.110079 0.984007 0.0410517 0.0247781
0 0.913877 0.754427 0.0120682 0.0489977
0 0.19878 0.735704 0.00999982 0.0111777
37 0.307587 0.717797 0.0165601 0.00889926
37 0.858056 0.847546 0.0370125 0.0122074
37 0.94487 0.866916 0.0285364 0.0151037
0 0.91073 0.754821 0.0120617 0.0461694
0 0.0531043 0.753378 0.00496747 0.0077791
0 0.884016 0.683024 0.00446854 0.00766652
0 0.00442145 0.756444 0.00533844 0.0137641
37 0.45581 0.786896 0.0234673 0.00971307
37 0.937881 0.86722 0.0148735 0.0149519
0 0.829593 0.770497 0.0128563 0.0384567
24 0.15345 0.983456 0.0176803 0.0124564
0 0.983003 0.677027 0.00444908 0.0117221
0 0.773438 0.812888 0.0199119 0.0172957
37 0.455949 0.785057 0.022587 0.0118062
0 0.905916 0.976087 0.0609539 0.045125
0 0.981782 0.66145 0.00492134 0.0139546
0 0.949519 0.860729 0.0139572 0.017868
0 0.827913 0.772497 0.0102345 0.0476173
8 0.761495 0.709832 0.0119905 0.00800781
0 0.87734 0.674015 0.00597916 0.00981089
0 0.769717 0.812574 0.0148623 0.0164107
0 0.766588 0.813043 0.00805998 0.0154215
37 0.310468 0.717749 0.0224159 0.00974019
8 0.0539265 0.753816 0.00718262 0.00736627
0 0.4261 0.90231 0.0109841 0.03572
8 0.880545 0.681786 0.0129536 0.0120935
37 0.860014 0.845874 0.0386654 0.0166673
37 0.947014 0.865637 0.0192585 0.0122999
37 0.456606 0.790408 0.0230726 0.0127974
0 0.867384 0.845086 0.0213997 0.0162859
0 0.947666 0.850731 0.0329796 0.0458934
0 0.440572 0.904434 0.0153717 0.0564877
0 0.862605 0.832386 0.0290524 0.0380164
0 0.871632 0.845637 0.01464 0.0162804
0 0.00478645 0.973643 0.00951221 0.0301032
0 0.858182 0.795173 0.0195869 0.014428
37 0.687515 0.775137 0.0321689 0.0128838
0 0.779341 0.816433 0.00804253 0.00956336
37 0.593579 0.91362 0.0617601 0.0119378
37 0.329032 0.728798 0.0177261 0.0115892
8 0.153383 0.741397 0.0222774 0.0118525
8 0.880874 0.677948 0.0144478 0.0186167
26 0.456066 0.822424 0.00794601 0.0182109
