0 0.452977 0.833969 0.0125983 0.0674944
0 0.481298 0.831767 0.0132648 0.0638994
0 0.788022 0.776961 0.0109425 0.0475861
0 0.986993 0.736881 0.010931 0.0468377
0 0.69691 0.794318 0.00869589 0.0487344
0 0.806777 0.774835 0.00932693 0.0434253
0 0.4258 0.916088 0.0237221 0.038464
0 0.953564 0.849621 0.0222675 0.0413425
0 0.17481 0.881578 0.0103942 0.0605933
0 0.843272 0.766604 0.00908089 0.0460643
0 0.773549 0.780901 0.00845051 0.0467389
0 0.768166 0.781005 0.00764771 0.0492711
0 0.717283 0.83047 0.014786 0.0310235
0 0.830337 0.834353 0.0178226 0.0327152
0 0.83568 0.770253 0.00695381 0.0394372
0 0.962351 0.744036 0.00881557 0.0454926
0 0.765307 0.697918 0.00604935 0.0171893
0 0.681341 0.790392 0.0105676 0.035536
0 0.914295 0.742879 0.0100733 0.0202406
0 0.855306 0.831307 0.0169325 0.0337109
0 0.930579 0.749198 0.0107185 0.0437571
0 0.354982 0.989185 0.0148393 0.0216307
0 0.770895 0.78071 0.0105536 0.0491109
0 0.499314 0.811861 0.00887356 0.0445784
0 0.115499 0.984359 0.030847 0.0224982
0 0.857495 0.763812 0.00798264 0.0402676
0 0.883621 0.979421 0.0455109 0.0387945
0 0.785704 0.697779 0.00754404 0.019951
8 0.19845 0.915539 0.0466541 0.0318695
0 0.906928 0.973472 0.0434435 0.039738
0 0.995623 0.813654 0.00833283 0.0182417
0 0.895093 0.976091 0.0680428 0.0446167
0 0.497726 0.815796 0.00757713 0.0353283
0 0.486493 0.769415 0.00743713 0.0162835
0 0.921623 0.973465 0.0256821 0.0406533
0 0.879051 0.76517 0.00563469 0.0268
0 0.11032 0.984897 0.0445749 0.0245806
37 0.198745 0.915856 0.0468296 0.0317893
0 0.00801869 0.750739 0.00839989 0.0181615
0 0.00608519 0.981479 0.0120894 0.0141964
37 0.0956587 0.994187 0.0462555 0.00815464
37 0.0220831 0.939133 0.0441661 0.0300417
0 0.857726 0.770164 0.00866127 0.0509747
8 0.00692752 0.752198 0.013758 0.0231371
0 0.540596 0.849325 0.00687914 0.0258233
0 0.328627 0.712482 0.00588627 0.0176856
0 0.918004 0.972726 0.017803 0.0391571
8 0.00738151 0.761104 0.0146622 0.00979055
0 0.964638 0.741429 0.0115135 0.0481969
0 0.676493 0.814796 0.01914 0.0226864
0 0.577681 0.875842 0.0326569 0.0144908
8 0.979721 0.689721 0.0401283 0.0185143
0 0.301877 0.754895 0.00794973 0.017707
0 0.770632 0.784406 0.0137005 0.0563039
0 0.83445 0.834848 0.0254211 0.0341875
0 0.947946 0.851638 0.0328428 0.0442761
37 0.103358 0.989222 0.0611079 0.017179
8 0.0220385 0.938894 0.0440643 0.0298825
0 0.881145 0.984922 0.0402834 0.0282696
0 0.853422 0.833196 0.0234531 0.0376231
0 0.985719 0.674393 0.00710697 0.0167664
0 0.510417 0.773351 0.00732327 0.0174367
0 0.00644085 0.751265 0.0128043 0.0205204
8 0.00693171 0.758216 0.013805 0.0139431
0 0.510351 0.78184 0.00802784 0.0343009
0 0.308226 0.75455 0.00454741 0.0126773
0 0.713365 0.831382 0.0228391 0.0322991
0 0.9591 0.848914 0.0114738 0.0352997
0 0.0581833 0.750687 0.00493627 0.00875753
0 0.112688 0.981592 0.0262805 0.0224165
0 0.125474 0.985959 0.0270781 0.0210636
0 0.986686 0.675266 0.00657425 0.0158225
0 0.87935 0.767934 0.0069912 0.0341241
0 0.979151 0.648433 0.00567131 0.0149152
0 0.972114 0.762493 0.0135513 0.0278976
0 0.0803035 0.752211 0.0161884 0.0108202
0 0.677095 0.798911 0.0199362 0.0534621
0 0.504187 0.813309 0.00570736 0.0362905
0 0.306272 0.755782 0.0084753 0.0153217
33 0.391105 0.813577 0.01767 0.0458608
0 0.973677 0.768106 0.0195423 0.0192776
0 0.841471 0.834731 0.0443697 0.0363998
0 0.00617281 0.978572 0.0122344 0.0193519
4 0.536476 0.319075 0.00618191 0.00730938
0 0.973926 0.763408 0.0197609 0.0273695
0 0.951889 0.863804 0.0270622 0.0176008
0 0.303937 0.755315 0.0127601 0.0163842
0 0.972429 0.752353 0.00488529 0.00787574
0 0.293366 0.734606 0.00924425 0.0102281
24 0.153411 0.983304 0.0178513 0.0132843
8 0.906071 0.763725 0.0564281 0.0187405
0 0.982938 0.651015 0.00530777 0.0163415
0 0.898 0.975177 0.024984 0.0316779
0 0.301439 0.75488 0.0118124 0.0182383
0 0.509965 0.774332 0.00989227 0.0199687
0 0.875357 0.679164 0.00686035 0.0209663
0 0.995358 0.808556 0.00880776 0.0290639
0 0.974104 0.770792 0.0188465 0.013385
37 0.585101 0.914436 0.0438742 0.0126343
0 0.50202 0.810589 0.010983 0.0441598
0 0.914536 0.745715 0.0106644 0.0281392
37 0.935806 0.867003 0.0113148 0.0147024
8 0.91195 0.762591 0.0684092 0.023416
0 0.536535 0.741511 0.00620537 0.0129479
0 0.90157 0.973128 0.0319668 0.0359392
37 0.948362 0.865697 0.0362179 0.0175532
0 0.512103 0.781766 0.0126389 0.0361213
37 0.0981265 0.987065 0.0507885 0.0194107
14 0.92381 0.681563 0.00690956 0.0118434
37 0.51441 0.772027 0.0160435 0.0146174
0 0.851938 0.841045 0.0236046 0.0225616
0 0.103815 0.985493 0.061685 0.0235023
0 0.93774 0.724003 0.00629616 0.0196682
0 0.907796 0.683517 0.00498657 0.011281
0 0.808501 0.774202 0.0103184 0.0400692
0 0.120011 0.983174 0.0404373 0.0253699
0 0.938562 0.726353 0.00605125 0.0201392
