0 0.539214 0.820994 0.0127665 0.0584646
0 0.452514 0.834214 0.01233 0.0667216
0 0.830759 0.834745 0.0175575 0.0334083
0 0.60858 0.81034 0.0112886 0.0465259
0 0.692635 0.794754 0.00990315 0.0487691
0 0.796981 0.775999 0.00729427 0.0478702
0 0.842769 0.765885 0.00855007 0.0445092
0 0.953704 0.849989 0.0220085 0.042474
0 0.701671 0.793016 0.00969229 0.0456104
0 0.710896 0.788518 0.00899496 0.0480955
0 0.475927 0.854127 0.0155957 0.02939
37 0.19813 0.915918 0.0454342 0.0305106
0 0.114539 0.982208 0.0320353 0.0275903
0 0.726274 0.787955 0.00735865 0.0448086
0 0.0600237 0.737876 0.00562043 0.0190108
0 0.741301 0.78532 0.0129231 0.0460415
0 0.93983 0.727954 0.00621262 0.0206892
0 0.974029 0.762674 0.0183907 0.0266229
0 0.718076 0.830775 0.0134075 0.0306925
0 0.856122 0.830194 0.0145416 0.0325789
0 0.747196 0.784485 0.00785198 0.0421644
0 0.433528 0.914246 0.0249838 0.0372474
0 0.291296 0.726665 0.00617161 0.0221334
0 0.00693752 0.748851 0.00695378 0.0182822
0 0.732145 0.787195 0.00807343 0.0456706
0 0.313513 0.712419 0.00608368 0.0164827
0 0.354651 0.98917 0.0152763 0.0216595
0 0.273115 0.731929 0.00540676 0.0142727
0 0.904993 0.972317 0.0374964 0.0411957
37 0.0221732 0.938734 0.0443464 0.0292901
0 0.883372 0.984823 0.0435482 0.0291256
0 0.676459 0.815033 0.0165068 0.0191064
0 0.712052 0.831333 0.025975 0.031734
0 0.0645717 0.751954 0.00544155 0.0144852
0 0.801736 0.697823 0.00516009 0.0157159
0 0.393514 0.776055 0.00544834 0.0172139
0 0.996271 0.811834 0.00703812 0.0200826
0 0.922128 0.972612 0.0266829 0.0413523
0 0.739901 0.78272 0.00943279 0.0524477
0 0.853544 0.830345 0.0191402 0.0349291
37 0.939696 0.737002 0.0110043 0.00722588
0 0.436398 0.915195 0.0187506 0.0347087
0 0.577 0.875844 0.0338198 0.0136617
0 0.510396 0.73183 0.00488768 0.00957404
0 0.00552653 0.751862 0.0108796 0.0158451
8 0.00599791 0.755763 0.0119684 0.0117249
0 0.15886 0.735112 0.0117184 0.00823737
8 0.301858 0.716452 0.0278338 0.0132975
37 0.100895 0.994195 0.058202 0.00846252
37 0.006737 0.756978 0.0133772 0.011753
0 0.0722149 0.751264 0.00610695 0.0118008
0 0.89487 0.975978 0.0664921 0.0454648
0 0.714509 0.782112 0.0049592 0.0256385
0 0.971933 0.656854 0.0094593 0.0275367
0 0.140888 0.740147 0.00425258 0.00790439
0 0.432792 0.75818 0.0117533 0.0105197
8 0.302402 0.716817 0.0296811 0.0202779
0 0.971451 0.654249 0.00823937 0.0219208
8 0.0633515 0.752371 0.0245061 0.0181349
0 0.713217 0.782049 0.00679359 0.0318648
0 0.432504 0.756882 0.00602436 0.0109326
0 0.0617838 0.743923 0.0090651 0.0294976
0 0.00663837 0.980935 0.013192 0.0152959
0 0.130251 0.739284 0.00519173 0.00844981
37 0.852781 0.847531 0.0256176 0.0114193
0 0.746021 0.782632 0.00815678 0.0476583
0 0.484591 0.854485 0.034263 0.0295937
0 0.940214 0.728251 0.00888157 0.0224474
0 0.134563 0.739908 0.0180303 0.00999875
0 0.872546 0.845545 0.0151737 0.0150592
0 0.91466 0.971425 0.0104765 0.0404775
0 0.10234 0.983222 0.0602845 0.0294583
0 0.0589122 0.738021 0.00722704 0.0197713
8 0.302664 0.722025 0.0287558 0.0199351
8 0.284422 0.734627 0.0123697 0.00695903
0 0.769769 0.812639 0.0138455 0.0148109
0 0.959027 0.850327 0.0116102 0.0381699
0 0.830849 0.694843 0.00556793 0.0132312
0 0.859954 0.794946 0.00778885 0.01292
0 0.290295 0.725159 0.00789504 0.0240536
8 0.295689 0.722764 0.0433671 0.0304998
24 0.153555 0.983299 0.017631 0.0128869
0 0.434849 0.908486 0.027172 0.0486242
0 0.271826 0.732932 0.00785041 0.0133874
0 0.772251 0.812334 0.00928097 0.0150364
0 0.157996 0.736246 0.0135704 0.00800171
37 0.10187 0.985835 0.0607674 0.0240879
8 0.432352 0.760248 0.0151119 0.00853407
0 0.973052 0.66042 0.00809441 0.0282015
8 0.697042 0.568405 0.0504099 0.0156852
0 0.130408 0.737442 0.00457873 0.00971544
0 0.391358 0.832869 0.0176823 0.0878237
0 0.509595 0.732664 0.00791187 0.00984497
0 0.629714 0.779765 0.00404711 0.00592923
8 0.396407 0.774022 0.0285683 0.0214345
0 0.864056 0.833641 0.0326763 0.0388085
37 0.575786 0.881882 0.03194 0.00607554
0 0.859839 0.846096 0.0411011 0.0169273
37 0.159651 0.73675 0.0138163 0.00746392
0 0.00935765 0.98113 0.0185224 0.016629
37 0.851797 0.845245 0.0227074 0.0131007
37 0.492687 0.863893 0.0197308 0.00906236
37 0.269458 0.737185 0.0138327 0.00649143
0 0.738085 0.783296 0.0180691 0.0537179
0 0.312343 0.712512 0.00844793 0.0175073
0 0.95219 0.86171 0.0176258 0.020458
0 0.985281 0.681401 0.00766888 0.0160599
0 0.911053 0.975226 0.0495514 0.045134
37 0.590545 0.910642 0.0579439 0.017966
37 0.848813 0.846579 0.0347908 0.0134667
37 0.39711 0.777317 0.0277874 0.0165802
0 0.393445 0.776447 0.00950346 0.0175985
0 0.856926 0.795336 0.0179621 0.0127679
37 0.592484 0.913272 0.0555349 0.0131694
0 0.842922 0.835233 0.0424986 0.0342582
0 0.949456 0.672746 0.0135567 0.010088
0 0.514504 0.73425 0.0119047 0.00689935
0 0.774682 0.812835 0.0166105 0.0163667
8 0.0631363 0.749071 0.0250984 0.0208159
0 0.996241 0.803983 0.00708199 0.0359141
8 0.302632 0.713217 0.0301178 0.0194156
37 0.0568153 0.74184 0.0117997 0.0109094
8 0.965043 0.660995 0.0408112 0.0300848
14 0.254628 0.397833 0.00896282 0.0104401
0 0.119936 0.983395 0.0400191 0.0268097
0 0.779279 0.815978 0.00851975 0.010573
0 0.856507 0.833655 0.0476229 0.0408846
0 0.513874 0.732356 0.0136528 0.0108297
0 0.398772 0.760176 0.0067215 0.00974325
37 0.143466 0.741081 0.0445424 0.0113664
0 0.577254 0.873226 0.0339455 0.0194492
0 0.895591 0.973832 0.020525 0.0282411
