0 0.45302 0.834019 0.0129122 0.0673267
0 0.69816 0.795654 0.00937862 0.0438378
0 0.241058 0.870132 0.0120393 0.0546017
0 0.953595 0.848749 0.0223316 0.042749
0 0.479965 0.827024 0.0142799 0.062851
0 0.982829 0.73814 0.0081852 0.0468811
0 0.843414 0.764283 0.00827942 0.0450955
0 0.823245 0.770394 0.0089222 0.0381738
0 0.775942 0.777073 0.00768585 0.0503262
0 0.950876 0.744511 0.0116188 0.0451921
0 0.00906592 0.743676 0.00962181 0.0192559
0 0.422776 0.909835 0.0178232 0.0498467
0 0.522078 0.778477 0.010481 0.0252518
0 0.872532 0.762011 0.0100992 0.0413517
0 0.969359 0.738245 0.0118128 0.0358146
0 0.787994 0.7766 0.00850897 0.0469615
0 0.6804 0.794101 0.00998297 0.0413456
0 0.830038 0.834004 0.016169 0.031574
37 0.198723 0.915309 0.0451721 0.032724
0 0.811119 0.76755 0.00875893 0.0337816
0 0.854645 0.763537 0.00778332 0.0408547
0 0.794792 0.780211 0.00869885 0.0398709
0 0.856132 0.830245 0.0177471 0.0353768
0 0.932235 0.731272 0.00954742 0.0285699
0 0.765819 0.696171 0.00690918 0.0136198
37 0.0221179 0.938448 0.0442359 0.0293142
0 0.716828 0.830843 0.0121045 0.0312914
0 0.354329 0.98919 0.0148261 0.0216207
0 0.331309 0.709149 0.00529203 0.0153144
0 0.883567 0.980209 0.0454737 0.0383411
0 0.370951 0.738259 0.0098527 0.0122833
0 0.854181 0.769517 0.0065403 0.0288164
0 0.114685 0.982984 0.030503 0.0245324
0 0.905915 0.743099 0.00744076 0.0242354
0 0.995654 0.811931 0.00826912 0.0210581
0 0.716509 0.83117 0.0179853 0.0314292
0 0.917182 0.972783 0.0183029 0.0397368
0 0.505651 0.782722 0.00806084 0.0176568
0 0.781784 0.69488 0.00635605 0.014917
0 0.291494 0.753891 0.00914211 0.0149285
0 0.921456 0.97381 0.0271231 0.0420139
37 0.0955658 0.994275 0.0467564 0.00824449
0 0.119793 0.985003 0.0403329 0.0225966
0 0.676476 0.816197 0.0138004 0.0175313
0 0.8706 0.680426 0.00792999 0.01662
37 0.332165 0.714518 0.0387577 0.00948164
0 0.104123 0.984388 0.0533921 0.0259101
0 0.299111 0.741311 0.00623922 0.0126463
0 0.977108 0.654612 0.00802765 0.0236749
0 0.89654 0.764333 0.0065237 0.0260532
0 0.00805025 0.747588 0.0128292 0.0153175
0 0.00562801 0.981407 0.011174 0.0145199
8 0.0680817 0.74429 0.0245179 0.0203464
0 0.201408 0.728728 0.0108986 0.00801629
0 0.576957 0.874561 0.0337084 0.0165827
0 0.485536 0.810543 0.00879335 0.0388272
0 0.906968 0.973586 0.0415844 0.0409424
0 0.974498 0.7671 0.0185051 0.0184352
0 0.109594 0.981325 0.0199385 0.0239843
0 0.89544 0.976347 0.0686205 0.0446421
0 0.0754979 0.743263 0.00962999 0.0176809
8 0.583075 0.32061 0.0127531 0.00795585
0 0.712754 0.831741 0.0211391 0.0323605
0 0.777311 0.777237 0.0108076 0.0511807
0 0.769882 0.812592 0.0159821 0.015927
0 0.852914 0.83357 0.0235348 0.0348129
0 0.109313 0.740634 0.01348 0.0120392
0 0.976022 0.676587 0.00593357 0.0231708
0 0.300529 0.741754 0.00979481 0.0137115
37 0.101245 0.986357 0.0582445 0.0229416
8 0.331482 0.713292 0.0397273 0.0122969
0 0.391321 0.817664 0.0173369 0.0562147
0 0.855765 0.760462 0.00859966 0.0359568
0 0.00973235 0.744132 0.0130732 0.0207162
0 0.790927 0.776814 0.0126245 0.04778
37 0.00824308 0.752932 0.0133476 0.00795729
0 0.703455 0.831959 0.0427307 0.0328518
0 0.880709 0.984247 0.0395206 0.0306251
0 0.125048 0.985628 0.0286415 0.0219593
0 0.957883 0.848045 0.0142735 0.038493
37 0.692595 0.84173 0.0332403 0.0144194
37 0.0676062 0.746317 0.025055 0.016008
37 0.421476 0.927924 0.0168848 0.0145718
37 0.935903 0.866064 0.0116169 0.0152466
37 0.852757 0.845626 0.0258488 0.0135674
0 0.679139 0.816086 0.0189564 0.0182966
37 0.00935218 0.746707 0.014111 0.0173001
0 0.483325 0.809705 0.0112541 0.0363734
0 0.676271 0.81475 0.0174866 0.0213996
0 0.974784 0.67522 0.00785141 0.0259216
26 0.935957 0.865646 0.0116646 0.0161353
0 0.992894 0.659702 0.00542698 0.0112937
0 0.766336 0.698077 0.00817051 0.0176767
0 0.842621 0.835157 0.0425161 0.0353143
8 0.298024 0.750921 0.0228189 0.0224586
0 0.540829 0.850658 0.00758333 0.0308455
0 0.589352 0.906867 0.0394817 0.0233626
33 0.391317 0.816982 0.0175348 0.0557204
0 0.947378 0.851203 0.0344772 0.0458866
37 0.94662 0.865245 0.0334248 0.0184681
24 0.153722 0.983369 0.0181814 0.0129934
37 0.698329 0.841231 0.037117 0.0144409
0 0.425971 0.909397 0.025293 0.0512865
37 0.858863 0.845661 0.0399931 0.017216
0 0.897242 0.758415 0.00841904 0.0233195
0 0.916327 0.975582 0.0377655 0.0430776
0 0.938411 0.658262 0.00564041 0.00747867
0 0.522147 0.783913 0.0114035 0.036235
8 0.954955 0.677591 0.0225689 0.0190447
37 0.790418 0.820804 0.0246265 0.00668878
8 0.29746 0.754272 0.0215525 0.0162001
0 0.106442 0.981949 0.0335388 0.0275525
0 0.77919 0.816349 0.00765514 0.00964152
0 0.29748 0.748788 0.0222101 0.0247772
0 0.481427 0.812918 0.0160373 0.04388
8 0.30024 0.745696 0.0152467 0.0135483
37 0.426856 0.927007 0.028687 0.0161265
