0 0.453146 0.833492 0.0124609 0.0686078
0 0.210713 0.873422 0.0131723 0.0546061
0 0.481292 0.830874 0.0137764 0.0645603
0 0.697685 0.794279 0.00851688 0.0479338
0 0.953413 0.848902 0.022352 0.0425371
0 0.517226 0.778686 0.00901337 0.0247352
0 0.843951 0.764374 0.00767059 0.0457984
0 0.867554 0.758626 0.00869522 0.037915
0 0.777078 0.778906 0.00913515 0.0468092
0 0.765559 0.696889 0.00774174 0.0175532
0 0.814341 0.773334 0.00927238 0.0455502
0 0.71687 0.830304 0.0135275 0.0312395
0 0.94287 0.745587 0.00928383 0.0456536
0 0.788013 0.778135 0.0114128 0.0471653
0 0.855136 0.8307 0.0167358 0.0336283
0 0.830442 0.834532 0.0183098 0.0329469
0 0.424628 0.909799 0.019643 0.0486308
0 0.847153 0.766831 0.00695629 0.0411413
0 0.115142 0.983447 0.0310512 0.0208481
0 0.908813 0.742885 0.00804405 0.024035
0 0.354941 0.989208 0.0148305 0.0215836
0 0.42697 0.907429 0.0150808 0.0438687
0 0.677508 0.791752 0.00755634 0.037246
0 0.906733 0.97326 0.0424683 0.0398358
0 0.845246 0.765876 0.00897102 0.0440001
8 0.964536 0.685201 0.0702082 0.0294799
0 0.88354 0.979683 0.0448465 0.0380539
0 0.995629 0.813623 0.00832081 0.0183626
0 0.97867 0.739971 0.0105862 0.0464257
0 0.490509 0.803884 0.00904522 0.0389242
8 0.198722 0.915521 0.0447574 0.0312263
0 0.888464 0.766622 0.00763607 0.0299089
0 0.00935429 0.747073 0.00980713 0.0173313
0 0.821698 0.767101 0.00768394 0.0326816
0 0.971615 0.73643 0.00802364 0.0391803
0 0.295884 0.754096 0.00779142 0.0208455
0 0.894564 0.975786 0.0663807 0.0445684
0 0.714495 0.830805 0.0195602 0.0319655
0 0.675286 0.798841 0.0143839 0.0522146
0 0.00585958 0.982328 0.0116544 0.0116102
0 0.540549 0.849286 0.00707178 0.0262519
0 0.781735 0.696791 0.00652084 0.0167775
0 0.919495 0.97336 0.021414 0.0403876
0 0.391441 0.814878 0.0166162 0.0488264
37 0.0990181 0.994189 0.0530807 0.00825568
0 0.816415 0.772081 0.0134689 0.042944
0 0.958101 0.740711 0.00682831 0.0311781
0 0.916415 0.974103 0.0367905 0.0414391
8 0.0220346 0.938595 0.0440692 0.0303406
0 0.106484 0.985157 0.0531097 0.0242571
25 0.0220829 0.938847 0.0440196 0.0309974
0 0.94844 0.850155 0.0315331 0.0458672
0 0.577575 0.875703 0.0324228 0.0146139
0 0.833502 0.834475 0.0177778 0.0336934
8 0.294049 0.746891 0.0168169 0.0343355
0 0.0587084 0.749056 0.0021178 0.00458408
4 0.561305 0.320377 0.00686893 0.00723487
37 0.102973 0.991084 0.0606729 0.0135942
0 0.882427 0.985104 0.0432604 0.0286831
0 0.423576 0.921135 0.0171541 0.0279346
8 0.0767277 0.744233 0.015342 0.0162252
0 0.67603 0.81538 0.0162518 0.0194895
8 0.171782 0.563421 0.0529309 0.0176714
0 0.121131 0.985598 0.0222092 0.0223943
0 0.120027 0.984909 0.0387495 0.0213308
8 0.0716323 0.745347 0.0272233 0.0175647
37 0.488562 0.782823 0.0176865 0.0137246
8 0.166439 0.562602 0.0377432 0.0157359
37 0.683785 0.819124 0.0327885 0.0111487
8 0.162295 0.73901 0.0260391 0.0125722
0 0.491792 0.779827 0.00797558 0.0183835
0 0.852471 0.833078 0.0259174 0.0381017
8 0.178277 0.734451 0.058714 0.0216461
8 0.323292 0.713679 0.0267832 0.0211839
37 0.423191 0.922506 0.0166873 0.0250193
0 0.952505 0.86067 0.0232468 0.0227125
8 0.368299 0.737138 0.013714 0.00885959
0 0.90777 0.975703 0.0556772 0.0438426
0 0.95637 0.847512 0.0163155 0.0406665
0 0.490046 0.780282 0.0121668 0.0183217
8 0.964551 0.675957 0.0703754 0.0501892
0 0.940819 0.745494 0.00982685 0.0478261
0 0.677902 0.799338 0.016464 0.0522069
0 0.978863 0.648833 0.00529861 0.0148577
8 0.849158 0.835176 0.0606686 0.0395494
0 0.488146 0.780845 0.0168013 0.0178314
8 0.295761 0.736837 0.0106641 0.0121155
8 0.9012 0.763431 0.0434948 0.0164278
0 0.102329 0.742951 0.00657053 0.0121011
0 0.00592529 0.979045 0.0117029 0.0185262
24 0.153411 0.983201 0.0177029 0.0132989
8 0.172139 0.561251 0.0157135 0.0125115
0 0.995307 0.808317 0.00891647 0.0294406
0 0.97279 0.764112 0.0155514 0.0247206
37 0.577523 0.875424 0.0324504 0.0138831
8 0.107252 0.74328 0.0160361 0.0136097
0 0.577618 0.872101 0.033593 0.0218875
0 0.982931 0.66794 0.00688972 0.0154645
0 0.873981 0.984661 0.0256035 0.0266612
8 0.105629 0.7445 0.0196972 0.0143697
8 0.101024 0.743727 0.0278662 0.0172633
0 0.710483 0.832217 0.0272162 0.033764
8 0.663352 0.570984 0.0493586 0.0101905
0 0.841418 0.834633 0.044565 0.0373545
0 0.677693 0.816737 0.02108 0.0172392
0 0.890278 0.767162 0.0116161 0.0284234
37 0.214247 0.903813 0.0190246 0.00870836
8 0.292537 0.746405 0.0225091 0.0368069
8 0.099939 0.747036 0.0218749 0.0104318
0 0.897707 0.97549 0.024445 0.0312127
0 0.489651 0.809819 0.01 0.0468024
0 0.9407 0.743094 0.013924 0.0517524
0 0.385189 0.808187 0.0059907 0.0182171
8 0.0915141 0.743628 0.0489542 0.0213794
8 0.294697 0.737252 0.0136528 0.0140072
37 0.586861 0.914737 0.0486258 0.0131268
8 0.660422 0.569241 0.0484104 0.0138677
0 0.97182 0.667264 0.00682201 0.0173524
0 0.946982 0.856492 0.0336102 0.0356934
0 0.906775 0.743772 0.0120522 0.0265947
0 0.679633 0.794452 0.0121138 0.043554
