0 0.452533 0.83434 0.012326 0.0661621
0 0.416943 0.839319 0.0150507 0.0628815
0 0.599681 0.807947 0.0111019 0.0558587
0 0.357217 0.901475 0.0221658 0.079325
0 0.843046 0.766191 0.00824547 0.0469584
0 0.796488 0.775066 0.00865564 0.0503796
0 0.830801 0.835126 0.0177925 0.0325643
0 0.722863 0.786161 0.00874291 0.0501729
0 0.717796 0.830356 0.0135754 0.031113
0 0.657064 0.799881 0.00797844 0.0448212
0 0.559351 0.814714 0.0096674 0.057175
0 0.114429 0.982806 0.0327333 0.0277985
0 0.553722 0.817472 0.0078227 0.0494598
0 0.937697 0.751541 0.00709076 0.0397461
0 0.855864 0.831211 0.0155502 0.0302856
0 0.689238 0.795774 0.0108366 0.0474382
0 0.972052 0.763387 0.0135086 0.0271411
0 0.95704 0.848455 0.0150932 0.0366406
0 0.484246 0.85752 0.0367132 0.0237401
0 0.701873 0.793826 0.00953407 0.0432448
37 0.198146 0.916223 0.0454728 0.030885
0 0.475529 0.857422 0.0185847 0.0232357
37 0.0221399 0.938509 0.0442799 0.0304498
0 0.917469 0.972927 0.0170166 0.0385702
0 0.708913 0.789236 0.00837698 0.0447413
0 0.893899 0.975898 0.0649885 0.0445043
0 0.699165 0.79196 0.00695915 0.0437802
0 0.906586 0.973429 0.0398983 0.0396715
0 0.689243 0.806662 0.0103312 0.0257985
0 0.391507 0.832268 0.0179735 0.0862793
37 0.096568 0.994123 0.0489827 0.00825467
0 0.0535039 0.745819 0.00515606 0.0188253
0 0.951496 0.849769 0.0262459 0.0393731
0 0.0717309 0.749722 0.00657943 0.0111745
0 0.709149 0.782618 0.00739832 0.0318583
0 0.852984 0.832168 0.0211151 0.0331891
0 0.677348 0.815054 0.0193272 0.0198649
0 0.355263 0.989278 0.0136082 0.0214438
0 0.705713 0.79003 0.0133942 0.0460817
0 0.883712 0.980786 0.0450489 0.036497
0 0.675703 0.798882 0.00772591 0.0215352
0 0.350925 0.771968 0.00946693 0.0149053
0 0.280386 0.734884 0.00598688 0.0171436
8 0.328809 0.72369 0.0219294 0.0118747
0 0.00525199 0.976138 0.0104439 0.0253001
0 0.00233472 0.97627 0.00462044 0.0238056
0 0.00645201 0.756203 0.00959909 0.0108137
0 0.920792 0.973153 0.0247181 0.0389041
0 0.948922 0.85739 0.014097 0.0238115
0 0.931588 0.728824 0.00729828 0.0196435
0 0.676934 0.806499 0.0144684 0.0369571
0 0.996167 0.813573 0.00726051 0.015722
0 0.715268 0.830776 0.0194862 0.0318105
0 0.450917 0.761789 0.00584106 0.0135518
0 0.851551 0.696802 0.00605812 0.0163844
37 0.740746 0.793573 0.031707 0.0103972
0 0.540917 0.848109 0.00792046 0.0287621
0 0.859288 0.697427 0.00509377 0.0169456
0 0.985084 0.668052 0.00429192 0.0155602
0 0.283174 0.735025 0.0120817 0.0176439
37 0.577214 0.875763 0.0339706 0.0137478
0 0.859416 0.702665 0.00589294 0.0265918
0 0.947764 0.85782 0.0204863 0.0240336
37 0.853277 0.84796 0.0248123 0.0105506
0 0.498233 0.719051 0.0117033 0.0101403
8 0.0590035 0.748239 0.0326604 0.0188395
0 0.687447 0.785358 0.00724945 0.0279699
0 0.772424 0.813648 0.0200891 0.0178602
0 0.904098 0.683999 0.00565605 0.010683
0 0.459448 0.762082 0.00762005 0.013385
0 0.00859501 0.976361 0.0170545 0.027027
37 0.0561 0.747178 0.022275 0.0152235
37 0.142726 0.74878 0.0111544 0.00826467
0 0.934597 0.749689 0.0137112 0.0425615
0 0.120282 0.983499 0.0399238 0.0258501
0 0.309013 0.76632 0.0176222 0.013227
0 0.896002 0.974061 0.0197119 0.0254844
0 0.577692 0.875886 0.033413 0.0137244
0 0.0581424 0.744132 0.0170525 0.0150452
0 0.711201 0.790101 0.0114128 0.0437081
8 0.308871 0.767668 0.0175417 0.0111248
8 0.986681 0.752558 0.0261562 0.0209323
0 0.673004 0.808332 0.0205113 0.0328125
0 0.00302963 0.973283 0.00600361 0.030211
0 0.852509 0.839129 0.0221012 0.0227124
26 0.153458 0.983642 0.0177169 0.0122981
8 0.174261 0.737448 0.0265697 0.0114594
0 0.871519 0.845397 0.0126503 0.0159807
0 0.71137 0.797644 0.011265 0.0287966
0 0.909312 0.670995 0.00665836 0.0105784
8 0.6698 0.570628 0.04266 0.0126069
8 0.45301 0.754037 0.0968469 0.0256444
0 0.974676 0.77001 0.0185654 0.0173832
8 0.970065 0.754195 0.0594261 0.026837
0 0.979404 0.762384 0.0276754 0.0289968
0 0.0060878 0.973169 0.0120134 0.0320797
37 0.100474 0.992369 0.0562815 0.0110369
0 0.877988 0.985063 0.0338335 0.0284932
37 0.174796 0.737553 0.0255787 0.0105703
0 0.495048 0.863027 0.0153532 0.0112901
37 0.15344 0.983651 0.0175304 0.01234
0 0.854379 0.696668 0.0132437 0.018388
0 0.0612897 0.743694 0.0105498 0.0117265
0 0.859184 0.795171 0.00785828 0.0124686
0 0.691167 0.803571 0.0147564 0.0372698
0 0.866968 0.844932 0.0225744 0.019086
0 0.946099 0.851987 0.0383774 0.0433065
0 0.0517507 0.746266 0.0149029 0.0200536
0 0.939491 0.750881 0.0103991 0.0410539
8 0.675214 0.571086 0.0290264 0.0120404
0 0.936325 0.747505 0.0114725 0.0457177
0 0.391494 0.812315 0.0171726 0.0455165
