0 0.554758 0.816227 0.00995131 0.0453413
0 0.571557 0.811799 0.0133272 0.0553965
0 0.452535 0.834452 0.0127657 0.0674613
0 0.641632 0.805263 0.00960026 0.0468435
0 0.530568 0.81927 0.0143843 0.0556069
0 0.718458 0.82897 0.0144205 0.0337952
0 0.303811 0.902023 0.0225183 0.0810265
0 0.390974 0.831718 0.0181762 0.0841081
0 0.723447 0.787611 0.00806847 0.0492291
0 0.843195 0.763862 0.00778847 0.0414159
0 0.68895 0.795391 0.0100374 0.0467492
0 0.734657 0.785489 0.00887995 0.0486586
0 0.831287 0.835234 0.0169052 0.0323032
0 0.797191 0.774882 0.00931854 0.0507568
0 0.956736 0.847802 0.0160374 0.0341597
0 0.701245 0.794064 0.010984 0.0504768
0 0.659046 0.807258 0.00718517 0.0366011
0 0.11449 0.982727 0.0311822 0.0243178
0 0.92857 0.74612 0.008358 0.0572055
0 0.476023 0.856065 0.0180171 0.0259779
0 0.853154 0.834224 0.0211191 0.0286172
0 0.948785 0.850578 0.0178387 0.0368981
0 0.974 0.762204 0.0176037 0.0283724
0 0.355148 0.989439 0.0149481 0.0211219
0 0.904875 0.973256 0.0376011 0.038741
0 0.953119 0.849727 0.0224716 0.0372662
0 0.891366 0.976599 0.0608002 0.0447333
8 0.197976 0.915461 0.0459386 0.0317634
0 0.94511 0.851583 0.0231026 0.0384647
0 0.88316 0.983172 0.0444035 0.0319895
37 0.0223628 0.938711 0.0447255 0.0297933
0 0.940761 0.852822 0.023653 0.0391208
0 0.00562648 0.975074 0.0111783 0.0269446
0 0.0535113 0.730457 0.00623243 0.0171265
37 0.19806 0.915459 0.0463035 0.0319828
0 0.899478 0.682204 0.00687218 0.0188429
0 0.67662 0.815284 0.0149318 0.0181444
0 0.57782 0.875411 0.032664 0.014662
0 0.982556 0.730278 0.00799961 0.0234412
0 0.484855 0.856148 0.0364453 0.0264282
0 0.96076 0.650257 0.00438499 0.016599
0 0.911376 0.974057 0.0465408 0.0410658
0 0.674203 0.816013 0.0122639 0.0172685
0 0.862793 0.69274 0.00666504 0.0241063
37 0.0994007 0.994074 0.0534893 0.00827111
0 0.035985 0.749881 0.0102647 0.0121509
0 0.388317 0.848672 0.0112816 0.0517439
0 0.679571 0.815434 0.0210497 0.0188053
0 0.715384 0.829231 0.0209677 0.0344337
8 0.0555908 0.733156 0.0143805 0.0197359
0 0.922399 0.973619 0.0262409 0.0394335
0 0.957017 0.673031 0.00637875 0.0188393
0 0.940742 0.674608 0.00516129 0.0197288
0 0.103127 0.98413 0.0543269 0.0268804
8 0.457265 0.752017 0.0142231 0.0159298
8 0.275165 0.734738 0.0283758 0.0179203
0 0.924203 0.682214 0.00801086 0.012291
0 0.917255 0.972275 0.0155533 0.0366394
0 0.914065 0.671745 0.00441399 0.0120463
0 0.785691 0.814028 0.0368774 0.0189668
8 0.50354 0.749984 0.0926319 0.0240604
0 0.914656 0.972063 0.0104595 0.0366896
0 0.730145 0.788785 0.00733662 0.043143
0 0.835171 0.835451 0.0253822 0.0328544
0 0.391479 0.82009 0.0172169 0.0603095
8 0.430441 0.756042 0.0334187 0.0107619
37 0.9361 0.867003 0.0160902 0.0136276
0 0.856486 0.836277 0.0294998 0.031683
8 0.268677 0.730878 0.0142866 0.0101549
8 0.525 0.747936 0.0494523 0.0202535
8 0.334263 0.725535 0.0287914 0.0125783
0 0.386713 0.843553 0.0095561 0.0606927
0 0.726042 0.787853 0.0122896 0.0467651
0 0.00853229 0.975141 0.0169764 0.0285717
14 0.508162 0.721919 0.0127619 0.0117515
0 0.952589 0.659202 0.00503883 0.0144443
14 0.996275 0.816346 0.00704288 0.0113831
0 0.996015 0.807568 0.0075613 0.0289552
0 0.540602 0.849066 0.00861816 0.0295376
8 0.14147 0.749404 0.0209759 0.0129384
0 0.386633 0.839612 0.0128314 0.0433462
8 0.47357 0.753931 0.0242359 0.0144604
0 0.860568 0.794684 0.00537376 0.0135334
0 0.943867 0.853365 0.0315422 0.0420551
24 0.153456 0.983663 0.0179757 0.0126631
0 0.387477 0.829972 0.0152452 0.07573
0 0.483498 0.855669 0.0235279 0.0259518
0 0.773253 0.813727 0.0213567 0.0176771
0 0.941948 0.670904 0.00591488 0.0275238
0 0.119664 0.984087 0.0407384 0.0249329
37 0.31707 0.917679 0.0119293 0.0136902
8 0.172045 0.735159 0.0243262 0.0102534
0 0.92945 0.731507 0.00716991 0.0308146
0 0.778892 0.814387 0.0333733 0.0201043
8 0.282652 0.738468 0.0134477 0.0106895
37 0.935872 0.864288 0.0146967 0.0178952
0 0.386061 0.831172 0.00909581 0.0292547
0 0.00523078 0.969788 0.0104474 0.0382714
8 0.474728 0.756758 0.0215009 0.0142927
0 0.886895 0.976665 0.0421787 0.0353568
0 0.942168 0.661087 0.00499134 0.011339
8 0.467069 0.752666 0.0340562 0.0168393
8 0.434123 0.755119 0.0404394 0.0126743
0 0.777071 0.814425 0.0137493 0.017334
0 0.65706 0.807492 0.0111479 0.0379217
0 0.857516 0.837109 0.0439072 0.0350454
0 0.855591 0.795237 0.016066 0.0127718
0 0.990773 0.671275 0.00660591 0.0149689
37 0.860468 0.846035 0.0392586 0.0163364
0 0.59292 0.907438 0.0623739 0.0230899
4 0.748572 0.241564 0.00442238 0.00709919
0 0.864631 0.693253 0.0107586 0.0234553
0 0.00425283 0.964141 0.00839073 0.0477946
0 0.996077 0.815659 0.00737095 0.0153517
8 0.178824 0.562529 0.0465397 0.0144123
0 0.530304 0.823472 0.0114108 0.048153
