0 0.451937 0.834114 0.0126673 0.0669161
0 0.515699 0.821858 0.0116924 0.0555481
0 0.842828 0.76706 0.00922356 0.046372
0 0.796591 0.774737 0.00765438 0.0473728
0 0.691228 0.795132 0.00903616 0.0452681
0 0.718629 0.830549 0.0139408 0.0311439
0 0.58255 0.814834 0.0118519 0.0515874
0 0.746514 0.782255 0.00836124 0.0491762
0 0.953718 0.849851 0.0226406 0.0409982
0 0.830857 0.834725 0.0176626 0.0334747
0 0.723491 0.787844 0.00812531 0.0476305
0 0.115864 0.982898 0.0357896 0.0273
0 0.0115598 0.749492 0.00928222 0.0203069
0 0.676666 0.788178 0.0107402 0.0386149
0 0.431799 0.914137 0.027803 0.0371053
0 0.474724 0.856761 0.0175951 0.025059
37 0.197542 0.915659 0.0448556 0.0315601
0 0.974208 0.76177 0.0178404 0.0284566
0 0.856276 0.829505 0.0139215 0.0332964
0 0.355341 0.989189 0.0140023 0.0216217
0 0.712843 0.791416 0.00746517 0.0433495
0 0.705756 0.792408 0.0108457 0.0451887
37 0.02214 0.938062 0.0442059 0.0295468
0 0.89783 0.975133 0.0734966 0.0468933
0 0.00571863 0.979549 0.0113683 0.0184135
0 0.411007 0.762384 0.00709391 0.012959
0 0.702418 0.793566 0.00712013 0.0424856
0 0.707608 0.792983 0.00850506 0.042942
0 0.840726 0.697709 0.00490761 0.0181849
0 0.938971 0.727822 0.00736351 0.0195596
0 0.382787 0.77457 0.00533032 0.0164892
8 0.992276 0.697937 0.0150078 0.012844
0 0.267625 0.7282 0.00627174 0.0142585
0 0.31544 0.711728 0.00641193 0.0133809
0 0.286069 0.71807 0.00827942 0.0140696
0 0.910765 0.973329 0.0486141 0.0431858
0 0.853078 0.830559 0.0222591 0.0352395
0 0.811557 0.697917 0.005653 0.0175552
0 0.0617611 0.737734 0.00945559 0.0137995
0 0.500585 0.727543 0.0130743 0.0138397
0 0.391228 0.827668 0.0185109 0.0805027
37 0.0950022 0.99446 0.0473102 0.00803663
0 0.991256 0.668601 0.00362167 0.0139464
0 0.946774 0.676424 0.00637703 0.0175324
0 0.996367 0.811982 0.00684185 0.0178699
0 0.676343 0.815193 0.0157827 0.0185248
0 0.383637 0.775393 0.00770869 0.0160353
8 0.0697185 0.74904 0.0138859 0.0151971
0 0.698761 0.794007 0.00776291 0.0413762
0 0.0588248 0.737987 0.0149682 0.0127296
0 0.889309 0.978301 0.057095 0.0414963
0 0.903075 0.97254 0.03319 0.0417082
37 0.102098 0.993695 0.0623052 0.00876634
0 0.00557892 0.984895 0.0110676 0.0285755
0 0.920542 0.973283 0.0307777 0.0423733
0 0.978077 0.673246 0.00802078 0.0153761
37 0.852912 0.848161 0.0264694 0.0106099
0 0.412902 0.762385 0.010543 0.0127916
0 0.710473 0.788371 0.0121031 0.0497333
0 0.540969 0.848563 0.00717449 0.0273946
37 0.575994 0.875013 0.0366292 0.0145121
8 0.992018 0.691352 0.0155773 0.0279014
8 0.288351 0.72632 0.0221379 0.00879211
0 0.27001 0.728424 0.0111859 0.014564
0 0.979206 0.668844 0.0068964 0.0212129
8 0.138523 0.736375 0.0173244 0.00862766
0 0.980442 0.668342 0.00498886 0.0195541
8 0.993301 0.688121 0.0130646 0.0251319
56 0.993589 0.744455 0.0124466 0.0459563
0 0.13811 0.735067 0.0174775 0.00905965
0 0.772958 0.812763 0.0201808 0.0155641
0 0.576713 0.875785 0.0357014 0.0136804
8 0.302779 0.71639 0.0109434 0.00853729
24 0.153794 0.983171 0.0184699 0.0133564
0 0.483592 0.856597 0.0368258 0.0254859
0 0.420928 0.762946 0.0267441 0.0119463
33 0.390978 0.812433 0.0182859 0.0475803
8 0.267644 0.736849 0.0224624 0.0114048
0 0.715897 0.830818 0.0196116 0.0329929
0 0.425387 0.763504 0.0185369 0.00929074
0 0.997549 0.670874 0.00441628 0.0114153
37 0.0583217 0.739322 0.0158673 0.0104323
8 0.994735 0.68304 0.0100557 0.0135746
0 0.953037 0.859294 0.0209961 0.0233148
8 0.299476 0.717147 0.0167098 0.00953267
8 0.404469 0.771656 0.060541 0.0240706
37 0.935916 0.86697 0.0115381 0.0147637
8 0.28229 0.726787 0.0485953 0.0222083
0 0.975753 0.674802 0.0124609 0.017625
0 0.708269 0.787988 0.0140957 0.0555735
0 0.882152 0.980477 0.043346 0.0376536
0 0.285651 0.718325 0.0132001 0.0174023
0 0.102209 0.983068 0.0606133 0.0270447
0 0.385166 0.776972 0.011686 0.0141995
0 0.97376 0.679447 0.00758362 0.0135222
0 0.946635 0.675051 0.00879555 0.0193956
0 0.994261 0.66904 0.00782795 0.0151077
0 0.130807 0.982675 0.0655394 0.027301
37 0.577466 0.880588 0.0338164 0.00990855
37 0.267492 0.736096 0.0231381 0.0100074
8 0.1418 0.735987 0.0291338 0.0111603
0 0.904339 0.683013 0.00459061 0.0132675
0 0.382562 0.774817 0.0122991 0.0164973
37 0.947468 0.865486 0.0339401 0.0180996
0 0.778745 0.813942 0.0096489 0.0138692
8 0.979886 0.683206 0.0284306 0.0125368
8 0.293284 0.721806 0.0389004 0.0184091
8 0.291356 0.71973 0.0535424 0.024235
8 0.136395 0.736547 0.0226648 0.0102112
0 0.00954828 0.980187 0.0188743 0.0215878
8 0.991691 0.699169 0.0161871 0.0170156
8 0.0645735 0.744906 0.0272265 0.019458
33 0.391963 0.807364 0.0162025 0.0223453
0 0.705078 0.766507 0.00646725 0.0124285
8 0.844706 0.834784 0.046693 0.0387036
8 0.963018 0.683027 0.0614002 0.012609
37 0.857737 0.846785 0.0385517 0.0152796
0 0.692887 0.794986 0.012674 0.0463567
8 0.296266 0.716916 0.0441275 0.0179393
0 0.859428 0.79493 0.00823975 0.0128842
0 0.856455 0.79521 0.0159542 0.0134148
0 0.559521 0.838655 0.00668602 0.00965441
0 0.307791 0.716182 0.00824823 0.00834368
0 0.714793 0.837696 0.0208685 0.0187982
0 0.285561 0.719794 0.0163661 0.0163005
