0 0.796888 0.775645 0.0126905 0.0503059
0 0.555095 0.814997 0.0121401 0.0532225
0 0.452432 0.833182 0.0115448 0.0671811
0 0.776449 0.777124 0.00986023 0.051002
0 0.641193 0.804317 0.0114832 0.0492784
0 0.953747 0.850022 0.0227818 0.0428521
0 0.692464 0.796399 0.00969715 0.0459486
0 0.830578 0.834633 0.0174784 0.0334117
0 0.70258 0.791955 0.0101753 0.0463392
0 0.736705 0.785805 0.00923824 0.047178
0 0.718258 0.830217 0.0146266 0.0321164
0 0.475043 0.856219 0.0305508 0.0285261
0 0.939985 0.727846 0.00732536 0.0207777
0 0.890346 0.975725 0.0578251 0.0455404
0 0.747609 0.782856 0.0106292 0.0495885
0 0.843262 0.763207 0.00726662 0.0390552
0 0.00481668 0.752148 0.00927367 0.0176076
0 0.974776 0.763014 0.0197821 0.0267436
0 0.856391 0.830497 0.0136444 0.0322661
0 0.0580185 0.740865 0.00464101 0.0186367
8 0.296894 0.721071 0.052353 0.0318241
0 0.996274 0.675448 0.00703087 0.0275355
0 0.75688 0.788665 0.00613651 0.0352042
0 0.434085 0.914548 0.0233276 0.0372989
0 0.114815 0.98158 0.0323785 0.0292169
0 0.355268 0.989196 0.0136301 0.0216075
37 0.19947 0.916494 0.0469389 0.0305823
0 0.902111 0.972952 0.0346272 0.0401666
0 0.109045 0.979584 0.0202947 0.0248588
0 0.676202 0.815424 0.0155831 0.0177444
0 0.00597345 0.977492 0.0119278 0.0226771
16 0.676099 0.81554 0.0154066 0.0179357
0 0.883336 0.984912 0.0434696 0.0279202
0 0.401487 0.775709 0.00621386 0.0146161
0 0.520755 0.730687 0.0090662 0.0112128
0 0.29203 0.721527 0.0075902 0.0195972
0 0.714263 0.830772 0.0230059 0.0327223
8 0.199359 0.916364 0.0463101 0.0302946
0 0.75174 0.785022 0.00605068 0.0422889
0 0.134048 0.74051 0.00545006 0.0113729
0 0.996376 0.810221 0.00682411 0.0209725
37 0.852582 0.84875 0.0268171 0.0097385
0 0.852313 0.831337 0.0245605 0.0344676
0 0.105838 0.982415 0.0526643 0.0303504
0 0.391212 0.81421 0.0173884 0.0501478
37 0.0222065 0.938889 0.044413 0.0313526
0 0.0669083 0.752706 0.0112006 0.0163985
0 0.978851 0.6703 0.00498428 0.0188353
8 0.13526 0.741144 0.0233562 0.0131139
0 0.577084 0.874621 0.0327415 0.015947
8 0.147929 0.56569 0.0517661 0.0139005
0 0.922451 0.679777 0.00648651 0.0145164
37 0.00561412 0.7594 0.0109703 0.00999518
37 0.101867 0.994071 0.0601519 0.00917392
37 0.00546431 0.757558 0.0108592 0.0111976
8 0.28741 0.72941 0.0320601 0.0152083
0 0.88465 0.979596 0.0463551 0.0377268
0 0.969824 0.671333 0.00467148 0.0159522
0 0.41866 0.761755 0.00498085 0.0138045
0 0.319068 0.715247 0.00514441 0.0171516
0 0.0670064 0.751893 0.0138527 0.0190352
0 0.959918 0.850345 0.0106758 0.0383881
8 0.406735 0.775293 0.0177389 0.0165065
0 0.416062 0.762816 0.0100583 0.0142931
8 0.407251 0.778268 0.019017 0.0123377
37 0.0494326 0.740236 0.0108521 0.0122416
8 0.0669826 0.752984 0.0136848 0.0166579
37 0.851435 0.845707 0.0255732 0.0129598
37 0.494239 0.864408 0.014661 0.00858866
0 0.979829 0.670264 0.00720539 0.0213545
37 0.103616 0.98344 0.0647122 0.0295234
8 0.292136 0.723593 0.0408827 0.0267982
0 0.00610741 0.973119 0.012065 0.0321106
0 0.979021 0.668452 0.00655708 0.0192043
37 0.936233 0.866221 0.0113773 0.0148414
8 0.0676445 0.757885 0.0122223 0.00818244
37 0.990503 0.767597 0.0185646 0.0121033
8 0.0660814 0.747002 0.0220528 0.0280511
8 0.0521671 0.740477 0.0161955 0.0158247
0 0.273749 0.729963 0.00617328 0.0151006
0 0.984414 0.670637 0.00567169 0.0170135
0 0.318117 0.714791 0.00714793 0.0170949
0 0.742572 0.783847 0.0111767 0.0495955
0 0.426696 0.915879 0.0381165 0.0397054
8 0.306987 0.719664 0.0286951 0.0174235
8 0.389539 0.760952 0.0129725 0.0102883
0 0.480638 0.855373 0.0422333 0.0263004
0 0.859716 0.795157 0.00687752 0.0128367
8 0.408018 0.771915 0.0221426 0.021622
8 0.135496 0.743671 0.0243713 0.0182977
37 0.989741 0.765329 0.0201597 0.0126904
0 0.862907 0.833398 0.0321518 0.038736
8 0.0702995 0.751514 0.0226416 0.0205256
0 0.83881 0.834467 0.0341909 0.0358549
0 0.40715 0.776615 0.0184963 0.0150272
37 0.944343 0.865507 0.0279484 0.0165599
37 0.856056 0.847586 0.0351892 0.0145304
0 0.175275 0.738214 0.0165057 0.0112434
0 0.884766 0.989285 0.039259 0.0188549
0 0.121021 0.984504 0.0190658 0.0251953
0 0.788617 0.698593 0.00566301 0.0130412
0 0.120761 0.985409 0.0321546 0.0221764
0 0.861249 0.843665 0.0337315 0.020364
16 0.77175 0.811476 0.0149717 0.0147608
37 0.587808 0.913187 0.0515093 0.0120733
24 0.153339 0.983634 0.01743 0.0122131
8 0.303584 0.719975 0.0198977 0.0126197
0 0.856383 0.834248 0.0443665 0.0397747
37 0.960315 0.866428 0.0552345 0.0155248
0 0.00919031 0.977196 0.0182265 0.0248389
0 0.712674 0.837904 0.0250786 0.0197054
0 0.912749 0.973599 0.0482967 0.0418766
0 0.707796 0.785807 0.00427742 0.0135768
0 0.901099 0.975065 0.0717386 0.0425605
0 0.871738 0.845389 0.0134872 0.0158268
0 0.41412 0.764163 0.00976505 0.0137282
37 0.86074 0.782104 0.0452019 0.00983938
0 0.953078 0.863099 0.0232174 0.0185969
37 0.967859 0.863132 0.0398272 0.0120741
37 0.577676 0.882072 0.0326568 0.00898404
0 0.813951 0.696909 0.00810642 0.0120138
37 0.590594 0.914537 0.045721 0.00999145
37 0.574926 0.873878 0.0371541 0.01709
