0 0.797041 0.775181 0.00970583 0.0486676
0 0.766633 0.778066 0.011536 0.0507189
0 0.550284 0.81576 0.0121597 0.0526442
0 0.95377 0.849996 0.0228516 0.0428223
0 0.692583 0.795109 0.00983553 0.048269
0 0.630932 0.806555 0.0100238 0.046833
0 0.830557 0.834671 0.0175247 0.0333906
0 0.451751 0.83418 0.0128942 0.0683485
0 0.842413 0.765167 0.00857582 0.0448269
0 0.474707 0.854376 0.015958 0.0282867
0 0.718269 0.830332 0.0146893 0.0318441
0 0.890401 0.975602 0.0578314 0.0456143
0 0.940362 0.7285 0.00758705 0.0214184
0 0.702714 0.792004 0.00930624 0.0465854
0 0.735954 0.784129 0.0095108 0.0500336
0 0.0578823 0.739196 0.00503254 0.0220759
0 0.856054 0.830498 0.0139305 0.031408
0 0.676447 0.81558 0.016153 0.0172875
0 0.391042 0.819891 0.0177537 0.0619658
0 0.0647553 0.751935 0.00754803 0.0146712
0 0.973897 0.763356 0.0197895 0.0262099
0 0.35523 0.989218 0.013291 0.0215633
0 0.00494739 0.750741 0.00881485 0.0186278
0 0.434867 0.914079 0.0213745 0.0368781
37 0.199404 0.91614 0.0482301 0.0315362
0 0.902133 0.972867 0.0347919 0.0402517
0 0.11447 0.981212 0.0317044 0.0292798
0 0.29315 0.722739 0.00737195 0.0171848
0 0.318158 0.716766 0.00491781 0.0142877
0 0.883391 0.985101 0.0434383 0.0273507
8 0.199268 0.916036 0.047779 0.0312471
0 0.109204 0.979607 0.020483 0.0261395
37 0.852528 0.848665 0.0268478 0.00977241
0 0.00584936 0.980229 0.0116316 0.0171772
0 0.991662 0.676909 0.00556717 0.0242751
0 0.713955 0.830726 0.0235917 0.0327203
0 0.27398 0.727623 0.00626097 0.0164859
0 0.852428 0.831588 0.0212257 0.0353261
0 0.750537 0.787885 0.00604782 0.0370745
0 0.577118 0.874661 0.0327025 0.0159953
0 0.397775 0.779221 0.00564232 0.0170392
0 0.996373 0.810255 0.00683098 0.0209334
0 0.980511 0.673302 0.00439072 0.0190236
0 0.741219 0.785386 0.00638733 0.0445341
8 0.40324 0.778722 0.019816 0.0151801
0 0.137272 0.741489 0.0135036 0.0104082
37 0.0221132 0.939393 0.0442265 0.0295739
0 0.104468 0.982063 0.0580092 0.0310696
37 0.00652 0.759154 0.0127192 0.00993076
0 0.738131 0.78465 0.0121696 0.0485959
0 0.749164 0.786133 0.00801411 0.0418905
37 0.851852 0.84626 0.0267921 0.0131677
0 0.430621 0.914819 0.0298262 0.0381892
0 0.39185 0.757958 0.00927267 0.0140254
0 0.422293 0.76397 0.00653667 0.010811
8 0.404319 0.776034 0.0203053 0.0156381
0 0.0718161 0.749993 0.00495832 0.0113837
37 0.976505 0.771505 0.0150379 0.0100966
0 0.977845 0.671605 0.00439148 0.0177955
0 0.74355 0.783069 0.0078208 0.0443943
8 0.406115 0.773896 0.0229872 0.0174154
0 0.745457 0.785432 0.00829792 0.0432648
0 0.399528 0.77772 0.00918541 0.0181973
0 0.0596508 0.741924 0.00696006 0.0236898
0 0.276209 0.727427 0.00872855 0.0168284
8 0.294278 0.726242 0.051366 0.0220272
8 0.153001 0.565114 0.0577878 0.0144391
0 0.970347 0.673517 0.00555439 0.0151537
0 0.88449 0.979599 0.0458469 0.0374132
0 0.922191 0.680422 0.00940723 0.0148912
0 0.74529 0.778386 0.00653048 0.0319414
0 0.39103 0.83285 0.0179359 0.0875844
0 0.407887 0.764322 0.00854874 0.0166701
37 0.102477 0.994041 0.0617789 0.00927294
0 0.959647 0.850012 0.0111839 0.0386344
0 0.742622 0.784105 0.010701 0.0486732
0 0.704093 0.790484 0.0125635 0.0469121
0 0.168021 0.738275 0.0103163 0.0105716
0 0.746078 0.789211 0.0122966 0.0369158
0 0.293334 0.725366 0.0080771 0.0190925
8 0.299086 0.722072 0.0318046 0.0173475
0 0.0661606 0.75467 0.0108158 0.01407
0 0.89779 0.681088 0.00509377 0.0159852
37 0.936041 0.866434 0.0114704 0.0146593
0 0.971957 0.754732 0.00788002 0.0106574
0 0.541344 0.848507 0.00779133 0.0278524
16 0.774442 0.811826 0.0130754 0.0152495
0 0.860266 0.795289 0.00541115 0.012616
0 0.707528 0.785879 0.00526409 0.0146091
0 0.774486 0.812536 0.012228 0.0150747
0 0.952406 0.676645 0.00533752 0.0165119
37 0.0684342 0.757535 0.0167168 0.00947706
0 0.519154 0.732173 0.00530243 0.00922818
8 0.406407 0.776736 0.0256569 0.0192871
37 0.103327 0.982922 0.0645867 0.030447
37 0.760279 0.824481 0.011716 0.00627272
0 0.319018 0.717291 0.00687094 0.0152642
0 0.541009 0.846461 0.00606079 0.0244581
37 0.944525 0.865686 0.0284006 0.016293
0 0.294732 0.721683 0.0103514 0.0160082
0 0.422967 0.914939 0.0462643 0.0394769
0 0.862809 0.833744 0.0329636 0.0384098
0 0.884351 0.989094 0.0404297 0.0191376
0 0.171006 0.738832 0.0208487 0.0115207
0 0.00949899 0.980527 0.0188572 0.0177311
0 0.977484 0.771303 0.0157433 0.0102383
37 0.752605 0.827047 0.030267 0.00750902
0 0.978872 0.763024 0.0312874 0.026609
8 0.301797 0.724303 0.0313261 0.0119205
8 0.304817 0.720021 0.0169653 0.0113156
37 0.587765 0.913248 0.0515921 0.0120622
37 0.960194 0.866578 0.0554682 0.0151147
37 0.577747 0.882431 0.0327982 0.00882941
0 0.84132 0.834271 0.0392235 0.0365021
0 0.119111 0.983999 0.0406036 0.0257114
0 0.861245 0.843825 0.034584 0.0200534
8 0.305803 0.718742 0.0120631 0.00988532
8 0.407241 0.771542 0.0277623 0.0272224
0 0.87187 0.84538 0.0140345 0.0158405
37 0.967316 0.863235 0.0409378 0.0121514
37 0.492328 0.864806 0.020266 0.00741391
0 0.912406 0.97351 0.0489805 0.042021
0 0.900583 0.974251 0.0737274 0.0441403
0 0.712664 0.837584 0.025202 0.0202613
24 0.153318 0.983607 0.0174471 0.0121226
0 0.407876 0.766919 0.0134592 0.0218062
8 0.295038 0.721311 0.0526211 0.0253486
0 0.772292 0.812841 0.0172518 0.0151386
8 0.304857 0.725937 0.0378342 0.0118622
0 0.977434 0.669906 0.00633049 0.0201463
37 0.965515 0.860196 0.0439865 0.0226501
37 0.574989 0.873838 0.0372163 0.0171978
37 0.974276 0.862522 0.0276899 0.0110328
0 0.84956 0.841562 0.0304604 0.0228097
37 0.577921 0.880532 0.0338992 0.0130753
0 0.744099 0.769448 0.00803032 0.0214993
0 0.96338 0.851082 0.0484512 0.0448868
37 0.070742 0.757396 0.0239817 0.0104428
37 0.953825 0.86395 0.0261221 0.0172838
37 0.577652 0.87771 0.0328865 0.0151635
