0 0.707375 0.790548 0.0100864 0.0464462
0 0.453198 0.833319 0.0113619 0.0682573
0 0.830584 0.834673 0.0170683 0.0332447
0 0.695613 0.794009 0.00967436 0.046294
0 0.743316 0.784911 0.0120365 0.04838
0 0.79688 0.775702 0.00853796 0.0484195
0 0.754827 0.782189 0.0088831 0.0488848
0 0.718654 0.830272 0.0144487 0.0313997
0 0.803894 0.773851 0.00757332 0.0430651
0 0.0716027 0.740171 0.00687289 0.0256307
0 0.872624 0.76272 0.00930557 0.0428942
0 0.539218 0.814023 0.0103176 0.0400372
0 0.467108 0.847998 0.0170319 0.0423147
0 0.34095 0.755839 0.00664535 0.0202813
0 0.855916 0.830679 0.0166794 0.0319112
0 0.00940525 0.745727 0.0085914 0.0186181
0 0.842425 0.764997 0.0103878 0.0470749
0 0.819049 0.778038 0.00610237 0.0275855
0 0.953525 0.849363 0.0219559 0.0413628
0 0.967152 0.744727 0.00813332 0.039937
0 0.273843 0.730717 0.00740223 0.0156965
0 0.892152 0.976249 0.0618036 0.0453254
0 0.435347 0.913852 0.0210821 0.0371246
0 0.957202 0.848192 0.0150936 0.0384393
0 0.319691 0.708234 0.00696263 0.0169078
37 0.0221268 0.938151 0.0442536 0.0277961
0 0.904489 0.972988 0.0381559 0.0393114
4 0.416358 0.316459 0.0233467 0.00887095
0 0.354485 0.989355 0.0154672 0.0212379
0 0.116305 0.983517 0.0326092 0.0245865
0 0.528124 0.739061 0.0062191 0.0102958
0 0.974255 0.740545 0.00734043 0.0345788
0 0.933678 0.7274 0.0060463 0.0240487
37 0.0698003 0.754823 0.0154184 0.00621372
37 0.198399 0.915783 0.0448277 0.0312758
0 0.973857 0.763425 0.0191565 0.0267241
37 0.857666 0.764058 0.023708 0.0117011
37 0.533047 0.739213 0.0162321 0.0106371
0 0.883827 0.984068 0.0452988 0.0301388
0 0.110047 0.984162 0.0506564 0.0262221
0 0.00974843 0.97732 0.0194131 0.0283054
16 0.675226 0.815877 0.0147533 0.0207954
0 0.852881 0.832792 0.0242186 0.0354941
0 0.453699 0.774451 0.00676203 0.0133213
0 0.838877 0.76755 0.00720329 0.0378198
0 0.996288 0.814108 0.00701332 0.0146239
37 0.0977982 0.994419 0.0500246 0.00837674
8 0.144893 0.738428 0.0228825 0.0126572
0 0.714849 0.830943 0.0224678 0.0317888
0 0.92046 0.682716 0.00746536 0.0169265
0 0.469582 0.84468 0.0115615 0.0380537
0 0.872576 0.845957 0.0141613 0.0152462
0 0.772393 0.699915 0.00643749 0.0205586
0 0.302182 0.728846 0.0087862 0.0108639
37 0.103754 0.993015 0.0622687 0.0101306
0 0.0025461 0.976381 0.00505903 0.0247345
0 0.872508 0.755383 0.0088974 0.0398922
0 0.0519335 0.750394 0.00396971 0.00624441
0 0.111004 0.981744 0.0222091 0.0231116
0 0.675255 0.814984 0.0152718 0.0221471
0 0.949385 0.85886 0.0135277 0.0226173
0 0.190604 0.730475 0.00888786 0.00829739
37 0.00903247 0.753101 0.0111565 0.00822415
0 0.577554 0.875691 0.0333723 0.0145189
0 0.790368 0.697662 0.00511837 0.0165095
0 0.442356 0.769694 0.00904636 0.0158847
8 0.303144 0.731421 0.0204791 0.00931363
0 0.909727 0.974986 0.0510942 0.0437771
37 0.577539 0.875463 0.032794 0.0142
0 0.879766 0.680381 0.00716553 0.0183108
0 0.922116 0.974104 0.0276012 0.0397403
4 0.894946 0.246502 0.0154663 0.00682653
0 0.914617 0.973765 0.0165295 0.0364132
0 0.771034 0.812332 0.0121538 0.0145528
0 0.745079 0.780868 0.00873785 0.0417594
8 0.304967 0.712714 0.0119686 0.00813904
0 0.896066 0.680237 0.00650139 0.0181009
0 0.391395 0.811061 0.0168593 0.0433741
0 0.431751 0.913888 0.0274364 0.0400347
0 0.863617 0.833556 0.0331734 0.0373986
0 0.533129 0.738597 0.0163549 0.0123176
0 0.916242 0.971027 0.0130943 0.035532
0 0.947958 0.850739 0.031982 0.0450044
37 0.069553 0.752681 0.0147303 0.00964372
0 0.125009 0.985338 0.0287092 0.0222049
0 0.790958 0.698573 0.00674639 0.017945
0 0.300537 0.730115 0.0156468 0.0103739
0 0.972985 0.675011 0.00519333 0.0195273
0 0.979319 0.678117 0.00438309 0.0144515
0 0.453642 0.780652 0.00862274 0.0255764
0 0.305053 0.713507 0.013101 0.00905185
37 0.937426 0.866991 0.0140476 0.0151889
37 0.943844 0.866255 0.0259838 0.0165632
0 0.946439 0.859195 0.0309361 0.0290195
0 0.779799 0.816426 0.00766077 0.00942485
0 0.840375 0.834442 0.0373003 0.0350437
0 0.851211 0.843327 0.0211138 0.0147651
24 0.153667 0.982945 0.0187484 0.0137141
37 0.857769 0.766588 0.0252373 0.0165548
37 0.318852 0.714226 0.00882254 0.00754327
0 0.54011 0.823211 0.00930986 0.0611128
0 0.860332 0.846014 0.039432 0.015704
0 0.00791394 0.973866 0.0157014 0.0346269
33 0.391256 0.811302 0.0171557 0.0438504
37 0.852932 0.845145 0.0261368 0.0149556
0 0.878625 0.760567 0.00541573 0.00974918
0 0.979509 0.670642 0.00633087 0.0295631
0 0.924048 0.979656 0.0235029 0.0279063
0 0.350218 0.989367 0.0250854 0.0211931
0 0.838583 0.769857 0.00980988 0.0371304
0 0.272864 0.73236 0.00930109 0.0135513
8 0.861292 0.72004 0.0996403 0.0256027
37 0.305335 0.713303 0.0137156 0.00908576
0 0.145966 0.737523 0.023793 0.0120951
0 0.153825 0.983152 0.0190024 0.0138672
0 0.00294083 0.973758 0.00582815 0.0324465
37 0.85894 0.845095 0.0394447 0.0162625
0 0.411179 0.764434 0.00423279 0.00863308
0 0.773788 0.812746 0.0194343 0.0164622
0 0.0750922 0.740393 0.0067749 0.0222197
0 0.975114 0.770863 0.0198761 0.01242
0 0.540551 0.842633 0.00540447 0.0140008
37 0.750818 0.827064 0.027054 0.00892944
0 0.706241 0.831829 0.0400635 0.0332319
0 0.980103 0.667508 0.00840397 0.0327715
0 0.707969 0.835164 0.0349104 0.0247077
0 0.010165 0.745753 0.0125252 0.0210358
0 0.773718 0.699915 0.0100954 0.0218027
