0 0.760712 0.780447 0.0106844 0.0496292
0 0.79708 0.774635 0.007971 0.0469852
0 0.626119 0.808594 0.0116302 0.0517012
0 0.953764 0.85005 0.0228344 0.0429003
0 0.830543 0.834673 0.0175171 0.0333684
0 0.842652 0.765247 0.00816689 0.0441539
0 0.451962 0.833963 0.0132978 0.06805
0 0.746205 0.782833 0.0080163 0.0457826
0 0.692491 0.795655 0.00990658 0.0472063
0 0.547264 0.815228 0.0119308 0.0524855
0 0.730293 0.786633 0.00969849 0.0493123
0 0.703396 0.791729 0.00962238 0.0469628
0 0.474386 0.854966 0.0170082 0.028107
0 0.718125 0.830288 0.0150673 0.0320855
0 0.736596 0.788084 0.00809116 0.0425808
0 0.890425 0.975661 0.0578609 0.0452939
0 0.940665 0.728568 0.00646553 0.0193682
37 0.198839 0.915977 0.0477854 0.0317325
0 0.00488056 0.751625 0.00963833 0.0189779
0 0.114685 0.981901 0.0315946 0.0279394
0 0.0573368 0.735988 0.00491505 0.0152503
0 0.432123 0.914983 0.0272469 0.0375482
0 0.85499 0.831955 0.0171835 0.0311033
0 0.0637556 0.751618 0.00882731 0.0119402
0 0.676346 0.815573 0.0158933 0.0173798
0 0.293213 0.723625 0.00695806 0.0168989
0 0.355289 0.989249 0.013299 0.0215029
0 0.974268 0.763189 0.0197962 0.026651
0 0.316813 0.718325 0.0055285 0.0182743
0 0.273586 0.728635 0.00808697 0.0187673
0 0.396903 0.777925 0.00615654 0.0177856
37 0.0222476 0.938895 0.0443637 0.0296156
0 0.85245 0.833063 0.0236073 0.0344001
0 0.902631 0.972948 0.0345604 0.0398204
0 0.989153 0.677808 0.00697861 0.0242709
0 0.883412 0.985289 0.0432934 0.0269616
0 0.71397 0.830741 0.0235952 0.0327511
37 0.8526 0.848894 0.0268179 0.00941908
0 0.106994 0.982711 0.0488758 0.0295798
0 0.57717 0.874575 0.0327199 0.0161424
0 0.996456 0.810775 0.00666313 0.0197754
0 0.108551 0.980478 0.0194455 0.0248766
8 0.157912 0.565502 0.0640322 0.0148078
0 0.168357 0.739059 0.0145794 0.0100393
0 0.00549709 0.981365 0.0109021 0.0138787
0 0.391442 0.816214 0.0167136 0.0540927
37 0.100217 0.99413 0.0568705 0.00915154
37 0.976414 0.771386 0.0153656 0.0102695
0 0.897661 0.681428 0.0036047 0.0147636
0 0.518 0.731629 0.00512829 0.00826314
0 0.137089 0.741501 0.015171 0.0104591
0 0.884516 0.979497 0.0457069 0.0372628
0 0.274957 0.727907 0.00766926 0.018182
37 0.049566 0.741062 0.00973839 0.0084059
0 0.0720774 0.751324 0.00512679 0.0105662
0 0.00501777 0.755075 0.00994451 0.0151094
0 0.517139 0.731209 0.00697365 0.00932075
0 0.862301 0.834686 0.0336159 0.0368832
0 0.959552 0.850254 0.0113802 0.0388367
37 0.520464 0.738131 0.018491 0.00668996
0 0.971687 0.753491 0.00766602 0.00812378
8 0.302402 0.719459 0.0202497 0.0103522
0 0.821552 0.698533 0.0063015 0.0135287
8 0.0664274 0.753827 0.0153925 0.0113149
0 0.707925 0.786245 0.00505657 0.0143504
0 0.543221 0.80926 0.00683126 0.0319862
16 0.776292 0.812824 0.0135937 0.0152557
0 0.39578 0.76823 0.0109564 0.0370638
8 0.303477 0.723968 0.0201255 0.011245
0 0.691166 0.796334 0.014295 0.0496765
0 0.8842 0.989077 0.0408424 0.0192074
37 0.490575 0.864997 0.0236651 0.00741035
37 0.936004 0.866454 0.0113813 0.0146091
0 0.912562 0.973559 0.0481903 0.0417013
37 0.851712 0.84358 0.0259109 0.0177443
0 0.518935 0.731396 0.00984507 0.0095893
37 0.0650458 0.758126 0.0205451 0.00904795
0 0.96965 0.673857 0.00601654 0.01659
0 0.924002 0.680755 0.00718994 0.0107192
0 0.901848 0.974426 0.0707756 0.0439029
0 0.978167 0.771179 0.0143806 0.0103407
16 0.773775 0.812212 0.00864506 0.0147346
0 0.850456 0.836703 0.028894 0.0328403
0 0.548873 0.810556 0.0101814 0.0431417
37 0.052929 0.739886 0.015897 0.0111779
37 0.530882 0.826492 0.0242756 0.00913018
0 0.860043 0.795231 0.00596924 0.0127943
0 0.979513 0.762833 0.0321507 0.026752
37 0.587799 0.91335 0.0514694 0.0116947
0 0.165254 0.739895 0.0178215 0.0096739
0 0.54264 0.810147 0.0055583 0.025981
37 0.944105 0.865884 0.0274284 0.0157572
24 0.15333 0.983612 0.0174649 0.0121301
8 0.0638089 0.752489 0.0261792 0.018083
0 0.979791 0.674481 0.00633068 0.0151272
0 0.842717 0.834311 0.0418922 0.0363573
0 0.483108 0.855374 0.0363914 0.0274628
37 0.577759 0.88247 0.032761 0.00874396
8 0.402914 0.778697 0.0272572 0.0156114
0 0.540799 0.843505 0.00588264 0.0170568
0 0.295535 0.718588 0.00929947 0.00883501
0 0.920263 0.973575 0.0329767 0.0404572
0 0.963642 0.851042 0.048098 0.0448859
0 0.106746 0.98282 0.0705402 0.0305001
16 0.771568 0.812884 0.0153353 0.0144006
37 0.961015 0.866424 0.0539013 0.0152808
37 0.967116 0.863328 0.0413525 0.0124719
0 0.744272 0.783177 0.0115986 0.0506048
37 0.752999 0.826518 0.0299492 0.00739865
0 0.395638 0.761133 0.0105352 0.0233827
37 0.759568 0.824363 0.0125755 0.00606825
0 0.00950031 0.981152 0.018824 0.0156565
0 0.121004 0.983692 0.037931 0.0258428
37 0.272551 0.734502 0.0103848 0.0109884
0 0.109298 0.983262 0.0246298 0.0251155
0 0.00612482 0.979089 0.0121331 0.0184228
37 0.987461 0.767354 0.0247089 0.0131639
37 0.575041 0.87378 0.037137 0.0171978
0 0.543396 0.819371 0.00900488 0.0621874
0 0.871585 0.845373 0.0136852 0.0158213
8 0.404244 0.776307 0.0253376 0.0147546
8 0.405465 0.77866 0.0214766 0.012538
37 0.577946 0.880261 0.0338041 0.013298
37 0.530339 0.824521 0.0276415 0.00811242
0 0.391428 0.830996 0.0172382 0.0831228
