0 0.600845 0.810866 0.0109011 0.0460761
0 0.45236 0.834457 0.0125 0.0664564
0 0.830778 0.834685 0.0174274 0.0334693
0 0.533097 0.819162 0.0135435 0.0518039
0 0.953747 0.849757 0.0218147 0.0426229
0 0.746626 0.782118 0.00755157 0.0455551
0 0.842557 0.766354 0.00861397 0.044341
0 0.79708 0.775319 0.00739117 0.0477961
0 0.47577 0.854171 0.0161559 0.0299098
0 0.692074 0.795196 0.0089488 0.0487859
0 0.730223 0.783983 0.00950031 0.0509243
0 0.721355 0.788961 0.0086153 0.0435215
0 0.701348 0.790337 0.0104702 0.050346
0 0.939588 0.728593 0.00713215 0.0211461
0 0.717881 0.830855 0.0123149 0.0303297
37 0.198258 0.916151 0.0455063 0.030879
0 0.856884 0.829002 0.0135275 0.0339084
0 0.00741444 0.747658 0.00927078 0.0160807
0 0.287445 0.72459 0.00560999 0.0164561
0 0.971503 0.762568 0.0121742 0.0258701
0 0.97416 0.762865 0.0177822 0.0265698
0 0.354455 0.989177 0.0149956 0.0216156
0 0.433727 0.914586 0.0243748 0.0371863
0 0.269748 0.733604 0.00751762 0.0167365
0 0.31295 0.708186 0.0066926 0.0158817
0 0.114926 0.982704 0.0323708 0.0270854
0 0.883598 0.982 0.044282 0.03476
0 0.0612094 0.736041 0.00588579 0.0173626
37 0.0221497 0.938702 0.0442994 0.0294701
0 0.921565 0.972613 0.0277937 0.0416633
0 0.712128 0.831554 0.025128 0.0312585
14 0.99628 0.811802 0.00702095 0.0202018
0 0.00586636 0.978963 0.011659 0.0182916
0 0.904989 0.972536 0.0369579 0.0416555
0 0.676536 0.815217 0.0166401 0.0188812
0 0.0661681 0.748382 0.00692015 0.0116584
16 0.676384 0.815375 0.0165491 0.0188816
0 0.853258 0.830606 0.0214666 0.0376075
0 0.393184 0.775203 0.00482073 0.0129852
0 0.109859 0.981303 0.0220536 0.0247949
0 0.440492 0.917316 0.01083 0.0285122
0 0.40205 0.764049 0.00579443 0.0161753
0 0.577018 0.875862 0.0340574 0.0138962
0 0.104258 0.983429 0.0657983 0.0292831
0 0.896066 0.976224 0.0684433 0.0456892
0 0.392376 0.774366 0.00706692 0.0129784
0 0.140885 0.739371 0.0049613 0.00737813
8 0.303442 0.714165 0.0274083 0.014329
0 0.912287 0.973454 0.0441999 0.0441088
0 0.978466 0.671132 0.00670719 0.0126072
14 0.155377 0.733373 0.014326 0.0124229
8 0.303493 0.710293 0.026891 0.0215224
37 0.102539 0.994252 0.0618846 0.00882975
0 0.914581 0.971571 0.0106903 0.0409478
0 0.738928 0.784568 0.00472116 0.0349714
0 0.507648 0.732068 0.00669289 0.0115384
0 0.00933198 0.978993 0.0185077 0.0199436
0 0.391057 0.833077 0.0186518 0.0869115
0 0.154918 0.733281 0.0136894 0.0132182
0 0.872531 0.84565 0.0149086 0.0157993
37 0.053988 0.739739 0.00823551 0.00918257
14 0.507209 0.732544 0.00695076 0.0119446
37 0.0103176 0.758428 0.0195889 0.00927073
0 0.958955 0.849963 0.0117588 0.0368788
0 0.434653 0.762863 0.00432034 0.00921699
0 0.771699 0.812617 0.0105104 0.0147519
0 0.392255 0.777115 0.00668225 0.0171231
0 0.83462 0.695089 0.00509529 0.0138187
8 0.900776 0.673366 0.0247108 0.0126221
0 0.132421 0.739028 0.00579462 0.00854051
0 0.434711 0.908282 0.0267462 0.0493842
0 0.402807 0.765077 0.00779493 0.0184789
0 0.947735 0.673594 0.00568695 0.0107246
0 0.394679 0.773991 0.0086329 0.0115339
0 0.739711 0.781517 0.00681286 0.0430396
14 0.900746 0.673684 0.0246536 0.0119602
0 0.769407 0.812731 0.0123868 0.0144965
8 0.0629082 0.747268 0.0257882 0.0228814
0 0.996056 0.812506 0.00742836 0.0213857
37 0.0955626 0.994168 0.0474665 0.00774672
24 0.153542 0.983284 0.0177919 0.0132501
8 0.00972534 0.758127 0.0189605 0.00930854
0 0.860434 0.794995 0.00781765 0.0130485
14 0.559416 0.839264 0.0053709 0.0112239
0 0.267733 0.738756 0.0106042 0.00968984
0 0.429237 0.913716 0.0343235 0.0399629
0 0.865715 0.845752 0.0290989 0.0160421
14 0.254746 0.397873 0.00934119 0.0105633
8 0.961925 0.695177 0.0209633 0.011676
8 0.283909 0.732071 0.0124746 0.00696174
0 0.122427 0.984926 0.0357627 0.0239275
8 0.0626748 0.740899 0.0254346 0.0248216
8 0.067972 0.750294 0.015782 0.0123422
0 0.0625525 0.742017 0.0170552 0.0255571
0 0.506059 0.732501 0.00911045 0.0125125
0 0.890722 0.978593 0.0320129 0.0346198
37 0.852987 0.847113 0.0263321 0.0125044
0 0.857328 0.795501 0.018618 0.0131282
0 0.966585 0.650129 0.00579433 0.013542
0 0.738508 0.782773 0.00633736 0.0461984
33 0.390975 0.81538 0.0179538 0.0506393
0 0.439149 0.908663 0.0194042 0.0469991
0 0.864693 0.832892 0.0314899 0.0406396
14 0.979176 0.669958 0.00795403 0.0124256
0 0.775955 0.812863 0.0148917 0.0164052
0 0.28363 0.726143 0.0133418 0.0188921
0 0.952024 0.862944 0.0189102 0.0182105
0 0.779169 0.815571 0.00882683 0.0111342
0 0.942566 0.728899 0.0134699 0.0223785
14 0.956432 0.66365 0.00596733 0.00822381
0 0.12176 0.986354 0.0196426 0.022338
0 0.818477 0.814157 0.0110592 0.0126792
0 0.892566 0.98486 0.0279932 0.0271023
