0 0.453148 0.834024 0.0123934 0.0675852
0 0.481379 0.830794 0.0145541 0.0641934
0 0.202906 0.874575 0.0135588 0.0540677
0 0.811545 0.774085 0.00847397 0.0450314
0 0.698096 0.794562 0.00944347 0.0479836
0 0.953388 0.848999 0.0223568 0.0426358
0 0.42415 0.910979 0.0177238 0.0487218
0 0.677408 0.791772 0.00847778 0.0350108
0 0.515016 0.778795 0.00798349 0.0248533
0 0.980962 0.740264 0.0106838 0.0483327
0 0.777483 0.778566 0.00971079 0.0458181
0 0.824754 0.770408 0.00967216 0.0411936
0 0.717049 0.830313 0.0141016 0.031281
0 0.969333 0.73728 0.00807953 0.0404572
0 0.787816 0.777027 0.0103153 0.0473501
0 0.765659 0.696865 0.00699463 0.0175771
0 0.830376 0.834519 0.0181604 0.0329336
0 0.85521 0.831172 0.0163597 0.0329119
0 0.115156 0.983425 0.0312933 0.0209076
0 0.354925 0.989206 0.0148922 0.0215871
0 0.95968 0.741383 0.00656776 0.0313431
0 0.941224 0.74845 0.00846024 0.0388146
0 0.906952 0.973242 0.0429081 0.040131
8 0.199145 0.915821 0.0454843 0.0317162
0 0.391375 0.815144 0.0168376 0.0507884
0 0.843701 0.763353 0.00794106 0.0440465
0 0.782792 0.696574 0.00619488 0.0181358
0 0.908839 0.743106 0.00841217 0.0255147
0 0.865702 0.759392 0.00777054 0.0382124
0 0.995627 0.813683 0.0083252 0.0182415
0 0.883449 0.980776 0.04478 0.0364165
37 0.199089 0.915793 0.0458747 0.0319422
0 0.00818574 0.747549 0.010056 0.0174394
0 0.49183 0.805642 0.0107847 0.0394528
0 0.895139 0.976076 0.0677509 0.0448469
0 0.00599405 0.981857 0.0119279 0.012306
0 0.296058 0.754097 0.00762129 0.0183572
0 0.852256 0.832428 0.0216606 0.0349691
0 0.540524 0.849233 0.00705547 0.0263721
0 0.714526 0.830861 0.0201389 0.0319434
0 0.846631 0.765472 0.00778141 0.0399051
0 0.921451 0.973561 0.0258564 0.04076
37 0.0985742 0.994172 0.0520272 0.00823296
0 0.887327 0.765849 0.00728626 0.0276659
0 0.36602 0.732018 0.00749598 0.0120214
0 0.939905 0.742397 0.0076252 0.050784
8 0.294979 0.745906 0.0169537 0.0336868
8 0.488024 0.781128 0.0268675 0.0164415
37 0.103573 0.993137 0.0618505 0.00967221
37 0.0220606 0.938846 0.0441211 0.0304057
0 0.489124 0.7802 0.00592518 0.0184726
0 0.577695 0.875738 0.03253 0.014561
0 0.676146 0.814976 0.0164215 0.0199388
0 0.881181 0.984865 0.0402328 0.0286482
0 0.91789 0.972731 0.0178888 0.0398997
0 0.947654 0.850772 0.0334393 0.0465585
8 0.366899 0.733443 0.0116616 0.0128682
8 0.296185 0.735711 0.0123111 0.0133514
0 0.106309 0.985381 0.0592029 0.0240034
0 0.775735 0.778547 0.00881615 0.0459785
8 0.0219922 0.938618 0.0439637 0.0302056
25 0.0220603 0.938835 0.0439761 0.0305976
0 0.83378 0.834482 0.0177383 0.033843
0 0.0725469 0.7479 0.00361102 0.00978665
8 0.968723 0.686418 0.0621462 0.0283068
0 0.11995 0.984824 0.0393386 0.0214837
8 0.368765 0.735762 0.0163095 0.010358
0 0.675617 0.805534 0.0141928 0.0395142
37 0.423306 0.924858 0.0157324 0.0220381
0 0.956753 0.848664 0.0158947 0.0383214
0 0.676231 0.796467 0.0109675 0.044977
0 0.366975 0.733055 0.0123048 0.0142814
0 0.48841 0.780678 0.0125535 0.0186293
0 0.330525 0.713474 0.00678597 0.0159127
37 0.684233 0.819202 0.0322752 0.0110982
8 0.844163 0.835755 0.0464649 0.0371709
0 0.93918 0.725609 0.00549164 0.0194363
0 0.901491 0.974214 0.0322456 0.0362978
0 0.90744 0.975823 0.0560263 0.0436018
0 0.00607795 0.979039 0.0119897 0.0183058
0 0.577704 0.8722 0.0335065 0.0217146
24 0.153427 0.98322 0.0177305 0.0132826
0 0.939432 0.742031 0.0127117 0.0516035
0 0.912145 0.682328 0.00480614 0.0132899
37 0.688797 0.820541 0.0252413 0.00845913
0 0.973712 0.765072 0.0168919 0.0238397
8 0.161459 0.739095 0.0233474 0.0120026
0 0.0582114 0.748932 0.00372064 0.00627204
37 0.94822 0.865306 0.0361351 0.0187798
0 0.995322 0.808585 0.00889359 0.0290173
0 0.874298 0.985115 0.0262968 0.0269789
8 0.0789893 0.748217 0.0154608 0.0167962
37 0.936505 0.866607 0.0124611 0.0152259
37 0.080005 0.747479 0.0133553 0.0155568
0 0.979002 0.649581 0.00523434 0.0141551
0 0.821078 0.772364 0.0160749 0.0442223
0 0.873078 0.679624 0.00673599 0.0202293
37 0.12745 0.989772 0.0244026 0.0129476
0 0.678394 0.813388 0.0167175 0.0226563
0 0.949947 0.864068 0.0329716 0.0181335
0 0.971538 0.757708 0.0136003 0.0388195
0 0.872886 0.674188 0.00659733 0.00996967
0 0.710854 0.8323 0.0269814 0.0335141
8 0.851829 0.846209 0.0237036 0.0127224
37 0.852356 0.84635 0.0256958 0.0127523
8 0.364115 0.734245 0.019687 0.0115463
0 0.9867 0.671238 0.00737991 0.0108066
37 0.587177 0.914738 0.0491883 0.013013
0 0.89742 0.976012 0.0238596 0.0303324
0 0.538808 0.739961 0.00501442 0.00688714
