0 0.476974 0.834178 0.015839 0.0649709
0 0.453082 0.833306 0.0123258 0.0671441
0 0.830245 0.834703 0.0174141 0.0332711
0 0.71876 0.830499 0.0144629 0.0312992
0 0.776867 0.780188 0.00872364 0.0424527
0 0.8432 0.765597 0.0078928 0.0467011
0 0.793788 0.775203 0.00906563 0.0457737
0 0.698934 0.794765 0.0102396 0.0487035
0 0.887008 0.756709 0.00966606 0.0451803
0 0.901408 0.756902 0.0102711 0.0422451
0 0.953369 0.848871 0.0220566 0.0396769
0 0.746349 0.784628 0.0103453 0.0462711
0 0.832558 0.770502 0.00763168 0.0439272
0 0.0660533 0.899705 0.00897493 0.055938
37 0.198005 0.915882 0.046144 0.0317332
0 0.924134 0.750774 0.00871887 0.0469638
0 0.515296 0.809399 0.0104334 0.0421894
0 0.320987 0.750231 0.0093349 0.013441
0 0.855687 0.830913 0.0168285 0.034375
0 0.75671 0.784378 0.00992947 0.0442907
0 0.852977 0.832159 0.0231194 0.0357398
0 0.432887 0.907285 0.0217025 0.0513677
0 0.973502 0.762517 0.0182091 0.0281687
0 0.354903 0.989162 0.0144551 0.0215888
0 0.00679333 0.751739 0.00949978 0.0177558
0 0.486546 0.776327 0.00882969 0.0209039
0 0.377695 0.751364 0.00743117 0.0145131
0 0.905594 0.972595 0.0417492 0.0417226
0 0.894082 0.975415 0.0655136 0.0466897
0 0.577569 0.875381 0.0330256 0.0156277
37 0.530909 0.73599 0.0137386 0.0123517
0 0.676918 0.815613 0.0168267 0.0185547
0 0.114621 0.981693 0.0305074 0.0234216
0 0.0683884 0.900089 0.0138913 0.0586331
0 0.996031 0.810693 0.00752811 0.0218953
0 0.322922 0.708993 0.00686631 0.0180573
0 0.0683284 0.738209 0.00813642 0.0187865
0 0.461062 0.778672 0.00587082 0.0189434
0 0.938325 0.73886 0.00812626 0.0285804
0 0.0707569 0.751875 0.00794771 0.0171895
0 0.509763 0.812171 0.00484276 0.0248554
0 0.280671 0.733679 0.00840492 0.0133877
0 0.901755 0.679377 0.00565224 0.0188133
0 0.00257459 0.978069 0.00510471 0.0210592
0 0.00527322 0.978262 0.0105216 0.0218496
0 0.391617 0.832207 0.0172592 0.0859433
0 0.793067 0.695774 0.00657711 0.0144102
0 0.437227 0.90733 0.0174406 0.0510237
0 0.391592 0.817221 0.0171569 0.0556546
0 0.976628 0.649548 0.00541191 0.0157127
0 0.95206 0.858673 0.0197826 0.0235236
8 0.377083 0.760807 0.0211598 0.0107191
8 0.0695544 0.745522 0.0114511 0.0322211
0 0.767448 0.697579 0.00669689 0.0140578
0 0.109709 0.981013 0.020376 0.0226829
0 0.105029 0.984 0.0523507 0.0273544
0 0.884262 0.979801 0.0464935 0.038815
0 0.0685958 0.745113 0.0134532 0.0330582
0 0.997728 0.673376 0.00408058 0.0146491
37 0.936626 0.867085 0.012606 0.0157742
0 0.936951 0.735273 0.00941582 0.0353621
0 0.742557 0.785209 0.0094677 0.0417082
8 0.373667 0.757913 0.0270794 0.0170475
0 0.378188 0.752673 0.0101563 0.0164786
0 0.00582669 0.753389 0.0115532 0.0204905
8 0.976704 0.661883 0.0180796 0.0402691
0 0.679954 0.815741 0.0187944 0.0191101
0 0.199975 0.730996 0.00813527 0.0090215
8 0.0221024 0.938821 0.0441696 0.030915
37 0.0221819 0.938918 0.0442963 0.0309743
37 0.102652 0.9939 0.0609624 0.00959015
0 0.34028 0.732731 0.0130495 0.0115155
0 0.540729 0.849516 0.00782814 0.0266668
0 0.770827 0.812358 0.0146776 0.0151184
0 0.77354 0.812367 0.0202453 0.0168155
0 0.0028965 0.983387 0.00571458 0.0316605
37 0.949315 0.865437 0.0373028 0.018965
0 0.872526 0.845992 0.0147964 0.0157617
0 0.740241 0.78098 0.0058197 0.0336872
0 0.884236 0.684077 0.00501251 0.00925547
0 0.756763 0.781781 0.0134185 0.0477217
0 0.921813 0.973418 0.0268372 0.0418664
0 0.948572 0.850962 0.0295105 0.0452415
0 0.117357 0.984555 0.0359519 0.0233105
14 0.920941 0.680145 0.00624847 0.00806681
0 0.282196 0.734852 0.0138692 0.015114
8 0.282596 0.73536 0.0137311 0.0140717
0 0.692943 0.788664 0.00773525 0.0280114
0 0.00912585 0.978787 0.0181131 0.023504
0 0.462624 0.778963 0.00875683 0.0197537
0 0.915544 0.973692 0.0388966 0.0433996
0 0.91734 0.97068 0.0152195 0.0392778
0 0.322396 0.750856 0.0127841 0.0145233
0 0.715989 0.83107 0.0203356 0.031506
0 0.9718 0.673095 0.00661583 0.0159659
0 0.585646 0.907334 0.0439296 0.0233561
37 0.0963004 0.99404 0.0477371 0.00787048
0 0.939809 0.737062 0.00969639 0.0307
0 0.0527241 0.75275 0.00356716 0.00682797
0 0.864158 0.833862 0.0323084 0.0394026
0 0.83492 0.768642 0.011573 0.0435888
37 0.34042 0.734856 0.0133932 0.00911255
8 0.377634 0.75511 0.0192453 0.0219983
0 0.982794 0.660857 0.00557823 0.012753
37 0.321746 0.756111 0.0138786 0.0134074
0 0.338593 0.733741 0.0181779 0.0117438
14 0.47252 0.319618 0.0107113 0.0083085
14 0.878124 0.67315 0.00520744 0.00775994
0 0.923737 0.977001 0.0231039 0.0340239
0 0.429822 0.904128 0.0148774 0.0468167
37 0.95511 0.868375 0.0305626 0.0110202
37 0.954571 0.867445 0.0503538 0.0142671
0 0.121006 0.986144 0.0193419 0.0223609
37 0.283844 0.737221 0.0171891 0.012208
8 0.0209818 0.898247 0.0418587 0.0225089
0 0.889424 0.75664 0.0146603 0.0437261
8 0.3351 0.733446 0.0195651 0.0114322
14 0.491419 0.319853 0.00907536 0.00889808
0 0.283529 0.734609 0.0174203 0.0175537
8 0.363448 0.757637 0.048499 0.0173625
0 0.882216 0.984428 0.0427345 0.0300273
0 0.4403 0.908161 0.0169319 0.0487373
0 0.00713225 0.982629 0.0141812 0.0314914
0 0.464263 0.781109 0.0133195 0.0158329
37 0.586006 0.909107 0.0431509 0.0199678
0 0.744542 0.78191 0.0122198 0.0447981
0 0.759132 0.783588 0.0161074 0.0450712
2 0.525449 0.418238 0.0140512 0.00914188
