0 0.452953 0.83338 0.0128828 0.0667762
0 0.0586169 0.902641 0.0146995 0.0618554
0 0.830232 0.834687 0.0174337 0.0333035
0 0.477255 0.834332 0.0136969 0.0685883
0 0.697581 0.792892 0.0101373 0.0474884
0 0.718821 0.830624 0.014534 0.030986
0 0.921825 0.751646 0.00942268 0.0467268
0 0.842938 0.765713 0.00865212 0.0469349
0 0.883643 0.756524 0.00911751 0.0459858
0 0.514955 0.809391 0.0103619 0.0420556
0 0.775728 0.780042 0.00883713 0.0423777
0 0.904872 0.756026 0.00950336 0.0432349
0 0.793891 0.775998 0.0116444 0.0488288
0 0.953426 0.848668 0.0219751 0.0392687
0 0.745638 0.784153 0.0104143 0.0476786
0 0.755409 0.782525 0.00804729 0.0482897
0 0.830585 0.765792 0.00811672 0.0374062
37 0.198055 0.915645 0.0460721 0.0321031
0 0.85275 0.832132 0.0235981 0.0358217
0 0.941309 0.740106 0.0070013 0.0303986
0 0.855569 0.830999 0.0172085 0.0346941
0 0.46009 0.779395 0.00589771 0.0212599
0 0.435636 0.906526 0.0245425 0.0535082
0 0.484532 0.77711 0.0081398 0.0202667
0 0.97347 0.762568 0.0182602 0.0281903
0 0.354911 0.989133 0.0144296 0.0216231
0 0.322857 0.752401 0.0114068 0.016527
0 0.383896 0.752468 0.00791397 0.0145047
0 0.894143 0.975396 0.0655029 0.0468414
0 0.00694562 0.751965 0.00939002 0.0171448
0 0.905293 0.972461 0.0423069 0.0417075
0 0.577565 0.875364 0.0330662 0.015635
8 0.335786 0.73271 0.0218491 0.0112142
0 0.114581 0.981643 0.0303518 0.0234144
0 0.323426 0.708767 0.00681219 0.0180152
0 0.996138 0.811789 0.00730572 0.0195762
0 0.901639 0.679072 0.00554047 0.0186414
0 0.279774 0.728554 0.00677147 0.0118283
0 0.0713575 0.751855 0.00635626 0.0165358
0 0.0682295 0.738121 0.0071897 0.0192724
37 0.0220805 0.938971 0.044161 0.0313531
0 0.00541986 0.976775 0.0107835 0.0241664
0 0.0025738 0.976857 0.00509177 0.0232147
8 0.380617 0.760823 0.0290316 0.0124763
37 0.460502 0.784899 0.0238977 0.0106625
37 0.379814 0.760556 0.0305096 0.012796
0 0.976897 0.650759 0.00535507 0.0186796
0 0.952451 0.858765 0.0240349 0.0263404
0 0.438929 0.906393 0.0146423 0.0527423
0 0.0684169 0.741294 0.00795958 0.0250441
0 0.109622 0.98093 0.0201742 0.0226308
0 0.0699975 0.75196 0.00903313 0.0187503
0 0.792955 0.696384 0.00660248 0.0127339
0 0.675229 0.815815 0.0130407 0.0178914
0 0.19863 0.732447 0.00697007 0.0105528
0 0.884258 0.979852 0.0464485 0.0387714
0 0.105548 0.983955 0.050715 0.0273024
0 0.740653 0.782764 0.0061182 0.0359873
14 0.92038 0.68004 0.00625553 0.00803833
0 0.995936 0.674385 0.00768776 0.0160538
0 0.740369 0.782871 0.00589104 0.0255151
0 0.391386 0.833395 0.0182476 0.0863917
0 0.951212 0.860978 0.0182528 0.0193671
8 0.284893 0.737449 0.0181391 0.00927226
0 0.428326 0.907042 0.0115691 0.0508575
0 0.540754 0.849272 0.00813026 0.0270287
0 0.280053 0.731073 0.00792894 0.0135595
0 0.0698991 0.744224 0.0109325 0.0306807
0 0.679211 0.815728 0.0206106 0.0183594
0 0.511453 0.81162 0.00527468 0.0281837
14 0.877157 0.674107 0.00588837 0.00920207
0 0.531403 0.736151 0.0141532 0.010161
0 0.767175 0.698179 0.00706062 0.0143105
8 0.338991 0.731862 0.0277476 0.0128791
0 0.281048 0.728949 0.00933042 0.01189
0 0.948624 0.850914 0.0292698 0.045006
0 0.872542 0.845971 0.0148647 0.0157279
4 0.471619 0.319092 0.0130234 0.00788536
0 0.884145 0.68285 0.00414066 0.0101084
37 0.102564 0.993955 0.0603517 0.00884162
37 0.53136 0.736098 0.0139837 0.0102007
37 0.936895 0.867021 0.0130228 0.0161206
0 0.921723 0.973624 0.0268808 0.0414954
0 0.913402 0.973668 0.0431902 0.0439809
0 0.948371 0.866108 0.0365623 0.0172921
8 0.312887 0.71754 0.0238986 0.00909051
37 0.310328 0.717703 0.018453 0.00935194
0 0.769561 0.812326 0.0121157 0.0146077
0 0.119037 0.9841 0.0387462 0.0244551
4 0.480207 0.319551 0.0304424 0.00963529
0 0.3913 0.817504 0.0178919 0.0541807
0 0.773555 0.812342 0.0205694 0.016864
0 0.771659 0.81245 0.0101038 0.0148015
0 0.382955 0.75457 0.0220066 0.0157986
0 0.00909313 0.977478 0.0179651 0.0258572
0 0.982451 0.659895 0.00666313 0.0139839
0 0.462129 0.779649 0.0106528 0.0211722
0 0.0537084 0.752824 0.00523425 0.00718401
0 0.474383 0.820252 0.00833597 0.0401294
0 0.460368 0.777362 0.00867491 0.0262034
0 0.934732 0.72456 0.00491219 0.0180093
37 0.948838 0.864817 0.0359476 0.0197817
8 0.976205 0.66582 0.0216085 0.031961
0 0.431889 0.905419 0.0188231 0.0521149
4 0.921018 0.249291 0.0124813 0.00779474
8 0.977036 0.671705 0.0179968 0.0197628
14 0.881296 0.67886 0.0142937 0.0180544
0 0.427642 0.915292 0.0110842 0.035336
0 0.430456 0.913345 0.0169802 0.0406196
0 0.585522 0.907326 0.0441905 0.0233253
0 0.864132 0.833642 0.032464 0.0398488
0 0.917299 0.970269 0.0146542 0.0385247
0 0.777342 0.813647 0.0124699 0.0143304
14 0.491522 0.319755 0.0092432 0.00896051
24 0.153627 0.983618 0.017706 0.0122999
0 0.979817 0.656891 0.0101673 0.0189176
8 0.310632 0.719235 0.0213735 0.00893165
37 0.378127 0.756093 0.0326633 0.0216298
0 0.00586489 0.75426 0.0116628 0.0160824
14 0.914838 0.67972 0.0175144 0.00935635
8 0.461372 0.782263 0.0201532 0.0159875
2 0.525439 0.418241 0.0140615 0.00915646
0 0.427238 0.92347 0.00949822 0.0189065
8 0.38226 0.755787 0.0238309 0.0210558
0 0.923802 0.977811 0.0229174 0.0324358
0 0.472503 0.821002 0.00553455 0.0356842
0 0.69516 0.792198 0.0127477 0.0452633
0 0.879034 0.985584 0.036536 0.027593
0 0.120855 0.986142 0.0192959 0.0222456
0 0.793254 0.69524 0.00836773 0.0156414
0 0.461712 0.78089 0.0178148 0.0193444
8 0.071611 0.743164 0.0168966 0.0281694
0 0.946367 0.857261 0.0322218 0.035337
