0 0.523781 0.819937 0.0127626 0.0564535
0 0.452415 0.834413 0.0128445 0.0674215
0 0.554647 0.819956 0.0108923 0.0490673
0 0.564595 0.810995 0.00995846 0.0579085
0 0.637963 0.803842 0.00936775 0.0507087
0 0.718461 0.829318 0.0144762 0.0330329
0 0.291208 0.900812 0.0169722 0.0755042
0 0.843028 0.764144 0.00835438 0.041296
0 0.688936 0.794655 0.0102102 0.0467099
0 0.383267 0.845382 0.0146525 0.065436
0 0.956919 0.848123 0.0156466 0.0353007
0 0.702576 0.792588 0.0108504 0.0476932
0 0.831333 0.835009 0.0168331 0.0326119
0 0.797254 0.774945 0.00939264 0.0501305
0 0.728135 0.78709 0.0088872 0.0474236
0 0.735494 0.784296 0.0084652 0.0490907
0 0.655472 0.807905 0.00708017 0.0355235
0 0.114512 0.982834 0.0311984 0.0243561
0 0.94875 0.850302 0.0167046 0.0375692
0 0.926617 0.75278 0.0085041 0.0414859
0 0.853439 0.834199 0.0208477 0.0284809
0 0.390864 0.833159 0.0181289 0.0868469
0 0.929151 0.729652 0.00819664 0.025344
0 0.97195 0.762359 0.014024 0.0280919
0 0.355201 0.989397 0.0148371 0.0212062
0 0.978851 0.732146 0.00871735 0.0265008
37 0.197957 0.915764 0.0449933 0.0314958
0 0.473893 0.856878 0.0210976 0.0238213
0 0.905056 0.972959 0.0378868 0.0382129
0 0.927706 0.744453 0.00990086 0.0542286
0 0.943441 0.851456 0.0279289 0.0394891
0 0.577661 0.875044 0.0326511 0.0154378
0 0.675919 0.815384 0.0165285 0.0187473
0 0.0057265 0.975583 0.0113859 0.0261051
0 0.890945 0.976862 0.060178 0.0439584
37 0.0222674 0.938705 0.0445349 0.0298855
0 0.88297 0.98383 0.0442883 0.0304253
0 0.391093 0.810079 0.0173682 0.0400136
0 0.914783 0.671964 0.0056076 0.0130825
0 0.940791 0.673978 0.00625343 0.0228829
0 0.483243 0.856935 0.0391267 0.0246965
0 0.95203 0.85009 0.025658 0.0382843
0 0.108059 0.984142 0.0444465 0.0266047
0 0.0361022 0.744351 0.00850501 0.0157528
0 0.92235 0.973582 0.0262524 0.0392615
0 0.540939 0.849166 0.00762863 0.0277264
0 0.917371 0.972273 0.015844 0.036656
37 0.100161 0.99397 0.0559755 0.00844998
37 0.936676 0.866499 0.016935 0.0146688
8 0.33847 0.722663 0.0239702 0.017206
0 0.0588732 0.729571 0.0111743 0.0151549
0 0.715634 0.829564 0.0205658 0.0337714
0 0.863491 0.697038 0.00601768 0.0156221
14 0.996278 0.816325 0.00703716 0.0113658
0 0.9148 0.972194 0.0105431 0.0368351
0 0.287049 0.738795 0.00875578 0.0131716
0 0.923751 0.681782 0.00702705 0.00943807
0 0.908517 0.975414 0.0530846 0.0438161
0 0.787098 0.813923 0.0339001 0.0190696
14 0.0789017 0.755242 0.00713861 0.00899556
0 0.941307 0.67108 0.00647659 0.0275591
0 0.857823 0.836293 0.0320465 0.0319231
0 0.951618 0.659744 0.00384941 0.0145237
0 0.0085209 0.975676 0.016934 0.0276364
0 0.860554 0.79459 0.00531406 0.0134254
14 0.00332265 0.756964 0.00655934 0.0115504
0 0.119518 0.984061 0.0408176 0.0250543
0 0.991 0.67138 0.00548973 0.0157323
0 0.95912 0.673141 0.00701141 0.0191065
24 0.153447 0.983651 0.0179406 0.0127352
0 0.85544 0.795145 0.0162451 0.0125892
0 0.773244 0.813605 0.0212931 0.0179952
0 0.996044 0.807624 0.00750351 0.0288133
37 0.0622543 0.730037 0.00813358 0.0118564
14 0.898382 0.682939 0.0111618 0.0181075
37 0.977163 0.77148 0.0132774 0.00937975
0 0.509419 0.721277 0.0173362 0.0137631
0 0.514505 0.720584 0.00721235 0.0117817
0 0.384921 0.837225 0.0179293 0.0749856
0 0.777031 0.81366 0.0136453 0.0185403
14 0.133024 0.739832 0.00910811 0.00838521
8 0.285839 0.768604 0.0185639 0.0115563
8 0.0581689 0.732446 0.0157763 0.0174671
14 0.509457 0.721194 0.0175045 0.0137132
0 0.857834 0.836905 0.0433285 0.0351878
0 0.770106 0.813174 0.0149369 0.0178085
0 0.96874 0.762515 0.0206146 0.0283105
0 0.592929 0.90744 0.0623165 0.0232059
0 0.772898 0.813049 0.0112485 0.0171397
8 0.493962 0.760312 0.0254748 0.0187646
0 0.853215 0.796447 0.012064 0.00917681
0 0.776708 0.814354 0.0286579 0.0200928
14 0.342493 0.770714 0.00679617 0.00854933
0 0.729909 0.784716 0.0119028 0.0516658
0 0.87256 0.845674 0.0144558 0.0149226
0 0.897323 0.975321 0.0225286 0.0311754
0 0.865961 0.685436 0.00670929 0.0102661
37 0.956897 0.867444 0.0605192 0.0144911
14 0.266531 0.731198 0.014093 0.00974494
0 0.577756 0.871163 0.033116 0.0236654
0 0.996109 0.816574 0.00730476 0.0134064
8 0.340911 0.725867 0.0299761 0.0136081
37 0.593845 0.911422 0.0606516 0.0150191
8 0.497514 0.759791 0.0186378 0.0160243
0 0.844567 0.836689 0.0452568 0.0341085
37 0.860739 0.845874 0.038829 0.0165619
0 0.948944 0.853128 0.0397785 0.0428409
0 0.266978 0.729878 0.0109556 0.00964627
