0 0.453075 0.83397 0.0124996 0.0674747
0 0.478571 0.82756 0.016839 0.0589288
0 0.95361 0.848802 0.0221792 0.0429023
0 0.267796 0.867721 0.013507 0.0541087
0 0.698504 0.796051 0.00910664 0.0427833
0 0.52716 0.778431 0.00784473 0.025076
0 0.843386 0.763603 0.00701179 0.0438107
0 0.90196 0.75379 0.00842667 0.0491755
0 0.94327 0.74096 0.00834007 0.0301958
0 0.992867 0.735764 0.00870438 0.0473597
0 0.849973 0.765525 0.00835533 0.0444875
0 0.874676 0.756877 0.00829468 0.0369646
0 0.514141 0.780795 0.00859842 0.0219581
0 0.790056 0.775979 0.00900812 0.0493276
0 0.959957 0.743938 0.0100792 0.0469411
8 0.198323 0.914246 0.0442872 0.0335863
0 0.830843 0.834636 0.0163231 0.0321077
0 0.796663 0.776002 0.00863237 0.0491608
0 0.830995 0.768106 0.00857162 0.0353923
0 0.476171 0.796796 0.0108833 0.0311757
0 0.775397 0.776341 0.00691891 0.0478989
0 0.685143 0.795017 0.00974951 0.0389716
0 0.716922 0.830565 0.011469 0.0317651
0 0.422776 0.909874 0.0189892 0.0497898
0 0.114797 0.983573 0.0309604 0.0198883
0 0.78316 0.695381 0.00623226 0.0133604
0 0.852836 0.829728 0.023875 0.0385898
0 0.290676 0.750908 0.00753975 0.0175981
0 0.00903166 0.743946 0.00725355 0.0201107
0 0.765557 0.696205 0.00696487 0.0154414
0 0.928558 0.731304 0.00844097 0.0286725
0 0.995681 0.811142 0.00822945 0.0223938
0 0.30221 0.739507 0.00651088 0.0127706
0 0.678547 0.815546 0.0216215 0.0185021
8 0.0695863 0.748904 0.0274271 0.014369
0 0.896165 0.976279 0.0695705 0.0466614
0 0.855902 0.829118 0.0169918 0.037188
0 0.00784023 0.7443 0.0100703 0.0215636
0 0.884057 0.980147 0.0458883 0.0384179
0 0.906041 0.97345 0.0403591 0.0412562
0 0.917572 0.972808 0.017317 0.039731
0 0.371771 0.73823 0.00776181 0.0108524
0 0.845546 0.764578 0.00952263 0.0441335
8 0.0728087 0.749119 0.0193481 0.0134849
0 0.714271 0.831015 0.020155 0.0321884
0 0.354599 0.989184 0.0148465 0.0216329
0 0.802812 0.769244 0.00702286 0.0314955
0 0.331496 0.709135 0.00632854 0.0139838
0 0.774565 0.773701 0.00599785 0.0405697
8 0.141523 0.738862 0.059352 0.0166468
0 0.47562 0.808673 0.0127111 0.0518182
0 0.778365 0.777123 0.0135521 0.0498932
0 0.921803 0.973907 0.0264057 0.0420139
25 0.022323 0.938077 0.0444613 0.0301244
37 0.100494 0.993886 0.0571317 0.0085768
8 0.1577 0.73636 0.0178961 0.00893148
0 0.11964 0.984912 0.039838 0.0211304
0 0.104672 0.98569 0.0558578 0.0229253
0 0.20323 0.72783 0.00664091 0.0116043
8 0.00680427 0.749967 0.0135395 0.0122204
8 0.161725 0.735493 0.0268254 0.0112111
0 0.995329 0.660528 0.00399628 0.0117108
8 0.00672579 0.744366 0.0133712 0.0224592
0 0.576479 0.87555 0.0344038 0.0146996
0 0.685 0.807091 0.0117033 0.0268338
0 0.769962 0.812734 0.0156845 0.0159746
0 0.391565 0.817357 0.0169647 0.0546017
8 0.579166 0.742272 0.063568 0.0205565
0 0.799097 0.776116 0.0131176 0.0483563
0 0.422143 0.898809 0.0125502 0.0252221
0 0.116269 0.738581 0.00720987 0.0101271
8 0.0222317 0.937938 0.0444634 0.029816
8 0.774432 0.696638 0.0274809 0.0179175
8 0.305943 0.751148 0.027091 0.0144185
8 0.301706 0.751243 0.0365897 0.0188439
0 0.955584 0.738942 0.00599632 0.0301083
0 0.540724 0.849731 0.00799437 0.0332679
0 0.42436 0.90259 0.0131058 0.0358015
0 0.958825 0.848178 0.0122932 0.0390642
8 0.326886 0.71509 0.036025 0.011408
0 0.111523 0.981285 0.0243261 0.0228187
0 0.956646 0.739088 0.00829277 0.0333815
8 0.289412 0.751109 0.0149188 0.0184492
0 0.974945 0.769948 0.019388 0.0137485
0 0.974996 0.763353 0.0181683 0.0259491
8 0.506347 0.517012 0.0378909 0.0136324
0 0.76672 0.695794 0.00964546 0.0160385
0 0.97415 0.670611 0.00664177 0.0305973
0 0.00575055 0.982313 0.0114276 0.0116002
0 0.773501 0.812909 0.0187838 0.0174233
8 0.367399 0.762416 0.0591955 0.0177917
8 0.851004 0.83556 0.0540661 0.0381161
0 0.975084 0.666841 0.00831738 0.0381119
8 0.774142 0.70239 0.0283472 0.011925
0 0.881085 0.984391 0.0395805 0.030346
37 0.102799 0.986157 0.0611338 0.0228173
0 0.171713 0.73481 0.00680249 0.00970391
0 0.706751 0.831959 0.0362926 0.0327562
0 0.907299 0.975984 0.058885 0.0446387
8 0.31945 0.714601 0.0197042 0.00803053
0 0.976294 0.665045 0.00546455 0.0309965
8 0.0703565 0.745825 0.0321582 0.0204619
8 0.892239 0.675377 0.0528591 0.0176073
8 0.322872 0.713457 0.0274241 0.00938517
8 0.952573 0.865929 0.0451569 0.0170656
0 0.857694 0.825598 0.0155329 0.0344189
0 0.374638 0.737987 0.0138865 0.0110977
0 0.418916 0.898654 0.0121556 0.0230591
37 0.816913 0.763663 0.0173437 0.00847371
8 0.973768 0.578552 0.0519938 0.0133197
0 0.947328 0.851079 0.0344271 0.0461819
8 0.124444 0.738783 0.0244773 0.0121389
0 0.972659 0.752812 0.00638504 0.00682848
0 0.576595 0.872556 0.0350311 0.0207392
0 0.591649 0.907218 0.0352032 0.0250197
37 0.69347 0.84159 0.0338779 0.014743
0 0.681101 0.799435 0.0191615 0.0478845
8 0.340702 0.754134 0.112923 0.0244175
8 0.843307 0.831944 0.0457123 0.0418594
0 0.29047 0.752263 0.00976591 0.0194197
0 0.302308 0.740381 0.00971642 0.0165392
0 0.90249 0.679638 0.00619736 0.0121058
0 0.473211 0.818194 0.00786076 0.0320372
0 0.779306 0.816279 0.00790119 0.0101617
8 0.295634 0.747227 0.0255896 0.0254798
8 0.578891 0.740575 0.0629217 0.0125014
8 0.0192626 0.917377 0.0382259 0.0153003
37 0.936187 0.865509 0.0118097 0.016529
26 0.935953 0.865544 0.0116783 0.0161231
0 0.976857 0.651247 0.00516319 0.0158568
0 0.00582983 0.978106 0.0115581 0.0201965
37 0.983835 0.707853 0.0317905 0.0133447
37 0.0195824 0.917123 0.0390039 0.0165295
0 0.42687 0.90979 0.0227678 0.0497199
8 0.324858 0.710234 0.0322208 0.0159924
37 0.512089 0.789524 0.0221185 0.0119704
8 0.140017 0.742495 0.0557977 0.0202028
