0 0.246608 0.902313 0.0157926 0.0755286
0 0.366529 0.84573 0.0135641 0.0641975
0 0.54244 0.814412 0.0114801 0.0594603
0 0.452887 0.834117 0.0119248 0.066871
0 0.842892 0.764695 0.00816383 0.0407464
0 0.501338 0.82466 0.0109182 0.0584312
0 0.797351 0.775211 0.00929699 0.0494483
0 0.718467 0.830319 0.0142965 0.0309887
0 0.688722 0.795009 0.0114119 0.0452813
0 0.555572 0.818446 0.010454 0.0481727
0 0.626146 0.804371 0.00825396 0.0509867
0 0.831223 0.835006 0.0167412 0.0321476
0 0.956643 0.847542 0.0162651 0.0336209
0 0.391093 0.830846 0.0182178 0.0830448
0 0.114486 0.982539 0.0313652 0.0239929
0 0.732585 0.78644 0.00793257 0.0463136
0 0.702216 0.792438 0.0103236 0.0461539
0 0.966215 0.733711 0.00597591 0.0240307
37 0.198396 0.916151 0.0439068 0.0305913
0 0.643042 0.810943 0.00641937 0.0357588
0 0.741016 0.783877 0.00685806 0.0474794
0 0.853913 0.834288 0.0204195 0.0281481
0 0.475723 0.857548 0.0175081 0.0230679
0 0.977555 0.735592 0.00621452 0.0294944
0 0.92075 0.752479 0.00914001 0.0392147
0 0.355196 0.989405 0.0148212 0.0211901
37 0.0221779 0.938855 0.0443204 0.028233
0 0.5392 0.759072 0.0102177 0.0188327
0 0.577829 0.87507 0.032523 0.0156092
0 0.931615 0.726592 0.00839043 0.021306
0 0.890872 0.977018 0.0598862 0.0438477
8 0.355908 0.71918 0.0424108 0.0224854
0 0.90491 0.973324 0.0389946 0.0383514
0 0.00566751 0.975814 0.0112609 0.0256514
0 0.948492 0.856258 0.0170485 0.0240685
0 0.883062 0.984957 0.0441866 0.0282878
0 0.676238 0.815354 0.0159331 0.0182582
0 0.4849 0.857532 0.035329 0.023164
0 0.739031 0.782736 0.00644617 0.0461217
0 0.95226 0.848769 0.025066 0.0354886
0 0.901478 0.975431 0.0317261 0.0326796
37 0.0971439 0.994044 0.049503 0.00814395
0 0.974361 0.763981 0.0189816 0.0248149
0 0.911655 0.974228 0.0480076 0.040843
0 0.462794 0.758505 0.0100777 0.0153019
0 0.917513 0.972087 0.0159512 0.0362902
0 0.922379 0.973536 0.0260712 0.039112
0 0.941273 0.672856 0.00531139 0.019203
0 0.784825 0.813939 0.0386504 0.0192507
8 0.0113232 0.743022 0.0225734 0.039288
0 0.991176 0.6719 0.00475655 0.0176286
0 0.853097 0.836444 0.0258081 0.03241
0 0.914951 0.972098 0.0106598 0.0365836
0 0.945892 0.857424 0.0234774 0.0260907
0 0.339563 0.772359 0.0040844 0.0110452
0 0.735192 0.784208 0.0109639 0.0501241
0 0.835408 0.835311 0.0261095 0.0329305
8 0.00860936 0.735003 0.0170577 0.0224525
0 0.927303 0.742849 0.0183975 0.0535299
0 0.289303 0.740493 0.00949936 0.0148797
0 0.0618263 0.734689 0.0067528 0.015587
0 0.860533 0.794419 0.00525723 0.0139103
8 0.00941218 0.739923 0.0187284 0.0323981
8 0.26516 0.71512 0.0166085 0.0169417
0 0.77554 0.814132 0.0208309 0.0181912
0 0.788293 0.815525 0.0308589 0.0159403
14 0.870955 0.693728 0.00910988 0.0159797
0 0.976433 0.771484 0.0147205 0.00954726
0 0.00464613 0.972705 0.00924555 0.0311764
0 0.00845114 0.734976 0.0168105 0.022544
14 0.99629 0.816303 0.0070116 0.0112766
0 0.00845178 0.975768 0.0167443 0.0271013
0 0.770533 0.812976 0.0150933 0.0176198
0 0.103522 0.984379 0.0545617 0.0263762
0 0.592859 0.907356 0.0623764 0.0230594
0 0.119661 0.983901 0.0409776 0.0249081
0 0.264469 0.711429 0.00604568 0.0132582
37 0.948254 0.859699 0.0386696 0.0246392
37 0.593844 0.912205 0.0607309 0.0135576
0 0.339033 0.771771 0.00381627 0.0121362
24 0.153414 0.983508 0.0181413 0.0130671
0 0.943415 0.859733 0.0295582 0.0279407
0 0.87229 0.844714 0.0142834 0.0140472
37 0.593132 0.907198 0.0624187 0.0222636
37 0.606917 0.805321 0.0361658 0.0137263
0 0.14274 0.743082 0.0101244 0.0133297
8 0.00696464 0.750134 0.0138431 0.0109721
0 0.925389 0.745558 0.00735931 0.0266225
37 0.00870934 0.734609 0.0172378 0.0220983
37 0.495249 0.863549 0.0169802 0.00930006
0 0.922718 0.751327 0.0129513 0.0422657
0 0.996056 0.807631 0.00747643 0.0286699
37 0.950975 0.867211 0.0437965 0.0156286
37 0.960876 0.862405 0.0515591 0.00999383
14 0.919934 0.667936 0.00487747 0.00867937
37 0.499304 0.863178 0.0256062 0.00949927
0 0.972939 0.752711 0.00530472 0.00745578
0 0.898305 0.68414 0.00821686 0.012724
37 0.957445 0.865076 0.0585215 0.0176344
0 0.965146 0.673813 0.00654449 0.0175886
8 0.14901 0.745994 0.021951 0.0159005
37 0.860957 0.846255 0.0383398 0.0153773
0 0.926112 0.741838 0.00983734 0.032046
0 0.0631045 0.734936 0.00845625 0.0159571
0 0.997311 0.671203 0.0047699 0.0162954
0 0.109723 0.983855 0.0332513 0.0214979
0 0.143776 0.744601 0.0123063 0.0157951
8 0.149096 0.749406 0.021583 0.0100104
8 0.201685 0.730225 0.0187739 0.0204112
0 0.629452 0.804699 0.0153436 0.0504439
0 0.0429059 0.73752 0.00709229 0.011544
37 0.0122417 0.752763 0.024109 0.012793
0 0.85798 0.836604 0.041774 0.0373301
37 0.872379 0.845607 0.0147476 0.0148454
37 0.958366 0.865284 0.0575464 0.0125019
0 0.996122 0.816838 0.00727882 0.0128191
0 0.930682 0.728658 0.0102942 0.0254245
37 0.751805 0.82655 0.0282697 0.00698276
0 0.920118 0.669092 0.00532646 0.0112418
8 0.366993 0.72652 0.0198404 0.00856595
0 0.89178 0.988214 0.0293438 0.020576
0 0.00372769 0.960116 0.00738149 0.0562544
0 0.0052458 0.968527 0.0104875 0.0417211
8 0.0114554 0.755131 0.0227036 0.0176364
37 0.935094 0.867719 0.0130257 0.0131348
37 0.944168 0.861478 0.0319143 0.0251383
0 0.928379 0.737012 0.0155315 0.0419359
0 0.540329 0.761636 0.0124736 0.0232619
37 0.824466 0.815274 0.0225624 0.00931736
0 0.925575 0.744845 0.0182659 0.0380405
