0 0.453789 0.833339 0.0129256 0.066746
0 0.486256 0.82726 0.0115213 0.0562466
0 0.304569 0.860125 0.0104342 0.0549786
0 0.539249 0.776632 0.00831451 0.0266924
0 0.842997 0.76765 0.00902691 0.0476135
0 0.697474 0.794386 0.00886974 0.0488464
0 0.953408 0.84834 0.022242 0.0420895
0 0.526107 0.77954 0.0103897 0.0225247
0 0.423833 0.914539 0.0192251 0.0428274
0 0.830882 0.834273 0.0154686 0.033596
0 0.893272 0.738384 0.00654259 0.0270769
0 0.68463 0.79532 0.010693 0.0452365
0 0.883047 0.761024 0.0081501 0.0447211
0 0.976094 0.73905 0.00830879 0.0443515
0 0.937239 0.750714 0.0115477 0.047683
0 0.856342 0.827967 0.0129585 0.035395
0 0.768571 0.780951 0.00837927 0.0438497
0 0.795511 0.776745 0.00908146 0.0461738
37 0.198924 0.915453 0.0471045 0.0327518
0 0.464321 0.798287 0.00864639 0.0314985
0 0.00959975 0.751373 0.00943362 0.0179999
0 0.925792 0.728312 0.0066925 0.0224808
0 0.718462 0.830125 0.0136719 0.0320146
0 0.11453 0.983795 0.0318516 0.0191006
0 0.893762 0.975914 0.0653774 0.0464067
0 0.0719846 0.750736 0.00560696 0.0110324
0 0.786079 0.777808 0.00850124 0.0466543
0 0.3545 0.988809 0.0165636 0.0223824
8 0.320272 0.712336 0.0245008 0.0207553
0 0.808064 0.77203 0.00931644 0.0323064
0 0.995631 0.813852 0.00831985 0.0185187
0 0.883987 0.979729 0.0463015 0.039484
0 0.713206 0.830541 0.0251575 0.0332026
0 0.577824 0.872572 0.033112 0.0202771
37 0.0221604 0.93825 0.0443208 0.0280694
0 0.330395 0.709086 0.00424309 0.0167742
0 0.917422 0.972584 0.0183292 0.0398063
0 0.290368 0.751868 0.00689354 0.0163181
0 0.905863 0.973238 0.0417377 0.0418111
0 0.675764 0.816232 0.0147587 0.0179203
0 0.970453 0.763331 0.0110016 0.026492
0 0.912197 0.759629 0.00532036 0.0244419
0 0.783046 0.695497 0.00574112 0.0132373
0 0.85356 0.828859 0.0183495 0.0381012
0 0.540796 0.848494 0.00687618 0.0294249
0 0.00817867 0.752211 0.0125416 0.0189763
0 0.309075 0.741026 0.00710964 0.0142544
37 0.0975301 0.994174 0.0501654 0.00813005
0 0.785795 0.768616 0.00742073 0.0282132
0 0.949451 0.849518 0.0297295 0.044528
0 0.763679 0.694402 0.00469723 0.0113664
0 0.920832 0.973039 0.0277203 0.0406942
0 0.0669769 0.751552 0.016088 0.0104643
0 0.792021 0.77726 0.0169178 0.0476217
8 0.298065 0.755832 0.0237289 0.0162703
0 0.103915 0.986022 0.0535076 0.0228973
0 0.0610396 0.751156 0.00479039 0.00873786
0 0.350284 0.988847 0.0255938 0.022306
0 0.00573537 0.98224 0.0113924 0.0115916
0 0.68193 0.808201 0.0159962 0.0308865
8 0.794208 0.575188 0.0358162 0.00910882
37 0.950138 0.865769 0.037714 0.0179806
8 0.199854 0.727765 0.0194205 0.0111952
37 0.101304 0.987756 0.0574945 0.0202332
0 0.937016 0.743057 0.0115223 0.0342695
0 0.913075 0.758789 0.00840454 0.0255063
0 0.977296 0.673493 0.00554047 0.015377
0 0.88225 0.984553 0.0428019 0.0302178
8 0.0676259 0.751377 0.0174201 0.0109829
0 0.859583 0.795407 0.00717926 0.0116035
8 0.0735461 0.751822 0.0282244 0.0114031
0 0.588709 0.907342 0.0526018 0.0252747
0 0.852273 0.838342 0.0214191 0.0230038
0 0.140048 0.747051 0.00554326 0.00954488
37 0.298425 0.758669 0.0236498 0.0111313
0 0.838324 0.834952 0.0316639 0.0350369
37 0.0809148 0.751356 0.0129729 0.0110808
37 0.00607535 0.7582 0.00969601 0.00862969
0 0.905648 0.975768 0.0589073 0.045421
0 0.980274 0.771508 0.00722618 0.0102037
0 0.770863 0.812463 0.0154043 0.016136
0 0.112418 0.980899 0.0299935 0.0234524
37 0.497469 0.849722 0.0177602 0.0109377
0 0.885891 0.760908 0.0135227 0.0450443
24 0.153452 0.983366 0.0178462 0.012993
37 0.319582 0.712685 0.0256411 0.0188082
37 0.949978 0.864017 0.0204895 0.0154117
37 0.85293 0.846638 0.02864 0.0129061
37 0.936049 0.867832 0.0114605 0.013814
37 0.959936 0.863183 0.0468121 0.0171283
8 0.199985 0.730006 0.0192629 0.00893589
0 0.122296 0.985904 0.0231371 0.0212211
0 0.672611 0.815947 0.0208864 0.019852
0 0.48646 0.820921 0.010038 0.0426147
0 0.120193 0.985075 0.0380652 0.0204149
8 0.62771 0.320524 0.00619411 0.0105782
37 0.855441 0.847346 0.0436583 0.0127998
37 0.951636 0.867483 0.0398403 0.0130208
8 0.867513 0.670308 0.00862732 0.00910712
8 0.867319 0.668285 0.00871735 0.0071874
0 0.678302 0.812907 0.0199667 0.0227351
0 0.982029 0.771613 0.00928459 0.0100555
37 0.868049 0.797161 0.0398888 0.0126804
8 0.773905 0.69571 0.0255314 0.0141303
0 0.955205 0.749328 0.00701065 0.00977444
8 0.157072 0.743335 0.0419365 0.0185861
37 0.553356 0.739614 0.0205727 0.0182727
0 0.690726 0.793047 0.0221995 0.0512609
0 0.678998 0.798624 0.0234887 0.051869
0 0.773728 0.812875 0.0215761 0.0178602
0 0.799865 0.773331 0.024881 0.0388373
0 0.778993 0.815676 0.00954838 0.0131358
37 0.957612 0.866507 0.0548286 0.0149757
0 0.971878 0.762464 0.0149635 0.0281877
37 0.790845 0.82081 0.0248966 0.00670556
0 0.481647 0.816446 0.00487881 0.0308796
0 0.540981 0.851487 0.00789394 0.0366815
37 0.588165 0.908323 0.0534243 0.0241214
0 0.807096 0.776799 0.0112415 0.0402181
8 0.989408 0.566813 0.0207699 0.0190925
0 0.00584205 0.978534 0.0115757 0.0190972
37 0.85855 0.845991 0.0414352 0.016272
0 0.974945 0.662521 0.013269 0.0383594
0 0.995258 0.808224 0.00903339 0.0309555
0 0.911522 0.760821 0.00725098 0.0282893
0 0.799853 0.776793 0.0199322 0.0427032
37 0.960563 0.863203 0.0506565 0.0118005
8 0.553231 0.73925 0.0205013 0.0192768
37 0.492484 0.864058 0.0204107 0.00854051
37 0.695823 0.841528 0.0271395 0.0142424
0 0.854892 0.795954 0.014315 0.0102987
0 0.48569 0.815488 0.0112886 0.0337663
8 0.960841 0.699317 0.0783182 0.0233532
0 0.420943 0.911748 0.0131963 0.037578
