0 0.480897 0.830016 0.0135956 0.0641649
0 0.4531 0.834149 0.0123856 0.0672953
0 0.698051 0.79294 0.00931606 0.0513538
0 0.788174 0.776875 0.010697 0.0477822
0 0.196243 0.875781 0.0145532 0.0527874
0 0.9834 0.738793 0.0116507 0.0493037
0 0.81043 0.773173 0.00888367 0.0421417
0 0.953524 0.849129 0.0224144 0.0419557
0 0.843356 0.765468 0.0107456 0.0434574
0 0.776816 0.779003 0.00944157 0.0469508
0 0.678543 0.792464 0.00873899 0.0379293
0 0.42365 0.914213 0.0205999 0.0427829
0 0.717196 0.83033 0.0147026 0.0313904
0 0.86417 0.760566 0.00803871 0.0358361
0 0.828036 0.770087 0.00987549 0.0409946
0 0.513158 0.778971 0.00815086 0.024194
0 0.938098 0.746352 0.0112091 0.043767
0 0.830385 0.834457 0.0181786 0.0330407
0 0.764705 0.697905 0.00680714 0.017373
0 0.965663 0.742208 0.0110973 0.048214
0 0.00857536 0.748239 0.00827654 0.0169905
0 0.855704 0.830837 0.0158646 0.0329737
0 0.783199 0.698853 0.00651245 0.0201697
0 0.115134 0.983563 0.031262 0.0211941
0 0.909071 0.742601 0.00894928 0.022375
0 0.354924 0.989212 0.0148668 0.0215757
0 0.391402 0.813681 0.0169683 0.0466939
0 0.853069 0.831892 0.0221771 0.0346783
0 0.883369 0.980635 0.044763 0.0367584
8 0.199201 0.916144 0.0456037 0.0312263
0 0.995621 0.813646 0.00833778 0.0183024
0 0.907285 0.973522 0.0434002 0.0397617
0 0.329785 0.713092 0.0065176 0.0185886
0 0.486097 0.769556 0.00660171 0.0212713
0 0.921316 0.973425 0.0258923 0.0407369
37 0.199305 0.916159 0.0457656 0.0314282
0 0.297869 0.75523 0.00855165 0.0209954
0 0.494322 0.807769 0.0122379 0.0444987
0 0.00596723 0.981623 0.0118514 0.0143938
0 0.918001 0.972828 0.0182957 0.0396025
0 0.896186 0.97602 0.0699059 0.044518
0 0.540598 0.849485 0.00705471 0.0260017
37 0.0968543 0.994199 0.0486447 0.00812242
0 0.00755602 0.748903 0.0112329 0.0172438
0 0.296347 0.73466 0.0107107 0.0101383
0 0.107347 0.984998 0.0521922 0.0244922
0 0.539339 0.739773 0.00398769 0.00776876
37 0.0220506 0.938786 0.0441013 0.030091
8 0.969347 0.687982 0.060759 0.0246858
0 0.948176 0.850976 0.0328512 0.0456914
0 0.880483 0.984912 0.0388657 0.028648
8 0.0220534 0.938636 0.0440962 0.0301334
0 0.839062 0.835019 0.0327454 0.034494
37 0.103051 0.990897 0.0608275 0.0138467
0 0.366895 0.732197 0.014351 0.0135919
0 0.0583905 0.750945 0.00344137 0.00705668
0 0.577697 0.875752 0.0327896 0.0146683
0 0.955967 0.848576 0.0174648 0.0372138
0 0.119778 0.984694 0.0393446 0.021678
25 0.0221159 0.938863 0.0440807 0.0305576
8 0.0778821 0.749887 0.0208408 0.0146742
0 0.07226 0.750567 0.00631828 0.0101198
0 0.67581 0.799172 0.0150453 0.0524801
0 0.713677 0.83157 0.0215457 0.0333832
0 0.987845 0.67162 0.00703697 0.0177207
0 0.676075 0.816111 0.0163952 0.0185901
0 0.381628 0.799839 0.00443039 0.0142732
16 0.675691 0.816165 0.015315 0.01832
0 0.885144 0.762024 0.00616302 0.0219238
0 0.967705 0.741903 0.0111477 0.0469981
0 0.298901 0.753334 0.00986891 0.0186061
8 0.849246 0.834869 0.0595304 0.0401235
0 0.841614 0.834635 0.044985 0.0368551
8 0.296431 0.740306 0.0151824 0.020968
0 0.960832 0.743236 0.00664902 0.031644
0 0.487376 0.771212 0.00966263 0.0233573
0 0.973827 0.762386 0.0154919 0.0269023
8 0.0810965 0.749642 0.0144152 0.0139394
0 0.486493 0.776706 0.00926743 0.0313951
0 0.951164 0.863819 0.0301582 0.0185187
0 0.872748 0.673681 0.00581436 0.00981047
0 0.910631 0.682912 0.00507584 0.0123488
8 0.902773 0.76369 0.0548964 0.0181302
8 0.295971 0.747647 0.0188111 0.0312936
0 0.89128 0.975824 0.0308529 0.0320272
0 0.972612 0.752459 0.00447235 0.00695903
8 0.367618 0.733359 0.0155499 0.0145554
0 0.995334 0.808623 0.00886116 0.0288747
8 0.296285 0.73623 0.0134207 0.0123957
0 0.979577 0.649802 0.00711021 0.0152481
0 0.874069 0.985148 0.0258293 0.0271779
0 0.391456 0.805719 0.0158495 0.0314165
0 0.89756 0.975653 0.0240719 0.0309994
37 0.950011 0.864714 0.0386028 0.0197032
24 0.153418 0.983221 0.0177513 0.0132867
14 0.952843 0.661426 0.00436363 0.00949843
0 0.679666 0.798513 0.012442 0.0512412
0 0.421885 0.925008 0.0149681 0.0229062
0 0.864532 0.76336 0.00957832 0.0435806
0 0.383395 0.806575 0.00607228 0.0234539
0 0.57774 0.872535 0.0335678 0.0212106
0 0.0111787 0.749168 0.0149053 0.0118652
0 0.873381 0.678759 0.00689316 0.0209456
0 0.0969586 0.742384 0.00715971 0.0102353
37 0.938565 0.866518 0.0166691 0.0156375
37 0.684012 0.817952 0.0327583 0.0142683
0 0.922896 0.983003 0.0235386 0.0221012
0 0.901532 0.973494 0.0319359 0.0343543
0 0.981054 0.652672 0.00817471 0.0187528
