0 0.47675 0.834897 0.0155563 0.0658495
0 0.453141 0.833519 0.0119172 0.0666565
0 0.830244 0.834698 0.0174059 0.0332518
0 0.718755 0.830655 0.0144497 0.030956
0 0.793764 0.775027 0.00910082 0.0456753
0 0.777553 0.781103 0.00883656 0.0419334
0 0.84312 0.765502 0.00804901 0.0467862
0 0.83287 0.770515 0.00718765 0.0439304
0 0.887632 0.757004 0.00897636 0.0464606
0 0.699161 0.794649 0.0104632 0.0493025
0 0.953385 0.848819 0.022028 0.0395532
0 0.514995 0.809285 0.0102679 0.0419179
0 0.899383 0.75847 0.00895138 0.0404768
0 0.746465 0.784822 0.0105327 0.0458198
0 0.924779 0.752593 0.008395 0.0429345
0 0.434542 0.908085 0.0243238 0.0500515
37 0.197937 0.915834 0.0461475 0.031625
0 0.755276 0.784743 0.00901308 0.0431912
0 0.855711 0.830908 0.0166321 0.0341482
0 0.853302 0.832141 0.0223808 0.0355743
0 0.973359 0.76248 0.017824 0.0281421
0 0.320016 0.750078 0.0118068 0.0142426
0 0.354903 0.989154 0.0144492 0.0215908
0 0.00617521 0.751864 0.0111607 0.0182061
0 0.487007 0.77622 0.00818577 0.0211327
0 0.0681604 0.891135 0.00965334 0.0409875
0 0.376745 0.751343 0.00456882 0.0161957
0 0.577568 0.875336 0.0329844 0.0157206
0 0.894008 0.97544 0.0654636 0.0466244
0 0.905306 0.972535 0.0422682 0.0417128
0 0.460971 0.778316 0.00572681 0.0184965
0 0.114636 0.98158 0.0303226 0.0231427
0 0.509809 0.81302 0.00477524 0.0270988
0 0.322887 0.709021 0.00591049 0.0149594
0 0.99604 0.810678 0.00751038 0.0218784
0 0.676838 0.815498 0.0120983 0.0186303
0 0.00258565 0.978113 0.00513081 0.0209746
0 0.374228 0.75137 0.00834751 0.0167864
0 0.680997 0.815557 0.0186334 0.0184862
0 0.280748 0.733566 0.00836525 0.0121792
0 0.0704872 0.750492 0.00857167 0.019514
0 0.070593 0.750936 0.00931937 0.0260647
8 0.0694395 0.746171 0.0121637 0.0331072
8 0.375371 0.755523 0.023605 0.0241128
8 0.530372 0.736609 0.0155247 0.0137129
8 0.313129 0.711332 0.026397 0.018738
37 0.0221587 0.939065 0.0442819 0.0303073
0 0.0691292 0.744514 0.0108093 0.0302585
0 0.00500078 0.978267 0.00997711 0.0216712
0 0.461739 0.778878 0.0083271 0.019477
8 0.313054 0.716056 0.0257111 0.00941874
8 0.375339 0.761248 0.0231731 0.0121165
0 0.070299 0.895683 0.0141736 0.0508067
0 0.977586 0.649356 0.00513763 0.0163424
0 0.792576 0.695575 0.00685635 0.0145364
8 0.977559 0.661127 0.0188046 0.0406747
0 0.901682 0.67911 0.00570126 0.018592
0 0.109686 0.980974 0.020293 0.0225481
37 0.530391 0.736475 0.0152861 0.0133189
0 0.886978 0.979555 0.0523033 0.038886
0 0.951761 0.860094 0.0191559 0.0207672
0 0.884323 0.683487 0.0046917 0.00965305
0 0.106755 0.984002 0.0485609 0.0272408
8 0.281391 0.734963 0.0125765 0.0153507
8 0.774545 0.699834 0.0206589 0.0167805
8 0.338229 0.733335 0.0217356 0.011991
0 0.540482 0.849496 0.00718803 0.026776
16 0.0717325 0.920703 0.0141345 0.0202613
0 0.19932 0.731656 0.00945802 0.0133833
0 0.00282642 0.983479 0.00557993 0.0317352
0 0.0685312 0.746902 0.0138907 0.0346166
37 0.936958 0.867016 0.0131435 0.0161375
0 0.997821 0.672664 0.00390205 0.0151228
0 0.281056 0.736086 0.00985298 0.0124702
0 0.677045 0.81577 0.0182144 0.0188924
8 0.00593193 0.753116 0.0117981 0.0194656
8 0.341938 0.735779 0.0152706 0.00769145
0 0.773619 0.812516 0.0201115 0.0167954
0 0.938201 0.738575 0.00722275 0.0244
0 0.872527 0.845971 0.0147827 0.015741
0 0.321245 0.751108 0.0157153 0.0170888
0 0.921812 0.973165 0.0268349 0.0422509
0 0.770337 0.81236 0.0137335 0.0149478
37 0.949218 0.865367 0.037031 0.0189984
0 0.0532899 0.752704 0.00440784 0.00699972
0 0.94864 0.850936 0.0291988 0.0451352
0 0.0678509 0.890553 0.0148926 0.0408759
0 0.693399 0.792914 0.00912628 0.027733
0 0.901165 0.758285 0.01157 0.041065
14 0.920944 0.679928 0.00661221 0.00848711
0 0.117239 0.98457 0.0356487 0.0231784
37 0.103211 0.993129 0.0623476 0.0110913
0 0.949353 0.862299 0.033683 0.0221263
0 0.793926 0.696464 0.00686321 0.0131859
0 0.914862 0.973652 0.0403078 0.0437283
0 0.937379 0.737588 0.00764351 0.0282661
0 0.39183 0.817643 0.0167468 0.0563778
0 0.740282 0.778807 0.00567455 0.0313239
0 0.91735 0.970836 0.0154556 0.0395769
0 0.767287 0.695785 0.00639706 0.0101997
0 0.971945 0.67273 0.00665054 0.0160205
0 0.585682 0.907333 0.0438652 0.0233463
8 0.460317 0.779848 0.0218775 0.0182719
8 0.065781 0.746077 0.0227452 0.0352665
0 0.694485 0.798853 0.0123199 0.0470461
37 0.32142 0.759021 0.0159237 0.00705126
37 0.321068 0.755173 0.0161232 0.0146954
0 0.00904972 0.978784 0.0179045 0.0233836
0 0.716065 0.831216 0.0200756 0.0311052
8 0.28313 0.737305 0.0174785 0.0139381
0 0.834896 0.768881 0.0103687 0.0434019
0 0.864068 0.833855 0.0325012 0.0393989
8 0.362701 0.757573 0.050866 0.0192563
0 0.0656313 0.896559 0.0189959 0.0535982
0 0.696738 0.793771 0.0154949 0.049431
4 0.472496 0.319612 0.0106937 0.00833325
0 0.93488 0.723853 0.00450172 0.0167887
8 0.460553 0.783632 0.022402 0.0107912
8 0.063672 0.752602 0.0257357 0.0172109
37 0.099514 0.993978 0.0537018 0.00815887
0 0.893701 0.757419 0.0204632 0.0439706
0 0.882385 0.983936 0.0430721 0.0308921
0 0.12102 0.986306 0.0191463 0.0219957
37 0.95522 0.868409 0.0303312 0.010984
0 0.461836 0.776394 0.00701733 0.0245722
0 0.886157 0.757342 0.0128117 0.0469028
37 0.954254 0.867472 0.0490204 0.0140845
14 0.491427 0.319816 0.0090744 0.00892877
24 0.153618 0.983635 0.0177191 0.0123394
4 0.481309 0.319923 0.0286715 0.00995911
8 0.312716 0.718967 0.0262699 0.00861596
0 0.878118 0.673456 0.00569038 0.00782556
37 0.585992 0.908593 0.0432235 0.0209657
0 0.00687085 0.98272 0.0136494 0.0315877
8 0.199557 0.733653 0.0105814 0.0121999
