0 0.473265 0.83476 0.0168787 0.0656964
0 0.455764 0.833915 0.012359 0.06802
0 0.718644 0.830841 0.01415 0.0300669
0 0.0145412 0.902577 0.009952 0.0463284
0 0.830602 0.834622 0.0172489 0.0336138
0 0.764841 0.78387 0.0102985 0.0405677
0 0.79429 0.775229 0.011426 0.0496609
0 0.95354 0.849449 0.0220308 0.041153
0 0.697445 0.794366 0.00942545 0.0508928
0 0.900538 0.754626 0.00918732 0.0460281
0 0.843024 0.767131 0.00806694 0.0474796
0 0.866277 0.760453 0.00924072 0.0515045
0 0.817945 0.772517 0.00856056 0.0455509
0 0.744073 0.784371 0.00820236 0.0463771
0 0.755146 0.781301 0.00756073 0.0489946
0 0.702789 0.793786 0.00788918 0.0450429
0 0.520988 0.80986 0.0117318 0.0380653
37 0.0220323 0.938719 0.0440646 0.0281711
0 0.856366 0.83017 0.0153461 0.0330204
0 0.0694122 0.742816 0.009059 0.0271094
0 0.433859 0.913339 0.0235796 0.0389409
0 0.836414 0.774784 0.00677795 0.0305071
37 0.198693 0.915965 0.0467792 0.0323334
0 0.996032 0.809877 0.00751705 0.023891
0 0.894544 0.976213 0.0656334 0.0456184
0 0.929 0.753041 0.00873013 0.0414273
0 0.278739 0.72896 0.00680008 0.0167981
0 0.355091 0.988948 0.0145878 0.022105
0 0.791097 0.698375 0.00665779 0.0187338
0 0.474946 0.779269 0.0108084 0.0235626
0 0.010239 0.751722 0.0085513 0.0174081
0 0.329654 0.7543 0.00814638 0.0164113
0 0.883593 0.983814 0.0437317 0.0309767
0 0.450003 0.780928 0.00925035 0.0192908
0 0.906288 0.973065 0.0441441 0.0399462
0 0.0071974 0.975906 0.0143104 0.0249768
0 0.676257 0.815756 0.0166608 0.0183477
0 0.954901 0.737122 0.00980549 0.0312593
0 0.54056 0.850871 0.00709209 0.0250095
0 0.973203 0.762716 0.0156002 0.0277174
0 0.76894 0.69713 0.00700703 0.0135282
0 0.920301 0.97333 0.0243084 0.0406328
0 0.989727 0.676205 0.00544701 0.018809
0 0.753108 0.782084 0.0106294 0.049173
0 0.00445524 0.976104 0.00885167 0.0240485
37 0.533983 0.739696 0.0162586 0.00971341
0 0.125977 0.985941 0.027483 0.0204729
0 0.195598 0.734265 0.00845704 0.00991075
0 0.853382 0.831468 0.0217579 0.0364661
0 0.715612 0.831339 0.020452 0.0308734
37 0.102458 0.994249 0.0613769 0.00798713
0 0.577343 0.875486 0.032489 0.0136156
0 0.00671805 0.755298 0.00655982 0.0141032
0 0.756686 0.781696 0.0101181 0.0486142
0 0.917649 0.972756 0.017268 0.0401316
0 0.885521 0.978701 0.0482656 0.0401252
37 0.105764 0.988119 0.0679384 0.0199154
37 0.577057 0.875239 0.0323727 0.0134945
0 0.700841 0.794027 0.0119196 0.0479285
0 0.119584 0.984533 0.0370321 0.022993
0 0.109503 0.980863 0.018704 0.0227553
8 0.149365 0.739736 0.0269585 0.0165565
37 0.853113 0.846282 0.0262692 0.0134396
0 0.934838 0.725934 0.00661945 0.0237194
0 0.973705 0.754266 0.00617371 0.0115268
0 0.950295 0.859781 0.0154768 0.0196937
24 0.153412 0.983476 0.0177759 0.0124669
0 0.852465 0.838422 0.0235203 0.0247933
0 0.106106 0.985863 0.0671411 0.0234277
37 0.858484 0.847291 0.037896 0.0127133
0 0.322237 0.714413 0.00608978 0.0224572
0 0.973279 0.675652 0.00667992 0.0153198
37 0.00854458 0.756644 0.0107782 0.0121906
37 0.062302 0.754101 0.02178 0.00839945
0 0.774195 0.813223 0.00757236 0.0144725
0 0.528475 0.739238 0.00504379 0.00948639
16 0.126666 0.985915 0.0278841 0.0206757
37 0.944831 0.867074 0.0285841 0.0150221
0 0.768976 0.698914 0.00792313 0.0172202
8 0.322174 0.730978 0.0216585 0.00885603
37 0.942792 0.761881 0.0209606 0.0113539
0 0.0105409 0.751907 0.0116581 0.0184757
8 0.322197 0.728491 0.0210523 0.0099172
37 0.937279 0.867266 0.0137547 0.0148688
37 0.0100011 0.759397 0.0150682 0.00860833
0 0.883147 0.684613 0.00508537 0.00931024
0 0.391183 0.831578 0.0180388 0.082636
0 0.767057 0.813107 0.00772381 0.0151674
4 0.453562 0.318513 0.0215762 0.00776545
37 0.322274 0.72902 0.0212928 0.01007
0 0.770936 0.812515 0.0171253 0.0159848
0 0.778435 0.814333 0.00985508 0.0134525
8 0.669526 0.570723 0.0153484 0.00785328
0 0.864028 0.845165 0.0283527 0.016315
0 0.862767 0.832554 0.0295641 0.038229
37 0.536331 0.792569 0.042133 0.0131439
37 0.0642639 0.756904 0.0260044 0.011382
8 0.979407 0.652169 0.00967407 0.0295428
0 0.109637 0.973129 0.0192559 0.0389506
37 0.791102 0.820166 0.0253756 0.00707669
0 0.00849509 0.752818 0.0125886 0.0196523
0 0.927157 0.753139 0.0125488 0.0426568
8 0.322331 0.718829 0.0206357 0.031015
0 0.540718 0.854806 0.00815487 0.0333055
4 0.906584 0.249245 0.0152512 0.00617421
37 0.855219 0.845584 0.0485718 0.017788
0 0.449228 0.781225 0.0138603 0.020272
8 0.305959 0.717546 0.0159176 0.00821228
37 0.593623 0.913729 0.0624941 0.0117455
37 0.795706 0.817048 0.0373598 0.0114858
0 0.758545 0.78214 0.0144915 0.0490711
0 0.678524 0.814566 0.0211896 0.0201477
37 0.845755 0.845908 0.0421425 0.0155789
0 0.840559 0.834981 0.0374329 0.0340335
0 0.979786 0.660652 0.00757942 0.0122813
0 0.765808 0.806031 0.00937443 0.0192934
0 0.820719 0.815193 0.0135513 0.00901828
25 0.391382 0.831494 0.0176834 0.0835953
0 0.87186 0.845396 0.0132607 0.015156
37 0.00643238 0.75732 0.00857043 0.0112623
37 0.777346 0.718789 0.0485765 0.0150479
