0 0.350675 0.847279 0.0140115 0.0637404
0 0.511244 0.820493 0.0148531 0.0600925
0 0.453709 0.835453 0.0110823 0.0636417
0 0.842966 0.765876 0.00844021 0.0456362
0 0.185377 0.906366 0.0209896 0.0756731
0 0.555487 0.818426 0.0100555 0.0488191
0 0.79673 0.775467 0.00838966 0.0471758
0 0.734161 0.785815 0.00937462 0.0456858
0 0.831131 0.834759 0.0171049 0.0328834
0 0.742955 0.783077 0.00773821 0.0490536
0 0.620172 0.815503 0.00807247 0.0386654
0 0.467141 0.828798 0.00925407 0.0552241
0 0.120436 0.745073 0.00744944 0.0356901
0 0.6071 0.810181 0.00945244 0.049727
0 0.688871 0.795409 0.010861 0.0434765
0 0.114416 0.982649 0.0319274 0.0251004
0 0.700557 0.794184 0.0109146 0.0431012
0 0.47522 0.854483 0.0164165 0.0292491
0 0.718623 0.830354 0.0135729 0.0312819
0 0.391154 0.817338 0.016857 0.0549177
37 0.0221979 0.938289 0.0442739 0.0287679
0 0.956425 0.84866 0.0162991 0.036397
0 0.902794 0.972719 0.0337414 0.0392463
0 0.889961 0.975949 0.0585701 0.0458927
0 0.355097 0.989373 0.0139351 0.0212548
0 0.915677 0.754857 0.00750484 0.0438005
0 0.469941 0.759549 0.00884438 0.0159136
0 0.972015 0.762553 0.0144352 0.0270576
0 0.85302 0.834913 0.0225451 0.0269633
0 0.715355 0.830659 0.0204592 0.0321214
0 0.94716 0.851335 0.0351227 0.0416316
0 0.879397 0.698383 0.0062294 0.0209351
0 0.855073 0.834295 0.0156036 0.0258993
0 0.910144 0.97312 0.0484438 0.0396901
0 0.328282 0.772509 0.00619741 0.0110207
0 0.996158 0.813408 0.00727997 0.0168752
0 0.987337 0.733118 0.00801926 0.022836
0 0.928912 0.731815 0.00705185 0.0144657
0 0.677876 0.815462 0.0189157 0.0185686
0 0.883737 0.980422 0.0458876 0.0377862
0 0.894721 0.685996 0.00697441 0.018131
0 0.909938 0.752364 0.00492878 0.0311344
0 0.97662 0.674703 0.00718365 0.0176413
0 0.247101 0.719557 0.00706005 0.0123959
37 0.204377 0.917876 0.0332616 0.0288444
0 0.928668 0.738853 0.00795174 0.0286533
0 0.675021 0.815514 0.0137586 0.0191372
0 0.950239 0.736242 0.0068634 0.017578
0 0.00527911 0.748132 0.0072489 0.0121296
0 0.290607 0.721827 0.00596466 0.0161082
0 0.73237 0.7856 0.0120798 0.0444292
0 0.940381 0.674663 0.00622082 0.0192156
0 0.765426 0.813803 0.0311726 0.0178216
37 0.112014 0.762489 0.0438297 0.0102937
0 0.945224 0.859063 0.0332428 0.0286991
0 0.291908 0.725224 0.00889349 0.0207696
0 0.913393 0.754642 0.0116776 0.0444875
0 0.238028 0.767925 0.00565462 0.010866
37 0.975007 0.771799 0.0181664 0.0105698
33 0.197069 0.915583 0.0475028 0.0330651
0 0.921108 0.68037 0.00476532 0.0139754
0 0.770265 0.81316 0.0152838 0.0153073
0 0.484594 0.854435 0.0364296 0.0286696
0 0.479255 0.854342 0.020772 0.0284073
8 0.2907 0.731042 0.0123544 0.0121318
8 0.246586 0.731157 0.0320215 0.0174288
37 0.098796 0.994373 0.0548245 0.00848151
0 0.861834 0.836147 0.0367973 0.0328939
0 0.577545 0.875533 0.0333418 0.0133199
0 0.92161 0.973612 0.0283585 0.0411214
0 0.91394 0.972246 0.010598 0.0380212
0 0.0993552 0.984466 0.0629471 0.0281182
0 0.728888 0.784444 0.00583315 0.0306081
37 0.24529 0.731509 0.0347001 0.015986
0 0.84368 0.835458 0.041967 0.0334286
0 0.771939 0.813222 0.0243908 0.0171027
0 0.609417 0.811508 0.00988236 0.0431513
0 0.00577939 0.980119 0.0115217 0.0166748
37 0.197092 0.914538 0.0477846 0.0314836
0 0.923176 0.675774 0.0085247 0.0224323
0 0.939665 0.85974 0.0222656 0.0264128
0 0.236294 0.989406 0.0210644 0.0211063
0 0.711262 0.831842 0.0288137 0.0330622
0 0.602355 0.766379 0.0117119 0.0174306
37 0.942088 0.761182 0.0470303 0.0144319
24 0.153452 0.983367 0.0178672 0.0128018
37 0.588219 0.912325 0.0542734 0.0138017
0 0.778972 0.815256 0.00974579 0.0125875
0 0.879286 0.985061 0.0374496 0.028864
37 0.494251 0.862898 0.0172026 0.0105113
0 0.994061 0.671004 0.00560532 0.0223533
37 0.00759761 0.866732 0.0151317 0.0126712
0 0.967151 0.668092 0.00419121 0.0119137
0 0.978757 0.651638 0.00561562 0.0124563
37 0.00380595 0.758064 0.00741307 0.00893012
0 0.229974 0.989314 0.0333577 0.0212847
0 0.970706 0.772239 0.0292191 0.0135462
0 0.994797 0.813582 0.0100357 0.0174964
0 0.872602 0.845583 0.0146767 0.0150752
37 0.970588 0.77482 0.0284393 0.00988159
37 0.577123 0.875132 0.0334182 0.0132582
0 0.859681 0.843852 0.0411226 0.0202701
37 0.114162 0.764694 0.0384552 0.0094479
0 0.93705 0.721389 0.00393486 0.00844913
0 0.884525 0.695223 0.00532799 0.0137365
37 0.00758942 0.869726 0.0150198 0.0187775
0 0.852668 0.840635 0.0264204 0.0258016
0 0.290998 0.728289 0.0128337 0.0188214
8 0.290286 0.733106 0.0136798 0.0159983
8 0.944465 0.759787 0.0554886 0.0195401
0 0.881059 0.698166 0.00933113 0.0208023
0 0.996056 0.670981 0.00724411 0.0201591
8 0.110751 0.754336 0.0440581 0.0287153
0 0.976533 0.772051 0.0182991 0.0103309
0 0.703997 0.833401 0.0431513 0.0301897
8 0.638911 0.763231 0.101247 0.0309892
0 0.924363 0.980163 0.0225433 0.0265996
0 0.15352 0.983325 0.0178474 0.0132657
