0 0.455941 0.833607 0.0130875 0.0683217
0 0.718482 0.830479 0.0144777 0.0306881
0 0.830618 0.834658 0.0173119 0.0336007
0 0.953371 0.849447 0.0224089 0.0411969
0 0.896928 0.756097 0.00979099 0.0468104
0 0.744537 0.784261 0.00873966 0.047295
0 0.84306 0.767064 0.00822906 0.0475055
0 0.471277 0.834831 0.0166461 0.0630215
0 0.697135 0.79571 0.00938025 0.0510878
0 0.00565591 0.904295 0.0112918 0.0447177
0 0.815376 0.772154 0.00840912 0.0416083
0 0.794297 0.775466 0.011517 0.0496189
0 0.522973 0.811353 0.0112976 0.0388189
0 0.862923 0.761419 0.00958633 0.0495012
0 0.834112 0.775806 0.00637341 0.0298603
0 0.704558 0.795497 0.0087822 0.0414283
0 0.43388 0.913346 0.0236966 0.0382384
0 0.06981 0.741649 0.00848534 0.0265194
0 0.856329 0.830187 0.0153095 0.0329885
0 0.760039 0.783957 0.00943375 0.0433173
37 0.0220365 0.939329 0.044073 0.0280345
0 0.470793 0.780476 0.00821438 0.0234492
0 0.278506 0.729366 0.00728359 0.0169542
0 0.00967106 0.752377 0.0085066 0.017706
0 0.75432 0.782174 0.00770073 0.048465
0 0.956288 0.736314 0.0106215 0.0316193
0 0.894632 0.976223 0.0658058 0.045665
0 0.995955 0.809895 0.00766602 0.0240282
0 0.88369 0.980365 0.0440414 0.0378387
0 0.790312 0.698373 0.00715094 0.0180508
37 0.198845 0.91582 0.0464306 0.032477
0 0.355088 0.988943 0.0145936 0.0221146
0 0.445906 0.78202 0.00620174 0.0186371
0 0.331666 0.754966 0.00912738 0.0166185
0 0.194718 0.734368 0.00842509 0.0104641
0 0.906419 0.972997 0.0442593 0.0399414
0 0.677797 0.81568 0.0193392 0.0183851
0 0.934085 0.743774 0.00968609 0.0586599
0 0.703481 0.792447 0.0105963 0.0487881
0 0.00711815 0.976052 0.0141489 0.024687
0 0.758378 0.782258 0.0128648 0.0476261
0 0.540614 0.850831 0.00714626 0.0245873
0 0.920572 0.973305 0.025161 0.0406576
0 0.391383 0.832778 0.0174098 0.0860121
37 0.53324 0.739805 0.0168777 0.00900472
0 0.934667 0.752594 0.00749969 0.0399319
0 0.321755 0.713576 0.00576124 0.0197381
0 0.769541 0.698317 0.00891991 0.0157662
4 0.906444 0.248875 0.0154486 0.00639911
37 0.948456 0.761918 0.0286678 0.0155016
0 0.853343 0.831449 0.0217857 0.0364192
37 0.100678 0.994329 0.057148 0.00782878
0 0.125853 0.985959 0.0275268 0.0205814
0 0.770054 0.701089 0.0108287 0.0215285
0 0.974413 0.762724 0.018626 0.0275465
37 0.94414 0.762725 0.0382414 0.01773
0 0.00395181 0.976101 0.00784774 0.0238358
37 0.0647061 0.751475 0.0264164 0.00861698
37 0.105175 0.991712 0.0660132 0.0126979
0 0.98713 0.676531 0.00566216 0.0210113
0 0.119053 0.984125 0.0373337 0.0238135
0 0.577317 0.875577 0.0324738 0.0136103
0 0.917626 0.972724 0.0173225 0.0401031
0 0.47672 0.825892 0.00709019 0.0371396
0 0.956354 0.849333 0.0170074 0.0384886
0 0.533143 0.73983 0.0167614 0.0091295
0 0.715657 0.830941 0.0203724 0.0313321
0 0.109623 0.98054 0.0189392 0.0230181
0 0.972864 0.672639 0.00627499 0.0195779
37 0.577044 0.875364 0.0324221 0.0133886
0 0.106093 0.9856 0.0666644 0.0239409
8 0.98295 0.663899 0.0299271 0.0477254
0 0.882884 0.985603 0.0424719 0.027928
0 0.773879 0.813135 0.007477 0.0147634
37 0.853117 0.846458 0.0263777 0.0132258
37 0.0686224 0.752747 0.0144279 0.00939162
0 0.151101 0.739198 0.0201437 0.0100627
8 0.833997 0.713498 0.0211258 0.0138112
37 0.858414 0.847529 0.0380512 0.0124237
24 0.153416 0.983473 0.0177849 0.0124971
37 0.944783 0.866939 0.0287235 0.0152995
37 0.980089 0.756334 0.0393524 0.014248
0 0.767135 0.813093 0.00787125 0.0149105
0 0.151702 0.740396 0.024226 0.0117954
0 0.933266 0.755267 0.0103611 0.0383384
37 0.320996 0.727906 0.0219704 0.0082628
14 0.921646 0.678505 0.00837402 0.0121424
37 0.541164 0.792486 0.0668437 0.0181851
0 0.700645 0.79569 0.0149387 0.0457503
37 0.937066 0.867269 0.0133232 0.0147942
0 0.973797 0.753722 0.00542736 0.0102985
0 0.773158 0.812996 0.0200858 0.0165804
37 0.062349 0.752947 0.0227092 0.00813158
0 0.974725 0.770902 0.0184185 0.0114668
37 0.929303 0.763326 0.0720268 0.0221432
4 0.450283 0.318904 0.0277781 0.00902969
37 0.518519 0.793559 0.0191679 0.00757497
0 0.778496 0.814897 0.00961571 0.0126478
37 0.789298 0.718115 0.0619514 0.012224
0 0.771371 0.81262 0.0140505 0.0155672
37 0.00687638 0.759586 0.0126937 0.0108734
0 0.0102307 0.752828 0.0119236 0.0190984
0 0.979794 0.658756 0.00810356 0.0167421
0 0.864747 0.845144 0.0272285 0.016389
0 0.862818 0.832525 0.0298737 0.0382606
37 0.860007 0.845931 0.0388104 0.0166346
37 0.795678 0.817235 0.0375827 0.011468
37 0.790849 0.819948 0.0256827 0.00757684
0 0.882501 0.685219 0.00588799 0.00939984
0 0.143621 0.737469 0.0056653 0.00982022
37 0.281493 0.736778 0.0284128 0.00780368
37 0.0540172 0.750933 0.00588028 0.00701396
37 0.982703 0.758377 0.0341421 0.0160038
8 0.97957 0.654086 0.00999603 0.0257334
0 0.68195 0.815487 0.0160186 0.0185939
37 0.443279 0.785751 0.017181 0.011263
0 0.952514 0.85953 0.0210526 0.0222046
0 0.838007 0.834998 0.0323616 0.0340018
37 0.98319 0.754413 0.0332916 0.011644
0 0.109588 0.973667 0.019178 0.0382246
37 0.593817 0.91385 0.0617594 0.0115058
0 0.872006 0.84541 0.0135735 0.0151944
0 0.448128 0.783374 0.0128614 0.0178701
8 0.302903 0.731171 0.062595 0.0178945
8 0.980622 0.662795 0.0173666 0.0489366
0 0.475788 0.825699 0.00885201 0.0441423
37 0.771603 0.716294 0.0272636 0.00670437
37 0.322849 0.727514 0.036093 0.0103275
0 0.897095 0.983477 0.0697464 0.0312598
0 0.474723 0.834174 0.0105404 0.0619849
