0 0.453201 0.833342 0.0114483 0.0681815
0 0.830567 0.834602 0.0169979 0.0332835
0 0.707379 0.790793 0.00980511 0.046021
0 0.695815 0.793934 0.00974436 0.0461311
0 0.754544 0.782192 0.00897141 0.0487864
0 0.796484 0.775667 0.00854206 0.0484392
0 0.80438 0.774138 0.00785294 0.0413883
0 0.718603 0.830054 0.0145039 0.03187
0 0.87305 0.760806 0.00912705 0.0488573
0 0.539218 0.812618 0.0105902 0.0416036
0 0.0716113 0.740269 0.00696664 0.0263841
0 0.743291 0.785044 0.0112284 0.0480243
0 0.466093 0.845527 0.0181499 0.0481639
0 0.855985 0.830625 0.0167067 0.0321326
0 0.34092 0.756251 0.00673857 0.0209415
0 0.953506 0.849409 0.0219662 0.0415107
0 0.819454 0.777179 0.00606041 0.0278141
0 0.00958619 0.745531 0.00799104 0.0171127
0 0.892526 0.976251 0.0619495 0.0455315
0 0.842106 0.765537 0.0105883 0.0480806
0 0.933444 0.727366 0.00645733 0.0235213
0 0.967083 0.744697 0.00966187 0.042355
0 0.435145 0.913805 0.0209793 0.0373498
0 0.973957 0.74088 0.00674362 0.0343123
0 0.957196 0.848317 0.0150963 0.0387165
0 0.90341 0.973068 0.0389551 0.0392792
0 0.274026 0.7297 0.00698624 0.0152108
0 0.528588 0.739155 0.00664234 0.0102851
0 0.116602 0.983443 0.0330647 0.024501
0 0.319799 0.708069 0.00702248 0.0177968
4 0.416689 0.316104 0.022584 0.0080819
0 0.354452 0.989329 0.0155409 0.0212953
37 0.0221157 0.938161 0.0442315 0.0282506
0 0.840152 0.766646 0.00868568 0.0462423
37 0.198409 0.915716 0.0449301 0.0314202
37 0.533881 0.739576 0.0175446 0.0103916
0 0.974136 0.764497 0.0184608 0.0238929
16 0.675232 0.815694 0.0150181 0.0206328
37 0.0679955 0.754845 0.0150337 0.00635579
8 0.145226 0.738731 0.0212702 0.0132229
0 0.00573797 0.97593 0.0114248 0.0260056
0 0.302338 0.728793 0.00772209 0.011438
0 0.883989 0.983524 0.045632 0.0312051
0 0.852831 0.832823 0.0244343 0.0356718
0 0.772191 0.69954 0.00650721 0.0203842
0 0.108295 0.984217 0.0565279 0.0262929
0 0.843998 0.767363 0.00778313 0.0434584
0 0.996281 0.814122 0.00702782 0.0146244
37 0.0980693 0.994353 0.0504644 0.00844794
0 0.714703 0.83072 0.0227392 0.0322491
0 0.454138 0.774864 0.00600433 0.0134686
0 0.469078 0.839077 0.0123364 0.0357013
4 0.895232 0.246334 0.0148867 0.00645112
0 0.920522 0.68244 0.0076025 0.0171994
0 0.973063 0.674457 0.00490341 0.0183155
0 0.87262 0.845926 0.0141098 0.015339
0 0.441568 0.768873 0.00801086 0.0169607
0 0.299421 0.729029 0.0137173 0.0116694
0 0.74493 0.777882 0.00792694 0.0356511
0 0.00960424 0.97642 0.0192085 0.0281147
0 0.949196 0.858983 0.0131779 0.0222158
0 0.790125 0.698336 0.00447826 0.0151131
0 0.110194 0.981579 0.0206838 0.0224209
0 0.539836 0.821685 0.01033 0.0604757
0 0.391085 0.811017 0.0175414 0.0437022
0 0.0519233 0.751046 0.00373545 0.00489095
37 0.577527 0.875459 0.0326723 0.0140589
0 0.911876 0.97259 0.0226189 0.0384666
0 0.577557 0.875689 0.0332403 0.0144148
0 0.896579 0.682969 0.004953 0.015576
0 0.879832 0.680363 0.00667267 0.0182349
8 0.299807 0.730651 0.0147355 0.00871989
37 0.00894796 0.75215 0.0107895 0.00988498
0 0.790668 0.699302 0.00617752 0.0168218
0 0.770875 0.812381 0.0127881 0.0147086
0 0.863642 0.833484 0.0331324 0.0374044
0 0.190668 0.730419 0.00952649 0.00819261
0 0.818805 0.778439 0.0080246 0.0312507
0 0.947914 0.850759 0.0321056 0.0450873
0 0.895975 0.68001 0.00651836 0.0211804
0 0.122857 0.985264 0.0332315 0.0224915
0 0.462028 0.845248 0.00978842 0.0449426
37 0.937391 0.866999 0.0139668 0.0151925
0 0.922409 0.974683 0.0272007 0.0389899
37 0.943658 0.866281 0.0257256 0.0164658
0 0.305845 0.713034 0.0115385 0.00851966
24 0.153703 0.982832 0.0187811 0.0138479
0 0.27637 0.729405 0.013097 0.0153466
37 0.310578 0.713819 0.0270371 0.00959998
37 0.307037 0.713392 0.0154146 0.00863902
37 0.0690038 0.752868 0.0156204 0.0111749
0 0.779807 0.816473 0.0076788 0.00939467
0 0.307176 0.713589 0.0166124 0.00894877
0 0.453775 0.778752 0.0076478 0.0212438
0 0.970048 0.749184 0.0176426 0.0495631
0 0.875442 0.760514 0.0135979 0.0495589
0 0.851105 0.843555 0.0211914 0.0144404
0 0.980346 0.672701 0.00738907 0.0193684
0 0.946507 0.85901 0.0311497 0.0295509
37 0.856653 0.764282 0.0233038 0.011605
0 0.708572 0.831976 0.0340681 0.0311211
0 0.84279 0.834208 0.0421469 0.035758
0 0.350148 0.989354 0.0252466 0.0212443
0 0.912832 0.974693 0.0470562 0.0437141
37 0.852956 0.845239 0.0263435 0.0148505
0 0.340987 0.759973 0.00720119 0.0283359
33 0.391158 0.811234 0.0173657 0.0440328
0 0.981145 0.669906 0.00558128 0.0258645
37 0.89677 0.755249 0.0198742 0.0087989
0 0.860119 0.846028 0.0398378 0.0156294
8 0.860245 0.719424 0.0973549 0.0253086
0 0.981731 0.676452 0.00644588 0.0157372
0 0.1463 0.738339 0.0223182 0.013189
37 0.858988 0.845579 0.0396732 0.0154402
0 0.441593 0.768659 0.0112154 0.0163239
0 0.739601 0.783874 0.00623693 0.044171
0 0.465091 0.837112 0.0164261 0.031879
0 0.860106 0.795585 0.00655785 0.0109575
0 0.443425 0.769585 0.0146292 0.0171488
0 0.00444394 0.97394 0.00884597 0.0301415
0 0.153841 0.983063 0.0190056 0.0139476
0 0.694266 0.795516 0.00941067 0.0458277
0 0.390854 0.83136 0.017875 0.0859127
0 0.77377 0.812775 0.0195915 0.0164556
0 0.917837 0.973029 0.0171959 0.039377
