0 0.452404 0.833684 0.012681 0.0673489
0 0.726306 0.789064 0.00828724 0.0425456
0 0.742279 0.784458 0.00927935 0.0471337
0 0.755419 0.781305 0.00794554 0.0486867
0 0.796319 0.775284 0.0104113 0.0500003
0 0.830665 0.834713 0.0179337 0.0336324
0 0.852659 0.763784 0.00982513 0.051984
0 0.842561 0.766169 0.00903931 0.0464176
0 0.824717 0.770817 0.0112593 0.0497928
0 0.692468 0.794595 0.00982695 0.0459754
0 0.547748 0.814409 0.0113737 0.0514821
0 0.703949 0.791765 0.0102409 0.0478461
0 0.852496 0.831834 0.0232487 0.0356759
0 0.816718 0.780056 0.00644302 0.0324456
0 0.718257 0.830096 0.0138472 0.0323174
0 0.953887 0.848821 0.0217953 0.0394909
0 0.471479 0.854193 0.016835 0.0330624
0 0.89178 0.976279 0.0619034 0.0460276
0 0.00561008 0.977291 0.0111678 0.0236174
0 0.934664 0.728094 0.00639915 0.0205237
0 0.0082746 0.750139 0.0105885 0.0173818
0 0.354529 0.756295 0.00755291 0.0207504
0 0.3911 0.813752 0.0176321 0.0471927
37 0.198609 0.916162 0.0463073 0.0317098
0 0.71249 0.830534 0.0260627 0.0333296
0 0.433535 0.914498 0.0244825 0.0363373
0 0.7922 0.70281 0.00616818 0.0236179
0 0.440166 0.780037 0.00614567 0.0163333
0 0.904512 0.973109 0.0397833 0.0402351
0 0.577676 0.875788 0.0324095 0.014799
0 0.0717679 0.744394 0.00685953 0.0191754
0 0.274272 0.724118 0.00580959 0.0192946
0 0.46927 0.856254 0.0122026 0.0279877
0 0.354598 0.989276 0.0161335 0.0214478
0 0.0678063 0.737584 0.00622325 0.0151311
0 0.11487 0.981608 0.0303109 0.0240723
0 0.391022 0.829444 0.018028 0.0793237
0 0.109656 0.980682 0.0201466 0.023034
37 0.0221323 0.938742 0.0442646 0.0271959
0 0.996081 0.677985 0.00730991 0.0202998
0 0.675604 0.816924 0.014951 0.0190101
0 0.439186 0.779176 0.00818119 0.017788
0 0.774465 0.699076 0.0075985 0.0177672
0 0.952611 0.856149 0.0200928 0.0299564
0 0.141689 0.735349 0.0064147 0.010161
0 0.319571 0.712767 0.00668936 0.0183448
14 0.922254 0.681606 0.00810318 0.0126997
0 0.85592 0.830691 0.0157814 0.0338872
0 0.950869 0.858611 0.0165623 0.0240004
0 0.438829 0.917675 0.0136271 0.0286045
0 0.435429 0.776526 0.00477257 0.0133881
0 0.109242 0.983788 0.0470037 0.0268989
0 0.440752 0.918785 0.010127 0.0252618
0 0.540672 0.849025 0.00693874 0.029267
0 0.975672 0.763926 0.0229172 0.0253554
0 0.476606 0.852508 0.0092598 0.032194
14 0.996592 0.813812 0.00639343 0.0147564
0 0.143845 0.739164 0.0193594 0.00965491
0 0.529315 0.738861 0.0134855 0.00974935
0 0.882669 0.983488 0.0436073 0.0312456
0 0.119635 0.984621 0.0392726 0.0230967
0 0.409951 0.768065 0.00624065 0.00978224
37 0.103537 0.993339 0.0631256 0.00979004
0 0.922264 0.973711 0.0269154 0.041392
0 0.971562 0.675026 0.00629234 0.0158535
0 0.149658 0.739073 0.0095809 0.00784183
0 0.91082 0.97502 0.0491409 0.0444583
14 0.895521 0.680894 0.00893841 0.0183007
0 0.858575 0.833945 0.0385227 0.0395389
0 0.776055 0.813009 0.0152876 0.0167621
0 0.772901 0.81292 0.00916615 0.0153049
0 0.882606 0.681267 0.00849514 0.0157618
37 0.530581 0.739081 0.0160769 0.00948249
0 0.769739 0.812974 0.0129164 0.0154777
0 0.991354 0.738891 0.0167143 0.0439684
8 0.297005 0.727132 0.0239254 0.0100026
0 0.858773 0.840492 0.0383213 0.0262143
8 0.0660264 0.749714 0.0290426 0.0114794
0 0.124265 0.985884 0.0300097 0.0205314
0 0.428934 0.917767 0.0203925 0.0310415
0 0.318168 0.713727 0.00876274 0.0178555
14 0.882266 0.681755 0.00851002 0.0185777
37 0.098934 0.993715 0.0535978 0.00792847
0 0.707962 0.786041 0.004459 0.0127925
4 0.390054 0.314686 0.0237865 0.00902901
8 0.350904 0.561038 0.027702 0.00965949
0 0.0553557 0.751906 0.00422803 0.00879517
0 0.959976 0.84937 0.0172695 0.0397025
0 0.12189 0.986072 0.0192945 0.0215027
37 0.0654069 0.750313 0.028346 0.0107717
37 0.956398 0.865525 0.0281616 0.0166875
0 0.189275 0.73318 0.00986805 0.00963694
0 0.980028 0.671891 0.00632706 0.0194299
37 0.142921 0.739955 0.021418 0.0115897
0 0.524112 0.738521 0.00496464 0.0102561
0 0.895473 0.680276 0.0087059 0.0179064
24 0.153566 0.983418 0.0175311 0.0127655
8 0.295772 0.730855 0.0269733 0.0111738
0 0.936146 0.728095 0.0100842 0.0203688
8 0.0653739 0.745285 0.0285464 0.0241511
0 0.95447 0.860863 0.0243629 0.0253832
0 0.839981 0.834023 0.0374062 0.0352427
0 0.350105 0.989291 0.0260612 0.0213603
0 0.960799 0.850115 0.0370222 0.042795
0 0.979572 0.66314 0.00565968 0.013631
0 0.984628 0.662079 0.00603027 0.0113036
26 0.935911 0.866944 0.011264 0.0142802
0 0.540942 0.852629 0.00819168 0.0378689
0 0.825234 0.814918 0.0253708 0.0103527
0 0.303877 0.714541 0.015186 0.0105618
0 0.15354 0.98341 0.0175722 0.0131846
