0 0.453792 0.833589 0.0139314 0.0676982
0 0.480684 0.832922 0.0146612 0.0678992
0 0.423826 0.899186 0.0172012 0.0712409
0 0.790155 0.776557 0.0106554 0.0477461
0 0.159542 0.88396 0.0161626 0.0590732
0 0.697975 0.792892 0.00942707 0.0467875
0 0.803478 0.777027 0.00900879 0.0442244
0 0.924725 0.750542 0.0105343 0.0473969
0 0.958486 0.743964 0.0082695 0.0484492
0 0.830282 0.834762 0.017181 0.0337453
0 0.770637 0.776886 0.0105249 0.0517232
0 0.894789 0.975662 0.0649551 0.0457706
0 0.718654 0.830494 0.0129465 0.0312556
0 0.846434 0.766882 0.00851135 0.0452691
0 0.853721 0.763998 0.00830917 0.0409197
0 0.991607 0.735519 0.0100456 0.0504149
0 0.855362 0.831624 0.0155422 0.0333452
0 0.953833 0.848462 0.0216629 0.0379252
0 0.683004 0.794144 0.00981092 0.0400848
0 0.936528 0.727724 0.00624733 0.0229148
0 0.916589 0.740703 0.00679684 0.0254893
0 0.970956 0.739046 0.00599937 0.0299895
37 0.194096 0.91532 0.0368144 0.0301965
0 0.761258 0.780792 0.00858116 0.0449483
0 0.873966 0.769678 0.00813084 0.03137
0 0.115437 0.98348 0.0313359 0.0266713
0 0.852584 0.832366 0.0205276 0.0353044
0 0.35526 0.989046 0.0139185 0.0219086
0 0.67703 0.815224 0.0169731 0.0195731
0 0.505568 0.808405 0.0101227 0.0355092
0 0.951126 0.858426 0.0170618 0.0253333
0 0.761997 0.786892 0.0100373 0.0581207
37 0.987004 0.689798 0.0255356 0.017825
0 0.995841 0.81309 0.00790081 0.0176788
0 0.00627014 0.981176 0.0124521 0.0147664
0 0.577518 0.874742 0.0332777 0.015996
0 0.980915 0.662191 0.00721645 0.041095
0 0.508567 0.811363 0.00727854 0.0262387
37 0.0221029 0.938853 0.0442059 0.0309681
0 0.9525 0.855036 0.0207901 0.0328352
0 0.88424 0.97942 0.0445879 0.0384291
0 0.00611891 0.750599 0.0113438 0.0168699
0 0.841828 0.766098 0.00667667 0.0485111
37 0.0947887 0.9944 0.0457812 0.00824687
0 0.770753 0.785651 0.0112211 0.0672406
0 0.305343 0.75446 0.00703077 0.0159309
0 0.328108 0.710499 0.00631189 0.0148707
0 0.0840065 0.740983 0.00821936 0.010399
0 0.0564486 0.751819 0.00530865 0.00918935
0 0.786987 0.697693 0.00648756 0.0198112
0 0.109611 0.981584 0.0199153 0.0238898
0 0.677749 0.805509 0.0185166 0.0384335
0 0.292654 0.733981 0.00977278 0.00950656
0 0.984444 0.675114 0.0103151 0.0180791
0 0.0726109 0.753663 0.00570289 0.0105552
0 0.121647 0.984323 0.0352029 0.0255876
8 0.31727 0.716741 0.0242517 0.00933702
25 0.0220927 0.939017 0.0440417 0.0311869
0 0.10224 0.983984 0.0600978 0.0279221
0 0.713888 0.830758 0.0227791 0.0323968
0 0.922007 0.973312 0.0275726 0.0414347
0 0.916502 0.745712 0.00766773 0.0378523
0 0.483079 0.77626 0.00408783 0.0119898
37 0.819477 0.783081 0.0308031 0.0122728
0 0.30991 0.754653 0.00765705 0.0142066
0 0.509308 0.773471 0.00516357 0.0127304
0 0.161581 0.740527 0.00593977 0.0091217
0 0.912365 0.973971 0.0352436 0.0419935
0 0.131521 0.983587 0.0635184 0.0260003
8 0.893091 0.717021 0.051844 0.0218123
0 0.00317485 0.756291 0.00630632 0.0126914
0 0.581422 0.875275 0.0252848 0.0146586
0 0.91747 0.973363 0.0221088 0.0396681
37 0.79559 0.783792 0.0782688 0.0174182
0 0.970518 0.669334 0.00417442 0.0112894
8 0.317502 0.715177 0.0260726 0.0107452
8 0.318276 0.711769 0.027647 0.0179369
0 0.760736 0.791259 0.0105806 0.0660144
0 0.985914 0.673233 0.00792694 0.0208418
37 0.0815551 0.753128 0.0142249 0.00895403
37 0.851316 0.845758 0.0219658 0.0127009
8 0.0789041 0.753448 0.0200917 0.0104418
0 0.577443 0.870181 0.033963 0.0254147
0 0.357997 0.726629 0.00858917 0.0139277
0 0.969811 0.667425 0.00506783 0.0118777
8 0.196351 0.736327 0.0189058 0.0089074
37 0.894238 0.716863 0.0495949 0.0211956
0 0.308825 0.75567 0.00958281 0.0137748
0 0.974111 0.768644 0.0178711 0.0160709
0 0.923833 0.681779 0.00484448 0.0126333
0 0.508214 0.809551 0.00994415 0.034295
0 0.506646 0.811763 0.0101826 0.0345886
0 0.974518 0.763333 0.0181772 0.0265011
0 0.844151 0.833724 0.038586 0.035653
0 0.00912585 0.981054 0.0181318 0.0161572
0 0.90358 0.67262 0.00605373 0.0115621
0 0.971624 0.74316 0.00947914 0.0282091
24 0.153683 0.983179 0.0179271 0.013471
0 0.917885 0.971456 0.0158691 0.0382039
0 0.679092 0.798913 0.0206616 0.0504469
0 0.863126 0.833192 0.0343992 0.0386208
25 0.390929 0.832672 0.0182704 0.0854136
0 0.292999 0.736207 0.011369 0.008196
0 0.852874 0.842989 0.0536568 0.0229024
8 0.293307 0.736561 0.0123827 0.00734965
0 0.951288 0.862448 0.0187185 0.0217378
37 0.362023 0.732152 0.0168888 0.00831028
0 0.851135 0.843373 0.0204243 0.0142339
33 0.391048 0.832774 0.0180361 0.0853902
0 0.877561 0.983388 0.0313812 0.0307463
37 0.84329 0.84245 0.0448353 0.0226427
8 0.0750979 0.754336 0.0274219 0.0110662
0 0.162775 0.740212 0.00759807 0.00926208
0 0.872278 0.845477 0.0144276 0.0153446
37 0.590665 0.910527 0.0586419 0.0185506
0 0.995355 0.808616 0.00881767 0.0281752
0 0.953287 0.857616 0.026878 0.0316834
16 0.774495 0.811888 0.0173014 0.0163496
37 0.0975291 0.985895 0.051717 0.0231196
0 0.507029 0.774176 0.0144398 0.0144677
8 0.17684 0.73862 0.0617055 0.0152427
0 0.957384 0.85044 0.0240341 0.0402415
0 0.771885 0.812567 0.0104645 0.0152271
37 0.588099 0.912949 0.0529341 0.0134355
