0 0.706119 0.79089 0.00960159 0.0475505
0 0.453165 0.834057 0.0117264 0.0673882
0 0.830729 0.8345 0.0174326 0.0340759
0 0.464473 0.838041 0.013793 0.0632265
0 0.807834 0.774531 0.00851669 0.0438426
0 0.795284 0.775458 0.0116224 0.0490889
0 0.694435 0.793453 0.00932693 0.0456496
0 0.881986 0.75921 0.00948963 0.0511622
0 0.718605 0.829722 0.0145981 0.032549
0 0.743583 0.785161 0.00862064 0.0481508
0 0.754832 0.782144 0.00821094 0.0492864
0 0.842387 0.765061 0.00772896 0.0441437
0 0.856159 0.830394 0.0161636 0.0330722
0 0.892633 0.976162 0.0617149 0.0454183
0 0.27672 0.72845 0.00720897 0.0174966
0 0.0713008 0.742481 0.00679365 0.0269131
0 0.33706 0.755613 0.00958939 0.019892
0 0.966765 0.739381 0.00678482 0.0358482
0 0.435096 0.913651 0.0208075 0.0374105
0 0.849085 0.762845 0.00834923 0.0468743
0 0.532195 0.81544 0.00992146 0.0410875
0 0.00778341 0.74858 0.00976703 0.0173565
0 0.460001 0.782003 0.00785379 0.023612
37 0.198237 0.915557 0.0460878 0.0318702
0 0.953526 0.849253 0.0219507 0.0410112
0 0.95718 0.84797 0.0151419 0.0380436
0 0.119062 0.9835 0.0378413 0.0244958
0 0.955852 0.747495 0.00979271 0.0420804
0 0.770714 0.697085 0.00666351 0.0168293
0 0.903419 0.972984 0.03904 0.039141
37 0.0222095 0.938426 0.044217 0.0289334
0 0.354382 0.989363 0.0154662 0.0212124
0 0.319606 0.71146 0.00588155 0.0184509
0 0.931493 0.72803 0.00633488 0.0224962
0 0.972636 0.762452 0.014209 0.0280646
0 0.00587876 0.975558 0.0116845 0.0259878
0 0.752868 0.783396 0.0112295 0.0493885
0 0.854039 0.831559 0.0213003 0.0361962
4 0.421231 0.317022 0.0124595 0.00810132
0 0.824479 0.779895 0.00591888 0.0274913
0 0.529801 0.740105 0.00764141 0.00888808
0 0.051897 0.751646 0.0048713 0.00697361
37 0.0985111 0.994308 0.0527287 0.00811598
0 0.308057 0.729505 0.00602779 0.00903931
16 0.67526 0.815335 0.015501 0.0208844
0 0.788244 0.697813 0.00591278 0.0192428
0 0.461548 0.838231 0.00950184 0.0609936
0 0.897569 0.679226 0.00643959 0.0210921
0 0.883827 0.985231 0.0447468 0.0276288
0 0.949573 0.858639 0.0138508 0.0231388
0 0.106887 0.984561 0.0626158 0.0257409
0 0.714831 0.83031 0.0226212 0.0329525
0 0.919919 0.680583 0.00871582 0.0141483
0 0.113208 0.981997 0.0266786 0.0236003
0 0.879794 0.679107 0.00710869 0.0209891
0 0.142248 0.739552 0.0077317 0.00818702
0 0.863851 0.833162 0.0325735 0.0385088
0 0.155257 0.73974 0.00640354 0.00834622
0 0.972701 0.673003 0.00504875 0.0176765
0 0.99589 0.813908 0.00781784 0.0145613
0 0.675159 0.815664 0.0155342 0.0205465
0 0.577548 0.875721 0.0332112 0.0141062
0 0.00589052 0.949354 0.0117349 0.0806973
0 0.879507 0.672713 0.00585785 0.0091412
37 0.577496 0.875449 0.0325647 0.0137417
0 0.53454 0.740525 0.0172516 0.00989431
0 0.318524 0.713589 0.00791078 0.0145062
0 0.88452 0.979654 0.045977 0.0388353
37 0.00953895 0.757291 0.0155159 0.0116255
0 0.983488 0.678871 0.00657234 0.0153365
0 0.44101 0.772999 0.0083972 0.0188626
0 0.00942028 0.975877 0.0188069 0.0274
0 0.872732 0.845675 0.0141899 0.0144499
0 0.307777 0.730051 0.00795031 0.00865445
37 0.878762 0.713675 0.0191668 0.0121321
4 0.790756 0.318989 0.00768375 0.00892427
8 0.191997 0.73423 0.0108944 0.00942213
0 0.146003 0.740181 0.0202223 0.00977749
0 0.306488 0.72982 0.0140231 0.00876855
0 0.948062 0.850645 0.0316021 0.0448547
8 0.839282 0.718245 0.0983345 0.0231537
0 0.770993 0.812684 0.0124113 0.0149926
0 0.0041213 0.949718 0.00817593 0.0794545
0 0.983113 0.66164 0.00648212 0.0176593
0 0.851407 0.762957 0.0119431 0.0475861
0 0.191481 0.734803 0.0121266 0.0101895
0 0.9758 0.762335 0.0207512 0.0282344
0 0.00606613 0.969116 0.0120457 0.0395511
0 0.131709 0.983982 0.0639041 0.0213523
8 0.310829 0.732022 0.0237405 0.00901184
33 0.391397 0.813211 0.0170271 0.0494453
0 0.946208 0.859338 0.0301706 0.0283827
37 0.937405 0.866969 0.0140022 0.0151608
0 0.0730584 0.743079 0.0113222 0.0262889
0 0.879934 0.683662 0.00716343 0.0128337
0 0.773313 0.812265 0.00753536 0.0149551
0 0.860136 0.795521 0.0069788 0.0118673
8 0.310728 0.729098 0.0230644 0.00877719
37 0.307767 0.714954 0.0216313 0.00948859
37 0.189295 0.734928 0.0162963 0.0107936
37 0.943945 0.866122 0.0260731 0.0167269
0 0.125779 0.985856 0.027501 0.0212399
37 0.316507 0.727939 0.0532063 0.0111413
0 0.779705 0.81601 0.00799789 0.0102022
0 0.860836 0.845894 0.0383999 0.015723
0 0.00188983 0.918325 0.00370481 0.0172119
37 0.307052 0.715382 0.0160793 0.00807987
0 0.444065 0.774491 0.0148224 0.0214213
0 0.880809 0.681376 0.00876942 0.0171685
0 0.00254782 0.947633 0.00505151 0.0761268
33 0.391061 0.831276 0.0179914 0.0862783
0 0.984346 0.678024 0.00880508 0.0185796
24 0.153752 0.982825 0.0187374 0.0138316
0 0.982819 0.663663 0.00786667 0.0261436
0 0.540535 0.848195 0.00633774 0.0268046
37 0.853192 0.845273 0.0262257 0.0147224
0 0.350008 0.989381 0.0253768 0.0211531
0 0.968218 0.739849 0.00938587 0.0377216
0 0.77433 0.812892 0.0187229 0.0166195
0 0.82541 0.780928 0.00713844 0.0304789
0 0.706902 0.831505 0.0374683 0.0320533
0 0.897026 0.679074 0.00869732 0.0225716
37 0.318069 0.731634 0.0485662 0.0104723
0 0.391131 0.831208 0.0176358 0.0864665
