0 0.797394 0.775623 0.0111307 0.0496752
0 0.550719 0.815606 0.0117348 0.0531128
0 0.953753 0.850021 0.0227997 0.0428619
0 0.692668 0.796502 0.00967178 0.0450619
0 0.767955 0.778305 0.0112381 0.0517853
0 0.830559 0.834662 0.0174686 0.0333515
0 0.452058 0.833899 0.0122441 0.0676671
0 0.63252 0.805934 0.0114227 0.0447188
0 0.842302 0.765364 0.00856056 0.0452142
0 0.475283 0.854124 0.0158148 0.0289327
0 0.940533 0.728714 0.00748558 0.0217112
0 0.718263 0.83039 0.0146658 0.031681
0 0.702461 0.792168 0.00873804 0.0464203
0 0.890325 0.975755 0.0578728 0.0456792
0 0.39107 0.82009 0.0177735 0.0620573
0 0.0577277 0.739983 0.00508366 0.0240363
0 0.856337 0.830387 0.0136272 0.0321662
8 0.199209 0.91636 0.0479161 0.0305691
0 0.292621 0.721736 0.00692835 0.0159405
0 0.00487249 0.751031 0.00942142 0.0179793
0 0.973727 0.763427 0.0202206 0.0262534
0 0.355237 0.989225 0.0132676 0.0215508
0 0.73619 0.784166 0.00855064 0.0497016
0 0.00585468 0.979261 0.0116471 0.0187554
0 0.739549 0.783959 0.0102968 0.0506507
0 0.0643562 0.751706 0.0057348 0.0131154
0 0.318229 0.716721 0.00488205 0.015352
0 0.744101 0.783992 0.00783329 0.048763
0 0.737984 0.784166 0.0074194 0.0508362
0 0.676467 0.815573 0.0161721 0.0174672
0 0.435032 0.913995 0.0209937 0.0367496
16 0.676296 0.815691 0.0159595 0.0176768
8 0.40658 0.773497 0.0243238 0.0233215
0 0.741348 0.785112 0.0102654 0.0477749
8 0.406395 0.776827 0.0244545 0.0161567
0 0.74543 0.783223 0.00784273 0.0476549
0 0.902126 0.972936 0.0345882 0.0401713
0 0.422762 0.763587 0.00440292 0.010328
37 0.0221392 0.939757 0.0442783 0.0293413
0 0.109142 0.979604 0.0204812 0.0261015
0 0.883321 0.984652 0.0436867 0.0284229
37 0.00659309 0.758969 0.0129741 0.00959659
0 0.274133 0.727778 0.00608616 0.0168396
0 0.407626 0.763939 0.00732536 0.0163669
0 0.1152 0.981057 0.0331214 0.0300003
0 0.714054 0.830745 0.0234018 0.0326455
37 0.852569 0.848615 0.0268398 0.00997755
0 0.704142 0.792768 0.0123566 0.046386
0 0.996377 0.810256 0.00682373 0.0209278
0 0.577139 0.874709 0.0326843 0.0158803
0 0.853015 0.830746 0.0198055 0.0352817
0 0.751061 0.787478 0.00665798 0.0392612
0 0.430721 0.91477 0.0296925 0.0382317
37 0.976478 0.77153 0.0151031 0.0102068
0 0.852211 0.833502 0.0250668 0.0308821
8 0.293482 0.726241 0.0483452 0.022878
0 0.992537 0.670976 0.00560551 0.0135527
0 0.977808 0.670111 0.00459709 0.0189519
0 0.922131 0.679866 0.00928211 0.0169274
0 0.104771 0.982158 0.0608932 0.0311793
0 0.980939 0.672302 0.00445957 0.0189202
0 0.109333 0.980948 0.0275489 0.0279361
8 0.0675419 0.755227 0.0134588 0.0135664
8 0.994632 0.676948 0.0101812 0.024426
0 0.390328 0.758077 0.0108665 0.0137787
8 0.294947 0.721992 0.0373515 0.0176617
0 0.0705186 0.750873 0.00754647 0.0137105
37 0.102843 0.994142 0.0622928 0.0091295
37 0.851547 0.845844 0.0259316 0.01299
0 0.959989 0.850234 0.0104069 0.0382026
8 0.0690379 0.757866 0.0171817 0.0093338
37 0.105648 0.984265 0.0700775 0.0281528
0 0.4079 0.767076 0.0138526 0.0225579
0 0.137236 0.741458 0.0135956 0.0107713
0 0.897782 0.681285 0.00522156 0.0132577
0 0.972047 0.753938 0.00740166 0.00908983
0 0.70761 0.785163 0.0051158 0.0138151
0 0.519421 0.732269 0.00712128 0.00956285
37 0.936255 0.866282 0.011434 0.014878
8 0.299301 0.7244 0.0296591 0.0117182
0 0.275909 0.727464 0.00798311 0.0174639
8 0.152894 0.565502 0.0566689 0.0138965
8 0.296002 0.720972 0.0535059 0.0264865
0 0.541172 0.848562 0.00765877 0.0282074
0 0.167717 0.739273 0.0109727 0.011398
0 0.42257 0.914935 0.0468962 0.0393483
0 0.293441 0.725472 0.011699 0.0195955
0 0.860299 0.795316 0.00542641 0.0125227
0 0.977844 0.668621 0.0072464 0.0210475
0 0.391054 0.833117 0.018007 0.0874468
0 0.540863 0.84642 0.0061677 0.0243495
0 0.953521 0.67595 0.00626411 0.0181044
0 0.305024 0.717841 0.00976048 0.00997637
37 0.944363 0.865755 0.0280727 0.0161318
14 0.870369 0.684639 0.00612679 0.00777113
0 0.97064 0.673256 0.00541534 0.0156752
0 0.00925826 0.979561 0.0183617 0.0198615
37 0.854748 0.847766 0.0327278 0.0142724
0 0.747561 0.782601 0.0136421 0.0491347
0 0.977179 0.771351 0.0162037 0.0104129
0 0.318966 0.717302 0.00689998 0.0154185
0 0.863074 0.833293 0.0320709 0.0388553
37 0.577755 0.882417 0.0327925 0.00889181
37 0.959672 0.866584 0.0564735 0.015213
8 0.0703477 0.757502 0.0224068 0.0104967
0 0.871835 0.845408 0.0137394 0.0158797
0 0.789355 0.697991 0.00575161 0.0146053
37 0.587719 0.913182 0.0515829 0.0122101
0 0.77117 0.81254 0.012258 0.0147641
0 0.864104 0.844645 0.0281727 0.0183677
37 0.760015 0.824313 0.0114794 0.00632799
37 0.968042 0.863216 0.0394154 0.0119402
0 0.837325 0.834466 0.0312458 0.0358029
8 0.305674 0.720052 0.0141869 0.011607
0 0.479367 0.854567 0.0211861 0.0283023
24 0.153325 0.983616 0.0174406 0.0121894
8 0.066212 0.744575 0.0247252 0.0333511
0 0.885278 0.989567 0.0382885 0.0182573
37 0.491806 0.865164 0.0211092 0.00705702
37 0.574975 0.873866 0.0373236 0.0171292
8 0.972417 0.648215 0.0237873 0.0162173
0 0.856494 0.834187 0.044265 0.0400352
0 0.843957 0.837759 0.0427279 0.0307185
8 0.0675789 0.755478 0.02264 0.0151644
0 0.913524 0.973611 0.0465595 0.041845
37 0.974201 0.862555 0.0277897 0.0110352
37 0.57788 0.879936 0.0339213 0.0141625
0 0.418871 0.763933 0.0106571 0.012945
8 0.272628 0.73071 0.00914555 0.0129201
37 0.965827 0.861424 0.0430067 0.0202684
8 0.0698025 0.752645 0.023537 0.019949
37 0.752254 0.827006 0.0295994 0.00776672
0 0.122532 0.9856 0.0323596 0.0217116
37 0.0478259 0.740255 0.0100307 0.00913493
