0 0.452425 0.83357 0.0126241 0.0675908
0 0.726776 0.789203 0.00827522 0.04259
0 0.796682 0.775831 0.00988922 0.0503038
0 0.755258 0.781145 0.00820618 0.0487776
0 0.742596 0.784517 0.00858936 0.0470874
0 0.842348 0.765798 0.0098074 0.0469167
0 0.85353 0.762721 0.010416 0.0532322
0 0.830659 0.8347 0.0179111 0.0336317
0 0.693078 0.794235 0.0095192 0.0459835
0 0.471726 0.853513 0.017732 0.034491
0 0.547948 0.813738 0.0123735 0.0499827
0 0.824438 0.770216 0.0108341 0.050216
0 0.703643 0.791413 0.0095665 0.0486021
0 0.354049 0.757032 0.00734434 0.0198558
0 0.852656 0.831715 0.0228289 0.0355737
0 0.718113 0.830276 0.0134687 0.0318247
0 0.953953 0.848727 0.0216282 0.0393122
0 0.816917 0.778481 0.00590515 0.0291909
37 0.198715 0.91634 0.046886 0.0317034
0 0.00561029 0.977044 0.0111749 0.0240163
0 0.891755 0.976292 0.0618195 0.0459159
0 0.391196 0.813711 0.0175233 0.0473297
0 0.00840971 0.750324 0.0108068 0.0181237
0 0.934992 0.728592 0.00604916 0.020069
0 0.791867 0.702952 0.00630627 0.0237761
0 0.904573 0.973126 0.0398899 0.0402042
0 0.433495 0.914275 0.0245184 0.0367004
0 0.712469 0.83082 0.0259548 0.0326853
0 0.577671 0.875764 0.0324289 0.0148482
37 0.022092 0.938534 0.044184 0.0280412
0 0.354611 0.989274 0.0161177 0.0214515
0 0.67541 0.816966 0.0148764 0.0189077
0 0.114719 0.981391 0.0302148 0.0237227
0 0.10961 0.98063 0.0202319 0.0230111
0 0.274211 0.723609 0.00576468 0.0178134
0 0.0683258 0.73761 0.00707855 0.0160278
0 0.391108 0.830362 0.0177831 0.0808753
0 0.0701105 0.742396 0.010293 0.0223338
0 0.32 0.712673 0.00540762 0.0174533
0 0.0714848 0.744757 0.00734217 0.0187885
0 0.441066 0.780508 0.005933 0.0151632
0 0.774422 0.699602 0.00715408 0.0180944
0 0.996327 0.678881 0.00693398 0.0221386
0 0.952057 0.858878 0.0190998 0.0247925
0 0.855969 0.830696 0.0156994 0.0341229
0 0.142235 0.735416 0.00678976 0.00939195
0 0.440821 0.777675 0.00607872 0.0138197
0 0.934614 0.729308 0.0084959 0.0205941
0 0.440756 0.918782 0.0100706 0.0252316
0 0.896331 0.680918 0.00681191 0.0160549
0 0.974828 0.763851 0.0217127 0.0251711
0 0.921896 0.681241 0.00679512 0.0115263
0 0.106807 0.983872 0.0500874 0.0267056
0 0.993526 0.738988 0.00820045 0.0414912
0 0.541044 0.848818 0.00741768 0.0295395
37 0.103078 0.993782 0.0620339 0.00882094
0 0.529081 0.738295 0.0123927 0.0104496
0 0.884722 0.979632 0.0475697 0.0391232
0 0.436115 0.775985 0.00517254 0.0117408
0 0.881624 0.98529 0.0414928 0.0276654
0 0.922266 0.973751 0.0268934 0.0413291
0 0.912049 0.974727 0.0466425 0.0437181
37 0.530764 0.738735 0.0160166 0.01028
0 0.440101 0.77959 0.0114408 0.0175798
0 0.119571 0.984731 0.0389773 0.0226112
0 0.996541 0.810911 0.00650635 0.020714
0 0.990383 0.739248 0.0151539 0.0420576
0 0.150602 0.737746 0.010464 0.00738051
0 0.772203 0.812938 0.00997315 0.015222
0 0.769914 0.81295 0.0132968 0.0154812
0 0.145149 0.73827 0.02123 0.00878194
14 0.996593 0.814113 0.00639267 0.0141635
0 0.678893 0.816814 0.0212145 0.019017
0 0.971713 0.675427 0.00621491 0.0185338
0 0.882325 0.682012 0.00801678 0.0154443
0 0.430848 0.917051 0.0163231 0.0301653
0 0.776996 0.813387 0.0131587 0.0159132
0 0.858423 0.833923 0.0389355 0.0398136
0 0.474522 0.852949 0.0134171 0.03298
0 0.986257 0.741923 0.00800285 0.0327562
0 0.987926 0.740691 0.011388 0.0372786
0 0.0554721 0.751976 0.00381768 0.00854916
0 0.860295 0.843551 0.0348312 0.0199493
0 0.125196 0.985808 0.027854 0.0203545
0 0.410465 0.768615 0.00387669 0.00841302
37 0.103334 0.985407 0.0628714 0.0248518
0 0.707883 0.786694 0.004743 0.0138696
37 0.0648023 0.749927 0.0255425 0.0114671
0 0.121708 0.986016 0.0188328 0.0214939
4 0.390633 0.314144 0.022377 0.008783
24 0.153553 0.983421 0.0175337 0.0127662
0 0.959978 0.849144 0.0167522 0.0392147
37 0.956357 0.865567 0.0281231 0.0166548
0 0.881567 0.679838 0.00884361 0.0181079
0 0.530733 0.738279 0.0166018 0.0117065
8 0.309058 0.713163 0.0275482 0.0196296
37 0.441437 0.783004 0.0217506 0.0120297
0 0.954375 0.860849 0.0241804 0.0253967
0 0.924559 0.980387 0.0223312 0.0273149
0 0.840288 0.833979 0.0380291 0.0353305
0 0.825067 0.814898 0.0252403 0.0103729
0 0.979694 0.672779 0.00658054 0.0183434
0 0.859877 0.839218 0.034712 0.0281772
0 0.153526 0.983416 0.0175635 0.0131656
37 0.0681787 0.746274 0.0192699 0.0169956
0 0.350142 0.989306 0.0259987 0.0213515
8 0.911812 0.725414 0.0899914 0.0217611
8 0.260828 0.39711 0.00521555 0.00843811
0 0.984975 0.662034 0.00554657 0.0105016
0 0.84662 0.835013 0.0309576 0.0321659
37 0.589705 0.912468 0.0561358 0.014406
0 0.0547417 0.7515 0.00585101 0.00768127
0 0.960529 0.849997 0.0365433 0.0427019
14 0.895453 0.680804 0.00856094 0.0180239
37 0.591268 0.913939 0.0459886 0.0121406
37 0.958131 0.868771 0.0247925 0.0101067
0 0.189062 0.732136 0.00873122 0.00972799
0 0.296547 0.727362 0.0203072 0.0102892
8 0.438434 0.779421 0.0208611 0.0179415
8 0.441987 0.779704 0.0214608 0.0176368
26 0.935899 0.866928 0.0112516 0.0142712
37 0.144501 0.738803 0.0213229 0.00969967
