0 0.796721 0.775133 0.00899887 0.0483334
0 0.766176 0.778229 0.0109858 0.0513431
0 0.953776 0.850004 0.0228567 0.0427948
0 0.451723 0.834144 0.0128635 0.068339
0 0.630624 0.806158 0.00987568 0.0462002
0 0.830536 0.834668 0.0175161 0.0333957
0 0.692572 0.7953 0.0098073 0.0481259
0 0.549697 0.815363 0.0117027 0.0520579
0 0.842358 0.765174 0.00861473 0.0448318
0 0.474566 0.854424 0.0159648 0.028382
0 0.718241 0.830202 0.0147543 0.0321279
0 0.940587 0.728813 0.00766296 0.0208696
0 0.890388 0.975614 0.0578171 0.0455963
0 0.702741 0.792679 0.0100878 0.0456465
0 0.735452 0.780214 0.00869389 0.0416763
0 0.85582 0.830597 0.0144783 0.0306536
0 0.39113 0.819656 0.0175262 0.0614936
0 0.676435 0.815603 0.0160505 0.0172011
0 0.114799 0.980854 0.0320643 0.0304984
0 0.973684 0.763287 0.0196278 0.026358
0 0.355231 0.989219 0.0132914 0.0215625
0 0.434535 0.914296 0.0218908 0.0363183
0 0.00496182 0.750699 0.00909165 0.0182085
0 0.90206 0.972865 0.0349003 0.0402249
37 0.199666 0.916161 0.0482466 0.0314624
0 0.064443 0.751805 0.00739784 0.0137316
0 0.742122 0.783261 0.00800247 0.0491799
0 0.883336 0.985262 0.0433508 0.0270816
0 0.991817 0.677647 0.00523415 0.0229431
0 0.0575883 0.736326 0.00500894 0.016822
0 0.318157 0.716526 0.00497417 0.0146196
0 0.749334 0.786253 0.00700378 0.0413759
0 0.293046 0.721352 0.00653882 0.0149231
0 0.713834 0.830679 0.0237471 0.032802
37 0.852501 0.848668 0.0268696 0.00977614
0 0.852369 0.831744 0.0214333 0.0348009
8 0.199513 0.916009 0.0477722 0.0312449
37 0.0221952 0.939201 0.0442902 0.0292518
37 0.00653822 0.759091 0.0127721 0.00979513
0 0.397931 0.780021 0.00581851 0.0173147
0 0.577119 0.87469 0.0326385 0.0159883
0 0.107041 0.981639 0.0515132 0.0318325
0 0.00563124 0.980251 0.0112001 0.0165515
0 0.274128 0.727592 0.00603681 0.0162964
0 0.398131 0.777351 0.00543137 0.0176354
8 0.404904 0.778814 0.0254828 0.0182185
0 0.109054 0.979433 0.0208997 0.0279517
0 0.996364 0.810258 0.00684891 0.0209856
37 0.976588 0.771504 0.0148371 0.0100813
37 0.851804 0.846328 0.0267879 0.0131351
0 0.13723 0.741309 0.013789 0.0107535
0 0.980457 0.673939 0.00458927 0.0178487
0 0.736436 0.783841 0.0100182 0.0492211
0 0.744865 0.781916 0.00674496 0.0430764
37 0.048995 0.74061 0.00933102 0.00822856
0 0.0715543 0.749982 0.0052447 0.0110118
0 0.884369 0.979553 0.0456701 0.0374651
0 0.423233 0.763781 0.00540695 0.0105659
0 0.275915 0.727403 0.007617 0.0166407
0 0.0660105 0.754002 0.0107836 0.0171429
0 0.978353 0.672503 0.00435219 0.0161084
0 0.392081 0.758339 0.0104971 0.0135598
8 0.294019 0.726583 0.0502437 0.0209313
37 0.100784 0.994157 0.0581683 0.00923021
0 0.744334 0.776661 0.00724602 0.0372091
0 0.959624 0.849997 0.0112152 0.0386105
0 0.970667 0.762706 0.0151194 0.0270315
0 0.897801 0.681085 0.00511818 0.0159597
0 0.391087 0.83291 0.0178702 0.0875966
0 0.430222 0.915058 0.0300614 0.0376799
0 0.0640005 0.751324 0.0117046 0.0146216
16 0.774318 0.811916 0.0157246 0.0154531
0 0.970517 0.673608 0.00572414 0.0154002
0 0.972166 0.75398 0.00696602 0.00914527
8 0.404546 0.775838 0.0208439 0.0152123
8 0.154105 0.565159 0.0588952 0.0145547
0 0.922576 0.681088 0.00854034 0.0142483
0 0.860304 0.795239 0.00535831 0.0126185
0 0.707522 0.785883 0.00529814 0.0146844
37 0.936042 0.866443 0.0114704 0.0146708
0 0.951846 0.676665 0.00559082 0.0164085
0 0.862576 0.834008 0.0334747 0.0380234
0 0.519324 0.73205 0.00484619 0.00981784
0 0.293421 0.725993 0.00805655 0.0178114
8 0.297455 0.722297 0.0330385 0.0160329
0 0.42253 0.915248 0.0468354 0.038904
37 0.0536858 0.739835 0.0191753 0.0115824
37 0.944528 0.865699 0.0284075 0.0162735
0 0.294429 0.721165 0.00946703 0.0146803
0 0.110285 0.981445 0.0279124 0.0284631
0 0.31903 0.716939 0.00697579 0.0151781
0 0.407611 0.76442 0.00869436 0.0167333
0 0.541305 0.849211 0.0075985 0.026884
37 0.760035 0.824473 0.0119917 0.00634037
8 0.303411 0.720134 0.0195981 0.011892
0 0.860822 0.842183 0.0356079 0.0232947
0 0.842394 0.834168 0.0414028 0.0369098
0 0.977725 0.771291 0.015197 0.0102146
0 0.167212 0.739164 0.0121227 0.0113142
8 0.304646 0.719229 0.0146451 0.0109895
37 0.960358 0.866579 0.0551106 0.0151299
37 0.587798 0.9133 0.0515617 0.0119968
37 0.102977 0.98261 0.06214 0.030954
0 0.871914 0.845387 0.0140491 0.0158223
37 0.752693 0.826949 0.030407 0.00761804
8 0.299496 0.724706 0.0330919 0.0109048
0 0.540895 0.84518 0.00603313 0.0190952
24 0.153315 0.983603 0.0174716 0.0121609
0 0.121233 0.983127 0.0374463 0.0269409
37 0.967093 0.863264 0.0414091 0.012314
37 0.577694 0.882262 0.032665 0.00859985
0 0.91273 0.973508 0.0483076 0.0420017
0 0.988967 0.676598 0.00566978 0.0220888
37 0.49201 0.864803 0.0208315 0.00751614
37 0.133901 0.741586 0.0200292 0.0122418
0 0.107864 0.981771 0.0726057 0.0324951
0 0.00941687 0.980468 0.0187176 0.017029
0 0.482856 0.855059 0.0366096 0.0275935
37 0.0681291 0.75767 0.0149492 0.00982666
0 0.47769 0.854435 0.0233042 0.0284047
0 0.901491 0.974092 0.0719185 0.0438439
0 0.850574 0.841338 0.028216 0.0231795
37 0.965479 0.859633 0.0441055 0.0237964
37 0.574994 0.873867 0.037148 0.0172031
0 0.96349 0.851106 0.0482265 0.0449019
37 0.974245 0.862526 0.0277636 0.0111326
0 0.857504 0.836898 0.0424854 0.0355615
0 0.712617 0.839216 0.0250071 0.0169939
0 0.819613 0.698481 0.00757027 0.0130218
0 0.98034 0.67458 0.00679359 0.020113
0 0.789905 0.698045 0.00579567 0.0159064
37 0.953631 0.863787 0.0252647 0.0175408
8 0.296814 0.72086 0.0548674 0.0250587
