0 0.497939 0.824824 0.0128487 0.0549618
0 0.452514 0.834073 0.012244 0.0659899
0 0.648701 0.798524 0.0101446 0.0536894
0 0.745114 0.78334 0.00727482 0.0475664
0 0.842027 0.766969 0.00873756 0.0448798
0 0.830822 0.834819 0.0176006 0.0330075
0 0.796336 0.776118 0.00867701 0.0477075
0 0.953481 0.850923 0.0220016 0.0410448
0 0.563337 0.816621 0.0104642 0.048297
0 0.940249 0.72682 0.00735245 0.0195608
0 0.711384 0.790003 0.00949421 0.0475818
0 0.718422 0.829598 0.0144451 0.0328037
0 0.016081 0.749527 0.00990001 0.0171885
0 0.0653037 0.731297 0.00557256 0.0181196
0 0.704476 0.792037 0.00799236 0.0447164
0 0.11477 0.98245 0.0337411 0.0276533
0 0.4338 0.914277 0.0242008 0.0368032
37 0.0221123 0.937917 0.0442247 0.0283644
0 0.890456 0.975518 0.0586926 0.0468007
0 0.314689 0.713178 0.0062891 0.0201843
0 0.854544 0.829802 0.0172909 0.0339534
0 0.272552 0.725378 0.00627141 0.0180988
0 0.00561843 0.979296 0.0111552 0.0170793
0 0.978208 0.74132 0.00971107 0.0331228
0 0.354962 0.989115 0.0151926 0.021769
0 0.845688 0.699391 0.00640755 0.019605
0 0.68345 0.791484 0.0104784 0.0501438
0 0.291664 0.723345 0.00863562 0.0176039
0 0.691154 0.805249 0.0063859 0.0256039
0 0.690799 0.797931 0.00710297 0.0398702
0 0.902814 0.972351 0.0354282 0.0405831
8 0.259161 0.871898 0.0820487 0.030877
0 0.10741 0.982877 0.0497159 0.028861
0 0.475433 0.858208 0.0177792 0.0218543
37 0.0952421 0.994211 0.046041 0.00801493
37 0.569238 0.80373 0.0195148 0.0104641
0 0.159348 0.728454 0.0109807 0.00913781
0 0.689748 0.794185 0.00799885 0.0425815
0 0.715311 0.829984 0.0213585 0.0334117
0 0.675695 0.815506 0.0154248 0.0181854
0 0.432958 0.76054 0.00568733 0.0118493
0 0.883319 0.984625 0.0445662 0.0293861
0 0.910882 0.973478 0.0489176 0.0427531
0 0.699165 0.794947 0.00615292 0.0408969
0 0.974323 0.762707 0.0182022 0.0276808
0 0.41766 0.760335 0.00609036 0.0127287
8 0.0699167 0.744487 0.0214532 0.0259433
0 0.440992 0.918279 0.0101246 0.0259722
25 0.90883 0.656725 0.0295397 0.0181939
0 0.491668 0.729072 0.00887222 0.0116709
8 0.198359 0.915271 0.0451809 0.0321654
37 0.851816 0.762923 0.0144871 0.0119422
8 0.0694008 0.744122 0.016127 0.0238664
37 0.198419 0.915526 0.0452641 0.0320719
0 0.420203 0.760314 0.0108444 0.0133513
37 0.757478 0.783416 0.0213135 0.0154765
0 0.368281 0.774004 0.0151793 0.0149119
0 0.927614 0.682361 0.00485325 0.0120061
37 0.577187 0.875232 0.0333307 0.0133653
8 0.136046 0.741718 0.0233201 0.0101629
0 0.686948 0.792163 0.0137571 0.0464745
0 0.973175 0.671346 0.00486679 0.0172332
8 0.27885 0.731968 0.0327771 0.00719537
0 0.97464 0.769018 0.0181076 0.0149316
0 0.897288 0.682271 0.00574226 0.0230547
8 0.0221118 0.937769 0.0442236 0.0287231
0 0.921307 0.973161 0.0286446 0.0423102
0 0.974087 0.755331 0.00592995 0.0129018
0 0.577422 0.875703 0.0332073 0.0133623
0 0.996292 0.810367 0.00700684 0.0213962
0 0.966202 0.680967 0.00488815 0.0141612
0 0.688363 0.794659 0.00879822 0.0468814
0 0.996413 0.815156 0.0067585 0.0115521
0 0.492588 0.729654 0.0117688 0.0132967
0 0.391594 0.818475 0.0175833 0.060103
0 0.428154 0.761607 0.0168976 0.0116701
0 0.678434 0.814734 0.0193922 0.019212
0 0.818924 0.698362 0.00918884 0.0160456
0 0.0651749 0.730981 0.00728636 0.0209746
0 0.679487 0.791258 0.00716629 0.030287
0 0.896645 0.680375 0.00658455 0.0202187
8 0.288362 0.725434 0.0521495 0.0214145
37 0.852477 0.848994 0.0259443 0.0093099
0 0.773827 0.813283 0.0221459 0.017944
37 0.827164 0.812327 0.0216183 0.0125821
0 0.817594 0.700038 0.010911 0.0175256
4 0.217367 0.29311 0.0103891 0.00710907
0 0.947257 0.852971 0.0344116 0.0438853
0 0.289606 0.723683 0.0136441 0.0181775
0 0.997883 0.670211 0.00373821 0.0149975
0 0.935946 0.867148 0.0118114 0.0150876
0 0.770996 0.812536 0.0156906 0.0167384
0 0.97469 0.749511 0.0201611 0.0501655
0 0.958064 0.851229 0.013448 0.0361611
0 0.391337 0.831789 0.0180698 0.0883014
0 0.760415 0.781863 0.0183567 0.0147095
0 0.699267 0.792812 0.0109346 0.0458515
8 0.27609 0.729625 0.026952 0.0123915
8 0.908408 0.656549 0.0301949 0.0184479
0 0.367118 0.772712 0.0188303 0.0161336
0 0.428989 0.914635 0.0238064 0.0370392
8 0.290292 0.720701 0.0556975 0.0302877
0 0.00925132 0.979542 0.0182975 0.018494
0 0.897963 0.683902 0.00513573 0.0233571
0 0.158555 0.726831 0.0136058 0.0131275
0 0.87188 0.845332 0.0135754 0.015706
0 0.914349 0.97047 0.00952911 0.0371847
37 0.661076 0.826962 0.0277946 0.0108259
0 0.675076 0.818597 0.020101 0.0249193
0 0.943366 0.677928 0.00887566 0.0134277
0 0.83592 0.835391 0.0281185 0.0339313
37 0.42615 0.92301 0.0223729 0.0214027
0 0.856299 0.691599 0.00388508 0.00732507
0 0.672864 0.817854 0.0171095 0.0206106
37 0.577331 0.879058 0.0334515 0.0129411
0 0.976976 0.744898 0.0128553 0.0412604
37 0.587154 0.913158 0.0432078 0.0125754
37 0.494541 0.862821 0.0150222 0.0101027
37 0.94212 0.737267 0.0207657 0.00629578
0 0.952838 0.862967 0.019241 0.0183056
