0 0.718569 0.830639 0.0143087 0.0303058
0 0.455514 0.833416 0.0132463 0.0677188
0 0.830623 0.834643 0.0173225 0.0336192
0 0.471491 0.834719 0.0178323 0.0637926
0 0.697304 0.794526 0.00947447 0.0508121
0 0.953368 0.849449 0.0223967 0.0412004
0 0.84288 0.766705 0.00867367 0.0478687
0 0.744661 0.7841 0.00879993 0.0467689
0 0.898422 0.755925 0.0102894 0.0468319
0 0.794217 0.775122 0.011076 0.0495911
0 0.816066 0.773024 0.00842171 0.0443736
0 0.704062 0.793115 0.00814591 0.0446679
0 0.00685542 0.903574 0.0135457 0.0455288
0 0.835637 0.775286 0.0070406 0.0305079
0 0.864598 0.762351 0.00912132 0.0491421
0 0.0697289 0.741913 0.00853992 0.0271186
0 0.856292 0.830156 0.0152573 0.0329095
0 0.762016 0.78384 0.0087738 0.042445
0 0.43388 0.913494 0.024095 0.0379439
0 0.52221 0.811051 0.0111282 0.0397542
37 0.0221005 0.939106 0.0442011 0.0271881
0 0.472267 0.779523 0.00835667 0.0241319
0 0.754687 0.782084 0.00799179 0.0486667
0 0.278584 0.729454 0.00720158 0.0175546
0 0.955179 0.737349 0.0100285 0.0327155
0 0.932474 0.752793 0.00918369 0.0436161
0 0.446929 0.781386 0.00581961 0.019519
0 0.0101617 0.751883 0.00787849 0.0167107
0 0.995973 0.80987 0.00762939 0.024038
0 0.894511 0.976203 0.0655331 0.0455661
0 0.790477 0.697574 0.00709343 0.0184646
0 0.355098 0.988945 0.0145788 0.022111
0 0.883604 0.982108 0.0438076 0.0343345
37 0.198709 0.916474 0.0463888 0.031527
0 0.906351 0.972969 0.0441498 0.0398254
0 0.331042 0.754322 0.00886717 0.0163011
0 0.987965 0.676854 0.00639725 0.020914
0 0.540507 0.850824 0.00749321 0.0250278
0 0.00714408 0.976074 0.0142004 0.0245909
0 0.677199 0.815715 0.0185175 0.0183316
0 0.919798 0.973285 0.0235321 0.0405677
0 0.12592 0.985947 0.0275038 0.0205207
0 0.194584 0.733821 0.00905218 0.0107402
0 0.973943 0.762509 0.0169979 0.0276247
37 0.101189 0.994302 0.0581833 0.00781318
37 0.94799 0.761572 0.0234182 0.0136573
0 0.853461 0.831384 0.0215107 0.0363956
0 0.769594 0.699267 0.00972128 0.0176771
37 0.105373 0.992854 0.0664835 0.0105408
0 0.770181 0.701539 0.0116056 0.0222165
37 0.533275 0.739975 0.0165331 0.00855611
0 0.57726 0.875492 0.0325262 0.013661
0 0.935259 0.726513 0.00698013 0.0255598
0 0.119433 0.984536 0.0374311 0.0230526
0 0.00885094 0.753159 0.0108065 0.017748
0 0.322219 0.712846 0.00604582 0.019793
37 0.445638 0.786292 0.0188484 0.0106327
0 0.956342 0.849316 0.0169537 0.0387775
0 0.109537 0.98088 0.018778 0.0229245
37 0.577022 0.875249 0.032477 0.0135125
0 0.715757 0.831083 0.0201817 0.0309564
0 0.852461 0.837299 0.0234837 0.0269697
0 0.106059 0.985778 0.0671002 0.0236115
37 0.853152 0.846332 0.0264095 0.013501
37 0.0633949 0.751738 0.0228577 0.00692936
24 0.153411 0.983468 0.0177787 0.0124719
0 0.391348 0.832264 0.0176529 0.0843579
0 0.973704 0.754317 0.0056263 0.0119073
0 0.528251 0.739735 0.00610695 0.00836741
8 0.979427 0.653336 0.0102406 0.027988
37 0.447914 0.786263 0.0125426 0.0118045
0 0.973429 0.67316 0.00731773 0.0202705
0 0.773807 0.812902 0.00674953 0.0148265
37 0.858625 0.847372 0.0382643 0.0128062
0 0.760164 0.782429 0.0120756 0.0464167
37 0.944775 0.866893 0.0287544 0.0153746
8 0.321329 0.727932 0.020151 0.0113715
0 0.476908 0.824786 0.00766544 0.0386756
0 0.972266 0.76764 0.0145613 0.0182483
0 0.144669 0.739862 0.0137012 0.0079895
37 0.784553 0.719266 0.053347 0.0136753
0 0.883119 0.68441 0.00616131 0.010355
8 0.321335 0.730323 0.0197741 0.00849677
37 0.936995 0.867259 0.0131954 0.0147681
0 0.76708 0.813071 0.00786324 0.0150862
0 0.90125 0.755782 0.0159937 0.0465156
4 0.906583 0.249259 0.0152571 0.0062389
0 0.774301 0.81284 0.0175297 0.0165029
37 0.452235 0.786206 0.0222866 0.0118415
37 0.144225 0.740625 0.0153439 0.00917443
0 0.974852 0.770822 0.0181351 0.0116865
0 0.863796 0.845127 0.0292749 0.0164659
37 0.32134 0.728438 0.0204472 0.0105496
37 0.150063 0.739525 0.0279035 0.0119337
37 0.0619011 0.753361 0.0212314 0.00771349
0 0.862804 0.832519 0.0298225 0.0383552
0 0.778631 0.814924 0.00928898 0.0124006
8 0.66976 0.570987 0.0152156 0.00806249
0 0.109631 0.973271 0.019239 0.0387478
37 0.593693 0.913605 0.0622215 0.0120171
0 0.859519 0.795127 0.00825119 0.0134093
0 0.540733 0.854852 0.00838213 0.0335853
37 0.795746 0.817162 0.0377361 0.0114641
0 0.979829 0.659911 0.00829411 0.0143003
37 0.540159 0.793563 0.0537283 0.0150504
0 0.158817 0.739168 0.0105495 0.0116325
0 0.952576 0.859173 0.0210794 0.0228682
37 0.790883 0.819958 0.0263344 0.00749732
37 0.941029 0.764471 0.0381605 0.0199955
0 0.837848 0.834988 0.0320957 0.0340052
0 0.872 0.845397 0.0135651 0.0152132
37 0.855086 0.845436 0.0490929 0.0182283
0 0.700403 0.794388 0.015009 0.0482279
0 0.921455 0.678296 0.00824451 0.0123937
4 0.450288 0.318901 0.0277747 0.00900692
37 0.577414 0.879061 0.0324607 0.0121774
37 0.0546518 0.751753 0.00590167 0.00573849
0 0.475402 0.825922 0.0103653 0.0459135
0 0.895438 0.984432 0.0662493 0.0291256
