0 0.601355 0.810205 0.0109321 0.0478929
0 0.45233 0.834438 0.0126169 0.0664656
0 0.830784 0.834658 0.0174339 0.033509
0 0.953751 0.84974 0.0218113 0.0425893
0 0.701947 0.789036 0.00997257 0.0525674
0 0.842552 0.76641 0.00860996 0.0442752
0 0.746619 0.782022 0.00759888 0.045529
0 0.533268 0.819608 0.0136467 0.0520893
0 0.797058 0.775438 0.00724936 0.0477782
0 0.475733 0.854165 0.0161879 0.0299049
0 0.730859 0.783685 0.00972824 0.051363
0 0.692548 0.795148 0.00982866 0.0484811
0 0.722144 0.788475 0.00825377 0.0422346
0 0.939581 0.7286 0.00712776 0.0211758
0 0.717965 0.830883 0.0125207 0.0303202
0 0.00749888 0.747537 0.00872327 0.01598
37 0.198187 0.916127 0.0455299 0.0308553
0 0.85687 0.829238 0.0137794 0.0338096
0 0.971696 0.762605 0.0123478 0.026042
0 0.287487 0.724934 0.00555334 0.0165912
0 0.974282 0.762841 0.0178047 0.0265903
0 0.354453 0.989178 0.0150075 0.0216176
0 0.433727 0.914577 0.0243626 0.0371919
0 0.312863 0.708253 0.0066349 0.0162628
0 0.114909 0.982679 0.0323575 0.0270606
0 0.270719 0.733271 0.00699611 0.0153819
0 0.401727 0.763839 0.00554469 0.0167628
0 0.883562 0.982359 0.0441538 0.0340549
37 0.0220624 0.938648 0.0441248 0.0283034
0 0.712202 0.83157 0.0255086 0.0314277
0 0.0613282 0.736327 0.00570376 0.0178745
0 0.92161 0.972604 0.0277132 0.0416651
0 0.905001 0.972512 0.0369305 0.0416194
0 0.676462 0.815239 0.0165058 0.0189524
8 0.303455 0.713625 0.0269781 0.00993686
0 0.00584081 0.979016 0.0116077 0.0183282
0 0.853252 0.830745 0.0217335 0.0373122
14 0.996273 0.811794 0.00703392 0.0202311
0 0.437363 0.914034 0.0174481 0.0366675
0 0.577013 0.87583 0.0340386 0.013913
0 0.110064 0.981305 0.0224673 0.0248264
0 0.507938 0.731444 0.00651379 0.0106025
0 0.996178 0.811491 0.00723305 0.0206621
0 0.440473 0.917295 0.0108675 0.0285655
0 0.911732 0.973199 0.0453236 0.0436462
0 0.39312 0.775195 0.00482016 0.012954
0 0.104109 0.983422 0.0653546 0.0292969
0 0.895868 0.976157 0.0681946 0.0457209
0 0.0665784 0.748148 0.00695772 0.0120131
0 0.140786 0.739221 0.00458112 0.00717536
0 0.392353 0.774557 0.0070931 0.0131036
37 0.102369 0.994266 0.0614541 0.00881382
0 0.744413 0.782335 0.0117989 0.0472521
0 0.402698 0.76454 0.00803792 0.0186072
0 0.914592 0.971563 0.0106911 0.0409524
0 0.268208 0.733658 0.012219 0.0170586
8 0.304187 0.70938 0.028793 0.0182061
0 0.739057 0.778939 0.00484428 0.0239197
0 0.155423 0.733554 0.0140705 0.0126302
0 0.391002 0.832971 0.018922 0.0883767
0 0.872488 0.845683 0.0148565 0.0157905
0 0.771896 0.81263 0.0100858 0.0147619
8 0.900545 0.67353 0.0247395 0.0122869
0 0.00934659 0.978884 0.0185284 0.0202664
37 0.00984089 0.758628 0.018506 0.00939195
0 0.958927 0.849906 0.0118416 0.0368228
0 0.00650909 0.748471 0.0112325 0.0175371
0 0.434667 0.908308 0.0268066 0.0493693
8 0.0644455 0.748704 0.02233 0.0195309
0 0.769447 0.812768 0.012476 0.0145091
0 0.434652 0.762797 0.00414658 0.00920851
0 0.392215 0.77714 0.0067152 0.0167704
0 0.69178 0.795815 0.0136339 0.0504357
0 0.132345 0.739114 0.00646706 0.00852712
0 0.394805 0.773965 0.00841951 0.0112237
8 0.0659172 0.746737 0.0189187 0.0170498
8 0.0687505 0.748574 0.0138358 0.0136295
14 0.155839 0.734012 0.0145852 0.0123742
37 0.095495 0.99417 0.0473081 0.00774502
8 0.00933273 0.758569 0.0181789 0.00888401
0 0.948038 0.673705 0.00598564 0.0107673
8 0.268002 0.738176 0.0118198 0.00915731
0 0.978363 0.67064 0.00632401 0.012482
8 0.0633578 0.742148 0.0242902 0.0260373
0 0.860404 0.794992 0.0077713 0.0130507
24 0.153534 0.983276 0.0178368 0.0132816
0 0.429269 0.913748 0.0342312 0.0398393
0 0.0636969 0.741959 0.0167634 0.0258257
0 0.833575 0.695308 0.00451698 0.0143341
0 0.122236 0.984934 0.0360256 0.0239122
0 0.86175 0.845851 0.0370947 0.0161352
14 0.25475 0.397869 0.00933132 0.0105569
14 0.559422 0.83926 0.00542622 0.0112244
0 0.891967 0.978165 0.0293682 0.0339318
37 0.852957 0.847185 0.0262506 0.0123142
0 0.109848 0.983376 0.0286098 0.025549
0 0.857229 0.795547 0.018508 0.0130507
8 0.0103167 0.756996 0.0193667 0.0103002
0 0.439207 0.908637 0.0192844 0.047011
0 0.779248 0.815682 0.00864868 0.0108537
0 0.775852 0.812853 0.0150167 0.0163742
0 0.951929 0.862915 0.0191158 0.0183431
0 0.864469 0.833039 0.0319479 0.0403498
14 0.956576 0.663944 0.00521469 0.00787947
0 0.902303 0.673423 0.022179 0.0138232
8 0.0378834 0.748456 0.075175 0.0249995
37 0.576028 0.881531 0.0323267 0.00669963
0 0.13122 0.737752 0.00454598 0.0101766
0 0.506711 0.731999 0.00901566 0.0119232
8 0.300936 0.720598 0.0354367 0.0220117
0 0.130152 0.73896 0.00747914 0.008697
8 0.305008 0.712928 0.0319674 0.0149829
33 0.390992 0.815108 0.0179251 0.0501356
0 0.892245 0.984838 0.0286339 0.0271508
0 0.739507 0.78164 0.00744038 0.0449253
0 0.577216 0.87306 0.0342398 0.0199242
0 0.540834 0.848376 0.00828714 0.0266644
14 0.900667 0.672725 0.0255323 0.0146946
37 0.944673 0.865555 0.0286678 0.017121
