0 0.477127 0.83414 0.0170042 0.0674232
0 0.453279 0.833694 0.0120831 0.0669668
0 0.830247 0.834711 0.0174103 0.0332342
0 0.718754 0.83027 0.014494 0.0316852
0 0.778464 0.77891 0.00872688 0.0449897
0 0.793893 0.775273 0.00904036 0.0468252
0 0.700016 0.793482 0.0109327 0.0472026
0 0.843332 0.764787 0.00808945 0.0456228
0 0.0741041 0.900658 0.011745 0.0630068
0 0.514713 0.80845 0.00916386 0.0403609
0 0.953362 0.848883 0.0220139 0.0397168
0 0.756598 0.783912 0.00876331 0.0454442
0 0.834323 0.769896 0.00781593 0.0412381
0 0.745791 0.784035 0.00975056 0.0466232
0 0.928079 0.750818 0.0111988 0.0470542
0 0.32015 0.750154 0.00841665 0.012306
0 0.855805 0.83151 0.0170567 0.0353543
37 0.197985 0.915827 0.0458963 0.0315216
0 0.973621 0.762385 0.0186275 0.0283257
0 0.354906 0.989159 0.0144472 0.0215888
0 0.00657634 0.751985 0.00979045 0.0185147
0 0.370652 0.751375 0.00829601 0.0155477
8 0.0698319 0.744946 0.0128428 0.0307955
0 0.905474 0.972583 0.0419876 0.0419115
0 0.852332 0.832197 0.0242764 0.0375105
0 0.486814 0.777634 0.00945539 0.0246799
0 0.577736 0.875266 0.0326352 0.0158891
0 0.323032 0.709789 0.0057169 0.0143907
0 0.434171 0.908536 0.0238861 0.0493825
0 0.368808 0.751427 0.00617785 0.0147878
0 0.674938 0.815978 0.01285 0.0181303
0 0.897362 0.758073 0.00969105 0.0391476
0 0.509626 0.813281 0.0045805 0.0260312
8 0.19788 0.915554 0.0453915 0.0313124
0 0.00264903 0.97824 0.00526295 0.0206919
0 0.792687 0.695746 0.00687122 0.0137236
0 0.114642 0.981663 0.0303566 0.0233829
0 0.996041 0.810693 0.00750885 0.0218336
0 0.0706546 0.750408 0.00918422 0.0190986
0 0.894127 0.975414 0.0662182 0.0467024
0 0.00527705 0.978376 0.0105277 0.0212126
0 0.902185 0.678855 0.00565605 0.0182098
0 0.679603 0.81593 0.0217555 0.018375
8 0.97746 0.660477 0.0176113 0.0390091
8 0.313492 0.716053 0.0233344 0.0102895
37 0.530511 0.738152 0.0143933 0.011105
0 0.8896 0.755774 0.00808334 0.0420827
0 0.754232 0.785991 0.0106131 0.0414842
8 0.342463 0.73363 0.0159158 0.0105167
0 0.109611 0.980969 0.0201248 0.0226076
37 0.022122 0.938903 0.0442003 0.0305233
0 0.431124 0.910135 0.0178869 0.0460575
0 0.281939 0.735467 0.0114999 0.012571
0 0.978869 0.652489 0.00692272 0.021975
0 0.889117 0.750328 0.00742016 0.0346239
0 0.391503 0.816312 0.0177556 0.0525552
0 0.105712 0.984001 0.0509318 0.0273051
0 0.895058 0.758426 0.0151623 0.0440257
0 0.883978 0.979754 0.04608 0.03874
37 0.371868 0.760991 0.0191206 0.0099528
0 0.767767 0.698197 0.00797195 0.0150536
0 0.884761 0.684473 0.00521889 0.0120543
37 0.937018 0.867018 0.0132668 0.0161799
0 0.54044 0.849116 0.00683346 0.0262424
0 0.921747 0.973114 0.0268568 0.0423038
0 0.683977 0.815706 0.0293773 0.0187554
8 0.337353 0.733884 0.0187121 0.00930549
0 0.437869 0.908279 0.0183517 0.04833
0 0.0531144 0.752708 0.00416346 0.00678745
0 0.00289186 0.983613 0.00571062 0.031596
8 0.31003 0.716014 0.0165613 0.00962863
0 0.872528 0.845989 0.0147732 0.0158006
0 0.161403 0.738637 0.00540264 0.00867208
0 0.199243 0.728927 0.00683002 0.0107117
8 0.0666831 0.744555 0.0205647 0.0313946
0 0.463735 0.778431 0.00919552 0.0179023
37 0.102992 0.993646 0.0617007 0.0100728
0 0.46233 0.778906 0.00773487 0.0175934
14 0.922021 0.680207 0.00759773 0.00856137
37 0.949231 0.865396 0.0373646 0.0190908
0 0.771616 0.813069 0.010907 0.0145303
0 0.936214 0.740071 0.00667744 0.0286709
0 0.512817 0.811934 0.0100101 0.0348877
0 0.313868 0.71165 0.0242156 0.0170213
0 0.917335 0.97098 0.015601 0.0399151
0 0.773709 0.812861 0.0200634 0.0168823
0 0.118095 0.984796 0.0371959 0.023094
8 0.530523 0.738064 0.0143545 0.0114778
8 0.00571416 0.754681 0.0113716 0.0161131
0 0.948496 0.850954 0.0287182 0.0452064
0 0.767554 0.812823 0.00790176 0.0141647
0 0.770018 0.812481 0.0131163 0.0160611
0 0.778046 0.814025 0.0109709 0.0141032
14 0.877833 0.673715 0.00638008 0.00788184
8 0.339099 0.73276 0.022673 0.012227
8 0.313829 0.71147 0.0241783 0.0169946
0 0.697294 0.804614 0.00935478 0.033483
8 0.148788 0.740386 0.0213159 0.0108912
0 0.585524 0.907328 0.0441622 0.0233527
0 0.00908864 0.978836 0.017973 0.0229631
0 0.19997 0.72995 0.00858574 0.0096032
0 0.463802 0.779611 0.0121176 0.0182231
8 0.0708595 0.743149 0.0206136 0.0278375
8 0.348846 0.755202 0.0675882 0.017632
0 0.0735374 0.886194 0.00983922 0.0350413
0 0.935934 0.735522 0.00775642 0.0383599
8 0.361499 0.758676 0.0405154 0.0154761
0 0.863704 0.833561 0.033259 0.0399229
8 0.995679 0.678128 0.00818272 0.0251377
0 0.972584 0.67207 0.0067709 0.0154124
8 0.983388 0.66168 0.0323883 0.0443994
37 0.0985722 0.993971 0.0517867 0.00812514
8 0.995622 0.685401 0.00827026 0.0122192
0 0.937407 0.739318 0.00921059 0.0339155
0 0.42701 0.924309 0.00931606 0.0166133
8 0.997663 0.673239 0.00421944 0.0157884
37 0.585905 0.909028 0.0433472 0.0201191
0 0.899279 0.755675 0.00873528 0.0349019
0 0.861079 0.795389 0.00731106 0.0122118
8 0.354839 0.757827 0.0549729 0.0157325
0 0.121031 0.986208 0.0192469 0.0222414
8 0.313125 0.719063 0.0243164 0.00928599
24 0.153624 0.983617 0.017727 0.0123549
37 0.955456 0.868395 0.0298828 0.0109614
0 0.00706968 0.982903 0.0140529 0.031149
0 0.436839 0.906723 0.0125959 0.0428192
37 0.955002 0.86747 0.0513275 0.01421
2 0.525526 0.418235 0.0139366 0.0092375
8 0.369199 0.75647 0.0264852 0.0174795
0 0.586218 0.906852 0.024642 0.0213247
0 0.843137 0.832654 0.0425957 0.0384762
0 0.888306 0.755911 0.00940933 0.0451976
0 0.125011 0.986482 0.0269521 0.0216109
0 0.439968 0.910472 0.0331066 0.0462348
8 0.0564546 0.753441 0.0109116 0.00894402
