0 0.453089 0.833493 0.0125193 0.06822
0 0.695824 0.792979 0.0102345 0.0480145
0 0.540036 0.817982 0.0106974 0.0513911
0 0.830693 0.83465 0.0176285 0.0335759
0 0.466393 0.851526 0.017944 0.0399414
0 0.870348 0.761461 0.0110237 0.0501421
0 0.706799 0.790657 0.00911694 0.0494561
0 0.803138 0.775879 0.00856419 0.0447181
0 0.755765 0.781617 0.00770445 0.0491007
0 0.746035 0.783378 0.00822344 0.046029
0 0.836645 0.766802 0.00962009 0.0477651
0 0.739653 0.787311 0.00907135 0.0428962
0 0.796786 0.77541 0.00803185 0.0494317
0 0.843145 0.765475 0.0082037 0.0461014
0 0.818166 0.78063 0.0074482 0.031385
0 0.953751 0.848821 0.0219151 0.039822
0 0.0102901 0.745757 0.00770425 0.0180145
0 0.718118 0.830017 0.0136778 0.0325507
0 0.342996 0.755003 0.00774698 0.0196559
0 0.855096 0.831789 0.0172062 0.0349574
0 0.891457 0.976115 0.0598551 0.0458774
0 0.433435 0.914844 0.0248345 0.0371263
0 0.788862 0.69828 0.00691566 0.014488
0 0.0716061 0.739606 0.00727291 0.0240702
0 0.319596 0.708671 0.0062274 0.017736
0 0.712563 0.830723 0.0257982 0.0331211
0 0.852165 0.83247 0.0235935 0.0365892
0 0.528176 0.740087 0.00649452 0.0121863
0 0.903881 0.973084 0.035815 0.0399268
0 0.976193 0.738792 0.0110905 0.0386897
0 0.114638 0.981173 0.0299783 0.0238773
0 0.934084 0.724306 0.00618324 0.0213665
37 0.198083 0.915905 0.0458571 0.0318834
0 0.883586 0.979916 0.044145 0.0386264
0 0.27271 0.730732 0.00683961 0.0178499
0 0.969471 0.742474 0.00678253 0.0298045
0 0.675869 0.816258 0.015812 0.0190301
0 0.772027 0.699446 0.00851707 0.0227893
0 0.880705 0.681336 0.00698166 0.0185042
0 0.109599 0.980477 0.0199778 0.0232259
0 0.577693 0.875741 0.0323521 0.0146571
0 0.970302 0.744544 0.00709839 0.0283752
0 0.453643 0.772081 0.00535698 0.012744
0 0.354462 0.989118 0.0163655 0.0217635
0 0.00570595 0.977811 0.0113615 0.0212977
0 0.0720046 0.741652 0.00966792 0.0230835
0 0.189528 0.729449 0.00745151 0.00681017
0 0.971782 0.74234 0.00940933 0.0327579
37 0.0220904 0.938881 0.0441808 0.029405
37 0.00681711 0.751069 0.0135823 0.00973002
0 0.105825 0.98353 0.0517829 0.0276401
0 0.921548 0.973631 0.0271275 0.0410846
8 0.00746931 0.752245 0.0147831 0.00929701
0 0.440881 0.918521 0.010163 0.0252477
0 0.951955 0.859594 0.0181618 0.0221215
0 0.914706 0.972885 0.0138975 0.038947
37 0.857641 0.764673 0.0180489 0.0117971
0 0.996527 0.811139 0.00653744 0.0202772
37 0.102107 0.993756 0.0596024 0.00906949
0 0.301122 0.729409 0.0109539 0.0116184
8 0.0652208 0.748889 0.0282392 0.011942
0 0.881754 0.984803 0.0405739 0.0293535
0 0.970997 0.749053 0.0100723 0.0410739
8 0.0700567 0.742602 0.0180563 0.0208089
8 0.533186 0.740135 0.0165007 0.0119953
0 0.0761622 0.738897 0.00452383 0.0138994
0 0.119401 0.98432 0.0390983 0.0234999
0 0.977985 0.674281 0.00486259 0.0216612
37 0.148925 0.738644 0.0297036 0.00927938
0 0.974807 0.766754 0.0192549 0.019539
0 0.298926 0.729857 0.0118169 0.0105682
0 0.441708 0.770959 0.00704765 0.0141262
0 0.968744 0.740762 0.00817928 0.0362169
8 0.0650954 0.75111 0.0285736 0.00986871
0 0.140764 0.735071 0.00742297 0.00753343
14 0.404096 0.315893 0.00682611 0.00585743
14 0.922232 0.681809 0.00925598 0.0154202
0 0.858781 0.834045 0.0373283 0.0390588
0 0.975486 0.736507 0.0136774 0.0453183
25 0.0220543 0.939039 0.044094 0.0303496
0 0.773688 0.812956 0.00640507 0.0151659
8 0.0654475 0.7441 0.0298687 0.0227064
0 0.429556 0.916576 0.0230764 0.034574
37 0.956305 0.866907 0.0284748 0.0139816
8 0.299731 0.731676 0.0168736 0.00973172
0 0.531943 0.739429 0.0140455 0.0138072
0 0.835145 0.83426 0.027314 0.0347744
0 0.896406 0.685073 0.00619545 0.0114733
0 0.974449 0.762306 0.0185402 0.028486
0 0.00579223 0.972783 0.01145 0.0316379
0 0.769559 0.812895 0.0126003 0.0152544
0 0.776322 0.813415 0.0150682 0.0172587
0 0.976644 0.766406 0.0265871 0.0212202
37 0.102706 0.985124 0.0601858 0.0253715
0 0.968766 0.750228 0.0101454 0.0477271
0 0.924101 0.979313 0.0229841 0.028775
0 0.672414 0.817454 0.0219527 0.0212687
0 0.154054 0.735935 0.0114278 0.0089447
0 0.913306 0.975337 0.0423311 0.0447459
0 0.14879 0.737908 0.0296946 0.00955302
14 0.896203 0.685807 0.00684681 0.0104552
0 0.121511 0.986282 0.0187047 0.0213152
0 0.192345 0.729729 0.013943 0.00766635
37 0.149373 0.736872 0.0266754 0.00783929
0 0.744378 0.783468 0.0117945 0.0492879
0 0.125495 0.986528 0.0270422 0.0208554
0 0.00743915 0.746205 0.0147439 0.020067
37 0.957198 0.869195 0.0265884 0.00932922
37 0.258172 0.732454 0.0176069 0.00607046
0 0.824751 0.814961 0.0248323 0.0104424
37 0.194688 0.730692 0.0184544 0.00767856
0 0.711987 0.79516 0.00916262 0.0437629
8 0.982647 0.655325 0.0190582 0.0214894
0 0.442776 0.771182 0.00552158 0.0149289
0 0.443917 0.771274 0.0100513 0.0138468
0 0.861854 0.840573 0.0311514 0.0253125
0 0.960279 0.849327 0.0155701 0.0385749
37 0.954992 0.864197 0.0253338 0.0188409
0 0.956343 0.853917 0.0280293 0.0359951
0 0.274272 0.730903 0.011516 0.0175627
