0 0.451988 0.833875 0.0125765 0.0674184
0 0.842535 0.7664 0.00873947 0.0448986
0 0.796547 0.774807 0.00761147 0.0470005
0 0.518653 0.82275 0.0130655 0.0542231
0 0.718655 0.830364 0.0138977 0.031457
0 0.690938 0.795608 0.00957146 0.0446089
0 0.746631 0.781829 0.00889292 0.0495461
0 0.679232 0.788783 0.0100557 0.0447469
0 0.58479 0.812787 0.0107294 0.048071
0 0.953743 0.849584 0.0225361 0.0407674
0 0.830851 0.83473 0.0176441 0.0334557
0 0.115904 0.982895 0.0359781 0.0273048
0 0.709803 0.787076 0.00957584 0.0511542
0 0.0112075 0.748217 0.00993658 0.0181427
0 0.724434 0.787805 0.00830317 0.0460765
0 0.474987 0.856539 0.0171808 0.0258625
0 0.431773 0.914112 0.0278349 0.0368903
0 0.701039 0.795107 0.00771866 0.0419574
0 0.856279 0.829487 0.0139011 0.0332197
0 0.355345 0.989192 0.0139885 0.0216161
0 0.410217 0.762438 0.00815401 0.0149092
0 0.840434 0.697866 0.00464058 0.0168654
37 0.197663 0.9157 0.04493 0.0318271
0 0.939279 0.728045 0.00717201 0.0183228
0 0.266813 0.72868 0.00637288 0.0149743
0 0.810987 0.697785 0.00532188 0.0169093
0 0.974556 0.761992 0.0179943 0.0278317
0 0.971966 0.761639 0.0124931 0.0269051
0 0.890724 0.975645 0.0590851 0.0468533
37 0.071546 0.748778 0.0104991 0.0140357
0 0.0635136 0.736757 0.00581099 0.0159454
0 0.714375 0.788498 0.00623417 0.0428111
0 0.0056019 0.979331 0.0111263 0.018377
0 0.315165 0.710675 0.00668106 0.0138234
0 0.285539 0.719007 0.00680618 0.0150631
37 0.0222252 0.938085 0.0443761 0.0296538
0 0.910813 0.973291 0.0486118 0.0430918
0 0.384333 0.775427 0.00602198 0.0150916
0 0.500626 0.727942 0.00782976 0.0143236
37 0.0949359 0.994449 0.0471409 0.00808902
0 0.49887 0.727476 0.00927954 0.013641
0 0.852735 0.830583 0.0231262 0.0355421
0 0.99637 0.812084 0.00683517 0.0176534
0 0.713104 0.789151 0.00881014 0.0454141
0 0.540599 0.849184 0.00683203 0.0272305
8 0.0702978 0.749177 0.0133898 0.0148254
0 0.990809 0.668219 0.00371456 0.0130468
0 0.718026 0.789408 0.00873623 0.0433061
0 0.903039 0.972508 0.033139 0.0416348
33 0.391098 0.811892 0.0182212 0.0461463
37 0.101625 0.993829 0.0614628 0.00861376
8 0.990676 0.698709 0.0182602 0.0133101
37 0.852918 0.848158 0.0264086 0.0105431
0 0.92032 0.973271 0.0312244 0.042353
0 0.0698526 0.748726 0.0139066 0.0148897
0 0.386387 0.775745 0.0112045 0.016314
8 0.135163 0.738176 0.0225285 0.00923903
37 0.0566758 0.739621 0.0125623 0.00860935
0 0.676314 0.815157 0.0155907 0.0185699
37 0.576253 0.875168 0.0360312 0.0140906
0 0.88324 0.979474 0.0449528 0.0392948
0 0.576906 0.87582 0.0352581 0.0135949
0 0.980038 0.667371 0.00473785 0.0161367
0 0.977707 0.668529 0.0087532 0.0159466
37 0.0584468 0.737887 0.0162371 0.0133408
0 0.283525 0.720474 0.0130253 0.018119
0 0.266669 0.733306 0.00676413 0.0197318
0 0.772811 0.812727 0.0200247 0.0157115
8 0.501808 0.733603 0.0140024 0.00712484
0 0.946805 0.676041 0.00698662 0.0146973
8 0.270229 0.737775 0.0240321 0.0121131
37 0.135031 0.738313 0.0224665 0.00872599
8 0.301411 0.717292 0.0146003 0.00777198
0 0.137255 0.73373 0.0168144 0.00853746
0 0.15552 0.731701 0.00723095 0.00612691
24 0.153798 0.983179 0.0184736 0.0133414
0 0.411454 0.762849 0.0112524 0.0151611
0 0.481444 0.856347 0.0303625 0.0259905
0 0.892722 0.674596 0.0063427 0.010195
0 0.914381 0.672402 0.00430145 0.00785404
0 0.943857 0.677691 0.0133877 0.0138156
8 0.302594 0.717303 0.0206059 0.00876838
0 0.952885 0.858613 0.0208447 0.0242015
8 0.135656 0.734162 0.0207217 0.00797323
0 0.67727 0.788983 0.0141057 0.0457092
8 0.419891 0.764228 0.030633 0.013186
33 0.391094 0.831449 0.0186214 0.0867964
0 0.715875 0.830659 0.0197418 0.0331199
8 0.287081 0.726431 0.0234463 0.00972867
8 0.422554 0.764304 0.0248042 0.0107566
37 0.935915 0.866958 0.0115629 0.0147573
8 0.279346 0.728839 0.0387281 0.0214637
0 0.559529 0.838973 0.00644836 0.010458
0 0.776769 0.813519 0.0136068 0.0151479
0 0.997505 0.671085 0.00426826 0.0104563
8 0.979771 0.680631 0.0233727 0.0129851
8 0.415416 0.767467 0.0422605 0.014231
37 0.57749 0.880237 0.0337264 0.0105018
0 0.904547 0.682388 0.00451336 0.0121869
0 0.440436 0.915268 0.0108437 0.0330312
8 0.415104 0.770034 0.0419203 0.0150248
0 0.102346 0.983012 0.0603291 0.0269647
56 0.994291 0.743531 0.0110416 0.0454968
0 0.130853 0.98248 0.0657016 0.0275828
0 0.15555 0.730712 0.00803223 0.00875854
37 0.947679 0.865618 0.0343452 0.0180652
0 0.391207 0.831456 0.0191236 0.0874439
0 0.676358 0.804528 0.0158624 0.040527
37 0.853994 0.847421 0.0305902 0.0140689
8 0.500422 0.731359 0.015093 0.00919274
0 0.585451 0.816713 0.0138597 0.0544061
8 0.407907 0.772329 0.056842 0.0217912
8 0.282584 0.726733 0.0133669 0.0108049
0 0.518031 0.830458 0.0112763 0.0385139
8 0.942701 0.679624 0.0156855 0.0109934
37 0.844231 0.845419 0.0449553 0.0168135
8 0.0664032 0.743745 0.0213114 0.0246492
0 0.268821 0.729303 0.0115629 0.0165677
0 0.693277 0.795386 0.0141609 0.0454173
0 0.856384 0.795215 0.0170029 0.0134677
37 0.501961 0.735434 0.0149225 0.00875905
8 0.978274 0.678761 0.019853 0.0134824
8 0.844137 0.8352 0.0458483 0.0376577
8 0.283733 0.727324 0.0498102 0.0186612
0 0.812226 0.697709 0.00782986 0.0173586
0 0.00543592 0.984913 0.0107966 0.0283459
37 0.537269 0.85733 0.0129313 0.0107178
0 0.265585 0.727918 0.0103038 0.0159068
0 0.993868 0.74271 0.0118073 0.0447954
0 0.872415 0.844891 0.014707 0.0162706
