0 0.453183 0.833513 0.0124501 0.0682456
0 0.867146 0.76048 0.00997391 0.0511488
0 0.835457 0.767233 0.0105915 0.0486901
0 0.830645 0.834652 0.0175659 0.0335758
0 0.54161 0.81737 0.0101315 0.0545156
0 0.69554 0.793491 0.00980568 0.0471707
0 0.802882 0.775642 0.00846081 0.0466175
0 0.745007 0.784173 0.00836697 0.0458228
0 0.843112 0.765412 0.00804291 0.0462274
0 0.705692 0.791461 0.0101345 0.0482062
0 0.737767 0.788049 0.0095911 0.0431824
0 0.755827 0.78158 0.00754948 0.0484918
0 0.796834 0.775987 0.00726051 0.0505002
0 0.468188 0.851985 0.0128517 0.0371195
0 0.953813 0.848763 0.0217907 0.039624
0 0.935187 0.723931 0.0057312 0.0201979
0 0.817879 0.780335 0.00609989 0.03009
0 0.718194 0.829945 0.013941 0.0327769
0 0.85224 0.832437 0.023245 0.0352468
0 0.072202 0.736049 0.00562632 0.0173716
0 0.319744 0.708821 0.0062006 0.0174717
0 0.43336 0.914519 0.0251356 0.0374834
0 0.0105197 0.746358 0.00684503 0.0179504
0 0.27233 0.730868 0.00665541 0.017512
0 0.855585 0.831665 0.0164738 0.0337326
0 0.7126 0.830622 0.0258475 0.0333561
0 0.891875 0.975983 0.0616558 0.0459825
0 0.789396 0.697906 0.00772591 0.0162091
0 0.903964 0.972997 0.0370064 0.0402198
0 0.114601 0.98113 0.0298648 0.0238135
0 0.00568719 0.978348 0.0113035 0.021226
0 0.345038 0.752818 0.00549011 0.014909
0 0.527783 0.738276 0.00689678 0.011537
0 0.675825 0.816166 0.0164307 0.0195913
0 0.297149 0.727939 0.0037118 0.012234
37 0.198429 0.91592 0.0466366 0.0323178
8 0.146326 0.738265 0.0286521 0.0115882
0 0.771835 0.700282 0.00802565 0.021108
8 0.0651026 0.743604 0.0284302 0.0176151
0 0.577665 0.875765 0.0323526 0.0146335
8 0.066213 0.74052 0.0255357 0.0157166
0 0.354461 0.989129 0.0164292 0.0217411
0 0.1099 0.980643 0.0204531 0.0234916
8 0.300396 0.730824 0.0177613 0.0103795
37 0.0221321 0.938612 0.0442643 0.0292959
0 0.884997 0.979123 0.0483101 0.039948
0 0.452648 0.771923 0.00431175 0.0115136
0 0.973202 0.742294 0.0113718 0.0302383
8 0.00749155 0.75327 0.0148531 0.0084588
0 0.921902 0.973532 0.0275009 0.0405497
0 0.0718501 0.737242 0.00959184 0.0170566
8 0.198346 0.915668 0.0458644 0.0319129
0 0.974914 0.738839 0.0148537 0.0367062
0 0.753209 0.782196 0.0103837 0.0490623
8 0.0698746 0.740328 0.0183412 0.0153298
0 0.972478 0.745065 0.00962181 0.0255242
0 0.108166 0.983491 0.0460698 0.0276367
0 0.44084 0.918539 0.0102818 0.0249651
14 0.401525 0.315173 0.00672178 0.00639988
0 0.951916 0.859564 0.0181286 0.0222694
0 0.88111 0.68079 0.00822048 0.0182105
37 0.88122 0.764397 0.0240652 0.0138716
0 0.00728098 0.746868 0.0142885 0.019711
25 0.0222032 0.938527 0.0442843 0.0297974
0 0.974707 0.762375 0.0176819 0.0278144
8 0.299501 0.729979 0.0204044 0.0137516
37 0.102142 0.99389 0.0595642 0.00880602
0 0.996531 0.811167 0.00652809 0.0201931
0 0.915521 0.972741 0.01661 0.0391452
0 0.190232 0.730117 0.00974298 0.0080346
0 0.975024 0.767048 0.0174278 0.0187059
14 0.922359 0.680673 0.00927849 0.0136237
0 0.895443 0.681866 0.00833797 0.0170165
14 0.996594 0.812596 0.00639191 0.0173189
0 0.119491 0.984187 0.0392493 0.0235165
8 0.532786 0.739453 0.0170572 0.0118629
0 0.916922 0.974614 0.0367855 0.043236
0 0.672008 0.817234 0.0232518 0.0214478
0 0.977386 0.674446 0.00540657 0.0218411
0 0.343813 0.754627 0.00884328 0.0200945
0 0.915145 0.972087 0.0117023 0.0387329
8 0.304335 0.714857 0.0187428 0.00851237
0 0.818595 0.77996 0.00827808 0.0317579
0 0.194414 0.730683 0.0186909 0.00958167
0 0.974879 0.74648 0.0169064 0.0514804
0 0.882147 0.983358 0.0426241 0.0319489
0 0.52941 0.738461 0.0107607 0.012913
0 0.346435 0.755932 0.0116899 0.0194639
0 0.859205 0.834113 0.0382561 0.0390449
0 0.429891 0.916777 0.0238146 0.0341665
0 0.773355 0.813019 0.00738277 0.0152072
0 0.775709 0.813474 0.0163752 0.0173974
0 0.769685 0.812904 0.0128893 0.0152013
0 0.14277 0.735511 0.0186703 0.00855136
8 0.297413 0.72832 0.0172668 0.0113178
0 0.859695 0.842893 0.0372841 0.0213401
0 0.777653 0.814112 0.012157 0.016019
0 0.41254 0.766604 0.00487442 0.00854374
8 0.0646936 0.745061 0.0297207 0.0244225
0 0.972075 0.669462 0.00553074 0.0151084
0 0.00584519 0.972807 0.0115469 0.0325156
37 0.956242 0.86628 0.0282524 0.0151306
0 0.44214 0.772232 0.0064043 0.0135267
8 0.880844 0.764418 0.025219 0.0144803
26 0.153559 0.983549 0.0173472 0.0124156
0 0.841683 0.833994 0.040477 0.0353317
0 0.121374 0.986351 0.0183663 0.0211802
0 0.0529108 0.748766 0.005338 0.0053026
0 0.956486 0.852037 0.0279663 0.0394718
0 0.824701 0.814971 0.0247549 0.0103733
0 0.443255 0.772051 0.00495996 0.0141664
0 0.391419 0.832508 0.0172217 0.0863929
37 0.102801 0.984508 0.0603652 0.0265062
0 0.977042 0.76556 0.0246681 0.0221237
0 0.20122 0.73198 0.0324237 0.0129642
0 0.125513 0.986553 0.0271485 0.020865
0 0.878589 0.985591 0.0347301 0.0273315
8 0.345451 0.757814 0.0124948 0.01651
0 0.391455 0.798984 0.00889196 0.0191901
0 0.960171 0.849122 0.0157013 0.0383616
0 0.789858 0.702608 0.00911217 0.0255824
37 0.957192 0.869035 0.0265705 0.00964932
