0 0.842981 0.765598 0.0083683 0.0450002
0 0.453828 0.83529 0.0113096 0.0638716
0 0.51569 0.81923 0.0113422 0.0593248
0 0.351479 0.84824 0.0144861 0.0624971
0 0.796672 0.774555 0.00830193 0.0465149
0 0.472328 0.827823 0.00919495 0.0545888
0 0.555317 0.818419 0.00999098 0.0486465
0 0.831207 0.834742 0.0169186 0.0329631
0 0.623246 0.815494 0.00786915 0.039484
0 0.391183 0.817391 0.016927 0.0539887
0 0.193407 0.906212 0.0127989 0.0808373
0 0.742987 0.783476 0.00721912 0.0494283
0 0.733501 0.785647 0.008634 0.0450962
0 0.689123 0.795055 0.0105577 0.0437334
37 0.197941 0.916108 0.0455478 0.0301054
0 0.610139 0.809587 0.00865421 0.0455182
0 0.701008 0.793277 0.0107241 0.044557
0 0.114417 0.98273 0.0324877 0.0255754
0 0.71852 0.830513 0.0134928 0.0310699
0 0.902752 0.972934 0.0334167 0.0391137
0 0.956308 0.849383 0.0166363 0.0377496
0 0.928762 0.728477 0.00715046 0.0224938
0 0.475535 0.856053 0.0153433 0.0258887
0 0.890051 0.976184 0.0583433 0.0453981
37 0.0221496 0.938107 0.0442097 0.0292528
0 0.355157 0.989373 0.0138433 0.021254
0 0.0986664 0.744353 0.00721796 0.0351791
0 0.916698 0.754936 0.00909729 0.0437174
0 0.715383 0.830766 0.0201542 0.0319953
0 0.853317 0.834962 0.0217062 0.0266932
0 0.240492 0.720729 0.0070857 0.014212
0 0.952163 0.736554 0.00523891 0.0167857
0 0.855017 0.834373 0.0153656 0.0257002
0 0.877993 0.697144 0.00493965 0.0196827
0 0.676614 0.81569 0.0164297 0.0183634
37 0.287648 0.736683 0.0153878 0.0104155
0 0.947355 0.851217 0.0347652 0.0412428
0 0.996171 0.813413 0.0072525 0.0167433
0 0.988623 0.731744 0.0090374 0.0248316
0 0.00396986 0.747551 0.00785074 0.0131031
0 0.896355 0.685623 0.00641708 0.0182127
0 0.972566 0.762448 0.0153992 0.0272537
0 0.883742 0.98271 0.0456388 0.0331763
0 0.770056 0.813086 0.015586 0.0154524
0 0.773217 0.813456 0.0217178 0.0163422
0 0.919044 0.754657 0.0133024 0.044389
0 0.592321 0.766035 0.010197 0.0176232
0 0.731359 0.786689 0.00991449 0.0438358
0 0.940735 0.674243 0.00599213 0.0200738
0 0.607308 0.808662 0.0142656 0.047678
0 0.286996 0.728938 0.00746522 0.0158052
0 0.215619 0.989879 0.0188796 0.0201019
0 0.973308 0.752678 0.00689125 0.00925157
0 0.4692 0.759092 0.0111788 0.0154928
0 0.484869 0.856198 0.035301 0.0260237
37 0.0971933 0.994445 0.0510912 0.00827399
37 0.235428 0.730757 0.0292415 0.0111786
0 0.945572 0.858972 0.0339005 0.0291178
0 0.922747 0.676542 0.00746918 0.0256957
0 0.922426 0.679874 0.00573521 0.0194983
37 0.588137 0.912866 0.0540133 0.0126541
0 0.879355 0.696946 0.00824738 0.0205726
0 0.330171 0.771867 0.00557227 0.011989
8 0.235105 0.731034 0.0289506 0.011323
0 0.577548 0.875569 0.0334047 0.0133531
8 0.401762 0.722176 0.0470657 0.0248767
0 0.937175 0.859929 0.0175426 0.0266669
0 0.974145 0.769425 0.0193108 0.0148056
0 0.287408 0.725829 0.00550184 0.0140951
0 0.00577452 0.979423 0.0115257 0.0186679
8 0.287678 0.736659 0.015429 0.0108507
0 0.953827 0.736634 0.0084919 0.0178853
0 0.979414 0.650928 0.00573616 0.0137692
24 0.153472 0.983369 0.0178388 0.012795
0 0.4852 0.856049 0.0237248 0.025669
0 0.902337 0.975042 0.063073 0.0444816
0 0.0998489 0.984491 0.0625652 0.0278408
0 0.240778 0.719859 0.0090909 0.0158407
0 0.861794 0.836094 0.036661 0.0327989
37 0.577135 0.875171 0.0334679 0.0133491
0 0.843722 0.835449 0.0416214 0.0334634
37 0.831175 0.761306 0.0134079 0.00699497
37 0.1894 0.914298 0.0283872 0.0263012
0 0.33093 0.772703 0.00576763 0.0134203
37 0.0944684 0.74039 0.0136702 0.011677
0 0.212053 0.989683 0.0264602 0.0206048
0 0.918107 0.973962 0.0356834 0.0409254
0 0.522646 0.723195 0.0131252 0.0120673
0 0.975058 0.771793 0.0179525 0.0104663
0 0.975727 0.67511 0.00574875 0.0175178
37 0.941253 0.759394 0.0460018 0.0183733
0 0.927746 0.735036 0.00966187 0.0357201
0 0.613506 0.814689 0.00699806 0.0375475
0 0.913789 0.97221 0.0104923 0.037027
0 0.994797 0.81359 0.0100359 0.0173782
0 0.0971411 0.740741 0.00998907 0.0276615
0 0.974653 0.675804 0.00702457 0.0176621
37 0.591614 0.908536 0.0612027 0.02148
0 0.709301 0.833398 0.0326359 0.0293874
0 0.244997 0.767825 0.00954413 0.0126875
0 0.911929 0.974225 0.0478586 0.0435452
37 0.101223 0.9911 0.0598491 0.0131568
0 0.614072 0.820567 0.00713692 0.0242167
0 0.872606 0.845582 0.0146473 0.0150608
8 0.637835 0.761931 0.0784952 0.0260674
0 0.243392 0.766633 0.00729837 0.0129205
8 0.397496 0.719249 0.0373212 0.0179576
37 0.577966 0.882219 0.0337141 0.00746189
37 0.184257 0.913165 0.018272 0.0246575
0 0.952633 0.66156 0.00537186 0.0122594
0 0.970767 0.772213 0.0296497 0.0139347
0 0.351687 0.838281 0.0134439 0.0418425
0 0.194454 0.918258 0.0100252 0.052702
37 0.586468 0.774187 0.0249126 0.0117991
37 0.249629 0.770265 0.0212494 0.00834113
0 0.875979 0.98518 0.030666 0.0282688
37 0.578072 0.886275 0.0349031 0.011381
0 0.587777 0.907871 0.0529911 0.0230518
0 0.153591 0.983347 0.0177995 0.0132517
37 0.852122 0.848163 0.0252697 0.0105253
37 0.984377 0.754995 0.0308964 0.0100549
0 0.407568 0.718643 0.0110456 0.011991
0 0.672984 0.816262 0.0193439 0.0198201
37 0.984702 0.751004 0.0258991 0.00830282
0 0.956249 0.737386 0.0132133 0.0167135
37 0.983027 0.758609 0.03353 0.0145888
37 0.494537 0.862832 0.0171062 0.0111898
37 0.592146 0.775676 0.0143339 0.00922852
0 0.965296 0.668886 0.00330048 0.00990796
0 0.926158 0.730766 0.0127071 0.0282905
0 0.686705 0.787261 0.00747509 0.0317769
37 0.94365 0.750785 0.0396595 0.015023
0 0.924849 0.979698 0.0217142 0.0276783
0 0.895636 0.973487 0.0201843 0.0286107
37 0.85963 0.845325 0.0413017 0.0174659
37 0.970298 0.775129 0.0283058 0.00864631
