0 0.452978 0.834076 0.0126973 0.0674722
0 0.482138 0.831878 0.0156371 0.0655446
0 0.788067 0.776558 0.0107079 0.0473429
0 0.808721 0.775108 0.00847473 0.0440742
0 0.697127 0.79314 0.00907993 0.0490797
0 0.179648 0.876225 0.0164796 0.0516917
0 0.842925 0.766267 0.00926285 0.0458723
0 0.773003 0.779059 0.0107018 0.0472161
0 0.833964 0.769738 0.00855007 0.0398446
0 0.986342 0.736995 0.0105293 0.0455695
0 0.425756 0.915652 0.0221603 0.0383338
0 0.953663 0.849322 0.0218851 0.0410273
0 0.859229 0.764306 0.00809212 0.042639
0 0.765259 0.697491 0.00596914 0.0169398
0 0.717331 0.830413 0.0148796 0.0311286
0 0.680769 0.791571 0.0110628 0.0384004
0 0.784283 0.698049 0.00634966 0.0191322
0 0.830368 0.834483 0.0180836 0.0329926
0 0.855645 0.830995 0.0159319 0.0331394
8 0.198371 0.915863 0.0468605 0.0315353
0 0.115344 0.98434 0.0309996 0.0226763
0 0.354921 0.989209 0.014892 0.0215815
0 0.906872 0.973228 0.0428181 0.0398083
0 0.49873 0.809296 0.0107132 0.0363922
0 0.853025 0.831887 0.0221987 0.0347354
0 0.93258 0.750218 0.00863495 0.0400082
0 0.883417 0.980508 0.0451176 0.0369819
0 0.894721 0.976171 0.0674862 0.0448591
0 0.995631 0.813604 0.00831566 0.0183526
0 0.910752 0.742185 0.0078167 0.0195957
0 0.00605983 0.981507 0.0120464 0.0139954
0 0.49862 0.812764 0.00936584 0.0291056
0 0.00872172 0.749782 0.00768551 0.0176422
0 0.486906 0.767717 0.00737324 0.0233502
0 0.965982 0.737564 0.00789394 0.0366991
0 0.108659 0.984857 0.0463967 0.024683
37 0.09556 0.994226 0.0462049 0.00818668
0 0.921538 0.973649 0.0260967 0.0407447
0 0.540578 0.849299 0.00689058 0.0259745
0 0.881217 0.764098 0.00557938 0.0249966
0 0.510614 0.777581 0.00738983 0.0205568
37 0.0220743 0.939106 0.0441485 0.0299645
0 0.0585609 0.751081 0.00522032 0.00867327
8 0.369993 0.732355 0.0260139 0.0123562
0 0.328824 0.713006 0.00561495 0.0214834
0 0.964035 0.748301 0.0114506 0.0541287
0 0.875234 0.678626 0.0077858 0.020342
0 0.00636192 0.752877 0.0126583 0.0139465
8 0.022035 0.938852 0.044056 0.0298798
0 0.91804 0.97274 0.0180693 0.039759
0 0.676297 0.815448 0.0181686 0.0208655
0 0.986681 0.672972 0.00664616 0.0183653
0 0.833777 0.834905 0.023008 0.0342339
37 0.102685 0.989435 0.060075 0.0167942
0 0.949154 0.850621 0.0296108 0.0440867
8 0.0085419 0.760202 0.0169934 0.00804969
0 0.973728 0.763013 0.0198002 0.028155
0 0.978373 0.649229 0.00454292 0.0149997
8 0.971447 0.690728 0.0376774 0.0174489
0 0.577692 0.875838 0.032865 0.014467
0 0.961882 0.743761 0.00814552 0.0262309
0 0.982965 0.652736 0.00610199 0.0207791
16 0.676159 0.815712 0.0176048 0.0200131
0 0.983255 0.659846 0.00780735 0.0345451
0 0.300912 0.755664 0.0100362 0.0176185
25 0.021963 0.939263 0.0438886 0.0305152
8 0.976347 0.688764 0.0470524 0.020831
8 0.00690028 0.751238 0.0137359 0.0173676
0 0.112793 0.981608 0.0273065 0.0227061
8 0.00826656 0.756915 0.0164745 0.0124505
0 0.913007 0.74281 0.0140324 0.0210814
0 0.713477 0.831614 0.0218866 0.0332131
0 0.936282 0.726772 0.00690575 0.0224716
0 0.963673 0.738954 0.0121674 0.0386376
33 0.391145 0.812905 0.0178491 0.045657
0 0.125447 0.985993 0.0269461 0.02107
0 0.293385 0.734545 0.0077085 0.00856103
0 0.00614648 0.978631 0.0121864 0.0191511
0 0.164114 0.738934 0.00495992 0.0086853
0 0.30616 0.755709 0.00516524 0.0159427
24 0.153407 0.983207 0.0178509 0.0134187
37 0.00856555 0.76038 0.0171306 0.00834385
0 0.968754 0.758611 0.0145691 0.0400757
37 0.577637 0.875412 0.0326961 0.0139998
8 0.0782792 0.750676 0.0197095 0.0144297
0 0.860798 0.764667 0.0112652 0.0439626
0 0.906988 0.975928 0.0566589 0.0432175
8 0.849339 0.834862 0.059675 0.0400248
0 0.779273 0.814461 0.00857468 0.0147697
0 0.841377 0.834588 0.044722 0.0364288
8 0.987062 0.686807 0.0255894 0.0192147
0 0.677109 0.798499 0.0189783 0.0537855
0 0.832522 0.769498 0.0116495 0.0420919
0 0.995339 0.808456 0.00884056 0.0291996
0 0.771149 0.813076 0.0160904 0.0165168
8 0.843341 0.835346 0.0450897 0.0367449
8 0.402168 0.794001 0.081968 0.0246509
0 0.487314 0.770302 0.00871477 0.0294064
0 0.967629 0.737653 0.0110504 0.0379885
0 0.985049 0.66273 0.0106295 0.0377302
37 0.584848 0.914338 0.0461983 0.0141164
0 0.774444 0.813057 0.0191406 0.0174803
0 0.952377 0.662434 0.00353203 0.00941925
0 0.879964 0.985956 0.0387115 0.0270732
0 0.709011 0.832102 0.0310493 0.0339277
0 0.946579 0.855872 0.0327835 0.0368639
37 0.0983875 0.986924 0.0516455 0.0201355
0 0.932736 0.744432 0.0116928 0.0435006
0 0.365702 0.730459 0.013942 0.0118354
0 0.768246 0.813428 0.0110859 0.0167077
0 0.973177 0.761183 0.0216818 0.0369729
0 0.948501 0.865686 0.0374247 0.0167209
0 0.957377 0.847142 0.0145702 0.0403188
0 0.972728 0.752413 0.0053442 0.00822381
0 0.427751 0.922209 0.0194212 0.0263199
0 0.119849 0.983135 0.0407253 0.0254932
37 0.948354 0.86493 0.0358837 0.0191233
