0 0.452784 0.833273 0.0128262 0.067788
0 0.739655 0.784586 0.00957317 0.0458886
0 0.821351 0.770581 0.0103783 0.0491209
0 0.830544 0.83483 0.0176163 0.0336419
0 0.553137 0.812347 0.012254 0.0471888
0 0.716226 0.790803 0.00957527 0.0427989
0 0.718611 0.830377 0.0142632 0.0310506
0 0.755918 0.781354 0.00722256 0.048405
0 0.841764 0.766452 0.0115662 0.0475159
0 0.796576 0.774711 0.00817337 0.0494873
0 0.693152 0.793162 0.00905304 0.0461489
0 0.70254 0.791247 0.0107407 0.0472602
0 0.473285 0.85501 0.0194066 0.0304157
0 0.786961 0.777058 0.00878878 0.0428877
0 0.953361 0.849618 0.0223503 0.0415514
0 0.434891 0.914171 0.0220653 0.0375963
0 0.276602 0.727146 0.00667849 0.0154138
0 0.808681 0.782679 0.00613022 0.0288751
0 0.0670524 0.741762 0.00861051 0.026727
0 0.974401 0.763555 0.0185909 0.024566
0 0.855789 0.832093 0.0155506 0.0311344
0 0.115393 0.983297 0.0311255 0.0261064
0 0.431552 0.778912 0.00811625 0.0184107
0 0.318431 0.714154 0.00540762 0.0175908
0 0.00718395 0.752277 0.00969763 0.0186779
0 0.957127 0.847848 0.0151203 0.0382389
0 0.355416 0.989256 0.0137961 0.0214886
0 0.883348 0.985409 0.0450474 0.0273526
0 0.890936 0.976549 0.0602629 0.0453315
0 0.778364 0.69859 0.00498638 0.0160754
37 0.199153 0.916044 0.0444071 0.0307887
0 0.903014 0.972723 0.0375172 0.0389611
0 0.995555 0.813542 0.00848007 0.0159495
37 0.0222272 0.937941 0.0443637 0.0299628
0 0.852751 0.833252 0.0216936 0.0339403
0 0.676004 0.815485 0.0153444 0.0190284
0 0.00539975 0.978796 0.0107454 0.02001
0 0.910131 0.973722 0.0488977 0.0418798
0 0.937186 0.726151 0.00679665 0.0170503
37 0.0942439 0.993919 0.0437765 0.00855679
37 0.527696 0.738438 0.0181166 0.0115309
14 0.873065 0.244051 0.0104618 0.00567593
0 0.794627 0.697746 0.00558414 0.0145209
0 0.103793 0.983974 0.0611631 0.027409
0 0.964285 0.677221 0.00451317 0.0167108
0 0.0667923 0.735562 0.0081296 0.0168816
8 0.527606 0.738538 0.0179701 0.0115679
0 0.77069 0.812723 0.016889 0.0164569
0 0.922251 0.973732 0.0262768 0.0415097
0 0.110304 0.980824 0.021046 0.022758
0 0.120651 0.985272 0.0388402 0.0230289
14 0.923715 0.682855 0.00713768 0.0123603
0 0.577345 0.875961 0.0324208 0.0136926
0 0.973382 0.651616 0.00568714 0.0132895
0 0.891711 0.979034 0.0569527 0.033127
0 0.982104 0.661331 0.00881844 0.0254684
0 0.0677069 0.742498 0.012061 0.0292952
0 0.14093 0.740955 0.0180046 0.0106323
8 0.188606 0.736309 0.0148395 0.00839776
37 0.576981 0.875566 0.0318206 0.0135437
0 0.948752 0.850686 0.0309473 0.0448936
14 0.366246 0.312386 0.0103562 0.00658256
0 0.936676 0.72443 0.00780678 0.0223362
0 0.00911163 0.978732 0.0180408 0.0216115
8 0.188788 0.734679 0.0149032 0.00851067
0 0.858507 0.835347 0.0417439 0.0369468
0 0.836757 0.834611 0.0307861 0.0349803
0 0.983125 0.653516 0.00601463 0.0173906
0 0.902092 0.979081 0.0332508 0.0269101
0 0.188279 0.735483 0.0141102 0.00889181
0 0.982412 0.66729 0.00772991 0.0306924
0 0.923215 0.978006 0.0237373 0.0318532
0 0.947846 0.858052 0.0317469 0.031641
0 0.980583 0.661806 0.00661526 0.0196842
0 0.126115 0.986239 0.025965 0.021799
0 0.587912 0.908028 0.0525929 0.0237851
37 0.851994 0.846685 0.0252428 0.0118473
14 0.26053 0.397977 0.00616255 0.0100191
37 0.0557362 0.753488 0.00442761 0.00683187
37 0.936944 0.867063 0.0129875 0.0152018
37 0.791087 0.82056 0.0266134 0.00687697
0 0.917773 0.980503 0.0337219 0.0271935
0 0.872268 0.845484 0.0142143 0.0150169
8 0.290108 0.731094 0.0236641 0.008078
24 0.153402 0.983438 0.0178195 0.0128201
0 0.363556 0.753308 0.00825443 0.00996229
0 0.949452 0.860083 0.0142582 0.0203518
37 0.946167 0.864893 0.0304688 0.0185972
8 0.298605 0.72871 0.0459529 0.0153851
0 0.437983 0.914697 0.0160755 0.0348755
14 0.883788 0.683973 0.00689907 0.0105591
0 0.527527 0.738374 0.0186062 0.012116
8 0.306243 0.71746 0.0125677 0.00895691
0 0.896487 0.972562 0.024588 0.0309869
8 0.284764 0.729449 0.022605 0.0120511
0 0.793564 0.697846 0.00696049 0.0148851
37 0.597358 0.915393 0.0321243 0.00873973
0 0.79389 0.77343 0.0135812 0.0513524
0 0.8988 0.683245 0.00464973 0.0123294
0 0.678391 0.814084 0.0198889 0.0196199
33 0.391337 0.813289 0.0174075 0.0466288
0 0.859554 0.845562 0.0402176 0.0164929
0 0.903004 0.982879 0.0680351 0.032369
0 0.925068 0.984174 0.019919 0.0196425
