0 0.452876 0.834346 0.0123005 0.0666987
0 0.572984 0.809879 0.0110534 0.0564514
0 0.308162 0.901328 0.0147862 0.0796183
0 0.555137 0.817062 0.0103762 0.046482
0 0.796486 0.776258 0.00852776 0.0504479
0 0.831183 0.835058 0.0169157 0.0324955
0 0.532988 0.819223 0.0132551 0.0550207
0 0.642449 0.803822 0.00829372 0.0491231
0 0.722824 0.786816 0.0089138 0.0486847
0 0.718034 0.829629 0.0137212 0.0325287
0 0.843172 0.764412 0.00823288 0.0402323
0 0.701061 0.795512 0.0107256 0.0493534
0 0.689071 0.79555 0.0106588 0.046287
0 0.66016 0.806521 0.00733852 0.0335076
0 0.115807 0.98282 0.035545 0.0279555
0 0.928489 0.750699 0.00736465 0.0486813
0 0.391027 0.831694 0.018466 0.0847249
0 0.734116 0.785576 0.00862541 0.0482035
37 0.198247 0.91632 0.044904 0.0308319
0 0.956798 0.848162 0.015901 0.0362576
0 0.475499 0.856206 0.0186724 0.0257863
0 0.894042 0.975974 0.0651707 0.04495
0 0.391623 0.818696 0.0170467 0.0583218
37 0.0221286 0.938817 0.0442571 0.0301119
0 0.983839 0.732922 0.00619316 0.0282016
0 0.945033 0.84989 0.0130075 0.0375183
0 0.389832 0.847731 0.0131349 0.0534922
0 0.906349 0.973404 0.0401863 0.0396006
0 0.852872 0.833672 0.0226776 0.0303345
37 0.0960289 0.994089 0.0472337 0.00823703
0 0.856396 0.832498 0.0144556 0.0293698
0 0.10778 0.983016 0.0522401 0.0288727
0 0.971723 0.762938 0.0139458 0.027007
0 0.00248699 0.97627 0.00492918 0.024078
0 0.355342 0.989288 0.0135037 0.0214245
0 0.00504143 0.976266 0.010027 0.0251655
0 0.484295 0.856354 0.0371378 0.026043
0 0.940439 0.852219 0.0204704 0.0425259
0 0.954309 0.850096 0.0211563 0.0390727
0 0.675031 0.814981 0.0142624 0.019951
0 0.84865 0.833281 0.0101246 0.0256571
0 0.917386 0.972866 0.0171375 0.0384188
0 0.884103 0.982218 0.0454639 0.0329476
0 0.731848 0.78569 0.0103091 0.0499912
0 0.0526117 0.732452 0.00557914 0.0128938
0 0.94529 0.852162 0.032514 0.042512
0 0.996175 0.813513 0.00724297 0.0157708
0 0.391216 0.84078 0.0149068 0.0676325
0 0.861228 0.696132 0.00742569 0.0187983
0 0.773078 0.813388 0.021347 0.0197454
0 0.715003 0.830053 0.0205099 0.0331624
0 0.960142 0.671272 0.00422821 0.0134918
37 0.853404 0.848989 0.0241867 0.00779826
0 0.0550517 0.735287 0.0139192 0.0157311
37 0.577101 0.875605 0.033857 0.0137923
0 0.940863 0.673208 0.00817528 0.0208413
0 0.974365 0.762555 0.0194523 0.0281662
0 0.387353 0.841556 0.0108537 0.0424561
0 0.921554 0.973326 0.0262281 0.0391379
0 0.769082 0.812373 0.0141232 0.0193008
0 0.972256 0.757354 0.0111757 0.0194099
8 0.662448 0.573194 0.0296442 0.0094713
8 0.172457 0.735854 0.0247028 0.00942179
0 0.862364 0.693529 0.00983563 0.0245207
0 0.940398 0.675728 0.00733528 0.0167654
37 0.936038 0.866974 0.0144768 0.0145855
37 0.577546 0.879549 0.0340982 0.0134291
0 0.838012 0.835358 0.0306562 0.0330919
37 0.0992499 0.992374 0.053423 0.0105662
0 0.577614 0.875834 0.0332722 0.0135742
37 0.153454 0.983639 0.0177355 0.0123773
0 0.819058 0.814415 0.00967712 0.0101149
0 0.863002 0.688863 0.00835419 0.0153209
0 0.930412 0.748206 0.0111431 0.0547879
0 0.900742 0.685115 0.00638218 0.0123132
0 0.00286945 0.97266 0.00568844 0.031424
0 0.892987 0.974798 0.0259979 0.0264077
0 0.477982 0.754571 0.0067255 0.0117652
0 0.863481 0.835042 0.027692 0.0350311
0 0.779336 0.813499 0.0348447 0.0209773
0 0.879299 0.985217 0.0364162 0.0281908
0 0.507258 0.720982 0.0148579 0.0118125
0 0.91308 0.671937 0.00712547 0.012637
0 0.0374698 0.750241 0.00741921 0.00982937
0 0.00577737 0.972888 0.0114026 0.032628
0 0.00879351 0.976691 0.0173911 0.0270064
0 0.987839 0.673869 0.00525742 0.0131556
0 0.338734 0.725709 0.0183315 0.0122223
0 0.360869 0.898058 0.0115067 0.025067
0 0.952234 0.659761 0.00382404 0.0107109
0 0.858728 0.835886 0.0385166 0.0368093
0 0.0529213 0.734975 0.0139898 0.0185476
0 0.929405 0.725531 0.00721092 0.0204252
8 0.27743 0.736928 0.0250585 0.0168216
0 0.266037 0.728827 0.00683546 0.00908932
0 0.926304 0.681619 0.00596733 0.00935059
0 0.661695 0.806921 0.0104452 0.0345934
0 0.284368 0.738929 0.0123737 0.0139681
0 0.988513 0.67247 0.00630569 0.0148688
0 0.678727 0.813976 0.0217338 0.02062
0 0.530881 0.815727 0.00943775 0.0486067
0 0.981282 0.733081 0.0118149 0.0298835
37 0.577955 0.886956 0.0348718 0.0089286
0 0.495313 0.862647 0.0149889 0.0117784
37 0.103147 0.984058 0.0623165 0.0268556
37 0.844453 0.8413 0.0438328 0.0241496
0 0.870881 0.845167 0.0114819 0.015879
