0 0.452863 0.833616 0.0128607 0.0671302
0 0.479389 0.826843 0.0141968 0.0590157
0 0.273912 0.863448 0.0119071 0.0569441
0 0.953398 0.848377 0.0223148 0.0421872
0 0.698343 0.795053 0.00962868 0.050451
0 0.953751 0.74629 0.0100346 0.0463108
0 0.964437 0.740533 0.00859795 0.0434326
0 0.830738 0.834247 0.01558 0.032742
0 0.877583 0.759724 0.00759315 0.0448056
0 0.775788 0.777504 0.0101828 0.0488395
0 0.844643 0.767693 0.00913525 0.0435086
0 0.4217 0.911037 0.0188146 0.0489156
0 0.856621 0.828392 0.0124178 0.0347904
0 0.9961 0.735387 0.00734024 0.0487732
0 0.796693 0.775824 0.01018 0.0490139
0 0.833298 0.770495 0.00949116 0.0386264
0 0.789222 0.775652 0.00855141 0.0488887
0 0.530208 0.777636 0.00760365 0.0276265
0 0.940267 0.74315 0.00836563 0.0296265
0 0.718678 0.830622 0.013822 0.031231
37 0.19836 0.916415 0.0458208 0.0312992
0 0.893974 0.976097 0.0660839 0.0463843
0 0.51644 0.780761 0.00797138 0.0196347
0 0.715986 0.830821 0.0194829 0.0318059
0 0.971693 0.762599 0.0132526 0.0270549
0 0.11401 0.983674 0.0323264 0.0183112
0 0.474757 0.800277 0.0112583 0.0367811
37 0.0221931 0.938361 0.0443862 0.0278892
0 0.677651 0.816205 0.0185804 0.0180842
0 0.900251 0.740495 0.00729637 0.0283664
0 0.995677 0.813962 0.0082283 0.0181539
0 0.685595 0.787856 0.0102642 0.0235653
0 0.00856847 0.746516 0.00764587 0.0193081
0 0.331189 0.706841 0.00504861 0.0153793
0 0.351944 0.989482 0.018798 0.0210359
0 0.905152 0.762249 0.00565033 0.0295688
0 0.928162 0.728218 0.00641727 0.0206123
0 0.975672 0.66579 0.00934906 0.0410665
37 0.0963171 0.9942 0.0476021 0.00822584
0 0.577549 0.872714 0.0333074 0.0196754
0 0.784153 0.694552 0.00627365 0.0106773
0 0.853122 0.829843 0.019479 0.0389133
0 0.371365 0.737543 0.0116191 0.0120828
0 0.883769 0.979386 0.0461533 0.0400574
0 0.00552469 0.981502 0.0109573 0.0136298
0 0.905847 0.973879 0.0411394 0.0427938
0 0.303257 0.740864 0.00651193 0.0115445
37 0.100921 0.993199 0.0571852 0.00981344
0 0.0067668 0.747106 0.0133562 0.0213199
0 0.917381 0.972738 0.0180559 0.0399401
0 0.685677 0.795727 0.0108645 0.04188
0 0.291323 0.750326 0.00751562 0.0140835
0 0.928186 0.72888 0.0105288 0.0232303
0 0.949398 0.849528 0.0299221 0.0445102
0 0.996882 0.66192 0.00422287 0.0138089
0 0.54082 0.849586 0.00682421 0.027555
0 0.799652 0.77522 0.00861492 0.0455956
0 0.108733 0.985818 0.0446264 0.0230245
0 0.921331 0.97336 0.0284544 0.0408493
37 0.950498 0.866169 0.0383152 0.0168596
0 0.987083 0.679545 0.004813 0.0114889
0 0.80066 0.772655 0.00638599 0.0379191
0 0.0590128 0.749926 0.00331836 0.00712585
0 0.712446 0.831855 0.0266915 0.0325504
0 0.00607757 0.750339 0.0120157 0.0131022
0 0.770083 0.811936 0.0133486 0.017305
0 0.966048 0.745046 0.0146198 0.0565877
37 0.78936 0.820118 0.0261175 0.00773146
8 0.00738641 0.748968 0.0146953 0.0218219
0 0.852058 0.841478 0.0221737 0.0188151
37 0.00807639 0.75735 0.0148583 0.0106666
37 0.852388 0.845653 0.0256376 0.0138507
37 0.949931 0.864489 0.0225239 0.0148743
0 0.119991 0.98492 0.0386888 0.0206067
0 0.841237 0.83504 0.0379612 0.0342429
37 0.960095 0.863339 0.0496857 0.0167302
37 0.855614 0.846569 0.0377716 0.0136383
37 0.935983 0.867635 0.0113644 0.0134893
0 0.907283 0.975991 0.0561417 0.0453098
0 0.684873 0.815354 0.0123747 0.0187188
0 0.201906 0.72746 0.00696635 0.00786675
37 0.321135 0.715573 0.0257221 0.00912238
0 0.293037 0.752503 0.0131601 0.0146996
0 0.679724 0.814645 0.022369 0.0212697
0 0.595453 0.90665 0.0535526 0.0232615
0 0.773783 0.812524 0.0213948 0.0199968
0 0.767023 0.694709 0.00753784 0.0115141
0 0.901097 0.751132 0.0108006 0.0499251
37 0.69586 0.841491 0.0271515 0.0142961
0 0.859842 0.795754 0.00697861 0.011201
37 0.958268 0.866418 0.0561968 0.0149316
0 0.957642 0.743674 0.0172371 0.0463718
0 0.00616192 0.979045 0.0122065 0.0184926
24 0.153417 0.983607 0.0179129 0.0126982
8 0.561273 0.747452 0.0768748 0.0286704
0 0.391049 0.832682 0.018542 0.0874261
0 0.129762 0.985353 0.0660174 0.0217414
37 0.591365 0.912255 0.0555092 0.0155109
0 0.779645 0.817448 0.00850201 0.0106054
37 0.754091 0.826282 0.03176 0.00717231
37 0.0773609 0.752004 0.0144373 0.0134445
0 0.903175 0.685611 0.00414314 0.0201798
0 0.967089 0.741427 0.0141441 0.0452081
0 0.901709 0.743498 0.0111099 0.0348102
0 0.0664427 0.752053 0.00832157 0.0115726
37 0.788735 0.818528 0.0263555 0.010004
0 0.788261 0.818016 0.0264105 0.0108151
0 0.981827 0.771492 0.00876865 0.00968153
0 0.00959918 0.981035 0.0189954 0.0158125
8 0.165051 0.738416 0.0978772 0.0289649
0 0.879614 0.98515 0.0378767 0.0288907
0 0.172941 0.735414 0.00614977 0.0085612
0 0.827116 0.831894 0.022562 0.0370093
0 0.679357 0.818184 0.022508 0.0221164
37 0.0990145 0.987365 0.0538262 0.0199249
0 0.129523 0.742935 0.00824721 0.0123674
37 0.844065 0.843872 0.0458588 0.019941
0 0.303482 0.739788 0.0076148 0.0160166
37 0.080025 0.751768 0.0202486 0.0155599
0 0.819036 0.815507 0.0141068 0.00918647
0 0.474235 0.813005 0.00893288 0.0429016
37 0.965516 0.863458 0.0454163 0.00966526
0 0.530937 0.775598 0.00946732 0.0319099
37 0.596338 0.906742 0.0542406 0.0227471
