0 0.453382 0.834097 0.0115584 0.0658291
0 0.842855 0.765944 0.00869102 0.0442807
0 0.228158 0.9029 0.0135786 0.0789778
0 0.796558 0.774831 0.00830402 0.0487823
0 0.531111 0.817244 0.013196 0.0616676
0 0.491602 0.826409 0.0105103 0.0583691
0 0.554789 0.818447 0.0103741 0.0481481
0 0.831253 0.835169 0.0169029 0.0323936
0 0.621924 0.809841 0.0107787 0.0518724
0 0.742786 0.783275 0.00878992 0.0497448
0 0.359563 0.847942 0.0119915 0.0619941
0 0.689037 0.795461 0.0101264 0.0472422
37 0.19871 0.916278 0.0458893 0.030996
0 0.702508 0.791832 0.0100775 0.0477454
0 0.732801 0.786146 0.00925503 0.0457781
0 0.114295 0.982931 0.0322298 0.0258796
0 0.930324 0.728076 0.00795288 0.0241323
0 0.636248 0.811688 0.00767832 0.0351632
37 0.0221583 0.938473 0.0442751 0.0286046
0 0.718493 0.83023 0.0134865 0.0314811
0 0.906511 0.972603 0.0402897 0.0386522
0 0.956316 0.84873 0.0164364 0.0366113
0 0.0356488 0.735096 0.00904526 0.0345924
0 0.475717 0.857875 0.0176546 0.0218574
0 0.917094 0.75239 0.00841122 0.0426973
0 0.355443 0.989329 0.0141186 0.0213415
0 0.961282 0.736951 0.00675964 0.0317295
0 0.853621 0.835311 0.0216587 0.0260761
0 0.855237 0.834593 0.0155977 0.0252565
0 0.89747 0.684205 0.0056736 0.0151798
0 0.71542 0.830552 0.0199238 0.0323537
0 0.948364 0.850171 0.0324493 0.0393205
0 0.883794 0.980292 0.0450321 0.037866
0 0.893646 0.975836 0.0646778 0.045693
0 0.557938 0.760639 0.0100113 0.0181183
0 0.996203 0.813419 0.00718956 0.0167562
0 0.972569 0.762369 0.0147909 0.0272776
0 0.679742 0.815729 0.0118961 0.016999
37 0.0953855 0.994435 0.0484873 0.00829332
8 0.213067 0.727436 0.015731 0.02209
0 0.391277 0.827859 0.0178987 0.0776686
37 0.340378 0.850508 0.0294927 0.0127482
0 0.875404 0.69533 0.00987587 0.0148326
0 0.676074 0.815934 0.015809 0.0178175
0 0.958093 0.739193 0.00925465 0.0329617
37 0.64779 0.80596 0.0217036 0.0134842
0 0.769773 0.813161 0.0147499 0.0151482
0 0.917655 0.972203 0.0168045 0.0377243
0 0.354884 0.834573 0.00827265 0.0332801
0 0.00220282 0.976433 0.00436723 0.0226535
0 0.287785 0.735407 0.00841064 0.0161096
0 0.00562815 0.976408 0.0112224 0.0257545
37 0.587986 0.913065 0.0535641 0.0122609
0 0.912694 0.973599 0.0462418 0.0416707
0 0.713067 0.833245 0.0246428 0.0288951
0 0.944603 0.85935 0.0313595 0.0273914
0 0.956578 0.743049 0.00694389 0.0276415
0 0.774853 0.813973 0.0180502 0.0150947
0 0.861901 0.836505 0.0358498 0.0319004
0 0.880858 0.984711 0.039352 0.0295207
0 0.844441 0.835833 0.0415737 0.0328047
0 0.57737 0.875595 0.0334238 0.0133413
37 0.576724 0.875151 0.0336143 0.0134599
0 0.94122 0.674796 0.00599461 0.0172813
0 0.92136 0.972904 0.0242777 0.0386424
0 0.93923 0.859294 0.0211933 0.0260179
0 0.128312 0.983372 0.0599396 0.0260907
37 0.995468 0.749554 0.00857468 0.00912187
37 0.938257 0.857476 0.0183796 0.0232703
0 0.33486 0.774177 0.00307975 0.00882501
0 0.464465 0.758329 0.00947905 0.0133453
0 0.484371 0.858081 0.0352773 0.0221954
0 0.688093 0.783844 0.00876103 0.0251797
0 0.923496 0.678382 0.0059618 0.0199227
8 0.602845 0.758855 0.0504088 0.0213081
8 0.376859 0.723978 0.0285159 0.0155045
37 0.484923 0.861137 0.0360974 0.0151723
37 0.546715 0.769445 0.0388662 0.0132433
37 0.0295053 0.754632 0.0302556 0.0186351
37 0.974912 0.771705 0.0179825 0.0105967
37 0.589364 0.910335 0.0570135 0.0178531
0 0.895454 0.973037 0.0190353 0.0259908
0 0.923564 0.673908 0.00671864 0.0219723
37 0.677152 0.797002 0.0155602 0.0101698
25 0.391201 0.813432 0.0169065 0.0460141
37 0.950367 0.867134 0.0409863 0.0152144
0 0.994794 0.813606 0.0100361 0.0174174
0 0.872574 0.845567 0.0145393 0.0149706
0 0.00975486 0.977177 0.0193285 0.0305115
37 0.577944 0.882234 0.0335283 0.00703125
0 0.994717 0.671139 0.00532837 0.0197342
0 0.896735 0.684557 0.00780907 0.0155532
0 0.876484 0.695132 0.0134655 0.0162776
33 0.391222 0.813743 0.0169477 0.0464915
0 0.97508 0.762546 0.0205935 0.028078
0 0.00319177 0.973027 0.00632401 0.0300681
0 0.875246 0.984892 0.0280384 0.0283527
37 0.852591 0.848649 0.0258949 0.010003
0 0.391219 0.813863 0.0169085 0.0486772
37 0.970947 0.775963 0.027128 0.00714417
24 0.153437 0.983524 0.0177941 0.0123695
37 0.0307442 0.748067 0.0113503 0.012479
37 0.593626 0.914081 0.0513047 0.0101435
8 0.271135 0.716311 0.0149284 0.00968425
0 0.488718 0.828085 0.0115959 0.0632341
37 0.100213 0.98467 0.0615155 0.0270506
8 0.545732 0.767743 0.0425713 0.0170373
0 0.859703 0.844694 0.0409557 0.018366
0 0.89743 0.686696 0.00646019 0.0201104
0 0.733976 0.785322 0.0130283 0.0506575
37 0.109889 0.995346 0.0771142 0.00930871
0 0.704106 0.793612 0.0120056 0.0427333
37 0.578039 0.886383 0.0348888 0.0109918
37 0.935915 0.866857 0.0148357 0.0139659
37 0.955525 0.86405 0.0544521 0.0202718
0 0.0332305 0.736138 0.0137621 0.036655
37 0.943987 0.860556 0.0316641 0.0270131
