0 0.452794 0.832983 0.012935 0.0674776
0 0.830491 0.83478 0.0176615 0.0335429
0 0.718543 0.829903 0.0143682 0.0319251
0 0.703896 0.790535 0.0109282 0.0482503
0 0.721578 0.790067 0.00998745 0.0431676
0 0.740611 0.785096 0.00821571 0.045844
0 0.845315 0.765764 0.0108662 0.0490295
0 0.797644 0.776273 0.00852623 0.0475071
0 0.822098 0.771089 0.012793 0.0495088
0 0.755718 0.781345 0.00736256 0.0490584
0 0.691678 0.794223 0.0100291 0.044696
0 0.790912 0.777503 0.00741196 0.0426407
0 0.549037 0.812285 0.0107478 0.0436344
0 0.472805 0.854683 0.018325 0.0313812
0 0.953391 0.849653 0.0223007 0.0416714
0 0.434672 0.914205 0.0223536 0.0374393
0 0.854994 0.830793 0.0163612 0.0337863
0 0.115344 0.983297 0.0310033 0.0262578
0 0.276752 0.72599 0.00417733 0.0167075
0 0.522347 0.738496 0.00729866 0.0118491
0 0.97449 0.763367 0.0187172 0.0250132
0 0.813308 0.781325 0.0059969 0.0313568
0 0.956665 0.848105 0.0158524 0.0389099
0 0.00818357 0.751403 0.00962597 0.0182634
0 0.883316 0.985417 0.0451601 0.0273807
0 0.355414 0.989255 0.0137759 0.0214902
0 0.0669094 0.737372 0.00632019 0.0154656
0 0.903372 0.972784 0.0379717 0.0390462
0 0.890898 0.976556 0.060269 0.045343
0 0.318667 0.713882 0.00594397 0.0178241
0 0.996229 0.746208 0.00711288 0.0413667
37 0.198554 0.915903 0.0455813 0.0313221
37 0.0220455 0.938374 0.0440911 0.0284207
0 0.85174 0.832333 0.023226 0.0366981
0 0.358769 0.753458 0.0048233 0.0119704
0 0.103849 0.983796 0.0584286 0.0276006
0 0.91015 0.973673 0.0488937 0.0417909
0 0.995555 0.813561 0.00848007 0.0160112
0 0.776743 0.698092 0.00510159 0.014847
37 0.0946923 0.993896 0.0448787 0.0086636
0 0.881849 0.683081 0.00713463 0.0183186
0 0.795802 0.775433 0.0113373 0.0480408
0 0.0710701 0.746989 0.00641094 0.0177941
0 0.0682806 0.743023 0.0085785 0.0263145
0 0.0672422 0.740544 0.00710452 0.0215846
14 0.372209 0.313233 0.00829811 0.00573781
0 0.435496 0.780492 0.0078352 0.015997
0 0.00539969 0.978407 0.0107594 0.0206336
0 0.992981 0.742309 0.00612793 0.0253577
0 0.922265 0.973677 0.0262585 0.0413985
0 0.994755 0.741562 0.00992088 0.0301893
0 0.676109 0.815632 0.0157716 0.0185432
0 0.139657 0.740311 0.00641878 0.00795983
0 0.770038 0.812719 0.0155628 0.0164676
0 0.897922 0.683169 0.00356293 0.0128771
0 0.110243 0.980834 0.0208928 0.0228919
0 0.435306 0.779633 0.0101711 0.0181529
0 0.981971 0.661553 0.00967331 0.0305354
0 0.884772 0.979729 0.0483372 0.0388611
8 0.956074 0.723126 0.0493256 0.0153476
0 0.936742 0.725728 0.00785408 0.0240021
0 0.57721 0.875962 0.0322371 0.0137261
8 0.189267 0.734941 0.0129646 0.0091468
0 0.358723 0.755106 0.00611768 0.0127051
0 0.994173 0.746828 0.0112202 0.042375
0 0.120682 0.985259 0.0387185 0.0230594
0 0.967136 0.675193 0.00445099 0.0183306
37 0.00785649 0.760052 0.0138591 0.0059633
0 0.793602 0.696807 0.00600929 0.0184138
0 0.983669 0.65117 0.0055706 0.0148297
0 0.772788 0.813096 0.0214911 0.0176185
37 0.57689 0.87555 0.0316853 0.0136336
0 0.902123 0.978323 0.0332567 0.0281754
37 0.956806 0.723282 0.0482895 0.0157511
0 0.923075 0.684008 0.00686569 0.0147256
0 0.948856 0.850653 0.0307396 0.0449302
37 0.00873298 0.757357 0.0148216 0.0105786
0 0.944768 0.724722 0.0243603 0.0170586
0 0.872176 0.845542 0.0140778 0.0158061
0 0.274974 0.726111 0.00712056 0.016903
37 0.00970467 0.760966 0.0168807 0.0063519
0 0.587828 0.908049 0.0524676 0.0237488
0 0.94803 0.858406 0.0312786 0.0308907
0 0.294162 0.727617 0.0108597 0.00796102
0 0.949613 0.859967 0.0144764 0.0211553
0 0.3603 0.757539 0.00925503 0.0117415
0 0.409588 0.768313 0.00331936 0.00908339
0 0.00909606 0.978072 0.0180403 0.0231064
0 0.126149 0.986275 0.0257019 0.0217278
0 0.779261 0.816084 0.00828962 0.0110867
8 0.294244 0.727715 0.011084 0.00737644
37 0.52774 0.740919 0.0169513 0.0082411
0 0.843212 0.833215 0.0392921 0.0380998
0 0.146057 0.740218 0.0210491 0.00993703
24 0.153367 0.98338 0.0178619 0.0128504
0 0.919438 0.980452 0.0298124 0.0267788
14 0.260511 0.397922 0.00610919 0.00994568
0 0.983045 0.655818 0.00809326 0.0255166
8 0.527201 0.739139 0.017686 0.0118223
0 0.936961 0.730698 0.0092247 0.022996
0 0.0561743 0.751943 0.00436928 0.00888824
0 0.742215 0.784344 0.0115244 0.046086
37 0.851907 0.846401 0.0255127 0.012461
0 0.00489317 0.971495 0.00975304 0.03401
0 0.475426 0.853832 0.0132576 0.0312147
26 0.936282 0.86725 0.0119322 0.0148499
37 0.0575052 0.751279 0.00705566 0.00768907
0 0.946185 0.86412 0.0304869 0.0202199
0 0.974101 0.674996 0.00597572 0.0186396
0 0.973468 0.650926 0.00636559 0.0110167
0 0.865732 0.845687 0.0275364 0.0156599
0 0.924896 0.983902 0.0202946 0.0201552
0 0.00956264 0.752089 0.0152514 0.0206075
0 0.859052 0.834063 0.040918 0.0398397
0 0.851033 0.837931 0.0241924 0.0262187
37 0.93674 0.867039 0.0126347 0.015133
0 0.98762 0.762039 0.00837212 0.0197683
