0 0.433007 0.895156 0.0192036 0.0780231
0 0.640402 0.799656 0.010519 0.057156
0 0.595828 0.809269 0.00942936 0.0583116
0 0.555065 0.818785 0.0102548 0.0512923
0 0.842948 0.766903 0.00844727 0.0479474
0 0.796452 0.776212 0.00851297 0.0485577
0 0.718437 0.830215 0.0139997 0.0316125
0 0.390859 0.818493 0.0183039 0.0586504
0 0.831165 0.835265 0.0188751 0.0326969
0 0.452568 0.834616 0.0122784 0.0657574
0 0.726719 0.786931 0.00994301 0.0490143
0 0.114364 0.983331 0.0332185 0.0274634
0 0.688173 0.794987 0.00896378 0.0457716
0 0.702367 0.792705 0.0110987 0.0455853
0 0.484352 0.858436 0.0363611 0.0227673
0 0.676599 0.791378 0.00761681 0.0353561
0 0.85641 0.829914 0.0139544 0.0329312
0 0.458435 0.830262 0.00821266 0.0595839
0 0.0603149 0.744049 0.005477 0.0210317
0 0.0172241 0.753444 0.00912009 0.0186113
0 0.00590034 0.977891 0.0117387 0.0207621
0 0.95849 0.749681 0.00643768 0.0357615
0 0.953276 0.849227 0.023045 0.0374363
0 0.883733 0.979446 0.0455315 0.039525
0 0.938125 0.726508 0.00707836 0.0181946
0 0.354991 0.989176 0.0149618 0.0216487
37 0.198169 0.916538 0.0452188 0.0310686
0 0.973566 0.762552 0.020451 0.0274177
0 0.957137 0.848262 0.015464 0.0354967
0 0.69518 0.794223 0.00829468 0.0471812
37 0.022057 0.938576 0.044114 0.0310606
0 0.853052 0.830462 0.0210434 0.035418
0 0.276564 0.726885 0.00424995 0.0150703
0 0.921331 0.972843 0.0266048 0.041824
0 0.475649 0.858337 0.0194555 0.0223061
0 0.67609 0.816215 0.0210344 0.0185744
0 0.102122 0.983608 0.0579296 0.0279605
0 0.894394 0.975188 0.0661493 0.04663
0 0.995873 0.81346 0.0078455 0.0160544
37 0.853193 0.848341 0.0249052 0.00903659
0 0.907225 0.972875 0.0445925 0.0423211
37 0.0984062 0.99422 0.0530371 0.00852153
0 0.974268 0.76204 0.0116516 0.0272166
0 0.361192 0.774294 0.00872002 0.0139686
0 0.578039 0.875379 0.0335806 0.0150628
0 0.972244 0.670795 0.00569153 0.0120071
8 0.443504 0.760632 0.02302 0.0137539
8 0.32409 0.716316 0.0165259 0.0146823
0 0.852833 0.69699 0.00576706 0.0194744
0 0.0790044 0.749304 0.00419548 0.00837555
0 0.293566 0.72666 0.0119759 0.0110858
0 0.772284 0.813451 0.0192305 0.0171048
0 0.323836 0.715989 0.0172949 0.0153707
0 0.0209389 0.753622 0.0169172 0.0194438
0 0.917186 0.972319 0.0159206 0.0410875
0 0.948869 0.8511 0.0305786 0.0410024
37 0.57788 0.875025 0.0334475 0.0146474
0 0.674026 0.799284 0.0139217 0.0521854
0 0.769647 0.813091 0.0137074 0.0170207
37 0.852657 0.845299 0.0226208 0.0113512
37 0.853221 0.8428 0.0232983 0.013111
0 0.0630521 0.744604 0.0113626 0.0215064
37 0.0217212 0.760258 0.0185251 0.00731099
0 0.360484 0.776021 0.0105606 0.0128594
0 0.00867949 0.978004 0.0173001 0.0219198
37 0.0638168 0.749874 0.0121913 0.0113907
8 0.152534 0.736524 0.0527401 0.0192976
0 0.490809 0.723537 0.00837831 0.00879551
0 0.778985 0.81665 0.00983467 0.0127557
0 0.82815 0.834899 0.0137531 0.0324046
0 0.45006 0.831637 0.00970402 0.0599309
37 0.938505 0.863162 0.0208984 0.0209842
37 0.58551 0.913887 0.0476901 0.0114897
37 0.152301 0.737177 0.0523212 0.0177906
0 0.990471 0.674513 0.00677891 0.0157254
8 0.974204 0.674605 0.0448105 0.0164474
8 0.926822 0.681942 0.0261692 0.0218187
8 0.973655 0.677548 0.0449429 0.014001
0 0.274067 0.727229 0.00897036 0.0160261
0 0.294637 0.727571 0.01619 0.00938449
24 0.153405 0.983505 0.018515 0.0130066
0 0.360368 0.773172 0.0114251 0.0164656
37 0.975178 0.771605 0.017346 0.00983921
37 0.948696 0.86426 0.0410763 0.0217763
0 0.775591 0.814617 0.0177919 0.0180233
0 0.88295 0.985245 0.0441809 0.0287398
0 0.674161 0.814432 0.0198662 0.0237951
0 0.491403 0.862577 0.0219419 0.013681
37 0.859346 0.847109 0.0373806 0.0129812
0 0.768255 0.814007 0.0223724 0.0185883
37 0.396783 0.838012 0.0446445 0.0191321
37 0.593677 0.913497 0.0627639 0.012265
37 0.950129 0.866396 0.0394356 0.0154626
0 0.938002 0.678952 0.00468826 0.0160168
0 0.94966 0.859803 0.0196667 0.0215861
8 0.974066 0.672955 0.0496529 0.0217936
37 0.957325 0.865857 0.0605511 0.0166667
0 0.472622 0.85782 0.016058 0.0220378
0 0.328316 0.767441 0.00829201 0.014329
8 0.686168 0.567636 0.0277508 0.0126593
0 0.995715 0.801326 0.00812817 0.0410233
0 0.294007 0.725181 0.0169362 0.0132945
0 0.872566 0.845753 0.0147621 0.0147393
37 0.603805 0.914028 0.0429203 0.0109239
0 0.345028 0.771329 0.0420523 0.0206212
8 0.293954 0.730611 0.0185131 0.00754903
37 0.705868 0.842914 0.0120794 0.00887892
8 0.947342 0.86126 0.0384274 0.0251373
0 0.130205 0.982931 0.0644831 0.0262912
0 0.293241 0.723505 0.0122411 0.0157442
0 0.77496 0.813508 0.0321901 0.0191737
0 0.853644 0.696809 0.00819397 0.0204308
0 0.833227 0.699454 0.00430985 0.017997
0 0.674895 0.799224 0.0198792 0.0533578
8 0.340963 0.7706 0.0337159 0.0184162
37 0.963286 0.862269 0.048431 0.0121151
0 0.857122 0.828357 0.0174133 0.0409739
0 0.832799 0.694891 0.00602112 0.0111755
