0 0.453157 0.833892 0.0123957 0.0678748
0 0.204917 0.874462 0.0169826 0.0531194
0 0.481475 0.830616 0.0143612 0.0642609
0 0.698083 0.794618 0.00926943 0.0476807
0 0.953422 0.84889 0.022415 0.0425717
0 0.77736 0.77876 0.0101946 0.0461073
0 0.812151 0.773558 0.00858345 0.0444631
0 0.67752 0.791738 0.00848866 0.036019
0 0.980404 0.739332 0.0106819 0.0469933
0 0.787211 0.777099 0.0114281 0.0475918
0 0.424462 0.910144 0.0180031 0.0498074
0 0.866734 0.762205 0.00912895 0.0433316
0 0.515238 0.778729 0.00769138 0.0245941
0 0.717101 0.830303 0.0142658 0.0313378
0 0.823747 0.770223 0.00970078 0.0428748
0 0.908673 0.744935 0.00840378 0.0278876
0 0.765719 0.696686 0.00729713 0.0177369
8 0.199465 0.915612 0.0452032 0.0316318
0 0.843254 0.765484 0.0069706 0.0460383
0 0.830376 0.834566 0.0182556 0.0328573
0 0.115139 0.983464 0.0312684 0.0209991
0 0.00809181 0.747733 0.010775 0.0171168
0 0.855233 0.830845 0.0166483 0.0336865
0 0.354917 0.9892 0.0149006 0.0216005
0 0.941004 0.746064 0.00913162 0.0434224
0 0.391392 0.815501 0.0168888 0.0512834
0 0.907009 0.973326 0.0429649 0.0404266
0 0.969981 0.736988 0.00843887 0.0396637
8 0.968369 0.685601 0.0628914 0.0297831
37 0.199182 0.915637 0.0452717 0.0319149
0 0.782366 0.696742 0.00620136 0.0168412
0 0.883502 0.980042 0.0449673 0.0378855
0 0.995627 0.813661 0.00832462 0.0183224
0 0.845009 0.76675 0.00819721 0.0449283
0 0.847592 0.767978 0.00672493 0.0419374
0 0.490862 0.807032 0.0094862 0.0391686
0 0.887822 0.766425 0.00711689 0.0287303
0 0.894965 0.976062 0.0674055 0.0448374
0 0.00597825 0.981517 0.0118779 0.0137399
0 0.852512 0.832198 0.0217773 0.0355109
0 0.958946 0.741234 0.00768127 0.0314633
0 0.714551 0.830824 0.02013 0.0320258
0 0.296372 0.754016 0.00813208 0.0175952
0 0.427036 0.909194 0.0126113 0.0474579
0 0.540548 0.849272 0.00702591 0.0262804
0 0.921311 0.973494 0.0253096 0.0407138
37 0.0983744 0.994198 0.0516953 0.00822364
8 0.294429 0.745943 0.0165622 0.0335707
0 0.940086 0.741953 0.00838356 0.0526048
0 0.0723394 0.748736 0.00382202 0.0117584
0 0.492574 0.807654 0.00994377 0.0383867
37 0.103215 0.993035 0.0611763 0.00987362
0 0.917691 0.972747 0.0185785 0.0392063
0 0.489492 0.781597 0.00794544 0.017435
37 0.0220155 0.93886 0.044031 0.0302329
0 0.948358 0.850238 0.0318012 0.0459386
0 0.577655 0.875716 0.0325608 0.0145752
4 0.558653 0.320438 0.0107738 0.00783293
0 0.676235 0.815246 0.0167768 0.019359
8 0.366585 0.734828 0.0146046 0.0113871
0 0.880827 0.984654 0.03955 0.0290966
0 0.105914 0.985304 0.0578636 0.0241438
0 0.952853 0.857972 0.0215433 0.0261461
8 0.0219906 0.938731 0.0439534 0.0302985
0 0.833991 0.834505 0.0177534 0.033747
25 0.021953 0.939144 0.0438759 0.0309004
0 0.675631 0.799502 0.0143176 0.0513628
0 0.119949 0.984829 0.0392473 0.0215073
8 0.484861 0.782195 0.0185995 0.0155777
8 0.364564 0.735183 0.0199021 0.0119093
0 0.296151 0.750021 0.010248 0.0272715
37 0.684096 0.819091 0.0325219 0.0113413
37 0.906763 0.763831 0.0404026 0.0128526
0 0.907751 0.97576 0.0552898 0.0438566
8 0.849434 0.834654 0.0597263 0.0407155
0 0.939097 0.74184 0.0121284 0.051634
0 0.709537 0.831406 0.0305113 0.0328679
0 0.90716 0.745313 0.0113903 0.0295213
0 0.676307 0.794352 0.0108974 0.0415639
37 0.42263 0.922345 0.0150127 0.0270681
0 0.202937 0.729185 0.0100797 0.00827722
0 0.93921 0.726695 0.00652466 0.0222212
8 0.161799 0.73881 0.0242853 0.0126704
0 0.515455 0.784419 0.00851822 0.0367432
0 0.330749 0.713242 0.00585928 0.0149946
24 0.153423 0.983227 0.0177389 0.0133069
0 0.366367 0.732896 0.00872693 0.0124435
8 0.0738322 0.747371 0.0262078 0.0179857
37 0.577607 0.875399 0.0325729 0.0139357
8 0.968351 0.672477 0.0627689 0.0558178
0 0.820567 0.772125 0.0162453 0.047541
0 0.949916 0.862704 0.0324192 0.0210093
0 0.00604632 0.978646 0.0119804 0.0189043
8 0.322878 0.716652 0.0276614 0.011537
0 0.973371 0.766247 0.0164223 0.0209225
0 0.577682 0.872151 0.0336143 0.0217582
0 0.421991 0.922555 0.0132982 0.0261471
37 0.688788 0.820464 0.025289 0.00846303
0 0.912359 0.682283 0.00518417 0.0132077
0 0.995319 0.80836 0.00889244 0.0294537
0 0.978845 0.649631 0.00479012 0.0137031
0 0.899273 0.974702 0.027552 0.0346205
8 0.842018 0.834755 0.0446346 0.0377253
0 0.539047 0.740111 0.00641756 0.00701667
0 0.678631 0.80071 0.015468 0.0480072
0 0.872968 0.673761 0.00698433 0.0108224
0 0.330008 0.714898 0.00783405 0.0129537
8 0.366292 0.733404 0.0168974 0.0149207
37 0.949777 0.863955 0.0377686 0.0214337
0 0.329918 0.711654 0.00754366 0.0166548
0 0.78112 0.696851 0.00886288 0.0175695
0 0.874066 0.985062 0.025868 0.0271937
0 0.980069 0.771544 0.00711517 0.0104645
0 0.679485 0.795834 0.0124958 0.0459832
0 0.485006 0.781655 0.0194077 0.018143
0 0.817029 0.771822 0.0186089 0.0464957
8 0.321669 0.713909 0.028816 0.0171997
0 0.889791 0.767114 0.0110304 0.0300641
37 0.935905 0.867045 0.0113251 0.0149499
8 0.0810342 0.746476 0.0117431 0.0155938
0 0.0584216 0.749193 0.00295675 0.00389167
0 0.941838 0.742256 0.0116119 0.0520238
