0 0.659664 0.795418 0.0107222 0.0570574
0 0.452419 0.834325 0.0120264 0.0662947
0 0.473991 0.824379 0.0117113 0.0490031
0 0.554716 0.819045 0.0120495 0.0499396
0 0.443148 0.890475 0.0167357 0.0826326
0 0.617833 0.805133 0.0122927 0.0560403
0 0.796377 0.775648 0.00817156 0.0486167
0 0.842316 0.767568 0.0083168 0.044102
0 0.718235 0.830367 0.0137764 0.0313273
0 0.733595 0.784426 0.00968943 0.0504381
0 0.702587 0.792263 0.0114831 0.0473358
0 0.831304 0.835229 0.0189196 0.0330105
0 0.114318 0.983325 0.0332017 0.0274109
0 0.0182828 0.751479 0.0103657 0.0196147
37 0.198409 0.916014 0.0446952 0.0316104
37 0.0220604 0.939047 0.0441209 0.0309584
0 0.0643512 0.738261 0.00608145 0.021581
0 0.689635 0.794659 0.00946178 0.0428402
0 0.85674 0.830181 0.0138306 0.0335239
0 0.974974 0.762328 0.0174179 0.0273733
0 0.318962 0.711407 0.00626998 0.0153368
0 0.934712 0.726164 0.00629444 0.0212016
0 0.967078 0.750347 0.00768452 0.0356137
0 0.95684 0.848513 0.0167191 0.0362254
0 0.907151 0.972615 0.0448811 0.0414251
0 0.675066 0.815826 0.0154581 0.0185621
0 0.95395 0.849017 0.0232552 0.0371212
0 0.475888 0.857663 0.0182167 0.0228622
0 0.484338 0.857997 0.0355399 0.0236464
0 0.354988 0.989179 0.0149055 0.0216417
0 0.36849 0.773072 0.00684204 0.0133199
0 0.826876 0.696324 0.00585938 0.0199026
0 0.853108 0.830515 0.0208939 0.0359056
0 0.89382 0.975462 0.0652504 0.0467801
0 0.433587 0.764174 0.0209114 0.0127235
0 0.00598739 0.977705 0.0118877 0.0218886
0 0.883419 0.979621 0.0448668 0.0392402
0 0.995889 0.813467 0.00780983 0.0159507
37 0.853199 0.848259 0.024807 0.00914985
0 0.692303 0.79541 0.0130671 0.0433309
8 0.488514 0.725738 0.0145126 0.0166965
0 0.771134 0.813391 0.0181913 0.0167792
0 0.95229 0.85781 0.0200712 0.0270928
0 0.104406 0.983629 0.0530809 0.0276611
37 0.0990712 0.994236 0.0544632 0.00844455
0 0.92136 0.97284 0.0260269 0.0416182
0 0.291044 0.723431 0.0063025 0.0133191
0 0.391443 0.81245 0.0167693 0.0464447
0 0.834487 0.835461 0.0150993 0.0328017
0 0.0655387 0.739934 0.00875707 0.0256522
0 0.273745 0.730474 0.00451846 0.0186835
0 0.391221 0.832753 0.017395 0.0871413
37 0.0681335 0.749234 0.0121524 0.0118724
25 0.960036 0.721737 0.0453365 0.0211517
37 0.023048 0.760683 0.0236118 0.00827026
37 0.577855 0.875194 0.0334368 0.0141515
0 0.917841 0.972255 0.0186764 0.0399229
25 0.972686 0.721223 0.0203358 0.0192173
0 0.972059 0.759466 0.0160263 0.028862
0 0.578066 0.875417 0.0337656 0.0148292
37 0.853256 0.843006 0.0233093 0.0125807
0 0.697865 0.793279 0.0078413 0.0441739
37 0.852554 0.845335 0.0223618 0.011499
0 0.826894 0.83487 0.0113197 0.0322727
37 0.268932 0.736202 0.0133657 0.00858629
0 0.850717 0.696673 0.00681782 0.0172407
37 0.924096 0.729373 0.0253819 0.00960015
0 0.00916959 0.977861 0.0182475 0.0237606
0 0.488632 0.725006 0.0145346 0.0160555
0 0.779128 0.817091 0.00956326 0.0117423
0 0.0679553 0.741284 0.0138044 0.027144
0 0.772992 0.814586 0.0229275 0.0193441
37 0.925244 0.729584 0.0325237 0.0121428
0 0.971574 0.670869 0.00627747 0.0170456
0 0.915244 0.971777 0.011581 0.0401374
37 0.585355 0.913906 0.0475823 0.0114349
0 0.948129 0.851923 0.0347229 0.0438209
0 0.985005 0.662968 0.00428848 0.0145602
0 0.889756 0.686675 0.00370312 0.0170926
0 0.166789 0.729839 0.00757256 0.00891842
0 0.933399 0.725545 0.00930843 0.0212574
0 0.960945 0.851687 0.0375538 0.0422811
0 0.777618 0.815565 0.0138397 0.015991
0 0.849564 0.697423 0.00663795 0.0161238
24 0.153427 0.983526 0.0184678 0.0129066
0 0.827964 0.696246 0.00818748 0.020734
37 0.856702 0.847267 0.0318848 0.0124976
37 0.706112 0.842925 0.0119004 0.00894894
0 0.966638 0.752729 0.0112278 0.0412433
0 0.996753 0.671934 0.00510902 0.0109704
37 0.593558 0.913507 0.0627216 0.0122016
37 0.431252 0.89125 0.0144977 0.0167965
0 0.617567 0.793297 0.011304 0.0339898
0 0.54041 0.848724 0.00712223 0.0280997
0 0.95174 0.683202 0.00459137 0.0184009
0 0.0816931 0.747875 0.00705936 0.0135766
0 0.982545 0.762275 0.0332977 0.027194
37 0.920946 0.731266 0.0268322 0.00882331
0 0.49431 0.86383 0.0160212 0.0095676
37 0.956968 0.868668 0.0265724 0.0104499
8 0.291946 0.726423 0.0249516 0.00874091
0 0.767926 0.813773 0.0213744 0.0184277
37 0.95541 0.86358 0.0294292 0.0201828
0 0.872558 0.845746 0.0146765 0.0147563
37 0.603761 0.914056 0.0427599 0.0109189
37 0.751747 0.827311 0.0284119 0.00785607
37 0.959899 0.722367 0.0458513 0.0207164
37 0.0729351 0.748096 0.0241314 0.0155068
0 0.995757 0.801725 0.00803528 0.0401747
37 0.920161 0.729648 0.0265886 0.00855882
37 0.790819 0.821359 0.0263056 0.00605079
37 0.291611 0.72611 0.020487 0.00792575
0 0.921682 0.979031 0.0263515 0.0295675
8 0.153774 0.735374 0.0446597 0.0163964
8 0.959982 0.722273 0.0453835 0.0211533
37 0.956178 0.866667 0.0282402 0.0132368
0 0.00638718 0.973533 0.0126255 0.0316438
0 0.935997 0.727022 0.0115234 0.01918
37 0.0236481 0.758008 0.021961 0.0122069
0 0.130135 0.982962 0.0641465 0.0263207
37 0.79609 0.817738 0.039329 0.0109114
0 0.78246 0.814093 0.0144508 0.0156033
0 0.882249 0.986134 0.0427807 0.0267719
0 0.77452 0.813302 0.0296486 0.018829
37 0.434026 0.889741 0.0208699 0.0207196
0 0.843448 0.836478 0.0448912 0.0327952
37 0.964072 0.86233 0.0466656 0.0140647
0 0.976322 0.770524 0.0179146 0.0113308
