0 0.302221 0.86177 0.0142226 0.0562454
0 0.45381 0.833241 0.0132532 0.0663737
0 0.485631 0.827787 0.0132418 0.0578613
0 0.842436 0.76637 0.0103817 0.0498355
0 0.538972 0.776935 0.00800076 0.0268836
0 0.69751 0.795144 0.00914478 0.0478092
0 0.81025 0.775794 0.00998993 0.0409895
0 0.953431 0.8483 0.0222157 0.0419869
0 0.525928 0.78041 0.0110289 0.0215274
0 0.83089 0.834336 0.0155205 0.0337196
0 0.893713 0.738539 0.00642662 0.0282271
0 0.423721 0.914299 0.0188009 0.0424608
0 0.795273 0.775724 0.00968809 0.0482079
0 0.68457 0.79499 0.0105518 0.043236
0 0.466018 0.799133 0.00781174 0.0317573
0 0.882294 0.761244 0.00704689 0.0449137
0 0.786266 0.777277 0.00772591 0.0453162
0 0.856328 0.827958 0.0129763 0.0354526
0 0.938721 0.750053 0.0108063 0.0475093
37 0.198477 0.916035 0.0476076 0.031395
0 0.769319 0.778072 0.00957317 0.0439752
0 0.89377 0.975935 0.0653507 0.046441
0 0.0104622 0.751302 0.00745138 0.0178165
0 0.718332 0.830526 0.0130472 0.0311276
0 0.768547 0.774407 0.00850973 0.036181
0 0.114511 0.983734 0.0319237 0.0189209
0 0.975168 0.737462 0.00799942 0.0401506
0 0.970774 0.762755 0.0118975 0.027498
0 0.350982 0.988867 0.0222797 0.022266
0 0.57785 0.872561 0.0331711 0.0203342
8 0.320398 0.713591 0.0243605 0.0190365
0 0.911241 0.759169 0.00600071 0.021718
0 0.290084 0.750901 0.00586147 0.0148739
0 0.713165 0.830916 0.0250929 0.0325955
0 0.995627 0.813885 0.00832863 0.0184438
0 0.883909 0.979751 0.0461395 0.0394504
0 0.783009 0.695584 0.00516672 0.0141125
0 0.926548 0.728836 0.00760651 0.0213827
0 0.0720973 0.750566 0.0047735 0.0126553
0 0.905916 0.973199 0.0418186 0.0415748
0 0.329879 0.708537 0.00493407 0.0159861
0 0.54074 0.848939 0.00703316 0.0287557
8 0.20053 0.727069 0.018848 0.0111584
0 0.853603 0.828895 0.0182672 0.0382606
0 0.917429 0.972586 0.0183334 0.0397786
0 0.911901 0.760958 0.00541096 0.0210307
37 0.0221837 0.938416 0.0443675 0.027449
0 0.675583 0.815938 0.0143744 0.018673
0 0.974154 0.762723 0.0185825 0.0279597
37 0.0974282 0.994215 0.049933 0.00813124
0 0.94953 0.849496 0.0295975 0.0443888
0 0.973999 0.742665 0.00952282 0.0504447
0 0.921065 0.973114 0.0281601 0.040721
8 0.297825 0.755919 0.0225069 0.0170244
0 0.00575283 0.982251 0.0114299 0.0115979
0 0.974259 0.767194 0.0187889 0.0199109
8 0.293639 0.754957 0.0140765 0.0163432
8 0.793937 0.575153 0.0361012 0.00825653
0 0.103488 0.98609 0.0544011 0.0228531
8 0.773748 0.696583 0.025157 0.0135041
8 0.0738742 0.75205 0.029223 0.0140906
37 0.101283 0.98837 0.0574149 0.0191169
37 0.950197 0.865912 0.0377773 0.0176792
0 0.911192 0.76236 0.0067728 0.0272327
0 0.308807 0.741642 0.0117862 0.01264
0 0.0079555 0.751586 0.0130697 0.0196526
0 0.679208 0.814242 0.0180739 0.0210954
0 0.908306 0.681627 0.00466385 0.0158065
0 0.764209 0.694258 0.00598698 0.0104531
0 0.852272 0.838965 0.0214479 0.0219265
0 0.58919 0.907302 0.0521306 0.0252494
0 0.77092 0.792524 0.00956774 0.0199007
0 0.480204 0.822538 0.00529594 0.0244176
0 0.420952 0.913065 0.0130667 0.0402839
0 0.977312 0.674044 0.00483284 0.0139091
0 0.837045 0.834954 0.0289989 0.035053
0 0.974817 0.731966 0.00802803 0.032096
0 0.682711 0.796962 0.0143407 0.0485277
0 0.06119 0.751206 0.00466318 0.00869785
8 0.0807412 0.751795 0.0152929 0.012893
0 0.859621 0.795178 0.00778656 0.0125522
37 0.49283 0.863919 0.0197271 0.00863173
0 0.905095 0.975835 0.0604778 0.0453452
0 0.11236 0.98095 0.029992 0.02339
0 0.974555 0.661328 0.0120718 0.0403494
37 0.790194 0.820631 0.0252172 0.00697293
37 0.588433 0.909284 0.0531549 0.0222232
37 0.936056 0.867864 0.0114769 0.0138126
24 0.153439 0.98337 0.0178638 0.013009
37 0.960008 0.863177 0.0482044 0.0171329
0 0.938302 0.741289 0.0110388 0.0321347
8 0.0675681 0.751894 0.0168924 0.0122708
37 0.867142 0.797089 0.038784 0.0127574
0 0.770886 0.81239 0.015436 0.0163033
37 0.853204 0.846619 0.0288258 0.0130283
37 0.855999 0.847341 0.0433397 0.0129401
37 0.949777 0.863978 0.0207367 0.0157769
0 0.120434 0.985056 0.0377217 0.0203179
0 0.464164 0.799312 0.0112653 0.0336894
0 0.122831 0.985941 0.0241262 0.0212168
37 0.295259 0.757627 0.0102005 0.0102714
0 0.679561 0.798405 0.0226479 0.0516215
37 0.592328 0.913946 0.0434414 0.0122437
14 0.37102 0.737014 0.00861373 0.00797662
37 0.696036 0.841578 0.0273995 0.0143326
0 0.882571 0.986058 0.0436428 0.0275655
0 0.912275 0.758835 0.00855446 0.0217311
0 0.973017 0.653412 0.00770435 0.0227969
37 0.957919 0.866458 0.0554111 0.0150667
0 0.854994 0.795568 0.0163147 0.0114975
37 0.863661 0.799064 0.041766 0.0103309
0 0.995408 0.660391 0.00464363 0.0126148
37 0.911493 0.769187 0.0515453 0.0133589
37 0.319688 0.712635 0.0250772 0.0178989
37 0.960493 0.863218 0.0517323 0.0118995
0 0.00586733 0.97856 0.0116269 0.019085
0 0.540915 0.851886 0.00814762 0.0359717
8 0.00598198 0.758108 0.00980363 0.00900252
37 0.899065 0.770931 0.0734318 0.0182103
14 0.952632 0.667788 0.0067215 0.0121256
0 0.995272 0.808113 0.00899563 0.031132
0 0.784753 0.778496 0.0104074 0.0465261
8 0.302115 0.755352 0.0313039 0.0199402
0 0.773924 0.812592 0.0218493 0.018413
0 0.975612 0.762663 0.026074 0.0286801
0 0.872084 0.845428 0.0136005 0.0146357
8 0.152832 0.747133 0.0362736 0.0117832
37 0.908568 0.77091 0.0534096 0.01347
