0 0.312324 0.860592 0.0139241 0.0557929
0 0.453553 0.832035 0.0118996 0.0641266
0 0.486931 0.825986 0.011433 0.0554406
0 0.884569 0.761625 0.00827045 0.0453942
0 0.526862 0.778978 0.00987663 0.0234719
0 0.953337 0.848508 0.0223112 0.0423041
0 0.697028 0.79406 0.00873928 0.0479621
0 0.845109 0.766156 0.0104462 0.0491177
0 0.540313 0.776333 0.00718708 0.027958
0 0.785269 0.777112 0.00807848 0.0449158
0 0.978497 0.738986 0.00901222 0.0457191
0 0.830968 0.83416 0.01539 0.0334495
0 0.767837 0.780726 0.00973854 0.0459351
0 0.892934 0.740536 0.0067276 0.0302729
0 0.685034 0.795078 0.0106666 0.0478166
0 0.856352 0.827997 0.0128548 0.035547
0 0.935176 0.750507 0.0120918 0.0462809
0 0.794985 0.777173 0.00954704 0.0468455
0 0.462533 0.799371 0.0103457 0.0302263
0 0.718364 0.830229 0.0132263 0.031425
0 0.424009 0.914169 0.0191023 0.0421529
0 0.309444 0.74195 0.00713367 0.0142715
0 0.420286 0.913767 0.0116814 0.0408157
0 0.0110757 0.750874 0.00623892 0.0180929
8 0.0740085 0.750876 0.027803 0.0142344
0 0.355169 0.988868 0.0153456 0.0222636
0 0.893597 0.97589 0.0651279 0.046434
0 0.330292 0.708759 0.00440397 0.016422
0 0.925766 0.728076 0.00664825 0.0214183
8 0.29998 0.757468 0.0261038 0.0143645
0 0.114471 0.983795 0.0318882 0.0191891
0 0.913475 0.759305 0.0062397 0.0272515
0 0.290454 0.750484 0.0062685 0.0146537
37 0.19852 0.915723 0.0477922 0.0320357
0 0.970668 0.762983 0.0109358 0.0270706
0 0.995661 0.813831 0.00826016 0.0184552
0 0.91739 0.972595 0.0183538 0.0397627
8 0.198754 0.727699 0.0219618 0.0119865
0 0.883907 0.979727 0.0461971 0.0394511
0 0.713341 0.830741 0.0246555 0.0328676
0 0.905745 0.973301 0.0412979 0.0418176
0 0.427738 0.919244 0.0120186 0.0318466
8 0.198075 0.915432 0.0471583 0.0315626
8 0.321579 0.71669 0.021909 0.011756
0 0.577729 0.872412 0.0336088 0.0203247
0 0.853809 0.828889 0.0177629 0.0382061
0 0.461031 0.797654 0.0113928 0.0331445
0 0.948805 0.849984 0.0312353 0.0453478
8 0.0792586 0.75065 0.0170527 0.013397
0 0.920247 0.972961 0.0265316 0.040508
8 0.321257 0.713425 0.0223951 0.0134852
0 0.675517 0.81622 0.014348 0.0177265
8 0.321463 0.710581 0.0228127 0.0200914
8 0.199794 0.729878 0.019555 0.00960643
37 0.0996432 0.994105 0.0545639 0.00834351
8 0.957988 0.695963 0.0839361 0.0316349
8 0.157373 0.74185 0.0403385 0.0181559
0 0.103957 0.986027 0.0533409 0.0229255
8 0.443309 0.749615 0.193257 0.0374961
8 0.00829091 0.752149 0.0132805 0.0172353
37 0.0222095 0.938593 0.0444189 0.02742
8 0.552944 0.742876 0.0197334 0.0120812
0 0.801068 0.783793 0.00724835 0.0265594
0 0.00573642 0.982206 0.0113887 0.0115899
8 0.370858 0.735018 0.010288 0.0073839
0 0.690701 0.793306 0.0211979 0.0512563
4 0.958073 0.696799 0.0834995 0.0312073
0 0.540942 0.848634 0.00753784 0.0294484
0 0.83606 0.835107 0.0265965 0.034893
25 0.0223159 0.938629 0.0445281 0.0281867
0 0.681542 0.796501 0.0179651 0.052533
0 0.800947 0.776233 0.00787811 0.0383302
8 0.00714214 0.754976 0.0114839 0.0133603
0 0.783298 0.69487 0.00591755 0.0146494
0 0.852586 0.838747 0.020927 0.022024
8 0.490999 0.749022 0.104381 0.0360884
0 0.904795 0.975766 0.0599735 0.0454537
37 0.949865 0.865648 0.0376846 0.0182977
0 0.538494 0.7764 0.0109966 0.0284451
8 0.0062874 0.756324 0.00942093 0.0122387
0 0.111595 0.980755 0.0284654 0.0234589
0 0.770881 0.812744 0.0147288 0.0158676
8 0.51847 0.74409 0.043348 0.0224313
0 0.487313 0.818257 0.0105856 0.0414781
37 0.101422 0.986562 0.0576327 0.0225979
8 0.949583 0.866009 0.0377705 0.0163493
8 0.154651 0.744377 0.0358723 0.0187732
8 0.794531 0.574183 0.036138 0.0097791
0 0.589639 0.907097 0.0506399 0.0241818
28 0.15344 0.983371 0.0178066 0.013043
0 0.974629 0.771821 0.0194088 0.0117784
37 0.493157 0.864067 0.0187116 0.00885502
8 0.503786 0.744373 0.0745204 0.025157
0 0.122081 0.985925 0.0210787 0.0211538
0 0.886253 0.761181 0.0113373 0.0458645
0 0.912733 0.758704 0.00875282 0.026457
8 0.154618 0.746877 0.0290131 0.0141581
8 0.0448149 0.751526 0.0877576 0.0230109
8 0.399058 0.757711 0.0942079 0.0205453
0 0.85937 0.686993 0.00596046 0.00942705
0 0.12068 0.985123 0.0371107 0.0203152
0 0.882515 0.985883 0.0436146 0.0278849
0 0.982246 0.771668 0.0102123 0.0101013
0 0.350005 0.988837 0.0265976 0.0223094
0 0.678294 0.812798 0.0200016 0.0230326
8 0.472564 0.750335 0.0704884 0.0302277
8 0.29083 0.756627 0.041861 0.0100416
37 0.534615 0.791809 0.0274769 0.0152164
0 0.857765 0.795418 0.0112801 0.0122862
8 0.778235 0.694966 0.0154089 0.0153406
8 0.0741166 0.753994 0.028331 0.0203244
0 0.99528 0.808389 0.00898476 0.030604
37 0.936055 0.867728 0.0114717 0.0138821
8 0.848968 0.836007 0.0520004 0.0368181
