0 0.476595 0.834472 0.0147742 0.0655019
0 0.455515 0.833594 0.0121592 0.0684384
0 0.697969 0.792436 0.0109674 0.0479755
0 0.830598 0.83463 0.0172062 0.0335592
0 0.718523 0.830731 0.0143993 0.0304142
0 0.871257 0.75998 0.00905953 0.0471405
0 0.767481 0.782231 0.00933228 0.0415003
0 0.84312 0.766641 0.00831623 0.047368
0 0.793826 0.775144 0.0111311 0.0473853
0 0.0244933 0.90179 0.0129913 0.0486291
0 0.953536 0.849462 0.0220552 0.0411392
0 0.744018 0.783835 0.00870037 0.046632
0 0.92245 0.753847 0.00895004 0.0445153
0 0.90586 0.754776 0.0102861 0.0473458
0 0.856311 0.830191 0.0152985 0.0329683
0 0.75586 0.781649 0.00754337 0.0469333
0 0.0699143 0.742875 0.00925682 0.0289159
0 0.278761 0.728839 0.00637054 0.0157225
0 0.820539 0.770434 0.00859013 0.0401798
0 0.518783 0.806695 0.00903139 0.0359255
0 0.476593 0.779675 0.00776691 0.021914
37 0.0221401 0.938332 0.0440211 0.0293513
0 0.836774 0.774832 0.00681572 0.0285149
0 0.996048 0.809857 0.00748558 0.0239073
0 0.00933809 0.751345 0.00885103 0.0157888
0 0.894514 0.97623 0.0655968 0.045667
0 0.327354 0.753246 0.00945625 0.0163425
0 0.883826 0.979598 0.0442787 0.039278
0 0.355017 0.98891 0.014735 0.0221792
0 0.451304 0.780183 0.00690937 0.0175201
0 0.434023 0.912606 0.0245958 0.0409888
0 0.677753 0.815633 0.0189624 0.018593
8 0.198332 0.915254 0.0464867 0.0330187
0 0.951547 0.736567 0.00900612 0.0312904
0 0.196756 0.733517 0.00854158 0.0103058
0 0.053367 0.752045 0.00444272 0.00777147
37 0.198623 0.915524 0.0469979 0.0329966
0 0.906228 0.97314 0.0441082 0.0402222
8 0.312866 0.71578 0.0282121 0.0127794
8 0.323531 0.731004 0.0221442 0.00915154
0 0.972624 0.762749 0.0146614 0.0275133
0 0.917826 0.972787 0.0181732 0.0396623
0 0.00615618 0.975707 0.0122391 0.0253674
8 0.15121 0.740216 0.0237637 0.0120361
0 0.921295 0.973333 0.027408 0.040485
0 0.146328 0.738015 0.00593023 0.0107981
4 0.454744 0.318748 0.0193983 0.00783043
8 0.00937917 0.761034 0.017033 0.0104877
0 0.715646 0.831221 0.0203144 0.0311211
0 0.32278 0.710858 0.0057292 0.0157206
0 0.791332 0.697424 0.0057333 0.0161006
0 0.531152 0.740207 0.0119833 0.00870056
0 0.853542 0.831417 0.0213566 0.0364031
0 0.768273 0.697336 0.00791273 0.0137961
0 0.125815 0.985894 0.0271691 0.0204512
0 0.00260589 0.975922 0.00515755 0.0240282
8 0.313107 0.712703 0.0287722 0.017824
0 0.438829 0.912882 0.0148668 0.0328395
0 0.934397 0.727446 0.00792236 0.0258536
37 0.101211 0.994233 0.0589043 0.00789897
0 0.883362 0.985246 0.0429836 0.0284312
0 0.159619 0.739592 0.00619564 0.00980665
0 0.00900672 0.97615 0.0178809 0.0263277
37 0.576957 0.875289 0.032347 0.0131805
37 0.105158 0.987809 0.0666847 0.0203959
0 0.577173 0.875445 0.0322522 0.0134566
0 0.973791 0.753335 0.00565872 0.00963542
37 0.853028 0.846244 0.0260984 0.0134806
0 0.10952 0.980969 0.0187969 0.022977
0 0.118011 0.984411 0.034713 0.0229641
0 0.436883 0.910326 0.016387 0.0378623
37 0.0632063 0.758779 0.0321347 0.00790677
0 0.973371 0.674805 0.00676327 0.017462
0 0.991781 0.67544 0.00672531 0.018846
0 0.772948 0.812903 0.00893583 0.0149526
0 0.852413 0.840332 0.0233505 0.0208301
0 0.105734 0.985774 0.0661464 0.0235609
0 0.680634 0.815827 0.0178427 0.0195318
24 0.15343 0.983463 0.0177204 0.0124776
37 0.857867 0.847381 0.036594 0.0123932
0 0.540625 0.84941 0.00715256 0.0277388
37 0.283076 0.73772 0.0174722 0.00747409
0 0.974655 0.770537 0.0182896 0.0128242
37 0.944753 0.867046 0.0283409 0.0150491
0 0.146465 0.738567 0.00824897 0.0126409
0 0.905812 0.975997 0.061158 0.0453081
0 0.768815 0.812834 0.0119483 0.015537
37 0.937218 0.867241 0.0135757 0.0148583
0 0.452696 0.780215 0.0103619 0.0178616
37 0.454436 0.784843 0.0187757 0.0105353
0 0.949495 0.860839 0.0139088 0.0175578
0 0.772906 0.812805 0.0210867 0.016982
14 0.910331 0.248722 0.00832825 0.00583835
0 0.980528 0.660069 0.00758705 0.0129271
0 0.882272 0.683935 0.00605679 0.00928675
37 0.8599 0.845875 0.038805 0.0165809
0 0.752767 0.790066 0.0107933 0.0330678
0 0.866138 0.845155 0.0238668 0.0162155
0 0.441753 0.914047 0.00917149 0.0291175
0 0.779172 0.815759 0.00831757 0.0108173
8 0.765451 0.717559 0.0384162 0.0149904
37 0.0579558 0.753622 0.0153757 0.00810123
0 0.862543 0.83243 0.0289785 0.0381143
0 0.934519 0.735578 0.00827084 0.041646
37 0.791013 0.82053 0.0248756 0.00642259
0 0.566189 0.84547 0.00736713 0.021798
0 0.819601 0.766709 0.00959625 0.035847
8 0.00752406 0.751619 0.0141631 0.0163137
37 0.593607 0.913474 0.0622617 0.0122038
8 0.313987 0.716143 0.0312719 0.0165012
0 0.871815 0.845381 0.0131462 0.0151579
8 0.316845 0.7216 0.0372936 0.0350315
8 0.30457 0.732389 0.059798 0.0205844
0 0.947652 0.850719 0.0330589 0.0460186
0 0.109611 0.973624 0.0192783 0.0383021
