0 0.453601 0.833584 0.012264 0.0679101
0 0.830721 0.834497 0.0174263 0.034111
0 0.465614 0.836437 0.0143529 0.0640496
0 0.843343 0.767141 0.00780678 0.045954
0 0.69461 0.794104 0.0101892 0.0460419
0 0.706087 0.79165 0.00999908 0.0470479
0 0.794939 0.77569 0.010675 0.0484524
0 0.5288 0.815095 0.0114002 0.0410968
0 0.718663 0.830105 0.014494 0.0318259
0 0.852601 0.76402 0.00785465 0.0488112
0 0.744299 0.7847 0.00824299 0.0479158
0 0.9498 0.750238 0.0111519 0.0427297
0 0.885751 0.75883 0.0103275 0.0490245
0 0.809644 0.775233 0.00975647 0.04587
0 0.892749 0.97616 0.0616405 0.0454783
0 0.828331 0.778624 0.00695477 0.0311013
0 0.434541 0.91379 0.0225979 0.0379913
0 0.856181 0.8305 0.0162323 0.0330709
0 0.0718855 0.741985 0.00759983 0.0268278
0 0.753915 0.782764 0.0100894 0.0487769
0 0.276888 0.728638 0.00659533 0.0137204
0 0.964614 0.7394 0.00715523 0.0335307
0 0.00880758 0.750436 0.00828589 0.020394
37 0.197205 0.915559 0.0436359 0.0311584
0 0.953553 0.849318 0.0219357 0.0410314
0 0.95718 0.848085 0.0151672 0.0382334
37 0.0222189 0.938772 0.0441804 0.0288144
0 0.117135 0.983383 0.0345041 0.0241304
0 0.334804 0.753475 0.00702338 0.0163622
0 0.529105 0.739421 0.00604076 0.0099667
0 0.354307 0.98934 0.015306 0.021284
0 0.931543 0.728042 0.00622616 0.0231052
0 0.462961 0.781198 0.00779343 0.0223448
0 0.320048 0.714738 0.00561018 0.0247189
0 0.192386 0.734843 0.00925822 0.00940586
0 0.972095 0.762594 0.0141191 0.0276371
0 0.903536 0.973083 0.0388248 0.0393409
0 0.853898 0.83166 0.0216171 0.0362678
0 0.896997 0.678289 0.00673275 0.0226268
0 0.755712 0.781675 0.00871353 0.0490523
16 0.675387 0.816031 0.0156918 0.0198442
37 0.0983914 0.994206 0.0528188 0.00834859
0 0.00568491 0.943114 0.0113048 0.0919379
0 0.00593319 0.975687 0.0118177 0.0252123
37 0.00842516 0.759549 0.0114915 0.0068868
0 0.532325 0.739681 0.0126753 0.0105408
0 0.0526798 0.752278 0.00531563 0.00797916
0 0.107459 0.984484 0.0592232 0.0258474
0 0.675536 0.816147 0.0163059 0.0200528
0 0.334473 0.756827 0.00804896 0.0177714
0 0.94962 0.858539 0.0139204 0.0232641
0 0.974615 0.762794 0.0202707 0.0281008
0 0.769893 0.698559 0.00561895 0.0179827
0 0.142765 0.740265 0.0122946 0.00987667
0 0.71483 0.830816 0.0226582 0.0320138
0 0.112694 0.981739 0.0259071 0.023056
0 0.972585 0.672369 0.00465984 0.0180359
0 0.863827 0.833247 0.0325827 0.0384511
0 0.884016 0.984537 0.0447319 0.029146
37 0.334547 0.759472 0.00801554 0.0124239
0 0.788236 0.698612 0.00625343 0.0189073
0 0.442269 0.777178 0.00746355 0.0219445
0 0.155909 0.739883 0.0076426 0.00900269
0 0.983547 0.662772 0.00565643 0.0196016
0 0.995882 0.813899 0.0078352 0.0146518
0 0.44407 0.777678 0.00969381 0.0219191
37 0.577447 0.875248 0.0324701 0.0139048
0 0.983435 0.670569 0.00688667 0.0287213
0 0.577689 0.875634 0.0327463 0.0143636
0 0.872753 0.845705 0.0141613 0.0144608
0 0.773449 0.812569 0.00686636 0.014821
0 0.879801 0.679892 0.0073925 0.0209527
0 0.98367 0.678565 0.00736485 0.0170983
37 0.00728615 0.759631 0.0139847 0.00965763
0 0.94803 0.850706 0.0316902 0.044853
0 0.978561 0.661447 0.00630321 0.0190879
8 0.31617 0.732104 0.0132585 0.00603604
0 0.125602 0.985648 0.0279299 0.0215149
0 0.530952 0.738791 0.00994015 0.0126348
0 0.77022 0.812976 0.0138197 0.014915
0 0.00189987 0.911871 0.00373612 0.0297982
0 0.879549 0.673273 0.0065588 0.00968831
0 0.0094358 0.97612 0.0187366 0.0268399
0 0.391221 0.832016 0.0180738 0.086889
37 0.937004 0.86698 0.0132271 0.0150965
0 0.754321 0.77459 0.00939207 0.0412733
0 0.945961 0.859459 0.0297535 0.0282111
24 0.153385 0.983061 0.0187682 0.0135817
0 0.469334 0.827996 0.00776272 0.0411821
0 0.920428 0.682482 0.0085453 0.0117684
0 0.445698 0.779739 0.011626 0.0167119
37 0.943906 0.866058 0.0260174 0.0169301
2 0.506189 0.412113 0.0357815 0.0241804
0 0.830094 0.778158 0.0104898 0.0318888
0 0.540193 0.848746 0.0076519 0.0276886
0 0.779671 0.81616 0.00806465 0.0100566
0 0.96458 0.668161 0.00425148 0.011854
0 0.860805 0.845894 0.0384663 0.0157579
0 0.983482 0.668475 0.0111469 0.0369088
0 0.812342 0.774727 0.0152983 0.0454856
25 0.391111 0.831724 0.018238 0.0869897
0 0.349991 0.989365 0.0251647 0.0212148
0 0.0732188 0.741862 0.0110569 0.0285124
0 0.978435 0.655885 0.00681381 0.0204334
0 0.705529 0.831928 0.0403652 0.0314397
8 0.980801 0.666508 0.0141399 0.0367004
0 0.470421 0.827304 0.00575132 0.0367879
37 0.31631 0.728779 0.0125511 0.00749207
37 0.534191 0.7403 0.0165855 0.010202
0 0.981759 0.771582 0.00926666 0.00991821
0 0.464066 0.782023 0.0109601 0.024271
0 0.775296 0.812918 0.0164795 0.0165487
37 0.853129 0.845372 0.026112 0.0146264
0 0.887996 0.75887 0.0151941 0.049766
0 0.852018 0.838361 0.0237301 0.0255391
0 0.860283 0.795663 0.00643806 0.0115865
