0 0.477084 0.834732 0.0162424 0.0657281
0 0.453267 0.833528 0.0117218 0.0667413
0 0.830248 0.834707 0.0174065 0.0332364
0 0.718753 0.830613 0.0144471 0.0310086
0 0.777357 0.779961 0.00906181 0.0430822
0 0.843219 0.765372 0.00794945 0.0470723
0 0.793814 0.775283 0.00891895 0.0455931
0 0.0728187 0.901171 0.0137744 0.0626241
0 0.834089 0.770753 0.00837059 0.0427168
0 0.699221 0.793504 0.0109613 0.046312
0 0.926527 0.751012 0.0104633 0.0461687
0 0.95336 0.8489 0.0220022 0.0397247
0 0.515206 0.809207 0.0100857 0.0402527
0 0.746312 0.784266 0.0103971 0.0458099
0 0.755831 0.784455 0.00864039 0.0443298
0 0.855709 0.830896 0.0164974 0.0339705
0 0.973562 0.762475 0.0185482 0.028157
0 0.320657 0.750368 0.00885639 0.0133406
0 0.487042 0.777287 0.0104311 0.022466
0 0.354909 0.989161 0.0144377 0.0215849
0 0.899513 0.758635 0.0102901 0.0398697
0 0.00682212 0.751849 0.0094913 0.0177953
37 0.197985 0.915714 0.0462178 0.0318285
0 0.852341 0.832236 0.0241547 0.037341
0 0.434004 0.908186 0.0237276 0.0498776
0 0.577744 0.875266 0.0326433 0.0159156
0 0.905542 0.972625 0.041927 0.0421305
0 0.888723 0.756871 0.00824165 0.0459513
8 0.0699778 0.744634 0.0117246 0.0302261
8 0.197847 0.91547 0.0456385 0.0315264
0 0.509823 0.813323 0.00478325 0.0273841
0 0.323114 0.710238 0.00595603 0.0146244
0 0.114678 0.981836 0.0303297 0.0237817
0 0.99602 0.81069 0.0075489 0.0218811
0 0.894099 0.975436 0.066288 0.0467053
0 0.002607 0.978305 0.00517743 0.0206178
0 0.070361 0.749857 0.00860901 0.0190294
0 0.675657 0.815832 0.0142179 0.0183072
0 0.372782 0.751767 0.00913024 0.016939
0 0.281016 0.734408 0.0101113 0.0110589
0 0.0052599 0.978432 0.0104984 0.0211955
8 0.360463 0.755633 0.0468181 0.023626
0 0.936973 0.7402 0.00680752 0.0315874
0 0.79242 0.69571 0.00646801 0.0134758
37 0.530532 0.736553 0.0156021 0.0141724
0 0.680577 0.815843 0.0238276 0.0184689
0 0.281055 0.736055 0.0111884 0.0120419
0 0.391739 0.814349 0.0170527 0.0496779
0 0.901656 0.678583 0.00573597 0.0191616
0 0.921883 0.972803 0.026647 0.0425198
0 0.513676 0.811496 0.01213 0.0352434
0 0.109594 0.980988 0.0200936 0.0227068
0 0.9792 0.653183 0.00712681 0.0234502
37 0.0221355 0.938905 0.0442693 0.0306073
0 0.107459 0.983951 0.0471849 0.0273237
0 0.917131 0.971972 0.0177242 0.0402751
8 0.360976 0.758463 0.0463746 0.0167196
0 0.884184 0.979685 0.0466873 0.0390578
8 0.530586 0.736561 0.015966 0.0145393
8 0.341845 0.73414 0.0159583 0.010105
8 0.34166 0.735805 0.0152184 0.00764025
8 0.37413 0.75545 0.0199933 0.023121
0 0.0694812 0.741626 0.00986152 0.0254435
37 0.937011 0.867025 0.0132582 0.0161938
0 0.437437 0.908676 0.0165739 0.0483588
0 0.773705 0.812405 0.0198709 0.0168908
0 0.915467 0.972798 0.0251457 0.04137
0 0.872539 0.846 0.0147924 0.0158217
0 0.280683 0.733104 0.0113451 0.014465
0 0.00286008 0.983676 0.00564937 0.0314645
8 0.336956 0.73433 0.0196077 0.00988125
0 0.769252 0.812272 0.0115358 0.0148695
0 0.772059 0.812469 0.00988979 0.0150784
8 0.37372 0.761094 0.0199083 0.0115672
8 0.313109 0.715621 0.0264671 0.0110158
8 0.977468 0.661412 0.0184908 0.0403865
0 0.540763 0.849383 0.0077816 0.0269782
0 0.771662 0.812082 0.0151053 0.0155338
8 0.0728063 0.741114 0.0203922 0.0236247
37 0.949344 0.865504 0.0375763 0.019042
0 0.0529732 0.752683 0.00402554 0.00679643
0 0.776415 0.813204 0.0142332 0.0152079
37 0.103154 0.993131 0.0622341 0.0110935
0 0.199584 0.73066 0.010105 0.0142744
8 0.0221296 0.938859 0.0442188 0.0304704
14 0.921721 0.679821 0.00764885 0.00896284
8 0.00576702 0.755512 0.0114805 0.0140476
0 0.118081 0.984785 0.0372327 0.02337
0 0.312928 0.71142 0.0266435 0.0169739
0 0.89473 0.757729 0.0196682 0.0427305
0 0.948601 0.850936 0.0283533 0.0451716
0 0.693227 0.789999 0.00872231 0.022298
8 0.977675 0.668281 0.0183891 0.0252647
8 0.0664712 0.744644 0.0243165 0.0324609
0 0.465039 0.779197 0.0123058 0.0192735
0 0.585493 0.907365 0.0442852 0.02343
0 0.767409 0.697672 0.00680885 0.0141395
0 0.884442 0.683878 0.00383606 0.00949843
0 0.00908926 0.97888 0.0179844 0.0228912
8 0.0678665 0.746812 0.0174006 0.0355218
8 0.071151 0.744451 0.0245755 0.030229
0 0.427105 0.924263 0.00934753 0.0160402
0 0.997637 0.673327 0.00428619 0.0149352
0 0.880231 0.756017 0.00424805 0.0112405
8 0.309396 0.715905 0.0193941 0.00902032
0 0.863947 0.834284 0.0328121 0.0386814
0 0.320657 0.75305 0.00927358 0.018709
0 0.972543 0.672336 0.00683918 0.0161725
8 0.31283 0.713315 0.0265534 0.0141027
0 0.716087 0.831182 0.0200365 0.0311857
37 0.0992967 0.99397 0.0532837 0.0081526
0 0.340091 0.731396 0.0105989 0.00881636
0 0.683207 0.814329 0.0295223 0.0213711
0 0.120998 0.986322 0.0191296 0.0219708
8 0.0545041 0.753982 0.00714597 0.00740729
0 0.199731 0.733624 0.00990648 0.0122735
0 0.436739 0.906565 0.0122639 0.0439011
37 0.955144 0.868359 0.0305466 0.0110894
0 0.00694754 0.982948 0.0138154 0.0310432
0 0.732768 0.788209 0.00482998 0.0120375
0 0.695179 0.796808 0.013372 0.044263
0 0.843041 0.832687 0.0427813 0.0384496
2 0.525509 0.418221 0.0139762 0.00928548
0 0.125063 0.986499 0.0267884 0.0215758
37 0.954682 0.867486 0.0505905 0.014163
37 0.585774 0.908077 0.0437422 0.0220937
8 0.99569 0.685116 0.00818443 0.0129056
