0 0.536385 0.820609 0.0126626 0.054621
0 0.604269 0.808906 0.0100542 0.0490911
0 0.830756 0.834684 0.0175522 0.03354
0 0.452482 0.834556 0.0121464 0.066321
0 0.692909 0.79503 0.0105198 0.04826
0 0.953731 0.849859 0.0218842 0.0423245
0 0.746595 0.782267 0.0078764 0.0475678
0 0.842668 0.766281 0.00846233 0.0445713
0 0.797091 0.77559 0.00718708 0.0480381
0 0.705378 0.788474 0.0111068 0.0514825
0 0.475676 0.854216 0.0161055 0.0299069
0 0.734307 0.782921 0.011542 0.0519894
0 0.724435 0.788386 0.00944881 0.0443787
0 0.939561 0.728993 0.00725594 0.0216431
0 0.973866 0.762068 0.0178562 0.0277395
0 0.718163 0.830862 0.0135063 0.0304803
37 0.198013 0.915761 0.0458598 0.0307454
0 0.00762207 0.748106 0.00887323 0.0174377
0 0.856838 0.829555 0.0137787 0.0338888
0 0.061012 0.738475 0.00507331 0.0213213
0 0.288293 0.726652 0.00508203 0.0221632
0 0.271455 0.731982 0.00653276 0.0161797
0 0.114821 0.981644 0.030948 0.0263994
0 0.354632 0.989167 0.0153114 0.0216666
0 0.904644 0.972298 0.0367258 0.0411784
37 0.0221516 0.938574 0.0443033 0.0293243
0 0.433715 0.914261 0.0249403 0.0373545
0 0.509447 0.731554 0.00680141 0.0131785
0 0.883371 0.98497 0.0435223 0.0289346
0 0.313411 0.710281 0.00556421 0.0150706
0 0.712197 0.831464 0.0257186 0.0314538
0 0.0614049 0.742177 0.00653104 0.0283563
0 0.676529 0.815231 0.0165792 0.0189672
0 0.922037 0.972632 0.0268946 0.0414512
0 0.853069 0.831027 0.021804 0.0370951
8 0.301855 0.714106 0.0294256 0.012816
0 0.576982 0.875817 0.0338466 0.0138604
0 0.996169 0.81149 0.00725021 0.0206545
0 0.437478 0.914029 0.0172034 0.0365021
0 0.402228 0.764018 0.00804882 0.0149577
0 0.140819 0.739364 0.00409217 0.00785997
0 0.440101 0.917562 0.0115459 0.02836
0 0.0625046 0.742384 0.00941694 0.0274385
0 0.392237 0.774645 0.00779238 0.0147186
0 0.393204 0.775739 0.00591908 0.0153459
0 0.39103 0.832844 0.0184672 0.0875887
0 0.946716 0.672274 0.00558262 0.0119905
0 0.434689 0.760752 0.0049633 0.00889316
0 0.894911 0.9758 0.0662029 0.0457225
0 0.103049 0.983021 0.0619572 0.0295959
37 0.102911 0.994088 0.0621951 0.00842455
0 0.00730561 0.980748 0.0145217 0.0159892
0 0.914599 0.971518 0.0106129 0.0407393
37 0.269023 0.738605 0.0110484 0.00732998
0 0.0636873 0.74789 0.0091527 0.0160153
0 0.891293 0.6727 0.00455971 0.00789108
24 0.153369 0.983324 0.0180095 0.0132707
0 0.872591 0.845521 0.0150578 0.015113
37 0.0685712 0.754031 0.0164881 0.00797967
0 0.957963 0.850119 0.0137369 0.037822
37 0.852927 0.847149 0.0259176 0.012399
0 0.771032 0.812588 0.011884 0.0148821
8 0.00962159 0.758114 0.0173463 0.0100093
0 0.435513 0.908366 0.0258139 0.0485182
0 0.738167 0.781422 0.0062685 0.0437347
0 0.135056 0.738814 0.0152993 0.00996942
0 0.312252 0.710356 0.00773573 0.0162276
0 0.269341 0.732684 0.0109872 0.0180696
0 0.86035 0.795011 0.00782738 0.0128767
8 0.00718339 0.756563 0.0133271 0.0116296
0 0.429409 0.913723 0.0337976 0.039719
8 0.981747 0.573309 0.01243 0.00988007
0 0.864589 0.833122 0.0314341 0.0399092
0 0.969631 0.653329 0.00691586 0.0200057
8 0.30194 0.711484 0.0309228 0.0170529
0 0.120394 0.983161 0.0418501 0.0282564
37 0.0100571 0.758765 0.0182886 0.0110999
0 0.130335 0.738412 0.0066771 0.00971985
14 0.254726 0.397858 0.00923886 0.0105521
0 0.85699 0.795542 0.0182503 0.0128947
8 0.0701484 0.749212 0.0118613 0.011261
0 0.00933908 0.979627 0.0185067 0.0205811
0 0.911215 0.975147 0.0492561 0.045028
0 0.952186 0.862043 0.0181683 0.0197842
8 0.289484 0.727682 0.0516982 0.0283946
0 0.859922 0.846118 0.0408886 0.0166721
0 0.157224 0.734178 0.0126959 0.0100606
8 0.302279 0.720148 0.0297107 0.0200894
0 0.858951 0.833132 0.0430668 0.0419315
0 0.400806 0.764866 0.0103822 0.0170622
0 0.970469 0.657179 0.00628166 0.0157788
0 0.823164 0.813363 0.0199184 0.0137316
0 0.775654 0.812864 0.0152466 0.0163484
0 0.577253 0.873131 0.0340422 0.0197739
37 0.575157 0.881694 0.0305562 0.00632765
0 0.819166 0.814191 0.0124781 0.0128618
0 0.440694 0.910728 0.0173236 0.0420178
0 0.394117 0.774946 0.0123671 0.0157688
0 0.0634971 0.742771 0.0256472 0.028834
0 0.109336 0.98335 0.0266816 0.0248525
0 0.936009 0.866694 0.0118385 0.0147549
0 0.89048 0.984953 0.0317621 0.026986
0 0.895426 0.973747 0.0208317 0.0282822
0 0.778392 0.814737 0.0103777 0.0128021
8 0.0634978 0.743043 0.025733 0.0283217
0 0.394371 0.819473 0.0235717 0.113668
0 0.39756 0.767884 0.0210032 0.0226654
37 0.59273 0.91321 0.0577431 0.0135851
0 0.996239 0.803321 0.00708637 0.0373698
0 0.447724 0.829414 0.0054596 0.0521695
0 0.851899 0.844203 0.0229332 0.0141975
0 0.978724 0.672199 0.00756454 0.0137566
24 0.936115 0.866986 0.0120071 0.015076
