0 0.453575 0.834009 0.0133694 0.0669932
0 0.424049 0.895033 0.0162684 0.0813195
0 0.48088 0.832349 0.0126953 0.0628487
0 0.700092 0.794022 0.0096344 0.0431924
0 0.830206 0.834605 0.0171688 0.0339417
0 0.791208 0.777513 0.00956307 0.0471956
0 0.954192 0.743029 0.00859756 0.0443536
0 0.685347 0.798426 0.0103022 0.040832
0 0.799203 0.775904 0.00942411 0.0412333
0 0.993751 0.735424 0.0114223 0.0442222
0 0.147728 0.88626 0.0150254 0.056808
0 0.718508 0.830292 0.0129822 0.0315779
0 0.895456 0.975618 0.0661102 0.0456651
0 0.508542 0.807695 0.00980177 0.0356957
0 0.855397 0.831268 0.0161211 0.0340085
0 0.953834 0.848552 0.0218388 0.0380642
0 0.918664 0.750555 0.0105869 0.0464318
0 0.504381 0.777746 0.00914936 0.0180732
37 0.198638 0.915908 0.0460153 0.0318336
37 0.0221589 0.938511 0.0442887 0.0292904
0 0.843799 0.765431 0.00798111 0.0457228
0 0.756269 0.783315 0.00966911 0.0458588
0 0.327932 0.711407 0.00590954 0.0157734
0 0.975501 0.742308 0.00880928 0.0297012
0 0.935245 0.728031 0.00534954 0.0206404
0 0.78831 0.698815 0.00603104 0.0169081
0 0.768382 0.778758 0.00711136 0.0469871
0 0.00735243 0.750475 0.00815297 0.0169652
0 0.117638 0.983617 0.0354506 0.0267461
0 0.479362 0.780321 0.00724573 0.0188592
0 0.852412 0.832113 0.0217239 0.0361986
0 0.577547 0.874744 0.0333561 0.0160336
0 0.355261 0.989052 0.0139915 0.0218966
0 0.676573 0.815499 0.0164922 0.0189436
0 0.00598276 0.751092 0.0117564 0.0181085
0 0.0062516 0.981289 0.012419 0.0146827
0 0.987988 0.678801 0.00481873 0.0119337
0 0.995797 0.813307 0.00798855 0.0172346
0 0.0557059 0.751909 0.00403448 0.00945333
8 0.0795745 0.747115 0.0225007 0.0243049
0 0.854516 0.768593 0.00820522 0.0387804
0 0.952603 0.858644 0.0207905 0.0262597
37 0.768209 0.778956 0.00763092 0.0470144
0 0.950505 0.860371 0.0162766 0.0217645
0 0.291357 0.734356 0.00976472 0.0094262
0 0.113036 0.982862 0.0270227 0.0245929
0 0.884171 0.979459 0.0442085 0.0378445
37 0.0945893 0.994202 0.0448216 0.00846998
0 0.308045 0.753987 0.00930614 0.0171719
0 0.357876 0.728426 0.00689659 0.0116664
0 0.854206 0.766195 0.0109203 0.043594
0 0.921791 0.973417 0.0282742 0.0413698
0 0.712572 0.830734 0.02649 0.0329492
0 0.974723 0.763595 0.0193327 0.0259072
0 0.109672 0.981604 0.0197758 0.0237583
0 0.980985 0.659091 0.00826855 0.0323678
0 0.978525 0.675939 0.0048851 0.0175369
37 0.296208 0.737458 0.0201504 0.00782064
0 0.131614 0.982771 0.0628655 0.0219028
37 0.911652 0.718771 0.0650372 0.0202532
0 0.980839 0.65486 0.00764561 0.0240342
37 0.851505 0.845407 0.0223537 0.0133077
0 0.309424 0.755039 0.013161 0.0175763
0 0.904265 0.673643 0.00614891 0.010328
0 0.86774 0.765658 0.00544376 0.0244544
0 0.158859 0.741817 0.00921555 0.00881212
0 0.529798 0.741041 0.0045948 0.00908457
0 0.917708 0.972762 0.0191555 0.0400886
0 0.913702 0.973957 0.0361427 0.0418505
14 0.939195 0.251172 0.00618992 0.00677541
0 0.577308 0.870025 0.0343991 0.0259423
37 0.296823 0.738518 0.0220279 0.0106045
0 0.975958 0.748693 0.0137901 0.0213713
0 0.0735026 0.753427 0.0105058 0.0112786
0 0.935842 0.727033 0.00705757 0.0235977
0 0.122705 0.984699 0.0344934 0.0242894
0 0.291327 0.73274 0.0090497 0.0115743
8 0.910696 0.718504 0.0643471 0.0219501
0 0.357466 0.72883 0.0172698 0.0146569
0 0.00914177 0.981175 0.0181664 0.015971
0 0.863025 0.833122 0.0346363 0.0389691
0 0.156514 0.741318 0.0129929 0.0105377
0 0.924489 0.681031 0.00640106 0.0110231
37 0.852706 0.847191 0.0260807 0.0114631
8 0.35877 0.73272 0.0189713 0.0104506
37 0.590642 0.909639 0.0585378 0.0206958
0 0.0752466 0.754587 0.0149207 0.00989143
0 0.00559948 0.755805 0.0111397 0.013542
0 0.773324 0.812489 0.010043 0.01486
37 0.535475 0.741565 0.0162485 0.00916222
8 0.267214 0.397555 0.00573087 0.00951708
37 0.588871 0.912628 0.0546267 0.0144958
37 0.489416 0.862403 0.027448 0.0115106
37 0.103573 0.984541 0.0624001 0.0268616
0 0.880937 0.983341 0.0378941 0.0307865
37 0.843342 0.845656 0.0449516 0.01596
24 0.153619 0.983206 0.018195 0.0134996
0 0.903048 0.973807 0.0496622 0.0421417
0 0.591028 0.907401 0.0595542 0.0246275
0 0.872339 0.845496 0.0145205 0.0153453
0 0.852717 0.84222 0.0543312 0.0249346
0 0.765869 0.699042 0.0055233 0.0195101
0 0.842336 0.833177 0.0421909 0.0381607
37 0.936618 0.867082 0.0125221 0.0155769
0 0.972645 0.669441 0.00426598 0.0125333
0 0.99535 0.808436 0.00882225 0.0283518
0 0.90515 0.677312 0.00776901 0.0170319
0 0.774453 0.812346 0.0182477 0.0160994
8 0.317462 0.716606 0.0273617 0.0109706
0 0.679495 0.801908 0.0227274 0.0458757
0 0.98089 0.663894 0.0109795 0.0409614
37 0.823615 0.785098 0.0391245 0.0177845
0 0.935957 0.866797 0.0114094 0.0157954
0 0.358977 0.730635 0.0199392 0.0149967
37 0.793189 0.82085 0.0234047 0.0059255
0 0.959367 0.848793 0.015551 0.0372248
37 0.0972564 0.986222 0.050876 0.0218068
0 0.951442 0.863276 0.0194885 0.0201636
0 0.765126 0.700145 0.00709763 0.0213823
0 0.778859 0.814202 0.00910358 0.012136
