0 0.452812 0.833383 0.0129778 0.0678123
0 0.74152 0.78475 0.00859604 0.0451552
0 0.704189 0.790835 0.010206 0.0481861
0 0.722478 0.789628 0.00959053 0.0427619
0 0.718524 0.829384 0.0144953 0.0328676
0 0.830544 0.834844 0.0175117 0.0335822
0 0.691383 0.79386 0.0104559 0.0453373
0 0.822912 0.770867 0.0116428 0.0497125
0 0.755611 0.781227 0.00761099 0.0490782
0 0.798042 0.774772 0.00871248 0.0496443
0 0.472445 0.854645 0.0173809 0.0317807
0 0.548056 0.812942 0.010396 0.0441627
0 0.814218 0.781239 0.00524979 0.0319517
0 0.847714 0.764982 0.00939121 0.0481362
0 0.953385 0.849616 0.0222939 0.041628
0 0.842806 0.765283 0.00598183 0.0464845
0 0.52337 0.738207 0.00791836 0.0111128
0 0.855402 0.830431 0.016021 0.0351349
0 0.434756 0.914091 0.0222938 0.0373045
0 0.115299 0.983136 0.0308903 0.0257155
0 0.00810895 0.751541 0.0103332 0.0179437
0 0.792532 0.776781 0.00755577 0.0444736
0 0.276134 0.725998 0.00522971 0.0176812
0 0.974612 0.763376 0.0183689 0.0249963
0 0.957155 0.84765 0.0150642 0.0378696
0 0.883356 0.98539 0.045199 0.0274519
37 0.198684 0.916029 0.0447003 0.031302
0 0.993064 0.744864 0.00985527 0.0403347
8 0.953526 0.723178 0.0428905 0.0151196
0 0.355394 0.989255 0.013827 0.0214908
0 0.89151 0.976278 0.0613337 0.0461246
0 0.903449 0.972711 0.0382246 0.0390337
0 0.319017 0.713587 0.00550003 0.0169405
0 0.140313 0.739521 0.00692821 0.00993822
37 0.0220946 0.938252 0.0441804 0.0290003
0 0.851858 0.831843 0.023613 0.0379318
0 0.435949 0.779352 0.00896091 0.018045
0 0.358167 0.75327 0.00484238 0.0131785
37 0.00945887 0.760756 0.0181341 0.00636342
0 0.776117 0.696065 0.00629034 0.0121047
0 0.0669418 0.737836 0.0055395 0.0131114
0 0.796303 0.77492 0.0124386 0.0493974
37 0.0954667 0.993931 0.0457292 0.00859748
0 0.995564 0.813552 0.00846138 0.0159919
0 0.991662 0.744145 0.00772686 0.0373401
0 0.910173 0.973617 0.0489491 0.0416728
0 0.00538272 0.978206 0.0107096 0.0209217
0 0.550612 0.815003 0.00705614 0.038405
0 0.0691305 0.743458 0.00986946 0.0246262
0 0.357802 0.75487 0.00496893 0.0154056
0 0.793019 0.697722 0.00568295 0.0166267
0 0.0675106 0.740867 0.00654805 0.0200158
0 0.881841 0.682742 0.00591431 0.0190657
0 0.0705111 0.746653 0.00714788 0.0184596
0 0.11035 0.98078 0.0211326 0.0225477
0 0.434083 0.778689 0.00788889 0.018986
0 0.995346 0.744605 0.00866356 0.0411665
0 0.982471 0.661931 0.00984001 0.0299921
0 0.922264 0.973682 0.0262901 0.0414737
0 0.996573 0.744718 0.00606956 0.0400319
16 0.676258 0.815538 0.0158367 0.0196767
0 0.936647 0.727906 0.00716629 0.0185864
0 0.103012 0.984309 0.0593314 0.0266951
0 0.89789 0.683515 0.00321579 0.0128332
0 0.770169 0.812763 0.0157925 0.0163581
0 0.885222 0.979975 0.0492065 0.0383945
37 0.189452 0.734882 0.0108685 0.00932905
0 0.982715 0.657847 0.00908928 0.0247799
0 0.576935 0.875976 0.031647 0.0136268
0 0.359293 0.758839 0.0079195 0.011756
0 0.675648 0.815793 0.0152634 0.0199076
0 0.902118 0.979068 0.0331245 0.0269524
0 0.120638 0.985281 0.0382152 0.0227658
0 0.948917 0.850593 0.0305721 0.044751
37 0.576648 0.875571 0.0311556 0.0135
0 0.923126 0.683984 0.00678711 0.0141179
0 0.945341 0.72473 0.0246149 0.0141912
0 0.772777 0.813085 0.0215112 0.0176032
0 0.189447 0.734721 0.0110327 0.00905287
0 0.87222 0.845604 0.0138889 0.0155511
8 0.303514 0.717555 0.0198453 0.0101695
0 0.94978 0.859808 0.0147896 0.0217085
0 0.391228 0.833328 0.0174043 0.0863446
0 0.948057 0.858411 0.0310768 0.0305959
0 0.00909313 0.977735 0.018034 0.0235385
8 0.144847 0.740083 0.0228125 0.0106788
0 0.292992 0.727065 0.00730419 0.00872565
0 0.967159 0.674523 0.00422478 0.0179699
0 0.973587 0.665464 0.00641937 0.0380793
0 0.125981 0.986325 0.0255983 0.0214922
0 0.0560816 0.752222 0.0040579 0.00831638
0 0.587451 0.90827 0.0517287 0.0235447
0 0.0047945 0.971667 0.00955474 0.0332001
0 0.776226 0.698337 0.00684605 0.0169227
0 0.918456 0.980588 0.0320717 0.0265064
0 0.790832 0.776848 0.00877991 0.0443344
14 0.374169 0.314286 0.00736065 0.00593787
24 0.153379 0.98337 0.0178464 0.0128487
0 0.779256 0.816154 0.00834522 0.0110033
0 0.390768 0.801761 0.0111454 0.0205397
0 0.38904 0.800278 0.0100261 0.020676
0 0.936796 0.730239 0.00817394 0.0206923
0 0.946366 0.863817 0.0306707 0.020717
0 0.00790967 0.748538 0.0110629 0.023725
14 0.260511 0.397926 0.00609264 0.00993076
37 0.851868 0.846809 0.0252468 0.011575
0 0.901499 0.982719 0.0715385 0.0327955
0 0.794128 0.698069 0.00763283 0.0173781
0 0.140273 0.74062 0.0151894 0.0110842
0 0.839649 0.834121 0.0360641 0.0358734
0 0.988635 0.758706 0.00774021 0.0283963
0 0.973382 0.676163 0.00499153 0.0181415
0 0.995988 0.674992 0.00750942 0.0176692
0 0.896988 0.972719 0.0251957 0.0310754
8 0.292809 0.731802 0.0259128 0.00662299
0 0.924893 0.984139 0.0202595 0.0194373
26 0.936264 0.867274 0.0118824 0.0147983
0 0.863236 0.832249 0.0320259 0.0394896
0 0.00509848 0.961087 0.0101497 0.0578291
0 0.00971497 0.752682 0.0154565 0.0203132
8 0.296312 0.727846 0.0194093 0.00841912
37 0.0572773 0.751723 0.00694354 0.00727403
0 0.54027 0.843623 0.00658398 0.0168939
