0 0.453563 0.834027 0.013353 0.0668477
0 0.42405 0.894897 0.0159467 0.0814445
0 0.48029 0.832401 0.0133999 0.063932
0 0.700258 0.79485 0.00953217 0.041489
0 0.830192 0.834658 0.0173004 0.0338243
0 0.791254 0.776515 0.00824308 0.0476936
0 0.95363 0.742596 0.00838547 0.0426039
0 0.798462 0.776135 0.00919371 0.0413215
0 0.686041 0.797242 0.00996342 0.0416865
0 0.768147 0.779969 0.00814009 0.0497236
0 0.895666 0.975638 0.0665962 0.0456626
0 0.718643 0.830183 0.0131182 0.0317788
0 0.953758 0.848689 0.021977 0.0383065
0 0.508611 0.809067 0.00907507 0.0342685
0 0.855402 0.83133 0.0161839 0.0339261
0 0.503214 0.777451 0.00733061 0.0187283
0 0.144991 0.885408 0.0144421 0.0578332
0 0.755452 0.783035 0.0090517 0.0461385
37 0.198636 0.915929 0.0459209 0.0319065
0 0.788422 0.699633 0.00646896 0.0188132
0 0.918166 0.749351 0.00987091 0.0486415
37 0.0220723 0.938651 0.0441447 0.0294095
0 0.00760984 0.75046 0.00789824 0.0171858
0 0.99424 0.735764 0.0111303 0.0447673
0 0.9352 0.727881 0.00533447 0.0209968
0 0.479982 0.780673 0.00665188 0.0193075
0 0.844361 0.767187 0.008564 0.0428623
0 0.32774 0.711288 0.0058383 0.0156659
0 0.84569 0.768922 0.00872726 0.0394636
0 0.00639581 0.750937 0.011066 0.0182892
0 0.117118 0.983597 0.0343294 0.0266751
0 0.852411 0.832167 0.021793 0.0360799
0 0.291551 0.733732 0.00952845 0.0104563
0 0.978027 0.676066 0.00422993 0.018575
0 0.676459 0.81545 0.0163685 0.0189029
0 0.577545 0.874742 0.0333338 0.0160433
0 0.355256 0.989057 0.0139949 0.0218866
0 0.0062108 0.981284 0.0123359 0.0146881
0 0.97671 0.739523 0.0092638 0.0316932
0 0.05569 0.752319 0.00340674 0.00848253
0 0.995809 0.813324 0.00796471 0.0172082
0 0.98092 0.655029 0.00811005 0.0237057
0 0.95159 0.858867 0.0178886 0.0243791
0 0.988264 0.678843 0.00592003 0.0120105
0 0.75562 0.792196 0.00878086 0.028776
0 0.866736 0.767192 0.00544109 0.0266591
0 0.0710089 0.753595 0.00501964 0.0103355
0 0.112156 0.982775 0.025187 0.0243849
0 0.308821 0.754188 0.00873508 0.0169179
0 0.765692 0.699966 0.00604305 0.0212845
8 0.0801608 0.746987 0.0182492 0.0239173
0 0.884254 0.979453 0.0443634 0.0378198
0 0.30994 0.755173 0.012942 0.0177048
37 0.0947628 0.994235 0.0452733 0.00849135
0 0.14312 0.877771 0.0105304 0.0424934
0 0.855503 0.768548 0.00711708 0.0333815
0 0.989566 0.679751 0.00973053 0.0119928
14 0.877466 0.679362 0.0131813 0.0175351
0 0.712637 0.830556 0.0265409 0.0332442
37 0.767916 0.779392 0.00947094 0.0501587
0 0.92185 0.973433 0.0282078 0.041371
0 0.856889 0.766187 0.00792351 0.0345756
0 0.904249 0.673656 0.00598354 0.0105228
0 0.529774 0.741016 0.0048666 0.00985684
0 0.853579 0.766882 0.00779991 0.031534
8 0.913796 0.718391 0.0629564 0.0207197
37 0.297411 0.737855 0.0215483 0.00684679
0 0.924175 0.681241 0.00584412 0.0106598
37 0.852421 0.846108 0.0247517 0.0126709
37 0.913953 0.719304 0.0629767 0.018752
0 0.974602 0.762967 0.0189648 0.027042
0 0.131649 0.983455 0.063403 0.0260802
14 0.939198 0.251174 0.00616798 0.00675574
0 0.577461 0.870258 0.0338661 0.025335
0 0.91404 0.974068 0.035655 0.041733
0 0.104096 0.984069 0.0632558 0.0278188
37 0.535857 0.741738 0.0165192 0.0100786
0 0.974722 0.768913 0.0186508 0.0156326
0 0.974373 0.750467 0.00940514 0.0129242
0 0.917771 0.972671 0.0189175 0.0397903
0 0.918176 0.728927 0.010898 0.0110189
0 0.905297 0.677399 0.00812264 0.0176185
0 0.122772 0.984677 0.0343328 0.0242628
0 0.00340919 0.756224 0.00674822 0.0123542
37 0.48916 0.862406 0.0279789 0.0116881
0 0.862995 0.833172 0.0347177 0.038903
0 0.358314 0.730062 0.0174652 0.0141466
0 0.00913857 0.981179 0.0181495 0.0159951
0 0.760026 0.781775 0.0181377 0.0468289
0 0.853908 0.770103 0.0100052 0.0364126
8 0.267208 0.397568 0.00570822 0.00953242
0 0.866825 0.769822 0.00672894 0.0320621
8 0.0792305 0.752438 0.0123888 0.0121039
24 0.153632 0.983178 0.0181563 0.0135379
8 0.178719 0.73872 0.0577264 0.015803
8 0.358748 0.731969 0.0185628 0.0112935
37 0.590631 0.909224 0.0584986 0.0215007
0 0.0548015 0.752274 0.00436051 0.00805291
37 0.588818 0.912588 0.0544727 0.0145408
37 0.843386 0.845696 0.0448906 0.0157806
0 0.872342 0.845506 0.0145269 0.0153446
0 0.853931 0.844364 0.0516617 0.0202504
8 0.179241 0.74082 0.0582811 0.0111386
37 0.936608 0.867097 0.0124908 0.0155604
0 0.880731 0.98332 0.0374695 0.0307368
37 0.850834 0.84403 0.0201717 0.0129859
0 0.842336 0.8332 0.0421825 0.0381146
0 0.772741 0.812456 0.00939579 0.0147909
37 0.178558 0.738985 0.057886 0.0133816
8 0.317862 0.71753 0.0265307 0.00926005
0 0.590928 0.907319 0.059284 0.0245558
0 0.679999 0.800869 0.0216423 0.0464388
0 0.995368 0.808363 0.00878067 0.0286346
37 0.200311 0.737527 0.0136858 0.00796
37 0.94541 0.866002 0.029278 0.0170041
0 0.935963 0.866817 0.0114079 0.0157817
37 0.0972838 0.986076 0.0510502 0.0222341
0 0.9595 0.848932 0.0152542 0.0372233
37 0.48235 0.864109 0.015477 0.00953471
