0 0.718612 0.830761 0.0141886 0.0300612
0 0.830612 0.834641 0.0172607 0.0335622
0 0.455817 0.833816 0.0126761 0.0678996
0 0.0109878 0.902992 0.00977762 0.045567
0 0.953367 0.849446 0.0223978 0.0412209
0 0.69724 0.794887 0.009163 0.0509825
0 0.842937 0.766756 0.00851612 0.0478051
0 0.794009 0.775218 0.0117949 0.0498545
0 0.816886 0.772756 0.00858555 0.0447205
0 0.764056 0.783234 0.0109064 0.0425178
0 0.744196 0.784391 0.00811987 0.0463454
0 0.471733 0.833211 0.0160599 0.0621826
0 0.89961 0.75597 0.0101364 0.046691
0 0.865238 0.761026 0.00834141 0.0489258
0 0.754892 0.78046 0.00762615 0.0502463
0 0.521842 0.809955 0.0117056 0.0390795
0 0.836134 0.775416 0.00712585 0.03114
0 0.856341 0.830137 0.0152679 0.0329397
0 0.0694198 0.74171 0.00849791 0.0272461
37 0.0220947 0.939022 0.0441894 0.0276062
0 0.92976 0.752968 0.0109352 0.0422702
0 0.703537 0.793337 0.00804806 0.0436405
0 0.433847 0.913209 0.0234118 0.0383854
0 0.278589 0.729212 0.00716257 0.0170973
0 0.995973 0.809876 0.00762901 0.0240085
0 0.89457 0.976252 0.0656998 0.0455933
0 0.0102268 0.751732 0.00827322 0.0172833
0 0.954069 0.73789 0.010218 0.0309421
0 0.790774 0.698095 0.00663376 0.0183936
0 0.355101 0.988944 0.014572 0.022113
37 0.198798 0.916503 0.0468403 0.0316254
0 0.473674 0.77895 0.00942535 0.023327
0 0.448245 0.780829 0.00674629 0.018336
0 0.330329 0.754681 0.00819206 0.0168272
0 0.883618 0.982261 0.0438465 0.0340675
0 0.676983 0.815906 0.0172586 0.0174164
0 0.906287 0.972986 0.0441111 0.0397973
0 0.540582 0.850409 0.00726728 0.0257451
0 0.195578 0.734161 0.00900698 0.0099745
0 0.680284 0.815533 0.013944 0.0173848
0 0.988567 0.676323 0.00566177 0.0203155
0 0.00694477 0.976043 0.0138102 0.024646
8 0.198588 0.916188 0.0462648 0.0314287
0 0.973303 0.762482 0.0157034 0.0278375
0 0.919008 0.973261 0.0218582 0.0405077
0 0.477248 0.82605 0.00776443 0.0354843
0 0.935074 0.725315 0.00675583 0.023646
0 0.125967 0.985951 0.0275507 0.020541
8 0.149513 0.738807 0.0281264 0.0148436
37 0.100727 0.994295 0.0574633 0.00775842
37 0.105206 0.993294 0.0664192 0.00969001
0 0.00270666 0.976261 0.00535909 0.0234663
0 0.577327 0.875533 0.0325021 0.0135974
0 0.853555 0.831391 0.0213484 0.03636
8 0.322876 0.718851 0.0227902 0.0316171
0 0.769508 0.697538 0.00809765 0.0169734
37 0.53345 0.739924 0.0158316 0.00850728
0 0.39135 0.831794 0.0175163 0.0833683
0 0.119667 0.984589 0.0374765 0.023095
0 0.770196 0.70099 0.0107998 0.0243276
37 0.070593 0.753832 0.0128407 0.00709415
37 0.577036 0.875301 0.0323763 0.0133989
0 0.956408 0.84932 0.016831 0.0386993
37 0.944254 0.761648 0.0236893 0.0150611
0 0.973728 0.754042 0.00552788 0.0117194
0 0.109503 0.980892 0.0187187 0.0228099
0 0.475012 0.832683 0.0112383 0.0603343
8 0.669535 0.570882 0.0153307 0.0080385
37 0.853094 0.84625 0.0262291 0.0135349
0 0.973195 0.673102 0.00683517 0.0203826
0 0.715751 0.831192 0.0201643 0.0307509
8 0.321996 0.727723 0.0210733 0.0122311
37 0.00863432 0.759427 0.0151616 0.00858765
24 0.15341 0.983474 0.0177691 0.0124681
37 0.858423 0.847229 0.0377966 0.012835
0 0.105957 0.98576 0.0674054 0.023684
8 0.979329 0.652928 0.0101559 0.0278351
0 0.852412 0.841945 0.0233644 0.0176329
37 0.944775 0.86695 0.0287226 0.0152805
0 0.77373 0.812986 0.00680161 0.0146752
0 0.449968 0.781729 0.0102777 0.0177126
37 0.0645865 0.752844 0.0264082 0.0092592
0 0.00874687 0.753454 0.0107543 0.0166799
0 0.528267 0.739621 0.00559254 0.00844252
8 0.322422 0.730667 0.0218756 0.00940569
0 0.972354 0.767788 0.0147293 0.0182529
0 0.920308 0.974305 0.029884 0.0425747
37 0.93704 0.867271 0.013269 0.014778
0 0.974841 0.770925 0.0181072 0.0116599
0 0.766994 0.813146 0.00786324 0.0149938
0 0.322187 0.712342 0.00547023 0.019144
37 0.536979 0.790256 0.0524383 0.0173133
0 0.883489 0.684126 0.0060894 0.00979368
0 0.699975 0.794701 0.014723 0.0482068
37 0.285285 0.737603 0.0230998 0.00703532
0 0.864049 0.845188 0.0285707 0.0163145
37 0.064571 0.757106 0.0284483 0.0117581
0 0.537887 0.850572 0.0129246 0.0268114
0 0.97985 0.660271 0.00795193 0.0127642
0 0.862866 0.832573 0.0298119 0.0383287
0 0.773291 0.812766 0.0198621 0.0168126
0 0.771665 0.812412 0.0122932 0.0157057
37 0.790778 0.819994 0.026114 0.00746138
37 0.854479 0.845546 0.0503258 0.0179949
0 0.779041 0.815809 0.00859699 0.0107737
37 0.593627 0.913677 0.0625739 0.0118859
37 0.00916119 0.76085 0.0163207 0.00972782
0 0.540791 0.8542 0.00831909 0.0338409
0 0.952521 0.859592 0.0211889 0.0220954
0 0.109598 0.973417 0.0192562 0.0385059
8 0.324685 0.72869 0.0272327 0.0123433
0 0.0537695 0.751762 0.00458462 0.00637783
37 0.795842 0.817177 0.0379178 0.0115302
0 0.840389 0.834999 0.0372509 0.0340561
37 0.489562 0.862723 0.0307074 0.0124279
37 0.84598 0.845994 0.0418148 0.0154833
8 0.305822 0.717515 0.015843 0.00852153
0 0.897276 0.983829 0.0701204 0.0305057
0 0.871958 0.845397 0.0134634 0.0151766
4 0.906579 0.249241 0.0152813 0.00619058
0 0.467296 0.830381 0.00778875 0.0385974
37 0.577418 0.878977 0.0324856 0.012362
37 0.781271 0.719299 0.048576 0.0156338
37 0.106665 0.985123 0.0693111 0.0261117
37 0.850741 0.844624 0.0209883 0.0133845
