0 0.546126 0.815413 0.0119535 0.0523783
0 0.758928 0.780883 0.0131111 0.0508511
0 0.79707 0.775041 0.00793552 0.0462992
0 0.953767 0.85002 0.0228371 0.0428818
0 0.830516 0.834656 0.0175198 0.0333637
0 0.623863 0.808198 0.0119099 0.0482408
0 0.452866 0.834124 0.0109402 0.0680155
0 0.84259 0.766476 0.00805321 0.045133
0 0.692472 0.795735 0.00992393 0.0474125
0 0.745773 0.783264 0.00761948 0.0481208
0 0.728793 0.786259 0.0096859 0.0490785
0 0.474546 0.855039 0.0169793 0.0281928
0 0.718104 0.830537 0.0150631 0.0316016
0 0.89043 0.975586 0.0578945 0.0454642
0 0.703278 0.791758 0.00946808 0.0470537
0 0.736019 0.787286 0.00829105 0.0437286
0 0.00485781 0.751136 0.00882077 0.0177619
0 0.940391 0.729354 0.00665283 0.0209005
37 0.198916 0.916219 0.0479538 0.0313121
0 0.432416 0.914846 0.0266232 0.0374634
0 0.855074 0.832082 0.0172993 0.0314402
0 0.676553 0.815515 0.0161755 0.017277
0 0.114494 0.981559 0.0318157 0.028163
0 0.355293 0.989241 0.0132893 0.0215181
0 0.0577814 0.735952 0.00488303 0.0153364
0 0.316635 0.7181 0.00491171 0.0181588
0 0.0644913 0.751812 0.00700049 0.0116048
0 0.293142 0.723876 0.00642009 0.0171984
0 0.973039 0.763033 0.0166241 0.0261814
0 0.273602 0.729367 0.00869527 0.0198785
37 0.0223709 0.939249 0.0447418 0.0300595
0 0.852519 0.833193 0.0237953 0.0346032
0 0.902561 0.972976 0.0349958 0.0400591
0 0.714036 0.831023 0.0234146 0.0321808
0 0.883436 0.985626 0.0433399 0.0264431
37 0.852599 0.848893 0.0267937 0.00932905
0 0.396356 0.776916 0.00542669 0.0145779
0 0.39127 0.819538 0.0170689 0.0615529
0 0.577168 0.874476 0.032678 0.0163218
0 0.988591 0.678176 0.00577164 0.0222711
37 0.00562653 0.761307 0.0111671 0.0084493
0 0.996459 0.810784 0.00665627 0.0197569
0 0.274999 0.729331 0.007127 0.0200965
0 0.108001 0.982548 0.0474194 0.0298664
0 0.108608 0.980266 0.0200268 0.0249919
0 0.136495 0.741793 0.0145155 0.00995263
0 0.00549949 0.981373 0.0109069 0.0138546
0 0.0722308 0.750057 0.00603836 0.0093555
37 0.976468 0.771316 0.0151867 0.0102829
0 0.142049 0.742132 0.00478101 0.00869497
0 0.516997 0.732575 0.00674763 0.00960049
8 0.518735 0.737168 0.0151834 0.00960965
0 0.88441 0.979456 0.0455585 0.0372633
0 0.862043 0.834742 0.0341866 0.0368988
0 0.897748 0.681647 0.00382957 0.0150107
0 0.395602 0.777843 0.00699825 0.0164147
37 0.101249 0.99417 0.0592989 0.00925361
8 0.158385 0.565281 0.0645936 0.0155084
0 0.959607 0.850204 0.0111994 0.0387258
0 0.395879 0.767533 0.00932827 0.0331038
0 0.165752 0.738721 0.0181294 0.0107364
0 0.707719 0.786384 0.00536251 0.0151109
37 0.851702 0.845101 0.0259392 0.0148682
0 0.884182 0.989067 0.0410435 0.0193356
0 0.971616 0.753058 0.00769062 0.00760702
8 0.982194 0.664924 0.0341906 0.0441705
37 0.936018 0.866462 0.0114216 0.0146754
0 0.860135 0.795231 0.00577087 0.0127441
0 0.774781 0.812594 0.0104923 0.0148102
37 0.491308 0.865222 0.0222397 0.00772468
37 0.0495569 0.741581 0.0119326 0.00920665
0 0.0666794 0.753627 0.0140916 0.0112142
0 0.850029 0.836917 0.0298269 0.0324656
0 0.744385 0.782892 0.0105375 0.050552
0 0.97864 0.771192 0.0131989 0.010239
0 0.479226 0.855317 0.0282804 0.0278058
37 0.944259 0.865845 0.0277781 0.0158634
37 0.587809 0.913367 0.0514998 0.011706
0 0.978125 0.762752 0.0296995 0.027074
8 0.946703 0.675731 0.0143133 0.0131999
0 0.924151 0.681462 0.00750923 0.00953522
16 0.776219 0.812959 0.0137918 0.0151191
0 0.394985 0.757359 0.00762463 0.0131609
0 0.912562 0.973608 0.0458214 0.0422023
8 0.404104 0.778476 0.0268377 0.012618
37 0.577806 0.882543 0.0328686 0.0087243
0 0.391102 0.832567 0.0176148 0.0885932
8 0.945885 0.675088 0.0112803 0.011318
24 0.153326 0.983619 0.0174917 0.0121328
37 0.13141 0.74754 0.017332 0.00815243
8 0.947912 0.677359 0.0164959 0.0149795
0 0.518231 0.732949 0.0128199 0.0123835
0 0.294386 0.722927 0.00861378 0.0155977
8 0.302502 0.720118 0.018212 0.0106062
0 0.00950911 0.981144 0.0188531 0.0156667
0 0.901782 0.974682 0.0684547 0.0434441
0 0.842637 0.834386 0.0418415 0.0361757
0 0.775979 0.812525 0.0145084 0.0158113
16 0.773902 0.812252 0.00893784 0.0148217
8 0.406481 0.776067 0.0267065 0.0161794
37 0.96074 0.86652 0.054459 0.015154
37 0.102107 0.98311 0.0605185 0.0299416
0 0.990528 0.67864 0.00944901 0.0236771
0 0.963593 0.851038 0.0482397 0.0448985
37 0.967203 0.863288 0.0411484 0.012365
8 0.303027 0.720307 0.0231851 0.0132606
0 0.105536 0.982455 0.0681178 0.0308095
37 0.0677684 0.757351 0.0188078 0.0109389
0 0.771639 0.812842 0.0159822 0.0145528
0 0.00631157 0.979109 0.012511 0.0184269
0 0.871611 0.845365 0.013818 0.0158666
37 0.138788 0.746599 0.0247395 0.0134389
37 0.759875 0.82425 0.011007 0.00605977
0 0.842741 0.766811 0.0120981 0.0458313
37 0.577689 0.878582 0.0327087 0.0136926
37 0.139534 0.749684 0.0239481 0.0097368
0 0.123305 0.98457 0.0331751 0.0236633
8 0.408519 0.766669 0.0391447 0.028398
37 0.575099 0.873738 0.0370334 0.0172285
8 0.302298 0.722966 0.0270872 0.0140103
37 0.974189 0.862557 0.0278568 0.0111803
0 0.731163 0.784331 0.013853 0.0500488
0 0.133519 0.742251 0.0179794 0.0116075
0 0.540599 0.842354 0.00633221 0.015801
16 0.771346 0.812302 0.0152699 0.0158318
37 0.57765 0.88551 0.0329684 0.0119273
0 0.653362 0.827886 0.468862 0.11518
