0 0.452622 0.834011 0.012354 0.0656426
0 0.653886 0.796846 0.0111069 0.0567627
0 0.796276 0.775729 0.00819473 0.0488651
0 0.610581 0.807269 0.011989 0.0573552
0 0.46715 0.829007 0.0116156 0.0569031
0 0.842624 0.766946 0.00864639 0.045638
0 0.718424 0.830286 0.0140919 0.0316325
0 0.55471 0.819298 0.0115858 0.0506622
0 0.831122 0.835311 0.0188179 0.0326155
0 0.390873 0.817148 0.0186494 0.0567407
0 0.442672 0.892401 0.0171473 0.082981
0 0.114293 0.983255 0.0331108 0.0273471
0 0.72961 0.784397 0.00849819 0.0511875
0 0.701474 0.793067 0.0112898 0.0475345
0 0.0182543 0.753412 0.0114749 0.0216125
0 0.683813 0.793755 0.0071516 0.042529
0 0.856515 0.829887 0.01373 0.0328234
37 0.198205 0.916162 0.045117 0.0311442
0 0.973966 0.762171 0.0189381 0.0281323
37 0.0220297 0.938346 0.0440595 0.0321587
0 0.951078 0.849764 0.0283377 0.0385674
0 0.964636 0.748854 0.00864334 0.0364265
0 0.95744 0.848092 0.0150318 0.0348124
0 0.67568 0.81564 0.0158984 0.0187547
0 0.689442 0.795148 0.00759802 0.0456523
0 0.828033 0.695972 0.00469475 0.0164966
0 0.883555 0.979424 0.0451397 0.0394686
0 0.365485 0.775573 0.00682178 0.0141812
0 0.355048 0.989184 0.0148067 0.021631
0 0.484182 0.856167 0.0359676 0.0261329
0 0.935777 0.723834 0.00736504 0.0173872
0 0.475042 0.855953 0.0184551 0.0257377
0 0.853065 0.830602 0.0210144 0.0357568
0 0.948074 0.856874 0.0216892 0.0265152
8 0.437102 0.76235 0.0223575 0.0133091
0 0.0641186 0.740649 0.00835193 0.0189855
0 0.00561421 0.977442 0.0111428 0.0224399
0 0.9071 0.972801 0.0439819 0.0419386
0 0.697685 0.793768 0.0102031 0.0479636
0 0.318246 0.713131 0.00909586 0.0172502
0 0.995894 0.813498 0.00780258 0.0159648
0 0.317869 0.713085 0.00638638 0.0174501
0 0.921335 0.972779 0.0260824 0.0417826
0 0.894148 0.975256 0.0657225 0.0465931
0 0.694058 0.794999 0.00831127 0.0470169
0 0.442938 0.90866 0.0153362 0.0503225
37 0.853207 0.848228 0.0248226 0.00922326
0 0.851079 0.697483 0.00546455 0.0169048
0 0.487409 0.723536 0.00845461 0.014487
0 0.772196 0.813737 0.022574 0.0173201
0 0.691141 0.798125 0.0101143 0.0436005
0 0.320116 0.713179 0.0117303 0.0181681
25 0.978127 0.721137 0.0378094 0.020561
0 0.273311 0.730592 0.0062891 0.0192647
8 0.0220652 0.938421 0.043985 0.0321465
0 0.688814 0.796082 0.010663 0.0460904
37 0.0998001 0.99416 0.0562334 0.00846659
8 0.294419 0.726357 0.0172738 0.00819329
37 0.320281 0.713834 0.0114437 0.0167257
0 0.972403 0.670423 0.00520363 0.0161194
0 0.489707 0.723944 0.0144229 0.0154785
0 0.578031 0.875382 0.0337879 0.0150269
0 0.769335 0.813353 0.016378 0.0175537
0 0.0649048 0.741432 0.0108712 0.0216343
37 0.577821 0.875113 0.0334375 0.014386
0 0.916807 0.972147 0.014978 0.0408205
0 0.101518 0.983576 0.057551 0.0273109
0 0.270518 0.730858 0.0115547 0.0199219
0 0.0621544 0.740769 0.00676395 0.0189151
0 0.292136 0.720666 0.00761204 0.0135066
8 0.978236 0.721404 0.0377825 0.0209164
0 0.984991 0.662475 0.00296288 0.0143182
0 0.17079 0.731189 0.00921731 0.00785658
0 0.77912 0.816757 0.00976162 0.012559
8 0.0655368 0.750911 0.0141097 0.011716
0 0.437028 0.761938 0.0227215 0.0144575
0 0.882078 0.984411 0.0419483 0.0298716
8 0.971452 0.672414 0.0512901 0.0131383
0 0.0653713 0.74989 0.0124887 0.0116862
37 0.852337 0.844987 0.0218231 0.0115395
0 0.166747 0.731474 0.0175781 0.00868768
0 0.827241 0.835482 0.0118896 0.0311488
0 0.4434 0.86999 0.0129312 0.0388228
0 0.942422 0.687176 0.0058651 0.0179359
8 0.0702741 0.749122 0.0242131 0.0138746
0 0.967236 0.748613 0.0138481 0.0370294
0 0.853999 0.684105 0.00711918 0.0125741
37 0.585384 0.913883 0.0478323 0.0114788
8 0.0681564 0.744187 0.0201169 0.0222734
0 0.828526 0.695837 0.0070179 0.0178371
0 0.85299 0.692388 0.00941582 0.0279348
0 0.76822 0.813733 0.0222224 0.018945
24 0.153437 0.983479 0.018463 0.0129676
0 0.978882 0.76211 0.0281395 0.028261
37 0.154354 0.735988 0.0439773 0.0154049
0 0.00588086 0.973618 0.0116135 0.0313785
37 0.9367 0.729046 0.0305902 0.0102292
8 0.294217 0.72865 0.018244 0.0120331
37 0.85994 0.846961 0.0384819 0.0134884
0 0.294817 0.722045 0.0171972 0.0161123
8 0.967531 0.673929 0.0584316 0.0107576
8 0.154544 0.735947 0.0428632 0.0166063
37 0.593479 0.913448 0.0628395 0.0123915
8 0.928023 0.680252 0.0209631 0.00823551
8 0.966971 0.670553 0.0648024 0.017827
0 0.49111 0.725351 0.0175267 0.0165985
8 0.0708457 0.748524 0.0260469 0.0186042
37 0.945473 0.728697 0.0351601 0.0102488
8 0.982498 0.672271 0.0310719 0.0108259
0 0.872567 0.845737 0.0147263 0.0147847
0 0.950689 0.858482 0.0311668 0.0317179
0 0.715345 0.831573 0.0202948 0.0305111
0 0.494464 0.863923 0.0155466 0.00949978
0 0.689542 0.809358 0.0137936 0.0312924
0 0.889184 0.685582 0.00363922 0.0150525
8 0.959434 0.675787 0.0506298 0.00835885
0 0.154637 0.732973 0.0425133 0.0112383
37 0.706664 0.842925 0.0111757 0.00871718
0 0.995755 0.802685 0.00804558 0.0381678
0 0.540439 0.848926 0.00690775 0.0276737
8 0.071291 0.745344 0.0240434 0.0191455
8 0.140685 0.56438 0.0409592 0.0145582
0 0.00903797 0.977577 0.0179662 0.024929
0 0.962839 0.748246 0.007967 0.0370134
37 0.603814 0.913901 0.0425028 0.0112345
8 0.931844 0.730567 0.0202911 0.00830163
8 0.294185 0.72472 0.0173997 0.00954895
0 0.54004 0.845946 0.00590839 0.0224687
8 0.943811 0.729567 0.0436916 0.011043
0 0.130106 0.982535 0.0639984 0.0271267
