0 0.452735 0.833393 0.0124878 0.0675201
0 0.830497 0.834792 0.0176239 0.0336656
0 0.95339 0.85011 0.0224712 0.0431083
0 0.473304 0.852526 0.0212477 0.036342
0 0.718529 0.830317 0.0145769 0.0312093
0 0.755912 0.781305 0.00707455 0.0494392
0 0.704996 0.795281 0.00934897 0.0407255
0 0.813705 0.770773 0.0117935 0.047319
0 0.831015 0.768007 0.00905113 0.0517553
0 0.781223 0.77781 0.00805855 0.0437215
0 0.84296 0.766665 0.00829697 0.0465247
0 0.737993 0.785378 0.00923185 0.0479909
0 0.797115 0.775788 0.00960369 0.0486684
0 0.694826 0.794554 0.00998802 0.0430847
0 0.43477 0.914143 0.0224031 0.0377363
37 0.0222331 0.938116 0.0444036 0.0295263
0 0.55713 0.816053 0.0116649 0.0461941
0 0.066329 0.741829 0.00748593 0.0310062
0 0.855719 0.831669 0.0154293 0.031447
0 0.42434 0.779949 0.00962887 0.0196113
0 0.974436 0.763835 0.0186823 0.0248557
0 0.115552 0.983199 0.0313847 0.0259608
37 0.198851 0.916354 0.0455586 0.0306427
0 0.355381 0.989258 0.0138832 0.0214846
0 0.318508 0.714499 0.0060524 0.0187171
0 0.909333 0.973417 0.0499239 0.0410578
0 0.883232 0.985353 0.044706 0.0270905
0 0.0661098 0.737161 0.00665634 0.0218294
0 0.890659 0.976634 0.0595779 0.0447686
0 0.408801 0.764684 0.00433006 0.00991618
0 0.554313 0.815788 0.0075881 0.0417243
0 0.276188 0.731008 0.00538349 0.0157369
0 0.852044 0.833538 0.024201 0.0353604
0 0.995549 0.813562 0.00849266 0.0159921
0 0.676745 0.815617 0.0172886 0.0193805
0 0.00490591 0.751755 0.00965331 0.0198093
0 0.902509 0.972904 0.0367819 0.038697
0 0.00545602 0.978071 0.0108657 0.0210297
37 0.0940188 0.993941 0.0433252 0.00849643
0 0.796624 0.697612 0.00420151 0.0146109
0 0.952178 0.659699 0.00336876 0.0133801
0 0.961026 0.677079 0.00489349 0.0143322
37 0.0542422 0.755177 0.0113025 0.00542976
0 0.185389 0.734227 0.0123494 0.00885332
0 0.941802 0.724888 0.00610046 0.0190925
0 0.110876 0.981185 0.0220941 0.0231391
0 0.7782 0.698061 0.00612259 0.0169776
0 0.973726 0.673097 0.00534382 0.020784
37 0.273694 0.736535 0.00957336 0.00798679
0 0.921469 0.973743 0.0277147 0.0411892
0 0.00912094 0.97809 0.0181886 0.0223863
0 0.527781 0.735403 0.0170048 0.0103936
0 0.120779 0.98524 0.0387065 0.0228831
0 0.367683 0.756553 0.0106547 0.0122972
0 0.577262 0.876054 0.0322224 0.0136695
37 0.104025 0.988771 0.0631596 0.0180993
0 0.285675 0.726434 0.0064961 0.0112179
0 0.983092 0.66098 0.00732384 0.0227902
8 0.52777 0.735449 0.0169397 0.0108249
14 0.884278 0.68358 0.00619545 0.00820804
0 0.979623 0.662791 0.00525208 0.0221849
0 0.769885 0.812738 0.0149455 0.0159336
0 0.901861 0.979338 0.0331499 0.0261183
37 0.576929 0.875676 0.0317711 0.0135451
0 0.587875 0.908011 0.0525471 0.023711
0 0.87222 0.845572 0.0140411 0.0156213
8 0.970682 0.664095 0.0419249 0.042666
0 0.274366 0.731112 0.00874496 0.0170637
37 0.18529 0.73493 0.0124006 0.00929464
0 0.982863 0.656926 0.00760555 0.0235457
0 0.90168 0.681499 0.00421257 0.0142081
0 0.126052 0.986 0.0265305 0.0221478
0 0.0673899 0.742178 0.0103329 0.0322045
0 0.982365 0.665291 0.0103745 0.0349998
14 0.869671 0.244071 0.0185713 0.00720537
0 0.77285 0.812804 0.0214923 0.0170568
8 0.138124 0.741347 0.0211815 0.0141727
0 0.863199 0.834095 0.0310246 0.0356466
24 0.153413 0.983409 0.0178353 0.0128818
0 0.80048 0.783947 0.00660057 0.0310988
0 0.289937 0.728239 0.0160524 0.00981988
0 0.959118 0.851149 0.0114349 0.0390913
37 0.936351 0.867207 0.0120146 0.0148902
0 0.92222 0.979981 0.0258053 0.0276038
0 0.779391 0.815399 0.00812073 0.0114583
0 0.287819 0.724316 0.014301 0.0109616
37 0.0663848 0.758221 0.0342916 0.0104787
8 0.286645 0.731709 0.0251478 0.0103014
0 0.138785 0.74148 0.0226499 0.0150011
0 0.973986 0.665125 0.00676918 0.0371669
0 0.391268 0.820858 0.0177453 0.0621368
37 0.597316 0.915449 0.0322487 0.00873091
0 0.918596 0.981129 0.0267925 0.0249005
8 0.285713 0.732095 0.0278738 0.0148136
14 0.364796 0.312559 0.0120898 0.00621058
14 0.791744 0.313703 0.0158768 0.00698056
14 0.260542 0.398016 0.00619984 0.010026
0 0.837329 0.834786 0.032011 0.0345371
0 0.105229 0.984724 0.0655643 0.0260607
0 0.927525 0.680961 0.00515862 0.0106853
37 0.942962 0.865514 0.0247269 0.0168854
0 0.924685 0.983043 0.0205051 0.0218445
14 0.791278 0.314904 0.0171197 0.00813166
0 0.953649 0.858464 0.0201206 0.0275947
14 0.135963 0.662145 0.00442948 0.00360684
0 0.903 0.98281 0.0680309 0.0321577
0 0.97262 0.652079 0.00553474 0.0137399
0 0.524742 0.734658 0.0130852 0.0101654
14 0.892149 0.675011 0.00482254 0.00751699
37 0.138744 0.741262 0.0236776 0.0141964
0 0.0671281 0.749889 0.0105477 0.0174205
