0 0.4516 0.834035 0.0138502 0.065878
0 0.425085 0.836098 0.0117374 0.0622626
0 0.796312 0.775595 0.00875912 0.0493293
0 0.60565 0.807256 0.012216 0.0587497
0 0.554714 0.819328 0.00976811 0.0507938
0 0.83088 0.834893 0.0178574 0.0336121
0 0.722395 0.786808 0.0107557 0.0491279
0 0.843233 0.767293 0.0081995 0.0471303
0 0.566221 0.813967 0.0112984 0.0562934
0 0.366464 0.899972 0.0154679 0.0814507
0 0.718014 0.829918 0.0145092 0.0316747
0 0.661253 0.798455 0.00857592 0.0394792
0 0.954226 0.850534 0.021537 0.0401298
0 0.940645 0.749072 0.00913963 0.0429069
0 0.688664 0.794311 0.0108237 0.0449139
0 0.114871 0.983367 0.0324524 0.0255493
37 0.198155 0.915924 0.0455447 0.0313165
0 0.391107 0.832042 0.0180675 0.0855598
0 0.703784 0.791463 0.00946198 0.0479845
0 0.89377 0.975579 0.0636808 0.0453573
0 0.484173 0.857068 0.037489 0.025136
0 0.856019 0.829796 0.0153244 0.033944
0 0.354977 0.989357 0.0137115 0.0212858
0 0.934111 0.728154 0.0066597 0.0244843
37 0.0224949 0.9383 0.0449897 0.0297757
0 0.974735 0.7629 0.0181511 0.0266666
0 0.47552 0.857092 0.0195765 0.0248654
0 0.905404 0.973102 0.0418964 0.0397586
0 0.00610524 0.97726 0.0121352 0.0241659
0 0.35202 0.773293 0.00694704 0.0114159
0 0.0113341 0.754207 0.00928193 0.0155438
0 0.853287 0.830378 0.0202106 0.0362684
0 0.699813 0.79201 0.00824604 0.0474175
0 0.0547841 0.745632 0.00541413 0.017947
0 0.00911235 0.977153 0.0182132 0.0260023
0 0.0724126 0.75077 0.00446669 0.00986464
0 0.883483 0.984422 0.0449444 0.0287777
0 0.972662 0.761989 0.0129805 0.0264981
0 0.577531 0.875683 0.032195 0.0145477
0 0.459275 0.761306 0.00455837 0.0108598
0 0.67709 0.809472 0.0124151 0.0288259
0 0.995963 0.810416 0.00767002 0.0229852
37 0.0165207 0.760007 0.0253256 0.00833367
37 0.097906 0.994169 0.0520115 0.0080897
0 0.856981 0.697646 0.00548935 0.0133937
0 0.314449 0.767706 0.0184711 0.0126695
0 0.282124 0.732431 0.012215 0.0134996
0 0.676159 0.813042 0.014689 0.022369
37 0.314401 0.767858 0.018441 0.0125836
0 0.280434 0.732845 0.00787849 0.0126044
37 0.732218 0.791872 0.0176471 0.00902829
37 0.852801 0.848678 0.0258797 0.00971714
0 0.996104 0.815046 0.00738449 0.0137482
0 0.495457 0.720444 0.00838375 0.0123561
0 0.885958 0.977795 0.0487095 0.0391549
0 0.913501 0.972862 0.0245834 0.0396484
0 0.908466 0.672221 0.00443668 0.0122452
0 0.0163872 0.754961 0.0255302 0.0181281
0 0.056779 0.744454 0.00853364 0.0176702
0 0.950641 0.859894 0.015629 0.0213806
0 0.934553 0.732287 0.00792198 0.0327121
0 0.678768 0.814173 0.0198125 0.0208054
0 0.280747 0.73348 0.0107688 0.0133881
0 0.678784 0.801595 0.00905933 0.0331034
24 0.153387 0.983536 0.0176981 0.012517
8 0.940091 0.673724 0.0245697 0.0125532
0 0.678893 0.797628 0.00705948 0.0213382
0 0.102809 0.98446 0.0609229 0.0267297
0 0.123421 0.740857 0.00509901 0.00697683
0 0.325285 0.721809 0.0135611 0.0136298
0 0.708294 0.804723 0.00722313 0.0172175
0 0.939123 0.748064 0.0118282 0.0466912
0 0.848499 0.697231 0.00494232 0.012778
0 0.448383 0.763668 0.00686741 0.0136495
33 0.391178 0.811807 0.0176354 0.0440965
0 0.284487 0.732706 0.017397 0.0139894
0 0.686552 0.794354 0.0139428 0.0458091
0 0.494606 0.86257 0.0171121 0.0119839
8 0.0596629 0.748027 0.0302968 0.0192512
0 0.855814 0.697253 0.00760403 0.0133735
37 0.588363 0.913259 0.0544444 0.0126453
0 0.996027 0.805003 0.00750923 0.03357
0 0.917815 0.972695 0.0174791 0.0390869
0 0.170975 0.734836 0.0144249 0.00908339
8 0.17067 0.73558 0.0134558 0.0100489
37 0.935044 0.865696 0.0143463 0.0154517
0 0.00921117 0.754639 0.0140911 0.0155101
8 0.496189 0.721972 0.0208649 0.0146322
0 0.324822 0.722724 0.0196124 0.014836
0 0.110381 0.984907 0.0272169 0.0218748
8 0.250227 0.396895 0.00947504 0.0103327
8 0.946428 0.673804 0.0110798 0.0108117
0 0.972696 0.652012 0.0032238 0.00959829
37 0.59257 0.914593 0.042319 0.00919749
0 0.675832 0.805262 0.0150553 0.0380929
37 0.84375 0.846864 0.044738 0.0136054
25 0.391231 0.811875 0.0178535 0.0445323
37 0.173839 0.736352 0.0207112 0.0108293
0 0.496891 0.721029 0.0163612 0.0146345
0 0.856979 0.702502 0.00570908 0.0226408
0 0.908388 0.671778 0.00688858 0.0130403
0 0.902014 0.682478 0.00488415 0.0109802
0 0.0526091 0.745957 0.0183068 0.0199782
0 0.540497 0.850786 0.00758934 0.0265691
0 0.916901 0.974287 0.0371403 0.041235
