0 0.717633 0.787286 0.0101568 0.0496145
0 0.452447 0.833997 0.0125629 0.06706
0 0.74648 0.781424 0.0100626 0.051807
0 0.796641 0.775997 0.00792275 0.047953
0 0.830758 0.834755 0.0176456 0.0333895
0 0.702247 0.79278 0.010218 0.0455238
0 0.953672 0.849952 0.0219347 0.0423223
0 0.692647 0.795301 0.0100229 0.0477756
0 0.614205 0.808983 0.0101071 0.0473699
0 0.54207 0.819687 0.012224 0.056133
0 0.843073 0.765848 0.00823708 0.0437378
0 0.47564 0.853794 0.0157656 0.0304762
0 0.938654 0.72875 0.00797577 0.0208813
0 0.731224 0.786361 0.00972919 0.0463131
0 0.973307 0.762531 0.0173084 0.0272702
0 0.856287 0.829982 0.0141964 0.0322669
0 0.718301 0.830671 0.0131861 0.0310886
0 0.433702 0.914141 0.0251703 0.0375366
0 0.00486772 0.751494 0.00939 0.0191274
0 0.0591929 0.741829 0.00585761 0.0280362
37 0.198209 0.914539 0.0454002 0.0330889
0 0.114556 0.981843 0.0317054 0.0274316
0 0.354816 0.989167 0.0149297 0.0216653
0 0.314402 0.715154 0.0052597 0.0168401
0 0.712222 0.83116 0.0259367 0.0323732
37 0.0222544 0.938784 0.0444653 0.029471
0 0.676377 0.814949 0.0165899 0.0194621
0 0.883531 0.981814 0.0442451 0.0351868
0 0.854352 0.830906 0.019566 0.0338133
8 0.198154 0.913786 0.0454289 0.0347707
0 0.90535 0.972422 0.0369549 0.0412676
0 0.828523 0.69686 0.00643635 0.0165354
0 0.921788 0.972607 0.0271183 0.0414207
0 0.73777 0.792727 0.00740986 0.0326836
8 0.16059 0.565545 0.0712356 0.0164397
8 0.396144 0.770456 0.0205442 0.0300995
0 0.065287 0.751365 0.00593057 0.0135118
8 0.301341 0.721253 0.0269115 0.0194526
0 0.27566 0.729419 0.0057642 0.0166874
0 0.912157 0.973142 0.0464046 0.0428033
0 0.440725 0.917194 0.0105014 0.0289766
0 0.996178 0.811506 0.00722961 0.0207065
0 0.394487 0.776237 0.00766702 0.017552
0 0.895139 0.97617 0.0670088 0.0455173
37 0.0088136 0.760719 0.0176272 0.0076277
8 0.427692 0.75939 0.023727 0.00874736
8 0.0649141 0.746117 0.0231605 0.0315923
37 0.00662881 0.760115 0.0131888 0.00706719
0 0.577001 0.875856 0.0338391 0.0137238
0 0.139264 0.741397 0.00762103 0.0100023
0 0.135371 0.741056 0.0148271 0.0103095
0 0.292419 0.72479 0.00645084 0.0187951
0 0.430922 0.755022 0.00507183 0.00987684
0 0.983927 0.680763 0.00485363 0.0175463
0 0.103466 0.982902 0.0635234 0.0299054
0 0.91478 0.971579 0.010795 0.0406238
8 0.42677 0.757943 0.021752 0.0112103
8 0.0660392 0.756916 0.0197855 0.0131551
8 0.517427 0.733109 0.0155819 0.011478
8 0.294143 0.728329 0.0440479 0.0200562
0 0.293521 0.72543 0.00540018 0.0205926
8 0.069097 0.751188 0.0145972 0.015598
37 0.103309 0.994147 0.06311 0.00866869
0 0.872384 0.845642 0.0147938 0.0157835
0 0.798951 0.695894 0.00539722 0.0133572
0 0.00812626 0.980896 0.0161573 0.0156379
0 0.391087 0.832422 0.0185897 0.0899417
0 0.959534 0.850222 0.0105368 0.0373096
37 0.852917 0.84792 0.0258286 0.0109979
8 0.949191 0.673532 0.017651 0.0129616
0 0.773298 0.812532 0.00724068 0.0147251
8 0.294694 0.723475 0.0446732 0.0277835
8 0.417208 0.75928 0.0449787 0.0121626
0 0.429163 0.754931 0.00986414 0.0119395
0 0.0061925 0.981778 0.0123048 0.0130419
8 0.393501 0.777006 0.0146428 0.0174879
8 0.302207 0.721326 0.029986 0.0261425
8 0.132962 0.741625 0.0205938 0.0117374
8 0.00937217 0.763583 0.0182261 0.0110604
8 0.695734 0.567662 0.0438349 0.0167558
0 0.769841 0.812601 0.0128141 0.0146478
0 0.861342 0.845867 0.0379223 0.016273
8 0.990108 0.680219 0.0193829 0.018419
0 0.971854 0.671401 0.00598145 0.0212772
0 0.0644394 0.744052 0.0169805 0.0321604
0 0.313912 0.71713 0.00668297 0.0197788
37 0.528924 0.826155 0.0157041 0.00729268
37 0.492897 0.863907 0.0190256 0.00882128
0 0.697948 0.793572 0.0171086 0.0488237
24 0.153639 0.983382 0.0172178 0.0126624
8 0.245859 0.559526 0.0951387 0.0232958
0 0.859895 0.795114 0.00836449 0.0130578
8 0.983531 0.663399 0.0325432 0.0476253
0 0.00967707 0.979357 0.0191808 0.0212524
0 0.952177 0.861684 0.0177513 0.0201158
8 0.143187 0.739262 0.0414352 0.0165921
0 0.971961 0.656535 0.00818501 0.0273698
14 0.254657 0.397861 0.00910382 0.0105074
0 0.00668119 0.979178 0.0132662 0.0185642
8 0.426741 0.755606 0.0217797 0.0148617
0 0.864072 0.833606 0.0329546 0.0390978
8 0.964807 0.498652 0.0699469 0.134786
0 0.119285 0.982089 0.0429581 0.0290561
0 0.841367 0.835187 0.0393042 0.0342536
0 0.559323 0.838766 0.00570202 0.0123233
0 0.438315 0.908932 0.0204901 0.0469805
0 0.985865 0.67767 0.00939865 0.01697
0 0.895746 0.974721 0.0210579 0.0284044
0 0.484976 0.853877 0.0369099 0.0311371
0 0.434298 0.907537 0.028575 0.0521359
37 0.575985 0.881364 0.0320107 0.00687544
0 0.48451 0.858552 0.0367139 0.0210376
0 0.159084 0.736555 0.00698302 0.0075843
0 0.890367 0.983512 0.0329281 0.0297216
