0 0.539527 0.820981 0.012294 0.0585485
0 0.609063 0.809468 0.0113811 0.04927
0 0.452514 0.834231 0.0123386 0.0666345
0 0.830758 0.834757 0.0175751 0.0334264
0 0.71144 0.787782 0.00985756 0.0494205
0 0.701593 0.792484 0.0104382 0.0474062
0 0.796985 0.776044 0.00731049 0.0477641
0 0.692629 0.795445 0.00982399 0.0485369
0 0.9537 0.85 0.0220039 0.0424733
0 0.842822 0.766136 0.00859051 0.0441338
0 0.47584 0.854136 0.0157837 0.0294507
0 0.741867 0.784308 0.0119778 0.0474884
37 0.198146 0.91595 0.0454538 0.0305098
0 0.72666 0.78911 0.00822172 0.0444312
0 0.939256 0.728494 0.00717201 0.0212148
0 0.114478 0.982123 0.0321524 0.0272951
0 0.97396 0.762559 0.0183043 0.0268531
0 0.71828 0.830765 0.013623 0.0309136
0 0.059688 0.737656 0.00508319 0.0190436
0 0.00690849 0.748717 0.00657722 0.0180296
0 0.85623 0.830223 0.0144295 0.0328956
0 0.433551 0.914244 0.0250382 0.0372667
0 0.74751 0.784354 0.00755405 0.0427612
0 0.313338 0.712781 0.00628519 0.0158617
0 0.354643 0.989171 0.0152908 0.0216585
0 0.29175 0.726766 0.0061698 0.02034
0 0.904967 0.972321 0.0374472 0.0412069
0 0.712351 0.831253 0.0256754 0.0319141
0 0.732297 0.786954 0.00757008 0.0455909
0 0.80125 0.695776 0.00517392 0.0131065
0 0.883378 0.984798 0.0435291 0.029168
37 0.0222011 0.9388 0.0444022 0.029284
0 0.676483 0.815054 0.0165567 0.0191827
0 0.393642 0.776609 0.00499563 0.0161845
0 0.273687 0.731027 0.00614452 0.016038
0 0.972176 0.655804 0.0092165 0.0252608
0 0.729678 0.787376 0.0112215 0.0459958
0 0.922112 0.972609 0.0267265 0.0413693
0 0.853177 0.830848 0.0204838 0.035073
8 0.293473 0.723763 0.0478876 0.0302473
0 0.996168 0.811514 0.00725307 0.0206326
0 0.00533716 0.751883 0.0104823 0.0159788
0 0.0645681 0.752057 0.00589215 0.0129778
8 0.00656886 0.756805 0.0129919 0.0112681
0 0.57699 0.875851 0.0338573 0.0136983
0 0.392182 0.776048 0.00781817 0.0155897
0 0.0721744 0.751132 0.00606811 0.0117545
0 0.292174 0.724171 0.00727296 0.0246908
0 0.894766 0.97597 0.0662041 0.0454817
0 0.440407 0.917419 0.011025 0.028714
37 0.101269 0.994211 0.058941 0.00843913
0 0.157834 0.735156 0.00998359 0.0078481
8 0.301687 0.723273 0.0308795 0.0254035
0 0.43245 0.756592 0.0050209 0.0112862
0 0.432916 0.757403 0.00897293 0.0120663
0 0.830582 0.695052 0.0057539 0.0123405
0 0.00670241 0.980952 0.01332 0.0153085
0 0.746513 0.782727 0.00797291 0.0478036
0 0.139582 0.739863 0.00727501 0.00886824
0 0.484523 0.854503 0.0344416 0.0296088
37 0.852745 0.848182 0.0256916 0.010239
0 0.394191 0.776004 0.0068532 0.0156203
0 0.872529 0.845544 0.0151997 0.0150896
0 0.135057 0.739503 0.0166664 0.00982022
0 0.914662 0.971444 0.0105328 0.0405189
0 0.102411 0.983216 0.0604652 0.029582
0 0.511451 0.731584 0.00642214 0.0099511
8 0.302746 0.718014 0.0239876 0.0125756
0 0.514999 0.731913 0.0127005 0.0110986
0 0.958936 0.850364 0.0117702 0.0382012
0 0.771271 0.812549 0.0113976 0.0149401
0 0.984288 0.680825 0.0052433 0.0182705
0 0.860011 0.794934 0.00794106 0.0130071
0 0.130267 0.739249 0.00519075 0.00874108
0 0.434754 0.908437 0.0272553 0.048761
24 0.153555 0.9833 0.0176148 0.0128832
8 0.162635 0.566257 0.0760792 0.0196545
0 0.393521 0.776867 0.00913892 0.0168881
0 0.397907 0.759703 0.00773039 0.00934364
8 0.514705 0.733024 0.0135371 0.00891385
8 0.295026 0.718629 0.0444141 0.0240748
0 0.275187 0.730799 0.00803194 0.0165444
8 0.303059 0.722921 0.0283984 0.0192724
0 0.157201 0.736208 0.0125819 0.00823517
0 0.13055 0.737418 0.00469246 0.00981547
8 0.0698212 0.753433 0.011537 0.0120285
8 0.96433 0.662834 0.0457615 0.0321821
0 0.864093 0.83359 0.0326073 0.0389225
8 0.694944 0.568596 0.0541784 0.0157298
0 0.859873 0.84604 0.0409981 0.0168198
8 0.430019 0.759611 0.0157961 0.010734
0 0.00935896 0.981148 0.0185306 0.0166334
0 0.737286 0.783349 0.0186172 0.0525421
8 0.969672 0.66305 0.033292 0.0235194
37 0.575898 0.881778 0.0321045 0.00624695
0 0.948643 0.672738 0.0124548 0.0102153
8 0.0626353 0.747625 0.0265044 0.0255134
37 0.144496 0.739889 0.0449019 0.0122533
0 0.974148 0.658861 0.0134445 0.0313933
37 0.492805 0.863869 0.0194577 0.00909441
0 0.911085 0.975194 0.0494858 0.0451972
0 0.952184 0.86168 0.0176657 0.0205346
0 0.983319 0.673735 0.00642281 0.0103031
8 0.523223 0.732709 0.0312717 0.0108019
8 0.144866 0.738943 0.0432928 0.0150499
37 0.590505 0.910656 0.0579273 0.0180094
37 0.846058 0.846701 0.0402592 0.0133542
37 0.851772 0.844813 0.0225361 0.0134386
37 0.592373 0.913214 0.0557791 0.013364
37 0.157227 0.737796 0.0220186 0.00780504
0 0.391102 0.832715 0.0183515 0.0877238
0 0.857086 0.795337 0.0180588 0.0128326
0 0.774399 0.812863 0.0173872 0.0164546
8 0.963768 0.671736 0.0436836 0.0143869
0 0.857643 0.833454 0.0453466 0.041164
0 0.842731 0.835207 0.0420139 0.034314
0 0.996233 0.803972 0.00709858 0.0360257
8 0.976173 0.658917 0.0181097 0.0306777
8 0.964441 0.49815 0.0706932 0.134231
0 0.779251 0.815952 0.00859985 0.0107157
14 0.254628 0.397837 0.00895309 0.0104492
0 0.935969 0.86675 0.0117645 0.0147763
37 0.0561486 0.741865 0.0131713 0.0104901
0 0.57724 0.873161 0.034004 0.019617
0 0.895611 0.97387 0.0205433 0.0282003
0 0.559286 0.838858 0.00552769 0.0115606
