0 0.650643 0.797216 0.010783 0.0580377
0 0.796367 0.775657 0.00824261 0.0490597
0 0.452096 0.834104 0.0110693 0.0658139
0 0.607567 0.807606 0.0108395 0.0566177
0 0.465031 0.828229 0.0129198 0.0571923
0 0.842828 0.767121 0.00864964 0.0466405
0 0.71837 0.830182 0.0140503 0.0317547
0 0.554786 0.818979 0.0107167 0.0499832
0 0.390992 0.817379 0.0183253 0.0568353
0 0.831266 0.835223 0.018811 0.0330244
0 0.442194 0.89341 0.0162131 0.0808714
0 0.114296 0.983274 0.0330722 0.0274197
0 0.728766 0.785376 0.0086853 0.0519223
0 0.701247 0.793495 0.0115046 0.0471327
0 0.0183671 0.753517 0.0111073 0.0215232
37 0.198078 0.916125 0.0452123 0.0310508
0 0.688799 0.794522 0.0084671 0.0460512
0 0.856498 0.829896 0.0137154 0.0327932
0 0.682068 0.788067 0.00753002 0.0338153
0 0.674869 0.815656 0.0141661 0.0187481
0 0.950338 0.849802 0.0291328 0.0387714
0 0.974139 0.762868 0.0188923 0.0268205
0 0.694875 0.794624 0.00769215 0.0482347
0 0.957145 0.848247 0.0156963 0.0355547
0 0.31949 0.713545 0.00916624 0.0175429
0 0.483914 0.8563 0.0366554 0.0261336
0 0.364549 0.775126 0.00795631 0.0172655
0 0.936266 0.724096 0.00675602 0.016448
0 0.355004 0.989184 0.0149039 0.0216323
0 0.883552 0.979298 0.0450447 0.0395923
0 0.475282 0.856156 0.0189553 0.0256619
0 0.853053 0.830581 0.020993 0.0356228
0 0.00558862 0.977773 0.0111023 0.0215881
0 0.906829 0.97278 0.0434345 0.0417662
37 0.0221202 0.938108 0.0442404 0.0328244
0 0.893847 0.975318 0.0650833 0.0465956
0 0.698702 0.79306 0.0110331 0.0478356
0 0.488253 0.723331 0.00750637 0.0117911
0 0.963005 0.748627 0.00699348 0.0352468
37 0.853199 0.848214 0.0248402 0.00920003
8 0.437995 0.762028 0.0243868 0.0142481
0 0.442059 0.909396 0.0155406 0.0484428
0 0.995896 0.813501 0.00779762 0.0159598
0 0.061752 0.739725 0.0068725 0.0187205
0 0.683675 0.793574 0.00970345 0.0446913
0 0.77267 0.813851 0.0218319 0.0169427
0 0.0634036 0.740805 0.00978885 0.0213569
0 0.920261 0.972783 0.0239388 0.0416273
8 0.0220676 0.937926 0.0440974 0.0328352
0 0.973907 0.762286 0.0117657 0.0267534
37 0.0990929 0.994187 0.0547132 0.00845608
8 0.294193 0.726365 0.0172378 0.00800747
0 0.828192 0.696197 0.00696793 0.0156861
0 0.578074 0.875379 0.0337561 0.0150686
0 0.851654 0.697171 0.00502014 0.0174516
0 0.273758 0.729401 0.00552931 0.0211421
37 0.577856 0.875117 0.0334646 0.0144541
0 0.947747 0.858466 0.0232944 0.0230574
0 0.442484 0.872384 0.0142756 0.0386285
0 0.916472 0.972159 0.0143341 0.0407542
0 0.101537 0.983612 0.0575611 0.0274073
0 0.67759 0.815367 0.019615 0.0199192
0 0.0644069 0.749132 0.0122303 0.0137216
37 0.852488 0.845225 0.0222511 0.0113634
0 0.769412 0.813349 0.0152653 0.0171356
8 0.156032 0.735269 0.0469336 0.0190489
37 0.853258 0.841097 0.0231434 0.0159997
0 0.938801 0.686167 0.00675488 0.024522
0 0.779108 0.816745 0.0097147 0.0125059
0 0.972987 0.671235 0.00541744 0.0165837
0 0.827572 0.834923 0.012607 0.0323208
0 0.882013 0.984552 0.0417618 0.0295132
0 0.0644694 0.741996 0.0129576 0.0249291
8 0.0672113 0.743277 0.0194749 0.0254323
37 0.585405 0.913932 0.0477258 0.0114527
8 0.0647341 0.750177 0.0143992 0.0136464
37 0.381057 0.853206 0.0346592 0.012832
8 0.350243 0.774663 0.0373748 0.0185209
0 0.171499 0.731182 0.00816147 0.0101559
0 0.00916468 0.978033 0.0182713 0.0235796
0 0.8544 0.682901 0.00604172 0.00851161
24 0.153434 0.983484 0.0184566 0.0129652
8 0.064283 0.747617 0.0137334 0.0166584
8 0.437952 0.765308 0.0253104 0.0164141
0 0.996157 0.67269 0.004842 0.015535
0 0.768837 0.814384 0.0237602 0.0184272
37 0.857763 0.84719 0.0341385 0.012767
0 0.853435 0.692872 0.00857716 0.0272863
37 0.248306 0.858306 0.0362017 0.0186011
37 0.593481 0.913491 0.0626534 0.0122804
0 0.540485 0.849255 0.00697918 0.0272871
37 0.706903 0.842919 0.0101601 0.00871006
0 0.494252 0.86373 0.015871 0.0100915
8 0.067597 0.749268 0.0198339 0.0145962
0 0.872566 0.845747 0.0147062 0.0147617
8 0.926514 0.680984 0.0217329 0.00833011
37 0.932971 0.728462 0.0163658 0.00895047
8 0.14332 0.566495 0.0370564 0.013658
0 0.978666 0.762882 0.0278759 0.0267493
37 0.968677 0.722157 0.0626465 0.0190889
37 0.603629 0.914005 0.0428477 0.0110162
0 0.348977 0.774377 0.0345271 0.0172877
8 0.294019 0.728623 0.0183674 0.0125227
0 0.270604 0.730375 0.0106368 0.0189987
37 0.979652 0.721966 0.0403507 0.0186003
0 0.715199 0.833939 0.0201262 0.0256724
0 0.995753 0.8026 0.00804863 0.0384423
8 0.927596 0.679789 0.0244766 0.0118768
0 0.24863 0.858404 0.0356008 0.0183153
14 0.779079 0.239758 0.00396042 0.00408393
37 0.960226 0.862586 0.0538254 0.0196515
0 0.00595607 0.973587 0.0117793 0.0313204
0 0.782129 0.814328 0.0153873 0.0158312
0 0.775353 0.813421 0.0315271 0.0190425
0 0.114696 0.975337 0.0337512 0.0430522
