0 0.453157 0.833679 0.0124067 0.0682109
0 0.208379 0.874086 0.0144602 0.0538337
0 0.481689 0.830887 0.0141652 0.0650889
0 0.697632 0.794253 0.00847082 0.0481622
0 0.867508 0.762608 0.00893173 0.0438921
0 0.953379 0.848948 0.022464 0.0426359
0 0.813966 0.774055 0.00846787 0.0401308
0 0.516613 0.778453 0.00865231 0.0242544
0 0.843794 0.765247 0.00775776 0.0472687
0 0.941319 0.744947 0.0099865 0.0459544
0 0.716999 0.830291 0.0140074 0.0312561
0 0.787333 0.777303 0.0108852 0.048248
0 0.77715 0.778823 0.00935593 0.0463064
0 0.424515 0.909624 0.0190082 0.0480682
0 0.677571 0.791943 0.00840874 0.0373332
0 0.830332 0.834533 0.0180716 0.0328864
0 0.7656 0.696645 0.00780029 0.0174617
0 0.854943 0.83087 0.0170555 0.0340224
0 0.978937 0.740951 0.0106865 0.0473197
0 0.11513 0.983468 0.0311882 0.0209174
0 0.354918 0.989205 0.0148953 0.0215907
0 0.00880989 0.747255 0.0109122 0.017314
0 0.490613 0.806858 0.0098753 0.036201
0 0.90679 0.973249 0.042561 0.0402725
0 0.908749 0.743377 0.00811691 0.0244575
0 0.822071 0.770139 0.00753136 0.0397776
0 0.888252 0.766222 0.00707855 0.0276981
37 0.198535 0.915624 0.0451705 0.0316503
0 0.426812 0.907117 0.0142401 0.0428019
8 0.965602 0.687095 0.0684639 0.029911
0 0.995625 0.813639 0.00832825 0.0183662
0 0.883465 0.980105 0.0448002 0.0375966
0 0.391341 0.814996 0.0171103 0.0506761
0 0.971131 0.736354 0.00795174 0.039592
0 0.00599705 0.981794 0.0119335 0.0123654
0 0.89467 0.975908 0.0667118 0.0446754
0 0.295873 0.753571 0.00792961 0.0207876
0 0.781979 0.696036 0.00630455 0.0178428
0 0.714522 0.830817 0.0198668 0.0319446
8 0.19884 0.915595 0.0452966 0.0311961
0 0.959129 0.740501 0.00717564 0.031682
0 0.540549 0.849289 0.00707684 0.0262802
37 0.0978451 0.994203 0.0505584 0.00817566
0 0.920371 0.973422 0.0232147 0.0404982
0 0.675333 0.798992 0.01415 0.0520199
37 0.0220117 0.938678 0.0440234 0.030091
0 0.490777 0.781212 0.00757217 0.019907
37 0.102905 0.99289 0.0604303 0.0100857
8 0.295186 0.746802 0.0175194 0.033827
0 0.577653 0.875732 0.0324692 0.0145883
37 0.486709 0.783632 0.0183645 0.0132919
0 0.106083 0.985239 0.0561277 0.0241872
0 0.917733 0.972338 0.0164776 0.0391056
0 0.815724 0.772645 0.01103 0.0406114
0 0.94778 0.85077 0.0331068 0.0460448
25 0.0219521 0.939131 0.0438758 0.0309503
0 0.880665 0.984688 0.0391743 0.0288459
0 0.676057 0.816265 0.0168612 0.0176983
37 0.42325 0.92264 0.0168976 0.0246701
0 0.834003 0.834901 0.0196192 0.0339332
0 0.120003 0.984853 0.0391067 0.0214427
0 0.12031 0.985468 0.0268269 0.0228268
8 0.162554 0.738965 0.0262208 0.0128408
8 0.0220066 0.938695 0.0439548 0.0301592
4 0.559954 0.32035 0.00784235 0.00841713
37 0.68364 0.818947 0.0326878 0.0115629
0 0.0718347 0.747916 0.00445532 0.0097741
8 0.324686 0.714284 0.0227692 0.0155989
0 0.907901 0.975758 0.0551605 0.0437225
8 0.296385 0.736864 0.0121649 0.0127796
0 0.709474 0.831421 0.0302629 0.0327428
37 0.90154 0.763809 0.0475655 0.0140432
0 0.486314 0.781498 0.0173983 0.018473
8 0.295443 0.74141 0.0167381 0.0242201
8 0.367603 0.736155 0.0117216 0.00957303
0 0.816788 0.77102 0.0153784 0.0456492
8 0.164585 0.562436 0.0339468 0.0148547
0 0.00607758 0.979015 0.0119909 0.0183041
8 0.0726208 0.744904 0.0307125 0.0206767
0 0.101683 0.743609 0.00630894 0.0130815
0 0.952023 0.862425 0.0254202 0.0200368
8 0.171714 0.563166 0.0532098 0.0165568
24 0.153426 0.983231 0.0177546 0.013307
0 0.97929 0.64896 0.00577946 0.0145116
0 0.899975 0.974592 0.0291039 0.0351054
0 0.851949 0.833251 0.0272161 0.0378004
0 0.577646 0.872221 0.03354 0.0217075
0 0.906702 0.743898 0.011985 0.0264845
0 0.678307 0.799206 0.0160574 0.0517931
0 0.995304 0.808331 0.00892277 0.029404
37 0.893762 0.767662 0.0227524 0.0165958
8 0.84948 0.835869 0.0601921 0.0379269
0 0.972086 0.667386 0.00701656 0.0184243
37 0.687961 0.820325 0.0260916 0.00876092
37 0.89939 0.76669 0.051578 0.0201043
37 0.587294 0.914826 0.0492233 0.0128184
0 0.384749 0.808997 0.00564575 0.0172611
14 0.913068 0.683543 0.00675793 0.0126341
0 0.202348 0.728445 0.0103425 0.00816583
0 0.87408 0.984959 0.025873 0.0270306
0 0.679554 0.794478 0.0124193 0.0433399
8 0.077021 0.744205 0.0202891 0.0188263
0 0.330943 0.71346 0.00473633 0.0142544
0 0.983347 0.668736 0.00932789 0.0136369
8 0.486619 0.782414 0.0179935 0.0156152
0 0.841147 0.834322 0.0445166 0.0372372
8 0.172221 0.561189 0.0145741 0.0119693
8 0.965383 0.677133 0.0688248 0.0474038
0 0.774382 0.81303 0.019146 0.017982
8 0.173255 0.737647 0.0486253 0.0156592
0 0.983315 0.666508 0.00982246 0.0185596
