0 0.830755 0.834708 0.017382 0.0335195
0 0.452518 0.834358 0.012174 0.0663927
0 0.53836 0.821184 0.0128294 0.0554969
0 0.692842 0.794908 0.0103301 0.0485762
0 0.84283 0.766247 0.00837288 0.044419
0 0.953718 0.849968 0.0219732 0.0424155
0 0.796934 0.775484 0.00720615 0.0481927
0 0.6066 0.809607 0.0107309 0.0479994
0 0.709567 0.788318 0.0115619 0.0483816
0 0.939549 0.728733 0.00752563 0.0214678
0 0.475699 0.85412 0.0160797 0.0294654
37 0.198032 0.915694 0.0456863 0.030976
0 0.974058 0.762286 0.0182514 0.0274124
0 0.738308 0.785547 0.00761833 0.0460476
0 0.0601102 0.738134 0.00546513 0.0203474
0 0.717932 0.83076 0.0132679 0.0306339
0 0.747431 0.784489 0.00715485 0.0414934
0 0.85662 0.829876 0.0140093 0.0332896
0 0.272382 0.732091 0.0055655 0.0139676
0 0.1147 0.981859 0.0308659 0.0265591
0 0.433538 0.914236 0.0250645 0.0373752
0 0.731284 0.787485 0.00865421 0.0452065
0 0.700872 0.79349 0.00784264 0.0419213
0 0.00676988 0.748184 0.00862002 0.0174545
0 0.354623 0.989171 0.015334 0.0216578
0 0.725399 0.787262 0.00781574 0.0425351
37 0.0221832 0.938683 0.0443664 0.0295346
0 0.289879 0.727807 0.00537663 0.018899
0 0.90479 0.972383 0.036887 0.0412337
0 0.746127 0.785243 0.0093689 0.043987
0 0.883382 0.984819 0.043634 0.0292525
0 0.676479 0.815085 0.0165477 0.0189587
0 0.393609 0.776243 0.00604749 0.0169488
0 0.72752 0.787931 0.00990143 0.0438761
0 0.712372 0.831204 0.0251149 0.0315759
8 0.302183 0.71327 0.0298753 0.0281537
0 0.921938 0.972643 0.027013 0.0414151
0 0.0603271 0.742572 0.0065166 0.0289385
0 0.313389 0.709715 0.00607567 0.0191871
8 0.302425 0.717697 0.0298361 0.0181407
0 0.0646538 0.750979 0.00573282 0.0143931
0 0.437568 0.915559 0.0164667 0.0338237
0 0.853519 0.830323 0.0198475 0.0360392
0 0.996175 0.81151 0.00723858 0.0206156
0 0.577033 0.87586 0.033919 0.0137058
0 0.0722662 0.75011 0.00617263 0.0109192
0 0.510268 0.730026 0.00500097 0.0107073
0 0.00587399 0.749003 0.011565 0.0190243
0 0.433177 0.75856 0.00996418 0.0115957
0 0.102095 0.983067 0.0599849 0.0294108
0 0.89521 0.975955 0.0670082 0.0456262
0 0.140719 0.739953 0.00399055 0.00702481
37 0.00734802 0.759212 0.0142199 0.00883399
37 0.101817 0.993849 0.0601345 0.00905253
0 0.00667735 0.980938 0.0132744 0.0153222
8 0.302273 0.721028 0.0305587 0.0216604
8 0.523548 0.730107 0.038936 0.0166999
0 0.872614 0.845575 0.0151318 0.0150794
0 0.914643 0.971534 0.0106207 0.0407025
37 0.852835 0.847681 0.0256485 0.011283
8 0.0696974 0.753809 0.0167722 0.0100481
0 0.769892 0.812611 0.013495 0.0148078
0 0.802734 0.696127 0.00423622 0.0165181
0 0.958931 0.850164 0.0117954 0.0379293
8 0.0071189 0.757994 0.0140956 0.0111013
0 0.43139 0.758971 0.0140924 0.0121379
0 0.484568 0.854407 0.0345201 0.0299622
8 0.284682 0.734397 0.0137175 0.00800442
8 0.0645379 0.74877 0.0276472 0.0226883
0 0.771911 0.812294 0.0100089 0.0150655
24 0.153628 0.983361 0.0174268 0.012755
0 0.434859 0.908442 0.0272696 0.0487
0 0.401227 0.764705 0.00557501 0.0164836
14 0.891167 0.672086 0.00624313 0.00889316
0 0.0623101 0.744116 0.0108257 0.0289096
0 0.859971 0.795022 0.00779648 0.0127884
0 0.699699 0.792669 0.00761852 0.0465675
8 0.521327 0.725176 0.0437001 0.027675
0 0.391193 0.832644 0.0179146 0.0872559
8 0.164506 0.565516 0.0672227 0.0160524
0 0.859872 0.846193 0.0410912 0.0167569
0 0.971686 0.654303 0.00906906 0.0216495
0 0.31243 0.709087 0.00772438 0.0208328
14 0.254688 0.397894 0.00919394 0.0105681
0 0.00934535 0.981135 0.018508 0.0166684
8 0.0631933 0.744396 0.0304567 0.028147
8 0.302069 0.718461 0.0314058 0.0377787
0 0.864149 0.833503 0.0325649 0.0392254
0 0.952263 0.861349 0.0179813 0.0211902
14 0.904009 0.678816 0.00556412 0.0104706
0 0.856948 0.795363 0.0182405 0.0127931
0 0.108264 0.983416 0.0297984 0.0247884
0 0.130265 0.739015 0.0052829 0.00830349
0 0.91126 0.97514 0.049065 0.044852
0 0.537604 0.811775 0.0114689 0.0391156
37 0.575868 0.881785 0.0320282 0.0061932
14 0.905266 0.676411 0.0120541 0.0123385
0 0.135078 0.739488 0.015714 0.00910204
8 0.524431 0.734083 0.0372515 0.0122135
0 0.737341 0.786374 0.00984831 0.0534136
0 0.77469 0.812793 0.0167038 0.0163639
37 0.396825 0.776818 0.0259439 0.0180827
0 0.950082 0.673379 0.0142956 0.00968611
14 0.910511 0.672562 0.00534897 0.010026
8 0.396883 0.770633 0.0233872 0.0279243
8 0.294633 0.71923 0.048729 0.0393838
0 0.890067 0.984708 0.0327454 0.0274648
0 0.779312 0.815948 0.00848074 0.0105126
37 0.528495 0.827162 0.0135429 0.00909305
0 0.935994 0.866763 0.011832 0.0147822
37 0.00922091 0.759546 0.0182178 0.0105492
0 0.895511 0.973875 0.020953 0.0282316
37 0.845742 0.846454 0.0413136 0.0138499
0 0.121958 0.983196 0.0454535 0.0280279
37 0.590741 0.91038 0.058474 0.0186866
0 0.449034 0.832962 0.00801668 0.0623189
37 0.592726 0.912837 0.0579748 0.0143358
8 0.698642 0.568575 0.0489237 0.0146504
0 0.842887 0.835182 0.0424412 0.0343065
8 0.0725688 0.751141 0.0127894 0.0111698
0 0.820172 0.814478 0.0146009 0.01256
0 0.823319 0.813566 0.0202705 0.0135322
37 0.851732 0.845014 0.0226482 0.0130503
0 0.439161 0.908669 0.0193338 0.0473841
