0 0.796798 0.774992 0.00853901 0.0462433
0 0.544738 0.816957 0.0120569 0.051845
0 0.953778 0.850034 0.0228453 0.0428918
0 0.830474 0.834623 0.0175335 0.0331875
0 0.755358 0.781238 0.00966692 0.0504666
0 0.45276 0.833873 0.0110601 0.0676878
0 0.842775 0.76595 0.00759354 0.0437581
0 0.692602 0.795915 0.0100945 0.046976
0 0.745503 0.78266 0.00757008 0.0460758
0 0.70292 0.792009 0.00947514 0.0456682
0 0.475188 0.855063 0.0163916 0.0286251
0 0.621429 0.804386 0.00969906 0.0410146
0 0.718185 0.831443 0.0148678 0.0295283
0 0.725945 0.787405 0.00879974 0.0478153
0 0.890389 0.975872 0.0579239 0.0453223
0 0.735355 0.787717 0.00795822 0.0429189
0 0.43416 0.91469 0.0232977 0.0369017
0 0.0582699 0.737653 0.00435922 0.0157106
0 0.939366 0.729239 0.00757675 0.0208493
0 0.855083 0.831938 0.0171753 0.0314085
0 0.391294 0.819543 0.0171786 0.0616864
0 0.676984 0.815169 0.0170976 0.0180805
0 0.733688 0.787045 0.00949383 0.0454658
0 0.355299 0.989254 0.0132705 0.0214912
37 0.199251 0.91602 0.0483463 0.031886
0 0.972487 0.763045 0.0162092 0.0258477
0 0.0645561 0.75198 0.00639143 0.0112871
0 0.114633 0.981704 0.0320033 0.0279992
0 0.00502589 0.751814 0.00893002 0.0196862
0 0.316207 0.718285 0.00510778 0.0175988
0 0.273843 0.729982 0.00861893 0.0208476
37 0.0222623 0.939396 0.0445245 0.0299613
0 0.852472 0.833049 0.0236462 0.0343899
0 0.987959 0.678497 0.00577126 0.0218135
0 0.902585 0.973112 0.0349777 0.0398156
0 0.577248 0.874398 0.0327905 0.0167026
0 0.293118 0.723878 0.00698533 0.0175859
37 0.8526 0.848743 0.0267296 0.00963542
0 0.0720205 0.749777 0.00556123 0.0114566
0 0.883425 0.984826 0.0437393 0.0280826
0 0.714328 0.831872 0.0228703 0.0303652
0 0.996371 0.810231 0.00683517 0.0209018
0 0.108878 0.980132 0.0202916 0.0247633
0 0.108655 0.982817 0.0464391 0.0293433
0 0.51714 0.733362 0.00972195 0.0106411
37 0.976463 0.7716 0.0151814 0.00994127
8 0.159807 0.565813 0.069206 0.0169154
0 0.395704 0.77678 0.00607443 0.0139926
0 0.00551148 0.981368 0.0109331 0.0142324
0 0.884264 0.979672 0.0457409 0.0375414
37 0.101171 0.994185 0.0590943 0.00927327
0 0.971684 0.755515 0.00980377 0.012204
0 0.136204 0.74196 0.0136066 0.00995619
8 0.00477712 0.758705 0.00935357 0.00845947
8 0.0680997 0.754288 0.0151168 0.0101198
0 0.395564 0.759835 0.00794721 0.0153595
0 0.959445 0.850235 0.0116276 0.0390201
8 0.518054 0.735712 0.0142158 0.00846778
0 0.973146 0.650903 0.00857296 0.0176047
0 0.742882 0.783278 0.0125008 0.0479797
0 0.862512 0.834648 0.0332783 0.0369904
0 0.424904 0.758375 0.00781746 0.0157945
0 0.391719 0.808865 0.0161711 0.0398424
0 0.73992 0.785452 0.0121567 0.0454307
0 0.517702 0.732752 0.0127108 0.0131436
37 0.851747 0.845136 0.0257618 0.0147653
0 0.860094 0.795214 0.00590611 0.0127109
0 0.0628863 0.751744 0.0101613 0.0117154
0 0.972688 0.654188 0.00944481 0.0241969
0 0.897931 0.682548 0.00360031 0.0152018
0 0.773371 0.813009 0.0135935 0.0148582
8 0.301119 0.7232 0.0266611 0.0168459
0 0.623459 0.809798 0.0137156 0.0524604
0 0.977429 0.771545 0.0161163 0.0100715
37 0.936839 0.866613 0.0131016 0.0149907
0 0.422948 0.760844 0.0108651 0.0124213
0 0.165194 0.738346 0.0171079 0.0110708
0 0.884625 0.989496 0.0400703 0.0184852
0 0.849789 0.83688 0.0301472 0.0324061
37 0.944038 0.86585 0.0273094 0.0158468
8 0.41743 0.760264 0.021657 0.0155433
8 0.30143 0.720541 0.0202691 0.0125817
0 0.924922 0.681564 0.00835571 0.0115229
8 0.303149 0.719842 0.0267902 0.0165883
0 0.900968 0.974804 0.0701729 0.0442252
37 0.531616 0.827232 0.0167984 0.00782945
0 0.707317 0.786182 0.0053853 0.0155323
37 0.102234 0.98341 0.0609367 0.0293915
0 0.161675 0.738745 0.0122791 0.00992974
0 0.774403 0.812752 0.0178036 0.0163649
0 0.91698 0.973751 0.036499 0.0417228
0 0.691487 0.796441 0.0159807 0.0493417
0 0.96384 0.851036 0.0478092 0.0449602
24 0.153332 0.983638 0.0174963 0.0121986
0 0.871712 0.845394 0.0138687 0.0159583
0 0.842736 0.834145 0.0420593 0.0364587
8 0.407092 0.778393 0.0292295 0.012483
37 0.493469 0.864933 0.0176296 0.00785014
37 0.587799 0.913419 0.0515485 0.0119368
8 0.00529847 0.756165 0.0101155 0.0136827
0 0.426594 0.757363 0.0042985 0.0167552
0 0.295365 0.719777 0.00983338 0.0102536
0 0.00951516 0.98114 0.0188633 0.0160231
0 0.42038 0.829573 0.0760955 0.0781292
8 0.414957 0.762469 0.0164305 0.0105894
0 0.9902 0.679012 0.00983734 0.0230178
16 0.772142 0.812614 0.0156611 0.0163408
37 0.532196 0.828459 0.0194063 0.00962948
0 0.123437 0.984924 0.032909 0.023073
0 0.855954 0.795299 0.0154533 0.0128964
8 0.0672985 0.756008 0.0175724 0.0141663
0 0.980936 0.762754 0.0345734 0.0267604
37 0.966608 0.863491 0.0424633 0.0128638
0 0.953201 0.863448 0.0228306 0.0177801
0 0.712737 0.838328 0.0247735 0.0186549
0 0.545489 0.810901 0.0100548 0.0380283
0 0.439135 0.914726 0.0136169 0.0344621
0 0.842293 0.765923 0.0109604 0.0440223
8 0.519827 0.736947 0.0204604 0.00775892
37 0.577564 0.881694 0.0323616 0.00829807
8 0.0677336 0.758256 0.0172705 0.0095971
0 0.0065596 0.9792 0.0130077 0.0186167
0 0.108613 0.97538 0.0205026 0.0351813
0 0.314595 0.719324 0.00786667 0.0162109
37 0.982322 0.766713 0.0351036 0.0154536
