0 0.452476 0.834007 0.0122776 0.0671288
0 0.718452 0.78718 0.0096447 0.0494551
0 0.747244 0.781502 0.0113242 0.0513397
0 0.830745 0.834737 0.0176289 0.0334193
0 0.702355 0.792285 0.0102266 0.04658
0 0.796622 0.775856 0.0080595 0.0483517
0 0.953668 0.849943 0.0219452 0.0423184
0 0.615514 0.809376 0.0105705 0.0472646
0 0.542116 0.818533 0.0130374 0.0565667
0 0.692796 0.795247 0.0103596 0.0479531
0 0.843335 0.765721 0.00782547 0.0437826
0 0.47558 0.853841 0.0158609 0.0304198
0 0.938569 0.728707 0.00784988 0.0209117
0 0.731448 0.787272 0.0093092 0.0446859
0 0.00468663 0.751923 0.00913499 0.0185189
0 0.0587272 0.737481 0.00510287 0.0197906
0 0.856017 0.830182 0.014632 0.0324166
0 0.718285 0.830762 0.0132484 0.0308858
37 0.198064 0.914213 0.0463703 0.0338884
0 0.7385 0.793006 0.00711937 0.0320552
0 0.972492 0.762598 0.0153416 0.0268188
0 0.433706 0.914053 0.0252851 0.0376331
0 0.114727 0.981877 0.0318115 0.0267995
0 0.3548 0.989161 0.0149686 0.0216788
0 0.676432 0.814956 0.0165745 0.0193761
37 0.0222392 0.938903 0.0444364 0.0290956
0 0.314685 0.716715 0.00581026 0.0180198
0 0.292509 0.724142 0.00594578 0.0189731
0 0.712237 0.831311 0.0259165 0.0320199
0 0.905394 0.972383 0.0370522 0.041243
0 0.883513 0.982093 0.0441311 0.0345639
0 0.852857 0.830955 0.0207767 0.0349589
8 0.301479 0.722688 0.0243703 0.0183061
0 0.275688 0.728995 0.0059783 0.0154327
0 0.06532 0.751289 0.00497231 0.0132024
0 0.395146 0.776265 0.00654068 0.0163934
8 0.064766 0.751884 0.0268691 0.0165395
0 0.827069 0.696109 0.00564957 0.0147931
0 0.398069 0.759635 0.00453401 0.0095459
0 0.921812 0.972601 0.0270723 0.0414405
0 0.430518 0.755381 0.00507393 0.0101947
8 0.518338 0.733263 0.0150589 0.0114017
8 0.160551 0.565578 0.0711859 0.0157163
8 0.427172 0.759853 0.0264755 0.00835995
0 0.135451 0.740913 0.0146757 0.00968764
0 0.440703 0.917408 0.0104954 0.0287133
0 0.912091 0.973117 0.0465218 0.0428253
37 0.00516807 0.760419 0.0102359 0.00634562
0 0.99617 0.811522 0.00724716 0.0208042
0 0.139348 0.74117 0.00763769 0.00949164
0 0.894954 0.976171 0.0665913 0.0454688
8 0.416063 0.759589 0.0495163 0.0120036
0 0.111435 0.982889 0.0422545 0.0293998
0 0.576984 0.875848 0.03381 0.0136848
8 0.424106 0.758497 0.0309345 0.0108605
0 0.515945 0.732448 0.00927391 0.0108988
37 0.00703412 0.760757 0.0140349 0.00703888
8 0.393663 0.773865 0.014106 0.0222911
8 0.395954 0.770438 0.0195666 0.0301592
0 0.0644337 0.746024 0.0160961 0.025532
0 0.798718 0.695778 0.00621481 0.0139226
37 0.103483 0.994152 0.0633811 0.00862054
8 0.303202 0.720094 0.0296667 0.0239312
0 0.914756 0.971556 0.01078 0.0406135
8 0.948763 0.673881 0.0167757 0.0124
0 0.971712 0.674459 0.00538349 0.0189525
37 0.852788 0.848053 0.0257774 0.0107246
8 0.280998 0.73497 0.016602 0.00625085
8 0.0690813 0.752048 0.0191892 0.014543
0 0.00782274 0.981522 0.015547 0.0143161
0 0.959398 0.850163 0.0108139 0.0373949
0 0.103768 0.983005 0.0643614 0.0297638
0 0.872346 0.845681 0.0147537 0.0158076
8 0.393607 0.777465 0.0135333 0.0162859
8 0.990517 0.680731 0.0186552 0.0179486
8 0.983909 0.664117 0.0317051 0.0489714
8 0.0634469 0.744542 0.0296593 0.0301293
8 0.301567 0.723375 0.032249 0.0257338
0 0.00621168 0.9823 0.0123407 0.0119853
0 0.773404 0.812507 0.00688 0.0147444
8 0.522923 0.732997 0.024703 0.0127048
0 0.431576 0.75466 0.00753202 0.0110992
0 0.983869 0.681332 0.00460281 0.0164156
8 0.396917 0.777097 0.0235498 0.0168871
37 0.0616667 0.750751 0.0342926 0.0174033
8 0.0657979 0.754748 0.0252621 0.0164839
0 0.769653 0.812543 0.0128164 0.014571
8 0.424037 0.760607 0.03498 0.0105526
0 0.394294 0.769545 0.0145653 0.0302063
24 0.153626 0.983383 0.0172492 0.0126651
0 0.859865 0.846016 0.0410759 0.0168659
37 0.144132 0.739775 0.037821 0.0134969
0 0.54203 0.809561 0.0119124 0.0378047
8 0.247165 0.559714 0.0910004 0.0234608
0 0.859715 0.795274 0.00889206 0.0128137
0 0.891527 0.674097 0.00435181 0.0101093
8 0.132291 0.742085 0.02198 0.0114278
37 0.492917 0.863919 0.0191122 0.00883687
0 0.12023 0.982973 0.0427239 0.028243
0 0.315639 0.716996 0.00755095 0.0194977
0 0.391145 0.832512 0.018656 0.0904226
0 0.559345 0.838561 0.00617104 0.0128477
0 0.975283 0.762628 0.0220724 0.0281335
0 0.43408 0.907807 0.0282902 0.0514604
0 0.159335 0.737122 0.00688186 0.00825772
0 0.952134 0.86165 0.0178232 0.0202003
0 0.0082041 0.978926 0.0162629 0.0195852
0 0.842861 0.835079 0.0423061 0.0346288
8 0.986647 0.566016 0.0263426 0.0238044
0 0.893987 0.976222 0.0246849 0.0313307
14 0.254671 0.397848 0.0091239 0.0105057
0 0.737675 0.787845 0.00960236 0.041843
37 0.844212 0.846568 0.0442982 0.0137326
0 0.863986 0.8337 0.0331419 0.0388435
8 0.990557 0.674545 0.0184818 0.0189341
37 0.575937 0.881529 0.0319714 0.00659451
8 0.951701 0.674661 0.0239437 0.0148451
0 0.856161 0.833921 0.0490047 0.0405645
8 0.415926 0.755759 0.0494828 0.0162138
8 0.295294 0.722424 0.0472275 0.0317325
8 0.696582 0.56769 0.0450254 0.0166478
0 0.484506 0.857226 0.0367091 0.0236916
