0 0.453144 0.833497 0.0124648 0.068592
0 0.481032 0.831098 0.0140604 0.0643587
0 0.697674 0.794578 0.00850353 0.047227
0 0.953356 0.848959 0.0223866 0.0426286
0 0.213949 0.872922 0.00992527 0.0565533
0 0.517517 0.778615 0.00941448 0.0249346
0 0.867389 0.758409 0.00833721 0.0372679
0 0.843809 0.765026 0.00757427 0.0470647
0 0.94376 0.746085 0.0090847 0.0440614
0 0.426767 0.908543 0.0156324 0.0461616
0 0.717205 0.830237 0.0129576 0.0312341
0 0.977789 0.742399 0.00857716 0.0486976
0 0.830418 0.834615 0.018228 0.0330532
0 0.855203 0.83078 0.0166367 0.0337891
0 0.777143 0.778864 0.00887566 0.046853
0 0.847141 0.767989 0.00716801 0.042038
0 0.906231 0.972915 0.0411987 0.0397597
0 0.971577 0.736541 0.00750809 0.0388992
0 0.815326 0.774268 0.00831032 0.0434859
0 0.76565 0.696901 0.00790157 0.0171422
0 0.354839 0.989128 0.0148044 0.0217439
0 0.908797 0.742946 0.00802612 0.0239461
0 0.677556 0.791767 0.0076376 0.0372609
0 0.115128 0.983791 0.0313477 0.0200907
0 0.788606 0.778244 0.010957 0.0464915
0 0.845421 0.766468 0.00894585 0.0452167
0 0.957251 0.74061 0.00670853 0.0311635
0 0.0102888 0.746921 0.00811906 0.0174476
8 0.198485 0.915528 0.0450064 0.0314843
0 0.490014 0.804782 0.00762167 0.0377296
0 0.995628 0.813775 0.00832481 0.0180044
0 0.883428 0.981555 0.0441162 0.0347446
0 0.295777 0.754735 0.00748177 0.0212724
0 0.893932 0.975839 0.0646704 0.0449487
0 0.540653 0.849331 0.00690804 0.0260664
0 0.817882 0.773639 0.0137764 0.0463199
0 0.888979 0.766506 0.00702515 0.0312432
0 0.6752 0.798815 0.0144436 0.0522795
8 0.162557 0.73887 0.0262711 0.0133169
0 0.714208 0.83084 0.0206048 0.0320465
0 0.00614028 0.982246 0.0122089 0.011851
0 0.91583 0.972855 0.0209885 0.0391381
8 0.323988 0.713704 0.0262199 0.0259081
8 0.10326 0.745307 0.0253679 0.0149463
8 0.963482 0.686028 0.0725548 0.0310521
0 0.111514 0.985389 0.0425166 0.0236779
8 0.1075 0.7449 0.0166776 0.0140562
8 0.022089 0.938757 0.044178 0.0297835
0 0.779686 0.778349 0.0143134 0.0490468
8 0.0720852 0.745573 0.0285824 0.0169006
25 0.0221175 0.939015 0.0440887 0.0305739
0 0.781757 0.696563 0.00667849 0.0160777
0 0.921738 0.97333 0.0247179 0.0397268
37 0.0220877 0.938955 0.0441754 0.0299622
0 0.391501 0.815074 0.0166951 0.0497511
0 0.5775 0.875727 0.0324184 0.0144414
0 0.947618 0.850825 0.0333046 0.0461867
0 0.833429 0.834607 0.017849 0.0338691
8 0.423359 0.922916 0.0166178 0.0236688
4 0.56203 0.320395 0.00669432 0.00738229
37 0.102637 0.994024 0.0614008 0.00863376
8 0.294504 0.747472 0.0138864 0.0346981
8 0.295391 0.736982 0.0103314 0.0119144
0 0.973542 0.74427 0.0109512 0.0549442
0 0.0586893 0.748988 0.00225116 0.00477414
0 0.675955 0.816023 0.0165317 0.018346
0 0.104219 0.74352 0.0083683 0.0113768
37 0.895081 0.763224 0.0478264 0.0151669
0 0.956748 0.848427 0.0160023 0.0382075
8 0.894006 0.762295 0.0499352 0.0216758
37 0.683698 0.819183 0.0329634 0.0110918
8 0.0763658 0.743218 0.0159582 0.018061
0 0.821858 0.763771 0.00714912 0.0234107
0 0.120284 0.985143 0.0386015 0.0209022
0 0.00829822 0.74858 0.0115858 0.0153134
0 0.0783023 0.74259 0.0104462 0.0165877
8 0.0764516 0.744144 0.0220628 0.020458
0 0.1219 0.986076 0.0216051 0.021346
8 0.489558 0.783314 0.0176485 0.01323
8 0.849213 0.835259 0.0607788 0.0397251
37 0.423033 0.923138 0.0163353 0.023466
8 0.84354 0.835867 0.0456041 0.036982
0 0.293993 0.755881 0.0109324 0.0178006
8 0.0733601 0.746021 0.0279948 0.0230859
0 0.952616 0.860618 0.0225702 0.0224503
8 0.177787 0.733466 0.0573503 0.021445
0 0.677944 0.799332 0.0164468 0.0522137
8 0.952957 0.661258 0.0060318 0.0103395
8 0.292222 0.74665 0.0217381 0.0375088
0 0.88117 0.986473 0.0409962 0.0261066
0 0.294329 0.750805 0.0127202 0.0274862
0 0.979086 0.649104 0.00511932 0.013669
8 0.894598 0.766185 0.0491882 0.020811
0 0.0740221 0.74529 0.0103816 0.0134065
8 0.887401 0.764691 0.0349609 0.0159193
8 0.368579 0.737877 0.013278 0.00901761
0 0.938351 0.724996 0.00482216 0.0178318
8 0.313179 0.722419 0.0489935 0.0465049
8 0.962985 0.673666 0.0732863 0.05707
0 0.969779 0.736956 0.010914 0.0389509
0 0.00622802 0.978897 0.0123045 0.0190121
0 0.85205 0.833196 0.02691 0.0378204
0 0.87485 0.984935 0.0272518 0.0265649
37 0.577411 0.875424 0.0322857 0.0137482
8 0.66451 0.57061 0.052581 0.0112032
8 0.169207 0.564779 0.0585931 0.0190653
8 0.165301 0.562642 0.0416445 0.0146532
24 0.153448 0.983201 0.0177529 0.0131965
0 0.104102 0.986196 0.0634666 0.0231588
0 0.888498 0.765574 0.00990791 0.0195709
8 0.166015 0.561679 0.0312479 0.0128855
0 0.126032 0.988384 0.0265098 0.0163517
0 0.710519 0.83214 0.0273973 0.0337758
8 0.85167 0.846046 0.023852 0.0131527
8 0.331305 0.723758 0.089181 0.0485277
0 0.906116 0.975666 0.0578997 0.0440345
8 0.295427 0.731736 0.0108299 0.0230284
0 0.577524 0.87287 0.0334931 0.020245
26 0.935914 0.867 0.0112635 0.0150033
8 0.199223 0.88675 0.0463188 0.0890791
8 0.172675 0.561078 0.0145726 0.0111579
37 0.6873 0.820203 0.0275631 0.00903354
0 0.84137 0.834635 0.0444157 0.0376529
