0 0.453079 0.833712 0.0118912 0.067569
0 0.830731 0.8345 0.0174551 0.0341102
0 0.706022 0.790721 0.00962639 0.0478365
0 0.808773 0.774321 0.00946655 0.0436062
0 0.795141 0.775488 0.0112398 0.0489326
0 0.46455 0.837575 0.0135351 0.0639965
0 0.883506 0.759398 0.0104286 0.0507404
0 0.694462 0.793462 0.00964317 0.0456706
0 0.718613 0.829762 0.0145937 0.0325012
0 0.744355 0.785165 0.00783539 0.0478851
0 0.754735 0.782246 0.008531 0.0494381
0 0.966422 0.739445 0.0075819 0.0355642
0 0.842856 0.766147 0.00808487 0.0445523
0 0.856191 0.830437 0.0162386 0.0331584
0 0.892608 0.976161 0.0616537 0.0453688
0 0.460578 0.781318 0.00774345 0.0225276
0 0.434783 0.913761 0.0214542 0.0374654
0 0.276569 0.728051 0.00690784 0.0175405
0 0.84993 0.763552 0.0091423 0.0480431
0 0.0712634 0.74218 0.00684676 0.0272736
0 0.954875 0.745599 0.00861092 0.0387845
0 0.531484 0.814482 0.0101954 0.0401208
0 0.00786043 0.748812 0.00983094 0.0178413
37 0.1982 0.915435 0.0456971 0.0316925
0 0.3363 0.756334 0.00865479 0.019873
0 0.956467 0.848641 0.016431 0.0394726
0 0.953355 0.849456 0.0218987 0.040971
0 0.119076 0.983482 0.0378862 0.0244868
0 0.903445 0.97299 0.0389915 0.0391235
0 0.770869 0.69683 0.00641832 0.0164307
37 0.0222076 0.938312 0.0443072 0.028727
0 0.354385 0.989372 0.0154491 0.0212102
0 0.972243 0.762484 0.0143696 0.0280231
0 0.931479 0.728067 0.00629463 0.0225464
0 0.319379 0.714119 0.00622921 0.0244046
0 0.00589434 0.975629 0.0117044 0.0258558
0 0.825827 0.77834 0.00558682 0.0298462
0 0.753114 0.783352 0.0105125 0.0494236
0 0.531593 0.74019 0.0112881 0.00899963
0 0.854058 0.831525 0.0213383 0.0361893
4 0.421901 0.316811 0.0110225 0.00807834
0 0.441055 0.773028 0.00811911 0.0192864
37 0.0976818 0.994332 0.0510954 0.00810276
0 0.0523686 0.752264 0.00540146 0.00793288
0 0.883728 0.985412 0.0445095 0.0272274
16 0.675405 0.815609 0.0156363 0.0201816
0 0.949749 0.858626 0.014204 0.0233977
0 0.897634 0.679412 0.00613556 0.0211947
0 0.192023 0.734146 0.0105097 0.00929176
0 0.788175 0.697494 0.00604515 0.0188782
0 0.879572 0.673394 0.00507622 0.00944689
0 0.106874 0.984524 0.0623133 0.0258218
0 0.714803 0.830337 0.0226673 0.0329125
37 0.00995776 0.757413 0.0161518 0.0112846
0 0.308575 0.729716 0.00562611 0.00856476
0 0.113155 0.981987 0.0265867 0.0235496
0 0.577503 0.875713 0.0330655 0.014091
0 0.675342 0.815878 0.0156921 0.0201752
0 0.995893 0.813904 0.00781193 0.014585
0 0.863885 0.83311 0.0325176 0.0384891
4 0.790767 0.319013 0.00772543 0.00907682
0 0.00943898 0.975867 0.0188664 0.0273743
0 0.884512 0.979585 0.0459143 0.0389404
0 0.142454 0.739393 0.00710249 0.00778198
0 0.972632 0.673346 0.0050499 0.0175447
37 0.577448 0.875445 0.0324183 0.0137149
0 0.155394 0.7399 0.00640597 0.0083591
0 0.983745 0.67933 0.00679855 0.0152639
0 0.9199 0.680764 0.00861053 0.013535
0 0.87273 0.845693 0.014185 0.0144636
0 0.860394 0.837119 0.0387777 0.0331282
0 0.146993 0.740017 0.0216575 0.0100854
0 0.770735 0.812698 0.0129461 0.0149974
0 0.948121 0.850627 0.0316097 0.0448274
0 0.00595157 0.950513 0.011885 0.0789883
37 0.191952 0.734662 0.0118159 0.0102431
0 0.975386 0.762475 0.0209812 0.0280884
0 0.131765 0.983888 0.0637835 0.0215108
0 0.535206 0.740822 0.0187699 0.0102203
37 0.188995 0.735065 0.0169667 0.010241
0 0.946222 0.859401 0.0299988 0.0281043
0 0.879707 0.684433 0.00721321 0.010632
0 0.304213 0.729989 0.00875111 0.00825907
37 0.311962 0.729403 0.023393 0.00841336
33 0.39143 0.812566 0.0169197 0.047482
0 0.773172 0.812267 0.00782414 0.0149312
0 0.443193 0.774397 0.0124899 0.0218957
0 0.533366 0.814519 0.0103005 0.0394408
37 0.937304 0.866961 0.0137896 0.0150987
0 0.461332 0.837202 0.00914917 0.0597912
0 0.0730553 0.742878 0.0112059 0.0264947
0 0.0529772 0.752326 0.00783775 0.00904304
0 0.983211 0.661721 0.00630665 0.017318
0 0.779698 0.816 0.00800533 0.0101929
8 0.313234 0.73233 0.0275913 0.00770806
0 0.860061 0.795558 0.00705872 0.0119019
0 0.00584473 0.96246 0.0116375 0.0524987
0 0.82477 0.778543 0.00666847 0.0301451
37 0.275702 0.737085 0.0121251 0.00722419
0 0.125518 0.985773 0.0280048 0.0214067
0 0.860948 0.845924 0.0381931 0.0157411
24 0.153754 0.98285 0.018762 0.0138234
0 0.391114 0.831454 0.0177742 0.086585
0 0.706136 0.830876 0.0391758 0.033483
37 0.94414 0.865963 0.0263071 0.0169501
0 0.0765844 0.738603 0.00394816 0.0107866
33 0.391029 0.831397 0.0181378 0.0861142
0 0.350053 0.989374 0.0252746 0.0211816
0 0.851843 0.840482 0.0224411 0.0207536
0 0.00190988 0.918782 0.00374334 0.0163842
37 0.306116 0.714958 0.0165896 0.00851
0 0.966012 0.669304 0.00455475 0.00986176
0 0.00379248 0.950549 0.0074875 0.0787555
0 0.530274 0.818036 0.0111282 0.0467538
0 0.774241 0.812885 0.0189947 0.0166392
0 0.312611 0.71848 0.0223914 0.0202196
37 0.444344 0.780911 0.0134315 0.00909203
0 0.984452 0.67913 0.00907269 0.0185006
0 0.93682 0.86662 0.0123196 0.0150536
37 0.853119 0.845244 0.0260153 0.0146862
0 0.00989854 0.750899 0.0145348 0.0197693
0 0.154122 0.983127 0.018625 0.0142924
