0 0.45241 0.83367 0.0127029 0.0673289
0 0.726593 0.789227 0.00852909 0.0428606
0 0.74228 0.78482 0.00883122 0.046934
0 0.755554 0.781274 0.00781708 0.0486208
0 0.796394 0.774988 0.010413 0.0491991
0 0.830658 0.834713 0.0179157 0.0336124
0 0.842573 0.765825 0.00976429 0.046976
0 0.692373 0.794385 0.00998402 0.0456638
0 0.824638 0.77038 0.0111748 0.0500932
0 0.852594 0.763193 0.00977993 0.0514925
0 0.703639 0.791528 0.00990658 0.048036
0 0.547929 0.814212 0.0113863 0.046845
0 0.471536 0.853938 0.0173468 0.033748
0 0.852587 0.831744 0.0229889 0.0356717
0 0.718246 0.830185 0.0137036 0.0320201
0 0.354264 0.756835 0.00736427 0.0199746
0 0.816866 0.779476 0.00597229 0.0313609
0 0.953924 0.848736 0.0217012 0.03933
0 0.00561302 0.977299 0.0111747 0.0236023
0 0.934892 0.7278 0.00570068 0.0208772
0 0.891814 0.976266 0.0619535 0.045983
0 0.00815556 0.750121 0.0108531 0.0174379
0 0.391131 0.813607 0.017612 0.0473473
0 0.274171 0.723998 0.00581441 0.017905
0 0.79219 0.702583 0.00618315 0.0236533
0 0.433511 0.914497 0.0245283 0.0363539
0 0.712503 0.830682 0.026012 0.0330037
0 0.904684 0.97313 0.0402031 0.0402873
37 0.198696 0.916286 0.0468425 0.0317159
0 0.675319 0.817158 0.0152485 0.0189919
0 0.57767 0.875786 0.0324854 0.0148214
0 0.0679502 0.73775 0.00631754 0.0149597
0 0.0715903 0.743817 0.00738275 0.0198888
0 0.354584 0.989278 0.0161682 0.0214442
0 0.109671 0.980636 0.0202013 0.0229835
0 0.114777 0.98141 0.030146 0.0237006
0 0.440406 0.78032 0.00687637 0.015745
0 0.996296 0.677651 0.00699615 0.0208693
37 0.0221389 0.938675 0.0442777 0.0274485
0 0.319791 0.71304 0.00634203 0.01996
0 0.39108 0.828874 0.017965 0.0786129
0 0.774469 0.699098 0.00759792 0.0179304
0 0.951981 0.858963 0.0189474 0.0246894
0 0.855938 0.830705 0.0157841 0.0341546
0 0.141421 0.735085 0.00517502 0.00971341
0 0.934292 0.728889 0.0082777 0.021676
0 0.439368 0.91772 0.0125638 0.0284432
0 0.440754 0.918763 0.01012 0.0252882
0 0.435859 0.776634 0.00689278 0.0131185
0 0.540676 0.84898 0.00692062 0.0293577
0 0.529185 0.738738 0.0132514 0.00948317
14 0.922522 0.681834 0.0073803 0.0127528
0 0.439852 0.779474 0.0102114 0.018062
0 0.109297 0.983911 0.0459477 0.0266198
0 0.971672 0.675022 0.00618744 0.0161716
14 0.996589 0.81375 0.00639877 0.0148593
0 0.97457 0.7637 0.0213419 0.0253754
0 0.922301 0.973732 0.0268894 0.0413954
0 0.88472 0.979653 0.047579 0.0390428
0 0.881711 0.985089 0.0416657 0.0280416
37 0.530534 0.739126 0.016013 0.00936178
0 0.912 0.974765 0.0467754 0.0438616
37 0.103568 0.993372 0.0632977 0.00970561
0 0.119685 0.984747 0.0391569 0.0227712
0 0.996538 0.810914 0.00651207 0.0206945
0 0.476352 0.852481 0.00930767 0.0321988
0 0.188775 0.732372 0.00941939 0.0111565
0 0.895778 0.680587 0.0082262 0.0167642
0 0.882656 0.681158 0.00844593 0.01575
0 0.772111 0.812924 0.0110098 0.0153561
0 0.769905 0.812971 0.0132378 0.0155636
0 0.77695 0.81331 0.0132145 0.0160078
37 0.143414 0.738733 0.0213248 0.00834995
0 0.410692 0.768099 0.00428772 0.0100121
0 0.991474 0.73913 0.0163887 0.043396
0 0.858465 0.833929 0.0389368 0.0396661
0 0.858779 0.841024 0.0383314 0.0251712
0 0.428928 0.917705 0.0203903 0.0311435
0 0.148259 0.738429 0.0127014 0.00691901
0 0.125233 0.985883 0.0280746 0.0203586
14 0.895442 0.680801 0.00894089 0.0180642
37 0.0648941 0.750122 0.0266467 0.0108734
37 0.0987959 0.993715 0.0533903 0.00792169
4 0.390055 0.314694 0.0237911 0.00900116
0 0.881844 0.679566 0.00921593 0.017817
0 0.524357 0.738211 0.00546818 0.00986769
0 0.959941 0.849246 0.0171177 0.0395033
0 0.121833 0.98608 0.0190919 0.0214549
0 0.97992 0.67161 0.00608292 0.0200962
0 0.0554298 0.751893 0.00388881 0.00881076
37 0.9564 0.8657 0.0281773 0.0164096
0 0.707965 0.786001 0.00437527 0.0124644
24 0.153556 0.983422 0.0175428 0.0127614
0 0.984724 0.661987 0.00610847 0.0115987
0 0.10367 0.984466 0.063494 0.0267249
0 0.979634 0.663552 0.005756 0.0159819
0 0.954536 0.860744 0.0245171 0.0256275
8 0.350824 0.561048 0.0275625 0.00956845
8 0.30935 0.713113 0.0281108 0.0216526
14 0.882373 0.681746 0.00846195 0.0186378
0 0.841009 0.832897 0.0440369 0.0369439
0 0.350131 0.989291 0.0260181 0.0213399
0 0.673265 0.818937 0.0192814 0.0239014
0 0.960417 0.850013 0.0362848 0.0426877
37 0.0695521 0.747873 0.015709 0.0137312
0 0.924689 0.981446 0.0220732 0.0253345
0 0.530497 0.738298 0.0167624 0.0113949
0 0.436216 0.778846 0.017954 0.018573
0 0.8253 0.814881 0.0256056 0.0103956
37 0.958196 0.86874 0.0246748 0.0101464
8 0.296643 0.726858 0.0218156 0.0105835
0 0.29164 0.726096 0.0128071 0.00900133
26 0.935908 0.866938 0.0112682 0.0142838
0 0.540941 0.852544 0.00819616 0.0380583
0 0.153532 0.983408 0.0175782 0.013185
0 0.980686 0.669019 0.00562134 0.0193108
8 0.260832 0.397111 0.0052465 0.00845642
