0 0.476565 0.834724 0.0156088 0.0669854
0 0.455241 0.833385 0.012878 0.068437
0 0.718536 0.830705 0.0143224 0.0303202
0 0.830579 0.834635 0.0172827 0.0334937
0 0.696738 0.791962 0.0109568 0.0482863
0 0.769255 0.779951 0.00881329 0.0436039
0 0.0336122 0.903675 0.0113288 0.0521842
0 0.793521 0.775771 0.010614 0.0472263
0 0.843335 0.76651 0.00777988 0.0462001
0 0.744166 0.783799 0.00874805 0.0471054
0 0.953519 0.84948 0.0220613 0.0411546
0 0.517095 0.806292 0.00844879 0.0339908
0 0.856286 0.830253 0.01535 0.0327328
0 0.823261 0.772166 0.00877762 0.0424188
0 0.755895 0.781657 0.00832367 0.0484238
0 0.479208 0.779402 0.00870419 0.022218
0 0.87377 0.758532 0.00934334 0.0468864
0 0.279049 0.729714 0.00778174 0.0166212
37 0.0220997 0.938073 0.0441993 0.0299905
0 0.0694231 0.742695 0.00839722 0.0280516
0 0.453453 0.780369 0.00778513 0.0175737
0 0.996055 0.809861 0.00747223 0.0238681
0 0.83793 0.775605 0.00643597 0.0301232
0 0.949864 0.738083 0.00756607 0.034011
0 0.790949 0.697125 0.00561047 0.0167838
0 0.884035 0.979536 0.0447567 0.0394233
0 0.198267 0.733745 0.0104495 0.0107135
0 0.768487 0.69675 0.008251 0.0140067
0 0.402939 0.748132 0.00792272 0.021086
0 0.89458 0.976258 0.0657988 0.0456458
0 0.326987 0.7513 0.00858898 0.0132151
0 0.00988325 0.749081 0.00633295 0.0158842
0 0.354999 0.988976 0.0147202 0.0220474
0 0.918211 0.754164 0.00676899 0.0368981
8 0.198674 0.915666 0.0462793 0.0321187
0 0.0728191 0.749664 0.00485612 0.0141591
8 0.0222736 0.938238 0.0444413 0.0303682
0 0.434482 0.908798 0.0260225 0.0476112
0 0.917824 0.972796 0.0180994 0.0396706
0 0.972846 0.762724 0.0151848 0.0274112
0 0.908221 0.755443 0.00752373 0.0466434
37 0.198784 0.91609 0.0467802 0.0321347
0 0.00705038 0.97542 0.0140173 0.0260803
0 0.90635 0.973251 0.0439835 0.0405975
0 0.00777978 0.751029 0.0109261 0.013933
0 0.675111 0.815992 0.0141947 0.0182595
8 0.00883871 0.759796 0.0149549 0.00874515
0 0.921133 0.973261 0.027145 0.040568
0 0.326246 0.752392 0.0104849 0.0156915
0 0.16005 0.739904 0.0051693 0.00831587
8 0.410448 0.758758 0.0439471 0.013402
0 0.0532347 0.752775 0.00559738 0.00776672
0 0.911625 0.754551 0.00811043 0.0450402
0 0.146551 0.738627 0.0049336 0.00971442
0 0.853519 0.831468 0.0214684 0.036309
16 0.675033 0.815986 0.0141008 0.018249
0 0.125853 0.985873 0.0271344 0.0203976
8 0.329632 0.731924 0.0194047 0.0074
0 0.679157 0.815755 0.0218019 0.0187166
0 0.438345 0.908089 0.0185007 0.045772
0 0.323169 0.712705 0.00549731 0.0150236
37 0.283626 0.736999 0.017331 0.00933601
37 0.76755 0.711057 0.0228531 0.00912577
0 0.973184 0.675365 0.00663452 0.0163744
0 0.439568 0.912837 0.0157051 0.0369788
37 0.101646 0.994172 0.0597333 0.00802375
0 0.973718 0.753101 0.00510902 0.00924038
0 0.715711 0.831231 0.020255 0.0310072
0 0.934047 0.727418 0.00747051 0.0253727
16 0.43977 0.912703 0.0161115 0.0364766
37 0.457204 0.785208 0.0196707 0.00949741
0 0.920449 0.751227 0.00818462 0.030072
0 0.117853 0.984545 0.0345072 0.0225477
0 0.109575 0.980974 0.0189328 0.0231725
37 0.853028 0.846208 0.0261652 0.0135539
0 0.105818 0.985831 0.0656181 0.0233187
0 0.577066 0.875426 0.0321102 0.0134372
0 0.773391 0.813138 0.00785446 0.0146254
0 0.852474 0.838487 0.0234501 0.0245168
0 0.527701 0.739104 0.00392532 0.00649177
0 0.919661 0.747129 0.00762482 0.0266659
8 0.151188 0.740205 0.02445 0.0119308
0 0.883453 0.683811 0.00475655 0.00909848
0 0.972019 0.769345 0.0143497 0.0153809
37 0.576854 0.875222 0.0322089 0.0132931
37 0.105207 0.986441 0.0665726 0.0230223
37 0.857961 0.847349 0.0370125 0.0124917
37 0.0636356 0.758886 0.0419918 0.00886671
0 0.992466 0.676059 0.00637417 0.0160746
0 0.974703 0.770855 0.0182068 0.0121465
24 0.153435 0.983446 0.0176948 0.0124352
37 0.329881 0.730823 0.0189613 0.00934499
0 0.429796 0.908665 0.0190605 0.0484453
37 0.944715 0.866963 0.0282896 0.0150348
0 0.77077 0.812541 0.0157841 0.0157181
0 0.772883 0.812838 0.0211455 0.0170168
0 0.322573 0.710619 0.00658259 0.0188419
8 0.312228 0.71564 0.0296448 0.0131039
0 0.906848 0.754496 0.00901108 0.047374
37 0.937757 0.867236 0.0146355 0.0149419
37 0.306409 0.716305 0.017016 0.00906982
8 0.328211 0.730814 0.0220899 0.00977563
0 0.540612 0.848709 0.00710421 0.0291762
0 0.906216 0.975954 0.0604702 0.045371
0 0.766945 0.81322 0.00863266 0.0151069
37 0.0681037 0.757171 0.0354555 0.00689409
0 0.751533 0.794307 0.00794811 0.0248525
0 0.949552 0.860724 0.0139996 0.0177595
37 0.85988 0.845871 0.0389633 0.0165917
8 0.306438 0.716038 0.01544 0.00844574
0 0.916933 0.757189 0.00889702 0.0434611
37 0.945778 0.865892 0.0231565 0.012753
8 0.30959 0.714886 0.0236584 0.0112734
0 0.779206 0.815923 0.00826225 0.0103987
0 0.882678 0.985584 0.0420773 0.0279738
0 0.331121 0.730395 0.0149013 0.00948113
0 0.865114 0.84515 0.026136 0.0162788
37 0.76836 0.707128 0.0185387 0.00900947
0 0.00478268 0.973736 0.00949189 0.0293823
14 0.91947 0.678869 0.00831337 0.0106347
0 0.862679 0.832493 0.0294582 0.0380683
37 0.791093 0.820635 0.0246265 0.00638631
0 0.768868 0.701724 0.0114388 0.0139323
0 0.391145 0.832168 0.0181491 0.0872216
37 0.0549189 0.75347 0.0109178 0.00773943
0 0.820738 0.772687 0.0144077 0.0460787
0 0.947657 0.850752 0.0330498 0.0460247
0 0.109642 0.973494 0.0193539 0.0386381
4 0.456846 0.319 0.0136579 0.00642751
0 0.321436 0.711495 0.00978212 0.016363
0 0.540597 0.852555 0.00662403 0.0218821
0 0.839746 0.834986 0.0358953 0.0339556
0 0.871889 0.845385 0.0133055 0.0151767
37 0.451104 0.784883 0.0165396 0.00994907
37 0.593693 0.913206 0.0623779 0.0126168
