0 0.577395 0.812478 0.0145906 0.0579563
0 0.39578 0.896747 0.0200637 0.0834885
0 0.555408 0.819322 0.00983467 0.0510162
0 0.796406 0.775688 0.00885677 0.0489321
0 0.619753 0.803056 0.0130585 0.0592139
0 0.722087 0.78646 0.00969257 0.049645
0 0.436975 0.834507 0.0123306 0.0630032
0 0.830881 0.834899 0.0178654 0.0335456
0 0.452012 0.834233 0.0127453 0.0655582
0 0.843407 0.767235 0.00847092 0.0467811
0 0.666641 0.800025 0.00831203 0.0478333
0 0.718008 0.830112 0.0135044 0.03137
0 0.11461 0.983759 0.0321356 0.0264569
0 0.687918 0.795109 0.0104065 0.0451803
0 0.702019 0.792573 0.0089941 0.0455811
0 0.475727 0.85666 0.0188721 0.0253793
0 0.893911 0.975324 0.062369 0.0446313
0 0.935853 0.728533 0.00857105 0.0271088
0 0.694888 0.794079 0.00852909 0.0446099
0 0.391266 0.812316 0.0177824 0.0444661
0 0.949417 0.747056 0.0084116 0.036459
0 0.355148 0.989339 0.0140025 0.0213216
37 0.198113 0.915631 0.0455427 0.0317361
37 0.0225781 0.938573 0.0451562 0.0301286
0 0.955897 0.848247 0.0185804 0.0348329
0 0.974688 0.76257 0.0181347 0.0270589
0 0.856116 0.830955 0.0147011 0.0327745
0 0.905239 0.97315 0.041091 0.0394145
0 0.0128437 0.751992 0.00784928 0.0168138
0 0.854026 0.699974 0.00720081 0.022261
0 0.852782 0.831383 0.0224915 0.0335775
8 0.0165344 0.75973 0.021642 0.00951691
37 0.0956498 0.994297 0.0472843 0.00816922
0 0.00711229 0.978961 0.0141261 0.0185974
0 0.883609 0.984541 0.0449047 0.0282433
0 0.951356 0.849162 0.0133938 0.0370812
0 0.675847 0.814891 0.0170305 0.0198225
0 0.972456 0.761926 0.0124582 0.0261719
37 0.852825 0.848839 0.0259632 0.00912493
0 0.056475 0.742931 0.00765495 0.0171082
0 0.99597 0.810409 0.00765495 0.0230047
0 0.577372 0.875466 0.0321769 0.014761
0 0.055493 0.745188 0.0108753 0.0218519
0 0.952411 0.85061 0.0215837 0.0394135
0 0.284858 0.728919 0.0046114 0.0116247
0 0.445965 0.762622 0.00932217 0.0134596
0 0.314084 0.768245 0.00599699 0.0119892
0 0.0732996 0.751077 0.00550056 0.0113373
0 0.279242 0.728657 0.00539694 0.0141703
0 0.996124 0.815149 0.00734406 0.0135851
0 0.714833 0.83052 0.0207006 0.0320567
0 0.457647 0.762742 0.00425148 0.0116848
0 0.484744 0.857032 0.0380438 0.0255397
0 0.842133 0.697889 0.0052494 0.0160847
0 0.887784 0.977031 0.0494205 0.0381097
0 0.703804 0.79222 0.0126384 0.046678
0 0.673583 0.800779 0.0199375 0.0473329
37 0.577243 0.87515 0.0318771 0.0143645
24 0.153391 0.983573 0.0176407 0.0125305
37 0.846536 0.847821 0.039035 0.0113786
37 0.588171 0.913381 0.054229 0.0122596
37 0.852098 0.844911 0.0227949 0.0121546
0 0.444801 0.762276 0.00680885 0.0156555
37 0.956226 0.86849 0.0287935 0.0107693
0 0.321577 0.769684 0.0216018 0.0136249
37 0.936499 0.864539 0.0170744 0.0165473
0 0.28012 0.728711 0.00478883 0.0140221
0 0.358055 0.771325 0.00807724 0.0117896
37 0.153362 0.983601 0.0175264 0.0124076
2 0.50628 0.412363 0.0362766 0.0249795
37 0.948468 0.865009 0.0434923 0.0178346
0 0.0100153 0.979104 0.0198527 0.0203644
0 0.31905 0.769194 0.0159501 0.0139757
37 0.956025 0.866916 0.0609367 0.0150204
0 0.102261 0.984826 0.0600064 0.0262302
0 0.480002 0.856769 0.0194633 0.02484
0 0.492215 0.723781 0.012377 0.0113174
37 0.591123 0.914482 0.0452698 0.00950809
37 0.952089 0.867543 0.0368969 0.0126421
0 0.443387 0.762898 0.00664911 0.0138984
0 0.946689 0.851453 0.0268108 0.041235
37 0.964022 0.862742 0.0441669 0.00993856
0 0.959855 0.848056 0.012475 0.0333018
0 0.541074 0.84985 0.00734138 0.0272412
0 0.287451 0.728423 0.0222133 0.01526
0 0.450299 0.762836 0.017803 0.0125978
0 0.358175 0.771165 0.0110283 0.0129205
37 0.950863 0.860728 0.0331923 0.0234877
8 0.425485 0.747716 0.0666193 0.0274841
37 0.968981 0.862793 0.035107 0.00838555
0 0.996009 0.804544 0.00755138 0.0345759
0 0.320881 0.71967 0.0161286 0.0143577
0 0.356068 0.771464 0.00981865 0.0125322
0 0.917922 0.972562 0.0171925 0.0383887
0 0.839823 0.835519 0.0362965 0.0340493
0 0.167604 0.735418 0.0189109 0.00894843
0 0.770087 0.813189 0.0151735 0.0159229
8 0.324376 0.719882 0.0248976 0.014682
0 0.321558 0.722038 0.0145555 0.0138801
8 0.0144083 0.759741 0.0284612 0.0111691
