0 0.451549 0.834135 0.0137106 0.0660543
0 0.574197 0.811654 0.0106638 0.0572576
0 0.555366 0.819117 0.00983906 0.0511091
0 0.434187 0.835591 0.0130225 0.0630673
0 0.722166 0.78649 0.0105577 0.0497598
0 0.796501 0.775853 0.00924702 0.0494795
0 0.617312 0.804827 0.0128909 0.0554376
0 0.830887 0.834907 0.0178572 0.0335086
0 0.843351 0.767204 0.00809784 0.0466848
0 0.665546 0.80051 0.00757637 0.0470956
0 0.717969 0.830012 0.0136984 0.0316247
0 0.11465 0.983768 0.0322695 0.0264157
0 0.474788 0.856673 0.0198545 0.0254662
0 0.701811 0.792139 0.0115576 0.0448464
37 0.197961 0.915996 0.0457764 0.0311483
0 0.893926 0.975397 0.0628757 0.0448914
37 0.0225315 0.938694 0.0450631 0.0295285
0 0.687967 0.794662 0.0102915 0.0432763
0 0.955236 0.849518 0.0196995 0.0375037
0 0.355147 0.989351 0.0139895 0.0212974
0 0.0113593 0.751654 0.010155 0.0169825
0 0.391836 0.898542 0.0238319 0.0804494
0 0.855962 0.830375 0.0150438 0.0337782
0 0.935698 0.727804 0.00843601 0.0265237
0 0.386312 0.888212 0.0128076 0.0589216
0 0.974612 0.762773 0.0180422 0.0264723
0 0.905406 0.973162 0.0410975 0.0396267
0 0.446136 0.763288 0.00630226 0.0154544
0 0.388398 0.898917 0.0164758 0.0802348
0 0.391394 0.826119 0.0182369 0.0727271
0 0.852814 0.83086 0.0224827 0.0347036
37 0.0951693 0.994314 0.0461663 0.00813683
0 0.457855 0.763523 0.00416946 0.0113061
8 0.0161677 0.760216 0.021086 0.00908915
0 0.391465 0.812109 0.0180887 0.0438138
0 0.972721 0.761776 0.0117212 0.0257718
0 0.883637 0.98457 0.044709 0.0282372
0 0.678472 0.815014 0.0109299 0.018375
0 0.854456 0.697558 0.0064827 0.0199865
8 0.0161761 0.75478 0.0213295 0.0197317
0 0.946497 0.745537 0.00647354 0.0321786
0 0.00586743 0.97996 0.0116292 0.0164788
37 0.852803 0.848804 0.0259773 0.00922546
0 0.995956 0.810436 0.00768204 0.0230052
0 0.00779165 0.97799 0.0154697 0.0203328
0 0.57748 0.875542 0.0320892 0.0146937
0 0.679856 0.814349 0.0150194 0.0195326
0 0.676154 0.815145 0.0145174 0.0187161
0 0.974969 0.769708 0.0180252 0.0127448
2 0.506216 0.41234 0.0361172 0.0249969
8 0.0606061 0.746904 0.0291679 0.0237952
0 0.951246 0.851245 0.0259508 0.0402476
0 0.0541672 0.745537 0.0112752 0.0207416
0 0.683748 0.795033 0.00633526 0.0403322
0 0.714906 0.830372 0.0204926 0.03227
0 0.38647 0.872194 0.0125344 0.0279327
0 0.687622 0.796025 0.0138789 0.0445811
0 0.284078 0.729433 0.00677128 0.013385
0 0.0556382 0.743569 0.00904026 0.0181359
0 0.99611 0.815385 0.00737228 0.0131877
0 0.886733 0.97737 0.0486748 0.0383126
37 0.577313 0.875185 0.0317316 0.0143294
0 0.483988 0.856969 0.0393328 0.0257891
0 0.354903 0.771041 0.00645561 0.0115206
0 0.279748 0.729642 0.00733666 0.0157664
24 0.153386 0.983559 0.017635 0.0125363
37 0.936731 0.864524 0.0176214 0.0158081
8 0.28811 0.728939 0.0238162 0.0172572
8 0.323708 0.720639 0.0244838 0.0149634
0 0.446139 0.762774 0.00800724 0.0174862
37 0.153365 0.983559 0.0175183 0.0124383
0 0.61389 0.803884 0.00647316 0.0457094
37 0.766573 0.80284 0.0537001 0.0101501
0 0.946111 0.852364 0.0341229 0.0402581
0 0.540989 0.849826 0.00736818 0.027211
37 0.588337 0.913467 0.054389 0.0121036
37 0.844012 0.847626 0.0442652 0.0120548
37 0.851982 0.845059 0.0225784 0.0118446
37 0.958308 0.867164 0.0567337 0.013362
0 0.429693 0.832859 0.00592871 0.0318748
0 0.102363 0.984765 0.0601402 0.0262892
7 0.506199 0.412256 0.0361095 0.0253739
0 0.452366 0.763693 0.0182378 0.0124225
8 0.322309 0.769419 0.0242476 0.0130715
0 0.0693848 0.750494 0.0113366 0.0124193
37 0.956138 0.869888 0.02897 0.00851034
37 0.946732 0.865869 0.0430243 0.0189273
8 0.435427 0.744519 0.0799234 0.0282676
0 0.949602 0.861204 0.015609 0.01831
0 0.138483 0.746659 0.00592501 0.0102797
0 0.00575904 0.971167 0.0114419 0.03355
0 0.958652 0.84982 0.0191795 0.0375168
37 0.948709 0.868217 0.0421061 0.013384
0 0.769778 0.813039 0.0145311 0.0153322
37 0.591307 0.914522 0.0448908 0.00945469
0 0.122737 0.741042 0.0058795 0.00645464
0 0.995992 0.80478 0.00757866 0.0340666
37 0.782412 0.800076 0.0854019 0.0157206
0 0.917818 0.972608 0.0173643 0.0385752
8 0.444354 0.744081 0.0614555 0.0238885
37 0.951734 0.869482 0.0379822 0.00932448
0 0.991244 0.679033 0.004776 0.0109372
0 0.0100557 0.979142 0.019934 0.0201838
8 0.997332 0.727512 0.00487213 0.00890639
8 0.435181 0.753027 0.0747849 0.0147329
0 0.61701 0.792862 0.0121597 0.0335897
37 0.767328 0.79892 0.0556018 0.0185354
37 0.94498 0.768088 0.0498043 0.0136517
37 0.935021 0.865847 0.0139103 0.0156164
0 0.288804 0.728023 0.0260132 0.018001
0 0.837231 0.835503 0.0310211 0.0338386
0 0.779319 0.81682 0.00864782 0.0120802
8 0.250173 0.396865 0.00937176 0.0102851
37 0.697878 0.841069 0.0221825 0.01319
37 0.966953 0.86311 0.0387285 0.00999603
37 0.972403 0.863049 0.0287498 0.00900031
2 0.53788 0.407898 0.0250185 0.0157503
2 0.48243 0.409024 0.0152644 0.0254749
0 0.493519 0.725058 0.00908823 0.0109853
0 0.959955 0.849088 0.0123732 0.0346534
8 0.330758 0.768986 0.0413046 0.0155614
