0 0.350932 0.847637 0.0138978 0.065466
0 0.453903 0.835769 0.0115049 0.0631992
0 0.512337 0.820437 0.0141211 0.060438
0 0.842957 0.766192 0.00854111 0.0454614
0 0.796564 0.775017 0.00816479 0.0471805
0 0.555409 0.818369 0.01015 0.0491562
0 0.187217 0.904928 0.0189699 0.0756889
0 0.83113 0.834773 0.0171124 0.0328447
0 0.468471 0.829388 0.00913191 0.0569239
0 0.734076 0.785623 0.00925522 0.0450936
0 0.742975 0.783596 0.00730982 0.0491598
0 0.620884 0.814488 0.00733299 0.0384057
0 0.688783 0.795444 0.0107972 0.0441001
0 0.608199 0.80914 0.0107964 0.0511036
0 0.391067 0.817319 0.0168427 0.0545558
0 0.114376 0.982653 0.0320119 0.0252062
0 0.700121 0.793834 0.0109259 0.0433024
0 0.475172 0.854463 0.0163406 0.0292599
0 0.718548 0.830326 0.0136581 0.031429
0 0.114955 0.745124 0.00715652 0.0351206
0 0.956397 0.848952 0.0164158 0.0369956
0 0.902754 0.972511 0.0337696 0.0395382
37 0.0221786 0.938441 0.0442612 0.0286835
0 0.469789 0.759717 0.00957546 0.0165175
0 0.889971 0.975859 0.058639 0.0462033
0 0.355093 0.989368 0.0139434 0.0212647
0 0.915561 0.754701 0.00744362 0.0433082
0 0.928877 0.731367 0.00712509 0.0159348
0 0.715459 0.830603 0.0201485 0.032254
0 0.853227 0.835032 0.0220095 0.0266591
0 0.855053 0.834387 0.0153927 0.02568
0 0.947235 0.85124 0.0350101 0.0413927
0 0.910415 0.972942 0.0492054 0.0403369
0 0.972131 0.76258 0.0145813 0.0267598
0 0.950987 0.736597 0.00677948 0.0176821
0 0.00513183 0.74777 0.00616657 0.0106432
0 0.996171 0.813384 0.00725307 0.016805
0 0.677637 0.815791 0.0183338 0.0180115
0 0.879257 0.697768 0.00610886 0.0210375
0 0.245884 0.720023 0.00788374 0.0120232
0 0.987082 0.73294 0.0089426 0.0235301
0 0.88364 0.980996 0.045731 0.0367198
0 0.895179 0.685899 0.00739975 0.018367
0 0.674466 0.815934 0.0126631 0.0183378
0 0.329334 0.772478 0.00460734 0.0110735
0 0.732227 0.785337 0.0117647 0.043651
0 0.619212 0.814339 0.0109343 0.0388316
0 0.945561 0.858891 0.033807 0.0288662
0 0.973394 0.752917 0.00850525 0.00851559
0 0.290698 0.726707 0.00880194 0.0146423
0 0.729189 0.783956 0.00612278 0.0316067
0 0.940328 0.674742 0.00613346 0.0189955
0 0.600444 0.765816 0.00967312 0.0173743
0 0.765402 0.81379 0.0309813 0.0179587
0 0.921062 0.680573 0.00449867 0.0136392
37 0.975323 0.771766 0.0174303 0.0104563
0 0.0992131 0.984428 0.0630236 0.0281172
0 0.770005 0.813213 0.0143991 0.0149858
37 0.197876 0.915325 0.0459095 0.0321472
37 0.494871 0.864132 0.0157581 0.00809462
0 0.937245 0.859866 0.0176476 0.0265711
0 0.921671 0.973409 0.0283777 0.0413228
0 0.577579 0.875538 0.0333624 0.0133596
0 0.861863 0.836256 0.0367741 0.0327245
0 0.483496 0.855252 0.0378713 0.0302334
0 0.772385 0.813189 0.0237517 0.0171739
37 0.204097 0.918428 0.0332727 0.0271437
8 0.290259 0.731122 0.0113205 0.00974121
0 0.711973 0.831591 0.0273401 0.0331367
8 0.592881 0.773133 0.0238916 0.0136949
0 0.843478 0.835463 0.0418629 0.0334206
37 0.0994925 0.994371 0.0562845 0.00848219
37 0.1793 0.911534 0.00807309 0.021912
33 0.19786 0.915915 0.04599 0.0322669
0 0.0057976 0.979066 0.0115756 0.0187656
0 0.470881 0.846729 0.0126638 0.0403948
0 0.926279 0.732283 0.0125275 0.0174584
0 0.778985 0.815025 0.00978851 0.0129727
0 0.913737 0.754826 0.00989113 0.0436824
37 0.588174 0.912414 0.0541413 0.0135783
24 0.153466 0.983343 0.0178498 0.0128218
0 0.879121 0.985034 0.0371746 0.0289663
0 0.914067 0.971743 0.0104746 0.038225
0 0.936756 0.720643 0.00381012 0.00787184
0 0.979191 0.651107 0.00710335 0.0130932
37 0.940751 0.759251 0.0464932 0.018653
0 0.975598 0.675198 0.00651093 0.0165346
0 0.993778 0.670135 0.00521564 0.0230518
8 0.244895 0.730982 0.0318644 0.0171065
0 0.23051 0.990425 0.0226682 0.0188565
0 0.872619 0.845595 0.014724 0.0150835
0 0.481182 0.853837 0.0214788 0.0287852
0 0.994799 0.81357 0.0100327 0.0174288
8 0.593161 0.767892 0.0247972 0.022463
0 0.290518 0.72457 0.0102428 0.0151794
0 0.926077 0.737753 0.0134903 0.0279054
37 0.420215 0.727123 0.0232591 0.00952386
37 0.24558 0.769375 0.0192011 0.0112247
37 0.243875 0.73167 0.0332729 0.0153103
37 0.577173 0.875157 0.0334011 0.0132728
0 0.704469 0.832297 0.0425419 0.0320655
37 0.487333 0.863016 0.0308817 0.0115518
8 0.28901 0.730536 0.0144078 0.0130936
0 0.970716 0.772189 0.0294621 0.0135108
0 0.859703 0.844136 0.0411808 0.0198166
0 0.883515 0.693579 0.00362453 0.0133948
0 0.924205 0.979869 0.0229172 0.0271545
0 0.351147 0.839152 0.0131565 0.0483576
0 0.234857 0.990463 0.0166738 0.0189806
37 0.970357 0.775264 0.0291119 0.00886671
56 0.198014 0.914001 0.0462068 0.0349409
0 0.623218 0.815052 0.0124105 0.0394596
0 0.966559 0.66939 0.0032938 0.00950996
0 0.852697 0.840555 0.0264681 0.0260083
0 0.522238 0.723349 0.0159229 0.0125346
0 0.996031 0.670018 0.00734482 0.021568
0 0.923425 0.67403 0.00806713 0.0185449
0 0.290504 0.72169 0.00895596 0.020363
0 0.331395 0.772829 0.0101163 0.0118913
0 0.968989 0.763928 0.0254913 0.0269952
0 0.952349 0.661585 0.00585823 0.0125722
