0 0.593419 0.807365 0.0111015 0.0562547
0 0.452472 0.834668 0.0115953 0.0652395
0 0.410942 0.839608 0.0118858 0.063367
0 0.843073 0.766545 0.00839462 0.0472656
0 0.796701 0.775072 0.00883617 0.0502877
0 0.830842 0.835063 0.0178522 0.0327616
0 0.346836 0.897408 0.0135026 0.0755202
0 0.554551 0.815308 0.0111578 0.0572015
0 0.689054 0.795363 0.010233 0.0466787
0 0.655481 0.800662 0.0081439 0.0460202
0 0.718067 0.830187 0.013998 0.0314343
0 0.723574 0.785537 0.00734463 0.0497274
37 0.197962 0.916561 0.0452861 0.0298884
0 0.114766 0.982808 0.0334522 0.0277903
0 0.701192 0.796081 0.0104343 0.0501116
0 0.957209 0.847495 0.0150318 0.0350437
0 0.856167 0.832578 0.0154255 0.0300374
0 0.934259 0.753034 0.00866032 0.0368005
0 0.711515 0.789766 0.00756741 0.0474477
37 0.0221702 0.938636 0.0443404 0.0303335
0 0.971798 0.762966 0.0129555 0.0262953
0 0.672732 0.799178 0.00896263 0.0223429
0 0.893858 0.975797 0.0647892 0.044553
0 0.484002 0.857715 0.0367338 0.0232864
0 0.475291 0.857519 0.0187347 0.0227851
0 0.974339 0.763031 0.0182079 0.0270172
0 0.391379 0.832861 0.0174418 0.0851122
0 0.906399 0.973293 0.0399452 0.0394819
37 0.0959569 0.99409 0.0479588 0.00820482
0 0.355335 0.989283 0.0135258 0.0214348
0 0.917472 0.97288 0.017094 0.0384825
0 0.85273 0.833925 0.0218906 0.0323736
0 0.950716 0.849497 0.0281977 0.0389743
0 0.00542581 0.975992 0.010789 0.0257141
0 0.677072 0.81545 0.0188161 0.0195299
0 0.70372 0.792749 0.00896263 0.0474765
0 0.0512053 0.745751 0.0082026 0.0206387
0 0.0526236 0.743501 0.00515134 0.0159346
0 0.997813 0.732014 0.00393162 0.0276242
0 0.883733 0.981 0.0448746 0.0356791
0 0.0722251 0.751481 0.00494728 0.0111635
0 0.452185 0.76161 0.00551863 0.0149662
0 0.00513821 0.758242 0.0101895 0.00912679
0 0.715394 0.830629 0.0197538 0.0319668
0 0.996147 0.81354 0.00729885 0.0157886
0 0.921006 0.973108 0.0250542 0.0387663
0 0.949043 0.857177 0.02458 0.024881
0 0.85745 0.696171 0.0122299 0.0195519
0 0.953145 0.856361 0.014782 0.0260359
37 0.577151 0.87567 0.0338939 0.0137058
0 0.85393 0.696462 0.00717545 0.0175088
0 0.772651 0.813513 0.0201469 0.0176693
0 0.0502411 0.746814 0.0125068 0.0197666
0 0.67593 0.806643 0.015793 0.0369934
0 0.348839 0.77232 0.00660782 0.0102915
37 0.852716 0.84835 0.0234169 0.00921326
0 0.860219 0.697037 0.00609283 0.0187833
0 0.50282 0.718389 0.00612106 0.010527
0 0.54076 0.848527 0.00724773 0.0282633
0 0.985835 0.669089 0.00623798 0.0167048
8 0.0596854 0.749296 0.0345269 0.0189548
0 0.499597 0.718614 0.0134703 0.0110324
0 0.885467 0.97536 0.0414862 0.0283729
8 0.0605916 0.751693 0.0293503 0.0121669
8 0.0561277 0.747599 0.0274852 0.018229
0 0.945983 0.859973 0.0195236 0.0204183
0 0.281659 0.735796 0.0123292 0.017058
0 0.860528 0.834425 0.0240473 0.0341271
0 0.00874389 0.976127 0.0173882 0.0276676
0 0.903902 0.682466 0.00742836 0.0140544
37 0.577481 0.879631 0.0339741 0.0129045
0 0.307448 0.767313 0.0209803 0.0111577
0 0.860793 0.835466 0.0335566 0.0361894
37 0.853329 0.840593 0.0249054 0.0242903
0 0.00431465 0.973526 0.00855709 0.0301076
0 0.838449 0.834979 0.0335674 0.0336921
37 0.100257 0.992471 0.0558966 0.0108171
37 0.153465 0.983628 0.017755 0.0123508
0 0.281865 0.733383 0.0141306 0.0221347
0 0.0604047 0.743168 0.009174 0.0114895
0 0.991696 0.670833 0.00688591 0.0131075
26 0.153471 0.983665 0.0175429 0.0124447
0 0.721266 0.787474 0.0089323 0.0484205
0 0.8593 0.795114 0.00750237 0.0125892
37 0.331997 0.724711 0.0202929 0.00958778
0 0.819296 0.814797 0.00987835 0.00959947
0 0.71788 0.787012 0.017182 0.0488922
0 0.460741 0.762436 0.0055089 0.0127485
0 0.932602 0.751184 0.0125332 0.0377007
0 0.878308 0.985039 0.0342747 0.0282149
0 0.78344 0.814279 0.0332767 0.0187778
0 0.959706 0.670775 0.00336571 0.00928633
14 0.928262 0.67957 0.00696411 0.00940696
0 0.933713 0.729645 0.0107967 0.0197642
0 0.495092 0.863213 0.0147171 0.0106374
0 0.391696 0.812383 0.0163552 0.0420319
8 0.331721 0.723835 0.0206687 0.0105772
0 0.870942 0.845254 0.011521 0.0157067
0 0.787568 0.81745 0.0245829 0.0125107
0 0.389623 0.798946 0.00973821 0.0191393
0 0.361522 0.900995 0.0115728 0.0234734
0 0.78422 0.813875 0.0199724 0.0172434
0 0.895674 0.973378 0.0192572 0.0228973
37 0.577772 0.887181 0.0343946 0.00907678
37 0.170096 0.736582 0.017292 0.009218
0 0.90958 0.67091 0.00803394 0.00969984
0 0.41106 0.831597 0.0107431 0.0472497
