0 0.480961 0.830832 0.0132254 0.0631744
0 0.452938 0.833993 0.0126793 0.0676124
0 0.788018 0.776791 0.0110907 0.0478482
0 0.698175 0.793114 0.00932226 0.0516101
0 0.809843 0.775459 0.00911942 0.0440898
0 0.953509 0.849136 0.0224476 0.0423443
0 0.77631 0.779124 0.0108485 0.0470591
0 0.192898 0.874796 0.0125938 0.0542063
0 0.842778 0.765155 0.0104088 0.0451794
0 0.679331 0.792586 0.00852089 0.0382297
0 0.984677 0.737257 0.0116596 0.0464678
0 0.828906 0.769677 0.00854187 0.0409746
0 0.717243 0.830322 0.0148096 0.0313705
0 0.76492 0.697616 0.00698566 0.0177159
0 0.423865 0.914827 0.0212059 0.0411713
0 0.830381 0.834444 0.0181404 0.0330985
0 0.00849975 0.749052 0.00821034 0.0177731
0 0.862346 0.761728 0.00806465 0.0383294
0 0.783475 0.698552 0.00669899 0.0201658
0 0.11513 0.983749 0.0312298 0.021464
0 0.855759 0.83083 0.0158031 0.033038
0 0.354928 0.989214 0.0148681 0.0215725
0 0.937002 0.746211 0.00957832 0.0465834
0 0.907005 0.973291 0.0431103 0.0402754
0 0.966036 0.742232 0.00888729 0.0470345
0 0.484977 0.76845 0.00755425 0.025354
0 0.512287 0.779074 0.00906773 0.0237739
0 0.853076 0.831852 0.022229 0.0347131
0 0.995626 0.81364 0.00832634 0.0183078
0 0.883519 0.980264 0.0450193 0.0373793
0 0.909497 0.743793 0.00811634 0.0241994
0 0.391185 0.813025 0.0175159 0.047101
0 0.00690925 0.749514 0.0115595 0.0177516
37 0.199167 0.91608 0.0457344 0.0312634
0 0.895358 0.976117 0.0682922 0.0447628
0 0.496546 0.807063 0.00797358 0.0351276
0 0.32966 0.713008 0.00606308 0.0170439
8 0.199 0.916017 0.0455672 0.0314797
0 0.495176 0.805709 0.0107409 0.0377967
0 0.00598186 0.981563 0.0118867 0.0138672
0 0.921462 0.973476 0.0254738 0.0407033
0 0.54058 0.849378 0.00692577 0.0259406
37 0.0220587 0.938777 0.0441173 0.0301573
0 0.299153 0.754663 0.00991097 0.017039
37 0.0957496 0.994248 0.0466228 0.00808784
0 0.108172 0.984979 0.0491039 0.0244614
16 0.676118 0.815931 0.0169121 0.0190979
0 0.917728 0.972709 0.0183411 0.0391325
8 0.970695 0.687829 0.0580263 0.024723
0 0.881251 0.984825 0.0403854 0.0287116
0 0.964117 0.74278 0.0125431 0.0469832
0 0.94807 0.850956 0.0329357 0.0458103
37 0.102669 0.991105 0.0601757 0.0134452
0 0.577686 0.87579 0.0327518 0.0145794
0 0.83645 0.834952 0.0276314 0.0344354
8 0.0732333 0.749167 0.0313014 0.0148966
0 0.0583404 0.751239 0.00380962 0.00738322
8 0.0220578 0.938613 0.0441119 0.0302809
0 0.956212 0.848798 0.0170124 0.0374064
0 0.713715 0.831501 0.0216508 0.033218
0 0.675999 0.816012 0.0171202 0.0205043
0 0.874291 0.678612 0.00724583 0.0217903
25 0.0221149 0.938834 0.0440775 0.0306617
0 0.864195 0.761965 0.011738 0.0392268
0 0.988418 0.67218 0.00614891 0.0162048
0 0.974112 0.763146 0.0171787 0.0270333
0 0.884371 0.763363 0.00685616 0.0227359
8 0.0789972 0.749128 0.0194989 0.0143738
0 0.965889 0.743142 0.0147427 0.0536377
0 0.952816 0.661462 0.00415955 0.00926022
0 0.873576 0.672704 0.0052227 0.00961677
0 0.952051 0.862593 0.0260548 0.0199076
8 0.298038 0.75501 0.0124479 0.0173725
0 0.367301 0.731481 0.014845 0.0132701
0 0.486363 0.7695 0.0105064 0.0279317
0 0.841481 0.834534 0.0448256 0.0367686
8 0.368412 0.732379 0.0171753 0.0128682
8 0.296668 0.735644 0.0139742 0.0109589
0 0.676096 0.798655 0.0152962 0.0513129
0 0.90016 0.974571 0.029508 0.0352197
8 0.849375 0.834725 0.0595245 0.0403775
0 0.909277 0.683195 0.00644588 0.0121223
0 0.421192 0.92202 0.0146553 0.0284203
0 0.883741 0.766302 0.00849171 0.0288057
0 0.00605904 0.978571 0.0120073 0.0191805
0 0.980086 0.650582 0.00806351 0.0174162
0 0.938606 0.743529 0.0124176 0.0531338
24 0.15342 0.983272 0.0178206 0.0132431
0 0.995348 0.808552 0.00882759 0.0290783
8 0.296257 0.754188 0.0164912 0.0174374
0 0.119644 0.982996 0.0409363 0.0252608
37 0.320692 0.717376 0.023702 0.0111657
0 0.124764 0.9867 0.0286574 0.0196211
37 0.948386 0.865155 0.0363232 0.0188173
0 0.539006 0.73999 0.00499277 0.00783793
0 0.975977 0.771552 0.0150694 0.01064
0 0.20237 0.729784 0.0108924 0.00976257
8 0.369999 0.733701 0.0202111 0.013922
0 0.960744 0.743723 0.00608559 0.0253286
0 0.874043 0.985104 0.0257427 0.0269087
0 0.577732 0.872807 0.0335532 0.020695
0 0.972678 0.752264 0.00463467 0.00749037
37 0.936655 0.8666 0.0127941 0.0152657
0 0.981368 0.652273 0.00732841 0.019025
