0 0.45304 0.834396 0.0128882 0.0667508
0 0.648199 0.802919 0.0111797 0.0490887
0 0.581322 0.811555 0.0126551 0.0603928
0 0.796512 0.77562 0.00868664 0.0507463
0 0.831166 0.835083 0.0169998 0.0325526
0 0.322788 0.90127 0.0179359 0.0793854
0 0.554784 0.818304 0.00956707 0.0486547
0 0.397458 0.844076 0.0118789 0.0581906
0 0.718 0.830445 0.0135528 0.0310611
0 0.540961 0.818441 0.0118416 0.0545478
0 0.843204 0.76369 0.00819969 0.0390852
0 0.718476 0.78804 0.00983639 0.047368
0 0.689416 0.795893 0.0110155 0.0465961
0 0.957108 0.847873 0.0150623 0.0360921
0 0.701271 0.795628 0.0110022 0.0496138
0 0.730423 0.785856 0.00836296 0.0494585
0 0.116252 0.982846 0.0365237 0.0278653
37 0.198342 0.916417 0.0446845 0.0306008
0 0.665326 0.80689 0.0103683 0.0346446
0 0.930191 0.748284 0.0090271 0.0497287
0 0.390874 0.818934 0.0179856 0.0585551
0 0.944243 0.850443 0.0186779 0.0388023
37 0.0221732 0.938784 0.0443464 0.0299983
0 0.989656 0.733805 0.00643883 0.0305827
0 0.941243 0.850273 0.0126778 0.0381707
0 0.8941 0.975841 0.0650652 0.0445404
0 0.475521 0.857597 0.0190907 0.0232449
0 0.860933 0.696083 0.00771084 0.0215711
0 0.484215 0.85767 0.037159 0.0235982
37 0.0983201 0.993885 0.0521281 0.00866428
0 0.971861 0.763227 0.0142231 0.0267944
0 0.906466 0.973485 0.0400595 0.0397976
0 0.855053 0.832555 0.0169209 0.0294169
0 0.8529 0.833776 0.0226181 0.0301124
0 0.355347 0.989276 0.0135159 0.0214476
0 0.00512171 0.976432 0.0101854 0.0247716
0 0.00305419 0.976505 0.00605801 0.0238135
0 0.917445 0.972885 0.0171181 0.0384391
0 0.346596 0.7725 0.00404205 0.00864105
0 0.857203 0.831025 0.0121683 0.0269948
0 0.954915 0.849769 0.0197611 0.0391313
0 0.901639 0.682397 0.00465202 0.0163287
0 0.0530831 0.743035 0.0113555 0.0234463
8 0.275484 0.736141 0.0262688 0.0171648
0 0.675803 0.815313 0.0161036 0.0195604
37 0.0939885 0.993745 0.042846 0.00722792
0 0.884243 0.980907 0.0457577 0.0352153
0 0.540348 0.80152 0.00933552 0.0227571
0 0.940309 0.851589 0.0172314 0.0415353
0 0.849128 0.833382 0.0106647 0.0258569
0 0.105825 0.983112 0.0585397 0.0290566
0 0.715236 0.830882 0.0200362 0.0316291
0 0.996175 0.813522 0.00724411 0.0158169
37 0.577132 0.87562 0.0340011 0.0137978
37 0.93506 0.867626 0.0145653 0.0129015
37 0.853322 0.848874 0.02449 0.00807156
0 0.772793 0.813554 0.0212545 0.018748
0 0.921346 0.973239 0.0258934 0.0389321
8 0.170593 0.564099 0.0560736 0.0159773
0 0.677757 0.813769 0.0203848 0.0231315
0 0.274943 0.733186 0.015443 0.014802
0 0.674783 0.812494 0.018881 0.0250502
0 0.940127 0.674143 0.00565014 0.0159575
0 0.911786 0.671327 0.00652294 0.0114944
0 0.987093 0.734058 0.0116615 0.0318102
0 0.333731 0.725497 0.00976243 0.0114816
37 0.100503 0.992431 0.0559318 0.0107381
0 0.885096 0.97604 0.0423531 0.0299669
0 0.507748 0.720603 0.00960941 0.0116492
0 0.359911 0.895459 0.0136107 0.0322603
0 0.332558 0.724191 0.0144269 0.0124118
37 0.577642 0.879682 0.0342762 0.0132158
0 0.941785 0.852665 0.027631 0.0431035
0 0.959027 0.66806 0.00366192 0.0131166
8 0.494214 0.75166 0.0869789 0.028206
37 0.153442 0.983638 0.017729 0.0124123
37 0.349998 0.915069 0.0324331 0.0161394
0 0.839412 0.835414 0.0334909 0.033207
0 0.930338 0.73862 0.0101036 0.0486752
0 0.00882006 0.976691 0.017466 0.0268311
0 0.819087 0.81447 0.00976372 0.0100857
0 0.940132 0.677599 0.00541153 0.0130007
0 0.456202 0.757604 0.0101139 0.0169195
0 0.00364065 0.97348 0.00721594 0.0301649
0 0.781649 0.813706 0.0358051 0.0198305
0 0.455138 0.759302 0.00809097 0.0130181
0 0.0537049 0.743465 0.0187885 0.0248789
0 0.540827 0.847313 0.00994968 0.0327789
0 0.958497 0.666186 0.00362949 0.014596
0 0.00585059 0.973422 0.0115495 0.0315565
0 0.863387 0.835111 0.0280109 0.0350147
0 0.881702 0.985457 0.0416435 0.028203
0 0.858634 0.83597 0.0387781 0.0365445
0 0.955113 0.675157 0.0049614 0.0101127
37 0.578036 0.886904 0.0350742 0.00885213
0 0.859062 0.794594 0.00794144 0.0137512
2 0.516106 0.413255 0.0178635 0.0196304
37 0.844447 0.843134 0.0438263 0.0204975
0 0.986702 0.671706 0.00615368 0.0151186
0 0.331468 0.725173 0.0236902 0.0129256
37 0.114821 0.995183 0.0840089 0.00963474
0 0.495518 0.862783 0.0151132 0.0114944
37 0.103366 0.984458 0.062688 0.0260973
37 0.335265 0.726766 0.0225666 0.0101712
37 0.988052 0.752807 0.0233795 0.011047
8 0.0580281 0.746006 0.0432454 0.0294864
0 0.333678 0.723316 0.0103676 0.0149233
0 0.895783 0.973314 0.0190701 0.0227166
0 0.930994 0.727688 0.00929165 0.0265416
0 0.78346 0.813666 0.0176758 0.0171175
0 0.870979 0.845179 0.0116344 0.0158688
