0 0.842937 0.765615 0.00845299 0.0449824
0 0.453918 0.835328 0.0114607 0.0641371
0 0.351854 0.848153 0.014774 0.0618598
0 0.796736 0.774987 0.00837326 0.0465841
0 0.518368 0.819836 0.0121046 0.0600906
0 0.555331 0.818449 0.0100613 0.0489617
0 0.473689 0.828187 0.00929222 0.0565859
0 0.83122 0.834739 0.0169136 0.0329042
0 0.743153 0.78348 0.00746737 0.048838
0 0.701171 0.792899 0.0105093 0.0458408
0 0.61055 0.808522 0.00977097 0.0468518
0 0.624334 0.815895 0.0079237 0.0389401
0 0.39128 0.817349 0.0170575 0.0537028
0 0.688982 0.795309 0.0103584 0.0441155
0 0.7336 0.786024 0.00885105 0.0457553
0 0.114471 0.982757 0.0319402 0.0253106
0 0.195314 0.904146 0.0134257 0.0765659
0 0.718456 0.830448 0.0131783 0.0310299
0 0.90276 0.972834 0.0333813 0.0391563
0 0.956257 0.849529 0.0167404 0.0380595
0 0.928973 0.727913 0.00610275 0.0250398
37 0.19817 0.91635 0.0455505 0.0309397
0 0.889926 0.976118 0.0583584 0.045519
0 0.47727 0.857279 0.0123646 0.0237795
0 0.35515 0.989364 0.0138564 0.0212726
0 0.0935918 0.742139 0.0076944 0.0297814
0 0.952291 0.736268 0.00564613 0.0174584
0 0.853342 0.835118 0.0213104 0.0263519
0 0.878285 0.696959 0.00572166 0.0191194
0 0.854912 0.834523 0.0149996 0.0253215
0 0.915933 0.751317 0.0064743 0.0367113
0 0.715475 0.830769 0.019773 0.0320855
0 0.922311 0.750466 0.00898247 0.0333415
0 0.238913 0.720878 0.00753784 0.0143741
0 0.896647 0.68515 0.00636501 0.0178947
0 0.195498 0.88593 0.0125207 0.0401608
0 0.996162 0.813406 0.00727024 0.016783
0 0.949655 0.85094 0.0300938 0.0407752
0 0.286491 0.729602 0.00610671 0.0153039
0 0.883527 0.98177 0.0454842 0.0352068
37 0.0220602 0.938228 0.0441203 0.0297626
0 0.00398222 0.747713 0.00787849 0.0136987
0 0.622552 0.815799 0.0106237 0.0374608
0 0.971985 0.762246 0.0144386 0.0272366
0 0.678103 0.815718 0.0133635 0.0179125
8 0.236116 0.731454 0.0316503 0.0160046
37 0.288467 0.738128 0.0143093 0.00861087
0 0.9191 0.751118 0.0093296 0.0372157
0 0.589608 0.765933 0.0103117 0.0172701
0 0.989572 0.734097 0.00928555 0.0206045
0 0.674574 0.815955 0.0126143 0.018198
0 0.769879 0.813133 0.0152273 0.0152613
0 0.940714 0.674072 0.00621529 0.0201374
0 0.916571 0.750506 0.00892773 0.0375827
0 0.468501 0.759417 0.0107995 0.0152157
37 0.185407 0.913104 0.0195481 0.0247508
0 0.973701 0.752429 0.00778027 0.00854628
37 0.0978902 0.994435 0.0527219 0.00833147
0 0.773328 0.813723 0.0214186 0.015957
0 0.21173 0.990837 0.0139524 0.0181147
0 0.944865 0.853998 0.0320774 0.0383782
0 0.923368 0.675768 0.00749207 0.0268589
0 0.879194 0.696475 0.0084156 0.019665
0 0.287341 0.730572 0.0101436 0.018042
0 0.484859 0.858149 0.0358488 0.0223721
0 0.331258 0.771995 0.00574112 0.0158717
0 0.611891 0.811554 0.00980167 0.0417135
0 0.937203 0.859874 0.0176136 0.0266875
0 0.00580426 0.979381 0.011574 0.0187207
0 0.0990114 0.984578 0.0638713 0.0278515
0 0.953666 0.736474 0.00813122 0.0185855
0 0.52225 0.723523 0.0123216 0.0101288
0 0.0679907 0.740478 0.00902812 0.0119531
0 0.987593 0.732088 0.0134098 0.0218911
24 0.153477 0.983347 0.017775 0.0127896
0 0.483456 0.857391 0.0223421 0.0232846
0 0.577541 0.875547 0.0333124 0.0133423
0 0.913589 0.974416 0.044165 0.042108
37 0.235877 0.731467 0.0318818 0.0130639
0 0.921376 0.973834 0.0289989 0.0406264
0 0.843487 0.835422 0.0414181 0.0334893
0 0.979456 0.650675 0.00566025 0.0133403
0 0.473996 0.857456 0.0204386 0.0245205
0 0.286458 0.72898 0.00858831 0.0170295
0 0.914085 0.971875 0.00991154 0.0364297
0 0.86155 0.836047 0.036883 0.032814
0 0.195555 0.922171 0.00783987 0.0426049
0 0.974367 0.675301 0.00780602 0.0165345
8 0.102756 0.745236 0.0126145 0.0190016
37 0.975278 0.771756 0.0174313 0.010474
37 0.577122 0.87517 0.0333157 0.0132857
0 0.994798 0.813596 0.0100355 0.0173889
0 0.95337 0.661192 0.00524101 0.0127696
8 0.287334 0.733046 0.0160597 0.0179389
37 0.588052 0.911479 0.0540667 0.0155358
37 0.521216 0.723669 0.0144124 0.0107218
0 0.872642 0.845575 0.0146439 0.0150909
0 0.476088 0.828297 0.0133724 0.0557151
0 0.209288 0.99054 0.0193693 0.0186184
8 0.392653 0.717815 0.0348616 0.0152374
0 0.0693427 0.738315 0.0117809 0.0155629
0 0.712069 0.832302 0.0265463 0.0316969
0 0.882777 0.695299 0.00406113 0.0156348
0 0.855173 0.837077 0.0496079 0.0344428
0 0.352059 0.837265 0.0139147 0.0396949
37 0.582657 0.773802 0.0297415 0.0114295
0 0.875455 0.985069 0.0296764 0.0284687
0 0.687072 0.786329 0.00797253 0.0300313
0 0.924078 0.978439 0.0232986 0.0301907
37 0.59193 0.914014 0.0439939 0.0104163
0 0.947603 0.859195 0.038797 0.0316308
0 0.713467 0.840666 0.0234276 0.0139082
0 0.119352 0.984097 0.0406623 0.0232788
0 0.970213 0.77157 0.0280819 0.0147931
0 0.153545 0.9833 0.0178143 0.0131331
0 0.956653 0.738042 0.0141617 0.0193814
