0 0.476522 0.835018 0.0155289 0.0669352
0 0.455317 0.833172 0.0124432 0.0688165
0 0.718532 0.830745 0.0143369 0.030239
0 0.830587 0.834626 0.0172878 0.03349
0 0.87274 0.759031 0.00911694 0.0478814
0 0.768573 0.779475 0.00914974 0.0445733
0 0.793578 0.775609 0.0107361 0.0476359
0 0.843166 0.766707 0.00819206 0.0470195
0 0.696857 0.792386 0.0106764 0.0495563
0 0.744222 0.784016 0.00863972 0.0471475
0 0.0312192 0.904132 0.0125426 0.0515803
0 0.953538 0.849455 0.0220593 0.041128
0 0.517678 0.806076 0.00905771 0.0334807
0 0.822345 0.772975 0.00991974 0.0437314
0 0.755927 0.78173 0.00784655 0.0479543
0 0.856306 0.830254 0.0153505 0.0327705
0 0.478403 0.779513 0.00794058 0.0224124
37 0.0221735 0.93831 0.0443036 0.0294101
0 0.919276 0.755311 0.00847282 0.0391598
0 0.837528 0.774701 0.00618172 0.0309601
0 0.278795 0.728813 0.0074831 0.0158518
0 0.0695333 0.74308 0.00980172 0.0287964
0 0.996058 0.809852 0.00746555 0.0238824
0 0.894601 0.976239 0.0658251 0.0457272
0 0.00921067 0.749346 0.00799682 0.0155501
0 0.95087 0.737531 0.00782414 0.0319819
0 0.453317 0.780482 0.0073575 0.017405
0 0.883996 0.979493 0.0446276 0.0394764
0 0.907536 0.751749 0.00754166 0.0432424
0 0.355004 0.988982 0.0147137 0.0220367
8 0.198495 0.915407 0.046019 0.0324497
0 0.791029 0.697052 0.00562077 0.0167608
0 0.327552 0.750929 0.00880952 0.0130415
0 0.433825 0.910085 0.0247362 0.0459035
0 0.768384 0.697201 0.00812931 0.0147297
37 0.198723 0.915706 0.0467489 0.0327684
0 0.437405 0.90963 0.0172417 0.0442461
0 0.053167 0.752599 0.00490007 0.00765771
0 0.906262 0.973208 0.0441097 0.0404292
0 0.972688 0.762761 0.0147429 0.0274451
0 0.917831 0.9728 0.0181107 0.0396661
0 0.14694 0.738535 0.00642214 0.0114555
0 0.196391 0.733055 0.00776372 0.0101139
0 0.0726603 0.750358 0.00558755 0.0143021
0 0.323342 0.712392 0.00562477 0.0162394
0 0.00651551 0.97544 0.0129672 0.0259616
0 0.675212 0.815982 0.0145928 0.0182261
8 0.0223225 0.938373 0.0445379 0.0299666
0 0.921226 0.973296 0.0272373 0.0404946
8 0.00905144 0.759694 0.0150722 0.00924886
0 0.679118 0.815756 0.0220736 0.0186863
0 0.402353 0.750542 0.00698442 0.0121711
0 0.853551 0.831421 0.0214203 0.0362105
0 0.0023955 0.975459 0.00473629 0.0239275
0 0.752657 0.786408 0.00949307 0.038659
0 0.125778 0.985895 0.0270453 0.0204142
0 0.159827 0.740023 0.00587864 0.00762702
37 0.101103 0.994199 0.0585747 0.00792185
0 0.715696 0.831275 0.0202543 0.0309067
0 0.93425 0.727451 0.00787182 0.0255971
8 0.325762 0.731805 0.019589 0.00750851
0 0.576944 0.875399 0.031893 0.01349
0 0.5278 0.739787 0.0046813 0.00733507
0 0.88342 0.984978 0.0431248 0.0289063
0 0.973678 0.752956 0.00532112 0.00899556
37 0.00943688 0.759544 0.0147547 0.00906609
0 0.973268 0.675256 0.00671158 0.016625
8 0.151582 0.739638 0.0232197 0.0121928
0 0.852511 0.836063 0.0234718 0.0292528
0 0.117599 0.984487 0.0344374 0.0226878
0 0.773762 0.813152 0.00695801 0.0144023
0 0.00900346 0.975857 0.0178864 0.0270727
37 0.85307 0.846244 0.026226 0.0134433
37 0.76818 0.710643 0.0279191 0.00894165
37 0.104947 0.987095 0.0659289 0.0216885
0 0.109634 0.981087 0.0190567 0.023401
0 0.105681 0.985814 0.0655848 0.0234155
37 0.57682 0.875182 0.0321434 0.0133435
0 0.906469 0.748906 0.00822506 0.0379603
0 0.971795 0.768367 0.0139187 0.0173308
0 0.97468 0.770486 0.0182514 0.0128577
24 0.153433 0.983453 0.0177137 0.0124641
37 0.858199 0.847368 0.0373425 0.0125061
0 0.883394 0.683687 0.00505066 0.00920258
37 0.0626574 0.759262 0.0394932 0.00834656
37 0.283155 0.737386 0.0171093 0.00883484
0 0.992241 0.676071 0.00570946 0.015809
37 0.457794 0.784915 0.0183358 0.0101101
0 0.00910837 0.752514 0.0123605 0.0121119
0 0.42753 0.909571 0.014588 0.0471719
37 0.944732 0.867044 0.0282944 0.0150123
37 0.327678 0.730834 0.015781 0.00853848
0 0.949656 0.860781 0.0142174 0.0176154
0 0.0078291 0.750836 0.0110763 0.0144987
0 0.768846 0.699521 0.00917797 0.0186441
0 0.752159 0.792581 0.0101244 0.0285428
37 0.937438 0.867243 0.0140049 0.0148865
0 0.90614 0.975953 0.0604885 0.0453189
0 0.767145 0.813246 0.00806761 0.014739
0 0.32666 0.751781 0.0114933 0.015613
0 0.772894 0.8128 0.020974 0.0168615
0 0.770908 0.812475 0.0152851 0.0155585
37 0.306173 0.716508 0.0174166 0.00914137
0 0.322196 0.713143 0.0102644 0.0141869
14 0.920003 0.679396 0.00769405 0.00966916
0 0.148294 0.738698 0.0114248 0.0131136
37 0.859909 0.845859 0.0388229 0.0166063
37 0.0691103 0.75909 0.0267952 0.00714281
0 0.911778 0.753918 0.0113369 0.041176
8 0.306236 0.716545 0.0167894 0.00875956
0 0.7792 0.815961 0.00825729 0.0103156
0 0.865322 0.845122 0.0255709 0.0163037
37 0.791059 0.820594 0.024677 0.00645176
0 0.862429 0.832448 0.0288208 0.0380134
0 0.540904 0.848744 0.00769253 0.0280236
8 0.5372 0.739819 0.0240462 0.00939399
0 0.440223 0.909949 0.0160225 0.0418988
37 0.796549 0.706574 0.0238203 0.00912509
8 0.283296 0.736309 0.0185267 0.0123983
4 0.456851 0.319002 0.0136558 0.00643658
8 0.312134 0.716382 0.0307177 0.0112929
8 0.150376 0.741168 0.0242072 0.0106518
0 0.10962 0.97353 0.0192965 0.0386592
0 0.327132 0.755348 0.0101644 0.0138618
0 0.935909 0.726916 0.0110891 0.0251222
0 0.899441 0.68229 0.00632992 0.0155218
0 0.391122 0.831894 0.0182303 0.0864397
0 0.83869 0.834965 0.0337318 0.0339118
0 0.819577 0.815261 0.0110943 0.00875753
37 0.593693 0.913488 0.0619246 0.0120399
0 0.871817 0.845385 0.0131691 0.0151674
0 0.684457 0.815053 0.0132006 0.0161179
