0 0.452409 0.83458 0.0127293 0.0662311
0 0.600347 0.811029 0.0110361 0.0458632
0 0.830776 0.834679 0.0174187 0.03347
0 0.953742 0.849751 0.0218321 0.042612
0 0.746666 0.782451 0.00759993 0.045674
0 0.532235 0.820759 0.0126097 0.0497521
0 0.842594 0.766487 0.0085331 0.0447881
0 0.475877 0.854212 0.0161903 0.0300291
0 0.797092 0.775444 0.00737667 0.0473304
0 0.699678 0.790048 0.01 0.0522156
0 0.692325 0.795891 0.0092082 0.0472165
0 0.730058 0.784253 0.0112904 0.0517914
0 0.939541 0.728533 0.00714798 0.0210592
0 0.717942 0.830899 0.0124067 0.0302314
0 0.720828 0.787685 0.00765877 0.0411377
37 0.198083 0.915894 0.0454726 0.0312758
0 0.00725016 0.747552 0.0096128 0.0159224
0 0.856887 0.829166 0.0133711 0.0333103
0 0.97181 0.762605 0.0132355 0.0264409
0 0.269644 0.734445 0.00751619 0.018574
0 0.433709 0.914239 0.0243801 0.0374229
0 0.354473 0.989188 0.0149596 0.0216071
0 0.974228 0.762612 0.0184937 0.027223
0 0.11479 0.982499 0.0320461 0.0267465
37 0.0221581 0.938412 0.0443058 0.0293667
0 0.739233 0.781822 0.00407028 0.032274
0 0.883543 0.982239 0.0441761 0.0342646
0 0.312601 0.708108 0.00745296 0.0151038
0 0.402364 0.763886 0.005937 0.0158003
0 0.921545 0.972615 0.0277325 0.0416504
0 0.391614 0.774335 0.0076416 0.0137495
0 0.712164 0.831707 0.0251774 0.030913
0 0.90522 0.972513 0.0374632 0.0416341
0 0.391076 0.832743 0.0187576 0.0870972
0 0.676503 0.815198 0.0165823 0.0188424
0 0.437183 0.913998 0.0175781 0.036479
0 0.0664701 0.747747 0.00868287 0.0115799
0 0.00591273 0.979007 0.0117456 0.0183624
0 0.287353 0.724962 0.00591698 0.0164181
14 0.996275 0.811781 0.00703163 0.0202406
0 0.109679 0.981228 0.0216983 0.024608
0 0.440094 0.916796 0.0116039 0.029342
0 0.996178 0.811491 0.00723228 0.0206311
0 0.577022 0.875835 0.0340263 0.0138767
0 0.154095 0.732997 0.0121881 0.0118988
8 0.0625416 0.743678 0.0249304 0.019656
0 0.978205 0.670833 0.0080143 0.0137499
37 0.0539024 0.739413 0.00807794 0.010279
0 0.0616132 0.734812 0.00534489 0.0158742
0 0.505863 0.7322 0.00898838 0.0113608
0 0.911779 0.973149 0.0451839 0.0435464
0 0.853226 0.830819 0.0213619 0.0371216
0 0.895835 0.976138 0.0680342 0.0457777
0 0.701432 0.789904 0.0109728 0.0508735
0 0.915396 0.972924 0.0138676 0.0390635
0 0.740491 0.781381 0.00600691 0.0394141
0 0.285631 0.724075 0.00826845 0.0198613
16 0.676307 0.815358 0.0164098 0.0188402
0 0.738715 0.782354 0.00534687 0.0430593
0 0.507025 0.731408 0.00709248 0.0100299
0 0.104199 0.983396 0.0659339 0.0293081
37 0.102475 0.994258 0.0617293 0.00876499
0 0.403019 0.764664 0.00743647 0.0181346
0 0.140861 0.738981 0.00434618 0.00691393
0 0.0622952 0.743351 0.0242974 0.0208266
0 0.284948 0.721804 0.00904069 0.0238656
0 0.872573 0.845569 0.0151487 0.0152186
0 0.00933886 0.978724 0.0185236 0.0204605
8 0.303011 0.714361 0.0284309 0.0125175
8 0.0671759 0.748097 0.0166621 0.0120989
8 0.303157 0.710642 0.027346 0.0156282
0 0.434934 0.763053 0.00546741 0.0103348
0 0.958873 0.849978 0.0119417 0.0368418
37 0.0626003 0.744163 0.0256137 0.0200758
0 0.0629406 0.738519 0.00711784 0.024017
0 0.134857 0.738933 0.00951138 0.00801426
0 0.393704 0.774139 0.0154506 0.0141268
0 0.770692 0.812645 0.0126841 0.0147861
24 0.153575 0.983391 0.0174143 0.0130625
8 0.0109082 0.756949 0.0202082 0.0131324
37 0.0952447 0.994164 0.0468261 0.00767178
0 0.429177 0.913885 0.0340807 0.0394367
0 0.860335 0.795141 0.00732193 0.0127202
8 0.283299 0.723212 0.0141058 0.0252679
8 0.283508 0.731204 0.0125178 0.0081838
0 0.435783 0.908421 0.0252234 0.0482742
37 0.853015 0.847123 0.0263317 0.012462
0 0.860881 0.845842 0.038858 0.0162871
0 0.390984 0.813693 0.0179521 0.0476434
0 0.744101 0.782057 0.0125791 0.0464559
0 0.741457 0.783764 0.0116606 0.0488215
0 0.966516 0.649371 0.00580597 0.013988
0 0.389513 0.774275 0.0131216 0.0145749
14 0.254711 0.397851 0.00919108 0.0105085
0 0.891386 0.673243 0.00585728 0.0105981
33 0.391285 0.815351 0.01748 0.0510769
0 0.947844 0.675217 0.00545197 0.0114517
0 0.89514 0.976345 0.0226446 0.0302914
0 0.125997 0.985453 0.0285304 0.0223389
0 0.86458 0.833081 0.0317177 0.040234
8 0.963088 0.695263 0.0212965 0.0120483
0 0.12177 0.986404 0.0193079 0.0222154
37 0.575877 0.881686 0.032052 0.00645243
37 0.944672 0.865617 0.0286144 0.0170081
0 0.951958 0.863078 0.0191071 0.0180227
0 0.856457 0.795738 0.0173466 0.0122569
14 0.559438 0.839321 0.00523567 0.0111623
33 0.391332 0.808291 0.0167501 0.0359329
0 0.719589 0.784816 0.00907154 0.0361386
37 0.857247 0.847197 0.0359703 0.0131378
8 0.0112031 0.75328 0.0204725 0.0177846
0 0.506817 0.733251 0.012117 0.0133006
0 0.892094 0.984684 0.028887 0.027419
0 0.540701 0.849334 0.00831661 0.0236899
