0 0.452033 0.83406 0.0125584 0.0670644
0 0.842747 0.766978 0.0090538 0.0460985
0 0.690771 0.795784 0.00918217 0.0443405
0 0.796531 0.774784 0.00760593 0.046933
0 0.71865 0.830335 0.0140043 0.0315754
0 0.58376 0.813979 0.0109881 0.0488285
0 0.724363 0.787465 0.0082056 0.0465257
0 0.953736 0.849626 0.0225426 0.0408451
0 0.677782 0.788413 0.0101521 0.0427141
0 0.746525 0.781622 0.00869589 0.0492269
0 0.830868 0.834736 0.0176853 0.0334524
0 0.116118 0.982917 0.0363218 0.0273714
0 0.517346 0.824669 0.0131529 0.0510074
0 0.474673 0.856843 0.0177368 0.0252197
0 0.431843 0.914093 0.0277531 0.0369422
0 0.0114311 0.748592 0.00971659 0.0187653
0 0.713772 0.791169 0.00726643 0.0429097
0 0.702335 0.796572 0.00779972 0.0372599
8 0.197561 0.915413 0.0448285 0.0323015
0 0.355352 0.989196 0.0139681 0.0216087
0 0.855963 0.82945 0.0135109 0.033058
0 0.8404 0.697613 0.00464859 0.0172177
0 0.708869 0.79007 0.0093771 0.0486701
0 0.00564681 0.979334 0.0112119 0.0182732
0 0.897854 0.97519 0.0735374 0.0469218
0 0.97464 0.76191 0.0181238 0.0280219
0 0.972062 0.761454 0.0123821 0.0268217
0 0.938987 0.728395 0.00698929 0.0177031
0 0.811011 0.697786 0.0052639 0.0171797
0 0.28546 0.718127 0.00722704 0.0140927
37 0.0222056 0.9381 0.0443568 0.0296675
0 0.266977 0.728421 0.00580235 0.0146389
0 0.315246 0.710758 0.0065424 0.013815
8 0.069921 0.748928 0.0142043 0.0148329
8 0.990832 0.698463 0.0178993 0.0133748
0 0.383869 0.775217 0.00477886 0.0148261
0 0.063443 0.737207 0.00623384 0.0144735
0 0.911365 0.974416 0.0496241 0.045459
0 0.410338 0.762374 0.00684423 0.0137533
0 0.853058 0.830655 0.0223331 0.0353706
0 0.711106 0.7868 0.0118198 0.0508579
0 0.704909 0.794555 0.0101912 0.0410897
37 0.0951356 0.994456 0.047668 0.00805189
0 0.99637 0.812086 0.00683365 0.0177151
0 0.540606 0.84873 0.00680237 0.0280382
0 0.903113 0.972612 0.0331007 0.0417887
0 0.889123 0.978505 0.0568195 0.0411753
0 0.502553 0.728647 0.0125212 0.0140659
8 0.288446 0.726853 0.0231477 0.00899489
0 0.921076 0.973286 0.0296165 0.0421692
0 0.708368 0.766077 0.00615864 0.0115799
0 0.676054 0.815367 0.0149122 0.0181037
0 0.676326 0.792964 0.0132383 0.0521233
0 0.391075 0.831286 0.0191789 0.0865736
8 0.137254 0.735936 0.0179423 0.0119534
0 0.713272 0.791788 0.0102965 0.04436
0 0.990863 0.668227 0.00373383 0.0130942
37 0.576183 0.875078 0.0363684 0.014396
0 0.957424 0.849735 0.0152061 0.0375326
37 0.85291 0.848193 0.0264507 0.0105323
0 0.285227 0.718713 0.0137731 0.0152934
0 0.516055 0.809204 0.00946388 0.031709
0 0.058487 0.737646 0.0161467 0.0134722
37 0.103134 0.993077 0.0639309 0.00980004
0 0.38604 0.775725 0.0118916 0.0157732
33 0.39106 0.831388 0.0186661 0.086652
8 0.279662 0.730313 0.0416375 0.0191725
37 0.502325 0.731757 0.013348 0.00961982
0 0.700738 0.794612 0.0107873 0.0434926
8 0.285825 0.727959 0.028797 0.0133552
0 0.993558 0.742359 0.0117407 0.0434682
0 0.576833 0.875799 0.0355309 0.0137032
0 0.0572053 0.73954 0.0136095 0.00910339
0 0.94717 0.675462 0.00814476 0.0155394
0 0.772841 0.81272 0.0200718 0.0157132
0 0.48374 0.856629 0.0373505 0.025611
8 0.299391 0.717482 0.017626 0.00902252
24 0.153785 0.983196 0.0184396 0.0133087
8 0.302032 0.717033 0.021776 0.00936195
0 0.993678 0.744277 0.00834427 0.0452167
8 0.302457 0.716804 0.013381 0.00796983
0 0.716049 0.830523 0.0193572 0.0334807
8 0.421031 0.763483 0.0278725 0.0122175
0 0.102378 0.983094 0.0614276 0.0272641
0 0.882362 0.980334 0.0438076 0.0379584
8 0.990743 0.693999 0.0180519 0.0225994
0 0.952705 0.859394 0.0204098 0.022659
8 0.0586155 0.737761 0.0160854 0.0133399
0 0.520131 0.825203 0.0197278 0.0496168
33 0.390992 0.812396 0.0182524 0.0469196
8 0.40648 0.770749 0.0581264 0.025412
0 0.559591 0.838921 0.00655632 0.0103836
37 0.935944 0.866995 0.0116013 0.014798
8 0.844486 0.834574 0.0460587 0.0391869
0 0.716066 0.789371 0.0118105 0.0454054
0 0.696968 0.795868 0.0112547 0.0410879
8 0.943101 0.679298 0.0171822 0.0113936
8 0.994084 0.683638 0.0114002 0.0124727
37 0.577502 0.88025 0.0338833 0.0104972
0 0.997443 0.670964 0.00453377 0.0101199
8 0.065777 0.744311 0.0235814 0.0238875
8 0.943111 0.676505 0.0177757 0.0170381
0 0.130862 0.982378 0.0657386 0.0277922
0 0.440434 0.915267 0.0108965 0.0329112
0 0.777656 0.813691 0.011791 0.0148329
0 0.15522 0.731588 0.00743003 0.00654093
14 0.914888 0.67246 0.00383129 0.00747901
8 0.276672 0.732882 0.0467485 0.0221297
37 0.947356 0.865443 0.0339783 0.0183048
0 0.980464 0.667251 0.00457878 0.0155919
0 0.97716 0.670999 0.00989532 0.0136751
8 0.270163 0.737348 0.019166 0.0139825
0 0.940131 0.729883 0.00917301 0.0170203
0 0.859516 0.794897 0.00807476 0.0127974
0 0.943329 0.676644 0.0168995 0.0159117
0 0.00578483 0.984557 0.0115057 0.0285587
0 0.679409 0.790425 0.0135365 0.046422
0 0.92234 0.979385 0.0265053 0.0279704
8 0.961532 0.669536 0.055286 0.0327133
0 0.904549 0.682644 0.00510178 0.0123659
8 0.960769 0.675723 0.0529461 0.0172424
