0 0.782486 0.776763 0.0116995 0.0508453
0 0.452505 0.833625 0.0109855 0.0673572
0 0.557309 0.816129 0.0127327 0.0562941
0 0.796886 0.775206 0.00885506 0.0504301
0 0.831193 0.834741 0.0184891 0.0334659
0 0.648979 0.803865 0.0117767 0.049863
0 0.692494 0.794209 0.00956574 0.0472889
0 0.702974 0.792857 0.00926457 0.0507263
0 0.718265 0.830601 0.014943 0.0305027
0 0.842992 0.762268 0.00797501 0.0419769
0 0.953513 0.849298 0.0220421 0.0415919
0 0.75911 0.781764 0.00987139 0.0488481
0 0.0587719 0.739324 0.00479964 0.0175086
0 0.736205 0.786124 0.00860424 0.0466848
0 0.940775 0.727694 0.00693359 0.0209493
0 0.746317 0.783154 0.00737 0.0480932
0 0.856149 0.830695 0.0144939 0.0326114
0 0.00464847 0.752657 0.00873475 0.0171254
0 0.67607 0.815845 0.0153252 0.0201803
0 0.434108 0.914643 0.0237109 0.0361277
0 0.115164 0.982898 0.0313032 0.0249834
0 0.973827 0.762188 0.0201492 0.0294713
0 0.481986 0.854865 0.0390072 0.0283115
0 0.956792 0.8488 0.0156475 0.0405199
0 0.355093 0.989133 0.014405 0.0217345
0 0.28971 0.72267 0.00596533 0.0160263
37 0.198285 0.915956 0.0462035 0.0313061
8 0.198249 0.915699 0.0460365 0.0312812
0 0.883753 0.980569 0.0458523 0.0378064
0 0.0668579 0.749923 0.0111974 0.0170875
37 0.0221326 0.938673 0.0442652 0.0279283
0 0.274422 0.7301 0.00716896 0.0169261
0 0.852721 0.83101 0.0212185 0.034631
0 0.890195 0.976242 0.0582352 0.045413
0 0.522575 0.728232 0.00881004 0.0114492
0 0.921395 0.973391 0.0271338 0.0403419
0 0.738956 0.786477 0.00981789 0.0457987
0 0.404525 0.774653 0.00420074 0.0138977
0 0.318819 0.711525 0.00513077 0.0149563
37 0.853123 0.848462 0.0250008 0.00917358
0 0.00289259 0.976179 0.00573135 0.0240316
37 0.0950168 0.994306 0.0454688 0.0079661
0 0.415834 0.762577 0.00471458 0.0123233
0 0.00535687 0.976102 0.0106469 0.0249339
0 0.134548 0.739724 0.00625629 0.0112386
0 0.995889 0.811536 0.00781136 0.0199972
0 0.577301 0.875695 0.0333481 0.0149082
0 0.902715 0.973448 0.0336021 0.0406482
0 0.75126 0.784085 0.006357 0.0450134
0 0.715187 0.831114 0.021288 0.0311018
8 0.410017 0.779825 0.0266039 0.0140615
0 0.914122 0.972728 0.0100533 0.038854
37 0.101944 0.993494 0.0597878 0.00902032
0 0.386692 0.760842 0.0115142 0.0134133
0 0.391104 0.817302 0.0177669 0.0558143
0 0.493925 0.853642 0.0155396 0.028322
37 0.00471932 0.756052 0.00934405 0.013009
37 0.0608837 0.749819 0.028417 0.0137575
0 0.80889 0.698283 0.00735455 0.0174756
0 0.10969 0.981114 0.0205718 0.0221632
0 0.404579 0.776028 0.00696297 0.0143807
0 0.750666 0.783677 0.00879908 0.0469744
0 0.142203 0.738266 0.0107738 0.01069
0 0.409216 0.7745 0.00801506 0.0151998
0 0.39096 0.831653 0.0175299 0.0837545
0 0.808928 0.700138 0.00865822 0.0213212
0 0.98364 0.671922 0.00611115 0.0190418
37 0.852356 0.845482 0.0232878 0.0115907
0 0.274119 0.73307 0.00793171 0.01828
8 0.409938 0.773984 0.0280404 0.0253221
0 0.520867 0.728524 0.0133941 0.0122375
0 0.137259 0.739895 0.0203198 0.0149251
0 0.756353 0.781105 0.0117624 0.0509996
0 0.74424 0.783545 0.0118206 0.0510203
37 0.064064 0.750423 0.0176135 0.0152327
0 0.773401 0.812306 0.00791302 0.0157184
16 0.773637 0.81202 0.00739851 0.0155791
0 0.774667 0.812335 0.0178646 0.0166573
0 0.54121 0.848479 0.00717239 0.0279626
37 0.993315 0.772767 0.0129013 0.0111789
0 0.00942428 0.976409 0.0186853 0.0271044
0 0.131222 0.983278 0.0637048 0.0255922
0 0.318257 0.712443 0.00680437 0.0152395
0 0.770229 0.812163 0.0147712 0.0165095
8 0.411434 0.771222 0.0328218 0.0287042
8 0.0596725 0.751108 0.0278773 0.0172153
0 0.00314626 0.971816 0.0062593 0.0327301
37 0.28502 0.728394 0.0151772 0.00862935
0 0.286927 0.723431 0.014667 0.0180467
0 0.439752 0.914947 0.0124424 0.0333266
8 0.136688 0.740964 0.0205315 0.013235
0 0.177753 0.734601 0.0107223 0.00680966
0 0.77939 0.81482 0.00771027 0.0114336
37 0.85666 0.847095 0.0323635 0.0137329
0 0.00595266 0.972445 0.0117758 0.0333332
8 0.419321 0.763118 0.0170005 0.0127825
0 0.673024 0.816367 0.0216354 0.0214818
0 0.971198 0.671681 0.00575256 0.0142114
0 0.910327 0.975886 0.051025 0.0446664
0 0.994836 0.810407 0.00989723 0.0230269
24 0.153497 0.98338 0.0181202 0.0133948
37 0.153489 0.983364 0.0180702 0.0131165
37 0.845189 0.846545 0.041972 0.0133709
37 0.936246 0.866899 0.0117085 0.0160071
0 0.125291 0.985147 0.0287462 0.0229326
0 0.413178 0.764371 0.0106941 0.0146688
37 0.989043 0.755393 0.0214371 0.0104123
0 0.996796 0.675612 0.00598145 0.0198916
0 0.94739 0.860072 0.00995445 0.0187697
37 0.955856 0.863936 0.030456 0.0198007
0 0.862963 0.833092 0.0314648 0.0371023
0 0.877183 0.680551 0.00480404 0.012472
8 0.282509 0.729595 0.0233328 0.0127689
8 0.306832 0.717803 0.0279992 0.00911323
0 0.153559 0.98349 0.0183504 0.0138211
0 0.852109 0.796364 0.0087162 0.00894131
0 0.956946 0.856678 0.0265053 0.0309709
0 0.066209 0.747574 0.0143594 0.0218979
37 0.959583 0.869151 0.0222374 0.0088362
37 0.302939 0.717473 0.0175864 0.00784675
0 0.936159 0.866525 0.0117531 0.0159743
0 0.948403 0.863042 0.0122206 0.0163603
0 0.951623 0.675986 0.0044651 0.0119958
37 0.587561 0.912846 0.0433237 0.0126522
37 0.0501233 0.742573 0.00815101 0.00948113
0 0.99564 0.802006 0.00828667 0.0393558
8 0.136361 0.745973 0.0207789 0.00975749
37 0.574184 0.874721 0.0383561 0.0169918
8 0.306363 0.721424 0.0243945 0.00945842
0 0.924131 0.983404 0.0197884 0.0202321
0 0.56078 0.80529 0.00641241 0.0326213
37 0.957563 0.867372 0.0258099 0.0110252
0 0.896646 0.682529 0.00448647 0.00917867
0 0.0601981 0.744448 0.0258743 0.028914
