0 0.452865 0.833641 0.0121799 0.0673896
0 0.294871 0.861164 0.00971689 0.0586863
0 0.95342 0.848269 0.0222546 0.0419244
0 0.698191 0.795622 0.0095274 0.0507399
0 0.483746 0.827444 0.0159698 0.055523
0 0.830854 0.83452 0.015477 0.0328657
0 0.770144 0.780543 0.00931263 0.0459968
0 0.972229 0.737226 0.00874748 0.0399573
0 0.796659 0.775281 0.00888519 0.0493727
0 0.68435 0.795302 0.0106338 0.0432946
0 0.88069 0.759291 0.00832481 0.0415456
0 0.536573 0.776866 0.00776501 0.0265672
0 0.423763 0.913513 0.018576 0.0434962
0 0.470183 0.798012 0.00900879 0.0325134
0 0.856428 0.827731 0.012521 0.0358938
0 0.895874 0.740213 0.00805206 0.033714
0 0.523057 0.779433 0.00935707 0.0208142
0 0.843464 0.766162 0.00811844 0.0482451
0 0.83982 0.768359 0.00769444 0.0425751
0 0.943978 0.745792 0.0100113 0.0417518
0 0.787212 0.777346 0.00909405 0.047876
0 0.718602 0.830373 0.013869 0.0317034
0 0.0101922 0.750687 0.00702035 0.018398
0 0.822401 0.768991 0.00762138 0.0323029
0 0.893782 0.975909 0.0653828 0.046543
0 0.841727 0.766908 0.00992966 0.0464161
37 0.198224 0.916158 0.0465927 0.0316969
0 0.114493 0.98361 0.0318219 0.0184652
0 0.351476 0.98895 0.0194889 0.0221005
0 0.910648 0.762854 0.00725212 0.0297563
0 0.71462 0.83063 0.0221739 0.0319729
0 0.7835 0.695702 0.00587692 0.0126687
0 0.33046 0.7081 0.00510731 0.0169805
0 0.926782 0.728369 0.00741348 0.0213143
0 0.995628 0.813885 0.00832443 0.0185113
0 0.421091 0.912999 0.012971 0.0425749
0 0.883892 0.979617 0.0460993 0.03963
0 0.0712923 0.751369 0.00597245 0.0119239
0 0.577745 0.872487 0.0331397 0.0204295
0 0.675592 0.816059 0.0151614 0.018551
37 0.0221795 0.938102 0.0443591 0.0283201
0 0.905955 0.973421 0.0415005 0.0422143
0 0.853294 0.82906 0.0190022 0.0387912
0 0.0075338 0.751199 0.0130166 0.0181459
0 0.540892 0.849708 0.00671768 0.027466
0 0.917438 0.972609 0.0183777 0.0398514
37 0.0965227 0.994212 0.0483712 0.00813039
0 0.0680565 0.75185 0.0123904 0.0120327
0 0.971741 0.765004 0.0131519 0.0234097
8 0.774474 0.696989 0.0246931 0.0130773
0 0.0599353 0.750497 0.00348424 0.00742306
0 0.289778 0.753529 0.00697336 0.0193505
0 0.0055623 0.981536 0.0110306 0.0138957
0 0.949464 0.849414 0.0297726 0.0441566
0 0.921224 0.973171 0.0282978 0.0408424
0 0.936666 0.74412 0.00600586 0.0226388
8 0.296931 0.755578 0.0225655 0.0160716
0 0.973464 0.662978 0.00881081 0.0393011
37 0.100857 0.990415 0.0571409 0.0151374
37 0.00910304 0.758313 0.0169807 0.00855577
0 0.973998 0.764485 0.0180313 0.0246587
8 0.32302 0.711876 0.0185281 0.0130413
0 0.370629 0.738583 0.0101241 0.0102319
0 0.103013 0.986203 0.0551247 0.0227341
37 0.323392 0.715941 0.0189992 0.0101356
0 0.77027 0.812253 0.0137396 0.0165103
37 0.079019 0.753537 0.0139976 0.011261
0 0.972912 0.659824 0.0073597 0.0319845
37 0.951408 0.865922 0.0395809 0.016824
0 0.478784 0.819802 0.00661402 0.0293981
0 0.906468 0.682865 0.00336914 0.0142614
0 0.974473 0.771639 0.0179523 0.0114193
0 0.135127 0.747267 0.00544939 0.010772
0 0.682417 0.81388 0.0156491 0.0200102
0 0.30671 0.740814 0.00730906 0.011496
37 0.492723 0.864057 0.0210316 0.00865919
0 0.833586 0.835124 0.021417 0.0338199
0 0.909335 0.762568 0.0102032 0.0295558
37 0.965968 0.700946 0.0661358 0.023545
37 0.788963 0.819998 0.026233 0.0081231
8 0.0789693 0.753468 0.0139297 0.0110555
0 0.589276 0.907327 0.0516706 0.0252477
0 0.972705 0.656015 0.00693283 0.0236391
0 0.852065 0.841983 0.0217434 0.0167691
0 0.99551 0.660592 0.00377598 0.0110001
0 0.906904 0.975784 0.0565743 0.0454366
0 0.881749 0.984785 0.0417419 0.0297038
0 0.779596 0.81743 0.00862741 0.0103795
37 0.852732 0.846106 0.0263805 0.0133925
0 0.677077 0.813617 0.0183455 0.0210325
8 0.620926 0.318666 0.00913239 0.0139181
8 0.778002 0.699226 0.0318501 0.0172681
37 0.85599 0.847085 0.0394154 0.0129744
0 0.369406 0.738377 0.0136674 0.0108287
0 0.112678 0.98086 0.0305713 0.0235067
24 0.153427 0.983454 0.0179619 0.0128845
0 0.291701 0.754666 0.0112652 0.0179972
37 0.588602 0.909866 0.0525355 0.0211412
37 0.960013 0.862991 0.047813 0.0173242
37 0.935981 0.86766 0.0113388 0.0133228
0 0.533423 0.777101 0.0136105 0.0262468
37 0.94729 0.864764 0.0304787 0.0162584
0 0.00584881 0.978855 0.0115843 0.0187266
37 0.949547 0.863512 0.0207666 0.016432
0 0.773758 0.812738 0.0208434 0.0181708
8 0.32153 0.710345 0.022655 0.0158125
0 0.921906 0.683298 0.00696239 0.0135001
0 0.908302 0.762938 0.0152239 0.0301405
0 0.782835 0.699026 0.00694027 0.0181159
0 0.976054 0.67546 0.00568161 0.0150857
37 0.695676 0.841559 0.0268822 0.0144613
0 0.200569 0.72596 0.00755528 0.0080563
0 0.910088 0.682671 0.00519409 0.0151686
0 0.787937 0.817849 0.0257662 0.0109075
0 0.121593 0.985933 0.0228652 0.0211622
37 0.591877 0.914005 0.0443059 0.0121836
0 0.289387 0.756812 0.00657558 0.0241854
37 0.957973 0.866345 0.055229 0.0148571
0 0.489363 0.818819 0.00596647 0.0293632
0 0.120477 0.984957 0.0376455 0.0199644
0 0.839119 0.768711 0.0109257 0.0431666
37 0.960645 0.863168 0.0514147 0.0120154
0 0.673198 0.816654 0.0180237 0.0198992
0 0.995296 0.808323 0.00894051 0.030561
0 0.541008 0.852813 0.00775585 0.0348136
37 0.93104 0.768775 0.0684006 0.0180198
0 0.12937 0.985078 0.0661564 0.020978
0 0.859599 0.795207 0.00805321 0.0127096
0 0.372481 0.738629 0.016958 0.0111094
37 0.788443 0.818382 0.0256264 0.0102631
0 0.951831 0.668467 0.00526047 0.0143277
0 0.32916 0.880443 0.00879445 0.015546
37 0.75246 0.826318 0.0279791 0.00644345
37 0.0996757 0.987078 0.055016 0.0202813
0 0.872046 0.845463 0.0133183 0.0145294
0 0.914024 0.97702 0.0422886 0.0415787
