0 0.453685 0.833667 0.0125145 0.0679342
0 0.830738 0.834481 0.017482 0.0341549
0 0.464934 0.836162 0.0143393 0.0647
0 0.950409 0.749519 0.0100449 0.0437
0 0.843213 0.766835 0.0077446 0.0455012
0 0.706147 0.791433 0.00984936 0.0470551
0 0.718655 0.829821 0.0145163 0.0323364
0 0.885641 0.758873 0.0107155 0.0501346
0 0.795075 0.775715 0.0109016 0.0486494
0 0.694503 0.793665 0.0103977 0.0461875
0 0.851968 0.763956 0.00860405 0.0483604
0 0.744377 0.78477 0.00776196 0.0476969
0 0.892756 0.976163 0.0616528 0.0454922
0 0.0718333 0.742305 0.00756743 0.0263707
0 0.856166 0.830433 0.016256 0.0331462
0 0.434808 0.913744 0.0221155 0.0379005
0 0.52956 0.815291 0.0111099 0.0414676
0 0.827576 0.777591 0.00606136 0.0287404
0 0.809475 0.774849 0.00915909 0.0453556
0 0.2767 0.728792 0.00693655 0.0144821
0 0.964982 0.738882 0.00788555 0.0353466
0 0.755529 0.782055 0.00779409 0.0485353
0 0.00893888 0.750296 0.00787218 0.0183587
37 0.197785 0.915513 0.0449969 0.0313107
0 0.751393 0.786589 0.00821037 0.0416246
37 0.022202 0.938771 0.0441671 0.0290278
0 0.953536 0.849309 0.0219572 0.0411187
0 0.334992 0.755939 0.0080483 0.0206251
0 0.9572 0.847971 0.0151268 0.0380225
0 0.11716 0.983395 0.0345729 0.0242655
0 0.462158 0.781442 0.00810928 0.0224882
0 0.931483 0.72788 0.00622654 0.0231535
0 0.753766 0.782716 0.0102612 0.0489022
0 0.354325 0.989342 0.0152797 0.021284
0 0.192042 0.735078 0.00958467 0.00832045
0 0.52901 0.739265 0.00592651 0.00978767
0 0.897202 0.678453 0.00625648 0.0220942
0 0.319651 0.715099 0.00600162 0.0246004
0 0.903545 0.973094 0.0388109 0.0393565
0 0.972214 0.762344 0.0114748 0.0273977
0 0.973098 0.762891 0.0166121 0.0283461
0 0.0057201 0.943063 0.0113855 0.0917253
0 0.85393 0.831592 0.0215937 0.0362934
37 0.00986969 0.758999 0.0155598 0.00838013
0 0.675634 0.815854 0.016073 0.0197701
37 0.09734 0.994196 0.0506721 0.00828044
16 0.675502 0.815985 0.0156985 0.019794
0 0.532524 0.739547 0.013172 0.0102758
0 0.107883 0.984399 0.0578525 0.0259291
0 0.00591717 0.97554 0.0117909 0.025531
0 0.0091876 0.751449 0.0109123 0.0196408
0 0.770106 0.698108 0.00639 0.017877
0 0.949609 0.858626 0.0139229 0.0232073
0 0.0530215 0.752254 0.00552484 0.0070382
0 0.113263 0.981832 0.0270686 0.023258
0 0.155374 0.739204 0.00647533 0.0100884
0 0.972668 0.672599 0.00492172 0.0182304
0 0.714745 0.830434 0.022814 0.032743
0 0.8638 0.833201 0.0326405 0.0386061
0 0.884019 0.984367 0.0447414 0.02949
0 0.995889 0.813877 0.00782032 0.0145989
0 0.441886 0.776738 0.00685692 0.0214708
37 0.577449 0.875372 0.0324374 0.0137597
0 0.828575 0.775526 0.00845642 0.0332915
0 0.143454 0.739577 0.0100142 0.0094357
0 0.78823 0.699319 0.00604534 0.0190336
0 0.879039 0.673543 0.00630264 0.00971603
0 0.577682 0.875744 0.0327407 0.0143277
0 0.773274 0.81256 0.00718174 0.0148983
0 0.527851 0.816452 0.013958 0.0452369
0 0.872751 0.845694 0.0141537 0.0144652
37 0.145722 0.7398 0.0147946 0.00920139
25 0.391054 0.831756 0.0182028 0.0867349
0 0.947908 0.850728 0.0319492 0.0449015
0 0.00204616 0.91494 0.00400562 0.0365906
8 0.316198 0.732336 0.0143328 0.00715095
0 0.770086 0.812927 0.0138384 0.0150818
0 0.391318 0.831888 0.0178741 0.0867952
0 0.983362 0.662537 0.00569725 0.0185094
37 0.275222 0.736892 0.0142466 0.00689867
0 0.983281 0.672937 0.00709229 0.0244224
0 0.319043 0.716787 0.00780087 0.0275397
0 0.125474 0.985582 0.0281115 0.0216022
0 0.441547 0.777348 0.0141398 0.0218336
0 0.00942401 0.976011 0.018728 0.026948
0 0.983667 0.678793 0.00733738 0.0170595
0 0.946158 0.859331 0.0303215 0.0285858
37 0.0514915 0.753295 0.0108238 0.00661248
37 0.334933 0.758387 0.00863142 0.0191081
24 0.153391 0.983053 0.0187513 0.0135562
37 0.93709 0.866984 0.0133808 0.0151054
0 0.978758 0.661214 0.00649357 0.0194334
0 0.443797 0.777498 0.0117233 0.0207001
37 0.536061 0.74027 0.0208536 0.00992262
0 0.524416 0.810772 0.00706482 0.0304474
0 0.860195 0.795409 0.00650291 0.0119551
0 0.779662 0.816194 0.00802879 0.00999383
37 0.943853 0.866165 0.0259293 0.016667
0 0.0732917 0.742347 0.0108198 0.0274246
0 0.468838 0.829249 0.00745468 0.0457319
0 0.317768 0.71712 0.010149 0.0238985
8 0.315881 0.72871 0.013489 0.00707855
0 0.155088 0.738405 0.00862238 0.0122943
0 0.860814 0.845882 0.0384405 0.0157579
0 0.879529 0.685459 0.00660152 0.00890706
0 0.983823 0.66941 0.0104397 0.0357185
0 0.525127 0.813725 0.00888157 0.0367669
0 0.851894 0.8394 0.0228951 0.0231791
0 0.92006 0.681778 0.00821667 0.0116219
0 0.775327 0.812921 0.016338 0.0165636
0 0.965217 0.66823 0.0044117 0.012047
0 0.460932 0.830992 0.00912228 0.0475888
0 0.153551 0.98318 0.0188821 0.013718
0 0.275698 0.729329 0.010131 0.0156281
0 0.349951 0.989385 0.0252554 0.0211899
0 0.540408 0.844608 0.00636654 0.0191308
0 0.540161 0.849602 0.00757923 0.0263814
37 0.853154 0.845341 0.0261028 0.0146678
2 0.505967 0.412226 0.0355051 0.0243518
0 0.705045 0.832084 0.0412979 0.0312083
0 0.811469 0.774659 0.0134262 0.0457906
0 0.830002 0.776884 0.0106974 0.0298381
0 0.981446 0.771504 0.00862007 0.00971883
0 0.390713 0.797575 0.00776424 0.0181373
