0 0.525979 0.820191 0.0112785 0.0526698
0 0.451874 0.833794 0.0124487 0.0673428
0 0.84216 0.76609 0.00896263 0.0455936
0 0.79682 0.774777 0.00760794 0.0477751
0 0.59355 0.813769 0.0121872 0.0504832
0 0.718647 0.830237 0.014143 0.0318407
0 0.953624 0.850076 0.0224371 0.0415376
0 0.746219 0.781693 0.00857754 0.0486949
0 0.830832 0.834713 0.0177097 0.0330626
0 0.475621 0.854551 0.016263 0.0297619
0 0.115787 0.982891 0.0355464 0.0273149
0 0.93937 0.726592 0.00755939 0.0177473
0 0.727055 0.78878 0.00911045 0.0444163
0 0.691687 0.791975 0.00995121 0.0519243
0 0.718779 0.786142 0.0108643 0.051846
0 0.00879057 0.746411 0.00875365 0.0174533
0 0.855882 0.829415 0.0143137 0.0329098
0 0.431855 0.914297 0.0278591 0.0364977
0 0.355357 0.989187 0.0139273 0.0216251
0 0.699689 0.792481 0.00844593 0.0479597
0 0.390378 0.775427 0.00593653 0.0139479
0 0.0059391 0.979337 0.0118039 0.0178853
0 0.97406 0.76168 0.0153639 0.0274992
8 0.133798 0.738741 0.023035 0.011281
8 0.197474 0.915441 0.0451939 0.032116
0 0.890486 0.975728 0.0585611 0.0467931
0 0.404552 0.764325 0.00674543 0.0152505
0 0.0632025 0.739676 0.00663309 0.0258304
37 0.0221922 0.938288 0.044355 0.0294856
0 0.997842 0.738474 0.00387917 0.035248
0 0.676966 0.815118 0.017021 0.0183078
0 0.436448 0.914402 0.0186012 0.0348762
0 0.285197 0.721567 0.00591259 0.014759
0 0.853257 0.830012 0.0188686 0.0348952
0 0.972668 0.76127 0.0109888 0.0270201
0 0.717046 0.787984 0.00886116 0.0497742
0 0.978855 0.669482 0.00578995 0.0156158
8 0.277907 0.730118 0.0391063 0.0246606
0 0.996376 0.812086 0.00682354 0.0176975
0 0.911434 0.974474 0.0493561 0.0455729
37 0.196888 0.915312 0.0441827 0.0316086
0 0.391785 0.775857 0.0106503 0.0140384
0 0.702554 0.793172 0.0108749 0.0451674
37 0.0947469 0.99446 0.0465347 0.00801426
8 0.0650224 0.74088 0.0301263 0.0271305
8 0.167559 0.565241 0.0844234 0.0216387
8 0.187168 0.564228 0.0509426 0.0172477
0 0.836606 0.69933 0.00583668 0.0209756
0 0.505301 0.730316 0.0124918 0.0127333
0 0.891867 0.675946 0.00795136 0.0127782
8 0.0656903 0.747598 0.0290752 0.0126723
0 0.808828 0.697649 0.00693665 0.0191262
0 0.058686 0.738297 0.014805 0.0235894
0 0.903051 0.972775 0.0330826 0.0422084
0 0.282493 0.723364 0.0146539 0.0176988
37 0.853006 0.848387 0.0261885 0.0105881
0 0.062006 0.737894 0.00727001 0.0233683
0 0.313999 0.709433 0.00635023 0.0148507
0 0.267278 0.730736 0.00874338 0.0182465
0 0.921144 0.973319 0.0291439 0.0421183
8 0.284139 0.726206 0.0196303 0.0137436
37 0.073746 0.747552 0.0132495 0.0116872
8 0.277524 0.734077 0.0404662 0.0195723
0 0.484947 0.854811 0.0346804 0.0294042
0 0.267827 0.733397 0.00559168 0.0138638
0 0.946989 0.674482 0.00601768 0.0149436
8 0.0650774 0.745616 0.0309312 0.0177066
0 0.427262 0.766091 0.0175413 0.0115906
0 0.883121 0.979458 0.0446714 0.0393785
37 0.102595 0.99361 0.0629615 0.00890689
0 0.855492 0.79445 0.0166958 0.014384
37 0.575985 0.875036 0.0368531 0.014551
0 0.407622 0.764209 0.0124434 0.0154755
8 0.42718 0.766046 0.0175385 0.011539
8 0.135618 0.737092 0.0186411 0.0108427
0 0.940852 0.682461 0.00737076 0.0122684
0 0.391345 0.831678 0.0181511 0.0869714
8 0.299551 0.715518 0.0217787 0.00880873
0 0.153581 0.729238 0.00733357 0.00865072
8 0.313984 0.709852 0.00678229 0.0153778
0 0.540558 0.849113 0.00716915 0.0273838
0 0.975829 0.762082 0.0213799 0.0282493
8 0.285037 0.724002 0.0231346 0.0174344
0 0.957467 0.850424 0.0148935 0.0392627
0 0.67983 0.814088 0.0225481 0.0190257
33 0.391148 0.812334 0.0174973 0.0465261
0 0.267507 0.734361 0.0124488 0.0159977
8 0.282975 0.72331 0.016534 0.0179779
0 0.102209 0.983243 0.0612759 0.0275279
8 0.302926 0.712503 0.0288703 0.0151328
0 0.409431 0.764967 0.00901203 0.0129178
0 0.576645 0.875784 0.036025 0.0138404
8 0.994533 0.668931 0.0104424 0.0117908
0 0.939711 0.677813 0.00833702 0.0124443
0 0.715677 0.830581 0.0203333 0.0335983
8 0.0580461 0.740046 0.0142698 0.0109155
24 0.153827 0.983185 0.0185725 0.0133277
0 0.770131 0.812696 0.0151405 0.016038
0 0.692395 0.809569 0.0140055 0.0240421
2 0.505543 0.412758 0.0349031 0.0240792
8 0.267658 0.734793 0.0163047 0.0174857
0 0.390999 0.812203 0.016775 0.0466488
37 0.935977 0.867007 0.0116795 0.0147776
0 0.836718 0.835204 0.0298058 0.034198
0 0.910804 0.675 0.010186 0.0127084
37 0.5775 0.880982 0.033803 0.00901591
0 0.00760853 0.746359 0.0118736 0.0186086
8 0.266216 0.737885 0.0180488 0.0111016
8 0.0588118 0.738579 0.0157243 0.0248771
8 0.266472 0.732415 0.0186018 0.0212513
8 0.257222 0.556577 0.0905368 0.0238718
2 0.500082 0.412704 0.0238626 0.0240022
0 0.965255 0.653471 0.00778084 0.0134599
8 0.968887 0.654579 0.0159584 0.0180148
8 0.955399 0.663418 0.00763168 0.0111708
0 0.92253 0.978576 0.0259216 0.0296541
8 0.909555 0.674873 0.0132767 0.0120706
8 0.987423 0.574152 0.024711 0.0124535
8 0.67005 0.571734 0.0167877 0.00844794
8 0.298961 0.712025 0.0380673 0.0177511
0 0.837515 0.699945 0.00776405 0.0225518
0 0.269129 0.732458 0.0136808 0.0182161
0 0.559314 0.838364 0.00586023 0.0115619
0 0.714897 0.780359 0.00733662 0.0386069
0 0.855919 0.82552 0.0169132 0.0333562
37 0.94622 0.865831 0.0316803 0.0168879
0 0.130974 0.982487 0.0658923 0.0277732
37 0.390218 0.778191 0.0156911 0.0126109
0 0.872376 0.844919 0.0147547 0.0163079
0 0.914525 0.968495 0.00908489 0.0342258
37 0.692698 0.819777 0.0149996 0.0100194
0 0.906333 0.682061 0.00576935 0.0167396
0 0.953267 0.860872 0.0207718 0.0208299
0 0.773123 0.812886 0.0195448 0.0169895
8 0.277852 0.725498 0.0404832 0.0365573
8 0.94369 0.675042 0.0168575 0.0163995
0 0.420895 0.914492 0.0500423 0.0379734
