0 0.453154 0.833787 0.0127208 0.0685299
0 0.778911 0.778679 0.0103251 0.0453196
0 0.827636 0.767924 0.010099 0.0540097
0 0.755457 0.781128 0.00803595 0.0493515
0 0.809807 0.771863 0.00996933 0.0504678
0 0.843712 0.765065 0.00701294 0.0489688
0 0.830659 0.835012 0.0177048 0.0329741
0 0.953485 0.849892 0.022179 0.0421034
0 0.736822 0.785301 0.00857353 0.0483744
0 0.796785 0.775014 0.00824022 0.0491404
0 0.702616 0.793786 0.00961094 0.0438305
8 0.198753 0.915632 0.0439034 0.0326087
0 0.717622 0.83048 0.0132214 0.0311227
0 0.55962 0.813212 0.0115288 0.0428304
0 0.695759 0.795008 0.00815964 0.0438243
0 0.856109 0.830867 0.0147427 0.0335671
0 0.894096 0.975416 0.0669304 0.0475803
0 0.941103 0.726957 0.00795212 0.0206733
0 0.409568 0.760907 0.00415783 0.00933363
0 0.115088 0.981069 0.0308772 0.0228278
0 0.905981 0.972257 0.0438805 0.041068
0 0.422825 0.781403 0.00816383 0.0205753
0 0.79671 0.69769 0.00488682 0.0140912
0 0.475346 0.853559 0.0209095 0.0320979
37 0.0222038 0.938535 0.0444075 0.0281952
0 0.972214 0.763917 0.0139542 0.0253945
0 0.478486 0.853306 0.0148657 0.0317176
0 0.2758 0.729955 0.00579519 0.0169964
0 0.0657036 0.741841 0.00659177 0.0337019
0 0.354467 0.989285 0.0154732 0.0214303
0 0.712672 0.830825 0.0244642 0.0322018
0 0.434298 0.914372 0.0231614 0.0373093
0 0.135501 0.737064 0.00426378 0.00962779
0 0.852747 0.831517 0.0215065 0.036068
0 0.0657429 0.733637 0.00606275 0.0169685
0 0.678048 0.815515 0.0196579 0.0182119
0 0.974953 0.764022 0.0195721 0.026062
8 0.00849657 0.750301 0.0169151 0.0207464
0 0.369947 0.756837 0.00956373 0.0121628
0 0.318264 0.713603 0.00555735 0.0167572
0 0.369634 0.757589 0.0125941 0.0118274
0 0.88341 0.985392 0.0454807 0.0275218
0 0.274471 0.730162 0.00819101 0.0182548
0 0.779516 0.69802 0.00522575 0.0144847
0 0.00243087 0.976363 0.00482442 0.0235711
0 0.440887 0.919174 0.0101332 0.0246926
0 0.00566693 0.976132 0.0112902 0.0249885
0 0.526196 0.735251 0.0155533 0.00982225
0 0.576681 0.875755 0.031925 0.0139392
0 0.429282 0.915863 0.0226147 0.0348572
0 0.119961 0.983025 0.0400802 0.0252274
37 0.419395 0.761801 0.0244517 0.0092648
0 0.105918 0.983846 0.0591717 0.0275772
37 0.0987284 0.994068 0.0527809 0.00860189
0 0.951869 0.66091 0.00388031 0.0107212
0 0.901618 0.681511 0.00375767 0.0144155
0 0.884507 0.978665 0.04846 0.0408749
0 0.671727 0.817689 0.00778265 0.0151109
0 0.984558 0.672856 0.00592651 0.0193911
0 0.995985 0.811274 0.0076191 0.0213772
0 0.796437 0.765896 0.00778637 0.0340569
0 0.675031 0.816155 0.0151714 0.0186123
0 0.996169 0.815773 0.00724792 0.0123688
0 0.982341 0.652799 0.00558739 0.0229251
0 0.959496 0.673124 0.00614376 0.0222102
37 0.526343 0.735208 0.0159103 0.0100271
0 0.0645073 0.742603 0.0103729 0.0345276
0 0.0606465 0.739196 0.00630015 0.0123884
0 0.773059 0.813057 0.0202259 0.0156993
0 0.943425 0.726767 0.0127048 0.0212351
0 0.185747 0.732946 0.0122547 0.009267
0 0.959127 0.850483 0.0113194 0.0384226
37 0.102282 0.991235 0.0598571 0.0135702
0 0.979955 0.670508 0.00571594 0.0218458
0 0.540945 0.849335 0.00741224 0.0266795
0 0.555803 0.813616 0.00722322 0.0389323
37 0.576547 0.875507 0.0313984 0.013661
0 0.921963 0.972794 0.0269926 0.0424059
8 0.00460658 0.751331 0.00915298 0.0177226
0 0.959579 0.677307 0.00551529 0.015908
8 0.526331 0.735076 0.015608 0.00977512
0 0.915146 0.97321 0.0405487 0.0442108
0 0.391658 0.833782 0.0171702 0.0864431
0 0.980782 0.666793 0.00719185 0.0314045
0 0.985046 0.662044 0.00461617 0.019327
0 0.144391 0.737963 0.00700004 0.0073154
8 0.13767 0.738798 0.0211625 0.00971069
0 0.980154 0.664784 0.0060936 0.0211006
0 0.290929 0.72762 0.0139452 0.00844693
0 0.420705 0.915316 0.050331 0.0394118
0 0.0636036 0.737198 0.0116422 0.0245205
0 0.770102 0.813036 0.014236 0.0154295
0 0.42345 0.782512 0.0148359 0.0183319
0 0.951848 0.665386 0.00491562 0.0202474
0 0.303497 0.718474 0.00648332 0.00845201
37 0.852897 0.848045 0.0248091 0.0101086
0 0.974217 0.674345 0.00582542 0.0152203
0 0.959204 0.665968 0.00638523 0.0150211
8 0.973797 0.664982 0.0466236 0.0377055
0 0.274034 0.735346 0.00890827 0.00976495
0 0.884987 0.685576 0.00577316 0.0081743
8 0.961928 0.505029 0.0757111 0.146981
0 0.421842 0.780703 0.0173586 0.0207947
0 0.972069 0.652994 0.00642204 0.018256
0 0.862524 0.83275 0.030201 0.0379581
14 0.927734 0.679352 0.00576649 0.00987651
0 0.935759 0.866827 0.0110909 0.014857
0 0.857797 0.838111 0.0430721 0.032289
8 0.137775 0.741437 0.0206353 0.00936788
0 0.349756 0.989336 0.0257996 0.0212602
0 0.980112 0.771898 0.0147717 0.0101525
37 0.983109 0.771393 0.0333607 0.010474
8 0.299537 0.727312 0.0322481 0.0114004
0 0.983614 0.67534 0.00795975 0.0177751
37 0.853127 0.84586 0.025843 0.0141897
37 0.153436 0.983732 0.0177855 0.0124427
8 0.259253 0.39767 0.00701394 0.00918545
0 0.971955 0.657193 0.00700455 0.0225566
0 0.860019 0.795678 0.00635071 0.0107279
8 0.419815 0.760512 0.0244883 0.0121809
8 0.00862825 0.745748 0.0171285 0.0316589
0 0.319078 0.712783 0.0074132 0.0163139
0 0.739132 0.784501 0.0125795 0.0489878
8 0.00486556 0.755241 0.0096661 0.0170617
8 0.961838 0.539014 0.0758942 0.0768266
37 0.987678 0.770804 0.0242151 0.00833605
