0 0.453104 0.833637 0.0127634 0.0683116
0 0.810724 0.771323 0.00965004 0.0511085
0 0.755593 0.781531 0.00784531 0.0487057
0 0.830636 0.835015 0.01768 0.0329685
0 0.828337 0.767911 0.0101666 0.0545052
0 0.779235 0.778827 0.00993252 0.0455824
0 0.953486 0.849888 0.0221783 0.042091
0 0.843765 0.764992 0.0070797 0.0487735
0 0.736846 0.785681 0.00874729 0.0479248
0 0.702777 0.79391 0.010473 0.0414968
0 0.797044 0.775146 0.00850983 0.0488966
0 0.559291 0.813753 0.011447 0.0446625
8 0.198476 0.915732 0.0444332 0.0324375
0 0.941082 0.726279 0.00765533 0.0192905
0 0.717644 0.830348 0.0133928 0.0313314
0 0.695984 0.795758 0.0089304 0.0462026
0 0.894222 0.975428 0.0670549 0.0475862
0 0.856218 0.831161 0.0146164 0.0332309
0 0.409602 0.760858 0.00429211 0.00904643
0 0.796642 0.69732 0.00527105 0.0135615
0 0.115085 0.981053 0.0308231 0.0228604
0 0.853413 0.831582 0.0210621 0.0337019
0 0.478354 0.853301 0.0143696 0.0320877
0 0.797179 0.782812 0.0080493 0.0343509
0 0.905887 0.972294 0.0439232 0.0410909
0 0.422748 0.781152 0.00851097 0.0209357
0 0.275954 0.730219 0.00557013 0.0171922
37 0.0221725 0.938528 0.044345 0.0282847
0 0.0656394 0.741604 0.00665087 0.0334973
0 0.97464 0.763992 0.0190237 0.0258677
0 0.0657286 0.73355 0.00608623 0.0169588
0 0.713771 0.830493 0.0219851 0.0321294
0 0.354456 0.989286 0.0154909 0.0214289
0 0.434256 0.914365 0.0232567 0.0373376
0 0.369506 0.756303 0.011779 0.0108626
0 0.474468 0.85329 0.0223967 0.0328773
0 0.679016 0.815367 0.017569 0.0176378
0 0.13542 0.736978 0.00428734 0.00989244
0 0.11938 0.982528 0.0396195 0.0256241
0 0.317902 0.713621 0.00635567 0.0176019
0 0.779856 0.697877 0.00608063 0.0140121
0 0.002423 0.976451 0.00480941 0.0235409
0 0.440882 0.919183 0.0101446 0.0246609
0 0.0056929 0.976173 0.0113324 0.0249886
0 0.883634 0.985279 0.0459267 0.0277137
0 0.576693 0.875846 0.0313902 0.0140055
0 0.429328 0.915932 0.0225749 0.0347097
0 0.106346 0.983808 0.0600956 0.0276503
0 0.951871 0.660945 0.0039463 0.0108137
0 0.274693 0.730562 0.0079217 0.0184224
37 0.0986631 0.994067 0.0526132 0.00860901
0 0.0606726 0.739104 0.00663643 0.0142232
0 0.00443623 0.751797 0.00881348 0.0183831
0 0.901619 0.681529 0.00374756 0.0143739
0 0.885016 0.978642 0.0494591 0.0409337
37 0.526383 0.735319 0.0161453 0.00959676
0 0.67174 0.818061 0.0073431 0.0142432
0 0.983572 0.66481 0.00687065 0.0263229
0 0.554872 0.813819 0.00611277 0.035827
0 0.52406 0.735156 0.0114238 0.00950182
0 0.99599 0.811292 0.00760994 0.0213711
37 0.419341 0.761704 0.024456 0.00917325
8 0.00657912 0.751487 0.0130681 0.0210293
8 0.419153 0.761877 0.0251173 0.00966831
0 0.0639592 0.742443 0.0113513 0.0339888
8 0.97272 0.664822 0.0467648 0.0382347
0 0.996174 0.815774 0.00723953 0.0123901
0 0.98345 0.669162 0.00729294 0.0257435
0 0.145437 0.738194 0.00465412 0.00745884
0 0.959513 0.671631 0.0062109 0.0256907
0 0.796576 0.762478 0.00776691 0.027438
0 0.980059 0.664159 0.00595512 0.0196742
0 0.982679 0.65068 0.00588264 0.0183421
0 0.772957 0.813016 0.0199131 0.0155663
0 0.672253 0.816591 0.00907936 0.0176127
37 0.102582 0.991347 0.0604717 0.0133499
0 0.0633988 0.737365 0.0116785 0.0246923
0 0.959165 0.850514 0.0112587 0.038306
37 0.576623 0.87552 0.0315516 0.0136464
0 0.421303 0.781257 0.0148255 0.0217851
0 0.921978 0.972845 0.0270666 0.0425496
0 0.972005 0.656804 0.00709305 0.0235583
0 0.540601 0.849831 0.00690174 0.0259593
0 0.319209 0.713702 0.00835762 0.0173601
8 0.299737 0.728595 0.0317376 0.0107052
8 0.138442 0.738207 0.0184911 0.00926683
8 0.162622 0.73686 0.0701325 0.0171102
0 0.91565 0.97337 0.0395477 0.0445209
37 0.85283 0.848288 0.024724 0.00964067
0 0.858619 0.835379 0.0415998 0.0375654
0 0.420781 0.915264 0.0502195 0.0393699
0 0.76994 0.813016 0.0138714 0.0153402
0 0.981012 0.667838 0.00830231 0.0255212
0 0.959519 0.676705 0.00580444 0.0166365
0 0.303882 0.718168 0.00741868 0.00942518
0 0.863079 0.833074 0.0311665 0.037735
8 0.971609 0.675196 0.0458164 0.0164806
0 0.526421 0.735244 0.015785 0.00912476
0 0.959367 0.665225 0.00634327 0.0133813
0 0.42324 0.782443 0.0116054 0.0179901
0 0.796885 0.698333 0.00644846 0.0163354
0 0.391411 0.833428 0.0175512 0.0869366
8 0.962058 0.505235 0.0754631 0.147458
8 0.300525 0.730672 0.0300145 0.0100084
0 0.935765 0.866838 0.0110985 0.0148639
8 0.13855 0.741101 0.0221032 0.00965474
14 0.88508 0.685615 0.00614815 0.0081454
37 0.853082 0.846402 0.0258545 0.0131727
0 0.972014 0.76303 0.0132338 0.0270057
37 0.274217 0.736576 0.00830107 0.00814548
0 0.349746 0.989347 0.0258005 0.0212111
0 0.188306 0.73364 0.0174886 0.00862223
37 0.983042 0.771379 0.0335175 0.0101822
37 0.290916 0.727671 0.0136258 0.00828044
14 0.927786 0.679207 0.00579453 0.0101875
0 0.943399 0.726134 0.0124454 0.0198469
0 0.79868 0.774006 0.0117996 0.050618
33 0.391575 0.833743 0.0173803 0.0875088
0 0.980676 0.771886 0.0137043 0.00994941
37 0.426725 0.784495 0.0255829 0.0130561
0 0.860015 0.795805 0.00606251 0.0103633
37 0.153439 0.983739 0.0177914 0.0124307
8 0.305589 0.717264 0.0389034 0.0154867
8 0.259249 0.397658 0.00699911 0.00915748
8 0.961994 0.539262 0.0755844 0.07684
37 0.987784 0.770693 0.0239971 0.00823466
0 0.871625 0.84532 0.012735 0.0154332
