0 0.453144 0.833498 0.0124641 0.0685903
0 0.481162 0.831215 0.0143776 0.0646122
0 0.697675 0.794513 0.00850811 0.0474304
0 0.211949 0.873577 0.0112184 0.0544206
0 0.953407 0.84894 0.0223452 0.0425981
0 0.51724 0.778679 0.00924892 0.0249502
0 0.843803 0.764248 0.00752602 0.0455448
0 0.867382 0.758461 0.0082983 0.0373581
0 0.777017 0.778847 0.008743 0.0467268
0 0.815034 0.773421 0.00868568 0.0454803
0 0.76567 0.696945 0.00798273 0.0173706
0 0.716907 0.830266 0.0136002 0.0312958
0 0.788874 0.778247 0.0122722 0.0467182
0 0.426722 0.907863 0.0155624 0.04481
0 0.847202 0.767126 0.00687904 0.0404175
0 0.83044 0.834518 0.0183086 0.0329631
0 0.855124 0.830693 0.0165861 0.0334837
0 0.942834 0.745986 0.00952911 0.0448381
0 0.677569 0.791765 0.0076004 0.0372969
0 0.354938 0.989204 0.0148353 0.0215929
0 0.908821 0.742718 0.00808735 0.0237564
0 0.114714 0.983038 0.0320244 0.0216153
0 0.845463 0.765878 0.00913658 0.043552
0 0.00991988 0.747036 0.00869012 0.0172535
0 0.971966 0.736589 0.00815849 0.0391
0 0.489857 0.804572 0.00817757 0.0374329
0 0.906273 0.973208 0.041394 0.0398627
0 0.295948 0.755133 0.00786314 0.0206372
0 0.995632 0.81363 0.00831471 0.0183299
0 0.888704 0.76617 0.00704079 0.030875
0 0.957713 0.74097 0.0076788 0.0316661
0 0.883448 0.979461 0.0447472 0.0383748
8 0.964056 0.684698 0.0712082 0.0262894
0 0.977784 0.740175 0.00871964 0.0435164
0 0.821579 0.767529 0.00766411 0.0320129
0 0.783134 0.778345 0.00828342 0.0463625
0 0.714524 0.83076 0.019498 0.032035
0 0.91761 0.972697 0.0175749 0.0393385
0 0.540553 0.849294 0.00707102 0.0262275
0 0.00585121 0.982309 0.0116388 0.0116318
0 0.675218 0.798821 0.0143617 0.0522846
8 0.198596 0.915498 0.0448755 0.0311612
0 0.781737 0.696635 0.00650969 0.0165548
8 0.323995 0.713776 0.0262136 0.0259318
8 0.107244 0.74479 0.0170394 0.014625
0 0.89407 0.975716 0.0655201 0.0445618
37 0.198764 0.91559 0.0455097 0.0315586
0 0.921387 0.973348 0.0261427 0.0403185
0 0.424193 0.909492 0.0205473 0.04845
8 0.162644 0.738767 0.0264829 0.0131972
0 0.778706 0.778402 0.0124046 0.0486972
8 0.0716934 0.746549 0.0278392 0.0149336
0 0.391438 0.814991 0.0167845 0.0490699
0 0.105874 0.984833 0.0530608 0.0249159
0 0.820671 0.772272 0.00953445 0.0424615
37 0.0999882 0.994112 0.0552706 0.00843913
25 0.0220866 0.938942 0.044027 0.0310198
8 0.0220237 0.938662 0.0440475 0.030171
0 0.577567 0.875692 0.0324291 0.0146462
8 0.295513 0.73684 0.0109802 0.0116645
0 0.833515 0.834491 0.0177395 0.0336665
4 0.562035 0.320407 0.00666714 0.00739132
0 0.947759 0.850859 0.0329689 0.0457442
8 0.0764652 0.744798 0.0156679 0.0153826
0 0.882133 0.985053 0.0427734 0.0287316
0 0.077732 0.74291 0.012971 0.0159107
0 0.818353 0.773824 0.0136101 0.0454787
0 0.0586899 0.748937 0.00222259 0.00470005
0 0.675953 0.816027 0.0165102 0.0183268
0 0.294349 0.753537 0.0128963 0.0217082
8 0.489556 0.783561 0.018372 0.0122952
0 0.118583 0.984531 0.0405675 0.0224484
37 0.683739 0.819125 0.0328941 0.0111643
8 0.368702 0.737313 0.0143598 0.00874566
8 0.894988 0.763876 0.0540308 0.0260508
8 0.423125 0.923432 0.0163563 0.0230038
8 0.102699 0.74788 0.0265901 0.0132222
0 0.00827381 0.749107 0.0116877 0.0142371
8 0.0772703 0.74387 0.0192858 0.0195104
0 0.979971 0.740872 0.00998936 0.0446323
8 0.849248 0.835116 0.0604362 0.0396803
0 0.852438 0.833138 0.0259567 0.0380096
0 0.952673 0.860143 0.0225367 0.0234077
37 0.102909 0.987616 0.0607679 0.0204071
0 0.907882 0.975676 0.056015 0.0440765
8 0.295555 0.731584 0.0115901 0.0221995
37 0.422692 0.923405 0.015365 0.0230428
0 0.956363 0.847594 0.0162901 0.0408242
0 0.201911 0.728288 0.00960541 0.00828247
8 0.0725795 0.746491 0.0265464 0.0218389
8 0.964114 0.674779 0.0710604 0.0476608
8 0.165575 0.561949 0.0324157 0.0133357
0 0.121429 0.985943 0.0210365 0.0217485
8 0.102497 0.745236 0.0268824 0.0175895
8 0.897041 0.7629 0.0494564 0.015566
0 0.940904 0.745802 0.0104321 0.0477186
0 0.938286 0.725925 0.00515289 0.0181783
0 0.423829 0.921778 0.0176027 0.0264584
8 0.171404 0.56323 0.0526248 0.0160872
0 0.678089 0.799267 0.0161421 0.0522278
8 0.00844878 0.749022 0.0120531 0.0148946
0 0.00592144 0.97899 0.0116934 0.0186452
0 0.88818 0.765533 0.00943565 0.0282613
0 0.977676 0.737902 0.0118515 0.0472348
8 0.313163 0.721614 0.0484402 0.0440972
0 0.979125 0.649168 0.00510559 0.0141291
0 0.982331 0.667792 0.00725975 0.0145754
8 0.178306 0.734012 0.0592039 0.0218121
0 0.974471 0.748351 0.0149195 0.0526835
8 0.899553 0.763605 0.0454796 0.0204447
0 0.995314 0.808383 0.00890389 0.0292859
8 0.663161 0.570762 0.0491974 0.010494
8 0.172693 0.56111 0.0147013 0.0111959
0 0.982191 0.737129 0.00531082 0.0189741
0 0.577598 0.872097 0.0335833 0.0219062
0 0.89758 0.975384 0.0242283 0.0311096
0 0.874021 0.984738 0.0257439 0.0264479
0 0.489537 0.80932 0.00932579 0.0463003
0 0.940549 0.743307 0.0139406 0.0497862
0 0.894339 0.973301 0.0226593 0.0278505
24 0.153413 0.983219 0.0177223 0.0132046
8 0.660281 0.569045 0.0483379 0.0141074
0 0.488932 0.803704 0.0125532 0.0410092
8 0.89467 0.757219 0.0532005 0.0214688
0 0.710161 0.832165 0.0279472 0.0339213
0 0.841471 0.834672 0.0443108 0.0373956
37 0.897505 0.762118 0.0491463 0.0122018
8 0.323954 0.718846 0.0268276 0.0227512
26 0.935879 0.867014 0.0112627 0.0149434
