0 0.475931 0.83442 0.0160578 0.0648417
0 0.454912 0.833923 0.0123264 0.067808
0 0.718462 0.83072 0.0145105 0.0303389
0 0.77103 0.779714 0.00944862 0.0446023
0 0.830575 0.834653 0.0172621 0.033509
0 0.043431 0.905169 0.0155439 0.0610328
0 0.877203 0.759014 0.00917015 0.0488502
0 0.793969 0.776173 0.0107805 0.0480554
0 0.696877 0.793049 0.0119274 0.0460258
0 0.953503 0.849509 0.0220409 0.0411458
0 0.743999 0.784021 0.00903549 0.048071
0 0.75576 0.78124 0.0100336 0.0495527
0 0.82558 0.76881 0.00816307 0.0400043
0 0.842734 0.766039 0.00913715 0.0467789
0 0.856294 0.830256 0.0153076 0.0327289
0 0.947352 0.73863 0.00861931 0.0340522
0 0.398888 0.7473 0.00920177 0.0247865
0 0.434587 0.904369 0.024122 0.0562334
8 0.198242 0.915367 0.0472742 0.0333577
0 0.480841 0.778924 0.00839348 0.0222775
0 0.27821 0.729635 0.00725241 0.0156735
0 0.0692744 0.742501 0.00752246 0.0275477
0 0.516886 0.804704 0.00933857 0.0343499
0 0.45642 0.780587 0.00765924 0.0181698
0 0.914812 0.754123 0.0142033 0.0472877
0 0.894382 0.976175 0.0652466 0.0457838
0 0.996049 0.809855 0.00748253 0.0238875
37 0.021999 0.938489 0.0439981 0.0298184
0 0.956584 0.848829 0.0161793 0.0400272
0 0.325014 0.751517 0.010867 0.0155592
0 0.355098 0.988996 0.0145332 0.0220076
0 0.00878714 0.751052 0.00816543 0.0175971
0 0.322639 0.710375 0.00552654 0.0161943
0 0.973564 0.762823 0.0165504 0.027634
0 0.767861 0.697298 0.00690451 0.014445
0 0.905972 0.973054 0.0436069 0.0399852
0 0.883736 0.980127 0.0440701 0.0381651
0 0.790619 0.696547 0.00682001 0.0159439
37 0.39714 0.759683 0.0336905 0.00816091
0 0.00666771 0.975902 0.0132547 0.0255096
0 0.0730371 0.750521 0.00657535 0.0133267
0 0.675753 0.815919 0.0156019 0.0183524
0 0.0526434 0.752426 0.00614263 0.00951301
37 0.0094544 0.760327 0.0164534 0.00901981
0 0.439928 0.905111 0.014007 0.0532376
8 0.0219738 0.93837 0.0439307 0.0306341
0 0.125638 0.98584 0.0268534 0.020382
0 0.00738785 0.751973 0.0110705 0.0169361
0 0.917783 0.972759 0.0181292 0.0394697
0 0.972949 0.762457 0.0103058 0.0276303
0 0.840937 0.771439 0.00950356 0.0347531
0 0.853703 0.831428 0.0210415 0.0361861
37 0.45506 0.786462 0.021298 0.00934821
0 0.921432 0.973346 0.0271271 0.040183
0 0.840055 0.775073 0.00777836 0.0314845
0 0.97228 0.674739 0.00612717 0.0168494
0 0.883304 0.985577 0.0430141 0.0273802
8 0.331559 0.73174 0.0152195 0.00826399
0 0.913642 0.744039 0.00861225 0.0270036
0 0.0708881 0.743376 0.0134178 0.030849
37 0.101686 0.994211 0.0599707 0.00805851
0 0.715743 0.831231 0.0201387 0.0309408
0 0.109642 0.980437 0.0189372 0.0228192
0 0.429211 0.90582 0.0150625 0.0540375
0 0.160983 0.740538 0.00567055 0.00756361
0 0.116127 0.98352 0.0312012 0.0239168
0 0.197875 0.733409 0.0109017 0.0100444
0 0.934305 0.725518 0.00656204 0.0261259
8 0.534892 0.73891 0.0190875 0.00799052
0 0.527928 0.738866 0.00325146 0.0071445
0 0.852479 0.837149 0.0233088 0.0269477
37 0.104639 0.987088 0.0657066 0.0218452
0 0.10494 0.985544 0.0638252 0.0239295
37 0.576762 0.875275 0.0320656 0.0131432
37 0.313173 0.717286 0.026304 0.0083252
0 0.576955 0.875436 0.031929 0.0134223
37 0.331233 0.730866 0.0156066 0.00981208
37 0.853157 0.846204 0.0264233 0.013589
37 0.310245 0.717071 0.021121 0.00737373
0 0.773617 0.813295 0.00658026 0.0143168
37 0.764245 0.710594 0.017198 0.00821177
0 0.751669 0.790537 0.00833588 0.0324171
0 0.109505 0.984056 0.0425269 0.0246529
37 0.85843 0.847344 0.0377655 0.0126692
24 0.153444 0.98347 0.0176587 0.0124325
0 0.770981 0.812555 0.014162 0.0158212
0 0.430161 0.895188 0.0149286 0.0384398
37 0.944845 0.866819 0.0284683 0.0152696
0 0.993614 0.67472 0.00435982 0.0187368
37 0.937624 0.8672 0.0143709 0.0149448
0 0.949482 0.860511 0.0138926 0.0182671
0 0.90568 0.976148 0.0614872 0.0450345
0 0.426627 0.908514 0.0187709 0.0493915
0 0.773302 0.812883 0.0202347 0.0174206
0 0.766675 0.813208 0.00818367 0.0150692
0 0.391269 0.832911 0.0177126 0.0868974
0 0.86523 0.845066 0.025363 0.0163496
37 0.770493 0.708136 0.0300634 0.00935703
0 0.862532 0.832478 0.0289206 0.0379542
0 0.947656 0.850724 0.032975 0.0458662
37 0.282001 0.736975 0.0157628 0.00865241
0 0.877897 0.672546 0.00553665 0.0110716
8 0.880748 0.682914 0.0109646 0.00919969
0 0.679096 0.814439 0.0222389 0.0200965
0 0.004603 0.973547 0.00914514 0.0301544
37 0.454952 0.789956 0.0225588 0.0127665
0 0.109596 0.973888 0.0190383 0.0378362
37 0.763905 0.708865 0.016043 0.00934296
0 0.779254 0.816079 0.00813074 0.010336
8 0.153363 0.740998 0.0221034 0.0104652
0 0.994811 0.676091 0.00705128 0.0166896
0 0.199459 0.734142 0.0140959 0.0112074
37 0.947857 0.86537 0.0164989 0.0120856
0 0.540684 0.848566 0.00839958 0.0297428
37 0.593499 0.913432 0.0618009 0.0122045
0 0.883439 0.683048 0.00756607 0.00820245
0 0.871602 0.845372 0.0126997 0.015131
0 0.982903 0.677056 0.00472336 0.0118603
