0 0.453044 0.833666 0.0120328 0.0676041
0 0.291827 0.862287 0.0133161 0.0576175
0 0.484022 0.82806 0.0162159 0.0568576
0 0.953398 0.848338 0.0222874 0.0420831
0 0.698225 0.7945 0.00953636 0.0532215
0 0.771133 0.78071 0.00979862 0.0476464
0 0.880185 0.759211 0.00796356 0.0410214
0 0.945406 0.745961 0.011433 0.0436056
0 0.830857 0.8345 0.015554 0.0326518
0 0.522643 0.780167 0.00840454 0.0207367
0 0.535677 0.776293 0.00884724 0.0269548
0 0.42367 0.913455 0.0187765 0.0431898
0 0.971223 0.737306 0.00774632 0.0390318
0 0.79637 0.776292 0.00823326 0.0487389
0 0.469665 0.798314 0.00777054 0.033017
0 0.85644 0.827847 0.0127035 0.0353823
0 0.68427 0.794701 0.0106955 0.0437927
0 0.788497 0.776993 0.0103626 0.047505
37 0.198137 0.916153 0.0462065 0.0316162
0 0.843456 0.766157 0.00811176 0.0474219
0 0.718575 0.830541 0.0136602 0.0311445
0 0.838346 0.769283 0.00833149 0.0394524
0 0.896709 0.739429 0.00662098 0.0291943
0 0.909375 0.76267 0.00725975 0.0287825
0 0.00922913 0.74964 0.00742789 0.0194378
0 0.11447 0.983606 0.03194 0.018681
0 0.351125 0.988984 0.020154 0.0220322
0 0.894018 0.975978 0.0659506 0.0465263
37 0.0221824 0.938572 0.0443648 0.0277544
0 0.825875 0.767418 0.00757675 0.0330065
0 0.713714 0.831042 0.0241945 0.0322678
0 0.926912 0.728395 0.00751648 0.0209191
0 0.88383 0.979534 0.0460585 0.0399246
0 0.995634 0.813865 0.00831432 0.0184974
0 0.783884 0.695462 0.00591288 0.0118546
0 0.330738 0.708191 0.00517197 0.0169152
0 0.577708 0.872478 0.0331585 0.0203569
0 0.853338 0.829066 0.0189255 0.0386003
0 0.917407 0.972633 0.0184244 0.0399133
0 0.906158 0.973598 0.0412682 0.0426832
0 0.00694077 0.750721 0.0126804 0.0177806
0 0.00557421 0.981677 0.0110497 0.0132273
37 0.0967206 0.994163 0.0484756 0.00818295
0 0.0597421 0.75071 0.00398376 0.00759311
0 0.973724 0.663761 0.00876427 0.0407168
0 0.290032 0.749853 0.00597019 0.0121234
0 0.070765 0.751475 0.0058779 0.0121591
0 0.921077 0.973132 0.0282829 0.0409173
0 0.972199 0.764831 0.0147352 0.0235869
0 0.949437 0.849461 0.0298128 0.0442869
0 0.675998 0.816093 0.0139467 0.0177453
0 0.0667364 0.751969 0.0133013 0.0123837
0 0.541264 0.849223 0.00672007 0.0277137
37 0.00853584 0.759409 0.0165655 0.00711958
37 0.100989 0.99066 0.0570073 0.0146301
0 0.112057 0.985775 0.0371726 0.0227505
37 0.492932 0.864018 0.0210076 0.0087989
0 0.103089 0.986181 0.0550875 0.0228095
37 0.950256 0.865726 0.0376167 0.0174349
8 0.775241 0.696087 0.0258469 0.012766
0 0.951808 0.669584 0.0050869 0.0159958
37 0.0785805 0.754307 0.0136082 0.0135166
0 0.995692 0.660663 0.00350494 0.0107337
0 0.420779 0.911417 0.0127375 0.0402215
0 0.681679 0.796457 0.0158142 0.049747
0 0.861413 0.686975 0.00521851 0.0137939
0 0.908182 0.975703 0.0539249 0.0455607
37 0.775134 0.696313 0.0258247 0.0129264
0 0.852118 0.841321 0.0217934 0.018093
0 0.936859 0.741032 0.00650578 0.0297014
8 0.0786377 0.754233 0.0135494 0.0134593
37 0.853005 0.846179 0.0272064 0.0134793
0 0.770286 0.81222 0.0140636 0.0165651
0 0.589531 0.907285 0.051688 0.0251326
24 0.153437 0.983402 0.0179019 0.0129532
0 0.680662 0.816206 0.0207022 0.0189029
37 0.856159 0.847073 0.041165 0.013166
0 0.306738 0.742062 0.00675206 0.0127725
37 0.788936 0.820197 0.0258271 0.00768602
0 0.906118 0.682773 0.00375328 0.0144409
0 0.370323 0.738768 0.0100713 0.00988634
37 0.949701 0.863918 0.0213978 0.0156079
37 0.960042 0.863111 0.0478155 0.0170034
37 0.588731 0.910433 0.0525314 0.0199119
0 0.881242 0.984791 0.0407162 0.0297624
37 0.935976 0.867613 0.0113308 0.0133504
0 0.779622 0.817441 0.00849771 0.0103007
0 0.909713 0.68286 0.0043581 0.0145455
0 0.293787 0.753539 0.0142503 0.0185737
37 0.695625 0.841477 0.0269779 0.0143985
0 0.827362 0.767998 0.0111448 0.0345812
0 0.676583 0.814325 0.0168244 0.0212931
8 0.29704 0.756088 0.0206188 0.0148705
0 0.00588548 0.978947 0.0116116 0.0185413
37 0.323353 0.712992 0.0197141 0.0112169
8 0.295866 0.757699 0.0179135 0.0112562
8 0.293886 0.756467 0.0147659 0.0140554
0 0.120283 0.984951 0.0380525 0.0201616
0 0.121375 0.985908 0.024366 0.0213396
37 0.957997 0.866368 0.0554567 0.0148329
37 0.592258 0.914144 0.0435095 0.011774
0 0.859698 0.795727 0.00758934 0.0116645
37 0.960529 0.863191 0.0513977 0.0119361
0 0.469096 0.8008 0.00999813 0.0391351
0 0.995294 0.808209 0.00894051 0.0307329
0 0.989813 0.675741 0.0052887 0.0113241
0 0.67962 0.798415 0.0219571 0.0520335
8 0.320902 0.710846 0.0235053 0.0130368
0 0.305578 0.74266 0.00780263 0.0127431
37 0.752882 0.826387 0.0291849 0.00661112
0 0.969861 0.73777 0.0106445 0.0410546
0 0.898461 0.981541 0.0681824 0.0354828
0 0.199922 0.726131 0.00870409 0.00746799
25 0.390925 0.83299 0.0178296 0.0857897
37 0.32998 0.712565 0.00684438 0.0112505
37 0.86701 0.79751 0.0368496 0.0135251
0 0.921877 0.683115 0.00761528 0.0115742
