0 0.415838 0.839212 0.0133692 0.0620997
0 0.598151 0.807367 0.0123816 0.0566522
0 0.452458 0.834388 0.012343 0.0658786
0 0.842966 0.766157 0.00842171 0.0471661
0 0.830824 0.835118 0.0178139 0.0325646
0 0.796531 0.775162 0.00858688 0.0503387
0 0.355631 0.900277 0.0236963 0.0797699
0 0.723019 0.785987 0.00763664 0.0505096
0 0.717951 0.830136 0.0137977 0.0315587
0 0.656679 0.801204 0.00845604 0.0453023
0 0.689061 0.79542 0.0106882 0.046225
0 0.556336 0.815347 0.0127624 0.0571662
0 0.11467 0.98284 0.0332918 0.0278697
0 0.936843 0.750529 0.00803795 0.0411299
37 0.197962 0.916318 0.0453515 0.0307393
0 0.710757 0.78934 0.00846043 0.0465586
0 0.701608 0.792744 0.00948105 0.0450185
0 0.484153 0.857863 0.0366044 0.0230235
0 0.971888 0.763167 0.0134102 0.0275321
37 0.0221752 0.938668 0.0443505 0.0303619
0 0.391297 0.83262 0.0178761 0.085543
0 0.855777 0.832001 0.0155214 0.0310547
0 0.852838 0.83252 0.0219 0.0319977
0 0.974642 0.763168 0.0184471 0.0272196
0 0.95251 0.849908 0.0241802 0.0393344
0 0.699738 0.792435 0.00778885 0.0453313
0 0.893898 0.975831 0.0648676 0.044494
0 0.956747 0.848947 0.0159359 0.0376868
0 0.906521 0.973303 0.0399776 0.0394084
0 0.475289 0.857676 0.0184498 0.022699
0 0.673692 0.798967 0.00781851 0.0216858
37 0.0960871 0.994088 0.0480978 0.00830282
0 0.355359 0.989294 0.0134358 0.0214116
0 0.917467 0.972889 0.0171255 0.0384915
0 0.349182 0.773009 0.00666065 0.0121599
0 0.053225 0.742797 0.00393845 0.0134315
0 0.0716176 0.750661 0.00580778 0.0112983
0 0.676866 0.815555 0.0184119 0.0190548
0 0.88362 0.981615 0.0447008 0.0347053
0 0.00540356 0.976222 0.0107477 0.0250502
0 0.00243684 0.976325 0.00481885 0.0236116
0 0.705034 0.790372 0.0102545 0.0473501
0 0.00538954 0.757189 0.00933513 0.0100637
0 0.282084 0.736491 0.0114079 0.016635
0 0.715163 0.830512 0.020112 0.0323881
0 0.921379 0.973212 0.0257998 0.0389362
0 0.996154 0.813544 0.00728607 0.0157952
37 0.577182 0.87571 0.0339701 0.0138202
0 0.540721 0.848658 0.00727997 0.0280931
0 0.675325 0.806418 0.0133251 0.0367065
0 0.931088 0.728582 0.00750542 0.02043
0 0.451234 0.761107 0.00599613 0.0141508
37 0.743791 0.793341 0.0377034 0.0112067
8 0.061525 0.749192 0.0319991 0.014624
0 0.772174 0.813474 0.0195969 0.0176256
0 0.853097 0.696771 0.00611763 0.0163624
37 0.852701 0.84768 0.0230637 0.0104472
0 0.499392 0.718806 0.012958 0.0105747
0 0.673344 0.803118 0.0106841 0.0312732
0 0.950098 0.854978 0.0257057 0.0304803
0 0.948869 0.859507 0.0145216 0.0208723
0 0.460452 0.761833 0.0054863 0.0120422
0 0.351151 0.893797 0.0151496 0.0665388
0 0.00857991 0.976419 0.0170324 0.0267473
0 0.985883 0.668553 0.00461197 0.0154649
8 0.0586616 0.745957 0.0252072 0.0195509
0 0.30856 0.76656 0.0177299 0.0129249
0 0.934482 0.749988 0.0126747 0.0425276
0 0.979187 0.76234 0.027211 0.0288754
37 0.100451 0.992548 0.0562593 0.0107647
0 0.688377 0.790049 0.00935631 0.0370065
0 0.559227 0.81533 0.00939426 0.0518329
0 0.890047 0.974406 0.0321323 0.0271022
0 0.0578167 0.743635 0.0156082 0.0128662
0 0.329388 0.722049 0.0196274 0.0142676
37 0.153467 0.983626 0.0177763 0.0124
0 0.555504 0.819196 0.0106359 0.0454044
0 0.39139 0.813328 0.0172966 0.0470342
0 0.945805 0.852057 0.0375153 0.0427865
37 0.985567 0.754425 0.028429 0.0167918
0 0.858964 0.837042 0.0388165 0.0348826
0 0.871148 0.845379 0.0120239 0.0158547
0 0.494824 0.862646 0.0153723 0.0120782
0 0.990441 0.671206 0.00795212 0.0110245
0 0.00309691 0.973374 0.00613148 0.0299717
0 0.985288 0.666201 0.00399055 0.0130806
0 0.861391 0.834038 0.0198181 0.0345334
0 0.878149 0.985131 0.0340233 0.0281804
0 0.0063004 0.973334 0.0124349 0.0317859
0 0.997975 0.729943 0.00357819 0.0248732
0 0.33095 0.723987 0.016794 0.0111376
37 0.982215 0.759003 0.0353504 0.024853
0 0.974731 0.771458 0.0185944 0.0144718
0 0.903953 0.682201 0.00739174 0.0125367
0 0.841012 0.834531 0.0377489 0.0343748
0 0.855994 0.695427 0.0144142 0.0210935
0 0.909054 0.670898 0.00784149 0.0102149
0 0.942211 0.853818 0.0288507 0.0361791
37 0.308674 0.768771 0.0177167 0.00914612
0 0.942177 0.674093 0.00513611 0.0116135
37 0.934827 0.866107 0.0138117 0.0147156
37 0.141376 0.748749 0.00992322 0.00754208
0 0.819269 0.814734 0.00999184 0.00971781
0 0.895743 0.973101 0.0192244 0.0230042
37 0.110499 0.995297 0.0758458 0.00940552
0 0.863928 0.835158 0.0292799 0.0364159
