0 0.453633 0.833311 0.0127981 0.0678402
0 0.480164 0.832516 0.0142741 0.0624003
0 0.424937 0.895229 0.0150077 0.0819648
0 0.830184 0.834652 0.0172726 0.0337823
0 0.12526 0.89154 0.0141511 0.0590244
0 0.497314 0.780899 0.00852222 0.0257083
0 0.513597 0.808469 0.0121408 0.0414085
0 0.698655 0.794667 0.0086031 0.0427606
0 0.845259 0.766445 0.00856342 0.0447605
0 0.794356 0.777215 0.0103048 0.0458635
0 0.910811 0.752228 0.00892181 0.0451145
0 0.867274 0.764315 0.00744305 0.0449259
0 0.750221 0.783915 0.00959778 0.0452679
0 0.947203 0.748734 0.00949554 0.0479318
0 0.762871 0.780581 0.00984888 0.049766
0 0.718386 0.831017 0.0125912 0.0301041
0 0.855389 0.83142 0.0160793 0.0339172
0 0.953831 0.84848 0.0218027 0.0379344
0 0.690501 0.796472 0.00952549 0.0418995
0 0.859915 0.770184 0.00772934 0.0329993
0 0.895707 0.975711 0.0665257 0.0454681
0 0.99683 0.733337 0.00588207 0.0455017
0 0.789299 0.699957 0.00622301 0.0219284
37 0.022157 0.938687 0.0442929 0.0290931
0 0.985782 0.741184 0.00760803 0.0289958
0 0.974547 0.76223 0.0184969 0.0283373
0 0.00593749 0.750566 0.010315 0.0187693
0 0.475501 0.781287 0.0102403 0.0204671
0 0.852405 0.832225 0.0217869 0.0359899
0 0.116916 0.9836 0.033847 0.0267151
37 0.193739 0.915113 0.0365221 0.0304303
0 0.355195 0.988953 0.0140398 0.0220947
0 0.934392 0.728489 0.00562458 0.0205448
0 0.67652 0.815575 0.015815 0.0187327
8 0.0761129 0.750409 0.0140642 0.0173153
0 0.577561 0.874866 0.0333566 0.0157791
0 0.00624478 0.98129 0.0124047 0.0146817
0 0.0541077 0.751036 0.00507014 0.00997213
37 0.0768107 0.750356 0.0115858 0.0162218
0 0.884291 0.979371 0.0443453 0.0383596
0 0.995813 0.813318 0.0079567 0.017175
0 0.952586 0.85819 0.0208193 0.02711
0 0.922052 0.740297 0.00718193 0.0309391
0 0.921585 0.973342 0.0280994 0.0412145
0 0.950509 0.859936 0.0163521 0.0226213
0 0.917614 0.972884 0.0193584 0.0404212
0 0.765326 0.699249 0.00593491 0.0182278
0 0.0688601 0.751559 0.00528842 0.0166957
0 0.326321 0.714548 0.00512681 0.0176159
0 0.695705 0.796328 0.0140574 0.0462702
37 0.0949301 0.994314 0.0459556 0.0084003
0 0.905414 0.974437 0.0454313 0.043222
0 0.109708 0.981598 0.019759 0.0236935
0 0.0740923 0.744214 0.00687091 0.0162845
37 0.534852 0.740406 0.0195023 0.00935228
0 0.528327 0.740312 0.00581341 0.00858409
0 0.712877 0.831515 0.0258469 0.0314635
0 0.104123 0.984032 0.0634173 0.0279268
0 0.913499 0.974085 0.0357697 0.0420361
33 0.390982 0.812237 0.0176441 0.0455987
8 0.473326 0.782452 0.0184959 0.0219571
8 0.0758333 0.747002 0.0151817 0.0237461
33 0.39115 0.832397 0.0185604 0.0861562
37 0.851364 0.84543 0.0220575 0.0132555
0 0.921192 0.742095 0.0092638 0.0318247
0 0.131576 0.983548 0.0631965 0.0258192
0 0.97456 0.674254 0.00597687 0.0203277
0 0.122893 0.98467 0.0341167 0.0242767
0 0.689084 0.800378 0.0112541 0.0347246
0 0.773702 0.812314 0.00797329 0.0149926
14 0.882801 0.683929 0.00792275 0.00999095
0 0.391217 0.832459 0.0186976 0.0867761
24 0.153606 0.983189 0.0181298 0.013461
0 0.776205 0.812162 0.0143927 0.0159356
0 0.577498 0.870459 0.0338881 0.0249441
0 0.00912103 0.981182 0.0181296 0.0159225
0 0.862993 0.833251 0.0346375 0.038679
0 0.321142 0.752932 0.00763121 0.0140883
0 0.90482 0.678926 0.00786629 0.0180681
8 0.473382 0.787143 0.0191261 0.0120429
0 0.863623 0.764841 0.0142204 0.0448961
0 0.159324 0.741244 0.00716946 0.0107059
0 0.00529548 0.755933 0.0105199 0.013367
0 0.854858 0.842734 0.0498072 0.0235938
0 0.925409 0.680809 0.00666142 0.00845134
14 0.87867 0.683793 0.0161602 0.0105143
0 0.154086 0.983311 0.0177214 0.0143131
0 0.975524 0.674407 0.00581284 0.0197136
0 0.903421 0.673202 0.00760593 0.00893258
0 0.850926 0.843766 0.0201944 0.0133608
8 0.317332 0.753755 0.022934 0.019901
0 0.872319 0.845494 0.0145275 0.0153088
8 0.312296 0.751953 0.012604 0.0159868
8 0.267203 0.397519 0.00569792 0.00950716
0 0.766066 0.701558 0.0078558 0.0236294
8 0.474377 0.789708 0.0213853 0.0147827
8 0.0743493 0.752063 0.0173921 0.0202098
0 0.351391 0.729763 0.0121555 0.0103472
0 0.313136 0.751973 0.0129317 0.0158074
0 0.590804 0.907331 0.0594314 0.0242995
0 0.788751 0.770702 0.00496941 0.0305472
0 0.953708 0.858477 0.0280827 0.0299306
0 0.842404 0.833041 0.0422287 0.0383326
37 0.843197 0.845237 0.044651 0.0165158
0 0.951408 0.862683 0.0190529 0.021267
0 0.790359 0.700532 0.00869484 0.0241114
0 0.153606 0.742354 0.0207716 0.012471
37 0.59055 0.908452 0.0587714 0.0222666
37 0.473917 0.790886 0.0206503 0.0144097
0 0.472798 0.782514 0.0178417 0.0234382
0 0.995388 0.808342 0.00873833 0.0285533
37 0.935799 0.716299 0.0726051 0.0186193
0 0.959376 0.848622 0.0153421 0.0369056
37 0.936555 0.867015 0.0123579 0.0154494
14 0.873103 0.674921 0.00535851 0.00786489
0 0.391052 0.812329 0.0175051 0.0456828
0 0.935919 0.866724 0.0113195 0.0156674
