0 0.641884 0.798483 0.0103974 0.056711
0 0.434386 0.893273 0.017949 0.0804959
0 0.554571 0.818159 0.0110729 0.0494392
0 0.727293 0.786929 0.00986195 0.0493525
0 0.842932 0.767112 0.00859947 0.0473016
0 0.390973 0.818424 0.0182292 0.0579814
0 0.796466 0.775896 0.00855637 0.0493076
0 0.597656 0.80743 0.00946178 0.0567129
0 0.718374 0.830211 0.0140863 0.0315904
0 0.831165 0.835272 0.0188763 0.0326914
0 0.452232 0.834762 0.0103516 0.0657449
0 0.114397 0.98332 0.033245 0.0274667
0 0.459523 0.830215 0.00856895 0.0596649
0 0.688109 0.794752 0.00951901 0.0452684
0 0.702259 0.793352 0.0117275 0.0470005
0 0.67711 0.790566 0.00671749 0.0345688
0 0.856415 0.829946 0.0139025 0.0329247
0 0.483667 0.858641 0.0377464 0.02211
0 0.959735 0.749709 0.00675774 0.0354438
0 0.06044 0.742181 0.00518215 0.0197311
0 0.938155 0.726714 0.00741196 0.0194217
0 0.0171926 0.753025 0.00835189 0.0176888
0 0.883773 0.979462 0.0456619 0.0396417
0 0.00594853 0.977803 0.011833 0.020811
0 0.95438 0.849238 0.0209044 0.0374929
37 0.198224 0.916501 0.0451316 0.0311608
0 0.974032 0.762566 0.0196606 0.0275174
0 0.695765 0.794418 0.00763807 0.0468075
0 0.35499 0.989189 0.0149404 0.0216215
0 0.853038 0.830493 0.0210468 0.035434
37 0.0220629 0.93863 0.0441257 0.0311454
0 0.921352 0.972873 0.026675 0.0417959
0 0.103088 0.983622 0.0560781 0.0278191
0 0.474949 0.858446 0.0193825 0.021482
0 0.895112 0.975289 0.06765 0.0467751
0 0.678185 0.792069 0.00888777 0.038393
8 0.152944 0.736801 0.0467927 0.0183677
0 0.853008 0.69719 0.00520515 0.0193707
37 0.325033 0.717176 0.0128079 0.0129445
0 0.907314 0.972944 0.0446629 0.0424377
37 0.853184 0.848285 0.0249752 0.00921767
0 0.995872 0.813466 0.00784721 0.0160512
0 0.361542 0.774466 0.007477 0.0142456
0 0.972452 0.672301 0.00568752 0.0178789
37 0.0988062 0.994224 0.0539187 0.00850118
0 0.321503 0.716301 0.00931282 0.0146807
0 0.276359 0.725878 0.00423985 0.0154222
8 0.927366 0.681348 0.0249714 0.0228417
0 0.675824 0.816108 0.0209085 0.0185496
0 0.946777 0.852092 0.0358162 0.0429097
0 0.773001 0.813568 0.0210379 0.0173421
0 0.458117 0.833641 0.00954638 0.0658329
0 0.0790568 0.747496 0.00331143 0.00806173
0 0.293832 0.724837 0.0133028 0.0120743
0 0.578019 0.875252 0.0340572 0.0151032
0 0.442726 0.76066 0.0229095 0.0151491
8 0.442531 0.760487 0.0230502 0.0147347
0 0.917129 0.97235 0.01576 0.0410668
0 0.0182193 0.753539 0.0110369 0.0193166
0 0.323946 0.716825 0.0145839 0.0139028
37 0.398096 0.838909 0.0341058 0.0174286
8 0.0220802 0.938496 0.0440918 0.0310696
0 0.974192 0.767122 0.0192631 0.0188405
0 0.76966 0.813186 0.0139389 0.0172099
37 0.577942 0.875022 0.0336145 0.0147558
0 0.00868317 0.977927 0.0172892 0.0219435
37 0.853209 0.842206 0.0232924 0.0142475
37 0.852637 0.845351 0.0225609 0.0114153
0 0.0638984 0.743621 0.01259 0.0210626
0 0.778986 0.816463 0.00989447 0.0131093
37 0.937952 0.863345 0.0193659 0.0218757
0 0.827107 0.835474 0.0115873 0.031132
0 0.450315 0.828399 0.0092413 0.0537004
8 0.338802 0.769699 0.0280913 0.0183509
8 0.995439 0.67391 0.00867195 0.01019
37 0.585508 0.913908 0.0478449 0.0115926
0 0.93519 0.678964 0.00925922 0.0187427
8 0.294599 0.727471 0.0166468 0.00783098
8 0.344072 0.770412 0.0386508 0.0196857
0 0.674424 0.801401 0.0180014 0.0483665
8 0.324389 0.717155 0.0150819 0.0139242
0 0.768605 0.814101 0.0232598 0.01872
37 0.948465 0.863968 0.0400394 0.0226057
37 0.94428 0.861782 0.0320526 0.0246706
24 0.153415 0.983517 0.0185153 0.0129896
0 0.490165 0.723725 0.00924597 0.0087243
0 0.292739 0.722789 0.0110079 0.0137136
37 0.859352 0.847093 0.0375515 0.0131188
0 0.88295 0.985143 0.0441559 0.0289624
8 0.29369 0.730893 0.0194843 0.00744798
0 0.0223058 0.753486 0.0200337 0.0200819
37 0.0646988 0.749285 0.0110859 0.0106469
0 0.321882 0.717028 0.0169316 0.0161045
8 0.974027 0.674727 0.0362911 0.0137499
8 0.83143 0.69773 0.0214474 0.0148706
37 0.593606 0.91349 0.0629848 0.0123835
8 0.993718 0.663382 0.0121677 0.0309982
0 0.853907 0.696653 0.00853176 0.0206606
0 0.995705 0.801736 0.00814743 0.0401903
37 0.705845 0.842625 0.0120638 0.00940281
37 0.957459 0.865617 0.0601543 0.0174371
8 0.98284 0.674713 0.0159908 0.0114163
0 0.872573 0.845769 0.0147741 0.0147517
0 0.130269 0.982835 0.0645746 0.0266656
0 0.775039 0.813532 0.0321146 0.0191555
8 0.0458023 0.75202 0.0662779 0.0240504
8 0.99404 0.673291 0.0113499 0.0112108
37 0.0680813 0.749816 0.0253298 0.0124081
0 0.674942 0.798894 0.0121202 0.0522717
37 0.603874 0.913918 0.0426323 0.0111504
0 0.971019 0.756636 0.0161297 0.0310435
0 0.930734 0.680068 0.019418 0.0209242
37 0.398306 0.84203 0.035199 0.0208672
8 0.0657514 0.752712 0.0193688 0.00910679
0 0.83283 0.696557 0.00804691 0.0129773
0 0.779713 0.833478 0.144272 0.0393616
8 0.967556 0.676703 0.0400963 0.011597
0 0.153547 0.983486 0.0187042 0.0136444
8 0.978158 0.676444 0.0258377 0.0106222
8 0.974133 0.677562 0.0355541 0.013888
