0 0.453099 0.833642 0.0127003 0.0680657
0 0.808687 0.77141 0.0108673 0.0495878
0 0.843636 0.765021 0.00705338 0.0485943
0 0.736832 0.78539 0.00853462 0.0480225
0 0.830638 0.835002 0.0176479 0.0329824
0 0.796437 0.775702 0.00840502 0.0476698
0 0.953485 0.849881 0.0221743 0.0420956
0 0.82595 0.767529 0.00878696 0.0518124
0 0.777874 0.778842 0.00951252 0.0442878
0 0.7554 0.782395 0.00782137 0.0472487
0 0.717456 0.830486 0.0127612 0.0309726
0 0.894454 0.975483 0.0675339 0.0473599
0 0.702822 0.794079 0.00835304 0.0434655
0 0.69654 0.795795 0.0097929 0.0438361
8 0.19862 0.915904 0.0440495 0.0320548
0 0.856607 0.831031 0.0143768 0.0335792
0 0.410238 0.761174 0.00481071 0.00857273
0 0.115118 0.981027 0.0308707 0.0225962
0 0.797244 0.697892 0.00520363 0.0145358
37 0.0222443 0.938585 0.0444887 0.0281108
0 0.906371 0.972394 0.0448467 0.0412381
0 0.853276 0.831531 0.0219372 0.0341495
0 0.480201 0.854003 0.0154591 0.0299689
0 0.275976 0.729257 0.00540447 0.0155226
0 0.940497 0.727122 0.00600662 0.0186191
0 0.562751 0.811946 0.0095108 0.0458927
0 0.971531 0.764058 0.0135838 0.0246494
0 0.474661 0.853958 0.0266347 0.0301378
0 0.421767 0.78143 0.00828238 0.0204859
0 0.354437 0.989289 0.0155559 0.021422
0 0.974467 0.764296 0.019747 0.025086
0 0.434064 0.914375 0.0236692 0.0373054
0 0.678164 0.815479 0.0199904 0.0183543
0 0.00426613 0.751419 0.00838651 0.0172156
0 0.712903 0.830674 0.0231192 0.0318993
0 0.3176 0.71356 0.00582924 0.0176168
0 0.369132 0.757277 0.0120401 0.0126236
0 0.0653411 0.747557 0.00701114 0.0245919
0 0.525038 0.735063 0.0133453 0.0107062
0 0.576621 0.875766 0.0317083 0.0138852
0 0.0653253 0.74257 0.00637889 0.0331696
0 0.00245166 0.976417 0.00487345 0.0232893
0 0.883561 0.984983 0.0458187 0.028223
0 0.440887 0.919176 0.0101409 0.0247064
0 0.135264 0.737468 0.00449829 0.00773248
0 0.00560584 0.976177 0.0111538 0.0246428
0 0.559473 0.814723 0.00577183 0.0331907
0 0.119995 0.982988 0.0401126 0.0250549
0 0.699424 0.795391 0.0138316 0.0491458
8 0.347555 0.311225 0.00829892 0.00576134
0 0.779677 0.697768 0.00555592 0.0147193
0 0.106284 0.983903 0.0597474 0.0274658
0 0.885244 0.979058 0.0497295 0.0401362
37 0.0987763 0.994052 0.0529546 0.00860562
0 0.428809 0.916833 0.021758 0.0328447
0 0.184891 0.733492 0.0117589 0.00867581
0 0.99599 0.811252 0.00760956 0.0213201
0 0.672231 0.81667 0.00870419 0.0169847
0 0.0654615 0.733838 0.00532259 0.0159414
0 0.996176 0.815874 0.00723381 0.0120751
0 0.959194 0.674149 0.00617828 0.0225258
0 0.983575 0.671057 0.00772514 0.0221663
37 0.526279 0.735152 0.0160015 0.0107612
0 0.952212 0.661486 0.00370808 0.00971002
0 0.901362 0.681698 0.00416489 0.0139665
8 0.137265 0.738799 0.0208389 0.00906304
0 0.0642346 0.743118 0.0107295 0.0344157
0 0.0598959 0.73971 0.00624168 0.0102448
0 0.7729 0.813069 0.0199644 0.0154992
37 0.102311 0.992117 0.0600391 0.0118325
0 0.921954 0.972889 0.026992 0.0422155
0 0.540989 0.849481 0.00733938 0.0263123
0 0.959065 0.850453 0.011442 0.0385237
0 0.273927 0.730376 0.00915909 0.0163483
0 0.981306 0.653451 0.00579987 0.0229306
0 0.141344 0.737672 0.0128153 0.00757514
0 0.915031 0.973323 0.0405758 0.0439765
37 0.852825 0.848456 0.0247124 0.00934143
0 0.753994 0.775675 0.00850449 0.044015
14 0.928146 0.679813 0.00613441 0.0100705
8 0.789053 0.315446 0.0084856 0.00693707
0 0.984904 0.667821 0.00528564 0.0257545
8 0.137214 0.740547 0.0212031 0.00852153
0 0.694278 0.79562 0.00882998 0.0429679
0 0.559373 0.812917 0.00770941 0.038307
0 0.980192 0.662922 0.00614929 0.0255222
0 0.290015 0.727548 0.00981002 0.00781708
0 0.42077 0.915331 0.0502808 0.0393253
0 0.979379 0.669385 0.00567398 0.0228036
0 0.941467 0.728805 0.0101185 0.0190677
0 0.974195 0.673659 0.00570564 0.0149745
0 0.391313 0.833172 0.0178559 0.0862206
8 0.00839113 0.751775 0.0166797 0.0181569
0 0.420864 0.781271 0.0156794 0.022503
8 0.788106 0.31605 0.0101974 0.00917808
37 0.419038 0.761727 0.0237935 0.00914815
8 0.298643 0.728017 0.0334734 0.0123259
0 0.524051 0.733605 0.0114172 0.0128798
37 0.273481 0.735998 0.0109361 0.0101907
0 0.980784 0.66257 0.00712128 0.0373593
0 0.980591 0.6569 0.00649548 0.0292228
8 0.00761563 0.758705 0.0152313 0.0120563
0 0.303462 0.717909 0.00628762 0.00738915
0 0.349753 0.989356 0.0258196 0.0211597
0 0.858249 0.835718 0.0428602 0.037203
0 0.935757 0.866825 0.0110773 0.0148495
0 0.859967 0.795783 0.00608139 0.0103468
0 0.862887 0.832771 0.0284161 0.0379647
33 0.391453 0.832957 0.0178834 0.0863664
37 0.942915 0.734195 0.0135941 0.0110847
0 0.981204 0.771732 0.0124897 0.00989855
8 0.25925 0.397674 0.0070137 0.00919105
0 0.271724 0.733116 0.00724649 0.0120202
0 0.137457 0.737231 0.0204472 0.0100004
8 0.00511801 0.758445 0.0102062 0.0117184
0 0.0622658 0.743347 0.0142962 0.0326331
0 0.884352 0.685373 0.00527763 0.00819346
37 0.153438 0.983733 0.0178128 0.0124532
0 0.0653929 0.753528 0.00753026 0.0169522
0 0.0628157 0.735805 0.0122629 0.0202518
0 0.780906 0.697916 0.00778666 0.0155474
8 0.30937 0.717542 0.0268274 0.011242
0 0.288727 0.725279 0.0103247 0.0102024
8 0.300192 0.730901 0.0330691 0.010238
0 0.959014 0.663845 0.00563545 0.0103485
8 0.303508 0.717685 0.0223991 0.0085773
0 0.565644 0.814459 0.0162277 0.0482137
0 0.91882 0.971811 0.0195572 0.0405506
