0 0.476724 0.833443 0.0120556 0.0653005
0 0.45401 0.833814 0.0113597 0.067785
0 0.718457 0.830654 0.014498 0.0304842
0 0.774715 0.781404 0.00941572 0.0422863
0 0.696606 0.794113 0.0096674 0.0438388
0 0.830596 0.834654 0.0172775 0.0334476
0 0.0536629 0.90387 0.0141578 0.0598073
0 0.880596 0.758074 0.0099062 0.0491786
0 0.516127 0.808494 0.0102777 0.0422416
0 0.744516 0.784186 0.00933819 0.0471754
0 0.917499 0.752132 0.00877647 0.0477454
0 0.829533 0.772576 0.00960617 0.045718
0 0.907987 0.756067 0.00965996 0.0435191
0 0.793696 0.776272 0.0104554 0.0479624
0 0.9535 0.849518 0.0220409 0.0411903
0 0.842832 0.766342 0.00899124 0.048221
0 0.435208 0.903154 0.0211384 0.0607651
0 0.755306 0.781859 0.00845051 0.0492659
0 0.856236 0.830242 0.0153437 0.0327723
0 0.391098 0.751949 0.00841446 0.0164103
0 0.0685815 0.739015 0.0066891 0.0217539
0 0.483257 0.778605 0.00786228 0.0225515
0 0.943078 0.738154 0.00685997 0.0319789
37 0.389914 0.761499 0.0244204 0.0106162
0 0.996089 0.808246 0.00739555 0.0271132
0 0.4594 0.780822 0.00731955 0.0185811
0 0.323644 0.752644 0.0106319 0.0149675
0 0.894308 0.976135 0.0651161 0.0456979
0 0.00808105 0.7525 0.00678814 0.0185764
0 0.35507 0.988977 0.0145536 0.0220461
37 0.0222673 0.938356 0.0445345 0.0310567
0 0.973159 0.762316 0.0156975 0.0285594
0 0.905882 0.973168 0.043359 0.0400811
8 0.198449 0.915786 0.0466716 0.0324165
0 0.391185 0.815953 0.0179241 0.0530814
0 0.883866 0.979523 0.0443762 0.0391337
0 0.278955 0.73008 0.0070857 0.0159505
0 0.793145 0.696418 0.00607786 0.0166266
0 0.676001 0.814947 0.015984 0.0195991
0 0.439472 0.904509 0.0126286 0.0573432
0 0.0707808 0.750589 0.00841553 0.0122657
0 0.00699071 0.975626 0.0139012 0.0260871
8 0.0087904 0.760322 0.0172934 0.0100305
0 0.996245 0.674215 0.00671539 0.0158231
0 0.767032 0.696527 0.00608034 0.0127327
0 0.12555 0.98587 0.0266609 0.020402
0 0.853752 0.831266 0.0208496 0.0360608
0 0.917777 0.972741 0.0179829 0.0393233
14 0.201114 0.7362 0.0145081 0.0157104
8 0.0222486 0.9383 0.0444912 0.0311157
0 0.921498 0.973379 0.026955 0.0400626
8 0.532484 0.736388 0.0150181 0.00849236
0 0.0687808 0.742191 0.00775085 0.0288528
0 0.00595376 0.75368 0.0114712 0.019131
8 0.00836944 0.75794 0.0166437 0.0140967
0 0.429921 0.899378 0.0126844 0.0526213
0 0.715658 0.831179 0.0203123 0.031074
37 0.101934 0.994207 0.0597235 0.0081387
0 0.109492 0.980856 0.0187424 0.0229887
0 0.972079 0.675066 0.00655327 0.0160904
8 0.0704598 0.750785 0.00937413 0.014124
0 0.116013 0.983662 0.0311301 0.023673
0 0.576891 0.875434 0.0321274 0.0133967
0 0.883269 0.985285 0.0426909 0.0281786
37 0.576723 0.875191 0.0322155 0.0133633
8 0.00710445 0.753138 0.0110595 0.0202611
0 0.679373 0.813927 0.0164474 0.0204046
0 0.104953 0.98566 0.0630183 0.0237549
0 0.0530807 0.752681 0.00471934 0.00769399
0 0.773519 0.813154 0.00591507 0.0145745
37 0.104653 0.986328 0.0647743 0.0233638
37 0.853106 0.846248 0.0263744 0.0136441
0 0.109446 0.984188 0.0430043 0.0247932
0 0.540903 0.848467 0.00748596 0.02895
0 0.392188 0.75364 0.012983 0.0202179
8 0.282189 0.730164 0.0150787 0.0172173
37 0.461504 0.784273 0.0128073 0.0122871
37 0.858003 0.847487 0.0369656 0.0123928
37 0.944727 0.866921 0.0283163 0.0151186
8 0.881039 0.682649 0.0130299 0.0101186
14 0.161858 0.740249 0.00681448 0.0090644
37 0.937676 0.867211 0.0144974 0.0149419
0 0.949523 0.86048 0.0139816 0.0182856
37 0.942153 0.754921 0.00852261 0.00448405
14 0.919255 0.678813 0.00769768 0.010611
8 0.31344 0.711922 0.0307577 0.0214427
8 0.883664 0.682701 0.00775337 0.0082762
24 0.153442 0.98347 0.0177061 0.0124898
0 0.934793 0.724402 0.00613022 0.0232371
0 0.767101 0.694677 0.00555191 0.0131432
0 0.906441 0.976134 0.0602028 0.0450107
0 0.946955 0.738116 0.0156769 0.0334398
0 0.771052 0.812616 0.0148447 0.0157016
0 0.901547 0.681382 0.00417976 0.0159356
0 0.877473 0.672034 0.0057457 0.0107097
0 0.766745 0.813165 0.00819702 0.0150004
0 0.00544105 0.973435 0.0108226 0.0306663
37 0.859909 0.845879 0.0388023 0.0166987
0 0.431085 0.903765 0.0167955 0.0585527
0 0.323149 0.70976 0.00666099 0.0162618
37 0.946557 0.865639 0.0204771 0.0124898
0 0.86613 0.845051 0.0237511 0.0164222
0 0.86234 0.832337 0.0287415 0.0380946
0 0.109628 0.973548 0.0191867 0.0385003
0 0.773584 0.812976 0.0200235 0.0171611
0 0.481726 0.778968 0.0110586 0.0222395
14 0.46391 0.319327 0.00695972 0.00702985
0 0.841735 0.768045 0.0124634 0.0439289
8 0.333921 0.734257 0.0118259 0.0091
8 0.282102 0.734792 0.0156354 0.0106625
0 0.947639 0.850754 0.0330296 0.0459554
37 0.449052 0.927764 0.0277155 0.00926836
0 0.981997 0.66121 0.00584259 0.0121728
8 0.00900198 0.762443 0.0176309 0.0127614
0 0.779295 0.81634 0.00812988 0.00980055
0 0.871759 0.845383 0.0130573 0.0152069
37 0.574588 0.87345 0.0363186 0.0149902
8 0.308928 0.717845 0.0216098 0.00942891
37 0.593387 0.913479 0.0621304 0.0122174
0 0.835935 0.834979 0.0281425 0.0337782
