0 0.452789 0.833231 0.0129691 0.0681312
0 0.724369 0.788619 0.00891638 0.0435264
0 0.704232 0.790902 0.0101526 0.0475759
0 0.718525 0.829319 0.0144555 0.032959
0 0.741994 0.785308 0.00797234 0.0458811
0 0.830557 0.834848 0.0174768 0.0334968
0 0.823886 0.770388 0.0109402 0.0513706
0 0.548009 0.812036 0.0111444 0.0486715
0 0.691501 0.794977 0.00967503 0.0449392
0 0.843118 0.765905 0.00674362 0.0466919
0 0.755941 0.781346 0.00690155 0.0483514
0 0.472095 0.854572 0.0168934 0.0320611
0 0.850045 0.766718 0.00911903 0.0474079
0 0.798338 0.777111 0.00799208 0.0465152
0 0.953364 0.849833 0.0222849 0.0414247
0 0.81613 0.780062 0.00696926 0.0343421
0 0.115292 0.983261 0.0308253 0.0259481
0 0.85538 0.830378 0.0159843 0.0349267
0 0.434707 0.914208 0.0220993 0.0375359
0 0.00877023 0.751427 0.0107527 0.0191145
0 0.974684 0.763115 0.0182037 0.0257741
0 0.356616 0.756814 0.00650439 0.0199453
8 0.198448 0.915882 0.0456378 0.0311747
0 0.956588 0.848535 0.0159702 0.0390864
0 0.794043 0.776217 0.00705681 0.0453193
0 0.0701532 0.743136 0.0085102 0.0245675
0 0.903367 0.972703 0.037612 0.0390754
0 0.988857 0.74243 0.00696259 0.0352024
0 0.355399 0.989239 0.0138142 0.0215222
0 0.883381 0.985339 0.0452362 0.0274974
0 0.276349 0.724308 0.00449839 0.0186011
0 0.436727 0.778932 0.00792313 0.0171665
0 0.891472 0.976231 0.0612877 0.0461951
0 0.882458 0.682699 0.00460262 0.0184395
0 0.851802 0.831855 0.0235035 0.0379018
0 0.796093 0.775309 0.011264 0.0478816
37 0.00979757 0.760842 0.0184896 0.0082645
0 0.103117 0.98386 0.0575963 0.0274336
0 0.935729 0.728778 0.00655842 0.019066
0 0.997336 0.737951 0.00489006 0.040626
37 0.0964341 0.993886 0.0476951 0.00870361
0 0.523207 0.738795 0.00744801 0.0104516
0 0.0686181 0.74344 0.0123376 0.0248891
0 0.00537594 0.977452 0.0106897 0.0223612
0 0.910281 0.973594 0.0487307 0.0417296
0 0.140264 0.737568 0.00596595 0.00958523
8 0.146063 0.738296 0.0215061 0.0105752
0 0.0674754 0.739075 0.00914952 0.0153897
0 0.995576 0.813525 0.00843964 0.0161996
8 0.949136 0.723137 0.036281 0.0120251
37 0.0220813 0.938495 0.0441248 0.0279651
8 0.189672 0.733434 0.0109579 0.00941874
0 0.792527 0.6964 0.00452261 0.0184262
0 0.319022 0.713058 0.00551457 0.0163954
8 0.295408 0.72802 0.022811 0.0107457
0 0.110527 0.980832 0.0214251 0.0227502
0 0.922252 0.973653 0.0262922 0.0414195
0 0.775631 0.696726 0.0067564 0.0128013
0 0.97285 0.674385 0.00446529 0.0192579
8 0.43515 0.779232 0.0201778 0.0190533
16 0.675125 0.815896 0.0134123 0.0192103
14 0.922405 0.682981 0.00600319 0.0115831
8 0.528386 0.739357 0.0194293 0.0104875
8 0.297196 0.727576 0.0169769 0.00995229
0 0.885367 0.979765 0.0495613 0.0387082
0 0.89789 0.68384 0.00404911 0.0130959
0 0.769997 0.812793 0.015356 0.0163022
0 0.935903 0.731158 0.0082695 0.0201177
14 0.377097 0.314028 0.00627089 0.00645985
8 0.292803 0.723673 0.0389711 0.0210154
8 0.291545 0.728562 0.0310914 0.0120199
0 0.00981992 0.751904 0.0145001 0.0209798
8 0.294126 0.730438 0.0265849 0.00804003
8 0.302201 0.724918 0.0564752 0.0202376
37 0.948304 0.723883 0.0377762 0.0128306
0 0.902223 0.978995 0.0330437 0.0270116
0 0.675725 0.815788 0.01516 0.0193086
37 0.576825 0.875567 0.0314554 0.0133192
8 0.30535 0.716966 0.0165552 0.00980801
0 0.0560328 0.751763 0.00371441 0.00945282
0 0.994562 0.73864 0.0103867 0.0412113
0 0.948957 0.850726 0.0304098 0.0445513
0 0.992498 0.740089 0.0144192 0.0398148
0 0.577233 0.87595 0.0321594 0.0136237
0 0.40994 0.768466 0.00449123 0.00896098
0 0.937792 0.724796 0.0113115 0.0109639
0 0.120569 0.985258 0.0382467 0.0227793
0 0.87221 0.845591 0.0139046 0.0155802
0 0.88076 0.682095 0.00650845 0.0177098
8 0.304432 0.716175 0.0223558 0.0109965
37 0.528438 0.73994 0.0189622 0.00868903
0 0.772881 0.813167 0.0213228 0.0175388
14 0.410154 0.768299 0.00649319 0.0079973
0 0.39147 0.832706 0.0177836 0.0872399
14 0.358816 0.671792 0.00594287 0.0095676
37 0.489572 0.861955 0.0262018 0.0143851
8 0.304359 0.721317 0.0611106 0.0284675
0 0.948096 0.857552 0.0311607 0.0324385
8 0.625576 0.819038 0.117422 0.0265489
0 0.189346 0.733952 0.011811 0.0110114
0 0.99652 0.673714 0.00654335 0.0148727
0 0.00909683 0.977368 0.0180181 0.0243537
0 0.982339 0.662369 0.0102064 0.0215591
0 0.125903 0.98643 0.0252469 0.0212552
8 0.948967 0.727172 0.0362793 0.0183689
0 0.588081 0.907959 0.052536 0.0237654
8 0.670003 0.567641 0.04825 0.0173649
0 0.817141 0.777587 0.00891418 0.0387492
0 0.968723 0.673979 0.00412979 0.0205471
0 0.391528 0.812864 0.0163693 0.045912
0 0.00575443 0.97175 0.0113778 0.0341709
0 0.779239 0.815968 0.00838156 0.0115211
0 0.919528 0.980541 0.0284052 0.0260464
0 0.837876 0.8342 0.0323811 0.0357174
14 0.260526 0.397933 0.00618343 0.00999095
16 0.67785 0.815601 0.0179159 0.0193054
8 0.441693 0.784322 0.0171818 0.010632
0 0.00432197 0.972374 0.00860875 0.0318232
0 0.540229 0.843025 0.0066431 0.0160004
0 0.79622 0.754992 0.0102215 0.0234026
0 0.988097 0.749355 0.00818424 0.0458032
8 0.676161 0.567163 0.0364193 0.0161874
0 0.949264 0.85989 0.0137989 0.0206916
0 0.390554 0.799093 0.007973 0.0184343
0 0.981845 0.665952 0.00852699 0.0258865
26 0.936248 0.867247 0.0118553 0.0148382
37 0.851913 0.846831 0.0255447 0.0116347
0 0.924875 0.983862 0.0202576 0.0200022
0 0.474176 0.853278 0.0129103 0.0304223
8 0.977252 0.658875 0.0228827 0.0492837
24 0.153333 0.983459 0.017784 0.0126784
0 0.144551 0.739133 0.0230875 0.0108215
14 0.954342 0.657787 0.0115616 0.0102627
0 0.901929 0.982917 0.0709583 0.0324358
37 0.936038 0.763535 0.054755 0.0152345
