0 0.45227 0.834289 0.0119442 0.066059
0 0.359317 0.899659 0.0176119 0.0825307
0 0.41817 0.837668 0.0127484 0.063877
0 0.722187 0.785767 0.0101122 0.0503221
0 0.796503 0.775153 0.00858707 0.0501363
0 0.843193 0.764685 0.00829868 0.0489719
0 0.830855 0.835154 0.0179214 0.032614
0 0.717747 0.829898 0.0133554 0.0320072
0 0.561044 0.814833 0.00980721 0.0564948
0 0.689074 0.794916 0.0106 0.045066
0 0.553936 0.818045 0.00782833 0.0491482
0 0.65871 0.799247 0.0088232 0.044929
0 0.114241 0.982755 0.0323651 0.027694
0 0.938433 0.752146 0.00684147 0.0409442
0 0.601341 0.811299 0.01008 0.0487257
0 0.856222 0.830807 0.0147873 0.030945
0 0.484216 0.857545 0.0369974 0.0236647
0 0.953642 0.849745 0.0218348 0.0390764
37 0.198236 0.915801 0.0452376 0.0317478
0 0.699316 0.791372 0.0068819 0.0456736
0 0.971826 0.763009 0.0129311 0.0270104
37 0.0221601 0.938499 0.0443202 0.0308938
0 0.705948 0.790606 0.011401 0.0476963
0 0.974677 0.763181 0.0184967 0.0271871
0 0.701805 0.792393 0.00879669 0.0451667
0 0.957307 0.848444 0.0147556 0.0360291
0 0.853727 0.831343 0.0208511 0.0317603
0 0.47542 0.857406 0.0187222 0.0231703
0 0.893829 0.97579 0.0646658 0.0443693
0 0.906552 0.97336 0.0398125 0.0395389
0 0.917469 0.972917 0.0170532 0.0385666
0 0.704199 0.791036 0.00933476 0.0465366
0 0.0535956 0.745741 0.0055876 0.0194441
37 0.0962011 0.994093 0.0483703 0.00817346
0 0.858885 0.702948 0.00600452 0.0295732
0 0.677856 0.810781 0.0196968 0.02774
0 0.351254 0.771627 0.00758543 0.0159481
0 0.355383 0.989295 0.0133468 0.0214106
0 0.85907 0.697706 0.00530891 0.018808
0 0.883677 0.980533 0.044857 0.0367879
0 0.678753 0.806051 0.0139715 0.0357825
0 0.707651 0.783274 0.00799322 0.0335754
0 0.851098 0.696847 0.00550499 0.0165142
0 0.598253 0.815438 0.00614576 0.0358409
0 0.0722545 0.749848 0.00534093 0.0102787
0 0.450343 0.761697 0.00694084 0.014622
0 0.280472 0.734791 0.00706635 0.017809
0 0.677093 0.803401 0.00758781 0.0306305
0 0.675785 0.814068 0.015843 0.021559
0 0.00231362 0.976235 0.00458281 0.0237403
0 0.0052215 0.97609 0.0103821 0.0254013
8 0.662554 0.570787 0.056406 0.0126983
0 0.00686655 0.75653 0.010675 0.00965118
0 0.391683 0.832314 0.0174693 0.0856815
0 0.921048 0.973172 0.0251736 0.0389482
0 0.99618 0.813533 0.00723267 0.0157688
0 0.932416 0.729768 0.00768719 0.0184391
8 0.166317 0.56348 0.058522 0.0173342
0 0.715148 0.830267 0.0194674 0.0328054
0 0.460072 0.762893 0.00608473 0.0122328
0 0.282862 0.735074 0.0118887 0.0181729
37 0.577238 0.875698 0.0339167 0.0138187
0 0.94968 0.858017 0.0139702 0.0233134
37 0.736305 0.794047 0.028688 0.0107788
0 0.540927 0.848121 0.00788488 0.0288883
8 0.452575 0.751632 0.0959659 0.0218713
37 0.85327 0.847316 0.0246389 0.0114527
0 0.496664 0.718745 0.0102598 0.00998349
0 0.708509 0.802337 0.0091383 0.0224779
8 0.168244 0.73636 0.0163561 0.0112076
0 0.309249 0.766286 0.018956 0.0133358
8 0.329361 0.723279 0.0199722 0.0114629
0 0.772479 0.813731 0.0201433 0.0178592
0 0.00855346 0.976389 0.0169899 0.0269545
0 0.501342 0.719948 0.0204744 0.0129259
0 0.327138 0.721501 0.0123779 0.0113607
8 0.671942 0.570876 0.0383869 0.0126816
0 0.904257 0.68352 0.00505142 0.0108989
8 0.0599547 0.748877 0.03348 0.0168257
0 0.935998 0.749652 0.0117224 0.0441922
0 0.881804 0.985023 0.0418507 0.0290253
26 0.153468 0.983645 0.0177422 0.0123389
37 0.309618 0.76735 0.0188737 0.0121345
0 0.672508 0.814503 0.021825 0.0209364
0 0.577716 0.875843 0.0333879 0.0137705
0 0.895742 0.974034 0.0201267 0.0256883
37 0.0583901 0.749661 0.0285413 0.0126521
8 0.677832 0.570858 0.0265936 0.0115033
0 0.672872 0.809254 0.027721 0.0306334
8 0.168804 0.734818 0.013967 0.00859426
0 0.121023 0.983918 0.0382306 0.0247006
25 0.391772 0.832413 0.0170534 0.0856259
0 0.849947 0.696755 0.0078373 0.0170841
0 0.0029682 0.973453 0.00588955 0.0298374
0 0.908979 0.670417 0.00641212 0.00985972
0 0.939709 0.751696 0.00963821 0.0426931
0 0.0509283 0.74623 0.0131215 0.0201584
0 0.49528 0.86285 0.0152048 0.0114946
37 0.0996015 0.992403 0.054336 0.0109877
0 0.859295 0.795123 0.00791092 0.0125283
0 0.871292 0.845372 0.0122576 0.0160514
37 0.153457 0.983657 0.0175483 0.0123557
37 0.00969996 0.758522 0.016925 0.0101883
37 0.135347 0.746621 0.023561 0.0130768
0 0.852365 0.843076 0.0218498 0.0153419
0 0.00627377 0.973224 0.0123827 0.0319065
8 0.173359 0.737134 0.0286061 0.0129442
0 0.328796 0.722147 0.019607 0.0132575
8 0.173923 0.564379 0.0732338 0.0199866
37 0.174179 0.737239 0.0270648 0.0115699
8 0.712235 0.568201 0.0429554 0.0120589
0 0.656306 0.798417 0.00832367 0.02459
0 0.986421 0.668931 0.00766583 0.0137526
8 0.286242 0.735084 0.0193345 0.0184343
0 0.974699 0.771566 0.0185646 0.0144168
0 0.0583191 0.745168 0.017645 0.0175432
