0 0.452449 0.83351 0.0122138 0.0671895
0 0.817633 0.770153 0.0117773 0.0491869
0 0.718531 0.83049 0.0144091 0.0309425
0 0.830548 0.834872 0.0176336 0.0335648
0 0.738068 0.78493 0.0104727 0.0482201
0 0.785704 0.778264 0.0100891 0.045324
0 0.796873 0.774844 0.0076025 0.0498193
0 0.712908 0.791465 0.00958881 0.0425834
0 0.755904 0.781324 0.00720482 0.0486889
0 0.694763 0.795813 0.00959587 0.0431324
0 0.836303 0.768332 0.00920296 0.0502648
0 0.953477 0.849947 0.0224182 0.0425093
0 0.84339 0.766648 0.00805016 0.0467885
0 0.554491 0.81323 0.0103398 0.0442268
0 0.434923 0.914156 0.0220231 0.0375512
0 0.0671462 0.742276 0.00940218 0.0301558
0 0.703305 0.79407 0.00815353 0.0430079
0 0.115434 0.983291 0.0312005 0.0262516
0 0.473241 0.85438 0.0198238 0.031349
0 0.855812 0.831127 0.0150906 0.0308689
37 0.198843 0.916083 0.0454117 0.0309896
0 0.427275 0.779474 0.0101252 0.0198922
0 0.795372 0.697498 0.00420256 0.0159303
0 0.702457 0.797143 0.00589848 0.036083
0 0.318419 0.712619 0.006394 0.0170654
0 0.97388 0.763835 0.0197639 0.0248839
0 0.957098 0.849429 0.0153713 0.0413215
0 0.891035 0.976563 0.0604607 0.0454064
0 0.35543 0.989258 0.0137662 0.0214847
0 0.883389 0.985462 0.0451643 0.0272485
0 0.903144 0.972774 0.038089 0.0389177
0 0.677441 0.81522 0.01863 0.0196645
0 0.778381 0.698194 0.00559044 0.017217
37 0.0222445 0.938166 0.0444049 0.0296831
0 0.925831 0.682645 0.00564442 0.0153579
0 0.276512 0.729191 0.00581751 0.017186
0 0.805041 0.782436 0.00527382 0.029775
0 0.852345 0.833235 0.0229612 0.0352819
0 0.0664496 0.733494 0.00691762 0.0133472
0 0.00735298 0.751681 0.00796065 0.0168135
0 0.90998 0.973723 0.049028 0.041843
0 0.995562 0.813545 0.00846672 0.0160302
0 0.185813 0.734725 0.0104494 0.00791016
0 0.103962 0.983804 0.0605598 0.0276774
37 0.0943706 0.993915 0.0440468 0.00859612
14 0.869664 0.242595 0.0173473 0.0088367
0 0.00545657 0.979228 0.0108607 0.0190345
0 0.940008 0.72647 0.00588264 0.0140828
0 0.287199 0.724748 0.0056726 0.010808
8 0.2862 0.730442 0.0257575 0.0150648
0 0.0676023 0.747649 0.0098433 0.0202376
8 0.528202 0.735831 0.020771 0.0110664
0 0.00576576 0.751824 0.0113952 0.0181981
0 0.11022 0.980855 0.0208742 0.0228326
4 0.869634 0.242236 0.0176277 0.00964228
0 0.981972 0.659263 0.00896721 0.0290473
0 0.92098 0.97372 0.028965 0.0418103
0 0.120514 0.98513 0.0390866 0.0233032
0 0.795154 0.696878 0.00543108 0.0176214
0 0.526721 0.735165 0.0178513 0.0104499
0 0.577232 0.875953 0.0322773 0.0137017
0 0.769735 0.812688 0.0148894 0.0161472
37 0.576973 0.875527 0.0319193 0.0136074
0 0.981147 0.661361 0.00729523 0.0231778
0 0.902025 0.978721 0.0335297 0.0272225
0 0.884289 0.683448 0.00687256 0.00979411
8 0.97607 0.67571 0.0317867 0.0187444
14 0.366522 0.754667 0.00986533 0.00955234
8 0.305857 0.717668 0.0108402 0.00811395
0 0.834596 0.83465 0.0263664 0.0347668
0 0.00915526 0.978304 0.0182013 0.0224053
0 0.86325 0.83406 0.0325535 0.0364122
8 0.13962 0.742073 0.0210663 0.0125505
0 0.857466 0.835865 0.0437698 0.035996
0 0.948807 0.850793 0.0303619 0.0451128
8 0.981165 0.674783 0.0205748 0.0188329
8 0.301777 0.717753 0.0211606 0.0092943
0 0.587931 0.908047 0.0527079 0.0237934
0 0.973237 0.651938 0.00579529 0.0136264
37 0.061379 0.753121 0.0112749 0.00926259
0 0.126151 0.986181 0.025852 0.0218531
0 0.872253 0.8455 0.0142647 0.0150275
14 0.260552 0.39801 0.00626211 0.0101169
8 0.96794 0.72604 0.062653 0.0196389
0 0.963537 0.675891 0.00559368 0.0177733
37 0.186197 0.735164 0.0113591 0.00854221
0 0.365734 0.753991 0.00820618 0.00937008
37 0.936767 0.867081 0.0126266 0.0150335
0 0.738756 0.779605 0.00852299 0.0384983
0 0.923829 0.980996 0.0222153 0.025804
0 0.77282 0.81273 0.0218121 0.0174771
0 0.91469 0.980778 0.0396837 0.0265876
8 0.141745 0.741521 0.0156198 0.010753
14 0.36518 0.312618 0.0129352 0.00650194
0 0.00377005 0.756059 0.00748592 0.014485
24 0.153403 0.983409 0.017832 0.0128235
0 0.779448 0.815796 0.00801811 0.0109616
0 0.94915 0.859587 0.0137421 0.0210214
0 0.899191 0.972623 0.0299597 0.0319004
0 0.437682 0.914649 0.0166793 0.0349648
26 0.936153 0.866852 0.0117878 0.0149161
0 0.111138 0.984835 0.0283074 0.0231171
8 0.304511 0.727307 0.0636 0.0211544
0 0.983248 0.659469 0.0101187 0.0329673
0 0.859585 0.845722 0.0400816 0.0161499
8 0.28599 0.732965 0.0255726 0.0138214
8 0.975084 0.664347 0.0375179 0.0420225
0 0.806305 0.78325 0.00870152 0.0312739
37 0.790517 0.819813 0.0280502 0.00865207
0 0.947194 0.859334 0.0293167 0.0291836
0 0.902862 0.982929 0.0680887 0.0321855
0 0.815928 0.769843 0.00932255 0.0358139
33 0.391423 0.81175 0.0168854 0.0438717
37 0.945095 0.863657 0.0283108 0.0209981
0 0.793495 0.697659 0.00796661 0.0162932
37 0.851902 0.845899 0.0248901 0.0131266
37 0.991273 0.754085 0.0170298 0.00857001
0 0.00554437 0.972433 0.0110334 0.0324209
37 0.597299 0.915362 0.032209 0.00883382
0 0.925055 0.983838 0.0200134 0.0202766
