0 0.351251 0.847885 0.0142138 0.0616969
0 0.514853 0.819185 0.0123009 0.0589316
0 0.84297 0.765582 0.00834961 0.0448917
0 0.45365 0.835384 0.0116526 0.063775
0 0.796685 0.774582 0.00825796 0.0464227
0 0.471763 0.827918 0.00926399 0.0543296
0 0.555325 0.818273 0.00992222 0.0488929
0 0.831212 0.834738 0.0169128 0.0329366
0 0.733796 0.785501 0.00878449 0.044861
0 0.743007 0.783431 0.00715332 0.0490952
0 0.622423 0.815375 0.00875053 0.0398731
0 0.391124 0.81757 0.01692 0.0543013
0 0.609931 0.809883 0.00986767 0.0466938
0 0.689066 0.794922 0.0108909 0.0443192
0 0.192207 0.899008 0.0122331 0.0658318
0 0.700891 0.792837 0.0108715 0.0450097
0 0.11443 0.982706 0.0319873 0.0253337
37 0.197657 0.916263 0.0453443 0.0305098
0 0.718525 0.830313 0.0134605 0.031424
0 0.916056 0.755019 0.00769539 0.0440057
0 0.902816 0.972619 0.0338795 0.0394894
0 0.956416 0.849286 0.0164906 0.0375649
37 0.0221402 0.938353 0.0441852 0.0287637
0 0.475043 0.856288 0.0164204 0.025591
0 0.890057 0.97585 0.0586071 0.0461134
0 0.35516 0.989381 0.0138153 0.0212372
0 0.928724 0.728329 0.00720215 0.0216051
37 0.288946 0.73634 0.0121739 0.00978767
0 0.715498 0.83045 0.0193121 0.0325996
0 0.853761 0.835015 0.020784 0.0264582
0 0.100446 0.742907 0.00869818 0.0330485
0 0.951797 0.736564 0.00579491 0.0166773
0 0.676499 0.815533 0.0165136 0.0186522
0 0.241289 0.720966 0.00719585 0.0132909
0 0.947353 0.851191 0.0348207 0.0412084
0 0.877984 0.697127 0.004912 0.0196276
0 0.996169 0.813396 0.0072567 0.0167387
0 0.988684 0.731061 0.008284 0.0243849
0 0.883579 0.981873 0.0455688 0.0350396
0 0.896361 0.685597 0.00652122 0.0176558
0 0.972303 0.762211 0.0147324 0.0273114
0 0.769947 0.812992 0.0154768 0.0155713
0 0.00397587 0.747483 0.00783824 0.0130398
0 0.28659 0.728051 0.00573444 0.0144731
0 0.773173 0.813346 0.0217625 0.0165126
0 0.594123 0.765806 0.0105057 0.0170269
0 0.287025 0.72554 0.00485039 0.0129303
37 0.236432 0.730306 0.0295442 0.00973968
0 0.607561 0.809515 0.0146911 0.0490804
0 0.731943 0.786077 0.0104767 0.0445238
0 0.973279 0.752605 0.00693417 0.00926853
0 0.216956 0.989774 0.0229637 0.020185
0 0.945157 0.859061 0.0330299 0.0289039
0 0.974194 0.764818 0.018969 0.0234399
0 0.483122 0.856489 0.0313877 0.0252977
37 0.0971957 0.994379 0.0512548 0.00837148
0 0.941047 0.674744 0.00663681 0.0192
0 0.922885 0.676241 0.00755138 0.0257588
0 0.468933 0.758822 0.0103121 0.0149121
0 0.713421 0.833685 0.0239001 0.0277184
37 0.588106 0.91284 0.0539627 0.0126148
0 0.288135 0.730056 0.00934439 0.0188456
0 0.3302 0.771945 0.00564861 0.0121541
0 0.937132 0.859946 0.0174408 0.0266317
0 0.577468 0.875515 0.0332968 0.0133355
0 0.879348 0.696923 0.00831795 0.0204771
0 0.974203 0.769745 0.0195229 0.0143168
0 0.917767 0.754673 0.0107925 0.0448376
37 0.831227 0.761196 0.0135464 0.00691291
0 0.0999048 0.984517 0.0619557 0.0277861
24 0.15348 0.983328 0.0178365 0.0127979
0 0.861862 0.836191 0.0363602 0.0325355
0 0.843558 0.835414 0.0414524 0.0334317
0 0.909839 0.9744 0.0483328 0.0443904
0 0.330954 0.772712 0.00576501 0.013513
0 0.927057 0.734667 0.0111868 0.0349328
0 0.921717 0.973604 0.0284203 0.0412272
0 0.979333 0.650575 0.00589142 0.0142994
0 0.00579331 0.979089 0.0115702 0.018984
0 0.926236 0.730166 0.0124636 0.0255707
0 0.242728 0.767676 0.00613623 0.0125434
0 0.953549 0.73665 0.00922623 0.0177192
37 0.577029 0.875121 0.0333838 0.0133018
0 0.975139 0.771735 0.0177591 0.0105248
37 0.941385 0.758506 0.0450237 0.0183858
0 0.975488 0.675249 0.00625725 0.0175229
0 0.914146 0.971815 0.0101328 0.0374108
0 0.687068 0.787945 0.00802612 0.0333344
0 0.522641 0.723162 0.0129336 0.012069
37 0.184167 0.913073 0.0180431 0.0241255
0 0.994798 0.81358 0.0100344 0.0173676
8 0.638476 0.762041 0.0776609 0.0256517
0 0.856334 0.836252 0.0471312 0.0360567
0 0.872617 0.845582 0.0146828 0.0150772
37 0.287735 0.735314 0.0152685 0.0121514
37 0.589908 0.908858 0.0577897 0.0210641
0 0.00592798 0.747299 0.0115313 0.0136844
0 0.875266 0.985246 0.0292439 0.0281199
0 0.970827 0.772317 0.0295168 0.0136449
0 0.952497 0.661543 0.00548744 0.0118929
0 0.672846 0.816133 0.0188196 0.0200646
0 0.35159 0.837818 0.0131734 0.0408217
37 0.577899 0.882199 0.0335798 0.00745816
0 0.241213 0.72092 0.0105386 0.0144452
0 0.244788 0.768177 0.0103702 0.0125843
0 0.924148 0.978689 0.0231747 0.029639
0 0.153592 0.983307 0.0178086 0.0132355
37 0.852079 0.848002 0.0251785 0.0107737
37 0.970269 0.775236 0.0283464 0.00853373
0 0.194474 0.921404 0.00923448 0.043751
37 0.49467 0.862836 0.0168446 0.0110562
0 0.994659 0.670089 0.00716572 0.0235657
0 0.588522 0.90784 0.0540719 0.0229014
0 0.708781 0.836443 0.0331587 0.0232046
37 0.101659 0.989422 0.0586431 0.0161669
