0 0.797108 0.775459 0.0109478 0.0493181
0 0.451844 0.833739 0.0134871 0.0687568
0 0.552199 0.816414 0.0106599 0.0546004
0 0.634404 0.804715 0.0105739 0.0461882
0 0.953764 0.850025 0.0228306 0.0428563
0 0.769733 0.776302 0.00976334 0.0495212
0 0.830556 0.834664 0.0174965 0.0333744
0 0.692636 0.796735 0.00966415 0.0451369
0 0.84232 0.763975 0.00825787 0.0416982
0 0.476082 0.854161 0.0173874 0.0290522
0 0.940271 0.728718 0.00773888 0.0215203
0 0.890343 0.975713 0.0578064 0.0455082
0 0.718305 0.83063 0.0146128 0.0313436
0 0.73653 0.786178 0.00862827 0.0473277
0 0.70245 0.792569 0.00935249 0.0466359
0 0.0576775 0.737156 0.00533323 0.0187283
0 0.74157 0.782662 0.00818443 0.0522018
0 0.856391 0.830445 0.013644 0.0321396
0 0.973674 0.763392 0.0201809 0.0263818
0 0.274047 0.727987 0.00640283 0.01582
0 0.00494364 0.751394 0.00908215 0.0181319
0 0.676217 0.815439 0.0156097 0.01764
0 0.355292 0.989216 0.0136059 0.0215686
0 0.109201 0.979187 0.0209754 0.0264706
0 0.318359 0.717203 0.00458183 0.0146155
0 0.434201 0.91416 0.0227483 0.0371674
0 0.00592065 0.978262 0.0118007 0.0208461
37 0.199048 0.916466 0.0477993 0.0304688
0 0.391111 0.819586 0.0176165 0.0609601
37 0.0222076 0.93904 0.0444153 0.0309831
0 0.902101 0.972921 0.0345898 0.0401142
0 0.0645311 0.75327 0.0058152 0.0121209
8 0.406047 0.778809 0.0252213 0.0152327
0 0.115133 0.981057 0.0337497 0.0308885
0 0.883321 0.985114 0.0434212 0.0276055
0 0.714005 0.831096 0.0235402 0.0321337
8 0.199234 0.916418 0.0482106 0.0305561
0 0.977269 0.669823 0.00360966 0.0180709
0 0.292107 0.720984 0.00732551 0.0161523
0 0.852581 0.831196 0.0238991 0.0343879
37 0.852595 0.848781 0.0268106 0.00967645
0 0.29221 0.724012 0.0067843 0.0119534
0 0.996459 0.810725 0.0066555 0.0198419
0 0.577069 0.874629 0.0326752 0.0159556
0 0.402723 0.775643 0.0067795 0.0133669
0 0.746977 0.782486 0.00603008 0.0471588
37 0.0065105 0.759463 0.0127574 0.00977512
0 0.745384 0.781789 0.00684614 0.0499736
0 0.922548 0.680201 0.00617294 0.0164512
0 0.745025 0.784045 0.009972 0.0487462
0 0.70401 0.794049 0.0127394 0.0453713
37 0.0962482 0.994148 0.0481119 0.00843167
0 0.104635 0.981996 0.0605356 0.0313273
8 0.995716 0.681734 0.0081419 0.0153562
0 0.981176 0.67168 0.00461597 0.0192479
0 0.105983 0.980453 0.0340026 0.0290721
37 0.976462 0.77154 0.0150982 0.0100181
0 0.419645 0.762776 0.00960827 0.0135542
8 0.151197 0.565358 0.0547383 0.0148814
8 0.995453 0.670581 0.00865841 0.017578
0 0.418197 0.763484 0.0125463 0.0148288
37 0.104986 0.992318 0.068954 0.0119102
0 0.137886 0.74109 0.014899 0.0106103
0 0.752767 0.788574 0.00909634 0.0368239
0 0.480238 0.854243 0.0264816 0.0287547
37 0.04947 0.740926 0.00950891 0.0102217
8 0.301515 0.719593 0.0237639 0.0155251
0 0.884431 0.979575 0.0458355 0.0375787
0 0.0681241 0.75456 0.0141567 0.0137346
0 0.959725 0.850189 0.0110138 0.0386654
0 0.993821 0.667341 0.00484505 0.0110838
0 0.520177 0.731595 0.00878735 0.0099172
37 0.851458 0.84562 0.0255047 0.0128364
8 0.970802 0.665004 0.0560905 0.0406933
0 0.707744 0.785025 0.00496922 0.0140074
0 0.897806 0.68134 0.00486259 0.0124996
8 0.299736 0.718978 0.0270708 0.0211538
0 0.789099 0.698724 0.00516262 0.0137972
8 0.0687357 0.757661 0.0161219 0.0097385
0 0.970102 0.671475 0.0053051 0.0187496
0 0.751103 0.786305 0.0101675 0.0413901
0 0.816596 0.697636 0.00639763 0.0118735
14 0.520089 0.731778 0.00840416 0.0103461
0 0.319261 0.717357 0.00653577 0.0141683
0 0.068102 0.751438 0.0131728 0.0141318
0 0.391083 0.832404 0.0179746 0.0866399
0 0.170947 0.738792 0.00576372 0.00859646
37 0.936014 0.866408 0.0113911 0.0146362
37 0.587828 0.913358 0.051437 0.0116677
0 0.00921512 0.978409 0.018274 0.0220011
8 0.060975 0.744797 0.0323285 0.03298
0 0.980728 0.762902 0.0357048 0.0266025
37 0.0528159 0.740746 0.0161402 0.0126017
0 0.863019 0.833381 0.0321659 0.0387899
8 0.994789 0.67904 0.00996628 0.0207426
0 0.977494 0.771266 0.015803 0.010201
16 0.771945 0.812107 0.0135876 0.0150765
0 0.884308 0.989094 0.0403072 0.0193475
24 0.153328 0.983636 0.0175132 0.0122291
37 0.577758 0.882503 0.0327969 0.00875532
0 0.121512 0.984664 0.0191947 0.0249795
0 0.0666087 0.751351 0.0182342 0.0157722
0 0.860281 0.795324 0.00566101 0.0126322
37 0.94445 0.865626 0.0281719 0.0163639
37 0.855748 0.847695 0.0345242 0.0144304
0 0.389748 0.758954 0.00981669 0.0129595
0 0.954496 0.675923 0.00499477 0.016117
0 0.771648 0.812466 0.0149134 0.0150336
8 0.28945 0.727795 0.0158968 0.00626187
0 0.862355 0.844082 0.0317564 0.0195023
0 0.421566 0.914943 0.0490587 0.0398014
0 0.485478 0.853919 0.0123415 0.0260213
0 0.871793 0.845395 0.0136755 0.0158729
37 0.960658 0.866474 0.0545538 0.0152744
0 0.912131 0.97358 0.0496239 0.0419247
37 0.967641 0.863193 0.0401882 0.0120999
0 0.982112 0.672093 0.0056118 0.0166021
0 0.837292 0.83445 0.0312008 0.035809
0 0.126237 0.985814 0.0252186 0.0209062
37 0.76008 0.824525 0.012417 0.00626475
37 0.575016 0.873858 0.0370574 0.017062
0 0.439528 0.914769 0.0129552 0.0345283
0 0.699862 0.792776 0.0147964 0.0515849
0 0.84405 0.837355 0.0421116 0.031351
37 0.989212 0.767333 0.0211601 0.0130792
37 0.577644 0.878881 0.0327217 0.0131504
0 0.272592 0.728489 0.00918875 0.016846
0 0.963514 0.851062 0.0482365 0.0448608
8 0.302809 0.722973 0.020948 0.0122743
37 0.752839 0.826499 0.0296601 0.00728828
0 0.856107 0.839091 0.0450798 0.0314921
0 0.900479 0.974165 0.0740501 0.0440406
37 0.974296 0.862474 0.0276085 0.011102
0 0.540761 0.849011 0.00695972 0.0280663
8 0.0619726 0.74442 0.0258673 0.0288008
0 0.29206 0.725113 0.014317 0.010576
8 0.0632485 0.743565 0.0370128 0.0189299
0 0.953363 0.863608 0.0239906 0.017768
37 0.965595 0.860378 0.0436691 0.022296
37 0.492239 0.864965 0.0195425 0.00810004
0 0.273551 0.730262 0.00783014 0.0198769
