0 0.452916 0.834361 0.0127653 0.0666219
0 0.481163 0.832204 0.0135622 0.0642866
0 0.697043 0.793958 0.00871201 0.0476013
0 0.789076 0.776511 0.01084 0.0480189
0 0.166166 0.883581 0.00915301 0.0575977
0 0.424034 0.907165 0.0195332 0.0551259
0 0.804499 0.774617 0.00864372 0.0406258
0 0.681782 0.794361 0.0099329 0.0413988
0 0.95365 0.849531 0.0221554 0.0412282
0 0.843953 0.765816 0.0110512 0.043827
0 0.855071 0.762423 0.00752869 0.0374254
0 0.717363 0.830483 0.0153044 0.0310716
0 0.927724 0.750108 0.00941982 0.046245
0 0.830311 0.834388 0.0179325 0.0328128
0 0.959593 0.744068 0.00875511 0.0477246
0 0.764305 0.781297 0.00821247 0.0470076
0 0.5025 0.807277 0.00973082 0.0392185
0 0.989962 0.736602 0.00938396 0.0468184
0 0.855274 0.831482 0.0174824 0.0341005
0 0.354863 0.98917 0.0150795 0.0216602
0 0.77318 0.778207 0.00913219 0.0495158
0 0.883554 0.97934 0.0454376 0.03871
0 0.115492 0.98434 0.0308034 0.0223002
0 0.995599 0.813668 0.00838013 0.0183511
0 0.916943 0.741484 0.0101696 0.0250746
0 0.766321 0.697781 0.00612946 0.0165349
0 0.907124 0.97345 0.0439583 0.0399807
0 0.00646129 0.750849 0.00962507 0.0178165
8 0.198882 0.915483 0.045727 0.0316569
37 0.199086 0.915832 0.0460953 0.0317613
0 0.895117 0.975724 0.0680342 0.0445051
0 0.921674 0.973516 0.0260399 0.0406752
0 0.765978 0.779975 0.0112952 0.0488298
0 0.00608111 0.981473 0.0120768 0.0141961
0 0.110557 0.984949 0.0434039 0.024432
0 0.540592 0.849264 0.00687513 0.0258915
0 0.787077 0.698651 0.007934 0.0170627
37 0.0961221 0.994162 0.0472237 0.00819244
0 0.916021 0.974096 0.0375389 0.0413308
0 0.680931 0.798358 0.0125204 0.0479974
0 0.509943 0.770021 0.00688143 0.0174422
0 0.918049 0.972775 0.018231 0.0391914
37 0.0220758 0.939209 0.0441517 0.0298119
0 0.965721 0.744559 0.00766869 0.0332855
37 0.00753251 0.759403 0.0148966 0.00876465
0 0.853471 0.833193 0.0233051 0.0376411
0 0.984492 0.674935 0.00795746 0.0188234
0 0.77129 0.777821 0.0130692 0.0506287
0 0.961531 0.745143 0.0119568 0.046071
0 0.57763 0.875922 0.032773 0.0142988
0 0.484379 0.770784 0.00596352 0.0184323
0 0.835 0.834909 0.0269503 0.0341949
0 0.948035 0.851591 0.032719 0.0441332
33 0.390987 0.813799 0.0184837 0.0465335
0 0.309891 0.754407 0.00509558 0.015627
0 0.967258 0.743064 0.00694923 0.0314589
0 0.71355 0.831236 0.0226419 0.0324202
0 0.972731 0.752235 0.00538387 0.0114627
16 0.674517 0.816054 0.0130086 0.0193546
8 0.0220313 0.939048 0.0440519 0.0296868
37 0.00628658 0.757903 0.0125169 0.0108066
0 0.50948 0.770181 0.00941439 0.018848
0 0.937781 0.725089 0.00615234 0.0200862
0 0.304016 0.754497 0.00605688 0.0167955
0 0.328385 0.712953 0.00696559 0.0185922
0 0.958034 0.848829 0.0136238 0.036261
0 0.876143 0.760346 0.00529842 0.0179148
8 0.299409 0.736988 0.0225844 0.0116664
0 0.112276 0.981518 0.0256238 0.0223572
37 0.8827 0.719327 0.0407867 0.015977
0 0.972679 0.761872 0.0126629 0.0287779
8 0.983874 0.69058 0.0317944 0.021071
0 0.770063 0.792175 0.0156103 0.0568015
0 0.420183 0.906656 0.0132469 0.0546641
0 0.305492 0.755007 0.00814085 0.0176417
0 0.881906 0.984861 0.0423855 0.0290154
37 0.103272 0.986114 0.0606399 0.0232522
0 0.125239 0.985786 0.0272722 0.0212823
0 0.87632 0.984756 0.0304691 0.0278156
0 0.30676 0.755233 0.0114811 0.0165432
24 0.153412 0.983168 0.0178142 0.0132994
0 0.952663 0.860317 0.0224472 0.023283
0 0.842587 0.83599 0.0441128 0.0356795
0 0.97371 0.767568 0.0190193 0.0197903
0 0.974 0.762865 0.0195322 0.0276432
0 0.969457 0.743465 0.00984802 0.0301039
0 0.0732761 0.75323 0.00652447 0.0105476
0 0.852061 0.838753 0.022584 0.0264709
16 0.676966 0.814531 0.0187348 0.0220737
0 0.983501 0.661958 0.00758209 0.0318481
8 0.296492 0.735848 0.0167567 0.0124897
0 0.420918 0.892627 0.00891418 0.026968
37 0.0810592 0.753549 0.0116707 0.0104435
0 0.875564 0.679832 0.00817299 0.0195975
0 0.00617423 0.978572 0.0122375 0.0193753
0 0.0887082 0.742757 0.00538006 0.0120283
0 0.677877 0.798622 0.0189832 0.0510912
0 0.897775 0.975449 0.0247627 0.0312168
0 0.970234 0.670546 0.00497665 0.0105144
0 0.102198 0.985694 0.0595059 0.0241872
0 0.773108 0.809902 0.0220449 0.0244471
37 0.584883 0.914096 0.0454233 0.0135512
0 0.838443 0.76496 0.00516663 0.030217
0 0.0569968 0.751581 0.00640962 0.00763889
0 0.674737 0.815781 0.0141709 0.0200348
0 0.857354 0.834063 0.0423216 0.0394594
0 0.0865096 0.742241 0.00688746 0.0121923
37 0.983178 0.69103 0.033375 0.0207711
0 0.982679 0.653246 0.00737381 0.0194249
0 0.995283 0.808818 0.00896091 0.0289295
0 0.977653 0.771113 0.0119675 0.0111816
37 0.0866956 0.758725 0.0240479 0.00915375
37 0.752542 0.826342 0.0284023 0.00694224
0 0.577568 0.873043 0.0336075 0.020204
0 0.77354 0.787975 0.0200325 0.0636149
0 0.292848 0.734367 0.00881166 0.0109972
0 0.922659 0.981769 0.0240967 0.0245494
0 0.0787746 0.75327 0.0162505 0.0118669
