0 0.452331 0.834305 0.0122091 0.0664069
0 0.472689 0.826326 0.0114477 0.0549303
0 0.842237 0.766961 0.00862923 0.0454668
0 0.658649 0.795515 0.0106478 0.0565131
0 0.554841 0.819245 0.0117767 0.0501604
0 0.796458 0.775358 0.0082736 0.0486494
0 0.617192 0.805044 0.011982 0.0560481
0 0.71819 0.830602 0.0135231 0.030846
0 0.702758 0.792024 0.0117638 0.0478926
0 0.73278 0.784802 0.00912991 0.049924
0 0.443383 0.89018 0.0164724 0.0822913
0 0.114246 0.983271 0.033238 0.0274828
0 0.831304 0.835242 0.0189419 0.0329646
0 0.0176213 0.752779 0.00966219 0.021649
0 0.688939 0.795036 0.00955009 0.0449878
37 0.198244 0.91598 0.0451283 0.0317281
37 0.0220569 0.938756 0.0441139 0.0316572
0 0.675448 0.815604 0.015358 0.018367
0 0.856742 0.83018 0.0137688 0.0335454
0 0.935228 0.725745 0.0075491 0.0205729
0 0.96664 0.74908 0.00861816 0.0358632
0 0.956557 0.848289 0.0166389 0.035732
0 0.907601 0.972867 0.0444435 0.0418298
0 0.0644353 0.740221 0.00608989 0.0214169
0 0.953518 0.850006 0.0225925 0.0392059
0 0.475934 0.856781 0.0180912 0.0244571
0 0.355027 0.989179 0.0148273 0.0216417
0 0.00584682 0.978832 0.0116028 0.0198432
0 0.31925 0.7114 0.00580921 0.0157406
0 0.974501 0.762094 0.0166569 0.0276549
0 0.826624 0.697035 0.00494137 0.0173225
0 0.853112 0.830525 0.020854 0.035889
0 0.883408 0.979741 0.0448915 0.0390021
0 0.894058 0.975406 0.0658085 0.0466441
0 0.691295 0.795267 0.0113564 0.0449058
37 0.853206 0.848249 0.0247841 0.0091017
0 0.484322 0.857121 0.0355662 0.0250987
0 0.694843 0.797189 0.00845833 0.0401757
0 0.99591 0.813459 0.00776787 0.0159285
0 0.434838 0.76392 0.0201862 0.01203
25 0.961217 0.72236 0.0482325 0.0222619
0 0.366846 0.774278 0.00841932 0.0157315
25 0.973773 0.721783 0.0227203 0.0204074
0 0.921407 0.972816 0.0259785 0.0415538
0 0.066341 0.741255 0.0105201 0.0255168
37 0.0994167 0.994188 0.0553771 0.00847473
0 0.771041 0.813453 0.0179293 0.0167121
0 0.834927 0.835479 0.0142143 0.0327347
0 0.273802 0.730225 0.00473604 0.0187386
0 0.696859 0.793567 0.00772629 0.046284
0 0.067965 0.749532 0.0116659 0.011605
37 0.853258 0.844356 0.0234039 0.0105733
0 0.487615 0.724375 0.0136518 0.0156643
37 0.57782 0.87521 0.0333862 0.0139633
0 0.917983 0.972229 0.0182045 0.0399734
37 0.924956 0.728768 0.0248232 0.00913391
37 0.925696 0.729201 0.0294186 0.0115675
0 0.974926 0.768727 0.0181293 0.0153836
0 0.291143 0.723654 0.00696287 0.0116804
0 0.578036 0.875462 0.0337368 0.0146644
0 0.850677 0.697254 0.00641327 0.0164436
0 0.826746 0.834902 0.0110281 0.0321947
0 0.772883 0.813744 0.0233496 0.0184248
0 0.93717 0.67633 0.00995522 0.0189772
0 0.973896 0.765538 0.0187843 0.0224633
0 0.972236 0.75835 0.00965347 0.0233443
0 0.101563 0.983533 0.0574279 0.0272775
0 0.341421 0.77177 0.00473404 0.0117791
0 0.357476 0.847948 0.0163033 0.0196577
0 0.391184 0.831869 0.0179654 0.0864507
37 0.585397 0.913881 0.0477531 0.0114258
33 0.391307 0.81346 0.0172942 0.0497113
0 0.779081 0.816865 0.00962105 0.0121674
0 0.167414 0.729811 0.00836365 0.00821872
0 0.971738 0.670558 0.0061348 0.018053
37 0.0241934 0.761225 0.0254243 0.00799713
0 0.95113 0.861313 0.0175282 0.0188129
0 0.948476 0.851603 0.032679 0.0428948
0 0.540406 0.848737 0.00714979 0.0281531
0 0.849497 0.697558 0.00642834 0.0157951
0 0.616948 0.797546 0.0113001 0.0421977
0 0.889414 0.685883 0.00397148 0.0159108
0 0.00916247 0.979272 0.0181518 0.0217863
37 0.346966 0.777827 0.0184428 0.00786235
37 0.961103 0.722795 0.0481951 0.0216478
37 0.706062 0.842946 0.0121029 0.00883993
0 0.539984 0.844739 0.00621777 0.0206597
37 0.593545 0.913499 0.0628856 0.0122855
24 0.153428 0.983505 0.0184609 0.0129384
0 0.985262 0.661911 0.00381565 0.0132697
37 0.0730198 0.748922 0.0248029 0.0156586
37 0.645816 0.818335 0.019282 0.0139035
0 0.979566 0.762129 0.0275158 0.0276713
37 0.955256 0.865849 0.0297848 0.0159251
0 0.48857 0.726302 0.0158395 0.0173582
0 0.494373 0.86392 0.0158062 0.00921054
37 0.0678623 0.750397 0.0126311 0.0127007
37 0.922809 0.730504 0.0262806 0.009198
37 0.60369 0.914086 0.0429584 0.0108878
0 0.290323 0.723306 0.0122512 0.0111467
0 0.767837 0.813771 0.0213053 0.0184986
37 0.750254 0.827357 0.0253874 0.0074629
0 0.872528 0.845729 0.0146496 0.0147271
0 0.0813993 0.748916 0.0080604 0.0142817
0 0.114591 0.974871 0.0339026 0.044024
37 0.95648 0.86856 0.0276218 0.0108944
0 0.995762 0.802292 0.00802383 0.0390042
0 0.971996 0.666908 0.00666237 0.0135147
37 0.431101 0.891367 0.0140903 0.0163293
0 0.391232 0.812739 0.0172266 0.047811
0 0.843389 0.836389 0.0447392 0.0328237
0 0.798706 0.775397 0.0126338 0.0489326
0 0.882276 0.986136 0.0428745 0.0267514
37 0.949694 0.866476 0.0383995 0.0166653
37 0.351265 0.77791 0.0234862 0.00832621
37 0.791627 0.821356 0.0276335 0.00618049
37 0.796226 0.817828 0.0390512 0.0110697
8 0.296315 0.727362 0.0297999 0.00901998
8 0.0727866 0.750029 0.0273039 0.0203822
0 0.962537 0.851372 0.0401573 0.0417996
0 0.366363 0.772907 0.0123013 0.0172251
0 0.782432 0.813946 0.0144161 0.0154826
0 0.895147 0.973261 0.0206387 0.0275157
