0 0.646879 0.798932 0.0132071 0.0565075
0 0.391034 0.816457 0.0183025 0.0549542
0 0.602408 0.8072 0.0118229 0.0560923
0 0.555259 0.818754 0.0106467 0.0496029
0 0.842837 0.766914 0.00875797 0.0475966
0 0.796439 0.775979 0.00841303 0.0489641
0 0.728369 0.786006 0.00844069 0.0505948
0 0.438944 0.893189 0.0172652 0.0812239
0 0.718353 0.830154 0.0141335 0.0317359
0 0.452402 0.83442 0.0107286 0.0661214
0 0.462122 0.830209 0.0127541 0.0569456
0 0.831157 0.835273 0.0188444 0.0326765
0 0.114387 0.983327 0.0331879 0.0274031
0 0.700782 0.794224 0.0131907 0.0477565
0 0.68817 0.795202 0.00999136 0.0448734
0 0.0171468 0.753322 0.00985652 0.0195792
0 0.856488 0.829896 0.0136948 0.032805
0 0.483581 0.858545 0.0377142 0.0221198
0 0.973812 0.762325 0.0197472 0.0277571
37 0.198244 0.9164 0.0448816 0.0310652
0 0.952711 0.850224 0.0241198 0.0396128
0 0.95614 0.849021 0.0175419 0.0372735
0 0.938173 0.725166 0.00758152 0.0168833
0 0.883695 0.979411 0.0454275 0.0396116
0 0.0605614 0.742746 0.00576888 0.0206862
0 0.00557972 0.97747 0.0110828 0.0215837
0 0.361886 0.776001 0.0102571 0.0170078
0 0.354982 0.989186 0.0149658 0.0216287
37 0.0221135 0.938586 0.0442271 0.0312398
0 0.853034 0.830581 0.0209867 0.0356359
0 0.0617825 0.743254 0.00824282 0.0220769
0 0.894278 0.975334 0.0660084 0.0467828
0 0.474669 0.858266 0.0195292 0.0217267
0 0.921168 0.972829 0.0258331 0.0417521
0 0.995888 0.813485 0.0078125 0.0158671
0 0.906857 0.972878 0.0436951 0.0420997
0 0.961003 0.746406 0.00569077 0.0324226
0 0.691544 0.795278 0.0114064 0.0449359
37 0.853179 0.848167 0.0248655 0.00936245
0 0.064135 0.743391 0.0126118 0.0227542
0 0.67526 0.815387 0.0155218 0.0189894
0 0.77313 0.81367 0.0214247 0.0173238
0 0.947311 0.852088 0.0346708 0.0428914
0 0.0653946 0.749368 0.00907459 0.0103811
0 0.320457 0.714138 0.0109954 0.0173638
37 0.099101 0.994208 0.0547192 0.00848728
8 0.440689 0.760746 0.0238265 0.0152403
0 0.951692 0.853851 0.0174944 0.0314438
0 0.679686 0.791355 0.00756922 0.0370477
0 0.578023 0.875243 0.0339958 0.0151827
8 0.0221019 0.938702 0.0441712 0.0310867
0 0.294169 0.725103 0.0127847 0.0114573
0 0.319998 0.712458 0.00824871 0.0171505
0 0.852675 0.697101 0.0052412 0.0191976
0 0.916449 0.972238 0.0142242 0.0409064
0 0.769562 0.813236 0.0139652 0.0171383
0 0.321551 0.716299 0.0134194 0.0135064
0 0.271944 0.728511 0.00987406 0.019909
8 0.153248 0.736622 0.0448642 0.0170719
37 0.577909 0.875028 0.033543 0.0147864
0 0.778892 0.816198 0.0100864 0.0135702
37 0.938681 0.863655 0.0188637 0.021543
0 0.101551 0.98365 0.0579526 0.0273227
0 0.8825 0.984538 0.0428318 0.0296904
0 0.933246 0.680459 0.0147539 0.0231501
37 0.852503 0.845253 0.022221 0.0113485
0 0.540432 0.849261 0.00697937 0.0272383
0 0.676572 0.808465 0.0132681 0.0317039
37 0.32214 0.716658 0.0137345 0.0128967
37 0.853244 0.840747 0.0231495 0.0167352
0 0.00878216 0.977597 0.0175643 0.0229923
0 0.33678 0.770467 0.0236939 0.0182787
37 0.152483 0.736743 0.046796 0.0165604
0 0.963232 0.747418 0.0100018 0.0343881
0 0.678411 0.81512 0.0205078 0.0197566
0 0.826983 0.835511 0.0113337 0.0310204
0 0.346073 0.772558 0.0416815 0.0231255
37 0.948877 0.8634 0.0387875 0.0240645
37 0.944046 0.861615 0.0290474 0.0250946
0 0.973146 0.671809 0.00572186 0.0166862
0 0.768607 0.814047 0.0232866 0.0185438
37 0.585466 0.913926 0.0476336 0.0114755
8 0.270769 0.728976 0.0122719 0.0198313
37 0.02246 0.760288 0.025149 0.00865784
24 0.153426 0.983484 0.0184806 0.0130083
14 0.126393 0.876956 0.0102419 0.0149253
0 0.0795902 0.748878 0.00437133 0.00886722
37 0.024548 0.761292 0.0279746 0.00893317
8 0.0676899 0.74405 0.019886 0.0240692
0 0.021991 0.753842 0.0214005 0.0207777
37 0.39382 0.835222 0.0286078 0.0194875
37 0.859472 0.847037 0.0377304 0.0132114
0 0.831685 0.696253 0.00751343 0.0146718
0 0.675729 0.800779 0.017584 0.049214
0 0.463408 0.823194 0.0120646 0.0419593
0 0.294333 0.723184 0.0142988 0.0146281
0 0.488852 0.723633 0.00835333 0.0102446
0 0.271031 0.73149 0.0120372 0.0190304
0 0.872571 0.845754 0.014724 0.0147541
0 0.95695 0.850859 0.0243652 0.0400024
8 0.975478 0.664524 0.0486465 0.0305642
37 0.0698444 0.749863 0.0217284 0.012757
0 0.944086 0.85932 0.030352 0.0295539
0 0.438267 0.870665 0.0158827 0.0362198
37 0.593589 0.913412 0.0624466 0.0122738
0 0.99576 0.802649 0.00803452 0.0382109
37 0.958053 0.865898 0.0587391 0.0167535
0 0.959677 0.746224 0.00924187 0.033806
0 0.775383 0.813447 0.0324845 0.0192023
8 0.0649379 0.749276 0.013822 0.0148343
0 0.130144 0.982827 0.0643251 0.0266193
37 0.706818 0.842776 0.010718 0.00897759
0 0.963253 0.750443 0.00788612 0.0436022
0 0.854318 0.693146 0.00847626 0.0264199
0 0.779209 0.833034 0.141225 0.0394399
0 0.715262 0.833872 0.0201534 0.0257534
37 0.603976 0.9138 0.0422487 0.011436
0 0.451198 0.828097 0.0106783 0.0539249
0 0.32192 0.713254 0.0144622 0.0195741
