0 0.45302 0.833728 0.0127722 0.0674393
0 0.257498 0.867538 0.0163518 0.0570948
0 0.953608 0.84879 0.0222803 0.0429035
0 0.698069 0.795592 0.00834303 0.0445626
0 0.478722 0.828161 0.0133409 0.0599684
0 0.989519 0.737805 0.00974941 0.0468765
0 0.795485 0.776257 0.00806065 0.0483812
0 0.843502 0.763252 0.00725899 0.042798
0 0.828434 0.76971 0.00805664 0.0371528
0 0.788826 0.773021 0.00900555 0.043494
0 0.525542 0.778772 0.00748768 0.026102
0 0.873791 0.76102 0.00904121 0.0436064
0 0.945695 0.740984 0.00817261 0.0301071
0 0.775545 0.775525 0.00666904 0.0491925
0 0.961302 0.744627 0.00963707 0.0448205
0 0.806018 0.771558 0.00636559 0.0379072
0 0.42342 0.909922 0.0201283 0.0506378
0 0.831021 0.834753 0.0166691 0.0319422
0 0.782599 0.694776 0.00693254 0.0142615
0 0.511289 0.780242 0.00659351 0.0222293
0 0.00922064 0.743889 0.00656571 0.0187492
0 0.716993 0.830588 0.0119404 0.0318185
0 0.853874 0.766139 0.00740814 0.0404629
0 0.371432 0.738502 0.00831633 0.0105764
0 0.930069 0.731606 0.00879669 0.0291426
37 0.198309 0.915831 0.0458822 0.0318975
0 0.766178 0.695428 0.00774469 0.0144384
0 0.853608 0.8295 0.0233246 0.0392724
0 0.684084 0.789016 0.0108248 0.0305774
0 0.478278 0.794546 0.0118296 0.0251519
0 0.995664 0.811141 0.00826302 0.0223996
0 0.114202 0.982701 0.0297801 0.0248878
0 0.354458 0.989322 0.0146369 0.0213557
0 0.917198 0.972758 0.0182137 0.039694
0 0.88359 0.980087 0.0456692 0.0384952
0 0.684064 0.794994 0.0111008 0.0439097
0 0.714409 0.830896 0.0203457 0.0323846
0 0.903585 0.742058 0.00869942 0.0236615
37 0.0221718 0.93848 0.0443436 0.0288779
0 0.856988 0.828717 0.0159143 0.0376562
0 0.119756 0.984579 0.0402168 0.0231611
0 0.89583 0.977071 0.0700203 0.044045
0 0.301659 0.739773 0.00629005 0.0126322
37 0.0955467 0.994136 0.0467569 0.008186
0 0.291293 0.752858 0.00634232 0.015388
0 0.921495 0.973844 0.026989 0.0420378
0 0.901493 0.763994 0.00673943 0.0283064
0 0.956816 0.743432 0.00737572 0.0374619
0 0.104996 0.983977 0.0517805 0.0264954
0 0.959429 0.745197 0.0120781 0.0434265
0 0.906253 0.973275 0.0408611 0.041448
0 0.955885 0.741015 0.00652313 0.0281621
0 0.685276 0.813907 0.00961952 0.0166914
0 0.0064789 0.744409 0.012687 0.0206111
0 0.973509 0.67057 0.00690689 0.033335
0 0.289953 0.754353 0.0103264 0.0139469
0 0.331516 0.708741 0.00576191 0.0141554
0 0.677643 0.815895 0.00937347 0.0170212
37 0.50695 0.786529 0.0165926 0.0111961
0 0.110525 0.981726 0.0216372 0.0247528
0 0.974586 0.763257 0.0187492 0.0263231
0 0.976761 0.664261 0.00597572 0.0380288
0 0.674811 0.816036 0.0141937 0.017808
8 0.0222367 0.938265 0.0444734 0.0292497
0 0.57696 0.874719 0.0336643 0.0161743
0 0.97795 0.664723 0.00758324 0.0377524
0 0.200663 0.728535 0.0123595 0.0100091
0 0.977795 0.654615 0.00609436 0.0201008
0 0.33045 0.70904 0.00899096 0.0145637
8 0.787691 0.703905 0.0500952 0.0108136
0 0.00561935 0.981737 0.011149 0.0139592
0 0.770392 0.812823 0.0169718 0.0157976
0 0.974566 0.767554 0.0192501 0.0181179
0 0.677574 0.815638 0.0191731 0.0183011
8 0.32302 0.71188 0.0246597 0.0124827
0 0.477136 0.80738 0.0143517 0.0531247
0 0.903097 0.750378 0.00921707 0.0417355
37 0.10142 0.985915 0.0586474 0.0234918
8 0.00547379 0.74866 0.0107423 0.010061
8 0.00637527 0.748449 0.0126423 0.0172914
0 0.391456 0.817111 0.0169367 0.0542213
0 0.0582929 0.749186 0.00372403 0.00931566
8 0.325595 0.715051 0.0296936 0.00926514
0 0.958504 0.848146 0.0128698 0.0386246
8 0.780576 0.704474 0.0363047 0.00953996
25 0.0222585 0.938559 0.0443754 0.0297068
8 0.294205 0.748204 0.0224033 0.0261456
0 0.475219 0.81158 0.0111407 0.0456757
0 0.710329 0.832088 0.0290236 0.0326162
26 0.935977 0.86554 0.0117226 0.0160889
0 0.973047 0.752806 0.00567665 0.00695919
0 0.975473 0.665426 0.0104874 0.0394872
0 0.703889 0.831977 0.0421396 0.0330336
37 0.993076 0.715004 0.0134083 0.0107588
8 0.677677 0.56972 0.0524403 0.011666
8 0.917339 0.674586 0.00830803 0.0130605
37 0.69351 0.841675 0.0328938 0.0145567
0 0.828171 0.834545 0.0143354 0.0319517
8 0.774945 0.703388 0.0251038 0.0100081
0 0.540566 0.850435 0.00776234 0.0324965
0 0.68541 0.814658 0.0127663 0.017298
0 0.909506 0.975758 0.0533531 0.0448934
0 0.859329 0.829323 0.0141335 0.0402184
0 0.994099 0.661294 0.00353298 0.0120394
37 0.935956 0.865952 0.0117323 0.0153117
8 0.775131 0.695838 0.0258421 0.015666
0 0.299573 0.739995 0.0106107 0.0125851
0 0.878359 0.98468 0.0350044 0.0297051
8 0.323616 0.709666 0.026125 0.0164756
0 0.509227 0.780652 0.014225 0.0238912
8 0.844655 0.83305 0.0451532 0.0408858
37 0.0735438 0.7459 0.022219 0.0179857
8 0.293839 0.754526 0.021444 0.0152935
8 0.0738842 0.745626 0.02364 0.0187778
0 0.94735 0.851201 0.0345024 0.0457948
8 0.591566 0.319754 0.00846348 0.00774087
0 0.00572711 0.978423 0.011344 0.0199914
0 0.870698 0.676088 0.00469761 0.0103726
0 0.115419 0.739934 0.00452931 0.00809174
8 0.289561 0.754679 0.0129169 0.0150224
0 0.777885 0.774953 0.0111536 0.0489193
0 0.0705763 0.748856 0.0163307 0.0128343
