0 0.452622 0.834487 0.0125604 0.0665314
0 0.288194 0.902355 0.0188516 0.0786304
0 0.56385 0.811135 0.00965519 0.0571065
0 0.522639 0.820375 0.0131873 0.0563775
0 0.702708 0.792237 0.0107127 0.0485723
0 0.637337 0.803989 0.00897684 0.0498289
0 0.554977 0.819049 0.0102278 0.047778
0 0.38131 0.845972 0.0136335 0.0659926
0 0.842933 0.764109 0.00857792 0.0413164
0 0.71847 0.829379 0.0144453 0.0329827
0 0.797257 0.775103 0.00941353 0.0505483
0 0.688789 0.794181 0.0100065 0.0465912
0 0.95694 0.848254 0.0156376 0.0355425
0 0.83135 0.83504 0.0169952 0.0327423
0 0.728344 0.78698 0.00826769 0.0475793
0 0.114525 0.982915 0.0312239 0.0244815
0 0.735335 0.78456 0.00812693 0.0500448
0 0.654058 0.807417 0.00655651 0.03459
0 0.949004 0.850417 0.0161381 0.0379116
0 0.926244 0.753812 0.00888824 0.0420254
0 0.853451 0.834193 0.0209127 0.028517
0 0.977746 0.733089 0.00766335 0.0278054
0 0.391101 0.83349 0.017882 0.0873847
0 0.355179 0.989404 0.0148632 0.0211923
0 0.928971 0.728641 0.00760994 0.0240685
37 0.19799 0.915966 0.0445374 0.031102
0 0.474309 0.856804 0.0206358 0.0243313
0 0.97184 0.762307 0.0139795 0.0273749
0 0.905163 0.973224 0.0380699 0.0383979
0 0.676594 0.815356 0.0177597 0.0188633
0 0.927165 0.745225 0.010577 0.0574368
0 0.577648 0.875081 0.0326107 0.0153798
37 0.0222289 0.938615 0.0444579 0.0297994
0 0.945718 0.850926 0.0217831 0.0387685
0 0.0577026 0.728467 0.00635189 0.0142704
0 0.914487 0.670788 0.00596504 0.0118841
0 0.00573097 0.975567 0.0113952 0.0261249
0 0.890976 0.976852 0.0602287 0.0440552
0 0.39108 0.815337 0.01761 0.0503652
0 0.882944 0.983892 0.0442232 0.0303409
0 0.954653 0.849967 0.0204685 0.0380961
0 0.0366725 0.742939 0.00737768 0.0146144
14 0.0796461 0.756531 0.00547186 0.00923275
0 0.940521 0.673954 0.00615349 0.0216292
0 0.108091 0.984154 0.0444642 0.0265778
0 0.540929 0.849142 0.00746012 0.0277713
0 0.854218 0.830114 0.0195574 0.023329
0 0.922367 0.973602 0.0262844 0.0393361
0 0.480674 0.856849 0.0320312 0.0245466
0 0.736945 0.784459 0.00951624 0.0490631
0 0.715574 0.829624 0.0206472 0.033793
37 0.0996165 0.994059 0.0547867 0.00828824
8 0.898137 0.683602 0.0119431 0.0165356
0 0.0588708 0.729214 0.00959532 0.0156837
0 0.917405 0.972301 0.0159306 0.036754
0 0.951621 0.659802 0.00379047 0.0145702
0 0.910326 0.975382 0.0488115 0.0436395
0 0.914815 0.972194 0.010611 0.0368751
0 0.991479 0.671032 0.00612297 0.0164803
0 0.787157 0.813851 0.0339008 0.0192637
0 0.0637822 0.730036 0.00676184 0.0110263
0 0.85686 0.836183 0.0300179 0.0316964
8 0.265008 0.731311 0.0149942 0.0097246
0 0.942977 0.852555 0.0289486 0.0413876
0 0.288507 0.73838 0.00968523 0.0126963
8 0.340473 0.724049 0.0246175 0.0160475
37 0.936462 0.866913 0.0167309 0.01421
14 0.996278 0.816337 0.00703774 0.0113763
0 0.00851561 0.975646 0.0169334 0.0276171
0 0.941559 0.671408 0.00663776 0.0259345
0 0.11951 0.984063 0.0408371 0.0251143
0 0.8605 0.794635 0.00545368 0.0133214
14 0.00362566 0.75482 0.00723683 0.0104017
8 0.989166 0.70001 0.0212799 0.0190248
0 0.855417 0.795084 0.0162661 0.0126292
8 0.339937 0.724765 0.0185823 0.013884
0 0.77325 0.813476 0.0211895 0.0180508
0 0.996038 0.807563 0.00751305 0.0289517
0 0.959502 0.673784 0.00556641 0.0177279
0 0.923534 0.680908 0.00654621 0.00874659
24 0.153451 0.983653 0.0179485 0.0127462
0 0.777291 0.813601 0.0131648 0.01861
8 0.265089 0.734426 0.0154209 0.0145387
0 0.592903 0.907363 0.0622483 0.023114
0 0.863684 0.696786 0.00633202 0.0163997
0 0.774135 0.812684 0.00713024 0.0167558
0 0.769166 0.813061 0.0128524 0.0178267
0 0.858078 0.836744 0.0427322 0.0354702
0 0.854556 0.796237 0.0149887 0.00980157
8 0.262933 0.730628 0.0141824 0.0098799
0 0.731201 0.784885 0.013556 0.0512675
0 0.776651 0.814244 0.0283905 0.0203179
8 0.0606322 0.73332 0.0126945 0.0151933
0 0.977833 0.771428 0.0119083 0.00931159
0 0.498266 0.756597 0.00671606 0.0119907
0 0.515028 0.720325 0.00619755 0.0112535
0 0.968738 0.762524 0.0209763 0.0283574
0 0.865607 0.685434 0.00617676 0.0102654
0 0.996104 0.816341 0.00731525 0.013913
0 0.897146 0.975202 0.0222582 0.0312251
0 0.0604502 0.728929 0.0136181 0.0166228
37 0.593933 0.911762 0.0602078 0.0143216
0 0.872553 0.845634 0.0144207 0.0148524
0 0.844572 0.836668 0.0452053 0.0341332
0 0.381725 0.831101 0.0126022 0.0473582
37 0.957068 0.867503 0.0600981 0.0146393
0 0.342684 0.771877 0.00721569 0.00949927
37 0.860648 0.845721 0.0389404 0.0167914
8 0.342521 0.723342 0.030348 0.0186442
0 0.655513 0.807635 0.0092308 0.0355833
0 0.577733 0.871205 0.0331128 0.023592
