0 0.240771 0.904804 0.0222711 0.0784956
0 0.623553 0.808759 0.00895844 0.0512231
0 0.453586 0.833934 0.0107008 0.0660984
0 0.796577 0.774985 0.00834007 0.0484675
0 0.554797 0.819561 0.0102658 0.048877
0 0.53772 0.816181 0.0127535 0.0601864
0 0.831255 0.835168 0.0168709 0.0323029
0 0.843426 0.765699 0.00745125 0.0450646
0 0.363027 0.847851 0.014862 0.0617483
0 0.741768 0.782992 0.00871401 0.050902
0 0.702598 0.791819 0.0100908 0.0471507
0 0.495544 0.825486 0.0124828 0.0566761
0 0.114397 0.982776 0.0323181 0.0256833
0 0.732631 0.786085 0.00907564 0.0462233
0 0.640648 0.811192 0.00866337 0.0351907
0 0.718254 0.830045 0.0128911 0.0316533
0 0.689188 0.795905 0.00994549 0.0440587
0 0.965825 0.741447 0.0080801 0.038682
0 0.930882 0.727643 0.00750771 0.0216202
0 0.956078 0.847786 0.0169758 0.0345584
0 0.906318 0.97255 0.0407124 0.0389401
0 0.918088 0.749253 0.00808106 0.0363247
0 0.355467 0.989321 0.0140534 0.0213586
0 0.475553 0.858177 0.0174395 0.0213871
37 0.198912 0.916202 0.0454133 0.0308685
8 0.268691 0.713285 0.0179821 0.0135841
37 0.0220612 0.938979 0.0441223 0.0294615
0 0.0233469 0.73379 0.00941798 0.0311774
0 0.897314 0.683549 0.00736427 0.0146957
0 0.550499 0.759597 0.00857906 0.0173681
0 0.855094 0.834733 0.0151627 0.0248132
8 0.595474 0.757608 0.0404339 0.0225457
0 0.996186 0.813413 0.00722275 0.0167792
0 0.883692 0.980304 0.044949 0.0377648
0 0.852199 0.835135 0.022488 0.0277752
0 0.715624 0.830228 0.0183846 0.03306
0 0.893825 0.975236 0.0644381 0.0455315
0 0.946885 0.850459 0.034272 0.03937
0 0.917744 0.972394 0.0172756 0.0383175
37 0.715288 0.790902 0.0268583 0.0167487
0 0.0216111 0.743756 0.00634292 0.0166799
0 0.678199 0.815495 0.0144304 0.0179799
0 0.872212 0.693986 0.00823307 0.0131426
0 0.923109 0.676957 0.00619049 0.0240835
0 0.974228 0.765832 0.018412 0.0213821
0 0.287705 0.735243 0.00687981 0.016428
0 0.46321 0.760024 0.0115816 0.0174962
8 0.020544 0.752962 0.0405479 0.0282739
8 0.53989 0.766237 0.0352325 0.0178721
0 0.484753 0.858252 0.0354408 0.0221252
37 0.0960852 0.994521 0.0497743 0.00831468
0 0.391552 0.830037 0.0180712 0.0819538
0 0.913474 0.973234 0.0445732 0.041174
0 0.76976 0.813214 0.0145978 0.0150659
0 0.00222676 0.976229 0.00441081 0.0231342
0 0.993151 0.669958 0.00572815 0.0239169
8 0.026996 0.751541 0.053478 0.0311476
0 0.686626 0.783971 0.00648422 0.0252606
0 0.00555331 0.976064 0.0111059 0.0257958
0 0.975044 0.771599 0.0177473 0.01065
0 0.984152 0.652432 0.00449753 0.0148477
0 0.774004 0.813883 0.0197786 0.0154482
0 0.551482 0.760713 0.0111863 0.019813
0 0.94081 0.676585 0.00692425 0.0187394
0 0.638208 0.811357 0.0140827 0.0363868
8 0.538413 0.763638 0.0392731 0.0237352
0 0.870666 0.692079 0.0096302 0.0163162
0 0.895428 0.973294 0.0188656 0.024824
0 0.86191 0.836613 0.0357359 0.031663
0 0.843883 0.835813 0.0416142 0.0328288
0 0.97433 0.769336 0.0198677 0.0160227
8 0.548709 0.770731 0.0182684 0.0106683
0 0.996324 0.666997 0.00537376 0.023888
0 0.877259 0.984806 0.0321884 0.0292799
0 0.479742 0.857791 0.0216013 0.0214277
0 0.874721 0.69311 0.0166529 0.0152696
0 0.36393 0.834873 0.012794 0.0379281
0 0.0993083 0.98333 0.0619532 0.0262841
0 0.922331 0.973282 0.0272167 0.0406414
37 0.587864 0.91175 0.0534861 0.0152096
8 0.366987 0.721163 0.0351757 0.0159261
0 0.968281 0.743325 0.0128517 0.0425235
37 0.576534 0.875115 0.033721 0.013464
8 0.286011 0.73714 0.0145611 0.0194249
24 0.153508 0.983518 0.0176135 0.012413
0 0.36073 0.833812 0.0103178 0.0380625
8 0.361261 0.720058 0.0476981 0.0183638
0 0.897431 0.686698 0.00796051 0.0204625
33 0.391449 0.829249 0.0178581 0.0795888
8 0.0213371 0.744328 0.0425847 0.0447472
37 0.950122 0.86623 0.0425304 0.0162608
8 0.548565 0.766071 0.0182502 0.0202647
0 0.992865 0.66966 0.00803146 0.0244644
0 0.994792 0.813616 0.010041 0.0174059
0 0.960956 0.669687 0.00439453 0.0129759
0 0.712614 0.83237 0.0238596 0.0318105
8 0.257664 0.713993 0.0405726 0.0147883
0 0.945041 0.859564 0.0328493 0.0257199
33 0.391499 0.813498 0.0163202 0.0433845
0 0.855655 0.836273 0.0485188 0.0356142
0 0.362528 0.84185 0.0117188 0.0487735
8 0.946591 0.859682 0.0351154 0.0269372
0 0.358026 0.837518 0.00729885 0.0328946
0 0.577266 0.875557 0.0335686 0.0132982
0 0.0832795 0.732878 0.00805178 0.0140093
0 0.00297522 0.972934 0.00589632 0.0301083
8 0.207577 0.730568 0.0196651 0.0208259
37 0.59214 0.913958 0.0433296 0.0104287
0 0.872601 0.845552 0.0145449 0.0149991
0 0.0210332 0.734208 0.0143014 0.0324788
8 0.535132 0.76495 0.0265913 0.0146284
37 0.955617 0.861869 0.0304581 0.0149784
0 0.0840463 0.734747 0.0112177 0.0167486
0 0.00974921 0.976246 0.0193205 0.0296312
0 0.859606 0.843643 0.0412579 0.0205944
0 0.366093 0.837501 0.00886421 0.0325911
0 0.969044 0.748617 0.0180241 0.0517192
8 0.203093 0.730785 0.0301427 0.0221917
0 0.708884 0.832114 0.0327909 0.0330814
0 0.165471 0.727814 0.00701671 0.00845913
0 0.712511 0.83824 0.0252007 0.0190192
37 0.956809 0.863319 0.0571407 0.0210924
