0 0.48639 0.826825 0.0116766 0.0570494
0 0.453494 0.831606 0.0116262 0.0635452
0 0.843583 0.76699 0.00992909 0.0484587
0 0.308231 0.859953 0.0108912 0.0566288
0 0.953381 0.848469 0.0222689 0.0422429
0 0.526396 0.779434 0.00908794 0.0228434
0 0.697157 0.793348 0.00905447 0.0491843
0 0.883929 0.761405 0.00968857 0.0456289
0 0.830949 0.834265 0.015333 0.0335202
0 0.893044 0.739936 0.00659866 0.0318193
0 0.976822 0.739132 0.0083683 0.0447457
0 0.68478 0.795606 0.0107068 0.046599
0 0.539251 0.776665 0.00853138 0.0273526
0 0.423918 0.914703 0.018965 0.0424155
0 0.856315 0.827969 0.0129334 0.0355092
0 0.463682 0.79912 0.00883427 0.0316274
0 0.794783 0.776737 0.00863085 0.0458915
0 0.768697 0.774553 0.00890751 0.0307473
0 0.936914 0.750781 0.0104338 0.0465427
0 0.785634 0.77774 0.00733337 0.0462362
0 0.00974673 0.751124 0.00911913 0.0182359
0 0.97081 0.762796 0.0109169 0.0273271
0 0.718352 0.830138 0.01339 0.0318827
0 0.925757 0.727908 0.00663681 0.0217363
0 0.354458 0.988763 0.0167332 0.0224746
0 0.114473 0.983777 0.031952 0.0191552
0 0.893727 0.975909 0.0653275 0.0464177
37 0.198662 0.915768 0.0469482 0.0317595
0 0.308969 0.741132 0.00684433 0.0137855
0 0.675625 0.815877 0.0151971 0.0179713
8 0.198297 0.915392 0.0462775 0.0315253
0 0.913062 0.760675 0.006567 0.0308665
0 0.330291 0.709036 0.00455904 0.0165465
0 0.290646 0.751589 0.0074357 0.0163476
0 0.804373 0.777937 0.0075779 0.0312208
0 0.935873 0.746643 0.010413 0.0363559
0 0.420169 0.914273 0.0123047 0.0414178
0 0.995643 0.813853 0.00829735 0.0184882
0 0.713213 0.830562 0.0249645 0.0332587
0 0.917367 0.972603 0.0183495 0.0398319
0 0.782946 0.695389 0.00479937 0.0131467
0 0.884019 0.979695 0.0463846 0.0395259
0 0.577726 0.872415 0.0335188 0.0204022
8 0.199778 0.727589 0.019439 0.012176
8 0.321234 0.717174 0.0227403 0.0122843
0 0.0721373 0.751034 0.00500798 0.0114468
0 0.803742 0.780233 0.00642776 0.0258301
0 0.905776 0.973337 0.0415375 0.0420658
0 0.853693 0.828825 0.018037 0.0380744
0 0.768745 0.781063 0.00932064 0.0439948
8 0.319654 0.712357 0.0259721 0.0214508
0 0.00817631 0.751827 0.0123283 0.0190453
0 0.78749 0.778118 0.0106678 0.0464535
0 0.763361 0.694304 0.00545425 0.0120294
0 0.925878 0.734603 0.00760822 0.0358822
8 0.773031 0.694989 0.0266378 0.0139427
0 0.920558 0.973012 0.0273037 0.0406842
0 0.948968 0.850034 0.0309391 0.0452321
8 0.0734658 0.75085 0.0291896 0.0133843
37 0.0988799 0.994156 0.0529521 0.00827128
37 0.0221531 0.938182 0.0443061 0.0283578
8 0.549084 0.741129 0.0313395 0.0200467
8 0.298986 0.75569 0.0249116 0.0164261
0 0.103833 0.986044 0.0537016 0.022937
8 0.151946 0.747211 0.0309408 0.0121596
8 0.298844 0.758491 0.0238785 0.0105806
0 0.00574601 0.982236 0.0114106 0.0116157
0 0.293316 0.75352 0.0136399 0.0181954
0 0.540984 0.848297 0.00743198 0.0301132
8 0.319611 0.715667 0.0261271 0.0164178
0 0.936462 0.742068 0.0112921 0.0323056
25 0.0222501 0.938149 0.0444195 0.029273
0 0.462965 0.803504 0.0104513 0.0419371
0 0.929341 0.736217 0.00816441 0.0352926
0 0.882328 0.98461 0.0429649 0.0301036
37 0.912659 0.767538 0.0489243 0.0166317
37 0.951411 0.865925 0.0400093 0.0173808
0 0.780894 0.695104 0.0101858 0.0141179
0 0.691599 0.793177 0.0201756 0.0514087
0 0.0610257 0.751224 0.00462532 0.00870768
8 0.157651 0.742874 0.0425664 0.0207655
0 0.672835 0.815779 0.0202915 0.0192359
0 0.852368 0.8391 0.0212784 0.0215071
37 0.101415 0.98681 0.0576701 0.0221629
0 0.68307 0.796692 0.0143631 0.0509688
0 0.588743 0.907372 0.0524132 0.0252811
0 0.839942 0.835006 0.0346836 0.0351381
8 0.152729 0.744253 0.032453 0.0159356
0 0.980324 0.771575 0.00712528 0.0104458
8 0.548842 0.731622 0.0323721 0.0390683
0 0.112645 0.980863 0.0305497 0.0236445
8 0.0808572 0.750801 0.0141206 0.0120112
0 0.859459 0.795409 0.00759659 0.0118562
0 0.905091 0.975768 0.0599335 0.0454666
0 0.0715117 0.751697 0.0249406 0.0112076
0 0.76858 0.769178 0.0102329 0.0302341
8 0.911083 0.769216 0.0466671 0.0163974
0 0.799232 0.775432 0.0180734 0.0393595
8 0.794339 0.57529 0.0361411 0.00918494
8 0.949847 0.866119 0.0383202 0.0163286
8 0.533291 0.743468 0.0642781 0.0251163
37 0.913524 0.763693 0.0517891 0.0212023
0 0.309202 0.74278 0.00792732 0.0166914
8 0.909595 0.763274 0.0524128 0.0280429
0 0.859883 0.687133 0.00618286 0.00924649
8 0.00650918 0.757344 0.0104021 0.0104245
0 0.886224 0.761406 0.013781 0.0435355
0 0.977282 0.673045 0.00544109 0.0138964
8 0.892365 0.768559 0.0890766 0.0322959
0 0.684919 0.800423 0.0132278 0.0444763
0 0.979016 0.739614 0.0123774 0.0467055
0 0.9255 0.729858 0.00793495 0.02618
0 0.981755 0.771623 0.00875359 0.0101017
0 0.770421 0.812414 0.0140765 0.0159312
8 0.866958 0.670619 0.00811996 0.00828213
8 0.892945 0.762472 0.0870464 0.0286068
0 0.679199 0.798722 0.0233859 0.0511271
0 0.122463 0.985923 0.0230924 0.0212589
8 0.982448 0.577914 0.0346615 0.0108322
0 0.120191 0.985097 0.0381381 0.020502
28 0.153441 0.983357 0.0178279 0.0130452
37 0.950775 0.864043 0.0201178 0.0148317
0 0.933581 0.743028 0.00969009 0.0318454
37 0.866396 0.797142 0.043516 0.0125712
37 0.93605 0.867762 0.0114746 0.0138916
8 0.301938 0.757155 0.0304898 0.0163917
8 0.987624 0.567174 0.0243275 0.020598
37 0.960383 0.863307 0.0462584 0.0170631
37 0.853072 0.846594 0.0296379 0.0133352
0 0.938816 0.750077 0.0114096 0.0480265
37 0.96587 0.783567 0.0205599 0.00936398
37 0.492747 0.863963 0.0201715 0.0086714
37 0.497607 0.849981 0.017548 0.0102915
0 0.995277 0.808358 0.00899639 0.0308129
0 0.768002 0.812021 0.00976677 0.0177477
24 0.153432 0.983267 0.018088 0.013464
8 0.866732 0.669285 0.00846558 0.00899997
37 0.865825 0.77309 0.0271595 0.0123545
37 0.855402 0.847266 0.044626 0.0131795
0 0.00585267 0.978548 0.0115993 0.019101
0 0.486611 0.814716 0.00980644 0.0332035
8 0.90152 0.767243 0.0682953 0.0257124
8 0.959274 0.698904 0.0807804 0.0247187
8 0.139903 0.561551 0.0247497 0.00970069
37 0.695748 0.841466 0.027112 0.0143599
8 0.985128 0.575358 0.0292973 0.0121899
