0 0.454066 0.833032 0.0121406 0.0685164
0 0.467814 0.836598 0.0145357 0.0644718
0 0.830701 0.834373 0.0175121 0.0342051
0 0.694455 0.793532 0.00969238 0.0472371
0 0.843213 0.766615 0.00829697 0.0461083
0 0.706324 0.791613 0.00971031 0.0480732
0 0.744551 0.785221 0.00817566 0.048743
0 0.755077 0.7834 0.00925131 0.0486377
0 0.794821 0.775494 0.0106188 0.048643
0 0.854985 0.762911 0.00877705 0.0495195
0 0.71863 0.830485 0.0145809 0.0310866
0 0.892767 0.976111 0.0616545 0.0453854
0 0.0712149 0.741269 0.00767376 0.0256709
0 0.277453 0.728568 0.00646729 0.0151057
37 0.197806 0.915593 0.0444419 0.0310566
0 0.464756 0.780403 0.00737381 0.0227687
0 0.889062 0.756324 0.00867996 0.0451892
0 0.856297 0.83028 0.0162754 0.03248
0 0.8301 0.775979 0.00705032 0.0289432
0 0.434684 0.913755 0.0224621 0.0378404
0 0.962781 0.738053 0.00704231 0.0312188
0 0.00832532 0.751829 0.00959217 0.0172828
37 0.0221999 0.938942 0.0441665 0.028751
0 0.52738 0.814798 0.0106752 0.0408868
0 0.953564 0.84921 0.0218868 0.0407881
0 0.811205 0.773704 0.00940704 0.0467926
0 0.957181 0.847942 0.0151905 0.0379625
0 0.119069 0.98344 0.0383155 0.0243259
0 0.32039 0.715633 0.00635519 0.0231832
0 0.33414 0.754688 0.00688529 0.0186873
0 0.931578 0.727575 0.00607014 0.0237027
0 0.945688 0.743297 0.00950565 0.0344723
0 0.354298 0.989343 0.0153484 0.021284
0 0.971907 0.762818 0.0138786 0.0271281
0 0.192331 0.734502 0.00907164 0.0096066
0 0.677883 0.81576 0.019862 0.019997
0 0.903501 0.973042 0.0390282 0.0392454
0 0.853799 0.831828 0.0219479 0.0361582
0 0.529122 0.739348 0.00631218 0.0103845
37 0.103769 0.993748 0.0631621 0.00870734
0 0.0537175 0.751677 0.00527632 0.00740085
0 0.972317 0.672502 0.00479698 0.0171653
0 0.114808 0.982622 0.030271 0.0214147
0 0.897381 0.678447 0.00623055 0.0219737
0 0.00571768 0.975718 0.0114179 0.0255429
0 0.984681 0.677927 0.00532265 0.0159978
0 0.00551036 0.942335 0.0109514 0.0939735
0 0.714606 0.831131 0.0230389 0.0313524
0 0.949812 0.858571 0.0142982 0.0234138
37 0.53448 0.739836 0.0170851 0.0107846
0 0.769201 0.698331 0.00628719 0.0188602
37 0.00976453 0.760975 0.0183778 0.0055681
0 0.788358 0.699017 0.00613041 0.0205611
0 0.10746 0.984694 0.0619 0.0255049
0 0.94509 0.748241 0.0106754 0.0445387
0 0.813224 0.773811 0.0136482 0.0464306
0 0.863841 0.833487 0.032452 0.0380449
37 0.577441 0.875243 0.0324486 0.0138184
0 0.142928 0.739812 0.0116629 0.00899743
0 0.883982 0.985486 0.0444563 0.0271379
0 0.995888 0.813929 0.00782375 0.0145565
8 0.825264 0.716551 0.084474 0.0180103
0 0.773612 0.812548 0.00672531 0.0149512
37 0.0950161 0.993765 0.0457343 0.00789998
0 0.978198 0.662439 0.00530777 0.0185709
0 0.577695 0.875628 0.0327793 0.0143155
0 0.443058 0.778502 0.00389633 0.0151015
0 0.319381 0.717673 0.00849781 0.025108
0 0.109603 0.981468 0.0199347 0.0219693
0 0.00374618 0.942902 0.00742926 0.0968808
0 0.98231 0.66258 0.00596294 0.0183891
0 0.153939 0.740032 0.0148575 0.00869954
0 0.529904 0.814326 0.0147989 0.0407281
0 0.810929 0.762764 0.00862694 0.0271525
0 0.0060871 0.955679 0.0121087 0.066679
0 0.770248 0.812955 0.0138615 0.0148839
0 0.144719 0.739914 0.00918174 0.00843828
0 0.00944491 0.976143 0.0187927 0.026934
0 0.872761 0.845726 0.01413 0.0144219
37 0.277885 0.736981 0.00810766 0.00607944
0 0.948035 0.850689 0.0318533 0.0448371
8 0.442577 0.780676 0.0212103 0.0174859
0 0.316836 0.71863 0.0137311 0.0187258
0 0.391234 0.831902 0.0181597 0.0872999
24 0.153427 0.982994 0.0187592 0.0136756
0 0.149774 0.739974 0.0221177 0.00926208
0 0.317279 0.720565 0.0119411 0.0146111
0 0.879689 0.673081 0.00560188 0.0105153
14 0.791028 0.319408 0.00738564 0.00805172
0 0.705836 0.831611 0.0398602 0.0321192
33 0.391183 0.814399 0.0176312 0.0504735
37 0.937439 0.86699 0.0140652 0.0151335
0 0.880259 0.681056 0.00696678 0.0189835
0 0.54051 0.848759 0.00803061 0.027673
0 0.946097 0.859442 0.0298464 0.0280545
0 0.12579 0.985819 0.0275447 0.0211405
0 0.851904 0.839147 0.0223398 0.0233958
2 0.506329 0.412311 0.0356728 0.0244915
37 0.864749 0.796912 0.0387669 0.0125303
0 0.779544 0.815991 0.0082056 0.0100684
0 0.885312 0.979481 0.0472507 0.038847
0 0.442468 0.77799 0.00742331 0.0161916
37 0.868129 0.7997 0.0323334 0.0120665
37 0.314087 0.731171 0.0186889 0.00688137
0 0.53492 0.73878 0.0181246 0.0135334
0 0.131538 0.983962 0.0636599 0.0208778
0 0.975412 0.762588 0.0209528 0.027377
0 0.896477 0.676047 0.0074604 0.0218324
37 0.943973 0.866243 0.0259865 0.0163725
8 0.314573 0.728747 0.0185836 0.00979784
0 0.00200937 0.910917 0.00395476 0.0321055
0 0.776094 0.812899 0.0147837 0.0163144
0 0.526265 0.811607 0.0109895 0.0361862
0 0.86074 0.845838 0.038509 0.0157701
14 0.42791 0.318367 0.00587902 0.00524029
0 0.787826 0.699223 0.00857496 0.0211904
0 0.856961 0.82444 0.0162985 0.0346686
37 0.0536641 0.752721 0.00675023 0.00762363
8 0.316967 0.723958 0.0132233 0.0144306
37 0.853187 0.845324 0.0262072 0.014644
0 0.349992 0.989383 0.0251975 0.0211914
8 0.440979 0.780749 0.0180769 0.014188
2 0.53819 0.407124 0.0259618 0.0177441
8 0.847309 0.715662 0.0407478 0.015195
8 0.312711 0.731311 0.0226215 0.00786404
37 0.859544 0.79658 0.0267643 0.00995483
0 0.881483 0.685214 0.00810967 0.0107613
0 0.959681 0.849573 0.0222317 0.0402083
0 0.964399 0.667989 0.00461884 0.0119922
37 0.685503 0.836884 0.0542151 0.0160631
2 0.500936 0.411572 0.0246053 0.0227801
8 0.812716 0.729875 0.0536007 0.0129127
