0 0.452138 0.834256 0.0127295 0.0658766
0 0.572248 0.815644 0.0102064 0.0484741
0 0.661869 0.797155 0.0119108 0.0535272
0 0.746445 0.783132 0.00674086 0.0478163
0 0.50658 0.824812 0.0141235 0.0542162
0 0.842323 0.76695 0.00861721 0.0451909
0 0.718589 0.830355 0.0138718 0.0316696
0 0.830787 0.834894 0.0176369 0.0330336
0 0.715565 0.788609 0.00727625 0.0483019
0 0.796781 0.774921 0.00837612 0.0476306
0 0.953581 0.84967 0.022135 0.0410068
0 0.70949 0.790704 0.00712242 0.0451948
0 0.115559 0.982967 0.0353771 0.0274919
0 0.474973 0.856855 0.01745 0.0244856
0 0.390816 0.811779 0.018372 0.0445982
0 0.692951 0.792496 0.0103811 0.0519055
0 0.432089 0.914064 0.0273489 0.0369483
37 0.197788 0.916269 0.0448565 0.0316986
0 0.856593 0.829674 0.0135923 0.0327711
0 0.355445 0.989108 0.0140417 0.0217838
0 0.985494 0.747484 0.00793953 0.0364787
0 0.701431 0.794173 0.00853834 0.0412901
37 0.0221457 0.938277 0.0442914 0.0295561
0 0.972051 0.76243 0.013447 0.0268807
0 0.00561785 0.979188 0.011161 0.0182934
0 0.0118155 0.74967 0.00983007 0.0199215
0 0.891942 0.975474 0.0617029 0.0470747
0 0.939295 0.72756 0.007724 0.020264
0 0.910912 0.973964 0.0494316 0.0445463
0 0.414533 0.760754 0.00884771 0.0145545
0 0.270878 0.725231 0.00805531 0.0222543
0 0.0630984 0.737542 0.00756242 0.0163618
0 0.314844 0.713728 0.00680504 0.017883
0 0.852678 0.830708 0.0233002 0.0349877
0 0.677015 0.814205 0.017207 0.0203412
37 0.0949531 0.994495 0.0472427 0.00812954
0 0.497224 0.72885 0.00468636 0.00844964
4 0.234052 0.29481 0.0248281 0.0107162
0 0.996371 0.812021 0.00683365 0.0178589
0 0.903816 0.972448 0.0351757 0.0416026
0 0.842634 0.697578 0.00667515 0.0179118
0 0.883538 0.979619 0.045583 0.0390274
0 0.714115 0.789258 0.00826874 0.04726
0 0.42787 0.761394 0.0132612 0.0129996
0 0.921711 0.97307 0.0281372 0.0418594
37 0.852905 0.848136 0.0263914 0.0106537
0 0.974467 0.763363 0.0187023 0.0260184
0 0.972182 0.677639 0.00568924 0.0199014
0 0.0140434 0.750416 0.0146285 0.0225008
0 0.377573 0.776371 0.00866032 0.0169664
0 0.417105 0.760715 0.0138464 0.0149638
0 0.290882 0.723967 0.00672088 0.0127913
37 0.576249 0.875195 0.0362524 0.0143697
0 0.90272 0.686155 0.00385208 0.0147282
0 0.422368 0.760992 0.0249056 0.0139891
0 0.430647 0.761229 0.00858402 0.0126461
0 0.271044 0.728973 0.0103339 0.0299272
0 0.484096 0.856811 0.0358986 0.0243334
0 0.290628 0.720087 0.00697932 0.017235
0 0.390805 0.830245 0.018673 0.0819973
0 0.10222 0.983303 0.0608385 0.0278456
37 0.102656 0.992873 0.0627439 0.0102627
0 0.576846 0.875824 0.0354814 0.0137166
0 0.773037 0.812794 0.0205369 0.0156772
0 0.715551 0.830657 0.0200752 0.0334174
0 0.269164 0.725029 0.0125797 0.0228648
0 0.0691427 0.747947 0.00800827 0.010555
8 0.298984 0.718107 0.024699 0.0144962
0 0.81506 0.698621 0.00617676 0.0185023
0 0.944876 0.676697 0.0106789 0.0170858
24 0.153813 0.983201 0.0183512 0.0133379
0 0.71795 0.788534 0.0110127 0.0482791
0 0.541587 0.847296 0.00932198 0.0305079
0 0.130755 0.982537 0.065839 0.0277724
0 0.953341 0.8605 0.0204903 0.0211736
0 0.508045 0.821456 0.0112984 0.0457692
8 0.298886 0.719824 0.0283857 0.0216195
0 0.37332 0.775734 0.0224873 0.0195814
0 0.69181 0.784787 0.0102594 0.0416685
0 0.0787815 0.744117 0.00527039 0.0122086
8 0.298824 0.718356 0.0209182 0.0112403
8 0.373348 0.776066 0.0221228 0.0196601
0 0.499174 0.728719 0.0128674 0.0100342
0 0.981064 0.758927 0.0119728 0.0290641
37 0.138818 0.739125 0.0166874 0.0087421
0 0.98648 0.744884 0.0100182 0.0415527
37 0.577472 0.879824 0.0337692 0.0110467
8 0.301675 0.717416 0.0313511 0.0205573
37 0.495277 0.862804 0.0153481 0.0109046
0 0.778722 0.813948 0.00975428 0.0139513
0 0.859562 0.795159 0.00709076 0.0127465
0 0.691355 0.796225 0.0106436 0.0491957
0 0.479981 0.856663 0.0201145 0.0229597
0 0.0649119 0.738582 0.0113995 0.0193463
37 0.850261 0.84683 0.0324759 0.0138752
0 0.138723 0.739161 0.0166979 0.00847439
0 0.4406 0.915334 0.0106441 0.0328217
37 0.516513 0.84932 0.0283794 0.0080953
0 0.00931036 0.97942 0.0184085 0.0199271
0 0.798647 0.774583 0.0118181 0.0482758
0 0.714826 0.83615 0.0206993 0.0219201
37 0.492471 0.863834 0.020887 0.010082
37 0.857499 0.846811 0.0376318 0.0152357
8 0.289844 0.721801 0.0582455 0.0331587
0 0.914602 0.965823 0.00906677 0.0289096
0 0.872347 0.844865 0.0146027 0.0162184
37 0.935855 0.867006 0.0114571 0.0147217
