0 0.830776 0.834719 0.0174044 0.0334908
0 0.538316 0.820836 0.0127738 0.0554876
0 0.452494 0.834446 0.0120785 0.0662052
0 0.605822 0.809882 0.0108229 0.0486688
0 0.9537 0.849921 0.0219006 0.0424662
0 0.692858 0.795051 0.0103722 0.048465
0 0.842836 0.766231 0.00835991 0.0444602
0 0.796997 0.775395 0.00731831 0.0480876
0 0.709069 0.788334 0.0113157 0.0488236
0 0.47571 0.854175 0.0162354 0.0295712
0 0.736603 0.784424 0.00920925 0.0514971
0 0.939657 0.728888 0.00717773 0.0210386
0 0.747252 0.784651 0.00766506 0.0426273
0 0.0600975 0.737931 0.00544245 0.0200256
0 0.28928 0.727387 0.00568705 0.0189616
37 0.198098 0.915802 0.0454862 0.0308602
0 0.272088 0.731524 0.00585036 0.0155718
0 0.717842 0.830776 0.0132607 0.0306583
0 0.974036 0.762162 0.0182131 0.0276323
0 0.856894 0.829327 0.0134283 0.0335537
0 0.114705 0.98181 0.0308615 0.0265049
0 0.725677 0.788343 0.00852261 0.0437692
0 0.433549 0.914226 0.0250117 0.0374081
0 0.00771246 0.747976 0.00733852 0.0174871
0 0.354645 0.989164 0.0152944 0.0216715
0 0.31334 0.709889 0.00592847 0.0179928
0 0.904767 0.972354 0.0368591 0.0412228
37 0.0221892 0.938673 0.0443784 0.0295073
0 0.730946 0.78686 0.00684299 0.0463165
0 0.883375 0.984777 0.0436428 0.0293179
0 0.712152 0.831158 0.0253464 0.0316616
0 0.676487 0.815136 0.0165138 0.0189372
0 0.701034 0.795371 0.00704689 0.0397217
0 0.393445 0.776334 0.00586371 0.0167862
0 0.921946 0.972638 0.0270222 0.041423
8 0.302759 0.716534 0.0295085 0.0123735
0 0.00599188 0.75084 0.0109123 0.0135963
0 0.0607626 0.742106 0.00713878 0.0282206
0 0.99617 0.811512 0.00724735 0.0206272
0 0.0644142 0.750098 0.00527191 0.0145532
0 0.140753 0.739318 0.00392141 0.008176
0 0.577039 0.875853 0.0339462 0.0136815
0 0.440346 0.917526 0.0110888 0.0284705
0 0.853546 0.830042 0.0198673 0.03677
0 0.0725419 0.749529 0.00649034 0.0108551
0 0.895319 0.975985 0.0672443 0.0455553
0 0.00602148 0.749117 0.0112954 0.0188283
0 0.102144 0.983066 0.0601452 0.0294261
37 0.101907 0.993848 0.0603092 0.00906677
0 0.509839 0.730609 0.00557251 0.0102303
8 0.067769 0.75345 0.0202634 0.010203
0 0.802359 0.696567 0.00578499 0.0152323
0 0.434159 0.75815 0.00687809 0.0111396
37 0.00779031 0.758559 0.0144958 0.00968255
0 0.00658914 0.98092 0.0131002 0.0153286
8 0.523874 0.731063 0.0392454 0.0150167
0 0.914638 0.971552 0.0105839 0.0407352
8 0.302736 0.710496 0.0306922 0.0210932
8 0.302843 0.720627 0.0292302 0.017843
0 0.87261 0.845567 0.0151173 0.0151279
8 0.30293 0.716143 0.029253 0.0195645
0 0.959287 0.850214 0.0110489 0.037321
8 0.0646137 0.750153 0.0270086 0.0198595
0 0.401042 0.765408 0.00546951 0.0168167
0 0.484646 0.854395 0.0350338 0.0299232
0 0.771453 0.812529 0.010951 0.0149434
0 0.434815 0.908529 0.0271996 0.0485623
37 0.852835 0.847128 0.0257595 0.0123471
24 0.153618 0.98336 0.0174092 0.0127257
0 0.891281 0.672552 0.00592175 0.0082539
0 0.971834 0.654195 0.00962162 0.0227992
8 0.00702942 0.756666 0.0135511 0.0127107
0 0.0621385 0.743287 0.0102291 0.0276076
0 0.393649 0.77579 0.00860157 0.0166701
0 0.859998 0.795018 0.00790062 0.0128062
0 0.130317 0.739102 0.00539079 0.00846846
0 0.85284 0.842249 0.0228222 0.0169688
0 0.391126 0.832126 0.0182482 0.0873593
8 0.950303 0.672994 0.0147114 0.00958337
8 0.28456 0.734734 0.0159513 0.00785132
8 0.0640237 0.743918 0.0290329 0.0280738
0 0.135059 0.739349 0.0159515 0.00942518
8 0.957681 0.670394 0.0326069 0.0153228
37 0.396703 0.777942 0.024324 0.01542
14 0.254735 0.39787 0.00926857 0.0105798
0 0.859916 0.84609 0.0409416 0.0167962
37 0.0100745 0.758688 0.0194528 0.0123993
0 0.00933511 0.981109 0.0184881 0.0166609
0 0.29075 0.726617 0.00811095 0.0208506
8 0.521046 0.724729 0.0436823 0.0295197
14 0.831246 0.69468 0.00394135 0.0130708
8 0.16576 0.565341 0.0670282 0.0163472
8 0.0396933 0.749402 0.078666 0.0278897
0 0.952129 0.861913 0.0180153 0.0200048
8 0.513676 0.731622 0.0159092 0.0131507
37 0.57567 0.881838 0.0317064 0.00616625
0 0.108391 0.983357 0.0302993 0.0247694
0 0.86455 0.833306 0.031741 0.0396191
0 0.911212 0.975179 0.0491837 0.0448876
0 0.8571 0.795372 0.0177559 0.0127836
0 0.121054 0.983303 0.0433348 0.0279677
37 0.268403 0.737573 0.00770206 0.0057078
14 0.90374 0.679139 0.00586357 0.00995178
0 0.910505 0.672323 0.00505791 0.00904346
14 0.935875 0.671926 0.010862 0.00851152
0 0.394119 0.776801 0.012445 0.0173726
0 0.81981 0.771577 0.0570787 0.0530975
0 0.890247 0.984754 0.032353 0.0273548
14 0.802926 0.695855 0.0084486 0.0165604
8 0.0714116 0.750755 0.0151694 0.0119673
0 0.8955 0.973852 0.0208948 0.0282349
0 0.396778 0.77083 0.0207174 0.0276355
0 0.448364 0.830354 0.00679607 0.0563371
0 0.438825 0.908756 0.0199387 0.0473034
0 0.842701 0.835211 0.0420685 0.0343367
0 0.775188 0.812799 0.0155647 0.0163695
8 0.0654602 0.75537 0.0256087 0.0146925
0 0.152231 0.736636 0.00443673 0.00635783
37 0.592893 0.912501 0.0584061 0.0149509
37 0.59079 0.909973 0.0586675 0.0194404
0 0.93601 0.866733 0.0118561 0.0147856
0 0.779304 0.815944 0.00849895 0.0105418
