0 0.452641 0.833315 0.0124529 0.0679447
0 0.562949 0.815018 0.0115472 0.0528588
0 0.718194 0.830114 0.0146972 0.0311961
0 0.843665 0.765768 0.00780106 0.0497572
0 0.75121 0.782051 0.00844822 0.0506799
0 0.782571 0.776559 0.00804901 0.050646
0 0.831211 0.834541 0.0185085 0.0337212
0 0.764655 0.779769 0.00881634 0.044144
0 0.692386 0.79621 0.00974598 0.0483699
0 0.803102 0.773311 0.0101427 0.0519453
0 0.736757 0.785238 0.00903988 0.0457491
0 0.953484 0.849312 0.0220585 0.0416616
0 0.672273 0.793989 0.0101643 0.0371226
0 0.796787 0.775896 0.00732498 0.0485292
0 0.703803 0.795881 0.00918541 0.0387478
0 0.856136 0.830477 0.0143875 0.0327077
0 0.774113 0.786456 0.00997744 0.0321638
0 0.287801 0.724066 0.00654449 0.0188892
0 0.484796 0.857777 0.0339919 0.0222378
0 0.434019 0.914699 0.0241604 0.0365933
0 0.95678 0.848866 0.015649 0.0406565
0 0.00696226 0.750111 0.00818778 0.0180878
37 0.198168 0.915697 0.0462846 0.0319329
0 0.118548 0.983754 0.0370828 0.0258852
0 0.937734 0.729539 0.0078186 0.0225254
0 0.315884 0.709771 0.00630336 0.0189345
8 0.521376 0.734304 0.0202799 0.0124756
37 0.920532 0.756126 0.0264193 0.0112352
0 0.8537 0.831073 0.0207642 0.0338725
0 0.354943 0.989133 0.0146688 0.0217343
8 0.198372 0.915657 0.0462054 0.0320075
0 0.41326 0.770046 0.00633888 0.0260718
0 0.540614 0.848985 0.00718899 0.0275662
0 0.414114 0.772241 0.0084775 0.0290717
0 0.13484 0.740142 0.00497437 0.00997993
8 0.0602431 0.743487 0.021008 0.0206217
37 0.0221056 0.938485 0.0442111 0.0288934
0 0.890706 0.976253 0.0577826 0.0452294
0 0.883976 0.980335 0.0450672 0.0381212
0 0.972534 0.763655 0.0151695 0.0269253
0 0.274415 0.729784 0.0060195 0.0151191
0 0.064712 0.74244 0.0106387 0.022344
0 0.902751 0.973703 0.0337372 0.0409439
0 0.577321 0.875711 0.0325994 0.0146328
0 0.913984 0.973107 0.0106363 0.0389938
37 0.0952526 0.994211 0.0457817 0.00813938
0 0.41322 0.780619 0.00981941 0.0159815
0 0.676877 0.815416 0.0137981 0.0190796
0 0.995911 0.811642 0.00776443 0.0198469
0 0.00561424 0.750837 0.0111033 0.0188707
37 0.853065 0.848347 0.0246346 0.00956285
0 0.414239 0.767558 0.00711012 0.0203698
8 0.989618 0.747623 0.0203453 0.0203703
0 0.0028836 0.971135 0.00571328 0.0331848
37 0.104566 0.993481 0.065351 0.00900099
0 0.495124 0.858975 0.0147903 0.0186157
8 0.97827 0.665801 0.020771 0.034248
0 0.921416 0.973573 0.0270105 0.0400553
8 0.136932 0.741036 0.0211124 0.0113722
0 0.114021 0.982816 0.0287766 0.0224079
0 0.971973 0.674281 0.00686455 0.0174889
8 0.0055166 0.751601 0.0109753 0.0169262
0 0.911259 0.973339 0.0161015 0.0401262
14 0.894998 0.680136 0.010424 0.0122019
37 0.182655 0.736609 0.0106046 0.00807868
8 0.969643 0.663308 0.0391361 0.041647
0 0.877222 0.680528 0.0085371 0.0202476
0 0.00503915 0.970788 0.0100039 0.0354436
0 0.679906 0.815399 0.0133871 0.0187992
0 0.67502 0.814636 0.014437 0.0221727
8 0.00954567 0.757962 0.0190553 0.0104689
0 0.799934 0.698414 0.00808792 0.0159292
0 0.739614 0.785583 0.0102179 0.0448695
0 0.182721 0.736371 0.0103398 0.00788405
0 0.926625 0.681058 0.00498199 0.0108173
0 0.772969 0.812948 0.00629931 0.0149387
16 0.769868 0.812376 0.0142967 0.0158549
0 0.438001 0.914645 0.0161943 0.0345169
0 0.0616288 0.745108 0.0170773 0.0182268
8 0.97798 0.671005 0.018454 0.0235489
8 0.00554246 0.757302 0.0110221 0.00977749
0 0.673603 0.79947 0.0127734 0.0483139
0 0.702965 0.791534 0.0114019 0.048586
8 0.988592 0.753232 0.0224205 0.0308141
0 0.769245 0.812898 0.0135649 0.0155095
0 0.975234 0.771536 0.0205503 0.0117252
0 0.124522 0.984984 0.029784 0.0236176
0 0.899319 0.975384 0.0498085 0.0407905
0 0.376162 0.75989 0.0102632 0.0143368
0 0.109144 0.981619 0.0188262 0.0221414
8 0.29088 0.732527 0.0400135 0.0122979
8 0.307345 0.715381 0.0293738 0.0104719
0 0.00301324 0.959948 0.00601883 0.056153
33 0.391108 0.832385 0.0180975 0.0856876
8 0.304802 0.714413 0.0228622 0.00915036
0 0.410981 0.781579 0.0167474 0.0138319
0 0.274397 0.732586 0.00617175 0.01409
0 0.972699 0.752853 0.00771942 0.00752462
0 0.773342 0.812512 0.02064 0.0169742
37 0.852036 0.845143 0.0220198 0.0121953
0 0.677799 0.812913 0.0172488 0.0225779
0 0.779574 0.815807 0.00811634 0.0100661
0 0.781918 0.699007 0.00666599 0.0172234
0 0.131484 0.984342 0.0631443 0.0229709
0 0.95549 0.673257 0.00864277 0.0179835
0 0.909663 0.975856 0.0525579 0.0444085
8 0.982534 0.748659 0.0345352 0.0219852
8 0.957225 0.670391 0.011396 0.0138747
8 0.289554 0.732455 0.0334102 0.00723623
8 0.0100447 0.759595 0.0200894 0.0102227
0 0.00933269 0.972425 0.0184984 0.0360467
8 0.931972 0.665813 0.117094 0.0461686
0 0.994871 0.810566 0.0098114 0.0227958
37 0.857318 0.847102 0.0333445 0.0142807
0 0.411425 0.77391 0.0169973 0.028145
8 0.877626 0.680738 0.0099514 0.0214332
8 0.956642 0.667374 0.0115639 0.0277521
37 0.848502 0.796679 0.0369259 0.012173
14 0.893887 0.682971 0.0127048 0.0165666
37 0.93619 0.866869 0.0116089 0.0160319
0 0.794737 0.776269 0.0109854 0.0492228
8 0.306659 0.712401 0.0258991 0.0145474
37 0.796266 0.818018 0.0377451 0.00978275
0 0.844518 0.833307 0.0381462 0.0354065
0 0.675797 0.804311 0.0171747 0.0415785
0 0.995737 0.805603 0.00809288 0.0317569
0 0.856774 0.825511 0.0155704 0.034963
37 0.187017 0.737013 0.0197562 0.00833164
26 0.153469 0.983487 0.0179583 0.0131002
8 0.306461 0.710405 0.0262069 0.0204797
0 0.947233 0.859912 0.00967751 0.0185974
8 0.983752 0.751254 0.0311317 0.0134888
0 0.974588 0.766972 0.0196735 0.0245187
8 0.13648 0.739368 0.0254411 0.0157639
8 0.287256 0.732384 0.0365931 0.0170263
37 0.843771 0.844445 0.0447756 0.0177163
25 0.39099 0.832166 0.0181529 0.0856806
