0 0.47618 0.834587 0.016091 0.0658971
0 0.455397 0.83343 0.0130359 0.0688366
0 0.718457 0.83064 0.0145 0.0304508
0 0.830573 0.834647 0.0173143 0.033552
0 0.696682 0.791982 0.0113247 0.0482871
0 0.769941 0.780154 0.0089263 0.0438468
0 0.793736 0.776131 0.0104334 0.0478841
0 0.824147 0.770093 0.0084465 0.0392042
0 0.517052 0.805245 0.00854321 0.0360836
0 0.744103 0.783956 0.00888615 0.0477882
0 0.843328 0.766362 0.00764599 0.0460471
0 0.953515 0.849505 0.0220902 0.0411314
0 0.755297 0.781734 0.00934658 0.0487281
0 0.874742 0.758749 0.0093895 0.0467275
0 0.0367505 0.901507 0.0108497 0.0591756
0 0.856284 0.830255 0.0153427 0.0327374
0 0.437132 0.906004 0.0205311 0.0526476
0 0.0695299 0.742512 0.00773616 0.0276399
0 0.949111 0.738682 0.00881252 0.03288
0 0.278846 0.729463 0.00743666 0.0155223
0 0.402636 0.746282 0.0101508 0.0231183
0 0.454625 0.780351 0.00754747 0.0178477
0 0.894466 0.976198 0.065448 0.045834
0 0.479865 0.779386 0.00937462 0.0228885
0 0.996051 0.809874 0.00747871 0.0238471
37 0.0220564 0.938123 0.0441128 0.0301771
0 0.909482 0.753495 0.0078907 0.0476179
0 0.325474 0.751658 0.0108662 0.0147539
0 0.355004 0.988975 0.0147127 0.0220495
0 0.0082059 0.750005 0.0118341 0.0202165
0 0.917417 0.756209 0.00825043 0.0409946
0 0.790821 0.697077 0.00593243 0.0168398
0 0.197997 0.733595 0.00986612 0.0100267
0 0.883873 0.979508 0.0443832 0.0393609
0 0.973224 0.762729 0.0159595 0.0274668
0 0.00694008 0.975395 0.0138034 0.0262138
0 0.675169 0.815862 0.0143856 0.0186534
0 0.906018 0.973146 0.0436975 0.0402479
37 0.198698 0.915512 0.0470036 0.033224
0 0.768607 0.697148 0.00731401 0.0139855
8 0.198419 0.915193 0.0468102 0.0331207
37 0.329766 0.732399 0.0197359 0.00585514
0 0.838429 0.775849 0.00670719 0.0291789
8 0.0221051 0.938233 0.0440951 0.0305951
0 0.0721816 0.750863 0.00719898 0.0137263
0 0.0530643 0.75274 0.00622679 0.00785726
37 0.00876629 0.759438 0.0136487 0.00737474
0 0.404355 0.747746 0.0140842 0.0262024
0 0.678912 0.815813 0.0215862 0.0191442
0 0.919087 0.756558 0.011198 0.040567
0 0.125918 0.985874 0.0272357 0.0203888
0 0.322942 0.710995 0.00609093 0.0184163
0 0.0706978 0.743022 0.0107873 0.0297672
0 0.917791 0.972784 0.0181126 0.0395525
0 0.853555 0.831449 0.0214476 0.0362834
0 0.973139 0.674607 0.00648212 0.0175457
0 0.921375 0.973358 0.0271729 0.0402727
37 0.40166 0.758509 0.0334997 0.0103077
0 0.326521 0.726924 0.00498619 0.0097546
0 0.883383 0.985085 0.0432074 0.0283156
37 0.101458 0.994205 0.0593292 0.00794729
0 0.973813 0.753756 0.00605965 0.0104214
37 0.40401 0.759576 0.0400616 0.00991923
0 0.934203 0.727381 0.00694904 0.0253581
0 0.715739 0.831125 0.0201395 0.0311467
0 0.773613 0.813272 0.00740852 0.0145382
0 0.576837 0.875416 0.0315681 0.013423
0 0.752672 0.790541 0.00852861 0.032116
0 0.118503 0.984505 0.0353893 0.0227544
0 0.97464 0.76963 0.0182066 0.014286
8 0.153372 0.740505 0.0213927 0.0106701
0 0.109526 0.980864 0.0187945 0.0231333
0 0.852493 0.836848 0.0234417 0.0276903
0 0.280033 0.730357 0.0102945 0.0167928
0 0.105992 0.985821 0.0658309 0.0233027
37 0.853155 0.846206 0.0264114 0.0135457
0 0.972331 0.766531 0.0148708 0.0208026
37 0.105332 0.987117 0.0668921 0.021719
37 0.40662 0.757744 0.0419889 0.0118813
0 0.769301 0.699303 0.00901547 0.0185981
0 0.771078 0.812654 0.015468 0.0156701
37 0.576678 0.875221 0.031844 0.0132735
0 0.773184 0.812974 0.020611 0.0169164
37 0.858589 0.847333 0.0381187 0.0126584
8 0.151071 0.741708 0.0262537 0.0132112
37 0.280427 0.736569 0.0105922 0.00878432
37 0.307728 0.7165 0.0162142 0.0081682
37 0.329861 0.730685 0.0197126 0.00891554
8 0.407247 0.75703 0.04202 0.0133558
37 0.76466 0.71064 0.0184618 0.00829366
0 0.109366 0.984619 0.0487914 0.0241458
0 0.540852 0.848386 0.00770493 0.0288859
24 0.153432 0.983453 0.0176911 0.0124569
0 0.766693 0.813289 0.00827341 0.0151226
0 0.528282 0.738959 0.00349846 0.00709432
37 0.944788 0.866906 0.02838 0.0150947
37 0.280076 0.733974 0.00975246 0.0129774
0 0.457437 0.781568 0.0136276 0.0165453
0 0.876564 0.75954 0.011017 0.0476084
37 0.937652 0.867216 0.0144203 0.0149312
0 0.429321 0.907286 0.0169412 0.0508035
0 0.779152 0.815663 0.00842228 0.0110246
0 0.883068 0.682783 0.00536537 0.00753072
0 0.916199 0.753171 0.00850334 0.0445636
0 0.0531884 0.753254 0.00814548 0.0083335
0 0.949588 0.860712 0.0140917 0.0178294
0 0.877948 0.672344 0.0054863 0.0103096
0 0.906223 0.976035 0.0602974 0.045226
37 0.791137 0.820582 0.0245646 0.0065406
0 0.865916 0.845136 0.0244411 0.016235
0 0.878202 0.758499 0.00796166 0.0447801
0 0.862803 0.832465 0.0295877 0.0381202
8 0.53675 0.739221 0.0220812 0.00938043
0 0.992833 0.675552 0.00596771 0.0171249
37 0.946357 0.865739 0.0210754 0.0125171
0 0.391131 0.832783 0.0182313 0.0877079
37 0.409994 0.75551 0.0373505 0.0134048
0 0.947656 0.850764 0.0330494 0.0459283
37 0.418816 0.754456 0.0195041 0.0106481
37 0.765047 0.712565 0.0188993 0.0117906
37 0.593568 0.913359 0.0622765 0.0124388
8 0.880536 0.682855 0.0104143 0.0080485
8 0.312436 0.716625 0.0252181 0.0105489
0 0.426887 0.913564 0.014399 0.0393433
0 0.871867 0.84538 0.0132622 0.0151608
0 0.857574 0.795186 0.0182369 0.0142051
14 0.920045 0.679052 0.00796604 0.010448
0 0.981431 0.661847 0.005863 0.0148853
0 0.819923 0.815262 0.0118811 0.00871853
0 0.85987 0.845631 0.0386807 0.0169674
