0 0.452968 0.834602 0.012673 0.0669891
0 0.37686 0.845317 0.014327 0.0633657
0 0.276654 0.902657 0.0193589 0.0762048
0 0.79725 0.774794 0.00925808 0.049193
0 0.842853 0.76442 0.00843124 0.0407206
0 0.514861 0.822036 0.0131599 0.0551036
0 0.718448 0.829708 0.0143502 0.0322218
0 0.730005 0.786492 0.0075964 0.0461117
0 0.688819 0.794053 0.00995264 0.0476064
0 0.702123 0.792428 0.0103645 0.0472673
0 0.63422 0.805039 0.00939732 0.0477561
0 0.831313 0.834976 0.0167641 0.0325553
0 0.556364 0.813618 0.0120604 0.060416
0 0.956759 0.847727 0.0159821 0.0345157
0 0.929365 0.728119 0.00799751 0.0219977
0 0.114545 0.982813 0.0312417 0.0243734
0 0.947552 0.849809 0.0171413 0.0370884
0 0.652232 0.808894 0.00649967 0.0338872
0 0.738428 0.783868 0.00822945 0.0486074
0 0.47589 0.857079 0.0174021 0.0241341
0 0.853641 0.83412 0.0203365 0.0283173
0 0.35521 0.989402 0.0148132 0.0211953
37 0.198636 0.916258 0.0435962 0.030365
0 0.952844 0.848839 0.023311 0.0367761
0 0.973533 0.732837 0.00565872 0.0271064
0 0.577649 0.874884 0.0326572 0.0158283
0 0.971773 0.762355 0.0133049 0.0269775
0 0.890952 0.976967 0.0600609 0.0440379
0 0.736879 0.779751 0.0077549 0.0413481
0 0.904754 0.973301 0.0386229 0.0384074
37 0.0222005 0.938635 0.0444011 0.0294542
0 0.00578864 0.975718 0.0115138 0.0258833
0 0.924333 0.74754 0.00779915 0.0274126
0 0.882995 0.984646 0.0441395 0.0288615
0 0.974203 0.762311 0.0185028 0.0277574
0 0.67744 0.815376 0.0193958 0.0185403
0 0.0602554 0.730687 0.00616156 0.0157734
0 0.940522 0.674088 0.00552197 0.0211704
0 0.0394883 0.737408 0.00920105 0.016223
0 0.866004 0.69633 0.00563278 0.0154632
0 0.391077 0.814799 0.017382 0.0494793
0 0.39106 0.832365 0.017567 0.085144
0 0.895524 0.682713 0.00627766 0.0153388
0 0.540688 0.849209 0.00692511 0.0281155
0 0.9235 0.6799 0.00626144 0.0106071
37 0.0983738 0.994145 0.0523021 0.00811293
0 0.48469 0.857289 0.0368746 0.0242328
0 0.287944 0.739851 0.00887551 0.0122959
0 0.912057 0.974299 0.0471115 0.0409838
0 0.917372 0.972319 0.0157452 0.0367825
0 0.922295 0.973532 0.0260254 0.03916
0 0.512842 0.753314 0.00649509 0.0208547
0 0.915574 0.671639 0.00772285 0.0112895
0 0.942753 0.852249 0.0276587 0.0423189
33 0.39108 0.81592 0.0173251 0.0517141
0 0.853169 0.836362 0.0257084 0.032707
0 0.0610494 0.731792 0.00824492 0.0185204
0 0.9148 0.972166 0.010289 0.0367133
0 0.063073 0.731617 0.0121974 0.017431
0 0.834301 0.835192 0.0235813 0.0331843
8 0.265028 0.73047 0.0192039 0.010248
0 0.86057 0.794639 0.00540924 0.0135605
0 0.78616 0.813733 0.0358715 0.0194458
0 0.960397 0.672936 0.00515862 0.0199087
0 0.008457 0.975792 0.0167971 0.0273014
0 0.899751 0.975536 0.0301262 0.033007
14 0.996278 0.816323 0.00703812 0.0113054
0 0.592831 0.907425 0.0626255 0.02331
0 0.341618 0.771937 0.00634594 0.00897454
0 0.996049 0.807643 0.0074913 0.0286755
0 0.990992 0.670607 0.00546303 0.0185718
8 0.264769 0.728192 0.0189012 0.014506
37 0.935536 0.866766 0.0143721 0.0143188
0 0.119623 0.983962 0.0408447 0.0250348
0 0.102131 0.984516 0.0584187 0.026182
0 0.377441 0.834487 0.0130531 0.0432563
0 0.774325 0.813474 0.0191739 0.0188326
56 0.00418883 0.752245 0.00832049 0.0222439
0 0.86686 0.694063 0.00777626 0.0205694
0 0.771202 0.812828 0.0128382 0.0173723
0 0.483023 0.856943 0.0259737 0.0239422
24 0.153424 0.983502 0.018131 0.0130832
0 0.926935 0.746779 0.0121044 0.0395386
0 0.977709 0.771456 0.0121487 0.00942807
0 0.512963 0.754049 0.00902615 0.0209425
0 0.280592 0.763363 0.0120303 0.0145311
0 0.924712 0.754134 0.00851402 0.0407654
0 0.768137 0.813029 0.010117 0.0169261
0 0.926825 0.739292 0.0127062 0.0446104
0 0.778306 0.814183 0.0311623 0.0205361
8 0.280677 0.763741 0.0123078 0.015288
0 0.86696 0.68586 0.00663528 0.00997374
8 0.188241 0.737881 0.0142052 0.00644192
0 0.778048 0.815222 0.0112814 0.0155809
8 0.992025 0.663441 0.0155563 0.0328163
0 0.0648094 0.734626 0.0101581 0.011899
37 0.593948 0.911812 0.0603618 0.0142819
0 0.996093 0.816409 0.00733662 0.0138028
0 0.872536 0.845668 0.0144131 0.0148804
0 0.961261 0.674888 0.00433197 0.0167201
0 0.902843 0.682513 0.0059309 0.00999637
37 0.860732 0.846126 0.0388783 0.0160556
0 0.968682 0.762763 0.0208466 0.027813
8 0.17821 0.727871 0.0202691 0.0124508
0 0.855748 0.795464 0.0156307 0.0127333
0 0.511954 0.721041 0.0177483 0.0110162
0 0.516372 0.720749 0.00790977 0.0107364
0 0.866451 0.843391 0.0260382 0.0191796
37 0.948391 0.86618 0.0403828 0.0193966
8 0.344604 0.723894 0.0365443 0.0146089
0 0.923402 0.677212 0.00627022 0.0139826
0 0.577791 0.871281 0.0331592 0.0234429
37 0.965955 0.863048 0.0415245 0.00935889
37 0.957097 0.866703 0.060006 0.0146527
14 0.0830796 0.755802 0.0108758 0.0123705
