0 0.452451 0.83418 0.0128351 0.0665332
0 0.568525 0.817005 0.0117597 0.0489434
0 0.50329 0.822886 0.0117533 0.0522268
0 0.746409 0.782771 0.00751162 0.0489978
0 0.830839 0.834912 0.0177612 0.0331055
0 0.842207 0.766746 0.0088028 0.0459269
0 0.953571 0.850797 0.0218266 0.0408566
0 0.796187 0.775259 0.00884609 0.0490801
0 0.718254 0.830062 0.0140724 0.0317688
0 0.982928 0.739071 0.0077652 0.0336239
0 0.939338 0.726371 0.00869179 0.0201952
0 0.65648 0.792589 0.0118917 0.0450948
0 0.714353 0.788567 0.0078577 0.047584
0 0.707904 0.790778 0.00838871 0.0449629
0 0.690975 0.79204 0.011927 0.0508926
0 0.114694 0.982469 0.0335891 0.027633
0 0.701152 0.792559 0.00778141 0.0448785
0 0.290808 0.720731 0.00699587 0.0161831
0 0.433891 0.914416 0.0242877 0.03633
0 0.0638698 0.73637 0.00786202 0.0236952
0 0.890487 0.97541 0.0584665 0.046671
0 0.0135223 0.748398 0.0110029 0.0170003
0 0.271497 0.723544 0.00727463 0.015685
0 0.854569 0.829747 0.0172489 0.0341071
37 0.0221292 0.937884 0.0442583 0.0287932
8 0.198426 0.915555 0.0448328 0.0313721
0 0.354969 0.989109 0.0151693 0.0217821
0 0.475707 0.857404 0.0180193 0.0232398
0 0.314395 0.714396 0.00699101 0.0180888
0 0.902637 0.972379 0.0351276 0.0407023
0 0.973661 0.762507 0.0162556 0.0268865
0 0.00569547 0.979448 0.0113094 0.0184311
37 0.0952722 0.994208 0.0460721 0.00797458
0 0.106407 0.982889 0.0502645 0.0288703
0 0.844279 0.697474 0.00640564 0.0209639
0 0.423818 0.761254 0.0213087 0.0129764
37 0.244411 0.869741 0.0686926 0.0276549
0 0.910761 0.973527 0.0497524 0.0431337
0 0.0650891 0.737685 0.0104343 0.0263787
0 0.691078 0.775772 0.00876923 0.0234901
0 0.88328 0.984656 0.0443081 0.0291819
0 0.67662 0.814988 0.0167722 0.0182922
0 0.495516 0.72905 0.00442505 0.0079661
0 0.973862 0.753707 0.00581589 0.0103448
0 0.480785 0.85743 0.0284546 0.0231727
0 0.929561 0.681773 0.00536881 0.0157789
0 0.441056 0.917613 0.00999622 0.0275187
0 0.715613 0.830525 0.0204542 0.0322879
0 0.371871 0.774293 0.00862207 0.0129942
8 0.0221295 0.937774 0.0441917 0.0291897
0 0.982576 0.663634 0.00355721 0.0166662
37 0.577154 0.875203 0.0332383 0.0134372
37 0.198444 0.915789 0.0451698 0.0316042
37 0.731286 0.783607 0.0254995 0.0151676
0 0.996426 0.815371 0.00672951 0.0109887
0 0.996299 0.810393 0.00699425 0.0211914
0 0.159371 0.728263 0.00692987 0.0128781
8 0.297338 0.716633 0.0267295 0.0109624
37 0.975099 0.771341 0.0169563 0.0101549
0 0.0661435 0.744795 0.0104373 0.017436
37 0.852496 0.849009 0.0259758 0.00925666
0 0.860338 0.691922 0.00366554 0.00701175
37 0.826713 0.812416 0.0223999 0.0127089
0 0.390979 0.817537 0.0173901 0.0559984
0 0.391011 0.832836 0.0175661 0.0856954
0 0.973278 0.672761 0.00740433 0.0172728
8 0.301515 0.716787 0.0105187 0.00782437
0 0.982204 0.745332 0.00737228 0.0274709
8 0.244858 0.870165 0.0692729 0.0279192
8 0.303316 0.716986 0.0295877 0.0135061
37 0.779393 0.770903 0.0297918 0.0129952
0 0.689535 0.799213 0.0116108 0.0375821
33 0.391066 0.813192 0.0166186 0.0467994
37 0.267001 0.728059 0.0125034 0.00797594
37 0.0649579 0.747144 0.0179176 0.014841
0 0.69486 0.782727 0.0116454 0.0319497
0 0.958261 0.850929 0.0129284 0.0359795
0 0.495178 0.729832 0.00630627 0.00917579
0 0.57744 0.875678 0.0331872 0.0132772
0 0.492789 0.728633 0.0112337 0.0090588
0 0.773847 0.813585 0.022539 0.0179881
0 0.895465 0.673823 0.0073658 0.00955997
0 0.0124013 0.749317 0.0150863 0.0173557
0 0.658953 0.797564 0.0101098 0.0476603
0 0.947047 0.676445 0.00617294 0.0151101
0 0.914174 0.675241 0.00524521 0.00906999
0 0.499974 0.817132 0.00689135 0.0368313
0 0.147024 0.740042 0.00615811 0.00908678
0 0.487841 0.857435 0.0262322 0.0225696
0 0.989306 0.671106 0.00479336 0.0132256
8 0.140193 0.74011 0.0195849 0.0103599
37 0.0690522 0.748149 0.0248607 0.0132923
37 0.778089 0.771975 0.0296049 0.00905745
0 0.816226 0.695506 0.00618324 0.0121497
8 0.964724 0.639535 0.0447617 0.025805
8 0.904666 0.674515 0.0255619 0.0108409
0 0.935925 0.867102 0.01171 0.015025
0 0.919541 0.973289 0.0334591 0.0418752
0 0.716832 0.78921 0.0129132 0.0465958
0 0.914166 0.970349 0.00979805 0.0370911
8 0.289992 0.718675 0.0576612 0.0231461
0 0.947233 0.853036 0.034235 0.0435025
8 0.299994 0.71632 0.0363354 0.0184508
24 0.935954 0.867227 0.0114677 0.0153205
0 0.369753 0.773273 0.0142075 0.0143367
0 0.838225 0.835434 0.0327848 0.0340607
0 0.770774 0.812889 0.0161486 0.0167548
37 0.0655717 0.75158 0.0143047 0.0101573
8 0.906226 0.675257 0.0230293 0.00840259
0 0.952583 0.862945 0.0187653 0.0184184
37 0.577436 0.877892 0.0339251 0.0148934
37 0.529684 0.810551 0.0443647 0.0149799
37 0.58749 0.913197 0.0423301 0.0119595
0 0.816146 0.699289 0.00687294 0.0200533
