0 0.452971 0.834136 0.0126179 0.0671458
0 0.481089 0.831768 0.0132833 0.0641281
0 0.788236 0.776863 0.01064 0.0475615
0 0.172526 0.882583 0.0119958 0.0593545
0 0.696939 0.79413 0.00878181 0.0485443
0 0.80647 0.774264 0.0087904 0.0436574
0 0.425527 0.914902 0.0238276 0.0401511
0 0.987336 0.736946 0.0113895 0.0463311
0 0.953595 0.849592 0.0222095 0.041237
0 0.962963 0.743276 0.0104774 0.0474094
0 0.717352 0.830577 0.0149614 0.0308319
0 0.843153 0.765933 0.00907574 0.0456309
0 0.830317 0.834379 0.0179417 0.032861
0 0.773503 0.780226 0.008846 0.0471232
0 0.767431 0.779498 0.00902262 0.0474557
0 0.856909 0.763159 0.00820999 0.0405914
0 0.855226 0.831478 0.0173256 0.0341187
0 0.681446 0.790639 0.0102654 0.0344074
0 0.354865 0.989169 0.0150891 0.0216629
0 0.914606 0.742561 0.00996857 0.0193641
0 0.500538 0.811172 0.010818 0.0462708
0 0.76566 0.697863 0.00632286 0.0175827
0 0.115494 0.98429 0.0308041 0.0222989
0 0.770138 0.779732 0.0137317 0.0492761
0 0.883544 0.979498 0.0453863 0.038561
0 0.785555 0.697931 0.00669689 0.0167796
0 0.907104 0.973369 0.0434303 0.0402751
0 0.836572 0.770297 0.00758057 0.0400684
0 0.498441 0.811879 0.00795345 0.0442735
8 0.198086 0.915671 0.0473717 0.031614
0 0.995616 0.813654 0.00834675 0.0182899
0 0.895097 0.975901 0.0679638 0.0444038
0 0.921716 0.973516 0.0259478 0.0406462
0 0.00769237 0.750693 0.0084239 0.0181086
37 0.198426 0.91597 0.0474962 0.0315759
0 0.11012 0.984925 0.0450034 0.024519
0 0.92948 0.742549 0.0100058 0.0317836
0 0.00608447 0.981489 0.0120864 0.0141817
37 0.0959385 0.994187 0.0468527 0.00819261
0 0.540592 0.849303 0.00689373 0.025875
0 0.486234 0.769985 0.00791435 0.0169634
0 0.87836 0.763809 0.00508881 0.023742
0 0.914252 0.974157 0.041087 0.0413801
0 0.503303 0.811046 0.008358 0.0455095
37 0.0220765 0.939139 0.0441529 0.0299021
0 0.328574 0.712316 0.00602865 0.0167772
0 0.918046 0.972746 0.0179527 0.0390649
0 0.00607796 0.751253 0.0120695 0.0190674
0 0.929458 0.74994 0.0103863 0.046599
0 0.881744 0.984891 0.0415775 0.0283379
0 0.676738 0.815076 0.0194183 0.0221937
0 0.577736 0.875888 0.0328323 0.0144457
37 0.00767188 0.761213 0.0151869 0.00797187
0 0.853468 0.833166 0.0232466 0.0376468
0 0.833808 0.834821 0.024877 0.0342455
8 0.0220429 0.938905 0.044069 0.0298104
0 0.947895 0.851711 0.032896 0.0441069
0 0.510092 0.770923 0.00719748 0.0166645
0 0.302626 0.755023 0.008988 0.0167965
0 0.973401 0.762501 0.0180086 0.0291433
0 0.71331 0.831484 0.0231245 0.0321872
0 0.786752 0.697787 0.00924149 0.0178436
0 0.958507 0.848838 0.0126732 0.0354438
8 0.906888 0.766855 0.0548069 0.0163055
8 0.00714636 0.760497 0.0142192 0.00879924
0 0.98517 0.675099 0.0066349 0.0170954
0 0.972768 0.752001 0.00567608 0.00834927
37 0.103432 0.9868 0.0611008 0.0219504
0 0.878699 0.765388 0.0065239 0.0272452
0 0.112471 0.98153 0.02598 0.0223331
0 0.309109 0.753859 0.00423985 0.0119587
8 0.979754 0.689747 0.0401035 0.0163701
0 0.125499 0.985922 0.0270634 0.0210805
0 0.986431 0.676675 0.00690498 0.0143411
0 0.952424 0.861625 0.0237671 0.0211599
0 0.0580592 0.751617 0.00501692 0.00907525
0 0.0789957 0.75195 0.0205875 0.0128969
0 0.771095 0.786424 0.0143665 0.0606323
24 0.153402 0.983202 0.0178305 0.013266
0 0.677349 0.799313 0.02006 0.0524657
0 0.973081 0.766858 0.0193983 0.0230465
0 0.979252 0.648494 0.00585976 0.0146474
0 0.859179 0.788645 0.0095089 0.0251946
0 0.0756976 0.752435 0.0144957 0.0119724
0 0.897918 0.975179 0.0250128 0.0313848
0 0.841756 0.834436 0.0436218 0.0358531
14 0.293627 0.733495 0.00803537 0.0110036
0 0.00617794 0.978561 0.0122438 0.0194041
0 0.510403 0.776604 0.00752783 0.0267281
33 0.391194 0.813858 0.0180758 0.0475884
0 0.768628 0.786526 0.0121281 0.061309
0 0.983008 0.651672 0.00579262 0.0174301
0 0.304137 0.755467 0.0127601 0.0168918
37 0.584956 0.914116 0.0455023 0.0134444
0 0.97397 0.770604 0.019166 0.0139682
8 0.9211 0.76305 0.0847183 0.0241296
0 0.102165 0.985762 0.0594669 0.024106
0 0.0817285 0.752117 0.014139 0.0114909
14 0.902826 0.672382 0.00653896 0.0129932
14 0.907801 0.684732 0.00568237 0.0100389
0 0.995337 0.808585 0.00885124 0.0291802
37 0.319342 0.717313 0.0180954 0.00869192
14 0.967563 0.670548 0.0112785 0.00992847
14 0.923645 0.681691 0.00732689 0.012183
37 0.90848 0.767848 0.0578873 0.016842
0 0.852026 0.841184 0.0227573 0.0219109
0 0.779408 0.816683 0.00828266 0.010485
37 0.935802 0.867034 0.0113316 0.0147461
0 0.874768 0.984928 0.0274475 0.0266535
0 0.965533 0.744811 0.011898 0.0475645
0 0.508822 0.771318 0.0116205 0.0167784
0 0.120039 0.983129 0.0404062 0.0253023
