0 0.35442 0.84786 0.0145238 0.062301
0 0.45363 0.834923 0.0116474 0.0644569
0 0.842898 0.765613 0.00846481 0.0450367
0 0.796652 0.775006 0.00815372 0.0482876
0 0.702574 0.792626 0.0107335 0.0464142
0 0.210221 0.90324 0.0138642 0.0791972
0 0.480961 0.830249 0.0122747 0.0603617
0 0.523329 0.81836 0.0123346 0.0613044
0 0.555201 0.817943 0.0109653 0.0482912
0 0.615333 0.808412 0.00822287 0.0470083
0 0.831315 0.834841 0.01684 0.0328325
0 0.743191 0.783225 0.00793991 0.0492147
0 0.733448 0.785812 0.0090868 0.0453874
0 0.688772 0.795512 0.00999022 0.0464122
0 0.114428 0.982822 0.0321325 0.0255432
0 0.956352 0.849626 0.0164961 0.0382034
0 0.917096 0.752758 0.00791893 0.0416728
0 0.71848 0.830286 0.0131795 0.0312748
0 0.629977 0.813035 0.00898094 0.0345111
37 0.0221458 0.93849 0.044232 0.0283139
0 0.391047 0.825244 0.017451 0.0707145
37 0.192744 0.915217 0.0336203 0.0302958
0 0.9037 0.972867 0.0352791 0.038737
0 0.476236 0.856694 0.0189847 0.0253299
0 0.3554 0.989354 0.0139954 0.0212913
0 0.956689 0.734491 0.00688744 0.0257121
37 0.200555 0.916758 0.0489722 0.0340547
0 0.936118 0.746558 0.00722046 0.0372121
0 0.928641 0.728244 0.00602913 0.0256694
0 0.853513 0.835321 0.0210533 0.0259854
0 0.884095 0.980033 0.0457458 0.0382348
0 0.854971 0.834656 0.0149254 0.0250465
0 0.0645805 0.746167 0.00754344 0.0295339
0 0.996203 0.813407 0.00718937 0.0167386
0 0.71516 0.830844 0.0206883 0.0323544
0 0.045523 0.742038 0.00409575 0.0101486
0 0.227111 0.722151 0.00877476 0.0146213
0 0.897207 0.685999 0.00635376 0.0157533
0 0.910039 0.973163 0.0470968 0.0408574
8 0.225653 0.733191 0.0259482 0.017808
0 0.947453 0.850751 0.0345533 0.0405711
0 0.892993 0.975312 0.062764 0.0456007
0 0.577821 0.763201 0.00480824 0.0156816
8 0.621517 0.758552 0.0663258 0.0266886
0 0.917352 0.972733 0.0177406 0.0379188
0 0.87777 0.69646 0.00727081 0.0195109
0 0.332628 0.774004 0.00634537 0.0162587
0 0.972525 0.762018 0.0135696 0.0265167
0 0.922123 0.973272 0.0270954 0.0395805
0 0.914318 0.972518 0.0106947 0.0383708
0 0.677016 0.815883 0.0158469 0.0176944
0 0.286749 0.735011 0.00768595 0.0137617
37 0.0978014 0.994546 0.0527909 0.00814345
0 0.00212485 0.978516 0.00420575 0.0197435
0 0.466461 0.759536 0.00828095 0.0161516
0 0.76996 0.813156 0.0153348 0.0153222
0 0.935145 0.735181 0.00542641 0.0174967
0 0.937334 0.85979 0.0178059 0.0266276
0 0.937296 0.748017 0.00910645 0.0361501
0 0.941901 0.674779 0.00639381 0.0176191
0 0.974081 0.763364 0.0184048 0.0264481
0 0.994542 0.731628 0.00907269 0.0254225
0 0.00549214 0.978549 0.0109761 0.0218621
0 0.973724 0.752617 0.00770664 0.00914476
0 0.939561 0.856549 0.0216776 0.0326643
37 0.495133 0.862717 0.0158196 0.0111194
0 0.774385 0.813921 0.0190186 0.0154178
37 0.48501 0.857204 0.0356588 0.0237932
0 0.522996 0.721769 0.0120422 0.011784
0 0.335119 0.774337 0.0125657 0.0161736
0 0.895951 0.973648 0.0200758 0.025806
0 0.843492 0.835499 0.0414589 0.0333174
24 0.153583 0.98334 0.0180146 0.0129357
0 0.687791 0.78528 0.00858326 0.02787
0 0.577442 0.875577 0.0332195 0.0132321
0 0.617371 0.809107 0.0118687 0.0476291
0 0.946865 0.857598 0.0363129 0.0321318
0 0.100397 0.984475 0.0632939 0.0278134
8 0.573663 0.769824 0.0185446 0.0169552
0 0.973494 0.769241 0.0172066 0.0151786
0 0.996346 0.671354 0.00585709 0.0189216
0 0.00373449 0.746832 0.00641089 0.0109809
37 0.587913 0.91145 0.0536288 0.0158288
0 0.898088 0.975005 0.0243763 0.0320133
37 0.576992 0.875212 0.033191 0.0131653
0 0.861653 0.836187 0.036669 0.0325122
37 0.153584 0.98341 0.0177377 0.0127718
0 0.943081 0.674327 0.00468864 0.0192579
0 0.332074 0.773894 0.0097918 0.0158064
0 0.876819 0.984976 0.0312174 0.0288245
0 0.994803 0.669856 0.00708389 0.0229839
8 0.229718 0.726865 0.0137821 0.00904405
0 0.00224451 0.972363 0.00446479 0.032647
0 0.994791 0.813605 0.0100403 0.0173801
37 0.258509 0.768712 0.020214 0.010779
0 0.972757 0.674205 0.00636311 0.0130368
37 0.592025 0.913994 0.0435887 0.0103948
0 0.0663266 0.745733 0.0133754 0.0308409
0 0.872629 0.845574 0.0145754 0.0150479
8 0.051843 0.758364 0.0580165 0.0235002
0 0.063761 0.746111 0.0108818 0.0316257
8 0.519768 0.722026 0.0194831 0.011598
37 0.975086 0.771819 0.0178371 0.0104987
0 0.92406 0.670444 0.00631866 0.0124161
0 0.429084 0.854698 0.00692444 0.0126116
0 0.00974225 0.978298 0.0192701 0.0280141
8 0.57318 0.767064 0.0168028 0.019515
37 0.055082 0.761747 0.0540282 0.0159649
0 0.854257 0.836179 0.0513334 0.0363093
56 0.994466 0.732002 0.00976658 0.0258131
0 0.153692 0.983373 0.0178736 0.0135017
0 0.958716 0.73381 0.00993423 0.0267634
8 0.0538629 0.761229 0.053628 0.0165081
0 0.284295 0.735838 0.0136745 0.0160183
