0 0.452393 0.833925 0.0120531 0.0653827
0 0.79629 0.775429 0.00831547 0.0492964
0 0.652095 0.797527 0.0102026 0.0570597
0 0.60942 0.807859 0.0113041 0.0559682
0 0.442785 0.892621 0.0161678 0.0818088
0 0.842784 0.766818 0.00865994 0.0460163
0 0.465978 0.828324 0.0111565 0.0575538
0 0.718422 0.830267 0.0141137 0.0315969
0 0.55483 0.819266 0.011071 0.0504191
0 0.831159 0.835302 0.0188435 0.0326106
0 0.114305 0.983264 0.0331181 0.0274251
0 0.390853 0.815496 0.0185331 0.0530321
0 0.0182023 0.753429 0.0109328 0.021578
0 0.729201 0.785105 0.00787277 0.051091
0 0.701013 0.793446 0.0119776 0.0479772
0 0.689072 0.794032 0.00828724 0.0439931
37 0.197961 0.91651 0.0451933 0.0307556
0 0.974174 0.762689 0.0189777 0.0273541
0 0.856505 0.829886 0.0137236 0.0328132
0 0.950598 0.84983 0.0287586 0.0387492
0 0.674549 0.81564 0.0138627 0.0187685
0 0.682844 0.791782 0.00714846 0.0419951
37 0.0220371 0.937774 0.0440743 0.0327101
0 0.475035 0.855247 0.0185617 0.0274502
0 0.957206 0.848187 0.0155947 0.03528
0 0.36471 0.775786 0.0081543 0.015784
0 0.883549 0.979335 0.0450512 0.039507
0 0.355023 0.989187 0.0148541 0.0216253
0 0.935898 0.723739 0.0076416 0.0174038
0 0.853028 0.830594 0.0210516 0.0357137
0 0.963826 0.748735 0.00827866 0.0351885
0 0.906864 0.972764 0.0434607 0.0417172
0 0.00558488 0.977442 0.0110895 0.0222934
37 0.319793 0.716047 0.0091404 0.0127143
0 0.487599 0.722824 0.0059906 0.0113559
0 0.484084 0.855693 0.0368006 0.0267314
0 0.8939 0.975296 0.0651657 0.0465237
0 0.318426 0.712897 0.00650105 0.016745
0 0.948779 0.855528 0.0253464 0.0283281
8 0.437846 0.76236 0.0219756 0.0136692
0 0.995899 0.81348 0.00779228 0.0159736
0 0.694736 0.79439 0.00686798 0.0460153
37 0.853202 0.848127 0.0248039 0.00937873
0 0.273753 0.729462 0.0054904 0.0207428
0 0.06401 0.740552 0.0095755 0.0195475
0 0.85155 0.697339 0.00479927 0.0175659
0 0.920279 0.97278 0.0239552 0.0416104
0 0.772409 0.813863 0.0227353 0.0171948
0 0.827737 0.695736 0.00598774 0.0135279
8 0.0219807 0.938275 0.04395 0.0328132
0 0.319425 0.713125 0.00882115 0.018218
37 0.0996969 0.994153 0.0561008 0.00851271
0 0.0618327 0.740029 0.00653302 0.0181781
8 0.0675857 0.743244 0.0201339 0.0240163
0 0.57807 0.875354 0.0337939 0.0151101
37 0.246102 0.858487 0.0333805 0.0188399
37 0.577876 0.875064 0.0335098 0.0145772
0 0.101564 0.983611 0.0574855 0.0274472
0 0.916821 0.972173 0.0150656 0.040762
25 0.979777 0.721344 0.039476 0.0203203
0 0.170427 0.731256 0.00868456 0.00868259
0 0.769377 0.813404 0.0165398 0.0174801
8 0.294275 0.726206 0.0173018 0.00782962
8 0.0655595 0.74897 0.0160691 0.0134503
8 0.0697489 0.748312 0.0244639 0.0154685
0 0.882062 0.984518 0.0418591 0.0295661
0 0.828082 0.83492 0.0136032 0.0323719
0 0.779116 0.816718 0.00968599 0.0125922
0 0.972683 0.67117 0.0050848 0.0156747
37 0.852334 0.844985 0.0218197 0.0114829
0 0.67763 0.815689 0.0201492 0.0195011
0 0.0649472 0.748847 0.0124105 0.0134488
0 0.0652266 0.741815 0.0134045 0.0233621
8 0.927562 0.680469 0.0234423 0.00920614
37 0.585452 0.913891 0.047795 0.0114231
8 0.437712 0.764911 0.0232996 0.0167664
0 0.169531 0.731589 0.0118935 0.0096283
0 0.246479 0.858557 0.0324133 0.0182782
24 0.153442 0.983481 0.0184776 0.0129615
8 0.155402 0.735548 0.0441635 0.0172899
0 0.854359 0.682721 0.00633125 0.00906584
8 0.350682 0.774752 0.0376126 0.0184414
0 0.965409 0.746938 0.0119122 0.0341263
0 0.940749 0.691642 0.0066967 0.0130149
0 0.828428 0.694694 0.00854282 0.0162012
37 0.859548 0.847 0.0377069 0.0133172
0 0.853369 0.693137 0.00864143 0.0270236
0 0.4944 0.863797 0.0157284 0.00951029
0 0.114722 0.975292 0.0337443 0.0430456
0 0.00588315 0.973618 0.0116269 0.0313071
8 0.983271 0.672818 0.0277815 0.0128247
8 0.0703865 0.746645 0.0262292 0.0215613
37 0.593511 0.913436 0.0627099 0.0123176
0 0.872561 0.845733 0.014669 0.0147722
0 0.00917596 0.977548 0.0182672 0.0247791
0 0.768505 0.813871 0.0226169 0.0192556
37 0.965446 0.722185 0.0691085 0.0212736
37 0.706797 0.84284 0.010255 0.00885552
0 0.950992 0.858479 0.0312271 0.0314251
37 0.9498 0.72796 0.0415529 0.0101064
0 0.995753 0.802179 0.00804405 0.0392256
8 0.349796 0.561148 0.0268799 0.00963152
37 0.603794 0.91392 0.0425025 0.0111654
0 0.540475 0.849233 0.00696659 0.0274685
37 0.155345 0.736488 0.0439445 0.0155258
0 0.942425 0.690312 0.00488377 0.0143078
37 0.933629 0.728997 0.0222485 0.00909593
0 0.488021 0.722661 0.00740585 0.013678
0 0.715166 0.835339 0.0201975 0.0228561
37 0.376736 0.852795 0.0328324 0.0126419
