0 0.452992 0.83388 0.0130176 0.0672443
0 0.47903 0.828007 0.0160034 0.0580192
0 0.69831 0.796489 0.00900803 0.0482056
0 0.26998 0.866016 0.0148371 0.0559014
0 0.953383 0.848325 0.0223366 0.0421041
0 0.422038 0.911137 0.0174896 0.0487976
0 0.830711 0.83431 0.0155903 0.0327403
0 0.527981 0.779062 0.00750942 0.0267483
0 0.875992 0.760323 0.00809097 0.0453661
0 0.856773 0.82813 0.0125103 0.0357524
0 0.993395 0.73508 0.00853653 0.0457265
0 0.775415 0.777427 0.00863857 0.0470039
0 0.789177 0.775543 0.00890312 0.0466493
0 0.514579 0.780829 0.0072753 0.0199787
0 0.79585 0.775696 0.00931931 0.0476554
0 0.475373 0.797628 0.0102468 0.0316603
0 0.843377 0.764426 0.00822868 0.0407104
0 0.893991 0.975982 0.0657658 0.0463677
0 0.83117 0.768318 0.00938492 0.0353153
0 0.849288 0.761319 0.007901 0.03396
0 0.718381 0.830543 0.0145338 0.0318231
0 0.685276 0.78678 0.0103647 0.0244931
0 0.714979 0.830688 0.0215207 0.0324207
0 0.971593 0.763087 0.0139002 0.0264896
0 0.782901 0.695589 0.00730267 0.0133279
0 0.00869752 0.745479 0.0079404 0.0186686
0 0.901246 0.740913 0.00752335 0.0275994
0 0.114003 0.983538 0.0321827 0.0180154
37 0.198223 0.915963 0.0461561 0.0322374
0 0.961612 0.74491 0.00873451 0.0463331
0 0.351943 0.989372 0.0188252 0.0212557
0 0.995659 0.813738 0.00826111 0.0186696
0 0.802567 0.771808 0.00752316 0.0350538
0 0.676487 0.816174 0.0164162 0.0181746
0 0.958184 0.74596 0.00908012 0.046263
0 0.679581 0.816058 0.0217104 0.0192123
37 0.0221933 0.938527 0.0443866 0.0279911
0 0.577594 0.872758 0.0333447 0.0196167
0 0.956671 0.74674 0.00884266 0.0456017
0 0.540787 0.849521 0.00704269 0.0282167
0 0.995237 0.661135 0.00406551 0.0150784
8 0.197973 0.91589 0.0454784 0.0315988
0 0.00552258 0.981177 0.0109549 0.0141671
37 0.0968626 0.994193 0.0488599 0.00816277
0 0.905973 0.973484 0.041433 0.0419398
0 0.475474 0.80632 0.0104549 0.048586
0 0.943209 0.743201 0.0069088 0.0347137
0 0.929135 0.728236 0.00913677 0.0207167
0 0.884136 0.9794 0.0460804 0.0391903
0 0.853343 0.829376 0.0195953 0.0393297
0 0.902009 0.742994 0.0100315 0.0325375
0 0.949461 0.849935 0.0299995 0.0443514
0 0.902052 0.751536 0.00925827 0.0491726
8 0.561108 0.748138 0.0963346 0.0281169
0 0.330288 0.708708 0.00714483 0.0173769
0 0.95477 0.746802 0.00879745 0.0421831
37 0.101115 0.991383 0.0576347 0.0132429
8 0.00728678 0.75422 0.0144504 0.0121638
0 0.975248 0.665381 0.00910645 0.0414059
0 0.110853 0.985784 0.0400632 0.022859
0 0.917651 0.97267 0.0182747 0.0399024
0 0.921542 0.9734 0.0280142 0.0406904
0 0.290529 0.751165 0.00552702 0.0135817
0 0.371584 0.738238 0.00682044 0.010182
37 0.950357 0.865912 0.0377693 0.0170934
0 0.766548 0.695771 0.00700398 0.0141836
37 0.852716 0.846881 0.0262589 0.0119507
0 0.103 0.986203 0.0557186 0.0227987
37 0.0757007 0.749864 0.0149904 0.0117833
0 0.983048 0.679258 0.00471993 0.0111629
0 0.770076 0.811696 0.0135355 0.0172546
0 0.798395 0.77598 0.0144945 0.0459368
0 0.852183 0.839665 0.0229872 0.0227339
0 0.974648 0.673749 0.00726528 0.0251411
0 0.685392 0.796751 0.0113513 0.0459991
0 0.59556 0.906654 0.0526987 0.0233575
0 0.201351 0.727173 0.00770249 0.00778063
37 0.85829 0.845974 0.0405361 0.0158824
0 0.00678023 0.745855 0.0135011 0.020245
37 0.510637 0.785001 0.0147758 0.0119958
0 0.842816 0.835185 0.0408562 0.0341597
0 0.833271 0.834476 0.0216846 0.0347283
37 0.788826 0.820102 0.0245124 0.00797051
0 0.120105 0.984846 0.0383494 0.0204648
0 0.773639 0.812393 0.0212114 0.0198419
0 0.903255 0.766955 0.00645523 0.0233673
37 0.935972 0.867644 0.0113327 0.0133915
8 0.00747617 0.756322 0.0148556 0.0132441
37 0.959775 0.863152 0.0486822 0.0172297
37 0.949496 0.864045 0.0221317 0.0156599
0 0.975877 0.654556 0.0071167 0.0188591
8 0.00702098 0.750503 0.0139691 0.0139247
0 0.111963 0.98092 0.0289919 0.023017
0 0.766574 0.698756 0.0076086 0.0204507
0 0.907549 0.976353 0.0550102 0.04474
37 0.695444 0.841403 0.0266154 0.0141385
0 0.787629 0.81805 0.0250354 0.0107198
0 0.684618 0.814865 0.0125156 0.0194309
25 0.391123 0.833215 0.017281 0.0855855
8 0.136237 0.741718 0.0410746 0.0163015
0 0.130067 0.985093 0.0655133 0.0214133
37 0.59128 0.911986 0.0549498 0.0155914
0 0.903554 0.683321 0.00472031 0.0110102
37 0.958063 0.86638 0.0555092 0.0149314
0 0.917321 0.975288 0.0367706 0.0443871
0 0.120489 0.73869 0.00677733 0.00923937
0 0.880426 0.985109 0.039299 0.0286048
8 0.575073 0.746891 0.0662024 0.0256466
0 0.777378 0.776744 0.012207 0.0477292
24 0.15349 0.983619 0.0180798 0.0126041
0 0.849185 0.765158 0.0104685 0.0429428
0 0.29158 0.752565 0.0120724 0.0158953
37 0.844124 0.844449 0.0456856 0.0185877
37 0.960207 0.863258 0.0524929 0.0124617
0 0.779561 0.817384 0.00837498 0.010299
0 0.391184 0.833087 0.017606 0.0857585
0 0.00955776 0.980986 0.0189129 0.0158176
0 0.171721 0.733685 0.00724175 0.00764499
8 0.0695661 0.749464 0.0262957 0.0144311
37 0.8512 0.843832 0.0548832 0.0211168
37 0.754123 0.826392 0.0309355 0.00708364
37 0.981582 0.707916 0.0362757 0.0137836
0 0.372241 0.737738 0.0101472 0.0116811
0 0.8598 0.795308 0.00744591 0.0122945
0 0.199346 0.727551 0.0133087 0.00816549
33 0.391198 0.832984 0.0170778 0.0855881
0 0.513119 0.780721 0.0106056 0.0206607
0 0.0587252 0.749742 0.00354923 0.0070282
