0 0.476584 0.833631 0.0122272 0.0647512
0 0.453649 0.833653 0.0121045 0.0680957
0 0.718436 0.830622 0.0145481 0.0305583
0 0.774254 0.782338 0.00935116 0.0396125
0 0.83061 0.834655 0.017275 0.0334164
0 0.696505 0.794295 0.00965939 0.043496
0 0.880395 0.758064 0.0104347 0.0492917
0 0.793903 0.776308 0.0103862 0.0481725
0 0.0520225 0.903363 0.0129575 0.060517
0 0.516141 0.807218 0.00988417 0.0402964
0 0.953504 0.8495 0.0220476 0.041232
0 0.744348 0.78433 0.00885735 0.0475654
0 0.842625 0.766387 0.00908318 0.0481211
0 0.482728 0.778629 0.00748672 0.0229886
0 0.917257 0.751705 0.00873108 0.0470334
0 0.435551 0.903038 0.0207807 0.0608578
0 0.755223 0.782953 0.00886364 0.0474036
0 0.908243 0.756139 0.00916061 0.0433729
0 0.856239 0.83021 0.0153524 0.0328132
0 0.829154 0.773464 0.00889015 0.0472239
0 0.459327 0.780841 0.00757046 0.018889
0 0.943564 0.738457 0.00717278 0.0327182
0 0.323992 0.752533 0.0108789 0.0144655
0 0.06865 0.738422 0.00660992 0.0199924
0 0.894351 0.976129 0.0651733 0.0457504
0 0.996171 0.808785 0.00723419 0.025955
0 0.392361 0.751269 0.00976572 0.0179391
0 0.278877 0.729591 0.00706377 0.0156569
37 0.0224125 0.938262 0.044823 0.0306905
0 0.355076 0.988973 0.0145453 0.0220534
0 0.973026 0.762287 0.0154629 0.028555
8 0.198806 0.91564 0.0456327 0.0322183
0 0.0087513 0.751324 0.00595537 0.0170268
0 0.439082 0.904294 0.0136124 0.0580009
0 0.90587 0.97316 0.0432964 0.0401142
0 0.676069 0.8152 0.0161795 0.0190813
0 0.883897 0.979454 0.0444244 0.0392232
0 0.755981 0.780878 0.0117617 0.0512889
0 0.767323 0.696484 0.00565853 0.0124286
37 0.38945 0.761015 0.0290868 0.0114902
0 0.00698733 0.975656 0.0138952 0.0260412
0 0.792023 0.696347 0.00394039 0.0162028
37 0.0713538 0.750324 0.00953267 0.0128277
0 0.996279 0.674133 0.00668221 0.0155009
0 0.125674 0.985872 0.0268741 0.0203886
0 0.853736 0.831237 0.0208614 0.036115
0 0.917778 0.972727 0.0179565 0.0393182
0 0.431838 0.903555 0.0162148 0.0583466
0 0.679186 0.815064 0.0171497 0.0187463
8 0.532493 0.736051 0.0148802 0.00833333
0 0.715658 0.831142 0.0203108 0.0311584
0 0.921531 0.973385 0.0270149 0.0400477
8 0.0223659 0.938205 0.0446898 0.0308343
0 0.391291 0.817196 0.0178551 0.0551741
0 0.576743 0.875424 0.0317465 0.0133809
37 0.101675 0.994286 0.0591631 0.00791728
0 0.109498 0.980856 0.0187027 0.0228838
0 0.830872 0.775517 0.0122837 0.0508643
0 0.116654 0.983843 0.0321784 0.0235572
0 0.0530629 0.752488 0.00474261 0.00813938
0 0.882574 0.984534 0.0417418 0.0295353
0 0.198711 0.736261 0.00922751 0.0149589
0 0.0688903 0.742314 0.00806925 0.0285519
37 0.57665 0.875181 0.0319784 0.0133599
37 0.105029 0.98782 0.0656784 0.02043
0 0.972158 0.674698 0.00663376 0.0167548
0 0.429721 0.898942 0.0129957 0.051643
0 0.852459 0.837301 0.0232822 0.0266496
0 0.105429 0.985619 0.0641901 0.0238212
8 0.778658 0.697279 0.03249 0.017148
8 0.07096 0.750304 0.0101071 0.0142726
8 0.389005 0.760556 0.031323 0.0123038
0 0.773462 0.812907 0.00601444 0.0150574
37 0.85305 0.84625 0.0262527 0.0135452
0 0.00751537 0.753316 0.0118985 0.020803
14 0.201217 0.736131 0.0144521 0.0150075
0 0.322992 0.709915 0.00615759 0.0162528
37 0.942452 0.755058 0.00979328 0.00411343
0 0.54094 0.848454 0.00744286 0.0288286
0 0.109496 0.984193 0.0435323 0.0246843
37 0.944679 0.866965 0.0282196 0.0150633
0 0.00572705 0.75266 0.0113547 0.0170593
37 0.857471 0.847507 0.0359734 0.0122108
37 0.458025 0.786413 0.021213 0.00968441
8 0.33084 0.732646 0.0159418 0.0102127
0 0.428433 0.900406 0.00923204 0.0459212
37 0.937774 0.867228 0.0146675 0.0149607
0 0.771637 0.812521 0.0127979 0.0157759
0 0.391421 0.832718 0.0179438 0.0861806
0 0.949544 0.860586 0.0140167 0.0181042
0 0.877468 0.67206 0.00564384 0.0105294
8 0.330981 0.728477 0.0162502 0.014839
0 0.162051 0.740531 0.00654004 0.00850118
37 0.281089 0.737579 0.0150614 0.00813277
24 0.153453 0.983466 0.0176893 0.0124691
0 0.76747 0.694756 0.0050004 0.0130468
0 0.906363 0.976186 0.0603498 0.0449493
0 0.773648 0.81289 0.0194993 0.0171824
8 0.881135 0.682604 0.0132994 0.0102624
37 0.460271 0.790881 0.02393 0.0129659
37 0.945955 0.865792 0.022678 0.0127713
8 0.31228 0.713112 0.0289312 0.0196303
0 0.964325 0.66831 0.00396347 0.0110458
0 0.947069 0.73851 0.0153944 0.0338437
0 0.981963 0.661123 0.00588055 0.0123654
0 0.00538039 0.973499 0.0106994 0.0305471
37 0.85987 0.84588 0.0388386 0.0167109
14 0.91932 0.678942 0.00766792 0.010532
0 0.93483 0.724801 0.00620995 0.0238159
8 0.308126 0.718076 0.0196491 0.00936279
0 0.766739 0.81307 0.0082099 0.0151655
0 0.994765 0.80849 0.0100149 0.0272152
0 0.425186 0.905839 0.0178848 0.0567925
8 0.883977 0.6827 0.00747414 0.00816778
25 0.755666 0.758896 0.0116047 0.0101763
8 0.777006 0.702311 0.0344692 0.0107366
0 0.867539 0.845107 0.0207138 0.016271
8 0.00469243 0.755541 0.00925335 0.0178245
0 0.86239 0.832279 0.0288731 0.0381985
14 0.463915 0.319318 0.00693731 0.00701447
0 0.109631 0.973585 0.0191198 0.0384087
37 0.449183 0.92772 0.0275349 0.00957998
0 0.871427 0.845653 0.0148705 0.0163603
0 0.947635 0.85074 0.033042 0.0460198
37 0.574546 0.873472 0.0361378 0.0150041
33 0.391281 0.817071 0.0177493 0.0547563
37 0.593387 0.91357 0.0621843 0.0120548
0 0.835941 0.834993 0.0281887 0.0337209
0 0.334307 0.735519 0.00661159 0.00841505
8 0.329939 0.718778 0.0207608 0.0355201
37 0.446721 0.927596 0.0329319 0.0114943
