0 0.485646 0.82738 0.0127773 0.0567025
0 0.453813 0.83305 0.013264 0.0663256
0 0.303697 0.860834 0.0115583 0.0572635
0 0.842711 0.766635 0.0101231 0.0494212
0 0.697495 0.794757 0.00900106 0.0471066
0 0.539215 0.776438 0.00820808 0.026985
0 0.953414 0.848323 0.0222366 0.0420729
0 0.526187 0.779527 0.0105232 0.0226613
0 0.893263 0.738312 0.00654182 0.0276538
0 0.83088 0.834298 0.01549 0.0336772
0 0.423889 0.914531 0.019389 0.0428613
0 0.684711 0.794851 0.0106256 0.043473
0 0.975679 0.737611 0.00852966 0.0413506
0 0.856344 0.827976 0.0129143 0.0354156
0 0.882598 0.760799 0.00721397 0.0441267
0 0.937886 0.749787 0.0113539 0.0487559
37 0.198743 0.915587 0.0474298 0.032449
0 0.808805 0.776978 0.0103592 0.0349286
0 0.768771 0.780989 0.00790901 0.0425464
0 0.795122 0.776604 0.0091692 0.0460668
0 0.0715301 0.750377 0.00526955 0.0121636
0 0.893765 0.975926 0.0653816 0.0464201
0 0.925781 0.728319 0.00641193 0.0221103
0 0.718597 0.830188 0.0134939 0.032048
0 0.114553 0.983765 0.0318553 0.0190325
0 0.00935584 0.751645 0.00985834 0.0176432
0 0.330354 0.709046 0.0045455 0.0159832
0 0.353383 0.988805 0.0187362 0.0223908
0 0.783033 0.696047 0.00543728 0.014043
0 0.71323 0.830448 0.0251421 0.0335273
0 0.577841 0.872572 0.0330999 0.0203132
0 0.883939 0.979749 0.0462097 0.0394502
0 0.785762 0.773115 0.00775642 0.0372562
0 0.995636 0.813863 0.00830956 0.0185004
0 0.290246 0.751311 0.00658102 0.0153183
0 0.905921 0.973219 0.0418091 0.0416582
8 0.320755 0.714378 0.0237514 0.017068
37 0.022153 0.938316 0.044306 0.0277117
0 0.917444 0.972587 0.0183285 0.0398
0 0.853573 0.828855 0.0183811 0.0381544
0 0.464627 0.798165 0.0099287 0.0345935
8 0.20042 0.727007 0.0191868 0.0114773
0 0.675928 0.816029 0.0151083 0.0183858
0 0.540783 0.848833 0.00685606 0.0287225
0 0.78628 0.777991 0.00822544 0.0456017
0 0.91079 0.758473 0.00767822 0.0214149
37 0.0974102 0.994204 0.0499474 0.00813768
0 0.785847 0.766736 0.00683289 0.0238046
0 0.970578 0.764016 0.0120745 0.0250885
0 0.308226 0.741534 0.00865612 0.0138407
0 0.949479 0.849499 0.0296875 0.0444522
0 0.92098 0.973078 0.0279621 0.0407171
0 0.54078 0.843707 0.00625134 0.0181061
0 0.787902 0.777584 0.0108858 0.0453478
0 0.975459 0.743133 0.0117884 0.0518005
0 0.06095 0.751188 0.00465211 0.00897064
0 0.763755 0.694455 0.0050869 0.0116133
0 0.103698 0.986053 0.0539927 0.0229062
0 0.0667203 0.751657 0.015763 0.0113413
0 0.911852 0.760483 0.00570412 0.0198766
0 0.00573849 0.982259 0.0114002 0.0115699
8 0.794145 0.575267 0.0365433 0.00867123
0 0.793367 0.777498 0.0128799 0.0477736
37 0.101305 0.988014 0.057463 0.0197925
37 0.9513 0.865954 0.0397112 0.0172346
8 0.0737568 0.751922 0.0291672 0.0128387
0 0.421665 0.912919 0.0140299 0.0400584
0 0.00803472 0.75252 0.0131006 0.0195489
37 0.0811064 0.751453 0.0137594 0.0116282
0 0.683013 0.796717 0.0141086 0.048665
0 0.977345 0.673994 0.00507717 0.0140495
0 0.852277 0.837628 0.0214428 0.0245331
0 0.974615 0.661644 0.0123089 0.0399246
0 0.859742 0.795216 0.00710373 0.0119836
0 0.589323 0.907313 0.0514593 0.025195
0 0.296459 0.75387 0.0208196 0.0186885
0 0.973577 0.655143 0.00788956 0.0230401
8 0.297888 0.756187 0.0236951 0.0153558
0 0.837453 0.834936 0.0298542 0.035053
0 0.905535 0.975777 0.0592453 0.0453907
0 0.980386 0.771567 0.00697441 0.0102234
0 0.112607 0.980983 0.0303917 0.0234236
8 0.867027 0.668575 0.00949211 0.00745892
37 0.298046 0.756948 0.0234593 0.0132662
37 0.00612365 0.758746 0.0102087 0.00796848
0 0.678385 0.814302 0.0197613 0.0205324
0 0.909106 0.683378 0.00414963 0.0129656
24 0.153442 0.98335 0.0178473 0.013028
37 0.588413 0.909022 0.053059 0.0227073
8 0.772751 0.696085 0.0233475 0.0126987
37 0.867487 0.796907 0.0398731 0.0132222
37 0.319522 0.712311 0.0252244 0.0167853
8 0.296235 0.754192 0.02081 0.0184445
0 0.771258 0.812462 0.0162954 0.0164669
37 0.936053 0.867856 0.0114597 0.013785
37 0.852963 0.846602 0.0283697 0.0129783
0 0.784967 0.780195 0.0104692 0.0439813
0 0.885899 0.760991 0.0139231 0.0444583
37 0.959897 0.863077 0.0466808 0.017382
0 0.120263 0.985065 0.0379371 0.0204057
0 0.122478 0.985913 0.0236214 0.0212441
37 0.949829 0.863788 0.0203064 0.0159383
37 0.947124 0.865031 0.0305937 0.0165046
0 0.981985 0.771643 0.00910568 0.0101278
37 0.85573 0.847342 0.0429428 0.0128484
0 0.995518 0.660648 0.00447273 0.0127268
0 0.679567 0.798571 0.0224144 0.0518114
8 0.37127 0.736725 0.00892 0.00852254
14 0.952667 0.667543 0.00660171 0.0123461
0 0.882491 0.985965 0.0434734 0.0277322
37 0.95763 0.866473 0.0548061 0.0149997
0 0.806874 0.777021 0.0126152 0.0390313
0 0.673349 0.816015 0.0200447 0.0200499
8 0.960521 0.700652 0.0781181 0.0248238
37 0.593089 0.914226 0.0417453 0.0116869
37 0.695969 0.841548 0.0273419 0.0142971
0 0.773721 0.812848 0.0215724 0.0184738
0 0.803408 0.775897 0.0207027 0.0420865
0 0.912085 0.758178 0.0107754 0.0220944
0 0.540966 0.851845 0.00806808 0.0360138
0 0.0058498 0.978498 0.0115927 0.0191898
37 0.858738 0.846019 0.0409912 0.0162569
0 0.690764 0.793162 0.0222923 0.05003
37 0.960681 0.8632 0.0506386 0.0118947
37 0.49281 0.864011 0.0198599 0.00865309
0 0.99527 0.80831 0.00900421 0.0306854
0 0.76925 0.771891 0.0105674 0.0357778
0 0.857517 0.795644 0.0150875 0.012265
0 0.955163 0.748749 0.00700531 0.00913832
37 0.790542 0.820745 0.0253954 0.0067922
