0 0.453086 0.833857 0.0127426 0.0683758
0 0.830626 0.835012 0.0176579 0.032971
0 0.829034 0.767944 0.00977802 0.0545632
0 0.953482 0.849879 0.0222004 0.04206
0 0.797252 0.77562 0.00913448 0.0477453
0 0.736918 0.785308 0.00865631 0.0485786
0 0.843764 0.765203 0.00712566 0.048527
0 0.811492 0.771062 0.0095562 0.0504157
0 0.779893 0.779032 0.00970869 0.045026
0 0.755677 0.781461 0.00794468 0.0488017
0 0.558667 0.814099 0.0125154 0.0475545
0 0.703192 0.793674 0.0105347 0.0443495
0 0.474609 0.852541 0.0214881 0.034122
0 0.695602 0.794837 0.00842247 0.0476074
8 0.198393 0.91581 0.0445074 0.0322011
0 0.894374 0.975401 0.0673286 0.0476339
0 0.717669 0.830454 0.0135233 0.0312483
0 0.941029 0.726185 0.00730362 0.0192295
0 0.42368 0.780765 0.0081686 0.0189711
0 0.796819 0.697452 0.00578365 0.0140932
0 0.855751 0.830833 0.0138826 0.0322089
0 0.852564 0.831794 0.0222286 0.0331846
0 0.115125 0.981099 0.0308284 0.0230615
0 0.0658212 0.733558 0.00585272 0.0159785
0 0.906128 0.972248 0.0432606 0.041058
0 0.713653 0.83063 0.0223362 0.0319656
0 0.97465 0.763952 0.0189789 0.025972
37 0.0221063 0.93849 0.0442101 0.0281577
0 0.43333 0.914241 0.025745 0.0378031
0 0.354459 0.989287 0.0154851 0.0214255
0 0.275639 0.730364 0.00588994 0.0167599
0 0.678247 0.815515 0.0196661 0.0179967
0 0.318335 0.714065 0.0052413 0.0180481
0 0.119523 0.982573 0.039813 0.0258358
0 0.779316 0.698057 0.00507936 0.0141848
0 0.368921 0.756144 0.0119864 0.0112381
0 0.0657034 0.744056 0.00713761 0.0303406
0 0.274444 0.730585 0.0079577 0.0174944
0 0.135582 0.737456 0.00435133 0.0100337
8 0.9732 0.663805 0.0481564 0.0400932
0 0.00434937 0.752246 0.00863964 0.0180652
0 0.00576089 0.976051 0.0114595 0.0249064
0 0.408823 0.762536 0.0033596 0.0133945
0 0.98392 0.669615 0.00680122 0.0261549
0 0.440868 0.919184 0.010176 0.0246197
0 0.951728 0.661203 0.00413876 0.0122601
0 0.00240876 0.976374 0.00477408 0.0235628
0 0.107143 0.983733 0.0601771 0.0277818
0 0.982453 0.663301 0.0101795 0.0392878
0 0.429209 0.915974 0.0223317 0.0345988
0 0.886091 0.984393 0.0511765 0.0290771
0 0.478844 0.852717 0.0134399 0.0336375
8 0.419449 0.762985 0.0245293 0.0142049
0 0.00384779 0.976295 0.00766667 0.023794
0 0.901625 0.681443 0.00374813 0.0143624
37 0.0989739 0.994063 0.0531804 0.00863851
0 0.524964 0.735071 0.0123509 0.00887773
37 0.526455 0.736112 0.015871 0.00755751
0 0.576713 0.875846 0.0314561 0.0139554
0 0.672129 0.817363 0.00803967 0.0153305
0 0.995989 0.811306 0.00761147 0.0213409
0 0.0609848 0.739636 0.00699937 0.0125047
0 0.885469 0.978532 0.0503567 0.0410617
0 0.996172 0.815668 0.00724297 0.0126122
0 0.674401 0.816329 0.0133083 0.0176097
0 0.982779 0.652437 0.00648956 0.0216564
0 0.959579 0.673179 0.00600815 0.0215736
0 0.319298 0.714077 0.00798731 0.0183275
8 0.162238 0.737832 0.0706135 0.019067
8 0.970792 0.674451 0.0442205 0.0173803
0 0.980591 0.668963 0.00677547 0.0256259
0 0.95891 0.850432 0.0117992 0.0383915
37 0.576635 0.875539 0.0316088 0.0135737
0 0.974059 0.673963 0.00596809 0.0162306
8 0.0640348 0.744922 0.0147747 0.027336
37 0.103197 0.989854 0.0617187 0.0162984
0 0.0635625 0.736953 0.0116667 0.0234602
0 0.772644 0.81296 0.0192265 0.0155436
37 0.852806 0.848461 0.0245781 0.00930108
0 0.92185 0.972963 0.0270205 0.0426093
0 0.971896 0.657874 0.00793419 0.0260357
0 0.971967 0.653732 0.00703278 0.0201781
0 0.915804 0.973494 0.0389767 0.0447474
8 0.526539 0.735248 0.0152813 0.00801799
0 0.85892 0.835746 0.0413984 0.0367011
0 0.959555 0.676578 0.00570984 0.0165822
0 0.420913 0.915223 0.0500032 0.0393351
8 0.301523 0.728454 0.0400213 0.0123376
8 0.962107 0.505001 0.0753838 0.146988
0 0.864078 0.833351 0.0283361 0.0367479
8 0.304668 0.726879 0.046299 0.0147542
0 0.145062 0.738019 0.0113785 0.00833723
0 0.274093 0.736386 0.00820627 0.0076043
8 0.300543 0.731124 0.0321218 0.00943519
0 0.304163 0.719107 0.00783482 0.00979784
0 0.983457 0.669207 0.00850792 0.0300498
0 0.54104 0.849213 0.00803585 0.026217
37 0.852977 0.845646 0.0259678 0.0145372
0 0.935781 0.86684 0.0111219 0.0149034
0 0.0654873 0.753084 0.00681303 0.0191788
8 0.00586386 0.753376 0.0116413 0.0199916
0 0.943525 0.725957 0.0124809 0.0196774
8 0.962008 0.539232 0.0755543 0.0767212
0 0.885048 0.685697 0.00579529 0.00855425
8 0.296509 0.728278 0.0574052 0.0295191
0 0.391434 0.833245 0.0176685 0.0874427
8 0.293454 0.728384 0.0212354 0.00987888
14 0.927809 0.6795 0.00612144 0.00999349
37 0.983333 0.771722 0.0328724 0.0098665
0 0.972101 0.763076 0.0133698 0.0270567
8 0.154267 0.740833 0.0525882 0.0134677
0 0.141108 0.738766 0.0175326 0.00926446
8 0.290478 0.72771 0.0136773 0.00844794
0 0.523155 0.732912 0.00863743 0.0121724
0 0.349767 0.989352 0.0257657 0.0211826
8 0.305745 0.71959 0.0433349 0.0151978
0 0.980524 0.771889 0.0138546 0.010002
0 0.289958 0.727274 0.0139087 0.0105391
8 0.966584 0.668027 0.0380333 0.0300253
0 0.956658 0.665899 0.012442 0.0169176
0 0.859923 0.795823 0.00621128 0.0105706
8 0.301582 0.718428 0.0284584 0.010621
0 0.871738 0.845476 0.0129705 0.0151052
37 0.986773 0.77146 0.0260239 0.00747613
