0 0.453566 0.833633 0.0138086 0.0673181
0 0.423629 0.895759 0.01747 0.078794
0 0.79101 0.776445 0.0107576 0.0474006
0 0.481461 0.831988 0.0151428 0.0673818
0 0.69852 0.794599 0.00886745 0.0432641
0 0.802513 0.776319 0.00794201 0.0438136
0 0.830205 0.834596 0.0171444 0.0339101
0 0.957742 0.74383 0.00771484 0.0481052
0 0.156631 0.88399 0.0162719 0.0574237
0 0.770358 0.776849 0.0093586 0.0498589
0 0.760066 0.781475 0.00815163 0.0423767
0 0.718418 0.830754 0.0125217 0.030641
0 0.855288 0.83152 0.0160631 0.0334086
0 0.895194 0.975639 0.0657017 0.045713
0 0.95373 0.848619 0.0218859 0.0382155
0 0.992222 0.734567 0.00999413 0.0498349
0 0.936398 0.727938 0.00741081 0.0245046
37 0.198615 0.915742 0.0453036 0.0315896
0 0.852153 0.762194 0.00848198 0.0376143
0 0.683368 0.796292 0.00916634 0.0420807
0 0.508007 0.807191 0.0108589 0.0337443
0 0.922918 0.752009 0.00870743 0.0441583
0 0.971704 0.742963 0.00774117 0.0261824
0 0.843452 0.761509 0.00624123 0.0404582
37 0.0221063 0.938941 0.0442126 0.0305444
0 0.980878 0.662566 0.00703239 0.0417842
0 0.11575 0.983508 0.0320668 0.0266914
0 0.577521 0.874784 0.0332665 0.0158837
0 0.355257 0.989044 0.0139279 0.0219113
0 0.305049 0.753689 0.0072032 0.0174622
0 0.677276 0.814982 0.0173308 0.0193949
0 0.00616557 0.981225 0.012242 0.0146644
0 0.852159 0.832961 0.0224445 0.0357317
0 0.00751264 0.750871 0.00832315 0.0162981
0 0.952857 0.856233 0.0212051 0.0307905
0 0.32797 0.710136 0.00623999 0.0161747
0 0.844696 0.761939 0.00878754 0.040692
0 0.951224 0.858818 0.0171387 0.0244707
0 0.91662 0.741537 0.00656815 0.0260557
0 0.995845 0.813099 0.00789337 0.0176548
0 0.884296 0.97935 0.044586 0.0383511
0 0.87285 0.769922 0.00764084 0.0310822
0 0.308143 0.754152 0.0124735 0.016019
0 0.916986 0.743969 0.00770721 0.0330455
37 0.0946707 0.994257 0.0451124 0.00832825
0 0.78714 0.697325 0.00692673 0.018074
0 0.509305 0.773617 0.00726347 0.0131058
0 0.0835041 0.741976 0.00826523 0.011732
0 0.0032905 0.753495 0.00653315 0.013442
0 0.677919 0.809948 0.0187304 0.0292426
0 0.160486 0.740908 0.00766134 0.00755361
0 0.292121 0.733872 0.00739441 0.00937025
0 0.481886 0.777659 0.00543728 0.0121324
0 0.680728 0.799359 0.0144423 0.0479648
0 0.10961 0.981574 0.0199404 0.0238378
0 0.921806 0.973406 0.028091 0.0414544
0 0.0564823 0.751987 0.0053334 0.00890181
0 0.972094 0.738486 0.00845032 0.0291921
8 0.0790209 0.74814 0.0177733 0.022621
0 0.121176 0.984293 0.0363534 0.0256012
0 0.920703 0.747596 0.0137398 0.0443368
0 0.00595104 0.751884 0.0118319 0.0170576
0 0.678188 0.802825 0.0199059 0.0440579
8 0.29498 0.737945 0.0165631 0.00734439
8 0.0792328 0.75219 0.0168762 0.0144999
0 0.131469 0.983578 0.0635112 0.026081
0 0.98628 0.670247 0.00559921 0.0286424
0 0.712698 0.831238 0.0261616 0.0319292
0 0.971608 0.669378 0.00404396 0.010848
0 0.917684 0.972819 0.0188805 0.0402778
37 0.851546 0.845404 0.0223469 0.0132653
0 0.914087 0.973993 0.0332911 0.0418659
0 0.11065 0.983017 0.0269189 0.0257087
0 0.507 0.774435 0.0130111 0.0146474
8 0.157421 0.740952 0.0219437 0.00904422
0 0.00314898 0.756064 0.00626208 0.0130839
0 0.974384 0.762406 0.0174873 0.028165
8 0.317636 0.716124 0.0260134 0.00954726
0 0.974527 0.768549 0.0187798 0.0163496
0 0.102729 0.984074 0.0606161 0.0276767
0 0.577451 0.870182 0.0338907 0.0253559
0 0.903811 0.672569 0.00598259 0.0119826
8 0.0759836 0.750038 0.024121 0.0211366
0 0.924417 0.746994 0.00863571 0.0373045
8 0.295006 0.7366 0.0149869 0.008677
14 0.879148 0.684128 0.0064518 0.00874006
37 0.31716 0.715828 0.0251494 0.00919512
37 0.85275 0.847053 0.0259789 0.0116021
0 0.959003 0.745283 0.0110394 0.0494958
8 0.267224 0.397523 0.00569916 0.00948885
0 0.966916 0.6659 0.00955734 0.0127469
0 0.858557 0.845324 0.0420433 0.0177551
37 0.491547 0.862835 0.0234581 0.0106842
0 0.863063 0.833248 0.0345146 0.038582
0 0.92381 0.680653 0.00545292 0.0120821
0 0.391679 0.815692 0.016088 0.0515035
0 0.00911445 0.981111 0.0180918 0.0160573
0 0.847959 0.764009 0.0135616 0.0458367
16 0.773281 0.812177 0.0100658 0.0151421
0 0.845364 0.83351 0.0364937 0.035788
0 0.872299 0.845503 0.0144817 0.0153524
37 0.843345 0.845483 0.0445889 0.0158997
24 0.153674 0.98317 0.0179765 0.0134901
0 0.850667 0.844176 0.019763 0.0127048
0 0.39164 0.832076 0.0165771 0.0862261
0 0.98508 0.674771 0.00668449 0.0206516
0 0.760385 0.789781 0.00918846 0.056052
37 0.0974591 0.986101 0.0512993 0.0220801
0 0.77304 0.812516 0.00848904 0.0148098
37 0.590742 0.910262 0.058779 0.0192044
37 0.936588 0.867066 0.0124954 0.0155707
0 0.357684 0.726276 0.00837469 0.0144067
16 0.775075 0.812344 0.0171022 0.016164
0 0.973434 0.742605 0.0117687 0.0328478
0 0.923446 0.676972 0.00688362 0.0194782
0 0.683878 0.785108 0.0093298 0.0293966
0 0.905811 0.97431 0.0438568 0.0430947
0 0.995368 0.808597 0.00879097 0.0281192
0 0.506738 0.816765 0.0113188 0.0259772
0 0.935949 0.866784 0.0114176 0.015812
0 0.951285 0.863108 0.0190557 0.0204681
37 0.588115 0.91299 0.0528974 0.0134413
0 0.877157 0.983139 0.0303484 0.0306953
37 0.986934 0.688573 0.0257607 0.0149846
0 0.953265 0.859337 0.0282631 0.0283217
0 0.95709 0.850874 0.02551 0.0401628
