0 0.452794 0.833223 0.0129036 0.0675812
0 0.753268 0.781083 0.007794 0.0499203
0 0.83066 0.834954 0.0175058 0.0329441
0 0.810034 0.769917 0.00846634 0.0494771
0 0.843719 0.766664 0.00739899 0.0460466
0 0.953608 0.849854 0.0221714 0.0424232
0 0.702886 0.792997 0.0102768 0.0446838
0 0.768799 0.779785 0.0092823 0.0435801
0 0.564645 0.815778 0.0123348 0.0448317
0 0.791185 0.775559 0.00962143 0.0502901
0 0.797178 0.773709 0.00748415 0.0454339
0 0.736773 0.78602 0.00891666 0.0461222
0 0.69315 0.7953 0.0100451 0.0435662
0 0.782236 0.785525 0.00667458 0.0326246
0 0.681116 0.795295 0.0106632 0.0399477
0 0.482594 0.858716 0.0287921 0.0203159
37 0.022027 0.938655 0.0440541 0.0280258
0 0.717939 0.830271 0.0137054 0.0316099
37 0.197784 0.915982 0.0452744 0.0320674
0 0.93831 0.728327 0.0074379 0.0223345
0 0.856376 0.830585 0.0139267 0.0331414
0 0.115153 0.981089 0.0312077 0.0230026
0 0.97393 0.762896 0.0174419 0.0270938
0 0.907374 0.972669 0.0432444 0.0423964
0 0.287708 0.723841 0.00781121 0.0173672
0 0.853036 0.831646 0.0220259 0.0343943
0 0.43224 0.914822 0.0272709 0.0375943
0 0.275591 0.730825 0.00617871 0.0157927
0 0.354508 0.98929 0.0154065 0.021421
0 0.894073 0.975208 0.0673027 0.0468594
0 0.713885 0.830407 0.0224262 0.0324419
0 0.316303 0.713136 0.00607367 0.0164959
0 0.119654 0.982515 0.0402328 0.0260505
0 0.0629734 0.742031 0.00888262 0.0266398
0 0.883081 0.979425 0.045364 0.0387349
0 0.274448 0.730877 0.00809069 0.016767
0 0.972344 0.671382 0.00680275 0.0179703
0 0.996208 0.807566 0.00717964 0.0278588
0 0.005775 0.97547 0.0114937 0.0268263
8 0.00587635 0.74838 0.011686 0.0208411
0 0.982642 0.667828 0.00752144 0.0226042
37 0.0976925 0.99409 0.0511414 0.00849067
0 0.576314 0.875786 0.0316923 0.0137861
37 0.432241 0.830012 0.0318014 0.0150201
0 0.675713 0.816224 0.0152242 0.0178713
0 0.183882 0.734724 0.011948 0.0096305
0 0.440703 0.919251 0.0105169 0.0247515
0 0.00259102 0.975906 0.00513431 0.025295
0 0.0617956 0.73851 0.00955298 0.0153339
0 0.540939 0.848901 0.00736389 0.0276123
37 0.0559327 0.741034 0.00933188 0.00906813
0 0.00396569 0.975826 0.00789582 0.0254301
0 0.981214 0.667068 0.00970745 0.025868
0 0.92192 0.972534 0.0269125 0.0425222
0 0.135298 0.738355 0.00478227 0.00861613
0 0.106664 0.983863 0.0653113 0.0277072
8 0.524572 0.735697 0.0120268 0.0097758
0 0.140805 0.738076 0.0178027 0.00960337
0 0.416513 0.778054 0.00719385 0.0153056
0 0.0619484 0.742263 0.0137359 0.0269942
0 0.0619655 0.735605 0.00789752 0.0169807
0 0.980581 0.669348 0.00808887 0.0222586
0 0.974834 0.770649 0.0182003 0.0121067
0 0.428236 0.915826 0.0224659 0.0353533
0 0.77152 0.812773 0.013094 0.0151991
0 0.958051 0.850267 0.0136524 0.0393172
14 0.927536 0.680115 0.0053648 0.0115089
0 0.91631 0.969821 0.013942 0.0384218
0 0.955577 0.669316 0.00990486 0.0247716
37 0.420567 0.762387 0.0267563 0.0110492
0 0.524331 0.735386 0.0120341 0.0100915
0 0.673443 0.81753 0.010858 0.0151886
0 0.414893 0.779931 0.0130844 0.0179423
37 0.990772 0.770317 0.0179747 0.00743781
0 0.679216 0.815928 0.0211317 0.0186805
0 0.391274 0.81779 0.0176273 0.0542759
0 0.677855 0.798898 0.0180132 0.0478817
0 0.880205 0.683569 0.00587769 0.0169867
0 0.779856 0.698104 0.00698853 0.0169677
0 0.954551 0.661307 0.00692177 0.0125142
0 0.42078 0.91523 0.0499819 0.0390618
0 0.89906 0.682277 0.00525627 0.0141043
0 0.90392 0.977406 0.035965 0.0319611
0 0.767977 0.813172 0.00961189 0.014743
37 0.852705 0.848796 0.0243431 0.00872904
8 0.967964 0.666694 0.036447 0.0316996
0 0.878927 0.983268 0.0365225 0.0314689
0 0.687124 0.795711 0.0112604 0.043061
0 0.788748 0.776273 0.0140249 0.0526876
0 0.779132 0.814815 0.00836477 0.0120992
37 0.153441 0.983751 0.0178095 0.0123572
0 0.85752 0.83503 0.043626 0.0383976
0 0.413373 0.76249 0.00610704 0.00958964
0 0.773576 0.812139 0.00881863 0.015726
37 0.990703 0.768647 0.0181166 0.00967882
0 0.86328 0.832952 0.0304918 0.038612
0 0.374924 0.75787 0.0124409 0.00849135
33 0.391382 0.817005 0.0172731 0.0533112
0 0.349552 0.989326 0.0261991 0.0212562
0 0.0091439 0.975851 0.0180583 0.0286363
0 0.935764 0.866872 0.0110603 0.0148578
0 0.676674 0.814089 0.0179907 0.0222161
0 0.980047 0.651088 0.00722542 0.0162855
0 0.873584 0.985134 0.0257767 0.027102
37 0.302385 0.716163 0.0251406 0.00794237
0 0.969218 0.763705 0.0249289 0.0296604
0 0.415618 0.778335 0.0170395 0.0204434
0 0.77433 0.812669 0.0180106 0.016716
0 0.411397 0.762003 0.00803452 0.0100711
0 0.939496 0.728591 0.0102409 0.0240173
37 0.989954 0.765595 0.0196224 0.0143114
8 0.305555 0.718119 0.0308083 0.0113173
0 0.413025 0.762673 0.0103206 0.0104531
37 0.409886 0.932753 0.0289522 0.00723623
37 0.592981 0.909375 0.0618896 0.0202889
0 0.543996 0.848974 0.0136885 0.0282776
8 0.524459 0.733184 0.0119458 0.0146332
0 0.95276 0.860288 0.0193958 0.0226844
8 0.259233 0.397686 0.00699501 0.00918367
0 0.799031 0.773601 0.0103475 0.047305
8 0.00603942 0.752773 0.0120562 0.0209561
37 0.971661 0.8622 0.0328846 0.0117711
0 0.964268 0.851056 0.0458744 0.0444038
37 0.965381 0.862771 0.0438705 0.0129666
0 0.983821 0.669333 0.00941162 0.0236248
37 0.589589 0.914029 0.0555115 0.010219
24 0.935865 0.867072 0.0110577 0.0150825
8 0.29209 0.730289 0.0508093 0.0244624
0 0.592682 0.907035 0.0619858 0.0241796
