0 0.453617 0.833891 0.0133495 0.0666728
0 0.479616 0.832809 0.0141644 0.0640218
0 0.424471 0.894896 0.0151075 0.0816667
0 0.139873 0.88579 0.0106885 0.0606611
0 0.791174 0.776355 0.00810175 0.0478472
0 0.766755 0.779111 0.0107415 0.0499763
0 0.753665 0.781555 0.00826349 0.0493637
0 0.952684 0.745171 0.00907173 0.0436134
0 0.830276 0.834738 0.0170979 0.0338138
0 0.699962 0.794747 0.00979137 0.0420987
0 0.797746 0.776216 0.00851336 0.0428811
0 0.846318 0.766353 0.00961952 0.0432563
0 0.502565 0.777941 0.00764694 0.0191732
0 0.895135 0.975475 0.0652676 0.0454553
0 0.718484 0.830086 0.0128658 0.0319353
0 0.686603 0.795698 0.00950728 0.0428491
0 0.855342 0.831322 0.016008 0.0337289
0 0.953575 0.848131 0.0220482 0.0374491
0 0.509992 0.809278 0.00992975 0.0348646
0 0.47947 0.780846 0.00716743 0.019911
0 0.995176 0.735745 0.00917816 0.0470317
37 0.198584 0.91569 0.046325 0.032265
0 0.917178 0.751901 0.0101265 0.0464294
37 0.022019 0.93857 0.044038 0.0287866
0 0.935079 0.726985 0.0053196 0.0229538
0 0.326768 0.713384 0.00643482 0.0201006
0 0.788453 0.70005 0.00646782 0.0199557
0 0.978469 0.740875 0.00849247 0.0321045
0 0.00765262 0.750506 0.00772013 0.0173265
8 0.0792173 0.747775 0.016487 0.0234058
0 0.115924 0.983528 0.0318393 0.0265522
0 0.291882 0.732083 0.00692291 0.0106934
0 0.852491 0.832182 0.0212566 0.0357783
0 0.57755 0.874956 0.0333406 0.0155863
0 0.355283 0.989005 0.0139856 0.0219901
0 0.055681 0.751919 0.00352445 0.00891147
0 0.676516 0.81535 0.0162984 0.0187281
0 0.00614375 0.981225 0.0122104 0.0147293
0 0.995829 0.813272 0.00792389 0.0171349
0 0.951891 0.859473 0.0195015 0.0248281
0 0.765633 0.700115 0.00612259 0.0213872
0 0.977585 0.676678 0.00451164 0.0167197
0 0.529586 0.741239 0.00419388 0.00903727
0 0.00662993 0.751145 0.0108441 0.0188522
0 0.988554 0.677755 0.00652313 0.0127678
0 0.842657 0.767736 0.00583839 0.0398329
0 0.685643 0.798081 0.0123139 0.0428038
0 0.884174 0.979329 0.0440704 0.0376034
0 0.391049 0.817784 0.0167163 0.0548077
0 0.857994 0.77017 0.00671635 0.0204939
37 0.297779 0.737474 0.0235183 0.00609131
37 0.0946596 0.994293 0.0452995 0.00837741
37 0.535827 0.74174 0.0165203 0.00989448
0 0.315024 0.7561 0.00511866 0.0164697
0 0.857732 0.766876 0.00702209 0.0255876
0 0.1097 0.981587 0.0197414 0.0237042
0 0.865392 0.768317 0.00813866 0.0336158
0 0.390924 0.832782 0.0179833 0.0852827
0 0.865486 0.767074 0.00646515 0.0278809
0 0.921885 0.973391 0.0280964 0.0413569
8 0.0771304 0.750253 0.020258 0.0200677
0 0.989613 0.679 0.0100132 0.0125139
0 0.981006 0.655263 0.00770836 0.0244139
0 0.712522 0.83042 0.0262567 0.0334015
0 0.131679 0.983414 0.063394 0.025985
0 0.122246 0.984471 0.0352772 0.0246258
0 0.858187 0.77345 0.00791492 0.0303002
0 0.974413 0.762037 0.0169157 0.0283493
0 0.912713 0.973818 0.0367863 0.0417301
8 0.360641 0.73259 0.0234936 0.00962389
0 0.924299 0.681017 0.00584984 0.0101807
0 0.309198 0.754607 0.00849667 0.015971
37 0.851324 0.845416 0.0218769 0.0131644
0 0.00361274 0.75658 0.00710749 0.0119137
0 0.310296 0.756627 0.00995512 0.0178219
0 0.97319 0.752127 0.00705643 0.0107446
0 0.158593 0.742078 0.0118876 0.00808716
0 0.917808 0.972519 0.0184284 0.0392792
0 0.577475 0.870334 0.0338985 0.0251763
37 0.917882 0.719683 0.0645258 0.0194633
0 0.903987 0.673541 0.00627708 0.00978275
0 0.863766 0.766746 0.00871735 0.0319726
37 0.590574 0.910691 0.0584101 0.0183863
0 0.994829 0.81254 0.00990505 0.0195553
0 0.103072 0.984132 0.0614218 0.0276201
24 0.15364 0.983174 0.0181468 0.0135159
8 0.178638 0.738665 0.0588102 0.0170132
0 0.956908 0.850364 0.025215 0.0400642
0 0.974678 0.768358 0.0186943 0.0163701
0 0.501123 0.778093 0.0107609 0.0196593
0 0.863085 0.833151 0.0344624 0.038681
0 0.905001 0.677805 0.00834389 0.0177667
0 0.0091219 0.981106 0.0181266 0.0159888
8 0.00628188 0.75407 0.0120791 0.0177561
8 0.2672 0.397571 0.00567465 0.00951911
0 0.903238 0.97354 0.0490576 0.0416339
0 0.880933 0.983366 0.0377211 0.0303792
8 0.793164 0.572953 0.0364045 0.0105174
0 0.854112 0.842253 0.0514446 0.0246889
0 0.995409 0.808512 0.00869808 0.0281369
0 0.680214 0.799834 0.0225823 0.0484829
0 0.325227 0.713099 0.00967045 0.0206818
37 0.200533 0.737601 0.0129904 0.00719096
0 0.8602 0.763312 0.00882206 0.0327003
37 0.31399 0.718257 0.0219277 0.0091451
37 0.843167 0.844913 0.0446159 0.0171134
0 0.0549742 0.751818 0.00431786 0.00818448
0 0.850752 0.843814 0.0198952 0.0131104
0 0.772825 0.812814 0.00851412 0.0141532
0 0.959385 0.848426 0.0150595 0.0365841
37 0.298845 0.739031 0.027652 0.0107517
37 0.17747 0.739674 0.0587768 0.0137427
0 0.842344 0.833082 0.042094 0.038215
0 0.872301 0.845457 0.0144426 0.0152642
8 0.0714316 0.749411 0.032282 0.0203322
0 0.936554 0.867021 0.0124197 0.0155592
0 0.953673 0.859372 0.0280373 0.0281955
14 0.938855 0.251138 0.00623283 0.00689803
8 0.360917 0.734661 0.0243393 0.0115082
8 0.356863 0.729798 0.015971 0.0132195
37 0.919271 0.72934 0.0127483 0.0110189
0 0.59078 0.907442 0.0590244 0.0242171
8 0.074385 0.747827 0.0267777 0.0247318
0 0.357138 0.730723 0.0157658 0.01241
37 0.0972727 0.986122 0.0511356 0.0224223
37 0.93606 0.867024 0.0115459 0.0156989
