0 0.476257 0.834611 0.0148062 0.0664388
0 0.455589 0.833592 0.0126631 0.0685137
0 0.0238547 0.902129 0.011997 0.0493856
0 0.830594 0.83465 0.0172184 0.0335561
0 0.698075 0.792037 0.0110394 0.0481272
0 0.718514 0.830705 0.0144211 0.030504
0 0.793763 0.77505 0.0109491 0.0473558
0 0.767168 0.78274 0.00918427 0.0392634
0 0.870796 0.759879 0.00871639 0.0460507
0 0.843085 0.766786 0.00839958 0.0475335
0 0.953534 0.849462 0.022052 0.041096
0 0.744212 0.783882 0.00871105 0.0465775
0 0.905406 0.755166 0.0098629 0.0475952
0 0.820445 0.770271 0.00851479 0.0416767
0 0.856303 0.830228 0.0153439 0.0329291
0 0.069607 0.742777 0.00932789 0.0284963
0 0.755775 0.781846 0.00760489 0.0472246
0 0.923431 0.751677 0.008564 0.0392751
0 0.278748 0.728837 0.00625653 0.0155435
0 0.519411 0.806857 0.00983047 0.037571
37 0.0221236 0.938598 0.0441609 0.0287194
0 0.47657 0.779899 0.00785847 0.0216078
0 0.836621 0.774664 0.00680809 0.0284997
0 0.99605 0.809856 0.00748177 0.0238971
0 0.00970067 0.750947 0.00834774 0.0163686
0 0.894533 0.976223 0.0655901 0.0457567
0 0.327361 0.7536 0.00931482 0.0169662
0 0.433867 0.913323 0.0242775 0.0396037
37 0.198556 0.915953 0.0471812 0.0321994
0 0.3551 0.988942 0.0145985 0.0221163
0 0.678024 0.815709 0.0193558 0.0182963
0 0.883729 0.980043 0.0440422 0.0384528
0 0.451438 0.780226 0.00739393 0.0174449
0 0.196702 0.733571 0.00860181 0.0103651
0 0.906187 0.973098 0.043997 0.040096
0 0.0532972 0.752144 0.00459342 0.00813022
0 0.952226 0.737108 0.00921707 0.0313917
8 0.313302 0.713235 0.0289367 0.0195748
0 0.00619897 0.975703 0.0123329 0.0253394
0 0.715612 0.831189 0.0203732 0.0312514
0 0.919645 0.973309 0.0230732 0.0405843
0 0.972569 0.762633 0.0141369 0.0274
0 0.125883 0.985904 0.0272763 0.0204386
8 0.312351 0.715339 0.0275555 0.0134554
0 0.853475 0.831457 0.0215279 0.0363685
4 0.454744 0.318751 0.0193815 0.00781267
0 0.00249009 0.975924 0.00492694 0.0238705
0 0.883281 0.985538 0.0429678 0.0275658
0 0.768235 0.697244 0.00782595 0.0138735
8 0.324721 0.730889 0.0195354 0.00908932
0 0.146418 0.738058 0.00648313 0.0119448
0 0.791269 0.697588 0.00562267 0.0159134
37 0.101056 0.99426 0.0585063 0.00782708
0 0.934331 0.727766 0.00731087 0.0260042
0 0.322918 0.710748 0.00598216 0.0155396
37 0.577029 0.875321 0.0324453 0.0131046
0 0.528341 0.740009 0.00640316 0.00833537
8 0.151678 0.740498 0.0243016 0.0127206
0 0.00816562 0.75265 0.00803027 0.0137438
0 0.577274 0.87547 0.0323723 0.0134444
37 0.105393 0.98899 0.0671048 0.0180762
0 0.00899329 0.976206 0.0178617 0.026201
0 0.118898 0.984571 0.036136 0.0228823
37 0.933244 0.761581 0.0152132 0.0118342
8 0.151037 0.742273 0.0249626 0.00983853
37 0.853017 0.846296 0.0260689 0.0133586
0 0.109501 0.980947 0.0187864 0.0229879
8 0.00955142 0.760501 0.0155762 0.0110014
0 0.973761 0.753133 0.00520821 0.00929464
0 0.105948 0.985784 0.0666507 0.0235189
0 0.771813 0.812802 0.0114922 0.0151393
0 0.991928 0.67546 0.00655136 0.0186616
0 0.852435 0.839782 0.0234001 0.0219596
37 0.857832 0.847472 0.0365696 0.0122498
24 0.153428 0.983472 0.0177505 0.0125075
0 0.753206 0.785598 0.0108696 0.0420108
0 0.151922 0.74019 0.0242175 0.0115533
8 0.00844839 0.761864 0.0168968 0.0122508
37 0.532275 0.740348 0.0142675 0.0089898
0 0.973389 0.675219 0.00664196 0.0170338
0 0.541027 0.849116 0.00803757 0.0274155
37 0.944834 0.867071 0.0284664 0.0150533
0 0.972179 0.768422 0.0143503 0.017234
0 0.768673 0.812814 0.0116022 0.0155333
37 0.937305 0.867259 0.0137447 0.0148894
0 0.905448 0.976062 0.0618786 0.0451725
0 0.452732 0.780266 0.010817 0.0180589
37 0.0631288 0.758774 0.0319298 0.00826314
37 0.283084 0.737091 0.0171739 0.0076806
0 0.435938 0.911401 0.018573 0.0376845
0 0.772814 0.812754 0.0210516 0.0170359
0 0.949477 0.860883 0.0138737 0.0174795
37 0.859896 0.845908 0.0388006 0.0165744
0 0.974716 0.770881 0.0182159 0.0120541
37 0.0584446 0.753472 0.0172837 0.00835215
37 0.0098606 0.760601 0.0166147 0.00970018
8 0.766602 0.719305 0.033947 0.0132392
14 0.910331 0.248725 0.00832558 0.00583496
37 0.454984 0.784285 0.0177063 0.0116438
37 0.325054 0.730003 0.0201189 0.00981547
0 0.865771 0.845167 0.0245655 0.0162445
0 0.779151 0.815815 0.00829296 0.0107554
37 0.945539 0.865915 0.0232092 0.0127518
37 0.593592 0.913767 0.062129 0.011696
0 0.862412 0.832455 0.0287552 0.0380403
37 0.450675 0.785718 0.0235144 0.00907135
37 0.790952 0.820441 0.0250467 0.0065667
0 0.00281016 0.972708 0.00555323 0.0307437
0 0.566169 0.845463 0.00731831 0.0219209
0 0.980117 0.660646 0.007901 0.0127079
0 0.947641 0.850744 0.0330318 0.0459781
0 0.109607 0.973591 0.0192789 0.0383606
0 0.871796 0.845395 0.0131084 0.0151723
0 0.882423 0.684565 0.00577641 0.0088829
37 0.846384 0.845939 0.0406086 0.0154222
