0 0.83077 0.834703 0.0174099 0.033529
0 0.53734 0.819951 0.0123775 0.0542291
0 0.452526 0.834588 0.0121604 0.0660541
0 0.605582 0.809361 0.0105006 0.0494597
0 0.953754 0.8499 0.0219402 0.0424245
0 0.842798 0.766146 0.00840549 0.0446866
0 0.692844 0.794918 0.0103906 0.048408
0 0.797051 0.775754 0.00731506 0.0483124
0 0.746898 0.782754 0.00760536 0.0459486
0 0.736434 0.78373 0.00933933 0.0503711
0 0.475588 0.854241 0.0164495 0.0298086
0 0.707904 0.789285 0.0111389 0.0479296
0 0.28902 0.727195 0.00544367 0.019538
0 0.939569 0.72897 0.00703278 0.0210971
0 0.717958 0.830767 0.0130672 0.0304999
37 0.198121 0.915819 0.0454463 0.0307739
0 0.0601512 0.737856 0.00541825 0.0193136
0 0.973838 0.762162 0.017828 0.0277032
0 0.725193 0.787984 0.00821705 0.0421139
0 0.856736 0.829312 0.0136669 0.0336222
0 0.27161 0.731598 0.00640717 0.016016
37 0.0221637 0.93864 0.0443204 0.0291629
0 0.114754 0.981727 0.0308626 0.0267022
0 0.731094 0.785723 0.00651646 0.0451504
0 0.433629 0.914262 0.0250561 0.0374491
0 0.354641 0.989169 0.015292 0.0216617
0 0.00750404 0.74797 0.00786474 0.0170534
0 0.904712 0.972323 0.0369125 0.0412045
0 0.393422 0.776238 0.00620594 0.0166975
0 0.313661 0.710487 0.00555172 0.0166226
0 0.883364 0.984946 0.0435421 0.0289715
0 0.676499 0.815134 0.0165839 0.0189653
0 0.701149 0.794191 0.00721426 0.041905
0 0.712026 0.831365 0.0258457 0.0316338
0 0.921988 0.972643 0.0269806 0.0414575
0 0.0600542 0.741539 0.006271 0.0265925
8 0.301929 0.715698 0.0258938 0.0109853
0 0.704958 0.792986 0.00957394 0.0414349
0 0.510153 0.730915 0.00513725 0.00982022
0 0.00624678 0.750194 0.0107326 0.0148838
0 0.69926 0.792147 0.00704784 0.0383319
0 0.996172 0.811507 0.00724335 0.020615
0 0.436572 0.915719 0.0184336 0.0335656
0 0.853532 0.830059 0.0197901 0.0366608
0 0.577031 0.875835 0.0339236 0.0137617
0 0.0644878 0.750283 0.00504936 0.0146868
0 0.434451 0.758518 0.00584297 0.0112834
0 0.440325 0.917741 0.0110992 0.0280379
0 0.895131 0.975916 0.0668095 0.0456087
0 0.102278 0.982962 0.0600382 0.0295948
8 0.30263 0.710092 0.0290705 0.0208384
0 0.140676 0.739338 0.0041872 0.00861477
0 0.0591187 0.73785 0.00768931 0.0195455
37 0.101995 0.993842 0.0604769 0.00906982
0 0.91464 0.971615 0.0105785 0.0408227
0 0.0722693 0.749564 0.00651112 0.0111104
0 0.0066642 0.98081 0.013251 0.0155604
0 0.891331 0.672797 0.00604897 0.0087911
37 0.0074994 0.757946 0.0135578 0.00920003
0 0.769862 0.812635 0.0134749 0.0147675
0 0.872585 0.845552 0.015111 0.0151347
0 0.401124 0.765051 0.00546436 0.0160139
0 0.97121 0.654481 0.00862961 0.0215487
0 0.958259 0.850012 0.0131699 0.0380035
0 0.852847 0.83489 0.0226116 0.0310671
0 0.772102 0.812301 0.00960722 0.0150525
37 0.269348 0.737624 0.010654 0.00566694
0 0.269536 0.731809 0.0105734 0.0168905
0 0.434947 0.908438 0.0271042 0.0486879
8 0.524627 0.731879 0.0382961 0.0130219
0 0.312153 0.708911 0.00673332 0.0202881
0 0.433343 0.758228 0.00874968 0.0122908
37 0.852881 0.846965 0.0257732 0.0126841
24 0.153613 0.983359 0.0174172 0.0127218
0 0.970017 0.65306 0.00627632 0.0195214
0 0.803035 0.697395 0.00433006 0.0156323
8 0.95778 0.670516 0.0350069 0.0148126
8 0.0680984 0.753963 0.0170001 0.00927192
0 0.86 0.794998 0.00790806 0.0128282
0 0.13031 0.73922 0.00544636 0.00879381
37 0.396519 0.777863 0.0243928 0.01594
0 0.482605 0.85461 0.0317816 0.0294559
0 0.390986 0.833169 0.0183843 0.087224
8 0.302871 0.720381 0.0282933 0.0192254
0 0.859954 0.846068 0.0408278 0.0167914
14 0.831695 0.694408 0.00406799 0.0126254
0 0.00936051 0.981002 0.0185655 0.0169064
0 0.95239 0.861705 0.0184601 0.02046
0 0.431427 0.75959 0.0124852 0.0110167
0 0.429266 0.913579 0.0340466 0.0401625
0 0.864423 0.83324 0.0319191 0.0397373
14 0.254715 0.397853 0.0091929 0.0105284
0 0.856954 0.795364 0.0176413 0.012873
0 0.43908 0.908696 0.0194389 0.0472622
0 0.135088 0.739179 0.0152684 0.0096895
0 0.911115 0.975256 0.0494427 0.0449327
0 0.130651 0.737872 0.00477908 0.0107781
0 0.733462 0.783437 0.0150638 0.0515188
0 0.774842 0.812816 0.0163684 0.0163751
0 0.0621268 0.743271 0.0105081 0.0271898
0 0.895495 0.973883 0.0209629 0.028451
0 0.448017 0.827822 0.00619631 0.0505452
0 0.91042 0.673291 0.0054327 0.0112006
37 0.575464 0.881708 0.0311898 0.00633036
8 0.0648461 0.753886 0.023183 0.0117396
0 0.890981 0.984809 0.03078 0.0271576
0 0.779154 0.815693 0.00878935 0.0109931
0 0.121035 0.983082 0.0434245 0.0283603
0 0.513788 0.732164 0.0151049 0.0115507
37 0.0101864 0.757962 0.0194001 0.0113298
37 0.590826 0.910398 0.0586939 0.018595
37 0.593097 0.912927 0.0580172 0.0140683
