0 0.452302 0.834298 0.0119476 0.0661446
0 0.358581 0.901133 0.0187421 0.0796797
0 0.600427 0.806985 0.0117968 0.0564128
0 0.41777 0.837752 0.0132082 0.0632389
0 0.796537 0.775169 0.0086319 0.0500588
0 0.722449 0.785776 0.00980272 0.0504849
0 0.843139 0.764876 0.00832405 0.0487454
0 0.83083 0.835149 0.0178499 0.0325901
0 0.717772 0.829962 0.0134232 0.0318924
0 0.560389 0.81455 0.0092803 0.0567559
0 0.657766 0.798636 0.00798082 0.0453349
0 0.114275 0.982735 0.0324835 0.0277167
0 0.553662 0.81794 0.00793152 0.048951
0 0.689149 0.794984 0.0106087 0.0455131
0 0.8562 0.831497 0.0149624 0.0298489
0 0.484235 0.857611 0.0368767 0.0235348
37 0.198158 0.915865 0.0453798 0.0315742
0 0.937805 0.751606 0.00694332 0.0391669
0 0.973895 0.763009 0.0170233 0.0275869
0 0.953205 0.849894 0.0224382 0.0392449
0 0.706079 0.790682 0.0131071 0.0485599
0 0.957237 0.848145 0.014834 0.0359175
37 0.0221533 0.938553 0.0443067 0.0305456
0 0.475487 0.85746 0.0187899 0.0230967
0 0.677819 0.814003 0.0198267 0.0218833
0 0.699289 0.791256 0.00702572 0.0439789
0 0.05337 0.745922 0.00520906 0.0189874
0 0.917471 0.972915 0.0170588 0.0385759
0 0.906572 0.973351 0.0398201 0.0395267
0 0.89384 0.975776 0.0646328 0.0443519
37 0.0963386 0.99408 0.0485854 0.00820313
0 0.701925 0.79291 0.00800114 0.0437422
0 0.355377 0.989286 0.0133697 0.0214278
0 0.85292 0.832904 0.0214825 0.0328935
0 0.949454 0.856732 0.0133501 0.0258726
0 0.883676 0.980474 0.0448322 0.0369105
0 0.351226 0.772323 0.00869699 0.0147534
0 0.708045 0.785759 0.00884132 0.0384325
0 0.0721157 0.750226 0.00553327 0.00969815
0 0.450643 0.761798 0.00649691 0.0147634
0 0.280603 0.734906 0.0067379 0.0174459
0 0.947946 0.857118 0.0191582 0.0263101
0 0.921039 0.97317 0.0251749 0.0389652
0 0.00224141 0.976069 0.00444126 0.0240184
0 0.0052286 0.975929 0.0103982 0.0258365
0 0.996172 0.813552 0.00724945 0.0157372
8 0.662594 0.570613 0.0577545 0.0124122
0 0.391627 0.832267 0.0176965 0.0861448
0 0.859036 0.697248 0.00491257 0.016291
0 0.677959 0.8065 0.0177385 0.0350856
0 0.851184 0.696926 0.00541725 0.0167408
0 0.715254 0.830325 0.0193074 0.0326392
37 0.737961 0.794126 0.0314688 0.0108224
0 0.931641 0.728759 0.00748997 0.0204729
37 0.577148 0.875726 0.0339187 0.0137804
8 0.0601776 0.748588 0.0321436 0.0176086
8 0.0598126 0.750245 0.0319531 0.0123366
0 0.0067738 0.756786 0.0101933 0.00983073
0 0.676314 0.798571 0.00680132 0.0219184
0 0.540904 0.848081 0.00792007 0.0288164
0 0.858842 0.70299 0.00544395 0.0275787
37 0.942814 0.852717 0.0113361 0.0152737
8 0.328629 0.723167 0.0220108 0.0121436
0 0.283615 0.735386 0.013252 0.0176268
8 0.170849 0.563787 0.0659785 0.016886
0 0.687693 0.788471 0.00782375 0.0342072
37 0.853249 0.847589 0.0245649 0.0111542
0 0.460338 0.762153 0.00690346 0.0134298
0 0.501726 0.719884 0.0194586 0.0117294
37 0.136973 0.748023 0.0226682 0.00883348
0 0.498075 0.719272 0.0118635 0.0102481
25 0.39157 0.832379 0.0178963 0.0867411
0 0.772354 0.813672 0.0198954 0.0178419
0 0.309091 0.766413 0.0190639 0.0138587
0 0.00859292 0.976224 0.017073 0.0274667
0 0.675054 0.805762 0.0100594 0.0365407
0 0.904079 0.683762 0.0054533 0.0113076
0 0.939475 0.750876 0.0101242 0.040407
26 0.153467 0.98363 0.0177356 0.0123435
0 0.120276 0.983608 0.0396791 0.0254322
0 0.881647 0.984995 0.041519 0.0291005
0 0.00268925 0.973374 0.00533764 0.0300276
37 0.946379 0.857468 0.0183243 0.0250092
0 0.895821 0.973938 0.0197918 0.0254715
8 0.308758 0.767183 0.0198855 0.013562
0 0.852468 0.839792 0.0220379 0.0214033
0 0.909312 0.671019 0.00674591 0.010802
0 0.494944 0.862848 0.0157104 0.0116642
0 0.709749 0.792698 0.0120079 0.0448324
8 0.168279 0.736147 0.0157656 0.00944553
0 0.328544 0.721777 0.0154882 0.0117823
0 0.98632 0.669165 0.00756493 0.013755
0 0.871261 0.845388 0.012191 0.0159965
37 0.099963 0.99241 0.0551479 0.0109353
37 0.935251 0.865964 0.0151325 0.0153074
8 0.0616145 0.745589 0.0287263 0.0203851
0 0.55557 0.819147 0.0107571 0.0541311
37 0.153458 0.98365 0.0175448 0.01236
0 0.00617412 0.973244 0.0121864 0.032076
0 0.934844 0.750274 0.0135178 0.0413415
8 0.453138 0.75033 0.0977257 0.0241035
0 0.859093 0.795115 0.0080307 0.0124752
0 0.866953 0.844807 0.0221722 0.019302
8 0.284789 0.736187 0.0156985 0.0161682
0 0.974672 0.7715 0.0186371 0.014536
0 0.859015 0.709378 0.00505714 0.0173133
8 0.681299 0.57059 0.0196849 0.0113559
0 0.391478 0.7981 0.00961323 0.0179203
0 0.862397 0.839416 0.0302217 0.0298272
