0 0.451898 0.834566 0.0121563 0.0663267
0 0.830774 0.834686 0.0173992 0.0335061
0 0.598643 0.810433 0.00992317 0.0470917
0 0.95372 0.849792 0.0217909 0.0426909
0 0.746657 0.782615 0.0077383 0.0452586
0 0.842469 0.76635 0.00851612 0.0449707
0 0.53046 0.819947 0.0128604 0.0507865
0 0.796897 0.775786 0.00698366 0.0461087
0 0.475855 0.854153 0.0162415 0.029872
0 0.939795 0.728915 0.00672302 0.02109
0 0.720232 0.788977 0.00860043 0.0447472
0 0.717976 0.830703 0.0125183 0.0306352
0 0.0081898 0.746936 0.008312 0.0163988
37 0.19821 0.915962 0.0454045 0.0312039
0 0.731457 0.789076 0.00782661 0.0422358
0 0.856886 0.82906 0.013382 0.033562
0 0.72649 0.784637 0.00812464 0.0531067
0 0.696249 0.78968 0.00885048 0.0539515
0 0.972331 0.762605 0.0147284 0.0265174
0 0.433784 0.914305 0.0248085 0.037089
0 0.312854 0.708455 0.00696135 0.0158827
0 0.354476 0.989191 0.0149431 0.0216186
8 0.0648376 0.745214 0.0264389 0.0204275
0 0.690834 0.7963 0.00685234 0.0455244
0 0.403269 0.763377 0.0068491 0.0155707
0 0.701081 0.790433 0.00809555 0.0480621
0 0.26913 0.733741 0.00704298 0.0172085
0 0.1148 0.982515 0.0320116 0.0267707
37 0.022127 0.938458 0.0442541 0.0285034
0 0.285887 0.725442 0.00815253 0.015942
0 0.739101 0.781015 0.0043066 0.0329042
0 0.883511 0.982715 0.0441443 0.0334103
0 0.978169 0.676191 0.00631752 0.0232439
0 0.92153 0.972641 0.0277788 0.0417107
0 0.676345 0.815387 0.0163402 0.0188029
14 0.996283 0.811776 0.00701408 0.0201945
0 0.391314 0.774089 0.00766792 0.0146857
0 0.712038 0.831302 0.0253773 0.0317766
0 0.00578961 0.978975 0.0115161 0.0179555
8 0.0670141 0.74802 0.021867 0.0137739
0 0.90515 0.972544 0.0374512 0.0416819
0 0.43733 0.914018 0.0174387 0.0364877
0 0.0613378 0.734003 0.00512328 0.0142073
0 0.109676 0.981242 0.0216591 0.0246296
0 0.391276 0.820081 0.0187591 0.0620385
0 0.694889 0.793499 0.0109744 0.0508121
0 0.439986 0.916638 0.0119021 0.0296065
0 0.853518 0.829967 0.0198977 0.0368913
0 0.914801 0.972939 0.0126652 0.0389275
0 0.912099 0.973178 0.0445875 0.0436242
0 0.895829 0.976156 0.068108 0.0458018
0 0.738647 0.782488 0.00523949 0.0407576
0 0.577029 0.875834 0.0341087 0.0139342
8 0.0121183 0.753032 0.0240405 0.0139065
8 0.971908 0.693813 0.0292446 0.014469
0 0.103986 0.983396 0.065462 0.0292904
8 0.303099 0.71315 0.0270452 0.010191
37 0.102446 0.994247 0.061762 0.0087894
0 0.807877 0.696969 0.00483017 0.0169108
8 0.283733 0.730933 0.0119053 0.0085022
0 0.135929 0.7377 0.0149797 0.010013
0 0.0620127 0.741503 0.0213995 0.0254805
8 0.266933 0.738276 0.0117303 0.0122572
8 0.165509 0.565255 0.0795896 0.0174086
0 0.725518 0.7848 0.0113841 0.0545744
0 0.740239 0.781568 0.00617361 0.039467
0 0.131603 0.737046 0.00564184 0.00922919
0 0.15427 0.73056 0.00474381 0.00887519
8 0.39574 0.773934 0.0177736 0.0149011
0 0.872545 0.845652 0.0148991 0.0157633
0 0.00927263 0.97902 0.0184411 0.0193939
0 0.508506 0.729482 0.00973568 0.0117974
0 0.283692 0.726319 0.0127412 0.0179026
0 0.979183 0.673361 0.00768509 0.0260137
0 0.772349 0.812613 0.00914345 0.0146762
0 0.729615 0.783588 0.0139638 0.0535465
0 0.860408 0.794961 0.00733357 0.0130581
37 0.00630744 0.750836 0.0123516 0.0100033
8 0.0123203 0.756354 0.0241489 0.016698
0 0.0629372 0.73919 0.00732086 0.0250495
0 0.959533 0.850207 0.0105801 0.0366911
0 0.434236 0.762945 0.00417194 0.00829993
0 0.769603 0.812711 0.0128601 0.0145538
37 0.971909 0.692956 0.0293522 0.0140155
0 0.89138 0.673368 0.00589848 0.0104455
0 0.853046 0.834571 0.0227242 0.0316196
37 0.0953535 0.994184 0.0470635 0.00767381
0 0.508741 0.730716 0.0114818 0.0144728
0 0.99606 0.812491 0.0074192 0.0213704
0 0.391328 0.832276 0.0190173 0.0881326
0 0.506439 0.729782 0.00881825 0.0135006
0 0.154648 0.732094 0.00623026 0.0118364
24 0.153583 0.98333 0.0172934 0.0127526
8 0.0692731 0.749476 0.0185367 0.0109039
14 0.254754 0.397887 0.00939951 0.0106011
0 0.695972 0.776805 0.0071701 0.0326089
0 0.429041 0.913965 0.034553 0.0394792
14 0.0547091 0.739254 0.00810099 0.0107747
0 0.435908 0.908408 0.0249163 0.0483012
0 0.862671 0.845824 0.0352943 0.0161399
14 0.95598 0.663689 0.00499096 0.00826306
0 0.133778 0.73879 0.0200896 0.0108259
0 0.978803 0.663446 0.00731545 0.00966424
0 0.8567 0.795584 0.0176678 0.0126753
37 0.852994 0.846942 0.0262772 0.0127903
0 0.835596 0.696144 0.00456963 0.0140332
0 0.973786 0.671038 0.00565853 0.0168376
0 0.697386 0.792763 0.0146244 0.052926
8 0.303272 0.709635 0.0279879 0.0169557
0 0.540634 0.846311 0.00834389 0.0293544
0 0.393792 0.775811 0.0138256 0.017463
0 0.96667 0.650349 0.0062355 0.0142224
0 0.0583394 0.736734 0.0150539 0.0203771
0 0.125732 0.98543 0.0290315 0.0224536
0 0.121722 0.986372 0.019305 0.0222687
8 0.397458 0.771357 0.0215473 0.0203469
0 0.0065203 0.746511 0.0122323 0.0178914
0 0.738003 0.784516 0.0128412 0.0478767
0 0.864617 0.83298 0.0317226 0.0404907
0 0.156604 0.733191 0.0104888 0.0135669
0 0.77581 0.812831 0.0150667 0.0164246
8 0.396439 0.776263 0.0211408 0.0175208
0 0.818533 0.814188 0.0111633 0.0126828
8 0.064868 0.740355 0.0268362 0.0295431
0 0.779132 0.815418 0.00892 0.0114039
0 0.398174 0.768203 0.0218051 0.0250932
0 0.895538 0.975368 0.021763 0.0282769
