0 0.642638 0.798549 0.0107775 0.056779
0 0.435041 0.893205 0.0178696 0.0804218
0 0.727598 0.787073 0.00964766 0.0489122
0 0.554653 0.81819 0.0106651 0.0496494
0 0.598567 0.808054 0.00982342 0.0561303
0 0.796448 0.775968 0.00842686 0.0490814
0 0.842929 0.767099 0.00862312 0.0472466
0 0.391034 0.818183 0.0181517 0.0575587
0 0.718375 0.830209 0.0141056 0.031594
0 0.452337 0.834596 0.0107877 0.0659576
0 0.831209 0.835267 0.0186701 0.0328786
0 0.4593 0.827711 0.00814934 0.0547238
0 0.114374 0.983287 0.0332098 0.0274594
0 0.688101 0.794717 0.0092742 0.0448995
0 0.701905 0.793538 0.0122257 0.0470106
0 0.960423 0.749258 0.00680351 0.0361199
0 0.67774 0.79148 0.00746708 0.0368547
0 0.0171968 0.753118 0.0084024 0.0177889
0 0.483345 0.858642 0.0384075 0.0219152
0 0.856408 0.82995 0.0139664 0.0329
0 0.0604848 0.741596 0.00532482 0.0194987
0 0.938135 0.726556 0.00752792 0.0194519
0 0.974056 0.76258 0.0195911 0.0275818
0 0.883757 0.979414 0.0456497 0.0396874
0 0.00594175 0.97779 0.0118184 0.0208147
0 0.954462 0.849104 0.0207281 0.0372026
37 0.198197 0.916461 0.0451119 0.0311844
0 0.354971 0.98919 0.0149677 0.0216198
0 0.853033 0.830497 0.0210896 0.0353899
37 0.0220621 0.938629 0.0441241 0.0310866
37 0.324624 0.716788 0.0131634 0.0129228
0 0.696654 0.79386 0.0076807 0.0461095
0 0.921341 0.972857 0.0266359 0.0417755
0 0.474803 0.858483 0.019998 0.0212528
0 0.452027 0.760406 0.00404892 0.0151047
0 0.361266 0.775477 0.0081912 0.013562
0 0.853018 0.697219 0.00524101 0.0194078
0 0.895045 0.975252 0.0675442 0.0466556
0 0.947935 0.85169 0.0327675 0.0421417
0 0.907289 0.97291 0.0445522 0.0423482
37 0.853189 0.848292 0.0249332 0.00916511
0 0.995869 0.813454 0.00785313 0.0161058
0 0.694853 0.794652 0.00793571 0.0455878
0 0.293363 0.725038 0.0119421 0.0115453
8 0.927772 0.681226 0.0245178 0.0235346
8 0.152778 0.736861 0.0472955 0.0178626
0 0.276318 0.725922 0.00425634 0.0153973
0 0.773008 0.813572 0.0211655 0.0173431
37 0.0993547 0.994185 0.055272 0.00852051
0 0.676557 0.815658 0.0184017 0.0181875
0 0.972543 0.672375 0.00586033 0.0173935
0 0.32012 0.715935 0.00647192 0.0146101
0 0.697537 0.794404 0.0115578 0.0480337
0 0.578014 0.875229 0.0340251 0.0151917
0 0.0790733 0.747503 0.00336965 0.00802494
8 0.441862 0.761052 0.022961 0.013815
0 0.917153 0.972349 0.0157898 0.0410472
0 0.457596 0.833392 0.0111287 0.0652056
0 0.31787 0.716095 0.00768175 0.0161792
37 0.397466 0.83824 0.0332387 0.0185123
0 0.769646 0.813176 0.0139762 0.0171434
0 0.489529 0.723953 0.00907288 0.00948537
0 0.101586 0.983623 0.0577785 0.0274858
37 0.577912 0.875014 0.0335482 0.0148275
0 0.0638392 0.743024 0.0123654 0.0221015
0 0.00867352 0.977908 0.0172719 0.0219598
0 0.778977 0.816416 0.00990944 0.0131446
0 0.882589 0.984547 0.0430298 0.0296963
37 0.852548 0.845181 0.022319 0.011378
0 0.827582 0.835394 0.0125265 0.0313805
37 0.938334 0.863424 0.019322 0.0213287
0 0.449889 0.826307 0.00904293 0.0489136
0 0.294737 0.727022 0.0164895 0.00821991
37 0.0242415 0.760703 0.0244784 0.00757243
37 0.853229 0.837105 0.0231022 0.0237808
37 0.0646062 0.749371 0.010532 0.0100708
0 0.854156 0.695332 0.00874252 0.0233493
0 0.768704 0.814068 0.0234074 0.0187588
37 0.58546 0.913898 0.0475754 0.0115626
0 0.675243 0.813262 0.0167845 0.0241302
8 0.324434 0.716754 0.015185 0.0137639
24 0.153424 0.983509 0.0185103 0.0129791
37 0.94839 0.863929 0.0392443 0.0226522
0 0.293001 0.723051 0.0116336 0.01415
37 0.859608 0.847043 0.0379452 0.0132112
0 0.961829 0.74921 0.00949631 0.0381975
0 0.832578 0.697275 0.00786247 0.0142889
37 0.944989 0.860712 0.0326996 0.0265015
0 0.436858 0.912094 0.0136873 0.0431515
8 0.831553 0.697661 0.0211695 0.0151538
0 0.931094 0.680043 0.0186424 0.0219581
37 0.0687729 0.749643 0.0238678 0.0116937
0 0.272291 0.726789 0.0123878 0.0155121
0 0.294294 0.723864 0.017568 0.0133759
8 0.293752 0.730906 0.0198643 0.00752191
0 0.995702 0.801634 0.0081522 0.0404387
37 0.0307298 0.761793 0.0351582 0.00891791
0 0.77478 0.813505 0.0311377 0.0191461
0 0.872563 0.845748 0.0147449 0.0147439
8 0.976984 0.674754 0.0297226 0.013659
8 0.980844 0.724555 0.0379578 0.017308
0 0.832661 0.699118 0.0053093 0.0161769
37 0.706023 0.842688 0.0116184 0.00922173
0 0.130245 0.982608 0.064403 0.0270772
0 0.944862 0.858637 0.0325155 0.0305528
0 0.0232947 0.753783 0.0223094 0.0199361
37 0.593548 0.913505 0.0624722 0.0122474
37 0.957683 0.865937 0.0603058 0.0171555
8 0.988405 0.724092 0.0227615 0.0157035
0 0.11473 0.975367 0.0340615 0.0429523
8 0.982591 0.675044 0.0155483 0.0109549
8 0.99522 0.674141 0.00890045 0.0101479
8 0.0657186 0.752253 0.017556 0.0094479
0 0.153558 0.983468 0.0187008 0.0136332
37 0.604058 0.913846 0.0422499 0.0113013
0 0.779422 0.833374 0.142877 0.0391191
