0 0.285114 0.90363 0.022066 0.0791951
0 0.379394 0.844761 0.0128007 0.0678843
0 0.452657 0.834454 0.012627 0.0666199
0 0.636359 0.80533 0.00932522 0.0474304
0 0.842866 0.764529 0.0084219 0.0414747
0 0.797297 0.774658 0.009126 0.0496065
0 0.562591 0.811763 0.0118122 0.0562144
0 0.702429 0.792226 0.0110652 0.0481598
0 0.718466 0.82951 0.0143562 0.0326314
0 0.519404 0.820421 0.0125153 0.0566671
0 0.728993 0.787165 0.00878229 0.0473623
0 0.5542 0.817516 0.00849648 0.0458681
0 0.688708 0.794137 0.00983715 0.0465903
0 0.831318 0.834985 0.0167639 0.0325853
0 0.737184 0.784721 0.00957108 0.0501682
0 0.956872 0.848154 0.0156803 0.0356929
0 0.114534 0.9828 0.031245 0.0243739
0 0.948557 0.850369 0.0155422 0.0372138
0 0.653628 0.808578 0.00682364 0.0362996
0 0.853623 0.834152 0.0204868 0.0284015
37 0.198399 0.91629 0.0442314 0.0303903
0 0.977456 0.733259 0.00722656 0.0278853
0 0.355164 0.9894 0.0148849 0.0212003
0 0.475022 0.856723 0.0192896 0.024667
0 0.953247 0.849595 0.0224112 0.038118
0 0.971626 0.762312 0.0133629 0.0270891
0 0.890969 0.976831 0.0600233 0.0441742
0 0.928711 0.728299 0.00818138 0.0235723
37 0.0221847 0.93846 0.0443694 0.029773
0 0.904626 0.973262 0.0384363 0.0384377
0 0.92749 0.743612 0.010371 0.0542552
0 0.577784 0.875081 0.0324896 0.0155223
0 0.0590228 0.729152 0.0061161 0.0137539
0 0.926333 0.754111 0.0086792 0.0400687
0 0.00576048 0.975501 0.0114509 0.026196
0 0.676192 0.815474 0.0169041 0.0186734
0 0.556033 0.816248 0.0120497 0.0522581
0 0.974187 0.762255 0.0187807 0.0278636
8 0.264438 0.729448 0.0157778 0.0142225
0 0.883048 0.984073 0.0441761 0.0298565
0 0.39111 0.831885 0.0177401 0.0844204
0 0.943001 0.852254 0.0264208 0.0404148
0 0.914896 0.671056 0.00606766 0.0117449
14 0.0803783 0.754979 0.00672164 0.0129706
0 0.540655 0.84919 0.00690994 0.0280596
0 0.910955 0.974386 0.0472134 0.0413074
37 0.0972493 0.994173 0.0498131 0.00804477
0 0.940522 0.674273 0.00616932 0.0215642
0 0.50258 0.75623 0.00656338 0.0137268
37 0.936899 0.866901 0.0174749 0.0139984
0 0.391297 0.811712 0.0174069 0.0435574
0 0.715564 0.829804 0.0205767 0.0333991
0 0.10634 0.984139 0.0484057 0.0267107
0 0.483826 0.856859 0.0387791 0.0247531
0 0.922374 0.973589 0.0262424 0.0392183
33 0.391222 0.812073 0.0175013 0.044013
0 0.0376163 0.741334 0.00816395 0.0178009
0 0.853176 0.836365 0.0257492 0.0327206
0 0.917411 0.972325 0.0157825 0.0366714
0 0.865026 0.695647 0.00604515 0.0176934
0 0.834423 0.8352 0.0238205 0.0332201
0 0.914781 0.972169 0.0103437 0.0367549
8 0.342991 0.723035 0.0346395 0.0177948
0 0.786837 0.813917 0.0345864 0.0191757
0 0.288305 0.738289 0.00987539 0.0158503
0 0.00852957 0.97568 0.0169364 0.0275191
0 0.991727 0.670991 0.00683517 0.0172355
0 0.0614083 0.729819 0.0131671 0.0138167
14 0.99628 0.816334 0.00703144 0.011319
25 0.391159 0.811489 0.0175544 0.0422333
0 0.95148 0.659743 0.00409164 0.0147259
0 0.119669 0.983932 0.0410148 0.0249264
0 0.941893 0.671591 0.00598755 0.0260202
37 0.0620528 0.730812 0.0124985 0.0116862
8 0.899062 0.684098 0.0118408 0.014399
0 0.860577 0.794563 0.00554504 0.0136431
0 0.898859 0.975957 0.0340706 0.035296
0 0.923584 0.680723 0.00649452 0.00817769
0 0.996043 0.807569 0.00750484 0.0288829
0 0.959904 0.672395 0.00639153 0.0211682
24 0.153415 0.983648 0.0180325 0.012736
0 0.592809 0.907424 0.0624474 0.0231957
37 0.946933 0.868025 0.0375244 0.0143239
0 0.771928 0.813225 0.0187741 0.0173262
0 0.775698 0.813598 0.0163494 0.018594
0 0.772461 0.812773 0.00978251 0.016802
8 0.987836 0.662966 0.0240643 0.0329598
37 0.956718 0.867624 0.0608076 0.0140137
0 0.110141 0.983697 0.0298029 0.022228
0 0.779827 0.814356 0.0351793 0.0203749
8 0.00344859 0.751833 0.00684598 0.0127487
0 0.978875 0.771398 0.0097847 0.0093238
8 0.284523 0.766434 0.0184931 0.0153152
0 0.768486 0.813211 0.0118362 0.0167111
0 0.284334 0.766465 0.0179447 0.0152066
0 0.865707 0.685801 0.00547524 0.0105331
37 0.593882 0.912058 0.0602087 0.0138511
0 0.777834 0.815093 0.0118649 0.0159346
0 0.852962 0.842427 0.0249004 0.0214791
37 0.860716 0.846187 0.0388329 0.0158591
0 0.484329 0.856373 0.0273836 0.0244458
0 0.515627 0.719695 0.00762978 0.00962982
37 0.949494 0.856703 0.0405628 0.0356771
0 0.996109 0.81658 0.00730515 0.0134115
8 0.264529 0.732143 0.0159837 0.0156021
14 0.342233 0.771185 0.00688052 0.00954861
0 0.872529 0.845643 0.0144199 0.0148358
0 0.968516 0.762599 0.0204689 0.0282088
0 0.855792 0.79546 0.0156687 0.0126746
0 0.577752 0.871184 0.0331066 0.0235664
37 0.594221 0.907216 0.0600952 0.0214227
37 0.96496 0.86329 0.0437267 0.00970662
37 0.708559 0.843772 0.0142096 0.00747545
0 0.510327 0.720848 0.0181944 0.0126244
0 0.856392 0.836604 0.0447828 0.0377045
