0 0.453058 0.834002 0.0125493 0.0674879
0 0.478907 0.827256 0.0164677 0.0599113
0 0.264611 0.867378 0.0114019 0.054677
0 0.953621 0.848801 0.0221848 0.0428877
0 0.698492 0.795954 0.00916472 0.0431098
0 0.526797 0.777961 0.00822859 0.0259542
0 0.991996 0.736174 0.00922756 0.048978
0 0.843491 0.763312 0.00711212 0.0429701
0 0.874515 0.757245 0.00818138 0.037971
0 0.95924 0.744013 0.0107052 0.0477798
0 0.5136 0.781011 0.00792408 0.0225718
0 0.850861 0.765266 0.00947151 0.0424901
0 0.422632 0.909692 0.0190861 0.0499235
0 0.943538 0.740863 0.00878449 0.0303847
0 0.684975 0.796028 0.00956812 0.0415397
0 0.830086 0.770038 0.00885735 0.0374868
0 0.796616 0.775915 0.00836582 0.0489504
0 0.830745 0.834552 0.0161095 0.0320913
0 0.790075 0.774412 0.00868015 0.0454929
0 0.717167 0.830783 0.0120241 0.0314363
0 0.775392 0.777053 0.00676451 0.0491425
0 0.114585 0.983863 0.0304324 0.0202089
0 0.290733 0.75084 0.00751219 0.0174445
0 0.803958 0.769682 0.00640106 0.0307978
0 0.929341 0.731283 0.00918808 0.0286491
8 0.198055 0.915355 0.0452991 0.0317702
0 0.00908912 0.743983 0.00666578 0.0188277
0 0.901609 0.752069 0.00804958 0.0446282
0 0.783164 0.695347 0.00621719 0.0132917
0 0.301953 0.739962 0.00747886 0.0136107
8 0.580266 0.743125 0.0667746 0.0214561
0 0.854481 0.829196 0.0204519 0.037775
0 0.995674 0.811138 0.00824242 0.0223763
0 0.76537 0.696225 0.00695038 0.0154271
0 0.678227 0.815627 0.0211705 0.0184099
0 0.917325 0.972708 0.0180382 0.039582
0 0.371623 0.738185 0.00841155 0.0113603
8 0.0709301 0.74761 0.0294259 0.0165005
0 0.00793785 0.745187 0.00962893 0.0220713
0 0.714282 0.831247 0.0210089 0.0317649
0 0.883351 0.979973 0.0459236 0.0383686
0 0.354629 0.989171 0.0148703 0.0216587
0 0.476182 0.797538 0.0105206 0.025611
0 0.857562 0.828603 0.0136189 0.0359538
37 0.197802 0.915162 0.0444225 0.0309387
0 0.906142 0.97308 0.0405293 0.0409131
0 0.391545 0.817576 0.0169012 0.0554186
0 0.331479 0.709231 0.00654717 0.0145048
8 0.0744831 0.747721 0.0212235 0.0157867
0 0.895408 0.976206 0.0697197 0.0464184
0 0.475509 0.807797 0.0118157 0.0485172
0 0.84718 0.763807 0.0127819 0.0439548
25 0.0223156 0.938464 0.044488 0.0300035
8 0.142525 0.738092 0.061999 0.0168284
0 0.974479 0.666956 0.00806122 0.038657
0 0.104491 0.985591 0.0526369 0.0231896
0 0.774673 0.773427 0.00622902 0.0405145
0 0.290001 0.751581 0.0101987 0.0173713
37 0.0994937 0.99389 0.0554588 0.00856272
0 0.577044 0.87534 0.0339432 0.0154577
8 0.0222031 0.938165 0.0444062 0.0292426
0 0.9216 0.973866 0.0268047 0.0419686
8 0.00672923 0.750099 0.0133234 0.0146027
0 0.476522 0.800381 0.0125753 0.0363912
0 0.799126 0.776123 0.0134179 0.0478702
8 0.774559 0.696415 0.0265308 0.0182767
0 0.770071 0.812743 0.0160545 0.0161207
0 0.119776 0.985217 0.0399289 0.0213969
0 0.42263 0.898251 0.015378 0.0267514
0 0.78842 0.775115 0.0113174 0.0478244
0 0.779046 0.776222 0.0144584 0.0485168
8 0.306905 0.750627 0.0249906 0.0125241
8 0.506331 0.516831 0.0379107 0.014167
8 0.367292 0.763117 0.0580099 0.0180528
0 0.95892 0.848157 0.0120914 0.039054
0 0.974996 0.770056 0.0197475 0.0133721
0 0.00683529 0.744922 0.0135872 0.0216246
8 0.301597 0.751794 0.0369318 0.0170156
8 0.15761 0.736173 0.0160831 0.00912255
0 0.707415 0.831964 0.0352594 0.0327306
8 0.915481 0.67621 0.00794182 0.0142465
0 0.540505 0.850412 0.00731363 0.0331448
8 0.289169 0.750919 0.0142179 0.018424
0 0.111625 0.981482 0.0245439 0.023032
0 0.77278 0.812891 0.0204916 0.0174881
8 0.892682 0.675191 0.05271 0.0161975
0 0.203035 0.728209 0.00702291 0.0105235
0 0.171436 0.7352 0.0068851 0.00884128
8 0.324484 0.711206 0.0306755 0.0178867
0 0.00572776 0.982367 0.0113875 0.0117764
0 0.976363 0.655533 0.00598831 0.024168
0 0.302196 0.739829 0.00986967 0.0156915
8 0.845347 0.833936 0.0467491 0.0390764
0 0.975092 0.76323 0.01889 0.0262417
8 0.322941 0.712046 0.027738 0.0125387
8 0.774113 0.701286 0.0285831 0.0132407
0 0.995713 0.660702 0.00485802 0.011412
0 0.514405 0.780944 0.0109804 0.0243425
8 0.297168 0.750859 0.0278658 0.0183119
8 0.326063 0.715808 0.0329671 0.0109626
0 0.972948 0.752756 0.00558758 0.00681356
8 0.161862 0.735605 0.0261568 0.0106976
8 0.324049 0.714674 0.0288607 0.0090349
0 0.99498 0.661129 0.00421162 0.0126453
0 0.956177 0.738547 0.00700111 0.0275638
0 0.879773 0.984498 0.0386562 0.0298169
8 0.95236 0.865904 0.0448364 0.0170268
26 0.935954 0.865521 0.0117004 0.0160553
0 0.425516 0.909242 0.0263612 0.0518019
8 0.973739 0.578509 0.0520672 0.0133987
0 0.681255 0.799049 0.0179658 0.0477971
8 0.882501 0.676531 0.0381001 0.0139906
8 0.331734 0.709849 0.00822125 0.0162404
0 0.90866 0.975866 0.0569382 0.0446381
0 0.374429 0.737931 0.0150703 0.0117327
0 0.423069 0.922901 0.0207602 0.0246124
0 0.903334 0.6795 0.00658073 0.0132099
0 0.947317 0.85117 0.0344797 0.0458811
0 0.779275 0.816281 0.00796032 0.0101873
37 0.693759 0.841561 0.0335547 0.0147842
37 0.984152 0.708393 0.0311867 0.011922
0 0.859326 0.829316 0.0148079 0.0412988
0 0.679621 0.801393 0.0238985 0.0476532
0 0.833335 0.834357 0.0226723 0.0342234
0 0.00585155 0.978201 0.0116039 0.0203169
0 0.473497 0.81797 0.00710945 0.0321723
8 0.677687 0.571333 0.0574535 0.0122211
0 0.871067 0.675938 0.0058239 0.00907559
8 0.852623 0.847083 0.0257814 0.0115355
8 0.00692634 0.744164 0.0137376 0.0244183
