0 0.241978 0.904583 0.0229004 0.0779097
0 0.453604 0.833472 0.0106028 0.067019
0 0.623585 0.808573 0.00908985 0.0522795
0 0.79657 0.775002 0.0082861 0.0484382
0 0.53889 0.81669 0.013223 0.0608504
0 0.554872 0.819316 0.0105179 0.0481388
0 0.363423 0.848607 0.0137777 0.060051
0 0.831249 0.835163 0.0168839 0.0323361
0 0.70254 0.791899 0.0104155 0.0474057
0 0.741757 0.782907 0.00868568 0.0511542
0 0.843314 0.765665 0.00767899 0.0451964
0 0.496327 0.825229 0.0123606 0.057319
0 0.7326 0.786094 0.00899935 0.0464035
0 0.114425 0.982767 0.0323691 0.0256475
0 0.689063 0.795436 0.0103981 0.0461453
0 0.718407 0.830026 0.0132288 0.0317603
0 0.64095 0.811154 0.00798187 0.034825
0 0.956415 0.847476 0.0163544 0.0339088
0 0.906399 0.972583 0.0405655 0.0391915
0 0.931234 0.727692 0.00756512 0.0219608
0 0.918259 0.749242 0.00784245 0.0362795
0 0.355456 0.98932 0.0140857 0.0213596
37 0.198966 0.916015 0.045891 0.0311625
0 0.475712 0.858199 0.0179276 0.0212941
37 0.0220621 0.938967 0.0441243 0.0292887
0 0.897307 0.683607 0.00740128 0.0147393
0 0.0216402 0.734108 0.0102443 0.0321428
0 0.548713 0.759162 0.00928516 0.0181325
0 0.855139 0.834622 0.0153294 0.0250719
8 0.268541 0.71321 0.0180629 0.0128537
0 0.996178 0.813415 0.00723858 0.0167711
0 0.852174 0.835122 0.0227209 0.028027
0 0.883747 0.980275 0.0450157 0.0378174
0 0.715635 0.830158 0.0186642 0.0331529
0 0.462991 0.758886 0.010572 0.0155997
8 0.366726 0.720867 0.0345603 0.017867
0 0.946946 0.849889 0.0341869 0.0383241
0 0.966244 0.739406 0.00790977 0.0343998
0 0.63569 0.811248 0.0181813 0.0355774
0 0.287703 0.735174 0.00676975 0.0160536
0 0.893742 0.975169 0.0646374 0.0448561
0 0.871873 0.69444 0.00734329 0.012758
0 0.678083 0.815519 0.0153811 0.018001
0 0.917692 0.972189 0.016888 0.0379581
0 0.974389 0.767395 0.0191944 0.0187798
0 0.484605 0.858343 0.0353393 0.0218604
0 0.391512 0.82835 0.0182501 0.0785661
8 0.360642 0.720462 0.0471746 0.0192646
8 0.257713 0.713753 0.0402454 0.0144594
37 0.0961269 0.994526 0.0497906 0.00830299
37 0.715036 0.789945 0.0239104 0.0162543
0 0.967688 0.741553 0.0102032 0.0392415
0 0.548255 0.760829 0.011898 0.0209337
0 0.769798 0.813215 0.0146758 0.0151004
8 0.537009 0.765872 0.0452114 0.0182387
0 0.00223364 0.976226 0.00442383 0.0231393
0 0.773379 0.813701 0.0211529 0.0158544
0 0.974805 0.771301 0.0182762 0.0113507
8 0.561338 0.76184 0.0966128 0.0252597
0 0.00556743 0.97603 0.0111222 0.0257685
0 0.686828 0.783217 0.00633125 0.0236328
0 0.861975 0.83653 0.0359638 0.0319451
0 0.0994226 0.983419 0.0618342 0.0264937
8 0.593238 0.756479 0.0423641 0.0221066
0 0.844004 0.8358 0.0416248 0.0328391
0 0.993018 0.670052 0.0063551 0.0235276
8 0.0195457 0.751989 0.0384604 0.0279168
0 0.960643 0.669953 0.00372505 0.0129159
0 0.878231 0.984763 0.034132 0.0293677
0 0.994754 0.669695 0.00910492 0.0241767
0 0.89552 0.973295 0.0190935 0.0252068
37 0.587892 0.912191 0.0534688 0.014288
0 0.712793 0.832349 0.0237402 0.0317881
37 0.576718 0.875146 0.0335634 0.0134372
0 0.940865 0.675049 0.00701561 0.0174839
0 0.870542 0.692495 0.0100857 0.0169802
0 0.479966 0.858048 0.022716 0.0214956
0 0.897457 0.686683 0.00804901 0.0206733
24 0.153507 0.983527 0.0176274 0.0124149
0 0.996338 0.665312 0.00635757 0.0207367
0 0.969865 0.750173 0.0126831 0.0224809
8 0.368373 0.723962 0.03087 0.0123617
33 0.391399 0.829534 0.0180808 0.0799316
0 0.946421 0.859106 0.0346609 0.0279858
0 0.92227 0.973323 0.0273857 0.040675
0 0.984326 0.654227 0.00615921 0.0187615
0 0.856785 0.836234 0.0462784 0.035444
0 0.363794 0.838333 0.0129091 0.041027
37 0.0244894 0.752906 0.0264091 0.0176402
0 0.973102 0.763793 0.0172089 0.0260902
0 0.873368 0.693492 0.0153704 0.0155943
8 0.547592 0.766153 0.059164 0.0200658
8 0.552113 0.763535 0.0500101 0.0156023
0 0.994794 0.813607 0.0100369 0.0174032
8 0.286775 0.737458 0.0162716 0.0194644
37 0.950121 0.866715 0.0425297 0.0152044
0 0.577356 0.875583 0.03349 0.0133013
0 0.859705 0.842843 0.0410049 0.0221015
8 0.944911 0.859144 0.0325115 0.0260654
37 0.591904 0.913947 0.0438658 0.0104336
0 0.357554 0.838629 0.00576921 0.0325911
0 0.923207 0.677753 0.00517235 0.0230835
37 0.270868 0.768251 0.0212666 0.00999586
0 0.00301726 0.972961 0.00597849 0.0300988
0 0.872598 0.845558 0.0145813 0.0149926
0 0.00185557 0.7382 0.00362415 0.00878771
0 0.547326 0.764306 0.0152947 0.020163
8 0.150082 0.742758 0.0263504 0.0172774
8 0.0200445 0.754203 0.0348291 0.0166297
0 0.708325 0.831906 0.0342207 0.0336429
33 0.391477 0.813559 0.0164831 0.0436052
0 0.00974849 0.976162 0.0193193 0.029382
0 0.358884 0.836703 0.00783367 0.0391537
37 0.956048 0.861169 0.0290918 0.0140961
8 0.0951737 0.747657 0.019194 0.0141266
8 0.0399809 0.764116 0.0201912 0.00738491
37 0.605493 0.808269 0.0295359 0.0098721
0 0.922176 0.670366 0.00661221 0.0116316
