0 0.453235 0.833995 0.01232 0.0677541
0 0.481451 0.830406 0.014691 0.0643372
0 0.20135 0.874514 0.0110401 0.0542118
0 0.6981 0.795082 0.00951414 0.0469152
0 0.810988 0.774331 0.00903091 0.0442491
0 0.953363 0.849015 0.022522 0.0424177
0 0.424014 0.911183 0.0187452 0.0477037
0 0.677455 0.7921 0.00893288 0.0357903
0 0.981827 0.740396 0.010453 0.0483653
0 0.776869 0.779095 0.0084568 0.0451742
0 0.825437 0.770659 0.00968552 0.0398095
0 0.514728 0.778828 0.00851679 0.0247342
0 0.717224 0.830261 0.0145897 0.0314548
0 0.788258 0.776846 0.00942116 0.0472144
0 0.76541 0.696732 0.00741396 0.0174795
0 0.830351 0.834504 0.0181362 0.0330007
0 0.855444 0.831088 0.0164017 0.032569
0 0.844067 0.760919 0.00998688 0.0381622
0 0.115159 0.983469 0.0313009 0.0209586
0 0.865348 0.760091 0.00760612 0.0396827
0 0.354929 0.989206 0.0148883 0.0215881
0 0.908858 0.743979 0.00867958 0.0269374
0 0.493639 0.807293 0.0116665 0.0425937
8 0.19918 0.915851 0.045341 0.0317285
0 0.782779 0.696651 0.00623379 0.0171358
0 0.969094 0.737502 0.00906906 0.0394257
0 0.940156 0.746743 0.0109413 0.0449334
0 0.883348 0.980694 0.0446621 0.0366706
0 0.995628 0.813675 0.00832405 0.018241
0 0.778517 0.778959 0.0119701 0.0461616
0 0.90722 0.973411 0.0432838 0.0398329
0 0.783078 0.77907 0.00731888 0.0442781
0 0.852453 0.832462 0.0222839 0.0350143
0 0.0089319 0.747696 0.00849073 0.0164948
0 0.391462 0.81389 0.0164948 0.0465137
37 0.199244 0.915797 0.0456484 0.0320241
0 0.00599562 0.981869 0.0119304 0.0122986
0 0.921369 0.97345 0.0259275 0.0407447
0 0.714529 0.830807 0.0206065 0.0321289
0 0.540586 0.849386 0.00705729 0.026123
0 0.886836 0.766071 0.00672607 0.0285095
0 0.895818 0.975888 0.0690475 0.0445601
37 0.0977212 0.994198 0.0503267 0.00818007
0 0.959537 0.74259 0.00629425 0.028785
0 0.330273 0.714505 0.00589638 0.0143114
0 0.917951 0.972802 0.0182339 0.0394494
37 0.0220858 0.938801 0.0441717 0.0304528
0 0.365047 0.731845 0.00714731 0.0128482
0 0.57775 0.875728 0.0326266 0.0146769
37 0.103515 0.992738 0.0617562 0.0103836
0 0.424078 0.92024 0.018079 0.0305862
0 0.948277 0.850394 0.0321159 0.0459717
0 0.296499 0.754248 0.00938039 0.0227425
0 0.106558 0.98522 0.0577128 0.0242544
8 0.96818 0.686334 0.0631989 0.0282874
0 0.880554 0.984856 0.0390179 0.0287484
0 0.296762 0.736106 0.0105994 0.0118673
0 0.888592 0.766437 0.0102377 0.0287944
0 0.676089 0.815399 0.0161163 0.0196396
8 0.36703 0.733944 0.0124315 0.0124485
0 0.119951 0.984813 0.0393621 0.0214437
0 0.836534 0.835004 0.0272682 0.0344289
25 0.0220859 0.938763 0.0440254 0.0306441
0 0.675837 0.79983 0.0133179 0.0510317
8 0.0220283 0.938536 0.0440364 0.0302962
0 0.0587612 0.750978 0.00471671 0.00789083
0 0.366866 0.732728 0.0136371 0.0150655
8 0.368436 0.735291 0.0171122 0.0106839
37 0.684414 0.819297 0.0321971 0.0111009
8 0.364143 0.735038 0.0201445 0.0114461
0 0.705894 0.831493 0.0381479 0.0331345
8 0.486513 0.780351 0.0269096 0.0190587
14 0.952504 0.661125 0.00671635 0.0104209
0 0.577735 0.8721 0.0335653 0.0219967
24 0.153416 0.983226 0.0177795 0.0132792
0 0.841182 0.83484 0.0456032 0.0366557
8 0.849231 0.835244 0.0604385 0.0395382
8 0.0734869 0.74754 0.029971 0.0161435
37 0.424049 0.925271 0.0176804 0.0221636
0 0.911902 0.68218 0.00557537 0.0123853
0 0.911108 0.68232 0.00641289 0.0138997
0 0.00608028 0.97905 0.0119964 0.0183021
0 0.00739781 0.74707 0.012066 0.0183316
0 0.950481 0.863172 0.0314823 0.0199953
8 0.387443 0.786754 0.0306936 0.0161158
37 0.689722 0.820511 0.0237314 0.00838911
0 0.906949 0.745162 0.0122643 0.029991
0 0.874088 0.985064 0.0258972 0.0271167
37 0.948206 0.865166 0.0359533 0.0189146
0 0.872594 0.673666 0.00704441 0.0114162
0 0.995322 0.80859 0.00889015 0.0289247
0 0.980054 0.650097 0.00703049 0.0144385
0 0.204518 0.728905 0.0142608 0.00904032
4 0.557183 0.320102 0.0136248 0.00800807
37 0.422189 0.922625 0.0156229 0.0261949
0 0.872523 0.678698 0.00752354 0.0220762
0 0.488824 0.811698 0.00749149 0.0352739
0 0.897334 0.975854 0.0239738 0.0305996
0 0.515029 0.785102 0.00946007 0.0381327
37 0.936473 0.866607 0.0124126 0.0151689
8 0.968025 0.671183 0.0634521 0.0600277
8 0.0776065 0.747297 0.0217151 0.015367
0 0.389673 0.80788 0.0146125 0.0208452
8 0.967997 0.691571 0.0625086 0.0174477
0 0.0746419 0.748464 0.0129936 0.0128048
8 0.843099 0.836642 0.0457943 0.0349796
37 0.8502 0.805789 0.0359615 0.0139113
0 0.867086 0.761741 0.0107458 0.0427767
0 0.828801 0.837826 0.0165176 0.0279704
0 0.678864 0.800987 0.0156883 0.0475169
37 0.58696 0.914718 0.0487551 0.0130473
8 0.295448 0.746666 0.0156432 0.0351412
