0 0.452368 0.834178 0.012852 0.0663395
0 0.501917 0.823342 0.0117281 0.0551534
0 0.567412 0.815945 0.0106973 0.0471615
0 0.842393 0.766653 0.00812645 0.0457126
0 0.654728 0.798124 0.00981016 0.054813
0 0.796175 0.775974 0.00888615 0.0478255
0 0.830837 0.834913 0.0177525 0.0330897
0 0.953572 0.850778 0.0218269 0.0408213
0 0.939824 0.72631 0.00717716 0.0197298
0 0.718357 0.83005 0.0140748 0.0317891
0 0.745988 0.784102 0.00686798 0.0473055
0 0.981638 0.740661 0.00832863 0.0359348
0 0.71281 0.787987 0.00868301 0.0485175
0 0.114628 0.98239 0.0334442 0.0275577
0 0.271735 0.723433 0.00692015 0.0154867
37 0.022114 0.93783 0.044228 0.0285916
0 0.890397 0.975427 0.058342 0.0466653
0 0.433853 0.914362 0.0244614 0.0362016
0 0.0149069 0.748575 0.0111129 0.0166792
0 0.85475 0.829692 0.0168283 0.0340892
0 0.68669 0.791834 0.00846081 0.0522732
0 0.69136 0.796003 0.00948439 0.0446238
0 0.314438 0.71428 0.00579376 0.0182142
0 0.00559957 0.979438 0.0111219 0.017964
0 0.29106 0.721332 0.00686007 0.0178057
0 0.844819 0.698119 0.00602226 0.0198151
0 0.7065 0.79118 0.00767059 0.0448049
0 0.701395 0.792596 0.0073082 0.0453491
0 0.902574 0.9723 0.035162 0.0405806
0 0.354978 0.989112 0.0151615 0.0217753
0 0.475547 0.857849 0.0182838 0.0220866
0 0.688621 0.792015 0.0115688 0.0527598
8 0.198565 0.915535 0.0446161 0.0314562
37 0.0952958 0.994195 0.0460692 0.00796339
0 0.70999 0.789641 0.00883961 0.0450345
0 0.973792 0.762887 0.0170547 0.0277357
0 0.0647359 0.7377 0.00879403 0.0256375
0 0.423897 0.761067 0.0213113 0.0129228
37 0.198518 0.915726 0.0449383 0.0315608
0 0.106638 0.982855 0.0494652 0.0289252
0 0.391023 0.815405 0.0169081 0.0524
0 0.910617 0.97316 0.0494228 0.042304
0 0.883328 0.984836 0.044384 0.0288374
0 0.371614 0.773287 0.0119355 0.0143948
0 0.676148 0.81505 0.0156155 0.0185847
0 0.928826 0.682768 0.00555992 0.0164753
0 0.436639 0.916728 0.0185333 0.0310272
0 0.715637 0.830506 0.0204805 0.0323164
0 0.89565 0.674001 0.00680656 0.0114493
0 0.495784 0.728581 0.00735321 0.0109629
0 0.973603 0.67268 0.00545197 0.0176546
0 0.973769 0.754142 0.00570869 0.0101788
0 0.441047 0.918796 0.00989342 0.0243449
0 0.883918 0.979096 0.0453568 0.0397413
37 0.5772 0.875129 0.0333652 0.0136059
0 0.996296 0.810385 0.00700073 0.0212301
0 0.996426 0.815325 0.00673065 0.0110948
37 0.249209 0.86987 0.07257 0.0312675
0 0.160035 0.728464 0.00741887 0.0105365
0 0.484408 0.857985 0.0352716 0.022211
37 0.852515 0.848986 0.0258804 0.00923631
0 0.146757 0.740472 0.00497727 0.00699904
0 0.696034 0.794427 0.0116734 0.0445855
0 0.135181 0.741124 0.00675492 0.00812259
0 0.947207 0.67791 0.00531616 0.0141527
0 0.0794194 0.747712 0.00457705 0.00799374
37 0.826989 0.812285 0.0217422 0.012627
0 0.98256 0.664601 0.00356026 0.0155918
8 0.304545 0.717156 0.0250581 0.0112135
37 0.780946 0.77178 0.0266779 0.0114143
37 0.7512 0.783271 0.0072979 0.0133063
0 0.390887 0.831693 0.0172851 0.0862501
0 0.684621 0.801902 0.0118597 0.0386587
8 0.299871 0.715929 0.031036 0.0111345
37 0.975191 0.770932 0.0169083 0.0107897
0 0.691422 0.795259 0.0136793 0.0461236
37 0.742842 0.784482 0.0122952 0.0121501
37 0.140104 0.74039 0.0183772 0.00898692
0 0.494001 0.728518 0.0113176 0.0120483
8 0.303029 0.716437 0.00881729 0.00807919
0 0.577461 0.875673 0.0332785 0.0133865
37 0.73217 0.785746 0.0283984 0.0147956
0 0.958104 0.850918 0.0132494 0.0361184
0 0.773897 0.813559 0.022645 0.0180274
0 0.69798 0.792551 0.0157913 0.0489787
0 0.748391 0.783872 0.0125786 0.0472341
37 0.268744 0.728873 0.0126114 0.0076338
8 0.888739 0.653335 0.0363857 0.0161385
0 0.970719 0.681699 0.00719852 0.0131814
0 0.817187 0.696117 0.00626068 0.0118928
0 0.00927357 0.979746 0.0182744 0.0193853
0 0.965347 0.658864 0.00468216 0.0152935
0 0.744557 0.782559 0.0103661 0.0486357
0 0.920496 0.973354 0.0310993 0.0418852
37 0.588282 0.913452 0.0405718 0.0110914
0 0.947247 0.852992 0.0342171 0.0435494
0 0.817245 0.699521 0.00607853 0.0186797
37 0.137416 0.741536 0.0249507 0.00997908
0 0.914292 0.969906 0.00956173 0.0360782
0 0.99792 0.671639 0.00371456 0.0117444
0 0.935917 0.867093 0.0116844 0.0150052
0 0.429744 0.914697 0.0203122 0.0362325
0 0.0670109 0.748409 0.0116981 0.0124132
0 0.540994 0.84874 0.00721931 0.0270057
0 0.540551 0.845918 0.00568113 0.0214791
37 0.585415 0.912709 0.0469107 0.0137878
37 0.944056 0.736383 0.0175564 0.00757412
8 0.301057 0.716501 0.0326008 0.0169729
0 0.942211 0.67795 0.0063324 0.0134087
0 0.858474 0.691282 0.0031395 0.00799154
0 0.836881 0.835394 0.0300314 0.0339189
0 0.952488 0.863113 0.0186363 0.0180684
0 0.77059 0.812851 0.0155611 0.0167833
24 0.935944 0.867223 0.0114399 0.0153069
4 0.796561 0.239891 0.00560541 0.00717443
37 0.843708 0.847242 0.0444698 0.0131395
0 0.156853 0.728604 0.0156638 0.0119931
0 0.943098 0.677676 0.00754318 0.0149941
37 0.577449 0.878174 0.0338434 0.0144508
37 0.425107 0.923276 0.018535 0.0199387
0 0.871774 0.845285 0.0132801 0.0155948
