0 0.451599 0.834273 0.0140495 0.0664546
0 0.425695 0.836659 0.012543 0.0615821
0 0.566319 0.812956 0.0111436 0.0553896
0 0.554786 0.819237 0.00995855 0.0508111
0 0.796273 0.775725 0.00879154 0.0489283
0 0.83089 0.834883 0.0178982 0.0336375
0 0.84317 0.767305 0.00805054 0.0472046
0 0.606686 0.807124 0.013695 0.0587019
0 0.722635 0.786783 0.0111825 0.0491957
0 0.371064 0.900274 0.0207934 0.080859
0 0.661539 0.799165 0.00889282 0.0404702
0 0.717971 0.829873 0.0141075 0.0318041
0 0.114944 0.983742 0.032734 0.0262965
0 0.476505 0.85685 0.0214617 0.0254805
0 0.688828 0.794706 0.0104743 0.0450345
0 0.954403 0.850288 0.0213093 0.0396417
37 0.198357 0.915819 0.0449317 0.0315501
0 0.89387 0.975512 0.0633224 0.0451697
0 0.941209 0.745857 0.00858688 0.035889
37 0.0226996 0.93835 0.0453992 0.0295827
0 0.934435 0.728357 0.00691223 0.0246869
0 0.702514 0.791055 0.0115236 0.0473555
0 0.354977 0.989364 0.013689 0.0212713
0 0.856018 0.82979 0.0153013 0.0336122
0 0.905418 0.973125 0.0417965 0.0397254
0 0.974801 0.762878 0.0182905 0.0266179
0 0.700664 0.791246 0.00969353 0.0480048
37 0.730857 0.792066 0.0155872 0.00922546
0 0.35181 0.773195 0.00712223 0.0116455
37 0.728971 0.792985 0.0200413 0.0109012
0 0.676807 0.811158 0.0125824 0.0257197
0 0.00692745 0.977092 0.0137933 0.0241901
0 0.85335 0.830284 0.0201843 0.0360942
0 0.0550716 0.745488 0.00607164 0.0175184
37 0.0182357 0.759447 0.0223543 0.00820211
0 0.391127 0.831802 0.0180637 0.0849109
0 0.0118958 0.753753 0.00996349 0.0146596
0 0.0724397 0.750746 0.00398114 0.00909933
0 0.00357758 0.977244 0.00710278 0.0229892
0 0.45928 0.761098 0.00470772 0.0110653
0 0.950541 0.85831 0.0158417 0.0246253
0 0.883483 0.984628 0.0447647 0.0283162
37 0.0959124 0.994287 0.047932 0.00826721
0 0.577502 0.875679 0.0321502 0.0145379
0 0.952161 0.857508 0.021277 0.0273105
37 0.172005 0.737819 0.0220659 0.00917765
0 0.715055 0.830144 0.0204733 0.0325855
0 0.908175 0.672725 0.00461655 0.0130563
0 0.995967 0.810406 0.00766163 0.0229858
0 0.972678 0.761777 0.0118557 0.0263536
0 0.856891 0.697932 0.00577888 0.0137046
37 0.314869 0.767705 0.0181742 0.0126629
37 0.852859 0.848464 0.0258081 0.00992432
0 0.283118 0.732397 0.0118007 0.0130417
0 0.171376 0.735242 0.0118487 0.0111883
0 0.314774 0.767552 0.0181034 0.0126862
0 0.679158 0.797087 0.00606594 0.0193634
0 0.280937 0.733039 0.00712771 0.012324
37 0.017508 0.756225 0.0236455 0.0135624
0 0.996118 0.815367 0.00735703 0.0130807
8 0.445179 0.748601 0.0883753 0.0239492
0 0.678 0.805241 0.0102066 0.0332072
0 0.886316 0.97757 0.0490255 0.0390761
0 0.679165 0.812271 0.0204234 0.0244447
0 0.324945 0.720881 0.0141251 0.0132412
0 0.0171091 0.755502 0.0246101 0.016429
0 0.48452 0.856658 0.037318 0.0257977
0 0.285106 0.732678 0.0176235 0.0135958
37 0.170664 0.736488 0.0198777 0.00973714
0 0.49494 0.720652 0.00752068 0.0117308
0 0.902435 0.682475 0.00587883 0.0110414
0 0.705215 0.790382 0.0100246 0.0458316
0 0.0100556 0.977354 0.0199468 0.0251784
0 0.610645 0.809189 0.00771637 0.0494073
8 0.93963 0.673667 0.023494 0.011888
24 0.153381 0.983541 0.0177482 0.0125627
37 0.588275 0.913442 0.0542761 0.0123805
25 0.391206 0.811665 0.0175259 0.0434435
0 0.447875 0.76378 0.00646477 0.0154867
0 0.848548 0.697234 0.00498009 0.0134246
0 0.0564305 0.744376 0.00791527 0.0167959
37 0.85224 0.84541 0.0230087 0.0120714
0 0.327909 0.721837 0.0226926 0.0147235
33 0.391217 0.812178 0.0173569 0.0435043
0 0.00974394 0.754237 0.0146783 0.0148826
0 0.102773 0.984716 0.060872 0.0264877
37 0.779468 0.800904 0.0584614 0.0110584
0 0.28129 0.733846 0.0115601 0.0123428
37 0.846952 0.847536 0.0380653 0.0119834
0 0.0514665 0.745865 0.0156919 0.019135
0 0.123355 0.740406 0.00552418 0.00784014
37 0.725743 0.79679 0.0268272 0.0197422
37 0.592352 0.914622 0.0427336 0.00923937
0 0.938865 0.742543 0.0130535 0.0438873
0 0.676003 0.80555 0.0151072 0.0383826
0 0.996029 0.804977 0.00750351 0.0336107
0 0.171446 0.73317 0.0110042 0.0124181
0 0.0671252 0.749904 0.0136636 0.0114105
0 0.958904 0.850422 0.0151669 0.0382916
37 0.588261 0.910855 0.0550924 0.0172377
37 0.770595 0.802976 0.0399866 0.00840658
37 0.957622 0.870125 0.0261227 0.00827298
0 0.935078 0.737624 0.00828247 0.0434126
8 0.250234 0.39691 0.00948935 0.0103476
0 0.711219 0.831065 0.0272709 0.0335297
0 0.686814 0.794848 0.0132498 0.0461948
0 0.911494 0.67383 0.00587406 0.0140766
0 0.917895 0.972692 0.0175003 0.038854
8 0.945672 0.67366 0.0113708 0.0101013
37 0.789708 0.79964 0.0770012 0.0128089
0 0.494969 0.721069 0.0114344 0.0135196
8 0.0594451 0.748465 0.0304911 0.0176965
0 0.972696 0.651922 0.00320854 0.00940976
0 0.0547747 0.747047 0.0220748 0.0180184
0 0.540708 0.849778 0.00673828 0.0267739
0 0.856916 0.702559 0.00612335 0.0225786
37 0.32801 0.723174 0.0228843 0.0130608
0 0.941026 0.748363 0.0107128 0.0427887
0 0.858785 0.794568 0.00680695 0.0137546
37 0.957365 0.866962 0.0321783 0.0117805
37 0.93503 0.865611 0.0138718 0.015488
0 0.83871 0.835429 0.0340157 0.0340885
0 0.00386054 0.973745 0.00765173 0.0308672
0 0.108064 0.987126 0.0287866 0.0195606
0 0.936689 0.740474 0.0144856 0.046246
