0 0.649075 0.798137 0.0124942 0.0586595
0 0.452258 0.834112 0.011277 0.0657608
0 0.606131 0.806862 0.011438 0.0558392
0 0.796355 0.775934 0.00810242 0.0485443
0 0.842857 0.767214 0.00852642 0.0466163
0 0.718392 0.830156 0.0140747 0.0317724
0 0.554784 0.818963 0.0106831 0.0501814
0 0.465042 0.828322 0.0131369 0.0573907
0 0.728735 0.785319 0.00814924 0.0520216
0 0.441679 0.894017 0.0167174 0.0800981
0 0.391032 0.816647 0.0181896 0.0552516
0 0.831168 0.835302 0.0188585 0.0326208
0 0.114367 0.983298 0.0331561 0.0274497
0 0.0178888 0.752929 0.011008 0.0201835
0 0.701228 0.793662 0.0116574 0.0459812
0 0.688647 0.794756 0.00878773 0.0466788
37 0.198174 0.916213 0.0451272 0.0308819
0 0.681389 0.790881 0.00810871 0.0363125
0 0.85649 0.829926 0.0136524 0.0327391
0 0.974136 0.762273 0.0190142 0.0279232
0 0.951137 0.849806 0.0274334 0.0388726
0 0.694985 0.794461 0.00772514 0.0475605
37 0.0221138 0.938694 0.0442276 0.0314034
0 0.364259 0.775616 0.00875044 0.0169535
0 0.956615 0.848593 0.0166603 0.0364702
0 0.00604471 0.977602 0.0120049 0.0216212
0 0.354977 0.989188 0.0149593 0.0216244
0 0.319767 0.713304 0.00917306 0.0177921
0 0.937403 0.724697 0.00681763 0.0168271
0 0.483755 0.857249 0.037348 0.0244258
0 0.675158 0.81535 0.0155294 0.0195704
0 0.475271 0.856989 0.0193483 0.0241604
0 0.853034 0.830628 0.0209806 0.0355854
0 0.962971 0.748677 0.00740051 0.034827
0 0.883564 0.979324 0.0451023 0.0396042
0 0.894213 0.975354 0.0659332 0.0467719
0 0.906836 0.972764 0.043412 0.041715
0 0.682436 0.793655 0.00935574 0.0440694
0 0.272992 0.728732 0.00685782 0.0185372
0 0.0635531 0.740871 0.00996411 0.0230569
0 0.0619512 0.739859 0.00706291 0.0199517
37 0.853191 0.848139 0.0249069 0.00938212
0 0.69647 0.793021 0.0090683 0.0470571
0 0.995894 0.81348 0.00780125 0.0159239
0 0.442234 0.909143 0.0147085 0.0489702
0 0.439387 0.761701 0.0222917 0.0127487
0 0.772551 0.813761 0.0212616 0.0169315
37 0.0987264 0.994225 0.0539164 0.00840878
0 0.919939 0.97279 0.023362 0.0415856
0 0.851957 0.698119 0.00489674 0.0159197
8 0.0220875 0.938491 0.0441479 0.0314735
0 0.270821 0.729174 0.0110639 0.0188621
0 0.67763 0.814296 0.0202644 0.0226173
37 0.577889 0.875085 0.0335451 0.0145208
0 0.57809 0.875386 0.0338356 0.0150262
8 0.294953 0.726388 0.0153306 0.00774282
0 0.965956 0.751353 0.0105532 0.0325863
0 0.490828 0.723842 0.0079134 0.0113146
0 0.10162 0.98365 0.0576231 0.0274884
0 0.996116 0.671183 0.00510349 0.0166489
0 0.916124 0.972106 0.0135561 0.0406618
0 0.0644947 0.749184 0.0121235 0.0135247
0 0.828396 0.696748 0.00694427 0.0152048
0 0.769456 0.81329 0.0150029 0.0171712
0 0.951083 0.856836 0.016156 0.025862
37 0.852468 0.845243 0.0221954 0.0113346
0 0.0638247 0.743 0.0120953 0.0253489
0 0.827818 0.83492 0.0130852 0.0323493
37 0.853248 0.8404 0.0231609 0.0173408
0 0.973034 0.672092 0.0048378 0.016183
0 0.441344 0.871094 0.016041 0.0346358
16 0.441323 0.871407 0.015781 0.0351535
0 0.779063 0.816603 0.00970821 0.012758
8 0.438797 0.761528 0.0242846 0.0138516
0 0.881956 0.984595 0.0416735 0.0294468
0 0.169962 0.732359 0.0119147 0.00865106
37 0.58529 0.913896 0.0475098 0.0114415
0 0.829043 0.698724 0.0055439 0.0193196
0 0.677405 0.798662 0.0173884 0.052409
24 0.153432 0.983482 0.0184623 0.0129483
8 0.0675295 0.742974 0.0192406 0.0263389
8 0.0659418 0.750559 0.0157926 0.0129723
37 0.855697 0.847274 0.0300671 0.012552
37 0.0690474 0.749937 0.0217851 0.0135583
0 0.76868 0.814277 0.0233354 0.018405
0 0.493273 0.863624 0.0180895 0.0107639
37 0.947986 0.859291 0.0249208 0.0224501
0 0.715308 0.831343 0.0203078 0.0308565
0 0.00866014 0.977792 0.0173089 0.0231452
37 0.706998 0.842879 0.0104343 0.00880093
37 0.593406 0.913483 0.0625781 0.0122504
0 0.492676 0.724396 0.0113163 0.0123027
0 0.168593 0.732145 0.013052 0.0102342
0 0.938116 0.688085 0.00666885 0.0222518
14 0.779081 0.239757 0.00396767 0.00408927
0 0.130275 0.98278 0.0642615 0.0267658
0 0.872571 0.845746 0.0147121 0.0147773
0 0.947355 0.852464 0.0375809 0.0420668
0 0.440516 0.867196 0.0139977 0.0272688
0 0.540318 0.847831 0.00622034 0.0251472
0 0.995763 0.802333 0.00802422 0.0389323
0 0.780343 0.815772 0.0117967 0.0140238
37 0.959634 0.864478 0.0558542 0.0170814
0 0.966209 0.749893 0.014426 0.0378986
0 0.782317 0.814128 0.0149412 0.0160678
8 0.975699 0.673298 0.0263044 0.0132894
37 0.603712 0.913894 0.0426476 0.0112428
37 0.947125 0.86214 0.0342295 0.0257443
