0 0.953679 0.849818 0.0218319 0.0427056
0 0.830778 0.834682 0.0174118 0.0335734
0 0.596808 0.812075 0.0105309 0.0464332
0 0.746743 0.783188 0.00842838 0.0452767
0 0.451607 0.834331 0.0119506 0.0663059
0 0.796802 0.774499 0.00741749 0.0462467
0 0.842682 0.766472 0.00903015 0.0447062
0 0.527978 0.819316 0.0116808 0.0513397
0 0.718131 0.830603 0.0127079 0.0305781
0 0.475857 0.854193 0.0160977 0.0292508
0 0.730083 0.788933 0.0095356 0.0432682
0 0.974175 0.762355 0.0182081 0.0273234
37 0.198213 0.915936 0.0454592 0.031269
0 0.939927 0.728801 0.00594215 0.0203308
0 0.856927 0.829276 0.0133408 0.0336867
0 0.700769 0.79245 0.00937748 0.044725
0 0.00843247 0.747303 0.00762084 0.0162572
0 0.690903 0.796715 0.00737171 0.0439701
37 0.0221789 0.939097 0.0443162 0.0289632
0 0.433754 0.914302 0.0248285 0.0369714
0 0.723539 0.789222 0.00867081 0.0438894
0 0.354462 0.989194 0.0149763 0.0216122
0 0.692399 0.796307 0.0098568 0.0434557
0 0.404302 0.764137 0.00635376 0.0155826
0 0.718837 0.790379 0.00602198 0.0395945
0 0.313337 0.70981 0.00740457 0.014013
0 0.114777 0.982601 0.0320056 0.0269701
0 0.391573 0.775028 0.00656991 0.0137797
0 0.883483 0.983139 0.0440187 0.032585
0 0.695099 0.794897 0.00873871 0.0434174
0 0.921601 0.972588 0.0276581 0.0416465
0 0.286141 0.723945 0.00772533 0.0158683
37 0.0667427 0.748126 0.0262622 0.0111654
14 0.996287 0.811793 0.00700607 0.0202104
0 0.0626277 0.739864 0.0124434 0.0249091
0 0.391032 0.821656 0.0188735 0.0646579
0 0.698568 0.793368 0.00908422 0.0455741
37 0.0725751 0.748213 0.014988 0.00968594
0 0.00585197 0.979038 0.0116417 0.0176415
0 0.905085 0.972531 0.0375095 0.0416307
0 0.437623 0.914034 0.0168596 0.036262
0 0.675902 0.815426 0.0170014 0.0189399
0 0.439337 0.91632 0.0132265 0.0303826
0 0.110904 0.981544 0.0240904 0.0254115
16 0.675732 0.815544 0.01651 0.0189114
0 0.26814 0.73375 0.00667086 0.0161679
0 0.715227 0.830672 0.0190026 0.0318756
0 0.0602515 0.739072 0.0137798 0.0244429
0 0.853321 0.830594 0.0211437 0.0371416
0 0.91622 0.973028 0.038599 0.0427612
0 0.577029 0.8758 0.0340306 0.0139498
0 0.895588 0.976114 0.0676535 0.0458055
0 0.103417 0.9834 0.0643047 0.0292845
0 0.978919 0.67071 0.00651093 0.0146351
0 0.137007 0.737665 0.0132098 0.00996602
0 0.914653 0.971519 0.0107433 0.04084
0 0.0616443 0.735397 0.00558994 0.0175891
37 0.102002 0.994228 0.0609345 0.00883959
0 0.872517 0.845646 0.0148746 0.0157623
0 0.885889 0.977384 0.0485472 0.0440791
0 0.723189 0.765295 0.00621872 0.0144845
0 0.00928349 0.979092 0.0184464 0.0191288
0 0.808041 0.696671 0.00432701 0.016655
8 0.0655135 0.740699 0.0278549 0.025037
0 0.26852 0.733938 0.00876389 0.0175983
0 0.393809 0.77495 0.0146333 0.013942
0 0.711441 0.831354 0.0269249 0.0325049
8 0.0658924 0.745412 0.0280267 0.0162545
0 0.860244 0.795249 0.00756454 0.0125407
8 0.16447 0.565324 0.0771465 0.0165627
0 0.505278 0.729377 0.00899982 0.00990058
14 0.955862 0.663815 0.00540581 0.00852263
0 0.772896 0.812659 0.00801964 0.014644
0 0.976403 0.676458 0.0118292 0.0259152
0 0.405583 0.76425 0.00867548 0.016194
0 0.836313 0.696611 0.00481453 0.0163335
0 0.992287 0.66767 0.00686226 0.0125417
14 0.890805 0.673707 0.00656242 0.00974621
0 0.744693 0.783195 0.0121128 0.0465888
0 0.769336 0.812752 0.0124201 0.0145796
0 0.959149 0.850666 0.01138 0.0373027
37 0.0953402 0.99419 0.0470082 0.00766568
24 0.153573 0.983329 0.017452 0.0130157
0 0.996064 0.812494 0.00741119 0.0213655
0 0.698583 0.794266 0.0138659 0.0495063
14 0.993558 0.667868 0.00920792 0.0134835
0 0.856703 0.795627 0.0189283 0.0124836
0 0.949847 0.674711 0.00966339 0.0125276
14 0.254527 0.397382 0.00889206 0.0101563
0 0.15409 0.73019 0.00846431 0.00894606
37 0.852934 0.846867 0.0259491 0.0128194
0 0.436061 0.908419 0.0244274 0.0481344
0 0.506594 0.730015 0.0127119 0.010985
37 0.0654212 0.742902 0.0296055 0.0209351
0 0.396408 0.768719 0.0234152 0.0248244
0 0.974799 0.682526 0.011034 0.0137185
14 0.155171 0.731585 0.0107073 0.00998772
0 0.725052 0.784317 0.0127377 0.0518794
0 0.432539 0.7642 0.00780859 0.0103861
14 0.891965 0.673953 0.0130558 0.0114327
8 0.947591 0.675837 0.0149036 0.0146084
0 0.429007 0.913945 0.0345732 0.0394528
0 0.00645882 0.748738 0.011532 0.01529
0 0.9915 0.666755 0.00530701 0.0129679
0 0.540764 0.847191 0.00814972 0.0292642
8 0.987514 0.574163 0.0245457 0.0112356
0 0.155494 0.731277 0.0113509 0.0108955
0 0.526334 0.81245 0.0103992 0.0440616
0 0.388333 0.774772 0.00885963 0.0130642
0 0.121514 0.985873 0.0194114 0.0232307
8 0.185521 0.564449 0.0336194 0.0145901
14 0.965897 0.647349 0.00745087 0.0108831
0 0.430008 0.764665 0.013063 0.0114521
8 0.945418 0.67595 0.0203461 0.0154073
37 0.0561244 0.740099 0.00923111 0.0100796
0 0.908462 0.975193 0.0547495 0.046087
0 0.778983 0.815182 0.00924282 0.0118917
0 0.776325 0.812874 0.0142406 0.0164259
0 0.895567 0.975048 0.0216509 0.0277693
0 0.577328 0.872948 0.0341457 0.0201492
0 0.864675 0.832928 0.0316254 0.0405487
0 0.126527 0.985472 0.0273846 0.022267
8 0.283845 0.731222 0.0140088 0.00783725
0 0.892447 0.9847 0.0281063 0.0272963
0 0.8614 0.795644 0.0179153 0.0127894
0 0.818819 0.814457 0.0118057 0.0124576
14 0.971626 0.660475 0.0116806 0.0102284
