0 0.452329 0.834681 0.0119096 0.0664324
0 0.471045 0.827439 0.0125416 0.0565006
0 0.657731 0.796359 0.0113695 0.0549727
0 0.554817 0.819208 0.0116343 0.0503449
0 0.796377 0.775633 0.00839653 0.0488013
0 0.842562 0.766944 0.00882416 0.0455865
0 0.718276 0.83055 0.013961 0.0310035
0 0.732951 0.785353 0.0103071 0.0502519
0 0.702598 0.792755 0.0112608 0.0476729
0 0.614183 0.803298 0.0105842 0.0524723
0 0.831157 0.835279 0.018861 0.0326552
0 0.114288 0.98328 0.0331297 0.027398
0 0.443459 0.891078 0.0162096 0.0834303
0 0.0181114 0.753244 0.0105329 0.0214149
37 0.0220481 0.938642 0.0440963 0.0311264
0 0.688386 0.796477 0.0110695 0.0436018
0 0.856495 0.829843 0.0136436 0.0328334
0 0.966119 0.74866 0.00980759 0.035886
0 0.676053 0.815562 0.0159693 0.0183253
0 0.956767 0.847576 0.0161396 0.0342701
37 0.197888 0.916197 0.0451139 0.0314216
0 0.43634 0.762611 0.020155 0.0126
0 0.0642463 0.741046 0.00738466 0.021278
0 0.953181 0.849887 0.0232262 0.0388197
0 0.391 0.81482 0.0179362 0.0517076
0 0.00621717 0.978164 0.0123636 0.0214328
0 0.93506 0.725255 0.00750141 0.0201494
0 0.366599 0.774374 0.00732756 0.013766
0 0.354993 0.989182 0.0148946 0.021636
0 0.883535 0.979394 0.0450806 0.039663
0 0.47587 0.856803 0.0176944 0.0241208
0 0.907314 0.972927 0.0433563 0.0419732
0 0.974214 0.762194 0.018635 0.0280741
0 0.853094 0.830578 0.020871 0.0358704
0 0.826816 0.697061 0.00506115 0.0173314
0 0.484308 0.85684 0.0361984 0.0244861
0 0.921182 0.972799 0.0258175 0.0416646
8 0.0220565 0.938595 0.0440801 0.0309621
0 0.995893 0.813476 0.00780182 0.0159637
37 0.853193 0.84809 0.0248142 0.00943366
0 0.894019 0.97529 0.0656193 0.0466085
0 0.772129 0.813789 0.0208304 0.0170458
0 0.066208 0.742975 0.0115667 0.0239861
0 0.69568 0.796637 0.00841103 0.0420949
0 0.951987 0.858159 0.0210342 0.025865
0 0.318953 0.711659 0.00675716 0.0162004
37 0.0992588 0.9942 0.0551168 0.00847609
25 0.973938 0.721145 0.0279617 0.0196042
0 0.697252 0.792642 0.00725784 0.0471763
0 0.316357 0.712257 0.0068646 0.0156009
0 0.578044 0.875403 0.033749 0.0149097
0 0.985186 0.662152 0.00391541 0.0144285
0 0.487432 0.724143 0.0124012 0.0142921
0 0.339759 0.772094 0.00540156 0.0111321
0 0.882692 0.984839 0.0432882 0.029217
0 0.916844 0.972206 0.0151136 0.0407908
37 0.577862 0.875096 0.0334702 0.0143582
25 0.963432 0.721669 0.0489601 0.0213401
0 0.971571 0.670308 0.00528107 0.016128
0 0.769792 0.813029 0.0152874 0.0161797
0 0.444188 0.8682 0.0134619 0.0389338
0 0.101553 0.983565 0.0576169 0.0272739
0 0.273862 0.730326 0.0047327 0.0187498
0 0.779096 0.816552 0.00976429 0.0130012
0 0.969398 0.752851 0.0149975 0.032705
0 0.471703 0.841348 0.0119271 0.0428623
37 0.852427 0.845231 0.0220179 0.0113932
0 0.291005 0.725121 0.00697179 0.0090783
0 0.82822 0.834846 0.0139118 0.0324922
37 0.853278 0.839149 0.0230499 0.0195287
0 0.390993 0.831676 0.0181852 0.0862193
0 0.768909 0.814275 0.0239011 0.0185564
37 0.947001 0.733264 0.0191847 0.00627255
0 0.88925 0.686113 0.00390854 0.0142546
37 0.585333 0.913927 0.0475939 0.011459
37 0.0718121 0.748878 0.0233163 0.0136519
0 0.936348 0.725816 0.0120703 0.0196191
0 0.850756 0.697437 0.00641098 0.0164812
37 0.930244 0.728312 0.027766 0.00818617
37 0.932226 0.729441 0.0347477 0.0115263
0 0.138707 0.737531 0.00815163 0.00855628
0 0.442868 0.910631 0.0152069 0.0447125
0 0.00896875 0.978322 0.0178007 0.0228143
0 0.166078 0.729624 0.0147268 0.00923869
0 0.136953 0.737715 0.00693374 0.00837233
24 0.15344 0.983524 0.0184392 0.0129069
0 0.168092 0.729836 0.0123038 0.0082628
0 0.659491 0.808314 0.00904713 0.0307434
8 0.972365 0.673491 0.0482677 0.0119353
0 0.540366 0.848657 0.00709314 0.0284095
37 0.954448 0.863438 0.0306667 0.0209184
0 0.126605 0.691715 0.0051857 0.00740772
0 0.063487 0.742492 0.00969358 0.0240384
37 0.857867 0.847126 0.0343727 0.012901
0 0.494379 0.863917 0.015669 0.00926446
0 0.849479 0.697573 0.00644226 0.0160623
37 0.706258 0.842894 0.0114173 0.00888028
0 0.539986 0.845298 0.00618687 0.0222293
37 0.94688 0.729831 0.0208799 0.00798119
37 0.593476 0.913522 0.0625896 0.0122699
0 0.368013 0.774363 0.0106075 0.0143412
37 0.955933 0.868497 0.0287907 0.0116197
37 0.647667 0.819763 0.0169966 0.0125536
0 0.87255 0.84574 0.0146305 0.014743
0 0.981012 0.762094 0.0323166 0.0278954
37 0.349074 0.775965 0.0301222 0.0114688
8 0.0663639 0.750685 0.0125009 0.0126478
0 0.337995 0.772799 0.0105179 0.0115974
0 0.946292 0.863224 0.0292349 0.0202043
0 0.291094 0.722215 0.00648661 0.013205
0 0.347467 0.774115 0.0281681 0.0144835
0 0.995751 0.802373 0.00805054 0.0388672
37 0.647236 0.821793 0.0153964 0.0100449
0 0.936596 0.676515 0.00920506 0.0169025
0 0.616198 0.804662 0.0145382 0.0562497
37 0.603816 0.91398 0.0425938 0.0110516
8 0.961732 0.722745 0.0518765 0.0211043
0 0.89494 0.972018 0.0203751 0.032388
37 0.750987 0.827386 0.0268639 0.00755039
0 0.853932 0.682911 0.00552444 0.009601
37 0.0654853 0.75044 0.0153424 0.0114539
8 0.968995 0.669661 0.0613129 0.0204702
