0 0.718488 0.830499 0.0144625 0.0306608
0 0.45573 0.833356 0.0129728 0.0681722
0 0.830614 0.834676 0.0173038 0.0335822
0 0.471087 0.834974 0.0177146 0.0632341
0 0.842975 0.766898 0.00828171 0.0475516
0 0.953367 0.849457 0.0223831 0.041174
0 0.697275 0.79524 0.0088623 0.0511024
0 0.744564 0.784136 0.0088028 0.0475867
0 0.00556345 0.904686 0.0111269 0.0444846
0 0.794127 0.775531 0.0111938 0.0499607
0 0.897632 0.756041 0.00990562 0.0468584
0 0.52276 0.811144 0.010943 0.0393216
0 0.815879 0.772835 0.00875168 0.0441572
0 0.704515 0.795385 0.00809422 0.0409739
0 0.834626 0.775377 0.00689049 0.0302161
0 0.0697288 0.74263 0.00869069 0.0281414
0 0.863526 0.762149 0.00960274 0.0480977
0 0.433894 0.913392 0.0236218 0.0382372
0 0.754209 0.781489 0.00887661 0.0505371
0 0.856293 0.830163 0.0152321 0.03295
0 0.471383 0.77981 0.0078661 0.0247655
37 0.0220856 0.939225 0.0440774 0.0269748
0 0.761165 0.781779 0.00868893 0.0388306
0 0.00946352 0.75215 0.00887818 0.0173377
0 0.27853 0.728896 0.00707917 0.016135
0 0.995971 0.80989 0.00763493 0.0240072
0 0.894456 0.976215 0.0654242 0.0455271
0 0.445987 0.781916 0.00625906 0.0183333
0 0.355091 0.988945 0.014579 0.0221107
0 0.790334 0.697562 0.00709133 0.0179728
0 0.883548 0.983463 0.0436485 0.0316576
8 0.198677 0.915235 0.0456299 0.0329553
0 0.906267 0.972956 0.0439671 0.0397329
0 0.95655 0.737245 0.0109501 0.0332787
0 0.933123 0.754719 0.0090313 0.0379169
37 0.198904 0.915625 0.046414 0.0331067
0 0.677852 0.81575 0.0196405 0.0180644
0 0.331343 0.754805 0.00904236 0.0165266
0 0.00713695 0.976195 0.014189 0.0245022
0 0.540682 0.850291 0.00711517 0.0257884
0 0.322088 0.713139 0.00588493 0.0203979
0 0.391414 0.83298 0.0176597 0.0854407
0 0.919196 0.973265 0.0222069 0.0404943
0 0.125841 0.985952 0.0274574 0.0205627
37 0.0641114 0.751618 0.0238952 0.00789015
37 0.10061 0.994343 0.0570298 0.00783369
37 0.949159 0.761647 0.027663 0.0152666
0 0.577311 0.875533 0.0325617 0.0136347
37 0.105048 0.993078 0.0657976 0.010172
0 0.85343 0.8314 0.0215031 0.036439
0 0.973951 0.762585 0.01654 0.0272746
0 0.118994 0.984193 0.0366393 0.0236616
0 0.987038 0.676368 0.00555668 0.0209205
37 0.533261 0.739867 0.0167061 0.00882467
0 0.769377 0.699514 0.00934238 0.0180477
0 0.769973 0.701431 0.0110012 0.02211
0 0.109521 0.980914 0.0187214 0.0228811
37 0.577055 0.875295 0.0324525 0.013442
0 0.194767 0.734193 0.00893683 0.0101349
0 0.715697 0.830973 0.0202626 0.0313076
0 0.973069 0.672649 0.00647907 0.0198095
0 0.85245 0.836462 0.0234838 0.0286706
0 0.105933 0.985641 0.0668766 0.0239763
37 0.853115 0.846338 0.0263828 0.0134537
24 0.15341 0.983483 0.0177729 0.0124759
0 0.476749 0.825422 0.00725746 0.0381188
0 0.933351 0.743032 0.00993366 0.0599979
0 0.773852 0.813187 0.00762901 0.0146201
37 0.858371 0.847474 0.0379574 0.0125509
8 0.98293 0.663905 0.0291267 0.0477815
0 0.88586 0.978548 0.0483372 0.0402707
0 0.919927 0.974259 0.0306253 0.0423991
37 0.78755 0.719798 0.0569937 0.0149529
0 0.93438 0.725 0.00744019 0.0244149
0 0.973177 0.767216 0.0164894 0.019229
0 0.973828 0.753713 0.00536118 0.0102893
0 0.883074 0.684429 0.00646629 0.0104614
8 0.97939 0.654171 0.00969124 0.0262733
0 0.767169 0.813188 0.00790749 0.0147298
37 0.944835 0.86692 0.02883 0.015357
37 0.0620504 0.752782 0.0203869 0.008176
0 0.533205 0.739866 0.0169903 0.00895047
37 0.321373 0.727908 0.0210894 0.00942824
8 0.921632 0.678382 0.00785446 0.0119427
37 0.0547874 0.751059 0.00583588 0.0066369
0 0.278714 0.730969 0.00829763 0.0179843
4 0.906586 0.249254 0.0152481 0.00622851
37 0.93704 0.867266 0.0132698 0.0148061
0 0.681617 0.815723 0.016153 0.0179552
0 0.859949 0.795261 0.00777664 0.0129544
0 0.773134 0.812924 0.020122 0.0166192
0 0.974781 0.770796 0.0182264 0.011675
0 0.778622 0.814905 0.00934477 0.0126017
0 0.44845 0.782599 0.0112148 0.0179376
37 0.859973 0.845935 0.0388893 0.0166734
0 0.771072 0.812545 0.0144493 0.0155974
0 0.864071 0.845099 0.0286163 0.0165139
0 0.952736 0.857559 0.0213392 0.0260851
0 0.862662 0.832477 0.0294674 0.0383024
37 0.284557 0.736973 0.0219062 0.0068868
8 0.830009 0.71264 0.0222948 0.0143738
37 0.795947 0.817327 0.037211 0.0112895
0 0.701501 0.795361 0.0135694 0.0451172
37 0.791191 0.81995 0.0260493 0.00755887
0 0.704802 0.792355 0.0103357 0.0469135
37 0.593625 0.913738 0.0621017 0.0117498
0 0.109632 0.973648 0.0191778 0.0381449
37 0.944092 0.764035 0.0375246 0.0203885
0 0.979722 0.659736 0.0081028 0.0148089
0 0.00780766 0.752676 0.0125964 0.018229
0 0.838185 0.835021 0.0327457 0.03398
0 0.318498 0.726657 0.0145914 0.0113169
0 0.476017 0.831973 0.00848989 0.0565314
0 0.871961 0.845404 0.0134779 0.0152181
0 0.898875 0.684761 0.00500317 0.00972688
0 0.964367 0.668983 0.00381889 0.0102022
37 0.776249 0.717162 0.0364407 0.00821448
37 0.150362 0.739425 0.0269756 0.0110323
37 0.57741 0.87936 0.0323825 0.011574
8 0.32125 0.730661 0.0204493 0.00740526
0 0.895759 0.98442 0.0669586 0.0292014
37 0.844632 0.845734 0.045031 0.0161947
8 0.978943 0.663897 0.0191212 0.0433439
