0 0.477238 0.833806 0.0163886 0.0690338
0 0.45325 0.833863 0.0120754 0.0666497
0 0.830243 0.834724 0.0174164 0.0332292
0 0.71878 0.830284 0.0144867 0.0316749
0 0.779259 0.778851 0.00924292 0.0442922
0 0.0760377 0.901413 0.0104368 0.0665587
0 0.794073 0.775294 0.00919619 0.046823
0 0.843331 0.764984 0.00831471 0.0461592
0 0.699745 0.794145 0.01082 0.0497542
0 0.746148 0.784231 0.00957098 0.0452121
0 0.929034 0.750328 0.0108747 0.0475133
0 0.514563 0.808406 0.00891991 0.0406843
0 0.953363 0.848888 0.0219866 0.0397434
0 0.835109 0.770195 0.00747795 0.0420305
0 0.757217 0.784156 0.0085475 0.045222
0 0.855799 0.83151 0.0168886 0.0352417
0 0.973652 0.762507 0.0186958 0.0281457
0 0.354918 0.989157 0.0144366 0.0216034
37 0.197921 0.915729 0.0463444 0.0318888
0 0.0064307 0.751241 0.01038 0.0183462
8 0.0688108 0.744782 0.0153829 0.0313733
0 0.852324 0.832212 0.0241425 0.0374132
0 0.322913 0.7097 0.00570383 0.0141613
8 0.978066 0.660061 0.018865 0.0390325
0 0.905153 0.972611 0.0424458 0.0419135
0 0.577747 0.875215 0.0327391 0.0159668
0 0.320075 0.750347 0.00809369 0.0127533
8 0.313217 0.716485 0.0232595 0.0109194
0 0.369038 0.751269 0.0070353 0.0148855
0 0.675728 0.816106 0.0145132 0.0178399
8 0.339236 0.733365 0.0227753 0.011339
0 0.114719 0.98188 0.0302981 0.0235423
8 0.197825 0.91547 0.0458746 0.0317139
0 0.488451 0.77682 0.00795145 0.0218662
0 0.0714404 0.751232 0.00753026 0.0181929
0 0.894171 0.97532 0.0659285 0.0465283
8 0.360411 0.757433 0.0370866 0.0194568
0 0.996042 0.810688 0.00750732 0.0218794
0 0.50977 0.813024 0.00434227 0.0272151
0 0.90272 0.679193 0.00630589 0.0177846
0 0.679068 0.816135 0.0208206 0.0180856
37 0.530078 0.738324 0.0146423 0.0115557
0 0.792838 0.695216 0.0072628 0.0119533
0 0.00270117 0.978749 0.00536597 0.0198524
0 0.436417 0.909211 0.0188017 0.0473204
0 0.391775 0.816986 0.017913 0.0539468
0 0.895652 0.757354 0.00626373 0.0378845
0 0.890045 0.760101 0.0074852 0.0373267
0 0.00531645 0.978856 0.0105964 0.0206375
37 0.0221305 0.939085 0.044187 0.0300171
16 0.436745 0.908688 0.0187514 0.0482478
0 0.894642 0.758277 0.0101891 0.042621
0 0.110372 0.981698 0.0216765 0.0222658
0 0.109156 0.984025 0.0434499 0.0271654
8 0.530052 0.738249 0.0145452 0.0118327
8 0.282347 0.736902 0.0131535 0.0126521
0 0.772857 0.812593 0.00805979 0.0146808
8 0.363979 0.760265 0.0305031 0.0142178
0 0.77417 0.812465 0.0193107 0.0165236
0 0.464175 0.778302 0.00897951 0.0192766
8 0.313603 0.713169 0.0242613 0.0158959
0 0.00287499 0.984199 0.0056751 0.0306461
8 0.00591932 0.758812 0.0117675 0.0107188
0 0.540505 0.849485 0.00711994 0.0268517
0 0.772735 0.812193 0.0130981 0.0152757
37 0.937016 0.867023 0.0132549 0.0161947
8 0.347346 0.754735 0.0635272 0.0235036
0 0.0533733 0.752517 0.00498077 0.00715603
0 0.7556 0.785307 0.0120898 0.0432614
0 0.77652 0.813166 0.0137774 0.0148994
0 0.885898 0.979599 0.0502832 0.0385395
0 0.884777 0.684466 0.00508842 0.0120463
8 0.150103 0.740273 0.0216481 0.0110135
0 0.512096 0.81242 0.00803452 0.0343172
0 0.936045 0.74073 0.00851212 0.0296812
0 0.769933 0.8121 0.0133178 0.0156123
0 0.978712 0.651615 0.00702324 0.0213506
0 0.767337 0.812413 0.0077076 0.0140377
0 0.921866 0.97336 0.0266411 0.041766
0 0.872537 0.845998 0.0148048 0.0157932
0 0.199485 0.729237 0.00843957 0.0107508
37 0.102437 0.993868 0.060899 0.0095398
37 0.949245 0.865476 0.0374004 0.0190976
0 0.914538 0.973627 0.0409622 0.0433265
8 0.99568 0.678501 0.00819149 0.0234222
8 0.0647458 0.744771 0.0262169 0.0308448
0 0.948381 0.850993 0.0286467 0.0452443
0 0.119232 0.984132 0.0390294 0.0244086
0 0.767546 0.698206 0.00751324 0.0153397
8 0.99561 0.682769 0.00827446 0.0168381
0 0.917318 0.970742 0.0152657 0.0394396
8 0.996893 0.674138 0.00580559 0.0165937
0 0.89092 0.755454 0.0102507 0.0462067
0 0.156111 0.73913 0.0161469 0.0102821
0 0.00911653 0.978975 0.0180523 0.0220598
8 0.368649 0.754954 0.0206279 0.0226722
14 0.92281 0.679888 0.00540295 0.00815582
0 0.585332 0.907325 0.0445484 0.023377
0 0.693158 0.788274 0.00873013 0.0275123
0 0.923883 0.977727 0.0227551 0.0324832
8 0.983284 0.662548 0.0330021 0.0486359
0 0.120753 0.985945 0.0195111 0.0226573
0 0.863427 0.833683 0.0337955 0.0396993
37 0.0965421 0.994013 0.0484123 0.00783844
8 0.150727 0.738233 0.025367 0.0149533
0 0.00783462 0.98341 0.0155953 0.0303663
37 0.585761 0.909507 0.0436201 0.019181
14 0.952081 0.664053 0.00886612 0.00894123
0 0.883049 0.983735 0.0445892 0.0311171
0 0.936576 0.737814 0.00991402 0.0376324
37 0.955092 0.868412 0.0306522 0.0110563
8 0.0538464 0.753366 0.00645309 0.00801629
0 0.1248 0.986428 0.0269367 0.0216312
0 0.843042 0.832599 0.0427151 0.0386203
0 0.464453 0.7756 0.0105102 0.025833
14 0.943243 0.658388 0.0090538 0.00841649
2 0.525525 0.418239 0.0139366 0.00925005
0 0.925559 0.98561 0.0184975 0.016856
37 0.955621 0.867526 0.0530127 0.0144058
24 0.153609 0.983654 0.0177422 0.012384
8 0.350119 0.75273 0.0593493 0.0162791
