0 0.452635 0.833489 0.0123957 0.0671812
0 0.843574 0.765882 0.00706825 0.0480303
0 0.953631 0.849879 0.0221596 0.042514
0 0.830662 0.834994 0.0173866 0.0329134
0 0.564731 0.812894 0.0122218 0.0493669
0 0.755143 0.783026 0.00771084 0.0459971
0 0.773817 0.780082 0.00952702 0.0422545
0 0.689633 0.796893 0.00889893 0.0416501
0 0.736673 0.786258 0.00777569 0.0451111
0 0.702518 0.793858 0.00845165 0.0431698
0 0.71759 0.83044 0.0128571 0.0310145
0 0.816793 0.771595 0.00981293 0.0490523
0 0.798664 0.774688 0.0108831 0.050629
0 0.939064 0.728465 0.0056366 0.0216685
37 0.0220597 0.938773 0.0441194 0.0277451
0 0.856468 0.83105 0.014183 0.0337399
0 0.906622 0.972274 0.0435444 0.0414063
37 0.198332 0.916275 0.0443748 0.0312415
0 0.115197 0.980962 0.0307811 0.0227197
0 0.481288 0.858606 0.0316605 0.0211156
0 0.287775 0.725512 0.0078084 0.0148083
0 0.275776 0.727859 0.00583057 0.014486
0 0.85321 0.831518 0.0215 0.034294
0 0.695861 0.79622 0.00764561 0.0431342
0 0.789 0.783133 0.00678749 0.0343191
0 0.893849 0.975568 0.0667366 0.0468833
0 0.00458625 0.749024 0.00884281 0.0178087
0 0.0640803 0.742801 0.00811056 0.0299918
0 0.432625 0.914766 0.0265434 0.0376117
0 0.354478 0.989286 0.0154931 0.0214286
0 0.678231 0.816065 0.0201509 0.017434
0 0.972933 0.763178 0.0149406 0.0257317
0 0.712719 0.830681 0.0238032 0.0319895
0 0.119861 0.982649 0.0402855 0.0259121
0 0.316602 0.714096 0.00557895 0.0179545
0 0.00575979 0.976162 0.0114513 0.0254371
0 0.816796 0.755286 0.00695324 0.022091
0 0.0622214 0.743964 0.0123908 0.0303711
0 0.0608166 0.747256 0.0100356 0.0222097
0 0.522179 0.734591 0.0089529 0.0108802
0 0.0641314 0.735659 0.00733728 0.0171509
0 0.00243954 0.976582 0.0048364 0.0239076
0 0.134742 0.736923 0.00425227 0.00921054
0 0.41074 0.762288 0.0043108 0.00815396
0 0.440836 0.919147 0.0102755 0.0246704
37 0.0984939 0.994105 0.0528108 0.00852254
0 0.274488 0.729012 0.0077558 0.0164653
0 0.0591092 0.742658 0.00643475 0.0125777
0 0.883581 0.985337 0.0457493 0.0276727
0 0.940417 0.728385 0.00770111 0.0221041
0 0.576541 0.875773 0.0321913 0.0138479
0 0.996008 0.811208 0.00757179 0.0213245
0 0.996207 0.815983 0.00717163 0.0117425
0 0.973049 0.672146 0.00527058 0.0144141
0 0.14018 0.737741 0.016775 0.00935567
0 0.143432 0.737538 0.0105691 0.00721876
0 0.106972 0.983984 0.0660902 0.0275475
0 0.885275 0.97889 0.0496422 0.0398692
37 0.426105 0.826487 0.0387496 0.0145964
0 0.184619 0.733988 0.0122338 0.00831502
0 0.520671 0.734402 0.00754986 0.0110219
0 0.780278 0.698757 0.00613613 0.0156812
0 0.92202 0.972585 0.026931 0.0424835
37 0.0600699 0.758631 0.0190179 0.00895352
0 0.428328 0.916538 0.0225229 0.0339335
0 0.928168 0.679563 0.00598717 0.0106586
0 0.980067 0.667486 0.00904408 0.0282457
0 0.416949 0.780604 0.0107718 0.0188185
0 0.770829 0.812748 0.0153192 0.0154602
8 0.0617399 0.745578 0.0138913 0.0285195
0 0.391256 0.82495 0.0173942 0.0686761
8 0.0060522 0.757865 0.0120579 0.0108236
0 0.958759 0.672823 0.00753593 0.0211925
8 0.52487 0.737003 0.0147278 0.00813293
0 0.541256 0.849232 0.00714474 0.0265367
37 0.267981 0.736604 0.0177851 0.00843133
0 0.371846 0.757961 0.0105184 0.00855815
0 0.959501 0.850523 0.0107822 0.0381575
0 0.953721 0.661356 0.00405159 0.0103295
0 0.797361 0.696809 0.0049346 0.0160219
37 0.976473 0.771572 0.0151443 0.010022
37 0.419763 0.761734 0.0232883 0.00987549
0 0.98443 0.67342 0.00531044 0.0121048
0 0.880079 0.684143 0.00850792 0.0129128
37 0.269904 0.736852 0.0223384 0.0100796
0 0.420677 0.915204 0.0502361 0.0393653
0 0.915802 0.969076 0.0124117 0.0369247
0 0.881879 0.684144 0.0115803 0.0132819
0 0.773201 0.812686 0.0203129 0.0167909
0 0.411461 0.762898 0.00493164 0.010896
37 0.99047 0.769914 0.018618 0.00788778
0 0.958546 0.676252 0.0075388 0.0203257
37 0.153436 0.983763 0.0178122 0.0123511
0 0.91801 0.971557 0.0181557 0.0404305
0 0.00925919 0.976566 0.0182335 0.0273733
0 0.711577 0.838689 0.0255724 0.0176529
0 0.787373 0.78173 0.0104979 0.0380866
0 0.977423 0.771566 0.0159178 0.00988702
0 0.485887 0.857926 0.023481 0.0213518
37 0.532689 0.816203 0.0672039 0.0260423
37 0.852756 0.848824 0.0246208 0.0087148
0 0.00275088 0.973532 0.00545933 0.0308426
0 0.349549 0.989336 0.0262411 0.0212036
0 0.85647 0.835526 0.0458267 0.0377101
0 0.86305 0.832976 0.0312645 0.0385908
0 0.935778 0.866865 0.0110889 0.0148575
0 0.789518 0.778307 0.00828123 0.0425503
8 0.98393 0.679286 0.0159004 0.00790558
37 0.99024 0.765579 0.0190491 0.0132585
8 0.524556 0.735691 0.015873 0.0102497
0 0.778727 0.814479 0.00933647 0.0131002
8 0.184538 0.734944 0.0122307 0.00968052
33 0.391542 0.812788 0.0166928 0.0447693
37 0.593053 0.910441 0.0615368 0.0181532
8 0.259248 0.397661 0.00700107 0.0091813
0 0.791964 0.778296 0.0115404 0.0464735
8 0.420006 0.781027 0.0200151 0.0183601
37 0.982232 0.680676 0.0212976 0.00768331
37 0.590729 0.91398 0.0579709 0.0103395
0 0.959736 0.674325 0.00828476 0.0201583
24 0.935864 0.867076 0.0110516 0.0150774
37 0.409856 0.932635 0.028793 0.00746223
37 0.972214 0.862303 0.0317118 0.0116604
0 0.127856 0.988237 0.0231901 0.0173242
0 0.10944 0.983554 0.0390827 0.0222266
0 0.952851 0.860747 0.0197968 0.0214478
37 0.780579 0.763883 0.0155766 0.00923937
37 0.965976 0.862942 0.0424507 0.0125895
0 0.96419 0.851095 0.0463171 0.04434
8 0.269258 0.73535 0.0203689 0.00989278
0 0.777166 0.780576 0.017199 0.042868
