0 0.43221 0.896127 0.0208151 0.0778485
0 0.639526 0.799805 0.0118773 0.0566691
0 0.594647 0.810054 0.0107823 0.0576548
0 0.555107 0.818815 0.0102339 0.0509108
0 0.842984 0.76693 0.0084774 0.0476288
0 0.796452 0.776195 0.00851746 0.0487573
0 0.390821 0.816982 0.0183078 0.0553662
0 0.718447 0.830178 0.0139833 0.0316932
0 0.831196 0.835264 0.0189323 0.0327074
0 0.453399 0.83431 0.0122858 0.0663513
0 0.1144 0.983309 0.0332911 0.0274378
0 0.725842 0.786477 0.0105235 0.049978
0 0.702691 0.792181 0.0106615 0.0443229
0 0.688195 0.79445 0.00923367 0.0458032
0 0.48453 0.858116 0.036158 0.0231494
0 0.676406 0.791738 0.00804729 0.0355401
0 0.0170754 0.753094 0.0093855 0.0189338
0 0.856419 0.829879 0.0138962 0.0329512
0 0.695167 0.793902 0.00822926 0.0468313
0 0.0600706 0.741555 0.00508709 0.0162194
0 0.883838 0.979391 0.0457327 0.0396345
0 0.937729 0.727576 0.0076376 0.0199312
0 0.00600206 0.977709 0.0119415 0.0205444
0 0.95372 0.849205 0.0221748 0.0373645
0 0.973814 0.762234 0.0195049 0.0277286
0 0.35499 0.989172 0.0149647 0.0216565
37 0.198056 0.91658 0.0457763 0.0310259
0 0.852452 0.696964 0.00589638 0.0202116
0 0.957113 0.848326 0.015509 0.0356218
0 0.957971 0.750801 0.00635719 0.0338365
8 0.322871 0.716295 0.0201579 0.0160597
0 0.853055 0.830452 0.0210321 0.0354848
0 0.921263 0.972817 0.0263975 0.041805
0 0.972278 0.671212 0.00549316 0.012836
0 0.276723 0.726582 0.00429697 0.0147647
0 0.894194 0.975105 0.0657486 0.046677
0 0.474685 0.857862 0.0167687 0.0228143
0 0.97331 0.761674 0.0119127 0.0271579
0 0.995878 0.813467 0.0078352 0.0160526
37 0.0983602 0.994214 0.0529356 0.00849304
0 0.958196 0.745674 0.00771885 0.0443939
0 0.677098 0.815452 0.0188335 0.0187948
37 0.853194 0.84831 0.0249046 0.00912272
0 0.577986 0.875081 0.0339276 0.0153358
0 0.907054 0.972771 0.0441301 0.0421282
37 0.0220865 0.938327 0.044173 0.0312702
0 0.1021 0.98359 0.0582423 0.0280072
8 0.444179 0.760541 0.0223214 0.0131439
0 0.0782971 0.748339 0.00396656 0.00846964
0 0.062731 0.744324 0.0109311 0.0218938
0 0.675373 0.79807 0.0104886 0.0482498
0 0.948669 0.851394 0.0318356 0.0415198
0 0.833563 0.700804 0.00458221 0.0170596
0 0.917218 0.972311 0.0160473 0.0410424
0 0.361225 0.773526 0.00844808 0.0129768
0 0.457138 0.832204 0.00758705 0.0635125
37 0.0638974 0.74948 0.0126268 0.0121711
0 0.674852 0.815901 0.0138119 0.01802
0 0.292043 0.726595 0.0107991 0.0116591
0 0.833305 0.698405 0.00488663 0.0135544
0 0.770408 0.813411 0.0143641 0.0162413
0 0.0205087 0.753426 0.0164635 0.0197879
0 0.449525 0.831043 0.00832949 0.0600067
37 0.577877 0.874896 0.0334654 0.0149009
37 0.0216896 0.760701 0.0190336 0.00722758
0 0.444049 0.760655 0.0227619 0.0133406
37 0.937667 0.863471 0.0190887 0.0200377
0 0.778815 0.816146 0.0101435 0.0136617
0 0.489765 0.723501 0.0104488 0.00877279
0 0.773273 0.813738 0.0224399 0.018633
0 0.828177 0.834866 0.013789 0.0324187
37 0.852581 0.845164 0.0224163 0.0114811
0 0.958083 0.729199 0.00695419 0.0120565
8 0.293639 0.727655 0.0179331 0.0101403
0 0.274309 0.727056 0.00893917 0.0158946
37 0.975536 0.771804 0.0166069 0.00954827
0 0.987859 0.674985 0.00617256 0.0156209
8 0.293489 0.730917 0.0188508 0.00731286
37 0.585549 0.913878 0.0477747 0.0114936
8 0.151527 0.737896 0.051421 0.0191406
0 0.00864154 0.977808 0.0172139 0.0217126
0 0.853243 0.836874 0.0230759 0.0241011
8 0.332402 0.768975 0.017805 0.0120602
24 0.153408 0.983515 0.0185076 0.0129439
8 0.0220259 0.938629 0.0438998 0.0312002
37 0.948756 0.863854 0.0409431 0.0224779
0 0.883169 0.985246 0.0446209 0.0287286
8 0.344313 0.771201 0.0414132 0.0181759
8 0.0637413 0.7509 0.0137866 0.0114931
37 0.593683 0.913459 0.0627707 0.0123142
37 0.859867 0.847016 0.0384562 0.0132975
0 0.344327 0.771316 0.0409184 0.0180415
37 0.957275 0.865828 0.0606312 0.0167172
37 0.949999 0.865807 0.0394844 0.016615
0 0.872585 0.845756 0.0147739 0.0147783
0 0.130333 0.982839 0.0645516 0.0265096
37 0.603652 0.913961 0.0431399 0.0110611
0 0.769877 0.813481 0.0192708 0.0176951
0 0.995703 0.801401 0.00815067 0.0409054
8 0.947015 0.860958 0.037867 0.0255669
37 0.0681068 0.749966 0.0225874 0.0123323
0 0.291619 0.724859 0.0130837 0.0129357
37 0.70624 0.842816 0.0112438 0.00898251
37 0.344137 0.771168 0.0409419 0.0177431
8 0.926962 0.679515 0.0271446 0.0166851
0 0.946905 0.860221 0.0264275 0.0229794
0 0.715213 0.83454 0.0202136 0.0245404
0 0.70042 0.794209 0.0155066 0.0497464
37 0.400409 0.839726 0.0440633 0.0153971
0 0.674537 0.799262 0.0159254 0.0520849
0 0.153543 0.983489 0.0186615 0.013583
8 0.286796 0.727948 0.0342338 0.0169352
8 0.977534 0.675437 0.0373058 0.0152969
0 0.351369 0.772414 0.0291541 0.0159639
0 0.963062 0.752285 0.0144657 0.041805
0 0.776525 0.813533 0.0343982 0.0190104
37 0.750089 0.827454 0.02521 0.00742221
37 0.963595 0.862189 0.0478207 0.0120812
