0 0.452716 0.833252 0.0130008 0.0674642
0 0.564716 0.813945 0.0123379 0.0481905
0 0.753699 0.781365 0.00822525 0.0493598
0 0.830649 0.834996 0.0176455 0.0329871
0 0.769622 0.780316 0.00993328 0.0430552
0 0.953528 0.849918 0.0222443 0.0421656
0 0.81122 0.77117 0.00960274 0.050886
0 0.843673 0.76657 0.00748577 0.0457492
0 0.702896 0.793064 0.0104091 0.0446862
0 0.682699 0.794632 0.0100085 0.0402432
0 0.693398 0.795089 0.0102425 0.0422999
0 0.48234 0.858992 0.0289499 0.0203406
0 0.783451 0.785341 0.00861492 0.030899
0 0.736624 0.786886 0.00850487 0.0437125
0 0.797598 0.773759 0.0077383 0.0443485
0 0.791863 0.776165 0.00968857 0.0487491
0 0.938398 0.728136 0.00730076 0.0218809
37 0.0220412 0.938638 0.0440823 0.0282125
0 0.717891 0.830389 0.0135885 0.0313431
0 0.856379 0.830601 0.0139931 0.0333232
0 0.115174 0.981048 0.0311066 0.0229251
37 0.197929 0.916103 0.0451463 0.0318675
0 0.275665 0.730623 0.00608177 0.0169284
0 0.907395 0.972564 0.0435604 0.0422026
0 0.853522 0.831568 0.0210243 0.0344757
0 0.432315 0.91481 0.0271456 0.0375929
0 0.0634037 0.742014 0.00916332 0.0273712
0 0.972763 0.763409 0.0149355 0.025509
0 0.287816 0.723448 0.00788508 0.0184469
0 0.354484 0.989289 0.0154576 0.0214228
0 0.894121 0.975336 0.0673553 0.0466553
0 0.119693 0.982513 0.0402538 0.0260661
0 0.71379 0.830555 0.0224434 0.0321211
8 0.00589552 0.748967 0.0116942 0.0194973
8 0.19808 0.916181 0.0449787 0.0319489
0 0.316403 0.714509 0.00597534 0.0195297
0 0.883509 0.979395 0.0462463 0.0388209
0 0.972233 0.671206 0.00610771 0.017866
0 0.417249 0.777039 0.00760937 0.0144224
0 0.996217 0.80759 0.00716286 0.0277676
0 0.521946 0.734885 0.00783968 0.0106635
0 0.00578222 0.975461 0.0115066 0.026847
0 0.274554 0.730643 0.00813503 0.0182841
0 0.675864 0.81611 0.0148399 0.0175157
0 0.576315 0.875793 0.031674 0.0138082
37 0.0978125 0.994071 0.0513294 0.0085161
0 0.00257207 0.975913 0.00509771 0.0252784
0 0.44071 0.919243 0.0105217 0.0247637
0 0.0615129 0.743725 0.0143386 0.0223328
0 0.98317 0.667785 0.00653305 0.0213556
8 0.42004 0.762301 0.0261633 0.0116692
37 0.0560732 0.741754 0.0088066 0.0107886
8 0.978354 0.662486 0.0194698 0.0372752
0 0.417242 0.778838 0.00896931 0.0171834
0 0.921939 0.972483 0.0267641 0.042384
0 0.183783 0.734136 0.011961 0.0088267
0 0.00392975 0.975821 0.00782491 0.0254459
0 0.10695 0.98379 0.0652439 0.0278146
0 0.540838 0.848604 0.0073885 0.0281599
0 0.0633639 0.737576 0.00863634 0.0208362
0 0.134953 0.738018 0.00475745 0.00813904
0 0.792047 0.767792 0.00913391 0.0373433
0 0.0625978 0.742233 0.0149929 0.0288157
33 0.391032 0.817382 0.017795 0.055722
0 0.679293 0.815724 0.0204053 0.0176019
0 0.771193 0.812616 0.0151515 0.0155648
0 0.146021 0.737883 0.00691464 0.00840844
0 0.428197 0.916008 0.0223866 0.0349806
0 0.140414 0.738296 0.0187638 0.00948198
0 0.811461 0.778618 0.00934486 0.0361111
8 0.524314 0.735448 0.0128231 0.01089
37 0.431834 0.829285 0.0327 0.0151369
0 0.391085 0.817753 0.0178196 0.0554291
0 0.957976 0.850288 0.0137779 0.0393543
0 0.954 0.661742 0.005336 0.010509
0 0.916522 0.970101 0.0144291 0.039014
0 0.773787 0.812106 0.00870972 0.0158112
0 0.879808 0.683375 0.00607529 0.0174742
14 0.927652 0.680404 0.00562687 0.011674
8 0.973655 0.662075 0.0313835 0.0404973
0 0.956834 0.67257 0.00827045 0.0185705
0 0.982431 0.666748 0.00784416 0.0262311
37 0.975457 0.771654 0.0170605 0.0101652
37 0.0616776 0.74543 0.020154 0.019332
0 0.767588 0.813175 0.00871372 0.014681
8 0.291328 0.731347 0.0484996 0.021401
0 0.980297 0.656833 0.00732841 0.0284509
8 0.96785 0.663747 0.0357805 0.0375504
8 0.292804 0.731382 0.044493 0.0135632
0 0.981132 0.66172 0.0125431 0.0370489
0 0.7752 0.812519 0.0160938 0.0166924
8 0.295606 0.728677 0.0360801 0.00962575
8 0.297184 0.731217 0.0343212 0.0102315
37 0.990774 0.77035 0.0179726 0.00758294
0 0.779366 0.815488 0.00790215 0.0106266
0 0.95577 0.66916 0.0100086 0.0251612
8 0.0614084 0.745062 0.0179439 0.0245948
37 0.946202 0.739338 0.0252241 0.00895098
4 0.331126 0.309598 0.00699644 0.00639877
0 0.903763 0.976991 0.0359036 0.0318071
0 0.422097 0.91508 0.0474314 0.0388896
8 0.00599813 0.744344 0.0118988 0.0287245
37 0.153447 0.983757 0.017815 0.012323
0 0.935763 0.866848 0.0110626 0.0148415
37 0.852738 0.848755 0.0245192 0.00879466
0 0.863259 0.832942 0.0307766 0.0387295
0 0.789292 0.775543 0.0156152 0.0508533
0 0.34957 0.989325 0.0261553 0.0212304
0 0.857075 0.835762 0.0446487 0.0369707
0 0.00914403 0.975823 0.0180588 0.0286686
0 0.899299 0.682246 0.00567341 0.0147799
0 0.374545 0.757566 0.0129597 0.00856628
0 0.873713 0.985203 0.0261192 0.0269636
37 0.990626 0.768482 0.0182732 0.0101383
8 0.981126 0.661303 0.0127834 0.0371019
0 0.523312 0.73361 0.01072 0.0134444
8 0.305442 0.718496 0.0304121 0.0120038
0 0.96905 0.764317 0.0246506 0.0279095
0 0.592696 0.906931 0.0619119 0.024333
0 0.95282 0.860176 0.0193298 0.0228722
37 0.98956 0.76546 0.0204166 0.0146118
0 0.798921 0.775254 0.0105152 0.0475564
0 0.894689 0.973478 0.0209026 0.0273478
8 0.259242 0.397679 0.00701408 0.00919139
8 0.420338 0.765257 0.0256733 0.0178818
8 0.289365 0.734361 0.0521073 0.0177745
0 0.964277 0.851005 0.045631 0.0443624
8 0.303224 0.71738 0.0208545 0.00958795
0 0.939562 0.72868 0.0101105 0.0236586
8 0.956084 0.669093 0.0116474 0.0255558
37 0.593072 0.908871 0.0617141 0.0213094
37 0.409981 0.932733 0.0291756 0.00722911
24 0.935865 0.867058 0.0110569 0.0150703
37 0.317292 0.849768 0.0227811 0.0129089
8 0.296609 0.716337 0.0134694 0.00864597
0 0.417983 0.772574 0.0208031 0.028713
37 0.971494 0.862299 0.0331532 0.0118249
0 0.871677 0.845425 0.0129559 0.0152751
37 0.965366 0.862816 0.0436741 0.012963
8 0.00554327 0.754879 0.01103 0.0164853
