0 0.451838 0.834317 0.0125448 0.0659539
0 0.842452 0.767187 0.00856552 0.0453598
0 0.507559 0.823518 0.01451 0.0565474
0 0.664411 0.795739 0.009268 0.0537293
0 0.573986 0.815725 0.0112164 0.0478482
0 0.718571 0.830518 0.013796 0.0313321
0 0.796487 0.77467 0.0085371 0.0471895
0 0.746263 0.782266 0.00790844 0.0492035
0 0.95368 0.849729 0.0223614 0.041165
0 0.830878 0.834893 0.0176838 0.0331896
0 0.716423 0.789011 0.00782185 0.048224
0 0.115393 0.983008 0.0349524 0.027389
0 0.710158 0.790697 0.00716209 0.0443251
0 0.390745 0.811414 0.0183501 0.0445865
0 0.432206 0.914155 0.0270176 0.0372053
37 0.197802 0.91642 0.0448453 0.0314168
0 0.0117573 0.750578 0.0107389 0.0212107
0 0.474692 0.856614 0.0185223 0.0247091
0 0.355442 0.989105 0.0140518 0.0217902
0 0.856578 0.82961 0.0135994 0.0325718
0 0.986662 0.745795 0.0087738 0.0409871
0 0.971895 0.762104 0.0123158 0.0274048
0 0.69457 0.790003 0.0104403 0.0531921
0 0.00560973 0.97901 0.0111402 0.0184389
0 0.890448 0.97558 0.0586306 0.0470257
0 0.69205 0.79139 0.00886345 0.0488871
0 0.0632928 0.73822 0.00830464 0.0163405
0 0.696871 0.791379 0.0102728 0.0490501
0 0.269893 0.725277 0.00729342 0.0207937
37 0.0221528 0.938405 0.0443056 0.0297526
0 0.700633 0.792743 0.00784836 0.0429291
0 0.974527 0.762013 0.017989 0.0281469
0 0.314758 0.712975 0.00725532 0.018326
0 0.910683 0.973251 0.0487167 0.0431271
0 0.423077 0.761551 0.0258614 0.0133087
37 0.0947745 0.994448 0.0468277 0.0081292
0 0.852764 0.830751 0.0231483 0.0349138
0 0.376521 0.776608 0.00517502 0.0159885
0 0.938722 0.72935 0.00794907 0.0178626
0 0.902962 0.972539 0.0333281 0.0417962
0 0.497006 0.72749 0.00573616 0.0107702
0 0.378601 0.776892 0.00917978 0.0160475
0 0.711426 0.789822 0.007164 0.0464691
0 0.996372 0.812115 0.00683136 0.0176877
0 0.814491 0.698811 0.00624199 0.019293
0 0.290778 0.719828 0.00647192 0.0155236
0 0.883326 0.979591 0.0452118 0.0392198
0 0.481336 0.856609 0.0323208 0.0250761
0 0.390695 0.832426 0.018657 0.0868106
0 0.972746 0.677916 0.00615826 0.0206165
37 0.852913 0.848045 0.0263592 0.0108168
0 0.92091 0.973283 0.029723 0.0422034
37 0.101848 0.993584 0.0612475 0.00893639
0 0.158877 0.731319 0.00695882 0.0102849
0 0.957469 0.850005 0.0148632 0.0375414
37 0.576251 0.875191 0.0362491 0.0144755
0 0.676077 0.814149 0.0159658 0.0201986
0 0.773144 0.812812 0.0206348 0.0158112
0 0.290899 0.723318 0.00655203 0.0113315
0 0.268879 0.723746 0.00964241 0.0201558
0 0.990306 0.669187 0.00428619 0.0143641
8 0.298858 0.7191 0.0242229 0.0153164
0 0.842402 0.696116 0.00527229 0.0164642
0 0.270461 0.728713 0.00920868 0.0274828
0 0.715412 0.83086 0.0201794 0.0328054
0 0.576836 0.875819 0.0355719 0.0137989
0 0.133642 0.738645 0.005181 0.00864699
37 0.975134 0.771542 0.0174183 0.00969204
0 0.0783592 0.745623 0.00489461 0.0127535
8 0.287544 0.723116 0.0595154 0.0293755
0 0.718087 0.788808 0.00990639 0.04815
0 0.0687281 0.748718 0.0087226 0.011891
24 0.153819 0.98324 0.0183522 0.0133894
4 0.236173 0.295449 0.025272 0.0105117
0 0.944984 0.677032 0.0107288 0.0162863
0 0.0597245 0.738333 0.0167263 0.0171171
0 0.101913 0.983338 0.0605983 0.0274874
37 0.688911 0.820749 0.0173241 0.00703973
0 0.0645959 0.738656 0.0108615 0.0183139
0 0.373761 0.775148 0.0110312 0.0152098
0 0.130782 0.982519 0.065814 0.027771
0 0.90286 0.685179 0.00395012 0.0143501
0 0.99604 0.670158 0.00689564 0.0142573
0 0.859396 0.795003 0.00719757 0.0129452
0 0.682168 0.814943 0.0291745 0.0190191
0 0.412516 0.760947 0.00715809 0.0117438
0 0.54103 0.84803 0.00754251 0.0286743
0 0.778707 0.81391 0.00978346 0.013994
0 0.953726 0.859663 0.0205421 0.0222768
0 0.798244 0.774556 0.0117205 0.0477292
8 0.294901 0.719877 0.0334806 0.0197539
0 0.857009 0.795232 0.0137699 0.0134189
8 0.50069 0.726346 0.0143391 0.0135339
0 0.158433 0.733306 0.00847712 0.0138809
37 0.577462 0.879638 0.0338221 0.0115248
0 0.00939965 0.979266 0.0185883 0.0201543
0 0.376442 0.776559 0.0135647 0.0173993
0 0.15659 0.731892 0.0117525 0.0119564
0 0.367947 0.77202 0.0101684 0.0132651
37 0.138729 0.738647 0.0164497 0.0092475
0 0.146269 0.734673 0.0338773 0.0183841
37 0.935881 0.867017 0.0115244 0.0147417
0 0.559497 0.838699 0.00640202 0.00974935
37 0.855407 0.847034 0.0332571 0.0148293
0 0.154018 0.98327 0.0189324 0.0138877
37 0.495234 0.862873 0.0155833 0.0108209
