0 0.554763 0.816169 0.00988369 0.0452701
0 0.571884 0.811979 0.0132118 0.055584
0 0.452544 0.834428 0.0127459 0.0674723
0 0.641909 0.805013 0.00914268 0.0468336
0 0.53101 0.819111 0.0144547 0.0554598
0 0.718454 0.828984 0.014321 0.0336965
0 0.722904 0.788445 0.00899525 0.0509243
0 0.68895 0.795354 0.0100235 0.0467539
0 0.843198 0.763891 0.00786018 0.0414924
0 0.73463 0.785562 0.00915279 0.0487998
0 0.83128 0.835258 0.0168999 0.0322971
0 0.306823 0.895739 0.0161146 0.0689267
0 0.659398 0.807334 0.00756474 0.0367125
0 0.701239 0.794039 0.01097 0.0502821
0 0.956805 0.847829 0.0158508 0.0339445
0 0.391058 0.832004 0.0180418 0.0846575
0 0.797091 0.774803 0.00907478 0.0505725
0 0.114501 0.982357 0.0309796 0.0235341
0 0.47623 0.856089 0.0184773 0.0259232
0 0.974121 0.762276 0.0178173 0.0283061
0 0.928582 0.746252 0.00805664 0.0571877
0 0.853206 0.83424 0.0209917 0.0285322
0 0.945856 0.851027 0.0191624 0.0375278
0 0.391288 0.820288 0.01721 0.0607686
0 0.355142 0.989439 0.014958 0.021121
0 0.891423 0.976591 0.0608921 0.0447657
0 0.904877 0.97326 0.037553 0.038728
0 0.0537952 0.729983 0.00516976 0.0165439
8 0.198024 0.915438 0.0459612 0.0317837
0 0.939817 0.852493 0.0213076 0.039259
37 0.0223639 0.938691 0.0447278 0.0298937
0 0.88303 0.982757 0.0441189 0.0328047
37 0.198107 0.915429 0.0463146 0.0320302
0 0.899678 0.681305 0.00701408 0.0171157
0 0.00562219 0.975084 0.0111713 0.0269033
0 0.98388 0.729129 0.0077343 0.0210854
0 0.577826 0.875428 0.0326593 0.0145938
8 0.0549338 0.734666 0.0149691 0.0171424
0 0.67694 0.815322 0.0175507 0.0183516
0 0.953942 0.850045 0.0221851 0.0374788
0 0.388987 0.849115 0.0114134 0.0518812
0 0.308292 0.898812 0.0213452 0.0753805
8 0.428151 0.755922 0.0303874 0.0110028
37 0.0970268 0.994108 0.0484395 0.00824415
0 0.86282 0.692828 0.00668736 0.0239041
0 0.484827 0.856129 0.0363979 0.0265116
0 0.911486 0.974206 0.046245 0.041423
0 0.730177 0.788785 0.00728407 0.0428511
0 0.924733 0.682242 0.00830078 0.0130003
0 0.0359351 0.749911 0.0104423 0.0120746
0 0.957047 0.673103 0.00632172 0.01855
0 0.922377 0.973613 0.0261341 0.0394419
0 0.914079 0.671722 0.00437183 0.0122139
8 0.332359 0.726162 0.0324715 0.012125
0 0.729648 0.793478 0.00742874 0.0334819
8 0.26858 0.730878 0.0146011 0.00991686
0 0.715473 0.829263 0.0206747 0.0343024
0 0.917252 0.972373 0.0154675 0.0368154
0 0.914667 0.972135 0.010424 0.0368337
0 0.786388 0.813933 0.0354456 0.0190921
8 0.467575 0.752622 0.0333851 0.0172746
0 0.102727 0.984214 0.0560659 0.0269562
8 0.459455 0.752366 0.0196224 0.0157542
8 0.499493 0.750043 0.0966498 0.0234385
0 0.94074 0.674438 0.0053648 0.019584
37 0.577583 0.87528 0.0323679 0.0137845
0 0.835177 0.835474 0.0254089 0.032832
37 0.935554 0.867579 0.0142975 0.0125534
0 0.856265 0.836284 0.0288486 0.0315742
0 0.952688 0.659295 0.00513477 0.0142159
8 0.275122 0.73472 0.0286548 0.0178897
8 0.141017 0.748856 0.0220242 0.013652
8 0.282523 0.73866 0.0136178 0.0111671
8 0.523384 0.747842 0.0483794 0.01883
0 0.0552537 0.734386 0.0146933 0.0174289
0 0.00853686 0.975189 0.016986 0.0285104
0 0.119632 0.984072 0.0405826 0.0246796
0 0.961066 0.650129 0.00412712 0.0170828
0 0.386203 0.820334 0.00989914 0.0553097
0 0.991091 0.671008 0.00702209 0.0153042
8 0.520055 0.749815 0.0391705 0.0149704
0 0.996015 0.807578 0.0075613 0.0289249
14 0.996278 0.816343 0.00703774 0.0113803
0 0.860578 0.794674 0.00532303 0.0135742
0 0.481045 0.85572 0.0192456 0.0259901
0 0.943596 0.853298 0.0306759 0.0420936
8 0.171965 0.735052 0.0241714 0.0103448
24 0.153449 0.983671 0.0179783 0.0126755
0 0.773922 0.8136 0.0202333 0.0187837
0 0.885684 0.976974 0.0454014 0.0361203
0 0.942058 0.670049 0.00580349 0.0274868
37 0.317219 0.91777 0.0114373 0.013485
0 0.386285 0.834296 0.0116107 0.0334534
37 0.936045 0.863725 0.0149727 0.0191525
0 0.864642 0.693441 0.0108425 0.023193
0 0.385838 0.829288 0.00865507 0.0334805
0 0.00520379 0.969675 0.0103956 0.0385349
0 0.942135 0.661245 0.00507069 0.0118729
0 0.778107 0.814331 0.0317406 0.0203573
0 0.384739 0.81241 0.00679045 0.0290422
0 0.929706 0.730866 0.00651646 0.0295407
8 0.474164 0.754248 0.0195442 0.0136412
0 0.858041 0.837324 0.0429033 0.0342702
0 0.958364 0.848916 0.0213539 0.0357347
0 0.777382 0.814501 0.0129473 0.0170261
0 0.768746 0.812929 0.0122801 0.0182654
0 0.930152 0.745728 0.0106728 0.0587592
0 0.540613 0.849628 0.0086916 0.028717
4 0.748573 0.241566 0.00442762 0.00710814
37 0.860544 0.846084 0.0391632 0.0162594
0 0.855629 0.79525 0.0161079 0.0127864
37 0.5938 0.91244 0.0605629 0.0130124
0 0.78417 0.813789 0.024967 0.017463
0 0.657239 0.807608 0.0118558 0.038032
8 0.507843 0.721598 0.0136026 0.0108093
0 0.00423959 0.963622 0.00837027 0.0488205
8 0.139241 0.747235 0.0259481 0.0170459
8 0.178708 0.562531 0.0466346 0.0146176
8 0.993645 0.698208 0.0122944 0.0240546
0 0.996068 0.815303 0.00739021 0.0160892
37 0.593148 0.907349 0.0624001 0.0220147
