0 0.452489 0.833654 0.0121893 0.0676971
0 0.729874 0.787916 0.00868416 0.0451202
0 0.842755 0.76621 0.00893574 0.0460415
0 0.547408 0.812371 0.0127089 0.0499559
0 0.797484 0.77663 0.00860462 0.0489376
0 0.858005 0.763609 0.0113304 0.0529792
0 0.8271 0.768147 0.00911274 0.0470371
0 0.755209 0.780882 0.00845337 0.0489807
0 0.742768 0.784751 0.00827885 0.0462411
0 0.830649 0.834661 0.0176098 0.0335583
0 0.69516 0.795055 0.00933743 0.0447206
0 0.704622 0.791954 0.00986748 0.0473151
0 0.953802 0.848925 0.021917 0.0398787
0 0.817499 0.779934 0.00570927 0.0298896
0 0.718138 0.830369 0.0133577 0.0316952
0 0.852989 0.832377 0.0216259 0.0342645
0 0.272433 0.725752 0.00590072 0.0174922
0 0.891831 0.976115 0.0613503 0.0458984
37 0.198946 0.916389 0.0466297 0.0316142
0 0.0712943 0.741345 0.0115508 0.0214244
0 0.433236 0.914831 0.0249889 0.0370327
0 0.351145 0.756605 0.0083827 0.021975
0 0.190516 0.731651 0.00889723 0.00803511
0 0.471185 0.853617 0.0165745 0.0336636
0 0.712471 0.831046 0.0260069 0.0322052
37 0.0220863 0.93861 0.0441727 0.0282396
0 0.00561237 0.977029 0.0111821 0.0240407
0 0.391324 0.828236 0.0183234 0.0803043
0 0.904186 0.972991 0.0388485 0.0399616
0 0.790788 0.702011 0.00522299 0.0199856
0 0.469463 0.855371 0.0129115 0.0294249
0 0.00987715 0.748959 0.00911737 0.0179986
0 0.114894 0.981491 0.0302188 0.0243364
0 0.774094 0.699924 0.00841389 0.0208366
0 0.935445 0.726639 0.00670471 0.0208049
0 0.354624 0.98926 0.0160844 0.0214794
0 0.577671 0.875756 0.0323717 0.0147836
0 0.675623 0.816636 0.0147632 0.0199385
0 0.319785 0.710828 0.00686893 0.0177785
8 0.271275 0.735412 0.0135971 0.0148302
0 0.109606 0.980585 0.019792 0.0233958
0 0.856159 0.831102 0.0152405 0.0331977
0 0.445737 0.777364 0.00494862 0.0144572
8 0.0719072 0.742104 0.0151363 0.0220747
0 0.411393 0.768091 0.00425901 0.0091668
0 0.985945 0.740527 0.0154076 0.0407732
0 0.142384 0.735415 0.00515609 0.00966627
0 0.391113 0.812655 0.0177768 0.0468743
37 0.53131 0.738484 0.0163191 0.00920953
0 0.885392 0.979069 0.0489559 0.0398348
0 0.108505 0.98361 0.0475658 0.0272225
0 0.439412 0.77684 0.0080822 0.0143838
0 0.440781 0.918753 0.0100414 0.0252926
0 0.951854 0.85913 0.0180655 0.0231381
8 0.531229 0.738332 0.0162165 0.00941993
8 0.997334 0.676074 0.0048893 0.0175635
4 0.394082 0.315121 0.0154681 0.00730086
8 0.0664307 0.743369 0.0268087 0.0232266
8 0.297088 0.728436 0.0210241 0.0112434
37 0.102555 0.993818 0.0607778 0.00882331
0 0.119618 0.984383 0.0392091 0.023211
0 0.47647 0.852099 0.011578 0.0321486
0 0.442679 0.777551 0.0119133 0.0155407
0 0.972239 0.674066 0.00564766 0.0194661
0 0.985073 0.744423 0.0130791 0.0331777
0 0.895524 0.681907 0.00699806 0.0179991
0 0.996534 0.810923 0.00651855 0.0207041
0 0.680376 0.816459 0.023573 0.0198522
0 0.996589 0.813969 0.00639973 0.0144701
8 0.437504 0.777767 0.0243773 0.0168772
0 0.92221 0.97381 0.0270086 0.0413354
0 0.773407 0.812964 0.00841656 0.0152395
0 0.989683 0.730089 0.00905533 0.0243235
8 0.296973 0.730387 0.0222455 0.0121528
0 0.858905 0.83427 0.037785 0.0386247
8 0.0670407 0.749238 0.0259225 0.0133416
0 0.541095 0.849447 0.00757046 0.0289378
0 0.777242 0.813513 0.0127281 0.0158664
0 0.912175 0.974838 0.0463345 0.0439796
0 0.767917 0.81298 0.00918312 0.0151552
0 0.00833981 0.749141 0.0126631 0.0189863
0 0.974351 0.762772 0.0194866 0.0268253
0 0.879797 0.98526 0.03727 0.0272235
0 0.429169 0.917252 0.0222118 0.0329475
0 0.149701 0.735717 0.0242811 0.0100276
0 0.921406 0.6806 0.00702152 0.0126016
37 0.956366 0.866796 0.0284077 0.0142222
0 0.956388 0.851438 0.0280977 0.0408868
37 0.103255 0.985195 0.0617949 0.0250824
0 0.125864 0.985606 0.0275861 0.0204485
0 0.973608 0.753206 0.00868874 0.0109107
8 0.14858 0.736314 0.02834 0.0111725
0 0.540695 0.846023 0.00609856 0.025081
0 0.121595 0.986155 0.0188784 0.0212674
0 0.882779 0.682449 0.00876751 0.0115548
0 0.840751 0.834108 0.0387564 0.0351444
8 0.306877 0.715664 0.020894 0.00962965
37 0.535091 0.738532 0.0244944 0.0104791
0 0.923476 0.97789 0.0243015 0.0320031
24 0.153555 0.983366 0.0174963 0.0128103
0 0.959994 0.84955 0.0172092 0.0398929
8 0.308449 0.713958 0.0241983 0.0122308
8 0.309116 0.713957 0.0269441 0.0166863
8 0.309934 0.711143 0.0277359 0.0204568
0 0.531465 0.738005 0.016959 0.0107646
0 0.976969 0.673321 0.0142857 0.0214214
0 0.936585 0.725592 0.00908623 0.0233351
0 0.818719 0.778061 0.00835896 0.0323083
37 0.425207 0.928537 0.0159512 0.010733
37 0.957661 0.868773 0.0257208 0.0100559
0 0.976103 0.7691 0.0230618 0.0158173
8 0.982277 0.654719 0.0161427 0.0245553
0 0.824584 0.814927 0.0244186 0.0101344
0 0.1535 0.983383 0.0175799 0.0131921
0 0.590856 0.908082 0.0574175 0.0228892
37 0.589555 0.911771 0.0561113 0.0154395
8 0.98036 0.662889 0.0212072 0.0438322
0 0.350048 0.989297 0.0262176 0.021335
8 0.286886 0.73331 0.0442101 0.014612
8 0.260821 0.397134 0.00517082 0.00845659
37 0.954938 0.863697 0.0252489 0.0198425
0 0.776043 0.814436 0.0163456 0.0193993
0 0.961534 0.850164 0.0389227 0.0428577
