0 0.45303 0.834028 0.0129802 0.0672547 1
0 0.224377 0.871137 0.0104019 0.0523613 2
0 0.479925 0.829543 0.0131528 0.0587797 3
0 0.953366 0.848967 0.0224215 0.0428953 4
0 0.869374 0.762022 0.00717382 0.0392942 5
0 0.697949 0.793788 0.00925784 0.0472343 6
0 0.77628 0.777686 0.00824413 0.049464 11
0 0.829163 0.834174 0.0183333 0.0326732 12
0 0.519422 0.777213 0.00919518 0.0270143 13
0 0.79035 0.77641 0.0138092 0.0486093 15
0 0.853979 0.832244 0.0217682 0.0349853 16
0 0.883644 0.980195 0.045457 0.038326 20
0 0.423214 0.910017 0.0197064 0.0499464 21
0 0.717577 0.83099 0.0146222 0.0314243 23
0 0.00952087 0.746564 0.0104091 0.0172741 25
37 0.198712 0.915443 0.0457287 0.0325863 34
0 0.81693 0.773197 0.010904 0.0409387 61
0 0.84321 0.764347 0.00758944 0.0447199 102
0 0.972878 0.739345 0.0123635 0.0396563 17
0 0.935396 0.728203 0.00728197 0.0234952 127
0 0.851241 0.764736 0.00914726 0.0412614 10
0 0.354482 0.989087 0.0147931 0.0218262 146
0 0.765739 0.694666 0.00612736 0.0112184 149
0 0.946927 0.746044 0.0110292 0.0476715 7
0 0.677347 0.793085 0.010186 0.0381389 116
0 0.907837 0.743404 0.00841579 0.0239396 170
0 0.391085 0.818308 0.0173055 0.0577901 141
