0 0.452985 0.834015 0.012637 0.0675804 1
0 0.177779 0.875942 0.0147961 0.0510061 2
0 0.481828 0.831719 0.0149575 0.0647969 3
0 0.953571 0.849534 0.0221877 0.0412685 4
0 0.858301 0.763191 0.00746183 0.0400833 5
0 0.697017 0.793411 0.00888481 0.0493121 6
0 0.772516 0.779345 0.00981522 0.0469497 11
0 0.830263 0.834384 0.0179993 0.0327706 12
0 0.85552 0.831286 0.0165322 0.0334263 16
0 0.883409 0.980757 0.0451086 0.0365435 20
0 0.717287 0.830438 0.0148467 0.031119 23
0 0.00863449 0.750114 0.00777877 0.0178311 25
8 0.198617 0.915773 0.0464444 0.0315717 34
0 0.842815 0.766095 0.00960922 0.046273 102
0 0.986306 0.735516 0.0104484 0.0438032 17
0 0.354916 0.989216 0.014898 0.0215596 146
0 0.931559 0.751074 0.00880785 0.0366512 7
0 0.681289 0.790892 0.0110167 0.0363104 116
0 0.911496 0.742967 0.00817585 0.0212502 170
0 0.808447 0.774805 0.00835419 0.0441438 123
0 0.765261 0.697544 0.00586491 0.0170808 149
0 0.787976 0.776688 0.0105169 0.0468491 15
0 0.115359 0.984351 0.030979 0.0226394 212
0 0.83438 0.769176 0.00836496 0.0406669 228
0 0.784603 0.698259 0.00617242 0.0185174 245
0 0.498927 0.808646 0.0104034 0.0380931 260
0 0.425405 0.915918 0.0229704 0.0385056 21
