0 0.452081 0.834191 0.0122886 0.0667468 1
0 0.953608 0.849571 0.0225655 0.0408122 4
0 0.830836 0.834728 0.0175866 0.0334223 12
0 0.855756 0.829541 0.0145514 0.0335922 16
0 0.718699 0.830385 0.0139325 0.0314806 23
0 0.431491 0.91449 0.0285697 0.0369255 21
0 0.520411 0.821987 0.0143452 0.0514659 260
37 0.197539 0.915581 0.0448553 0.031747 34
0 0.842484 0.766253 0.00905342 0.0458013 495
0 0.115864 0.982897 0.0357185 0.0273488 538
0 0.691025 0.795762 0.00961032 0.0441144 572
0 0.586799 0.81375 0.0107306 0.0499303 6
0 0.939291 0.727815 0.00719862 0.017706 821
0 0.796629 0.774695 0.00766506 0.0476284 953
0 0.971874 0.7614 0.0118711 0.0264642 649
0 0.675307 0.814891 0.0138492 0.0193614 971
0 0.475036 0.856365 0.0171761 0.0261336 3
0 0.746449 0.781735 0.00864234 0.048277 1102
0 0.35536 0.989194 0.0139618 0.0216114 1114
37 0.0221084 0.938518 0.044191 0.0284347 1123
0 0.725442 0.787179 0.00828714 0.0456323 1140
0 0.712546 0.787586 0.0103761 0.0526829 762
0 0.00576536 0.979671 0.0114492 0.0181053 1150
0 0.0105626 0.747694 0.00921616 0.0183512 1151
0 0.385827 0.775628 0.00821917 0.015971 1152
0 0.701247 0.792527 0.00952258 0.0464516 277
0 0.285 0.719692 0.00731897 0.014994 1159
0 0.682597 0.791326 0.00994368 0.0512108 1167
37 0.0706822 0.749241 0.0137839 0.0131767 1175
