0 0.453941 0.833512 0.0118322 0.067662 1
0 0.466553 0.83674 0.0148811 0.0641556 3
0 0.953521 0.849305 0.0219477 0.040996 4
0 0.694558 0.793989 0.0100567 0.0457185 6
0 0.830695 0.834472 0.0174418 0.0341482 12
0 0.856281 0.830209 0.0163318 0.0326076 16
0 0.892727 0.976131 0.06159 0.0454143 20
0 0.718676 0.830554 0.0144714 0.0309258 23
0 0.354264 0.98934 0.0153577 0.0212635 146
0 0.794785 0.775572 0.0105301 0.0485441 123
0 0.434635 0.913778 0.0224138 0.0378612 21
0 0.527885 0.815278 0.0104838 0.0405943 260
0 0.843233 0.766906 0.00817585 0.0461705 228
37 0.197347 0.915602 0.043942 0.0310248 34
0 0.744565 0.784957 0.0078392 0.0482925 277
0 0.903461 0.973028 0.0389454 0.0392105 367
0 0.334273 0.754646 0.00710945 0.019329 411
0 0.464125 0.781858 0.00722394 0.0239688 309
0 0.853581 0.762288 0.00774775 0.0487371 7
0 0.0714407 0.741122 0.0069435 0.0256699 451
0 0.277305 0.728457 0.00632892 0.0141598 475
0 0.947722 0.749254 0.0102821 0.0423712 492
0 0.829071 0.777676 0.00682392 0.0314549 493
0 0.887432 0.757792 0.00930967 0.0484892 495
0 0.706289 0.791704 0.0098762 0.0466437 500
0 0.95714 0.848064 0.0152524 0.0382024 513
0 0.972234 0.762984 0.0144732 0.0271561 338
0 0.963807 0.738153 0.00718613 0.0312836 447
0 0.00880206 0.751262 0.00833843 0.0183061 523
0 0.754425 0.783696 0.00946398 0.047472 11
0 0.810142 0.775478 0.00891371 0.0466583 417
37 0.0222277 0.938903 0.0442706 0.0289285 311
0 0.117966 0.983417 0.0361716 0.0240618 538
