0 0.452069 0.833881 0.0118757 0.0664422 1
0 0.953482 0.850233 0.0220429 0.0397886 4
0 0.83125 0.835201 0.0187529 0.0329772 12
0 0.856486 0.829882 0.0137599 0.0332611 16
0 0.718009 0.829974 0.0137511 0.0320458 23
0 0.43934 0.891918 0.0193543 0.0816107 21
0 0.479795 0.823649 0.0139783 0.0518313 260
0 0.842162 0.76689 0.00822802 0.0459465 495
0 0.114261 0.983209 0.0333761 0.0275889 538
0 0.554808 0.818755 0.0108221 0.0491316 6
0 0.796296 0.775283 0.00853052 0.04891 953
0 0.475802 0.857689 0.0182185 0.0229111 3
0 0.737227 0.784329 0.0110933 0.0502469 1102
0 0.355039 0.989115 0.0148406 0.0217461 1114
37 0.0220992 0.939004 0.0441661 0.0307663 1123
0 0.665341 0.795558 0.0123718 0.0575113 762
0 0.00583495 0.978663 0.0115771 0.020464 1150
0 0.0181252 0.75016 0.0119664 0.0200562 1151
0 0.625212 0.804665 0.0135988 0.0555133 1167
0 0.893561 0.974853 0.0645294 0.0458229 1267
0 0.0651902 0.738572 0.00684444 0.0196263 1279
0 0.694234 0.796147 0.0104295 0.0431733 1307
8 0.197824 0.914489 0.0456595 0.0342862 34
0 0.702658 0.792267 0.0104597 0.0461227 1140
0 0.967272 0.741292 0.00894976 0.0385837 1233
0 0.974542 0.762406 0.0172481 0.027317 1353
0 0.934454 0.727296 0.00691319 0.0218371 821
