0 0.453466 0.833742 0.0118174 0.0665593 1
0 0.115838 0.891379 0.0109858 0.0612414 2
0 0.479989 0.832128 0.0125828 0.061724 3
0 0.953653 0.84904 0.0220513 0.038916 4
0 0.697666 0.793922 0.00859237 0.0435661 6
0 0.761072 0.781738 0.00634856 0.0449703 11
0 0.83018 0.834638 0.01717 0.0337377 12
0 0.85545 0.831613 0.016122 0.0332044 16
0 0.895826 0.97576 0.0667002 0.0456116 20
0 0.718365 0.830547 0.0129985 0.0310304 23
0 0.997433 0.729993 0.00468025 0.0290845 17
0 0.355085 0.98904 0.0142674 0.0219173 146
0 0.690902 0.796275 0.00829997 0.0420552 116
0 0.795478 0.776223 0.0088892 0.0480884 123
0 0.115028 0.983474 0.0301734 0.0266813 212
0 0.428358 0.894253 0.0188702 0.0796842 21
0 0.944477 0.747037 0.00930691 0.047414 232
0 0.514202 0.809937 0.00909491 0.0411528 260
0 0.843294 0.767136 0.00948677 0.0447378 228
0 0.907979 0.752614 0.0100945 0.0475641 7
0 0.49482 0.782001 0.007304 0.02775 309
37 0.0220815 0.938702 0.0441334 0.0298149 311
0 0.789709 0.698999 0.00658631 0.0206642 245
0 0.989633 0.738134 0.00669126 0.0335499 300
0 0.872079 0.762618 0.00892639 0.041777 336
0 0.974508 0.762029 0.0183364 0.0284303 338
37 0.198633 0.91597 0.04712 0.0317252 34
0 0.856459 0.771059 0.00589256 0.0295082 327
0 0.00523598 0.750251 0.0101342 0.0184825 347
