0 0.453118 0.833658 0.0126857 0.0681474 1
0 0.479748 0.853786 0.0162488 0.0302951 3
0 0.953483 0.849877 0.0221718 0.0420824 4
0 0.696336 0.795609 0.00926375 0.0432763 6
0 0.830642 0.835006 0.0176593 0.0329648 12
0 0.856563 0.830949 0.0143915 0.0337398 16
0 0.894517 0.975457 0.0676732 0.0474122 20
0 0.717426 0.830495 0.0126932 0.0309691 23
0 0.43411 0.914375 0.0235608 0.0372793 21
0 0.562626 0.81233 0.00950122 0.0451779 260
8 0.198627 0.91582 0.0440142 0.0321898 34
0 0.702571 0.793979 0.0086894 0.0436361 277
0 0.906409 0.97237 0.045011 0.0412774 367
0 0.843637 0.764988 0.00703011 0.0486846 495
0 0.755369 0.782033 0.00791798 0.0477923 11
0 0.115111 0.980974 0.0308463 0.0225266 538
0 0.736807 0.785283 0.00845509 0.0482289 572
0 0.808624 0.771531 0.0105968 0.0495485 228
0 0.971636 0.764052 0.0137146 0.0247156 649
0 0.796511 0.775565 0.00843463 0.0477828 417
0 0.777812 0.778718 0.00969176 0.0442348 683
37 0.0222355 0.938577 0.0444615 0.0280554 311
0 0.825992 0.767797 0.00900145 0.0520989 762
0 0.797265 0.697943 0.00531363 0.0144676 795
0 0.940482 0.727344 0.00624638 0.0190548 821
0 0.410354 0.761097 0.00488563 0.0084632 837
0 0.421649 0.781411 0.00803165 0.0205293 758
