0 0.451434 0.834238 0.0139642 0.0662816 1
0 0.830874 0.834906 0.017913 0.0336131 12
0 0.855591 0.8307 0.0162485 0.0332269 16
0 0.718069 0.82996 0.0139105 0.0316627 23
0 0.843261 0.767655 0.00805416 0.0472878 495
0 0.114621 0.983755 0.0323514 0.0264395 538
0 0.554993 0.819166 0.0107467 0.0512276 6
0 0.796249 0.775872 0.00879755 0.0488026 953
0 0.476058 0.856477 0.0207537 0.0261237 3
0 0.722425 0.78677 0.0116259 0.0489001 1102
0 0.354978 0.989351 0.0136817 0.0212938 1114
37 0.0225187 0.93853 0.0450374 0.0301253 1123
0 0.607636 0.806751 0.0137338 0.0574635 762
0 0.0112668 0.75187 0.00841554 0.0162698 1151
0 0.567526 0.812365 0.0105309 0.0548933 1167
0 0.894018 0.97546 0.0631166 0.0450558 1267
37 0.198291 0.915696 0.0450355 0.0318002 34
0 0.703572 0.791867 0.00790215 0.0459526 1140
0 0.974725 0.762266 0.0183962 0.0274419 1353
0 0.905493 0.973188 0.0414871 0.0397089 1364
0 0.934818 0.728444 0.00735502 0.0251158 821
0 0.688276 0.794599 0.011332 0.0456637 1391
0 0.662621 0.80083 0.00891433 0.04413 1307
0 0.883487 0.984678 0.0448447 0.0283007 1411
0 0.374546 0.8993 0.0226868 0.0831282 1403
0 0.427329 0.836277 0.0152214 0.0616812 1431
0 0.955229 0.849905 0.019908 0.0389277 4
0 0.39122 0.833097 0.018278 0.0866343 1324
0 0.94197 0.746603 0.00829754 0.039468 1376
