0 0.452814 0.833491 0.0124095 0.06748 1
0 0.295403 0.861207 0.00971119 0.0580766 2
0 0.484086 0.826939 0.0151626 0.0546747 3
0 0.953403 0.848323 0.0222773 0.0420469 4
0 0.880478 0.759075 0.00849209 0.0411756 5
0 0.698006 0.795767 0.00946364 0.0494566 6
0 0.972512 0.737127 0.00868759 0.0392943 7
0 0.788314 0.776811 0.0106225 0.0475031 8
0 0.523627 0.780009 0.01051 0.0200616 9
0 0.842738 0.766735 0.00911655 0.0484846 10
0 0.769953 0.780418 0.00899057 0.0460063 11
0 0.830787 0.834412 0.0154714 0.0330378 12
0 0.536839 0.776897 0.00821443 0.0270213 13
0 0.684411 0.794757 0.0108493 0.0424121 14
0 0.79678 0.775125 0.00889964 0.0492096 15
0 0.856432 0.827851 0.0127575 0.0354954 16
0 0.943631 0.74719 0.0097908 0.0441076 17
0 0.895182 0.737796 0.00694284 0.0288215 18
0 0.893787 0.975917 0.0654666 0.0464311 20
0 0.423334 0.913813 0.018006 0.0429436 21
0 0.469405 0.798366 0.00834637 0.0309647 22
0 0.718588 0.830346 0.0137423 0.0316416 23
0 0.00990992 0.750513 0.00796668 0.0182345 25
37 0.198113 0.916325 0.046321 0.0310406 34
0 0.820856 0.770194 0.00890236 0.0355665 47
