0 0.452779 0.833297 0.0127795 0.0676482 1
0 0.473282 0.855064 0.0194814 0.0302645 3
0 0.953357 0.849658 0.0223642 0.0416303 4
0 0.693184 0.793523 0.0088696 0.0453316 6
0 0.830553 0.834827 0.0176358 0.0336907 12
0 0.855824 0.832134 0.0155 0.0313459 16
0 0.890972 0.976573 0.060351 0.0453073 20
0 0.718628 0.829991 0.0143098 0.0317607 23
0 0.434885 0.914186 0.0220288 0.0375001 21
0 0.55288 0.811587 0.0121576 0.0460787 260
37 0.198902 0.91586 0.0451055 0.0313246 34
0 0.716101 0.790115 0.00940318 0.0431185 277
0 0.903179 0.972812 0.0379683 0.038798 367
0 0.841748 0.766404 0.0117411 0.0483053 495
0 0.702068 0.790985 0.0100634 0.0469336 500
0 0.00676929 0.751921 0.0101555 0.0198788 523
0 0.755951 0.781421 0.00722084 0.0484936 11
0 0.115407 0.983355 0.0311457 0.0263271 538
0 0.808905 0.781604 0.0059454 0.0303218 493
0 0.739706 0.784658 0.00886974 0.0459416 572
0 0.821756 0.770503 0.0102764 0.0490284 228
0 0.00539635 0.978451 0.0107418 0.0206894 627
0 0.974583 0.763516 0.0181933 0.0245895 649
0 0.796508 0.774751 0.00882535 0.0493122 417
0 0.787523 0.777335 0.00759892 0.0418654 683
0 0.318419 0.714108 0.00558345 0.017668 570
37 0.0221572 0.938049 0.0442908 0.0295835 311
0 0.27642 0.726842 0.007004 0.0147177 694
0 0.0670047 0.741512 0.00818863 0.0267534 733
