0 0.452423 0.834291 0.0123907 0.0663753 1
0 0.953667 0.850016 0.0219623 0.0423974 4
0 0.830777 0.834763 0.0174633 0.0333566 12
0 0.856307 0.829862 0.0143749 0.0328636 16
0 0.883292 0.984604 0.0434114 0.029642 20
0 0.718257 0.830753 0.0131086 0.0307493 23
0 0.433607 0.914205 0.0250789 0.0374089 21
0 0.541247 0.821512 0.0118381 0.0559249 260
37 0.198232 0.916007 0.0452895 0.0304099 34
0 0.701949 0.792908 0.0095736 0.0450254 277
0 0.843219 0.766156 0.00782824 0.0438522 495
0 0.114321 0.981921 0.0312541 0.0268988 538
0 0.715659 0.787826 0.0115277 0.0493761 572
0 0.744184 0.781767 0.0102879 0.0516095 762
0 0.612416 0.808737 0.0106908 0.0495202 6
0 0.938672 0.728663 0.00744839 0.0205384 821
0 0.692785 0.795317 0.0102324 0.0478453 882
0 0.796595 0.775938 0.00791497 0.0482482 953
0 0.971973 0.762673 0.0146159 0.0273233 649
0 0.676408 0.814951 0.0165259 0.0194576 971
0 0.00514742 0.750357 0.0096857 0.0198716 523
0 0.475653 0.853734 0.0160532 0.0302776 3
0 0.730216 0.785727 0.00974207 0.0440796 1033
0 0.0591574 0.738047 0.0051383 0.0200628 955
