0 0.453612 0.833893 0.0133929 0.0667344 1
0 0.140305 0.885656 0.0111513 0.0599265 2
0 0.479769 0.832747 0.0137642 0.0640197 3
0 0.953583 0.848155 0.0220592 0.0374922 4
0 0.700115 0.794786 0.00981002 0.0418749 6
0 0.767006 0.779269 0.0103226 0.0501968 11
0 0.830248 0.834707 0.0171626 0.0338336 12
0 0.855354 0.83133 0.0160421 0.0338052 16
0 0.895247 0.975471 0.0654771 0.0454984 20
0 0.718552 0.830068 0.0130042 0.0319973 23
37 0.198622 0.915778 0.0464173 0.0321776 34
0 0.995248 0.735531 0.00922499 0.0468176 17
0 0.35528 0.989028 0.0139843 0.0219441 146
0 0.686604 0.796066 0.00961766 0.0430811 116
0 0.797693 0.776192 0.00867477 0.0427556 123
0 0.791161 0.776368 0.00798612 0.0477926 15
0 0.116037 0.983555 0.0320706 0.0265735 212
0 0.424431 0.894811 0.0151779 0.0818621 21
0 0.952644 0.745107 0.00908442 0.0436067 232
0 0.753667 0.781834 0.00825396 0.0481107 277
0 0.935041 0.727202 0.0052948 0.0224581 291
0 0.509955 0.80913 0.00947976 0.0343665 260
0 0.846271 0.766773 0.00949058 0.0428208 228
0 0.917064 0.751649 0.0100739 0.0469338 7
0 0.502442 0.777956 0.00758071 0.0194715 309
37 0.0220518 0.938593 0.0440916 0.0289538 311
0 0.788509 0.699968 0.00635452 0.0197044 245
0 0.479442 0.780903 0.00726533 0.0198664 316
