0 0.452501 0.833685 0.0122153 0.0675245 1
0 0.953669 0.849939 0.0218883 0.0423071 4
0 0.830761 0.83474 0.0176467 0.0334132 12
0 0.856128 0.830065 0.0144091 0.032275 16
0 0.883258 0.982404 0.0436555 0.0340296 20
0 0.718208 0.830727 0.0131297 0.0309773 23
0 0.433739 0.914025 0.0253177 0.0376854 21
0 0.54241 0.82006 0.0118559 0.0537916 260
37 0.198134 0.914068 0.0459381 0.0344336 34
0 0.702573 0.79221 0.0104193 0.046966 277
0 0.84326 0.765674 0.00797863 0.043934 495
0 0.114635 0.981788 0.0314847 0.0267754 538
0 0.719028 0.787076 0.00982971 0.0496368 572
0 0.747934 0.7816 0.0118664 0.0508458 762
0 0.615948 0.808367 0.0101926 0.0458661 6
0 0.938482 0.728741 0.00741615 0.020457 821
0 0.692767 0.794905 0.0103955 0.04864 882
0 0.796589 0.775807 0.00793543 0.0485613 953
0 0.972286 0.762589 0.014991 0.0268716 649
0 0.67642 0.814925 0.0165612 0.0194433 971
0 0.00467567 0.752088 0.00911224 0.0181857 523
0 0.475349 0.85394 0.0163153 0.0301279 3
0 0.2758 0.729104 0.00577781 0.015182 999
0 0.0652853 0.751164 0.00481743 0.0127197 1030
0 0.731501 0.786763 0.00946989 0.0461979 1033
0 0.739105 0.792951 0.00776777 0.0322185 1058
0 0.0586675 0.73739 0.00477556 0.0196854 955
