0 0.452965 0.833824 0.0128553 0.0673578 1
0 0.252251 0.867694 0.012992 0.0580207 2
0 0.478872 0.829403 0.0117549 0.0586166 3
0 0.953715 0.848777 0.0220469 0.0428385 4
0 0.873708 0.762698 0.00826664 0.0412471 5
0 0.698047 0.793405 0.00842285 0.0491677 6
0 0.509725 0.781502 0.0065455 0.0231335 9
0 0.775528 0.776519 0.00669532 0.0511954 11
0 0.830665 0.834678 0.0159525 0.0316193 12
0 0.524245 0.778108 0.00768943 0.0253946 13
0 0.795134 0.775908 0.00860467 0.0481934 15
0 0.856402 0.829479 0.016468 0.0363234 16
0 0.883373 0.980222 0.045069 0.0382164 20
0 0.4237 0.909827 0.0179731 0.0498394 21
0 0.717149 0.830936 0.0128373 0.0312417 23
0 0.00808167 0.743768 0.00947205 0.0193993 25
37 0.198291 0.915803 0.0461382 0.0323603 34
0 0.788803 0.77488 0.00848417 0.0472081 8
0 0.827459 0.769859 0.00910187 0.0377538 61
0 0.987658 0.737559 0.00858545 0.0463331 91
0 0.843576 0.763918 0.00765133 0.0442241 102
0 0.782637 0.693925 0.00655575 0.0129946 110
0 0.947013 0.741455 0.00686674 0.0296341 76
0 0.683571 0.795244 0.0111708 0.0437753 116
0 0.962749 0.743765 0.0114721 0.044378 17
0 0.480575 0.795264 0.0111012 0.0298971 22
0 0.80829 0.773368 0.00818739 0.0412568 123
0 0.930852 0.731237 0.00842247 0.030022 127
0 0.854847 0.76347 0.00913134 0.0389834 10
