0 0.453166 0.833526 0.0118741 0.0666647 1
0 0.476769 0.834894 0.0158323 0.0657485 3
0 0.953391 0.848834 0.0220111 0.039567 4
0 0.699256 0.794279 0.0104703 0.0484868 6
0 0.755422 0.784669 0.00903211 0.0434844 11
0 0.830252 0.834706 0.0174038 0.03325 12
0 0.855712 0.830927 0.0165874 0.0341293 16
0 0.894047 0.975469 0.0657365 0.0466793 20
0 0.718756 0.830665 0.0144425 0.0309469 23
0 0.354895 0.989168 0.0144447 0.0216004 146
0 0.79377 0.775086 0.00903583 0.045487 123
0 0.434348 0.908207 0.0244087 0.049898 21
0 0.925044 0.752553 0.00909939 0.0433243 232
0 0.51509 0.809133 0.0100695 0.041168 260
0 0.843139 0.765334 0.00797367 0.0466529 228
0 0.973436 0.762478 0.0180539 0.0281462 338
37 0.197937 0.91584 0.0461555 0.0316496 34
0 0.777369 0.780982 0.00883007 0.0420108 15
0 0.746453 0.784751 0.0105334 0.0459306 277
0 0.905369 0.972573 0.0421703 0.0417892 367
0 0.00628705 0.751942 0.0108798 0.0181636 347
0 0.852956 0.832176 0.0230097 0.0362269 408
0 0.320429 0.750223 0.0109791 0.0141053 411
0 0.833014 0.77046 0.00752344 0.0433709 417
0 0.487014 0.776373 0.00879989 0.0213981 309
0 0.899252 0.758315 0.00886202 0.0399887 437
0 0.887598 0.756866 0.0089839 0.046435 7
