0 0.453595 0.833578 0.0117937 0.0668811 1
0 0.111597 0.893297 0.0142133 0.0613018 2
0 0.479228 0.831557 0.0137183 0.0626483 3
0 0.953754 0.84878 0.0219253 0.0384893 4
0 0.697556 0.793557 0.00880465 0.042635 6
0 0.760115 0.780514 0.00677695 0.0478767 11
0 0.830178 0.834655 0.0171302 0.0337229 12
0 0.855461 0.831621 0.0161376 0.033164 16
0 0.896028 0.975709 0.0670423 0.0455936 20
0 0.717777 0.830876 0.0120319 0.0302901 23
0 0.355025 0.989094 0.0142911 0.0218117 146
0 0.690904 0.79575 0.00811176 0.041987 116
0 0.796612 0.77538 0.00882549 0.0484997 123
0 0.115421 0.983684 0.0306969 0.0267157 212
0 0.430792 0.894308 0.0206826 0.0794885 21
0 0.943007 0.748043 0.00910168 0.0484293 232
0 0.514459 0.808051 0.00858946 0.040299 260
0 0.842732 0.766489 0.00964689 0.0456538 228
0 0.906154 0.754496 0.0093709 0.0483076 7
0 0.494559 0.783128 0.00754933 0.0296852 309
37 0.0220793 0.938873 0.0441563 0.0296788 311
0 0.790278 0.698952 0.00619473 0.019811 245
0 0.991258 0.737656 0.00759163 0.0333949 300
0 0.873505 0.759858 0.00795269 0.039322 336
0 0.974438 0.762255 0.0181304 0.0278449 338
37 0.198478 0.915923 0.0467763 0.0316866 34
0 0.855454 0.771995 0.00613127 0.0293276 327
0 0.00528232 0.750135 0.00966565 0.0180337 347
0 0.791043 0.77886 0.00900698 0.0431602 15
