0 0.453594 0.831367 0.011581 0.0626843 1
0 0.311351 0.860257 0.0137869 0.0561271 2
0 0.486804 0.826075 0.0113656 0.0556509 3
0 0.953372 0.848459 0.0222677 0.0422413 4
0 0.884547 0.761616 0.00843706 0.045405 5
0 0.697082 0.794312 0.00863347 0.0478461 6
0 0.978193 0.739432 0.00922117 0.0463551 7
0 0.78555 0.776982 0.00766973 0.0446097 8
0 0.52692 0.779108 0.00985103 0.0233338 9
0 0.844956 0.766181 0.0100794 0.0492457 10
0 0.76785 0.779128 0.00877514 0.0409025 11
0 0.830984 0.834157 0.0153987 0.0335113 12
0 0.54021 0.776432 0.00730267 0.0282561 13
0 0.684968 0.794629 0.0104632 0.0458979 14
0 0.794743 0.77712 0.00902557 0.0464176 15
0 0.856344 0.827995 0.0128797 0.0355808 16
0 0.935915 0.750377 0.01138 0.0463448 17
0 0.892942 0.740528 0.00681009 0.0303021 18
8 0.0739765 0.75092 0.0277773 0.0141009 19
0 0.893599 0.975879 0.0650489 0.0463897 20
0 0.423852 0.914402 0.0188722 0.0417628 21
0 0.462752 0.799502 0.00947385 0.029208 22
0 0.718217 0.830195 0.0128728 0.0315157 23
0 0.420351 0.913918 0.0119959 0.0410594 24
0 0.0110397 0.750982 0.00639093 0.0181619 25
0 0.309505 0.742051 0.00693014 0.013795 26
