0 0.452867 0.83416 0.0125922 0.0668241 1
0 0.831193 0.835084 0.0169519 0.0325142 12
0 0.852795 0.833766 0.0228804 0.0302601 16
0 0.718024 0.829871 0.0135402 0.0320446 23
0 0.843158 0.764425 0.00829363 0.040259 495
0 0.116252 0.982803 0.0363007 0.0277713 538
0 0.796765 0.776352 0.00908976 0.0508844 953
0 0.475685 0.856804 0.0191173 0.0250803 3
0 0.733353 0.785021 0.0110703 0.0501272 1102
0 0.575789 0.809762 0.010892 0.0571502 762
0 0.53548 0.818034 0.0130201 0.0556161 1167
0 0.894083 0.975913 0.0651197 0.0447314 1267
37 0.198436 0.91646 0.045001 0.0306612 34
0 0.721218 0.787401 0.0105214 0.049389 1140
0 0.971576 0.763192 0.0135315 0.0259843 1353
0 0.906377 0.97345 0.0401694 0.0397155 1364
0 0.689272 0.795813 0.0109486 0.0464457 1391
0 0.643681 0.80287 0.00885158 0.0488318 1307
0 0.884285 0.981733 0.0457464 0.0337725 1411
0 0.957013 0.847938 0.0155222 0.0361088 4
0 0.483977 0.856825 0.0362528 0.0252917 1405
37 0.0221346 0.938924 0.0442606 0.0299494 1123
0 0.701507 0.794836 0.011494 0.0497363 1465
0 0.55477 0.816823 0.0100092 0.0465195 6
0 0.3911 0.832413 0.0186903 0.0858141 1324
0 0.928837 0.749594 0.00773792 0.0456166 1376
0 0.986047 0.732905 0.00704641 0.0279533 1490
0 0.661694 0.805855 0.00654287 0.0330995 1495
0 0.94537 0.850187 0.0147553 0.0379027 1472
0 0.313709 0.901726 0.0139045 0.0788584 1503
