0 0.452442 0.833483 0.0122144 0.0677071 1
0 0.473274 0.854032 0.0198613 0.0330831 3
0 0.953401 0.850115 0.0223871 0.0430533 4
0 0.69493 0.795718 0.00950241 0.0436456 6
0 0.830528 0.834824 0.0176368 0.0336573 12
0 0.855834 0.831507 0.0152396 0.0321415 16
0 0.890937 0.976703 0.0601304 0.0447387 20
0 0.718547 0.830114 0.0144127 0.0315753 23
0 0.434879 0.914206 0.0220498 0.0376495 21
0 0.555331 0.813858 0.0114348 0.044193 260
37 0.198589 0.916146 0.0460363 0.0309062 34
0 0.709573 0.792722 0.0107448 0.041738 277
0 0.90286 0.972799 0.0367588 0.0386102 367
0 0.843246 0.76647 0.00755243 0.0462514 495
0 0.00647048 0.752241 0.00803787 0.018915 523
0 0.755888 0.781267 0.00713773 0.0495861 11
0 0.115496 0.983196 0.0312224 0.0260336 538
0 0.802699 0.782526 0.00605416 0.0300861 493
0 0.737961 0.785187 0.0107832 0.0477307 572
0 0.815558 0.770528 0.0109797 0.0499806 228
0 0.973871 0.763878 0.0193863 0.0246452 649
0 0.796804 0.775526 0.00786815 0.049448 417
0 0.7836 0.777815 0.00966063 0.0446669 683
0 0.318389 0.71296 0.00604885 0.0186403 570
37 0.0222043 0.938245 0.0443365 0.0296733 311
0 0.276797 0.730557 0.00563474 0.0164911 694
0 0.0664613 0.742469 0.00904079 0.0304157 733
0 0.778269 0.698415 0.00611353 0.0169127 752
0 0.425939 0.77949 0.00967183 0.0184745 758
0 0.833846 0.768136 0.0106051 0.0504424 762
0 0.702772 0.793562 0.00742335 0.0425467 500
0 0.795796 0.697522 0.00417051 0.0152635 795
