0 0.453665 0.833975 0.0127345 0.0664498 1
0 0.136975 0.887046 0.0147389 0.0605459 2
0 0.479507 0.832175 0.0145396 0.0623786 3
0 0.953857 0.848402 0.0217193 0.0377641 4
0 0.700117 0.794248 0.00925365 0.0420704 6
0 0.766629 0.77994 0.0109261 0.0497965 11
0 0.830276 0.834759 0.0171115 0.0338093 12
0 0.855388 0.831293 0.0159969 0.0337097 16
0 0.895469 0.975591 0.0661739 0.0455847 20
0 0.718512 0.830554 0.0126576 0.0309733 23
37 0.198623 0.91568 0.0463441 0.0322226 34
0 0.99616 0.734544 0.00737305 0.0474454 17
0 0.355266 0.988991 0.0138909 0.0220149 146
0 0.687535 0.794884 0.00886903 0.0402228 116
0 0.79691 0.776405 0.00874047 0.0440772 123
0 0.790972 0.776305 0.00755396 0.0472991 15
0 0.11698 0.98357 0.0339568 0.0265793 212
0 0.42452 0.894676 0.0149681 0.082296 21
0 0.951771 0.74673 0.00967846 0.0432701 232
0 0.753094 0.782191 0.00787559 0.0484115 277
0 0.935009 0.726877 0.0056448 0.02304 291
0 0.511267 0.809046 0.0103316 0.0350058 260
0 0.846604 0.766549 0.00947065 0.0425684 228
0 0.916042 0.75427 0.0103842 0.0425685 7
0 0.501953 0.777693 0.00699635 0.0189815 309
37 0.0221694 0.938632 0.0442898 0.0290841 311
0 0.788446 0.700371 0.00648484 0.0194911 245
0 0.479032 0.781559 0.00689459 0.0225168 316
0 0.979627 0.740053 0.00888748 0.0316363 300
0 0.327022 0.71354 0.00552287 0.0191608 320
