0 0.452875 0.833321 0.012611 0.0678333 1
0 0.48389 0.857096 0.0356129 0.0236355 3
0 0.95351 0.849226 0.0220114 0.0415254 4
0 0.831223 0.834529 0.0185141 0.0336932 12
0 0.856158 0.830414 0.0142486 0.032807 16
0 0.890498 0.976252 0.0572348 0.0452027 20
0 0.718225 0.830247 0.014722 0.0308909 23
0 0.434054 0.914684 0.0240848 0.0366224 21
0 0.563278 0.815155 0.0112504 0.053196 260
37 0.198156 0.915547 0.0463869 0.0319902 34
0 0.702626 0.79233 0.011506 0.0462538 277
0 0.843678 0.765871 0.00773773 0.0497797 495
0 0.751956 0.782307 0.00763388 0.0497197 11
0 0.118757 0.98386 0.0374275 0.0259659 538
0 0.736978 0.785227 0.00926628 0.0460219 572
0 0.783726 0.7746 0.00854502 0.0481214 228
0 0.97451 0.763794 0.0189087 0.0270113 649
37 0.0220984 0.938263 0.0441529 0.0288462 311
0 0.804203 0.772679 0.0112308 0.0532009 762
0 0.00719545 0.749116 0.0077971 0.0180687 523
0 0.854053 0.830927 0.0200183 0.0339022 865
0 0.673392 0.795254 0.010697 0.041121 6
0 0.765135 0.780852 0.00857711 0.0459454 683
0 0.28756 0.724029 0.00647786 0.0191465 879
0 0.937887 0.728964 0.00820036 0.0224595 821
0 0.692377 0.795101 0.00974398 0.0504752 882
0 0.775524 0.787048 0.00642109 0.0334217 890
0 0.796771 0.77575 0.00798583 0.0494054 417
