0 0.4529 0.833881 0.0127621 0.0672518 1
0 0.247396 0.86782 0.0127659 0.0555851 2
0 0.478701 0.827549 0.0162038 0.0637727 3
0 0.953591 0.84876 0.022314 0.0427709 4
0 0.873337 0.763549 0.00892429 0.0410285 5
0 0.6981 0.796519 0.00839186 0.0429214 6
0 0.507656 0.781651 0.00605006 0.0207987 9
0 0.776002 0.776991 0.00771961 0.0505861 11
0 0.830387 0.834123 0.015399 0.0321435 12
0 0.52233 0.778317 0.00821128 0.0254264 13
0 0.795641 0.777931 0.00840497 0.0441814 15
0 0.857213 0.829764 0.0150125 0.036242 16
0 0.883456 0.980256 0.0452588 0.0382238 20
0 0.422795 0.909748 0.017666 0.0498319 21
0 0.716749 0.831529 0.0117419 0.0298932 23
0 0.00973312 0.742978 0.00690229 0.0167185 25
37 0.198381 0.915934 0.0457829 0.0313961 34
0 0.787781 0.775699 0.00819659 0.046808 8
0 0.825931 0.769523 0.00959339 0.0353203 61
0 0.984921 0.737468 0.00757885 0.0472491 91
0 0.843395 0.763995 0.00793037 0.0435931 102
0 0.782528 0.694175 0.00772185 0.0133921 110
0 0.965994 0.742532 0.00995321 0.0445557 17
0 0.810406 0.77355 0.00893002 0.0406998 123
0 0.930982 0.731398 0.00871296 0.0303239 127
0 0.39112 0.818012 0.0172989 0.0570694 141
0 0.855419 0.764601 0.00898457 0.0360205 10
0 0.35438 0.989218 0.0147426 0.0215641 146
0 0.766283 0.696252 0.00767384 0.0150772 149
0 0.953728 0.744965 0.00899591 0.044711 7
