0 0.452973 0.833958 0.0126419 0.0676161 1
0 0.17664 0.876431 0.0117334 0.0544771 2
0 0.481457 0.831618 0.013891 0.0641185 3
0 0.953506 0.84966 0.0223454 0.0415049 4
0 0.857712 0.763632 0.00766592 0.0403481 5
0 0.696906 0.794075 0.0087007 0.0490129 6
0 0.773125 0.780113 0.00877862 0.0470054 11
0 0.830305 0.834368 0.0178404 0.0327137 12
0 0.855347 0.831337 0.0168262 0.0335949 16
0 0.883522 0.980161 0.0453421 0.0376758 20
0 0.717272 0.830467 0.014757 0.0310572 23
0 0.0067192 0.750895 0.0123273 0.0190956 25
8 0.198577 0.915751 0.0465371 0.0317707 34
0 0.842926 0.766412 0.00934229 0.0462981 102
0 0.986584 0.736748 0.0107838 0.0470514 17
0 0.354969 0.98919 0.014856 0.0216195 146
0 0.930786 0.752024 0.00924673 0.0384483 7
0 0.681115 0.790726 0.0109116 0.0355466 116
0 0.808071 0.774465 0.00925818 0.0435208 123
0 0.765242 0.697789 0.00573974 0.0175391 149
0 0.788036 0.776786 0.0106632 0.046886 15
0 0.115265 0.9841 0.0309545 0.0222903 212
0 0.835242 0.770569 0.0079484 0.0376586 228
0 0.784773 0.698797 0.00606661 0.0195821 245
0 0.49913 0.811714 0.00954747 0.0406743 260
0 0.42576 0.915937 0.0240794 0.0383798 21
0 0.964226 0.741597 0.0106034 0.0460309 232
0 0.912791 0.743137 0.0094573 0.0208121 170
