0 0.45237 0.833622 0.0130204 0.0674164 1
0 0.280246 0.864939 0.0164142 0.0579713 2
0 0.48173 0.828635 0.0130375 0.0570332 3
0 0.953354 0.848391 0.0223988 0.0422062 4
0 0.879011 0.761054 0.00850239 0.0456037 5
0 0.698529 0.794691 0.00900941 0.0520259 6
0 0.966398 0.741561 0.00962601 0.046516 7
0 0.518827 0.780172 0.00715461 0.020073 9
0 0.842966 0.765631 0.00868273 0.0450061 10
0 0.774425 0.779411 0.00961165 0.0485797 11
0 0.830966 0.834292 0.0153882 0.0325921 12
0 0.531586 0.777844 0.00704579 0.0263212 13
0 0.685221 0.795605 0.0105131 0.0439909 14
0 0.796908 0.775786 0.0107585 0.0502034 15
0 0.856568 0.828019 0.012462 0.035945 16
0 0.949839 0.747458 0.0115387 0.0488712 17
0 0.89877 0.740862 0.00836744 0.0328475 18
0 0.894082 0.975986 0.0664207 0.0467139 20
0 0.421876 0.911773 0.0185065 0.0477569 21
0 0.472881 0.801419 0.00950122 0.0379222 22
0 0.718565 0.830311 0.0141795 0.0319963 23
0 0.00762093 0.747346 0.00895755 0.0195402 25
37 0.198374 0.916542 0.0461936 0.031173 34
0 0.971534 0.762446 0.0137874 0.0276349 64
0 0.788157 0.775969 0.0104801 0.0495175 8
0 0.835984 0.771728 0.00879812 0.0403948 61
0 0.939136 0.740816 0.00704346 0.0245913 76
0 0.926991 0.727035 0.00584974 0.020571 77
