0 0.452453 0.834588 0.0121821 0.0662796 1
0 0.953726 0.849787 0.0219016 0.0425 4
0 0.830763 0.834697 0.0175722 0.0335224 12
0 0.856843 0.829361 0.0137744 0.0343218 16
0 0.883326 0.984917 0.0433928 0.0290175 20
0 0.718194 0.830858 0.0133156 0.0303994 23
0 0.433689 0.914344 0.0247827 0.0372892 21
0 0.535515 0.820062 0.0132961 0.0547899 260
37 0.197978 0.915928 0.0454935 0.0308254 34
0 0.842549 0.766342 0.00869093 0.044558 495
0 0.11456 0.982417 0.0317383 0.0270281 538
0 0.703441 0.78866 0.0111875 0.0519066 572
0 0.733151 0.783492 0.0103132 0.0513546 762
0 0.603438 0.809154 0.0108219 0.0488386 6
0 0.939786 0.728866 0.00702534 0.0214901 821
0 0.692877 0.794884 0.0105658 0.0484011 882
0 0.79709 0.775796 0.00717468 0.0479242 953
0 0.973459 0.76226 0.0167955 0.02726 649
0 0.676513 0.81525 0.0166372 0.0189549 971
0 0.00818181 0.74775 0.00778781 0.0161944 523
0 0.47579 0.854045 0.0159999 0.0300972 3
0 0.723722 0.788116 0.00884132 0.0434781 1033
0 0.0611662 0.737493 0.00491701 0.0198808 955
0 0.746674 0.782527 0.00775352 0.0473505 1102
0 0.313318 0.70992 0.00573275 0.0154284 1103
0 0.354459 0.989189 0.0150456 0.0216214 1114
0 0.271114 0.732485 0.00673749 0.0166857 1117
0 0.288153 0.727146 0.00516517 0.0214342 1121
37 0.0221582 0.938381 0.0443107 0.0293935 1123
