0 0.453937 0.833467 0.0118412 0.067771 1
0 0.46698 0.836833 0.0146031 0.0642115 3
0 0.953487 0.849322 0.0219264 0.0409131 4
0 0.694553 0.794021 0.00998244 0.0456452 6
0 0.830689 0.834449 0.0174477 0.034171 12
0 0.856287 0.830266 0.016318 0.0325351 16
0 0.89272 0.976124 0.061585 0.0453961 20
0 0.718672 0.83054 0.0144959 0.0309839 23
0 0.354268 0.989343 0.01535 0.0212681 146
0 0.79478 0.775606 0.010523 0.048492 123
0 0.434661 0.913773 0.0223823 0.0378348 21
0 0.527775 0.815268 0.0105639 0.0411299 260
0 0.843331 0.766748 0.00810652 0.0464294 228
37 0.197256 0.915549 0.0437438 0.0309013 34
0 0.744606 0.785131 0.00779963 0.0485124 277
0 0.903471 0.973035 0.0389049 0.0392071 367
0 0.334166 0.754778 0.00715945 0.0190209 411
0 0.46436 0.780537 0.00730805 0.0223249 309
0 0.853892 0.762662 0.00829601 0.0495627 7
0 0.0714988 0.741246 0.00735438 0.0254688 451
0 0.277319 0.728489 0.00629952 0.0143213 475
0 0.946866 0.748721 0.010125 0.0422876 492
0 0.829158 0.777576 0.00667925 0.0307549 493
0 0.887942 0.757259 0.00914717 0.0472148 495
0 0.706275 0.791687 0.00986776 0.0473246 500
0 0.957021 0.848161 0.0154613 0.0384073 513
0 0.972431 0.763156 0.0150692 0.0274909 338
0 0.963408 0.738178 0.00727825 0.0312191 447
0 0.00866144 0.751583 0.00886584 0.0181089 523
0 0.754636 0.783695 0.00927267 0.0474197 11
0 0.810548 0.774824 0.00877647 0.0466909 417
37 0.0221951 0.938896 0.0442289 0.0288935 311
0 0.118702 0.983464 0.0376418 0.0242158 538
