0 0.452686 0.834303 0.0121847 0.0672769 1
0 0.831246 0.834988 0.0167319 0.0322529 12
0 0.853935 0.834282 0.0203332 0.0280749 16
0 0.718472 0.830257 0.014324 0.0311473 23
0 0.8429 0.764679 0.00816593 0.040698 495
0 0.114494 0.982449 0.0313276 0.023687 538
0 0.797425 0.77509 0.00943642 0.050109 953
0 0.475679 0.857279 0.0176038 0.023686 3
0 0.545188 0.813139 0.0109917 0.0582551 762
0 0.504246 0.823766 0.0121547 0.0589278 1167
0 0.890889 0.977054 0.0599527 0.0439538 1267
37 0.198533 0.916132 0.0437492 0.030835 34
0 0.732653 0.786126 0.00839953 0.045625 1140
0 0.971841 0.762628 0.0142268 0.0268422 1353
0 0.904834 0.973318 0.0388806 0.0383615 1364
0 0.688488 0.794716 0.0110312 0.0444756 1391
0 0.627517 0.804477 0.00857453 0.0518702 1307
0 0.88301 0.984924 0.0441423 0.0284674 1411
0 0.956353 0.848075 0.0163647 0.0345377 4
37 0.0221815 0.938791 0.0443363 0.0287559 1123
0 0.702652 0.792394 0.0108308 0.0461498 1465
0 0.96722 0.734386 0.00640841 0.024876 1490
0 0.257328 0.903324 0.0199908 0.0775008 1503
0 0.368608 0.845578 0.0127093 0.0615882 1431
0 0.93167 0.727069 0.00818319 0.0203699 1526
0 0.355245 0.989411 0.0147259 0.0211772 1531
0 0.391099 0.832226 0.0178151 0.0851363 1324
0 0.555221 0.818486 0.00887642 0.0485825 6
0 0.644322 0.808323 0.00692868 0.0304744 1495
0 0.740765 0.783839 0.00707116 0.0473759 1102
