0 0.453113 0.833491 0.0123183 0.0684047 1
0 0.465807 0.85002 0.0174488 0.0401937 3
0 0.953721 0.84891 0.021981 0.0399701 4
0 0.695675 0.792904 0.0110296 0.0482189 6
0 0.830718 0.834685 0.0176856 0.0335839 12
0 0.854982 0.83184 0.0173611 0.0347238 16
0 0.891599 0.976245 0.0603819 0.0462841 20
0 0.718189 0.830027 0.0138472 0.032674 23
0 0.797225 0.775383 0.00784588 0.0491741 123
0 0.433528 0.914731 0.0247063 0.0372709 21
0 0.539947 0.818234 0.0109222 0.0508733 260
37 0.198157 0.915992 0.0462059 0.0318955 34
0 0.740245 0.786757 0.00842271 0.0429095 277
0 0.903664 0.973151 0.0354963 0.039822 367
0 0.341652 0.755101 0.00655375 0.0204909 411
0 0.842658 0.765188 0.00936308 0.0476915 7
0 0.0713637 0.740341 0.00767748 0.0250287 451
0 0.871338 0.761426 0.0102637 0.0492271 495
0 0.707441 0.790707 0.00994353 0.0477556 500
0 0.0103792 0.745379 0.00735708 0.0180445 523
0 0.755921 0.781567 0.00753551 0.0488724 11
0 0.803175 0.776059 0.00802312 0.0438418 417
0 0.114643 0.98133 0.0299966 0.0242641 538
0 0.818382 0.779428 0.00662966 0.0316066 493
0 0.975367 0.738907 0.0106409 0.038608 447
0 0.319484 0.708555 0.00612555 0.0183805 570
0 0.745942 0.783424 0.00831089 0.0455325 572
0 0.837732 0.766663 0.00915184 0.0475545 228
