0 0.452191 0.834037 0.0128034 0.065958 1
0 0.95353 0.851114 0.0220051 0.0413058 4
0 0.83083 0.834824 0.0177571 0.0333536 12
0 0.855571 0.829434 0.0142379 0.0333855 16
0 0.718581 0.829681 0.0143585 0.0326125 23
0 0.437729 0.896352 0.0174651 0.0706881 21
0 0.483133 0.826599 0.0122964 0.0553979 260
0 0.842447 0.767057 0.00856619 0.0458303 495
0 0.114529 0.982432 0.0334171 0.0278419 538
0 0.555674 0.818347 0.0124628 0.0494197 6
0 0.935022 0.728062 0.00660362 0.02172 821
0 0.796402 0.776409 0.00840096 0.0476673 953
0 0.475286 0.858045 0.0185128 0.0219494 3
0 0.738963 0.784064 0.010085 0.0482663 1102
0 0.354984 0.989118 0.0151534 0.0217639 1114
37 0.0222045 0.937754 0.0443687 0.0281002 1123
0 0.669506 0.792739 0.0105869 0.0524479 762
0 0.00566727 0.977452 0.0112805 0.0218686 1150
0 0.0175837 0.751179 0.0102198 0.0184662 1151
0 0.629735 0.801344 0.0101551 0.0517293 1167
0 0.890869 0.975515 0.0591146 0.0466874 1267
0 0.0659189 0.736399 0.0060127 0.0215858 1279
0 0.693346 0.795667 0.0110419 0.0467322 1307
37 0.198021 0.915874 0.0458374 0.0312563 34
0 0.695949 0.795587 0.00844126 0.0432226 1318
0 0.70444 0.792968 0.00885591 0.0431032 1140
0 0.291471 0.723342 0.00810361 0.0169058 1281
0 0.391225 0.83269 0.0184608 0.086743 1324
