0 0.453027 0.833993 0.0129788 0.0672607 1
0 0.225625 0.870748 0.0107207 0.0519164 2
0 0.479861 0.82962 0.0130425 0.0593568 3
0 0.953376 0.848972 0.0224078 0.0429019 4
0 0.86941 0.762173 0.00747385 0.0392062 5
0 0.697937 0.793458 0.00933132 0.0478514 6
0 0.776083 0.777651 0.00806303 0.0487798 11
0 0.82908 0.834125 0.0182961 0.032655 12
0 0.519471 0.776905 0.00911283 0.0270148 13
0 0.790567 0.776284 0.0136909 0.048647 15
0 0.853355 0.83207 0.0226213 0.0356369 16
0 0.88366 0.980209 0.0455129 0.0383352 20
0 0.422977 0.90997 0.0192495 0.0503463 21
0 0.717558 0.83096 0.0146547 0.0315108 23
0 0.00956312 0.746566 0.0104732 0.0173525 25
37 0.198739 0.915364 0.0454941 0.0324812 34
0 0.817456 0.773388 0.0105 0.0404396 61
0 0.978608 0.738949 0.00824919 0.0444298 91
0 0.843256 0.764584 0.00767059 0.0445904 102
0 0.971837 0.739017 0.0112807 0.0388629 17
0 0.934874 0.729849 0.00781641 0.0262205 127
0 0.852106 0.764601 0.00904016 0.0410282 10
0 0.354449 0.989096 0.0147064 0.0218075 146
0 0.76568 0.69447 0.00570817 0.0108719 149
0 0.947148 0.746274 0.0105938 0.0478666 7
0 0.677351 0.79285 0.0101625 0.0375605 116
0 0.90773 0.743422 0.00823555 0.0238102 170
0 0.391102 0.818285 0.0173619 0.057761 141
