0 0.452631 0.833486 0.0125 0.0679088 1
0 0.473664 0.852133 0.0198637 0.0356817 3
0 0.953377 0.850109 0.0223891 0.0430784 4
0 0.695093 0.79443 0.00930657 0.0438624 6
0 0.830556 0.834846 0.0176841 0.0336262 12
0 0.855889 0.831895 0.015626 0.0329104 16
0 0.890576 0.976672 0.0593756 0.0446796 20
0 0.718576 0.83012 0.0144535 0.0316577 23
0 0.434812 0.91414 0.0222862 0.0376698 21
0 0.555989 0.814512 0.0110467 0.0436365 260
37 0.19901 0.91618 0.0449974 0.0307563 34
0 0.705462 0.794486 0.010782 0.0408981 277
0 0.902299 0.972879 0.0360783 0.0386741 367
0 0.843039 0.766551 0.00828457 0.0470622 495
0 0.00536618 0.752552 0.010703 0.0202883 523
0 0.755803 0.781195 0.00716543 0.0497054 11
0 0.11551 0.983194 0.0312603 0.0259471 538
0 0.737774 0.785632 0.00977254 0.0473862 572
0 0.814593 0.771252 0.0117351 0.0501323 228
0 0.974222 0.763908 0.0192444 0.0246813 649
0 0.797015 0.7751 0.00819249 0.050135 417
0 0.781619 0.777908 0.00820956 0.0446832 683
0 0.318454 0.713608 0.00573876 0.0181413 570
37 0.0222169 0.938152 0.0443728 0.0298279 311
0 0.0663687 0.74197 0.00928078 0.0314915 733
0 0.778231 0.698179 0.0062428 0.0169393 752
0 0.425404 0.779999 0.00853386 0.0189174 758
0 0.831749 0.768394 0.010628 0.0512266 762
0 0.796345 0.697659 0.004142 0.0150117 795
