0 0.452797 0.833672 0.011356 0.0674608 1
0 0.464512 0.83827 0.0148304 0.0623788 3
0 0.953533 0.849344 0.0219519 0.041188 4
0 0.694955 0.793439 0.00966768 0.0464823 6
0 0.830725 0.834396 0.0173422 0.0340007 12
0 0.856359 0.830465 0.0165539 0.0332858 16
0 0.89243 0.976244 0.0618614 0.0453346 20
0 0.71859 0.830207 0.014565 0.0315542 23
0 0.354481 0.989333 0.0154777 0.0212917 146
0 0.795229 0.775336 0.010615 0.049363 123
0 0.434921 0.913873 0.0214315 0.0378635 21
0 0.533596 0.816862 0.00972891 0.0405778 260
37 0.198342 0.915896 0.0458903 0.0313241 34
0 0.744552 0.784891 0.0101121 0.048594 277
0 0.904135 0.973028 0.0386387 0.0391436 367
0 0.33797 0.755917 0.00763159 0.0203414 411
0 0.45711 0.78323 0.00844121 0.0248451 309
0 0.845698 0.765908 0.0107426 0.048804 7
0 0.0711915 0.742814 0.00693827 0.0275929 451
0 0.276541 0.72814 0.00792825 0.0170794 475
0 0.878916 0.758766 0.00843897 0.0475875 495
0 0.706792 0.79103 0.00996652 0.0476807 500
0 0.957191 0.848033 0.0151134 0.0381214 513
0 0.97363 0.762678 0.0167837 0.0276421 338
0 0.968081 0.73816 0.00688601 0.0338366 447
0 0.00817422 0.747694 0.00947541 0.0183698 523
0 0.754789 0.782029 0.00867538 0.0495613 11
0 0.807124 0.773894 0.00873928 0.0446702 417
37 0.0221579 0.938701 0.0443159 0.0285951 311
0 0.1162 0.983544 0.0321296 0.0241361 538
0 0.82324 0.780208 0.0055747 0.0273349 493
4 0.419546 0.31684 0.0159758 0.00851038 555
