0 0.451982 0.833915 0.0120129 0.0665738 1
0 0.95352 0.850084 0.0221102 0.0394624 4
0 0.831281 0.835215 0.0188252 0.0329909 12
0 0.856662 0.83004 0.0137401 0.0335305 16
0 0.717968 0.830155 0.0136963 0.0317078 23
0 0.438943 0.891654 0.0204638 0.0822665 21
0 0.479415 0.82342 0.0145482 0.0510087 260
0 0.842166 0.766869 0.00829716 0.0458767 495
0 0.114239 0.983229 0.0334192 0.0275848 538
0 0.554596 0.818788 0.0111659 0.0492807 6
0 0.79639 0.775368 0.00862999 0.0487734 953
0 0.475857 0.857085 0.0181583 0.024121 3
0 0.737002 0.784527 0.0107601 0.0487038 1102
0 0.355026 0.989125 0.014862 0.0217407 1114
37 0.0220925 0.939056 0.0441621 0.031028 1123
0 0.664548 0.795641 0.0124156 0.0565828 762
0 0.00591426 0.978437 0.0117316 0.0206241 1150
0 0.0183987 0.750166 0.012284 0.0199235 1151
0 0.624561 0.805012 0.0133616 0.0563956 1167
0 0.893627 0.974936 0.0647924 0.0459041 1267
0 0.0652897 0.738509 0.00681441 0.0197309 1279
0 0.694481 0.798864 0.0110072 0.0380528 1307
8 0.19789 0.914549 0.0453455 0.0341218 34
0 0.70257 0.79236 0.0109879 0.0461205 1140
0 0.967189 0.740574 0.00904312 0.03784 1233
0 0.974501 0.762088 0.0161628 0.0272365 1353
0 0.934164 0.727292 0.00738506 0.0220362 821
