0 0.453938 0.833519 0.0142985 0.0678257 1
0 0.159527 0.883866 0.0157864 0.0594315 2
0 0.480646 0.832968 0.0147954 0.0682193 3
0 0.953841 0.848411 0.0216385 0.0377903 4
0 0.853613 0.764083 0.00821505 0.041125 5
0 0.697927 0.792949 0.00941868 0.0470543 6
0 0.770628 0.77686 0.0102963 0.0517654 11
0 0.830279 0.834775 0.01715 0.033744 12
0 0.85536 0.831645 0.0154538 0.0332821 16
0 0.895099 0.975518 0.065486 0.045983 20
0 0.718677 0.830482 0.0128616 0.0312814 23
37 0.194143 0.915282 0.0372669 0.0302363 34
0 0.846232 0.766962 0.00890369 0.045695 102
0 0.991651 0.735583 0.00994139 0.0506817 17
0 0.355265 0.989039 0.0138899 0.0219107 146
0 0.924816 0.75071 0.0106086 0.0477154 7
0 0.683039 0.794059 0.00979695 0.0404958 116
0 0.803417 0.777139 0.00894828 0.0440367 123
0 0.790151 0.776556 0.0106867 0.0477475 15
0 0.115452 0.983423 0.0314043 0.0267404 212
0 0.42391 0.899455 0.0169827 0.0706129 21
0 0.95849 0.743866 0.00829391 0.0484884 232
0 0.761163 0.780711 0.0083097 0.0444697 277
0 0.936533 0.727715 0.00623369 0.0229091 291
0 0.505689 0.808341 0.0102804 0.0360686 260
