0 0.452215 0.834115 0.0121845 0.0683334 1
0 0.953792 0.850005 0.0228825 0.0428341 4
0 0.830535 0.834661 0.0175106 0.0333526 12
0 0.855804 0.831548 0.0158274 0.0308157 16
0 0.890392 0.975681 0.0579515 0.0456376 20
0 0.718239 0.830202 0.0147772 0.0321879 23
0 0.434089 0.914229 0.0228993 0.0365189 21
0 0.549042 0.815856 0.0113389 0.0516561 260
37 0.199126 0.916217 0.0479213 0.0312928 34
0 0.703117 0.79164 0.00988994 0.0466982 277
0 0.842323 0.765294 0.00868378 0.0445353 495
0 0.114661 0.981682 0.032174 0.0291489 538
0 0.734228 0.783582 0.0102924 0.0498133 572
0 0.763421 0.778159 0.01053 0.0514107 762
0 0.628607 0.803631 0.0104475 0.044894 6
0 0.940404 0.728587 0.00683041 0.0202039 821
0 0.692557 0.795377 0.00997405 0.0476089 882
0 0.796993 0.774716 0.00802259 0.0476757 953
0 0.0573159 0.735901 0.00523101 0.0168241 955
0 0.973937 0.763329 0.0197964 0.0265484 649
0 0.676254 0.815578 0.0155855 0.0169926 971
0 0.00501235 0.750363 0.00928617 0.018114 523
0 0.47412 0.854661 0.0168106 0.0280542 3
0 0.27355 0.728519 0.00732837 0.0182231 999
0 0.390983 0.819323 0.0177011 0.0606167 943
0 0.0648117 0.751835 0.00830744 0.0118612 1030
0 0.747969 0.784365 0.0089735 0.045255 1031
