0 0.455723 0.833695 0.0128387 0.0680548 1
0 0.470949 0.834663 0.0168557 0.0646711 3
0 0.953363 0.849428 0.0224292 0.0412014 4
0 0.696702 0.795503 0.0096746 0.0503332 6
0 0.754366 0.781617 0.00756497 0.0499748 11
0 0.830621 0.83464 0.0173092 0.0335838 12
0 0.856367 0.830234 0.0152855 0.0329435 16
0 0.894824 0.976252 0.0662365 0.0457568 20
0 0.718471 0.830322 0.0144975 0.0309991 23
0 0.355038 0.98892 0.0146881 0.0221486 146
0 0.794425 0.775368 0.0111087 0.0495281 123
0 0.433963 0.91337 0.0238153 0.038252 21
0 0.524027 0.812128 0.0111548 0.0395649 260
0 0.842979 0.766929 0.00841713 0.0476982 228
37 0.198687 0.915939 0.047022 0.0323454 34
0 0.75897 0.784828 0.009232 0.0420362 15
0 0.744632 0.784286 0.00904355 0.0470471 277
0 0.906323 0.973032 0.0442009 0.0399914 367
0 0.33185 0.754828 0.00896296 0.016684 411
0 0.814947 0.772264 0.00811167 0.0431134 417
0 0.469684 0.780722 0.00758958 0.0236289 309
0 0.861389 0.761025 0.00920677 0.047851 7
0 0.00423278 0.905546 0.00846557 0.0435556 2
0 0.0702311 0.74141 0.00840743 0.0257952 451
0 0.445799 0.781999 0.0067697 0.0178958 459
37 0.0220207 0.938861 0.04403 0.0280929 311
0 0.995963 0.809897 0.00764847 0.0239701 466
0 0.27833 0.729332 0.00705647 0.0165095 475
0 0.0102953 0.75176 0.00705303 0.0161008 347
0 0.936146 0.751444 0.00917397 0.0406502 492
0 0.833261 0.775956 0.00590973 0.0297874 493
0 0.895585 0.756133 0.00888672 0.0480007 495
0 0.705048 0.7953 0.0088263 0.0408422 500
