0 0.452601 0.834592 0.0116335 0.0655133 1
0 0.830832 0.835087 0.0174426 0.0324366 12
0 0.857132 0.832153 0.0131413 0.0290496 16
0 0.718008 0.830498 0.0137331 0.0309013 23
0 0.84313 0.766302 0.00822744 0.0459477 495
0 0.114617 0.982787 0.0331571 0.0277173 538
0 0.796761 0.775206 0.00887513 0.0499303 953
0 0.47546 0.857284 0.0187474 0.0237922 3
0 0.725923 0.786411 0.0121689 0.0506843 1102
0 0.589869 0.808462 0.0121624 0.0582214 762
0 0.549664 0.814506 0.00976543 0.0527841 1167
0 0.893997 0.975717 0.0649147 0.0443687 1267
37 0.198474 0.916513 0.0441746 0.0301142 34
0 0.713633 0.789522 0.00996304 0.0478924 1140
0 0.972854 0.762803 0.0153403 0.0272492 1353
0 0.906424 0.973347 0.0399904 0.0395509 1364
0 0.689492 0.795247 0.0109853 0.0466728 1391
0 0.653962 0.801975 0.0090621 0.0468309 1307
0 0.883704 0.981347 0.0448383 0.0351395 1411
0 0.407439 0.841188 0.0159925 0.0620669 1431
0 0.95679 0.847651 0.0157536 0.0349294 4
0 0.483902 0.857401 0.0361702 0.0240668 1405
37 0.0221782 0.938596 0.0443565 0.0307221 1123
0 0.701157 0.794324 0.0110574 0.0496719 1465
0 0.340723 0.900846 0.0207747 0.0823569 1473
0 0.555404 0.818146 0.00787907 0.0493485 6
0 0.391131 0.818748 0.0178587 0.0581638 1324
