0 0.452488 0.833452 0.0129251 0.0675607 1
0 0.479848 0.858681 0.0341399 0.0209377 3
0 0.953514 0.849896 0.0222367 0.042123 4
0 0.830638 0.83496 0.0175078 0.0328876 12
0 0.856346 0.830614 0.0139291 0.0332539 16
0 0.893809 0.975662 0.0669108 0.0466626 20
0 0.717777 0.830188 0.0136147 0.0317488 23
0 0.432197 0.914789 0.0274345 0.0376244 21
0 0.564991 0.813594 0.0116677 0.0503716 260
37 0.198301 0.91632 0.0448429 0.0313946 34
0 0.702852 0.793175 0.00993271 0.0453026 277
0 0.906904 0.972396 0.0432603 0.0416723 367
0 0.843566 0.765865 0.00728741 0.0478221 495
0 0.753921 0.781479 0.00785131 0.0491468 11
0 0.115145 0.981065 0.0310798 0.0228527 538
0 0.736561 0.786246 0.00785866 0.0453824 572
0 0.796178 0.77576 0.0106543 0.0487304 228
0 0.971961 0.763313 0.0133725 0.0252687 649
37 0.0220524 0.938613 0.0441049 0.0280198 311
0 0.814 0.772169 0.0104247 0.049502 762
0 0.00502752 0.749524 0.00937085 0.0165318 523
0 0.853987 0.831545 0.0199949 0.0343467 865
0 0.686429 0.79654 0.00931382 0.041849 6
0 0.275661 0.729773 0.00600269 0.0173326 873
0 0.771516 0.780244 0.0083528 0.0436727 683
0 0.28763 0.724744 0.00751698 0.0166242 879
0 0.938841 0.727831 0.00630054 0.0212351 821
0 0.694405 0.794619 0.00882645 0.0425527 882
0 0.786144 0.78458 0.0061759 0.0313242 890
0 0.0639954 0.741206 0.00734906 0.0262235 733
