0 0.452591 0.83447 0.0123341 0.0675609 1
0 0.831296 0.835233 0.0168786 0.0322712 12
0 0.85303 0.834238 0.0212904 0.028653 16
0 0.718479 0.828977 0.0144299 0.0337801 23
0 0.843265 0.764005 0.00770874 0.0415906 495
0 0.114474 0.982839 0.0310033 0.0244197 538
0 0.797333 0.775214 0.00951481 0.0508748 953
0 0.475967 0.855651 0.0178586 0.0266253 3
0 0.734468 0.78522 0.00804133 0.0481739 1102
0 0.570019 0.811411 0.013086 0.0545717 762
0 0.52888 0.818658 0.0141342 0.0560239 1167
0 0.891241 0.976742 0.0606557 0.0448026 1267
37 0.198204 0.915336 0.0459441 0.0322889 34
0 0.724187 0.787416 0.00838275 0.0483476 1140
0 0.973933 0.762147 0.0174253 0.0284793 1353
0 0.904802 0.973305 0.0373672 0.0387129 1364
0 0.68887 0.795421 0.00994363 0.0465174 1391
0 0.641333 0.804451 0.00918527 0.0489582 1307
0 0.883164 0.98257 0.0445148 0.0333427 1411
0 0.95698 0.847829 0.0155266 0.0343617 4
37 0.0223573 0.938705 0.0447145 0.0296961 1123
0 0.701416 0.794179 0.0114179 0.0500389 1465
0 0.554729 0.816315 0.00998735 0.0453097 6
0 0.390913 0.830858 0.0184566 0.082028 1324
0 0.927499 0.751635 0.00765715 0.0476832 1376
0 0.982297 0.731276 0.00914183 0.025055 1490
0 0.658655 0.807711 0.00735316 0.0364092 1495
0 0.302452 0.902363 0.0220728 0.0793169 1503
0 0.699792 0.793394 0.00811439 0.0489189 1516
0 0.948866 0.850655 0.0174856 0.0374736 1472
0 0.385981 0.846202 0.0105468 0.0578406 1431
