0 0.453069 0.834065 0.0128519 0.0672446 1
0 0.232752 0.871318 0.0154649 0.0526301 2
0 0.480209 0.827938 0.0129364 0.0609602 3
0 0.953584 0.848737 0.0224719 0.0429054 4
0 0.871712 0.763152 0.00956383 0.040079 5
0 0.698268 0.794977 0.00937304 0.044744 6
0 0.775956 0.777129 0.00760117 0.0499069 11
0 0.829052 0.834024 0.0184551 0.0321554 12
0 0.520809 0.777398 0.0100422 0.026303 13
0 0.792562 0.77809 0.0137896 0.0447913 15
0 0.854739 0.830887 0.0199318 0.0354968 16
0 0.883592 0.980203 0.0454081 0.03828 20
0 0.422022 0.90932 0.0193576 0.0513019 21
0 0.717275 0.830425 0.0139736 0.0324082 23
0 0.00972778 0.743788 0.0098431 0.0198095 25
37 0.198766 0.915448 0.0459149 0.0331937 34
0 0.78741 0.776469 0.00770259 0.0463064 8
0 0.821165 0.771683 0.00836887 0.0419547 61
0 0.9799 0.738869 0.00810461 0.04688 91
0 0.843373 0.764655 0.00789423 0.0444723 102
0 0.970399 0.738358 0.0106881 0.0378584 17
0 0.811704 0.771402 0.00804844 0.0425764 123
0 0.933487 0.729888 0.00797386 0.024122 127
0 0.854081 0.764327 0.0084547 0.0422327 10
0 0.354389 0.989064 0.0145921 0.0218597 146
0 0.765058 0.696027 0.0055232 0.0129116 149
0 0.94933 0.744788 0.0105011 0.0461884 7
0 0.678468 0.791219 0.0101521 0.0351836 116
0 0.906817 0.743664 0.00878229 0.0237233 170
