0 0.452548 0.833573 0.0123661 0.0676302 1
0 0.473382 0.852947 0.0198097 0.0355684 3
0 0.953393 0.850106 0.0223426 0.0430209 4
0 0.694968 0.795523 0.00943246 0.0423459 6
0 0.830536 0.834827 0.0176468 0.0336471 12
0 0.855925 0.832267 0.0154161 0.0331116 16
0 0.890669 0.976707 0.0595992 0.0447122 20
0 0.718547 0.830139 0.014459 0.0315715 23
0 0.434867 0.914153 0.0221498 0.0376426 21
0 0.555643 0.813939 0.0110493 0.0432893 260
37 0.198853 0.916227 0.045451 0.030887 34
0 0.708088 0.794466 0.00956578 0.0399188 277
0 0.902223 0.972854 0.035812 0.038564 367
0 0.843264 0.766427 0.00789556 0.0466529 495
0 0.00521259 0.751958 0.00944469 0.019391 523
0 0.755921 0.781216 0.00706415 0.0497368 11
0 0.115483 0.983205 0.0311991 0.0259773 538
0 0.802402 0.78299 0.00556831 0.0276759 493
0 0.737949 0.785303 0.0102528 0.0475879 572
0 0.815176 0.77056 0.0114925 0.0499405 228
0 0.973968 0.763856 0.0194769 0.0246431 649
0 0.796888 0.775644 0.00798078 0.0492622 417
0 0.782585 0.777588 0.00889263 0.04415 683
0 0.318426 0.713527 0.00589912 0.0188385 570
37 0.0222222 0.93821 0.0443739 0.0298333 311
0 0.0665268 0.742247 0.0092301 0.0305916 733
0 0.778285 0.698244 0.00612726 0.0168815 752
0 0.425926 0.779402 0.00870948 0.0182537 758
0 0.83261 0.767995 0.0110677 0.0508759 762
0 0.702498 0.794902 0.00652833 0.0399215 500
0 0.795759 0.697644 0.00409632 0.0153794 795
