0 0.452916 0.834027 0.0127548 0.0673069 1
0 0.166605 0.883816 0.00981854 0.0573547 2
0 0.481081 0.831896 0.0135313 0.0643254 3
0 0.953653 0.84958 0.0221395 0.041204 4
0 0.855456 0.763399 0.00817175 0.0401363 5
0 0.697027 0.794276 0.00875163 0.0470384 6
0 0.773187 0.77815 0.00893593 0.0498689 11
0 0.830305 0.834392 0.0179505 0.0328729 12
0 0.855307 0.831492 0.0173992 0.0342451 16
0 0.883573 0.9795 0.0455277 0.0385939 20
0 0.717373 0.830416 0.0153528 0.0311828 23
0 0.00651662 0.751054 0.00993893 0.0183687 25
8 0.198837 0.91549 0.0459759 0.0317546 34
0 0.843547 0.765462 0.0124664 0.0448905 102
0 0.989341 0.736887 0.010459 0.0462606 17
0 0.354867 0.989159 0.015066 0.021654 146
0 0.92806 0.749367 0.00923376 0.045127 7
0 0.682061 0.79338 0.0110098 0.0403305 116
0 0.804701 0.775203 0.00856171 0.0421401 123
0 0.765726 0.697831 0.00621333 0.0167668 149
0 0.788808 0.776637 0.0107181 0.0477469 15
0 0.115519 0.984368 0.0308575 0.0224548 212
0 0.787055 0.698806 0.0074842 0.0164019 245
0 0.501949 0.808181 0.0107564 0.0433578 260
0 0.423832 0.909095 0.0197007 0.0523226 21
0 0.960572 0.744233 0.00961018 0.0478869 232
0 0.765381 0.781306 0.00904851 0.0476085 277
0 0.91666 0.742732 0.0104392 0.0212418 170
