0 0.452796 0.832974 0.0129278 0.067456 1
0 0.472969 0.854638 0.0186027 0.0313844 3
0 0.953381 0.84964 0.0223128 0.0416929 4
0 0.691885 0.794351 0.00973649 0.0444672 6
0 0.830487 0.834773 0.0176421 0.0335547 12
0 0.854836 0.830411 0.0156137 0.033275 16
0 0.891403 0.976342 0.0611533 0.0459083 20
0 0.718524 0.82988 0.014392 0.0319765 23
0 0.434686 0.914211 0.0223279 0.037465 21
0 0.549205 0.81263 0.0104944 0.0438198 260
37 0.198635 0.915867 0.0453307 0.0313133 34
0 0.72077 0.789718 0.0100868 0.0442423 277
0 0.903373 0.972787 0.0380044 0.0390377 367
0 0.844706 0.765614 0.0108791 0.0492805 495
0 0.703997 0.790475 0.0110381 0.0480101 500
0 0.00798296 0.75123 0.0101353 0.018524 523
0 0.755676 0.781288 0.00742207 0.0491526 11
0 0.115354 0.983299 0.0310319 0.0262897 538
0 0.813143 0.781127 0.00598984 0.0318522 493
0 0.74061 0.78495 0.00851755 0.0456952 572
0 0.822156 0.771045 0.0124098 0.0495403 228
0 0.359069 0.753815 0.00486119 0.0120955 411
0 0.00539364 0.978421 0.0107525 0.0205839 627
0 0.974429 0.763429 0.018775 0.0250923 649
0 0.52207 0.738559 0.00721183 0.0117032 673
0 0.797681 0.77628 0.00838561 0.0474177 417
0 0.790716 0.777728 0.00757823 0.0428233 683
0 0.318686 0.71394 0.0058048 0.0177235 570
37 0.0221704 0.938109 0.0442625 0.0294178 311
0 0.276632 0.725913 0.00436947 0.0166625 694
