0 0.452182 0.833646 0.0133137 0.0674495 1
0 0.278503 0.865397 0.017228 0.0577379 2
0 0.481142 0.828002 0.0128824 0.057874 3
0 0.953348 0.848418 0.0224337 0.0422591 4
0 0.87859 0.761049 0.00885382 0.0453219 5
0 0.69826 0.795154 0.00952168 0.0534952 6
0 0.966373 0.741651 0.00959635 0.0458611 7
0 0.518424 0.780464 0.00830045 0.0200929 9
0 0.842425 0.764473 0.00870304 0.0426524 10
0 0.77535 0.778283 0.0108265 0.0478766 11
0 0.830778 0.834235 0.0157244 0.0327822 12
0 0.531381 0.777845 0.00747747 0.026867 13
0 0.685339 0.791617 0.0106766 0.0342658 14
0 0.797133 0.775868 0.0115068 0.0501817 15
0 0.856545 0.827913 0.0123854 0.0362218 16
0 0.951108 0.746978 0.0109452 0.0493709 17
0 0.898899 0.74103 0.00817165 0.0310753 18
0 0.8942 0.975988 0.0666821 0.0467191 20
0 0.421725 0.911514 0.0189742 0.0480266 21
0 0.473031 0.801143 0.00994859 0.0391126 22
0 0.718547 0.83039 0.0141989 0.0318056 23
0 0.0080769 0.747282 0.00791447 0.0192581 25
37 0.198465 0.916441 0.046197 0.0313759 34
0 0.97179 0.762363 0.0139581 0.0274674 64
0 0.788458 0.775834 0.0096591 0.049148 8
0 0.83511 0.771906 0.00939798 0.039884 61
0 0.939494 0.739536 0.00756445 0.0213469 76
