0 0.452641 0.833341 0.0124853 0.0674605 1
0 0.47331 0.855048 0.0193805 0.030257 3
0 0.953362 0.849627 0.0223568 0.0415725 4
0 0.693328 0.793192 0.00894346 0.0459986 6
0 0.830543 0.834821 0.0176157 0.0336589 12
0 0.855827 0.832026 0.0155057 0.0309195 16
0 0.890911 0.976554 0.0602334 0.0453005 20
0 0.718622 0.830347 0.0142477 0.0311065 23
0 0.434894 0.914178 0.0220649 0.0375932 21
0 0.553209 0.81242 0.012542 0.0474509 260
37 0.198854 0.915985 0.0451131 0.0309917 34
0 0.715919 0.790845 0.00956335 0.0426747 277
0 0.90301 0.972725 0.0375622 0.038919 367
0 0.841645 0.766478 0.0119096 0.047821 495
0 0.70236 0.791226 0.0104722 0.0471708 500
0 0.00699629 0.752314 0.00966753 0.0188832 523
0 0.756017 0.781392 0.00714059 0.0479843 11
0 0.115412 0.983328 0.0311556 0.0261995 538
0 0.80838 0.782101 0.00612192 0.0296783 493
0 0.739583 0.784528 0.00964065 0.0458867 572
0 0.821158 0.770626 0.0101716 0.049246 228
0 0.00539933 0.978756 0.0107502 0.0200739 627
0 0.974314 0.763651 0.0187438 0.0245599 649
0 0.796618 0.774747 0.00815792 0.049404 417
0 0.786939 0.777447 0.00857105 0.0429081 683
0 0.318322 0.71391 0.00557394 0.0173634 570
37 0.0221593 0.937976 0.0442972 0.0299373 311
0 0.276539 0.727011 0.00688057 0.014998 694
0 0.0668214 0.741236 0.00799461 0.0261285 733
