0 0.452258 0.834689 0.0104892 0.0658737 1
0 0.83117 0.835277 0.0188281 0.0327373 12
0 0.856409 0.829951 0.0139279 0.0329176 16
0 0.71837 0.830226 0.0141045 0.0315787 23
0 0.459337 0.82962 0.0084424 0.0582396 260
0 0.842929 0.767087 0.00862408 0.0473834 495
0 0.114381 0.983306 0.0332291 0.0274598 538
0 0.554597 0.818159 0.01093 0.0495354 6
0 0.796461 0.775937 0.00851727 0.0492279 953
0 0.474884 0.858479 0.0196415 0.0213504 3
0 0.727355 0.786982 0.00972843 0.0492494 1102
0 0.354976 0.989186 0.0149523 0.0216231 1114
37 0.0220583 0.938633 0.0441166 0.0310766 1123
0 0.641918 0.798552 0.0105625 0.056695 762
0 0.00595146 0.977792 0.0118533 0.0207901 1150
0 0.0171511 0.753096 0.0083362 0.0178619 1151
0 0.597795 0.807728 0.00979142 0.0565688 1167
0 0.895014 0.975272 0.0674677 0.0467294 1267
37 0.198203 0.916483 0.045129 0.0311577 34
0 0.702096 0.793452 0.0120026 0.0471318 1140
0 0.974039 0.762565 0.0196078 0.0275639 1353
0 0.907289 0.972938 0.044591 0.0424142 1364
0 0.959839 0.749537 0.00685883 0.0356389 1376
0 0.954382 0.849214 0.0208776 0.0374168 1380
0 0.390989 0.818309 0.0182067 0.0577694 1324
0 0.938214 0.726662 0.00744858 0.0194094 821
0 0.68808 0.794792 0.00940108 0.0451084 1391
0 0.434474 0.895906 0.0179649 0.0857942 1403
0 0.483563 0.858613 0.0379385 0.0220824 1405
0 0.361411 0.774766 0.00775993 0.0141 1406
0 0.677199 0.790967 0.00703759 0.0352261 1307
0 0.883767 0.979453 0.0456616 0.0396588 1411
0 0.0604475 0.742069 0.00521023 0.0196776 1413
