0 0.452944 0.833395 0.0128752 0.0669229 1
0 0.477175 0.834275 0.0139177 0.06852 3
0 0.953423 0.848674 0.0219803 0.0392976 4
0 0.697713 0.793237 0.010089 0.0481452 6
0 0.755414 0.782502 0.00806713 0.0479324 11
0 0.830234 0.834684 0.0174273 0.0332908 12
0 0.855609 0.831025 0.0171696 0.0347587 16
0 0.894157 0.97539 0.0655163 0.0468224 20
0 0.71882 0.830542 0.0145375 0.0311539 23
0 0.354921 0.989138 0.01443 0.0216313 146
0 0.793763 0.775533 0.0109229 0.0480028 123
0 0.435473 0.906621 0.0248682 0.0534089 21
0 0.9217 0.751471 0.0091795 0.0465895 232
0 0.515001 0.809615 0.010217 0.0425852 260
0 0.842958 0.765583 0.00845327 0.0466624 228
0 0.973445 0.76255 0.018236 0.0282015 338
37 0.198051 0.915681 0.0461002 0.032042 34
0 0.775705 0.779948 0.00878434 0.0424537 15
0 0.745508 0.784151 0.0103935 0.0474052 277
0 0.905437 0.972486 0.0422804 0.041809 367
0 0.0072144 0.751969 0.00898696 0.0171147 347
0 0.852778 0.83213 0.0235502 0.0359219 408
0 0.322661 0.752171 0.0110774 0.0159505 411
0 0.830548 0.765745 0.00807638 0.0374035 417
0 0.484554 0.777222 0.00856042 0.0206713 309
0 0.904867 0.755723 0.00949926 0.0431793 437
0 0.883707 0.756571 0.00924158 0.0461944 7
0 0.0587035 0.902243 0.0141279 0.0608525 2
0 0.460119 0.77947 0.00578032 0.021218 446
