0 0.454801 0.832796 0.0131549 0.0680532 1
0 0.470006 0.835143 0.0160297 0.066157 3
0 0.953513 0.849309 0.0219881 0.0410214 4
0 0.695367 0.793289 0.00975719 0.0477244 6
0 0.830687 0.834439 0.0175097 0.0341176 12
0 0.856163 0.83057 0.0162878 0.0329987 16
0 0.89274 0.976094 0.061544 0.0454679 20
0 0.718518 0.829576 0.0148077 0.0329124 23
0 0.354839 0.98931 0.0149617 0.0213019 146
0 0.794246 0.775605 0.0110857 0.0491524 123
0 0.434498 0.913596 0.0222018 0.03778 21
0 0.526043 0.812893 0.0129483 0.03992 260
0 0.84269 0.767226 0.00929728 0.0469229 228
37 0.198237 0.915761 0.0441417 0.0306795 34
0 0.756233 0.781656 0.0105217 0.0506493 15
0 0.745073 0.785695 0.0091917 0.0483034 277
0 0.90342 0.973067 0.0389798 0.0393526 367
0 0.332813 0.753804 0.00785742 0.0180829 411
0 0.813314 0.774594 0.00899897 0.047785 417
0 0.467096 0.779235 0.00750961 0.0249381 309
0 0.858389 0.763053 0.00929451 0.0494743 7
0 0.0710145 0.740701 0.00763928 0.0265308 451
0 0.27762 0.728087 0.00665555 0.0144206 475
0 0.939952 0.750383 0.0121792 0.0447549 492
0 0.832128 0.777837 0.00670443 0.0283953 493
0 0.892975 0.756731 0.00956039 0.0487513 495
0 0.706064 0.791588 0.00995746 0.0496588 500
0 0.957268 0.848004 0.01503 0.0380111 513
0 0.971951 0.762962 0.0131741 0.0269988 338
0 0.960376 0.736907 0.00803995 0.028814 447
0 0.00887709 0.752084 0.0105597 0.0171355 523
