0 0.452523 0.833722 0.0111048 0.0669712 1
0 0.953518 0.849281 0.0220266 0.0415636 4
0 0.831195 0.834742 0.0184875 0.0334533 12
0 0.856162 0.830652 0.0144244 0.0326623 16
0 0.890206 0.976241 0.0582749 0.045407 20
0 0.718312 0.830579 0.0148632 0.0304748 23
0 0.43409 0.914514 0.0236706 0.0360684 21
0 0.557417 0.816216 0.0127344 0.0562305 260
37 0.198319 0.915917 0.0460333 0.0311736 34
0 0.7029 0.792983 0.00926695 0.05069 277
0 0.842974 0.762067 0.00796261 0.0420419 495
0 0.746213 0.783132 0.00740418 0.048295 11
0 0.115399 0.982938 0.0315941 0.0250952 538
0 0.736336 0.786189 0.00883255 0.0469863 572
0 0.758977 0.78124 0.00984964 0.0497362 228
0 0.782668 0.776554 0.0116411 0.0505428 762
0 0.852713 0.830989 0.0211929 0.0346996 865
0 0.648895 0.803908 0.0115775 0.0501843 6
0 0.289759 0.722704 0.00585377 0.0159709 879
0 0.941001 0.727779 0.00728884 0.0211422 821
0 0.692497 0.794147 0.009548 0.0474384 882
37 0.0221444 0.938637 0.0442665 0.0280107 311
0 0.79686 0.775125 0.00878453 0.0504911 953
0 0.0587682 0.739319 0.00478498 0.0175477 955
0 0.973877 0.762167 0.0198298 0.0294443 649
0 0.676052 0.815844 0.0152956 0.0202015 971
0 0.00474836 0.752667 0.00873617 0.017582 523
0 0.956839 0.848752 0.0155482 0.0404076 954
0 0.481682 0.854903 0.038345 0.0280518 3
