0 0.453854 0.83547 0.0117426 0.0638818 1
0 0.831219 0.834803 0.01689 0.0328116 12
0 0.85347 0.83517 0.0211269 0.0262771 16
0 0.718507 0.830187 0.013342 0.0315748 23
0 0.842897 0.765593 0.00857754 0.0450729 495
0 0.11448 0.982777 0.0319387 0.0253741 538
0 0.796733 0.774882 0.00833464 0.0474474 953
0 0.475181 0.858052 0.0170758 0.0224464 3
0 0.518878 0.819441 0.0118765 0.0596245 762
0 0.47476 0.823818 0.0100027 0.0473873 1167
37 0.198561 0.915828 0.0460199 0.0309909 34
0 0.733767 0.786033 0.0092504 0.0459078 1140
0 0.90267 0.972852 0.0332086 0.0391159 1364
0 0.688988 0.795386 0.0105772 0.0441512 1391
0 0.6117 0.807707 0.00853443 0.0464219 1307
0 0.883562 0.981904 0.0455447 0.0349834 1411
0 0.956305 0.849466 0.0166159 0.0379149 4
37 0.0220723 0.938176 0.0441238 0.0291863 1123
0 0.70117 0.792524 0.0100344 0.0457004 1465
0 0.199627 0.90064 0.0163699 0.0687945 1503
0 0.352244 0.848051 0.0152962 0.0623916 1431
0 0.355171 0.989358 0.0137882 0.0212702 1531
0 0.555206 0.818406 0.0102371 0.0489971 6
0 0.625333 0.815292 0.00726953 0.0390063 1495
0 0.743253 0.783373 0.00746384 0.0489318 1102
0 0.915794 0.749644 0.00665321 0.0344524 1376
0 0.95302 0.735197 0.006989 0.0196894 1609
0 0.391139 0.819476 0.0172945 0.0581498 1324
0 0.88981 0.976148 0.0581903 0.0454713 1267
0 0.928863 0.729102 0.0067111 0.0268806 1618
