0 0.452089 0.833864 0.0119521 0.0663034 1
0 0.953478 0.850307 0.0220344 0.039917 4
0 0.831197 0.835163 0.0186291 0.0330012 12
0 0.856504 0.830049 0.0140873 0.0338536 16
0 0.718059 0.830022 0.0137199 0.0319605 23
0 0.438694 0.892085 0.0180304 0.0807199 21
0 0.480299 0.82324 0.0130602 0.050438 260
0 0.842169 0.766969 0.00827408 0.0459513 495
0 0.114273 0.983138 0.0333981 0.0276409 538
0 0.554904 0.818583 0.0111251 0.0490035 6
0 0.796379 0.775335 0.00860491 0.0487186 953
0 0.475755 0.857848 0.0181623 0.0226003 3
0 0.737738 0.784421 0.0108612 0.049558 1102
0 0.355039 0.989118 0.0148544 0.0217504 1114
37 0.0221032 0.938877 0.0441727 0.0303527 1123
0 0.665712 0.795043 0.0123382 0.0570048 762
0 0.00580872 0.978713 0.0115247 0.0203782 1150
0 0.0179651 0.750264 0.0113462 0.0200957 1151
0 0.62587 0.80411 0.0138798 0.0546595 1167
0 0.893289 0.975068 0.0638771 0.0461656 1267
0 0.0652701 0.738437 0.00665472 0.0196047 1279
0 0.693897 0.796502 0.00992985 0.0421254 1307
37 0.19779 0.914851 0.0457811 0.0336403 34
0 0.702917 0.792393 0.010668 0.0458764 1140
0 0.967474 0.741527 0.00897579 0.0402092 1233
