0 0.452806 0.833371 0.0128886 0.0672334 1
0 0.473252 0.855027 0.0194067 0.0301094 3
0 0.953362 0.849619 0.0223521 0.04157 4
0 0.691321 0.793901 0.00637569 0.0429284 6
0 0.830565 0.834854 0.0176118 0.0337167 12
0 0.855896 0.83205 0.0155225 0.0314164 16
0 0.89142 0.976336 0.0611317 0.0458488 20
0 0.718615 0.829974 0.0143661 0.0318004 23
0 0.434805 0.914163 0.0222004 0.0375276 21
0 0.552062 0.811912 0.0119214 0.0457875 260
37 0.198961 0.915338 0.044745 0.032338 34
0 0.717187 0.790039 0.00926065 0.0420426 277
0 0.90323 0.972807 0.0378905 0.0390605 367
0 0.842288 0.766008 0.0115149 0.0485681 495
0 0.702243 0.79097 0.00998731 0.0468654 500
0 0.00677222 0.752267 0.0100637 0.0198801 523
0 0.755848 0.780996 0.00735841 0.0490911 11
0 0.115368 0.983256 0.0310867 0.0260111 538
0 0.810224 0.781225 0.00583267 0.0304126 493
0 0.739808 0.784464 0.00786996 0.0464972 572
0 0.822338 0.770567 0.010508 0.0485659 228
0 0.0053969 0.978451 0.0107384 0.02061 627
0 0.974539 0.763518 0.0183434 0.0247509 649
0 0.521786 0.738803 0.00659876 0.0109902 673
0 0.796402 0.775065 0.00924602 0.0492505 417
0 0.788196 0.777396 0.00695272 0.0431323 683
0 0.3184 0.71399 0.0054424 0.0173247 570
37 0.0222007 0.938025 0.0443482 0.0298893 311
0 0.27646 0.726607 0.00645471 0.014919 694
0 0.694875 0.793862 0.00753598 0.044371 700
0 0.0667551 0.738703 0.00732958 0.0208679 733
