0 0.453005 0.833296 0.0125592 0.0686417 1
0 0.473253 0.853533 0.0197813 0.0332724 3
0 0.953752 0.848948 0.0220077 0.0399848 4
0 0.695611 0.794429 0.00927582 0.0451027 6
0 0.830622 0.834635 0.0175778 0.033601 12
0 0.852823 0.832127 0.0221319 0.0339656 16
0 0.891832 0.97613 0.0613715 0.0459181 20
0 0.718183 0.830337 0.0138234 0.0318707 23
0 0.796463 0.776641 0.00770779 0.0487611 123
0 0.433817 0.914662 0.0243327 0.0369712 21
0 0.544162 0.814977 0.0114228 0.0533791 260
37 0.198968 0.916158 0.0463721 0.0319952 34
0 0.73335 0.788674 0.00896025 0.0415565 277
0 0.904411 0.973091 0.0394133 0.0401323 367
0 0.842883 0.765693 0.00865717 0.0457754 7
0 0.0712324 0.740535 0.00865961 0.0225176 451
0 0.860836 0.761823 0.00936804 0.0556382 495
0 0.70517 0.793482 0.0110018 0.0441049 500
0 0.0094489 0.747964 0.00981707 0.0195742 523
0 0.755522 0.781269 0.00770073 0.0483451 11
0 0.800583 0.776833 0.00849066 0.0448947 417
0 0.114941 0.981545 0.0302351 0.0244692 538
0 0.817386 0.779622 0.0056674 0.0314851 493
0 0.319973 0.709919 0.00691948 0.0183393 570
0 0.744748 0.784744 0.00934825 0.0460088 572
0 0.829201 0.763944 0.0100117 0.0437314 228
0 0.272859 0.727783 0.00577025 0.0195129 475
0 0.93642 0.723803 0.00525522 0.0183762 598
0 0.34846 0.754975 0.00826182 0.0197344 411
0 0.712503 0.831005 0.0262069 0.032438 616
0 0.789936 0.699603 0.00576587 0.0157564 581
37 0.0220736 0.938304 0.0441437 0.0290375 311
0 0.981545 0.741292 0.0138354 0.0432321 447
0 0.79859 0.776708 0.00992117 0.0478233 623
