0 0.452841 0.833699 0.0113557 0.0676748 1
0 0.464319 0.838362 0.0146647 0.0629958 3
0 0.953535 0.849352 0.0219612 0.0413111 4
0 0.694514 0.793325 0.00982585 0.0461096 6
0 0.830738 0.834406 0.017378 0.0340351 12
0 0.856334 0.830462 0.0165173 0.0331775 16
0 0.892541 0.976203 0.0616924 0.0453581 20
0 0.718605 0.830376 0.0145462 0.031207 23
0 0.354472 0.989349 0.0155037 0.0212875 146
0 0.795129 0.775251 0.0104806 0.0488767 123
0 0.434842 0.91379 0.0214959 0.0376961 21
0 0.533065 0.815943 0.010175 0.0397245 260
0 0.842357 0.765838 0.00708675 0.0457136 228
37 0.198343 0.91596 0.0461815 0.0315141 34
0 0.743498 0.78492 0.00870285 0.0479539 277
0 0.903922 0.972975 0.0388086 0.0390889 367
0 0.337437 0.755554 0.00817125 0.0204991 411
0 0.458955 0.783212 0.00750623 0.025146 309
0 0.847805 0.765661 0.00839033 0.0471325 7
0 0.0713144 0.742849 0.00701343 0.0275404 451
0 0.276796 0.728682 0.0079021 0.0176239 475
0 0.879785 0.759418 0.00843821 0.0501186 495
0 0.706424 0.791011 0.00982008 0.0476519 500
0 0.957208 0.848076 0.0150978 0.0382491 513
0 0.973242 0.762509 0.0159585 0.0277418 338
0 0.967749 0.738161 0.00661116 0.0335054 447
0 0.00846298 0.748051 0.00883923 0.0179686 523
0 0.755052 0.78199 0.0078753 0.0486543 11
0 0.807691 0.774217 0.00883493 0.0427765 417
37 0.022186 0.938786 0.044372 0.0294435 311
0 0.117284 0.983399 0.0343067 0.0244168 538
0 0.824045 0.778319 0.00540848 0.0255143 493
