0 0.452866 0.833545 0.0123394 0.0682203 1
0 0.473087 0.853633 0.0197308 0.0333252 3
0 0.953764 0.848949 0.0219939 0.039974 4
0 0.695539 0.794417 0.00919018 0.0453399 6
0 0.83063 0.834651 0.0176149 0.0336017 12
0 0.852768 0.832134 0.0222692 0.0339814 16
0 0.891719 0.976224 0.0615432 0.0459503 20
0 0.718229 0.830301 0.0138822 0.0320141 23
0 0.795755 0.776394 0.00672092 0.0489234 123
0 0.433772 0.914657 0.0244662 0.0371054 21
0 0.544841 0.815029 0.0109715 0.0522236 260
37 0.198962 0.916218 0.0464938 0.0319134 34
0 0.732626 0.788014 0.00870509 0.0438622 277
0 0.904458 0.973123 0.0394265 0.0402266 367
0 0.842838 0.765977 0.00875244 0.0458586 7
0 0.0712442 0.740844 0.00898238 0.0223581 451
0 0.860015 0.763612 0.00925341 0.0559491 495
0 0.704997 0.791746 0.0109416 0.0471786 500
0 0.00941212 0.748025 0.00992038 0.020102 523
0 0.755277 0.781131 0.00811853 0.0487232 11
0 0.114931 0.981591 0.0302614 0.0245543 538
0 0.817444 0.77988 0.00561104 0.0309409 493
0 0.319857 0.709991 0.0067507 0.0182332 570
0 0.744429 0.785217 0.0097271 0.0457919 572
0 0.828486 0.766033 0.00981874 0.0460829 228
0 0.272673 0.727082 0.00691252 0.0194063 475
0 0.93642 0.723725 0.00489159 0.0182197 598
0 0.34957 0.75596 0.00986924 0.0223371 411
0 0.712512 0.830925 0.0261907 0.0326647 616
0 0.789922 0.699667 0.0054419 0.0158392 581
37 0.0220728 0.938423 0.0441413 0.028787 311
0 0.982371 0.739749 0.0135495 0.0400332 447
0 0.799272 0.776981 0.00840406 0.0465446 623
