0 0.452987 0.834044 0.0126473 0.0674866 1
0 0.183391 0.875957 0.0152489 0.0517892 2
0 0.481682 0.831653 0.0151344 0.064763 3
0 0.953663 0.848919 0.0219554 0.0414663 4
0 0.859635 0.762074 0.00717764 0.0395958 5
0 0.697784 0.793079 0.00911155 0.0506041 6
0 0.774669 0.779385 0.0119068 0.0484797 11
0 0.830341 0.83447 0.018108 0.0330137 12
0 0.510074 0.77828 0.0112463 0.0234508 13
0 0.855746 0.830831 0.0156244 0.0332207 16
0 0.883411 0.980387 0.0450912 0.0370422 20
0 0.717302 0.830309 0.0149282 0.03138 23
0 0.00884343 0.749215 0.00816982 0.017794 25
8 0.198683 0.915903 0.0456503 0.0314247 34
0 0.84289 0.765977 0.00992241 0.0469207 102
0 0.985164 0.738088 0.0100301 0.0465844 17
0 0.354927 0.989212 0.0148845 0.0215753 146
0 0.935146 0.748369 0.0101078 0.0465314 7
0 0.680703 0.792458 0.0100231 0.0375726 116
0 0.910471 0.742094 0.00833063 0.0199448 170
0 0.809784 0.774292 0.00781698 0.0427115 123
0 0.76508 0.697389 0.00643387 0.017074 149
0 0.787661 0.776924 0.0111248 0.0470067 15
0 0.115298 0.984161 0.0309762 0.0222394 212
0 0.832252 0.768926 0.00853291 0.0421191 228
0 0.965103 0.748145 0.0107139 0.0579274 232
0 0.783867 0.69788 0.00713115 0.0176308 245
0 0.486907 0.766644 0.00744271 0.0215775 257
0 0.497969 0.807433 0.0112659 0.0390721 260
0 0.42394 0.915133 0.020708 0.0401415 21
