0 0.452888 0.83431 0.0123972 0.0667867 1
0 0.83119 0.835054 0.0169097 0.0324886 12
0 0.852797 0.833719 0.0228872 0.0303546 16
0 0.718059 0.829612 0.013728 0.0325434 23
0 0.843177 0.764447 0.00825748 0.0402834 495
0 0.115854 0.982815 0.0355748 0.0279177 538
0 0.796503 0.776286 0.00854931 0.0504897 953
0 0.475575 0.856238 0.0188364 0.0258791 3
0 0.73417 0.785549 0.00876551 0.0480631 1102
0 0.572919 0.810005 0.0109044 0.0571404 762
0 0.532841 0.818924 0.0132912 0.055261 1167
0 0.894058 0.97595 0.0651693 0.0448988 1267
37 0.198287 0.916282 0.0448519 0.0309374 34
0 0.722706 0.786964 0.00922313 0.0489666 1140
0 0.971752 0.762855 0.0139808 0.0271473 1353
0 0.906371 0.973417 0.0402051 0.0396657 1364
0 0.689096 0.795557 0.0106977 0.0463023 1391
0 0.642445 0.803824 0.00843959 0.0489489 1307
0 0.88411 0.982084 0.0454854 0.0332386 1411
0 0.956815 0.847978 0.0158886 0.035923 4
0 0.484264 0.856391 0.0371217 0.0261336 1405
37 0.0221542 0.93883 0.0442661 0.0301444 1123
0 0.70109 0.795456 0.0106953 0.0491627 1465
0 0.555055 0.816924 0.0102232 0.046369 6
0 0.391174 0.829458 0.0182467 0.0801615 1324
0 0.928476 0.750713 0.00736561 0.0481745 1376
0 0.984043 0.732904 0.00657721 0.0282765 1490
0 0.660049 0.806483 0.00739651 0.0333734 1495
0 0.945099 0.849534 0.0130607 0.0368674 1472
0 0.308321 0.900288 0.0141112 0.0774996 1503
0 0.389715 0.847978 0.0127024 0.0535104 1431
