0 0.455847 0.833645 0.0127325 0.0683807 1
0 0.475958 0.834676 0.0147352 0.0660747 3
0 0.953535 0.849451 0.0220556 0.0410528 4
0 0.698446 0.792282 0.0110423 0.048956 6
0 0.755729 0.781465 0.00763268 0.0478645 11
0 0.830591 0.834628 0.0172277 0.0335859 12
0 0.856327 0.830214 0.0153186 0.0329524 16
0 0.894542 0.976201 0.0656235 0.0457729 20
0 0.7185 0.830396 0.0144529 0.0310911 23
0 0.355096 0.988924 0.014589 0.0221233 146
0 0.793764 0.775161 0.0109173 0.0473931 123
0 0.433572 0.913488 0.0240996 0.0395624 21
0 0.519851 0.808373 0.0108649 0.0366659 260
0 0.843044 0.766962 0.00851049 0.0473482 228
37 0.198529 0.915607 0.0472048 0.0328741 34
0 0.766783 0.781142 0.00947762 0.0452087 15
0 0.744141 0.78414 0.00866942 0.0474126 277
0 0.906228 0.973065 0.0440656 0.0400548 367
0 0.327888 0.7531 0.00934427 0.016678 411
0 0.819498 0.770707 0.00804939 0.0401968 417
0 0.476024 0.780006 0.00784082 0.022349 309
0 0.869873 0.760566 0.00948153 0.0477765 7
0 0.0222486 0.902109 0.010342 0.0484783 2
0 0.0695417 0.742664 0.0098164 0.0289029 451
0 0.451291 0.780429 0.0073504 0.0176932 459
37 0.0221128 0.938796 0.0440706 0.0281548 311
0 0.996036 0.809847 0.00750513 0.023946 466
0 0.278879 0.728896 0.00637195 0.016014 475
0 0.00970802 0.751147 0.00896861 0.0176136 347
0 0.924351 0.753263 0.00848265 0.0414451 492
0 0.836491 0.774789 0.00670109 0.026972 493
0 0.904395 0.755007 0.00985775 0.0474002 495
