0 0.451661 0.834399 0.0120706 0.0663942 1
0 0.953681 0.849825 0.0218031 0.0427622 4
0 0.83078 0.834664 0.0174093 0.0335643 12
0 0.856915 0.829183 0.0133685 0.033669 16
0 0.883536 0.982448 0.044178 0.0339391 20
0 0.717957 0.830609 0.0122615 0.0304866 23
0 0.433749 0.914292 0.0248628 0.0370041 21
0 0.528269 0.819269 0.0119261 0.0518844 260
37 0.198249 0.915996 0.0454554 0.0311802 34
0 0.842619 0.766498 0.00895405 0.0448228 495
0 0.114816 0.982568 0.0321228 0.0268426 538
0 0.69327 0.79392 0.00968809 0.0477665 572
0 0.597063 0.81171 0.0107342 0.0445337 6
0 0.939984 0.729189 0.00612822 0.0212768 821
0 0.690516 0.795099 0.00616837 0.046184 882
0 0.796887 0.775171 0.00702109 0.0473234 953
0 0.973716 0.762475 0.0174586 0.0269968 649
0 0.676082 0.815435 0.0168555 0.0188497 971
0 0.0084542 0.747445 0.007857 0.0157404 523
0 0.475798 0.854266 0.0161942 0.0295646 3
0 0.746783 0.7827 0.00823956 0.0452404 1102
0 0.313321 0.709005 0.00761025 0.0148343 1103
0 0.35446 0.989199 0.0149725 0.0216014 1114
0 0.28621 0.724471 0.00759208 0.0154857 1121
37 0.0221486 0.938224 0.0442944 0.0296142 1123
0 0.268704 0.733608 0.00626578 0.0161742 1117
0 0.730842 0.788431 0.00886307 0.0437164 1140
0 0.700886 0.791581 0.00882664 0.0459884 277
0 0.719588 0.790249 0.00786653 0.0422823 1033
