0 0.453608 0.833377 0.0116804 0.0673536 1
0 0.0963988 0.897661 0.0161459 0.0629262 2
0 0.479781 0.833073 0.0152888 0.0660995 3
0 0.953419 0.848701 0.0218837 0.039429 4
0 0.698307 0.794275 0.00915117 0.0451372 6
0 0.759085 0.783258 0.00685887 0.0460003 11
0 0.830157 0.83474 0.0175776 0.0333816 12
0 0.855837 0.830888 0.0166412 0.0342744 16
0 0.893622 0.974918 0.0643333 0.0463538 20
0 0.718707 0.829778 0.0147954 0.0327097 23
0 0.355061 0.989435 0.014314 0.021125 146
0 0.795808 0.775741 0.00849786 0.0470271 123
0 0.436268 0.898144 0.0155223 0.0712229 21
0 0.936513 0.749141 0.00831299 0.0479228 232
0 0.514591 0.807327 0.0118096 0.0383526 260
0 0.842757 0.765474 0.00904636 0.0472945 228
0 0.899221 0.755453 0.00903778 0.0471031 7
0 0.489914 0.781381 0.00906596 0.0260217 309
0 0.883944 0.760287 0.00829926 0.0410962 336
0 0.973695 0.762551 0.0193295 0.0284698 338
8 0.197867 0.914896 0.0457385 0.0329081 34
0 0.00602647 0.749839 0.00855953 0.018727 347
0 0.785262 0.779176 0.00863409 0.0414985 15
0 0.746458 0.783766 0.0100003 0.0463816 277
0 0.928686 0.74068 0.00666866 0.0303986 361
0 0.905807 0.972347 0.0408997 0.0418564 367
0 0.996753 0.738417 0.0063714 0.0344165 300
0 0.692335 0.795245 0.00739613 0.0428304 116
