0 0.452467 0.833678 0.0108629 0.0672963 1
0 0.953519 0.849292 0.022043 0.0415443 4
0 0.83122 0.834734 0.0185674 0.0335035 12
0 0.856185 0.830774 0.0145942 0.0326642 16
0 0.890262 0.976254 0.0584046 0.0453843 20
0 0.7183 0.830382 0.0149172 0.030889 23
0 0.434053 0.914426 0.0236951 0.0360391 21
0 0.556882 0.816294 0.0121193 0.0559174 260
8 0.198361 0.91571 0.045841 0.0314273 34
0 0.702779 0.792363 0.00928836 0.0493354 277
0 0.843066 0.762056 0.00797958 0.0417232 495
0 0.74608 0.783604 0.00719895 0.0478097 11
0 0.117023 0.983468 0.0354098 0.0258193 538
0 0.73637 0.786272 0.00931058 0.0471424 572
0 0.757791 0.782171 0.0112089 0.0490239 228
0 0.781723 0.776873 0.0114888 0.0503036 762
0 0.852669 0.831049 0.0214385 0.0346159 865
0 0.64727 0.803153 0.0105161 0.0493756 6
0 0.290098 0.722131 0.00566998 0.0155384 879
0 0.94079 0.728041 0.00734138 0.0218026 821
0 0.692519 0.794214 0.0094511 0.0473903 882
37 0.0221387 0.938434 0.0442773 0.0283466 311
0 0.796829 0.774802 0.00883212 0.0513351 953
0 0.0585872 0.73969 0.00504231 0.016809 955
0 0.973904 0.762147 0.0201041 0.029571 649
0 0.675966 0.81595 0.015432 0.0202163 971
0 0.00463423 0.752675 0.00913232 0.0174539 523
0 0.956717 0.84882 0.0157981 0.040562 954
0 0.481953 0.855865 0.0392824 0.0260697 3
