0 0.455689 0.833485 0.0130054 0.0686706 1
0 0.476261 0.834748 0.0163887 0.0666838 3
0 0.953519 0.849489 0.0220852 0.0411367 4
0 0.696638 0.791943 0.0111495 0.048318 6
0 0.755534 0.781719 0.00894094 0.0485756 11
0 0.830583 0.834625 0.0173015 0.0335415 12
0 0.856281 0.830233 0.0153415 0.0326956 16
0 0.894509 0.9762 0.0655339 0.0458621 20
0 0.718517 0.830712 0.0143794 0.030302 23
0 0.355009 0.988977 0.0147199 0.0220465 146
0 0.793609 0.775865 0.0105169 0.0473863 123
0 0.435656 0.906929 0.0243185 0.0510607 21
0 0.517105 0.805368 0.00843844 0.0358422 260
0 0.843412 0.766015 0.00764322 0.045344 228
0 0.972966 0.762695 0.0153832 0.0274248 338
8 0.198467 0.91519 0.0463215 0.0329025 34
0 0.769511 0.780157 0.00886836 0.0434413 15
0 0.744076 0.783809 0.00871334 0.0473506 277
0 0.906083 0.973137 0.0437194 0.0402478 367
0 0.326011 0.75144 0.00963643 0.014243 411
0 0.8237 0.769834 0.0085825 0.0391153 417
0 0.479839 0.779379 0.0089992 0.0229836 309
0 0.874467 0.758721 0.00939188 0.0468599 7
0 0.0356274 0.901765 0.0104173 0.0543668 2
0 0.949534 0.738229 0.00817204 0.0333291 447
0 0.0696312 0.742759 0.00788804 0.0283749 451
0 0.454111 0.78019 0.00763841 0.0176653 459
37 0.0220491 0.938174 0.0440634 0.0301327 311
0 0.99605 0.809851 0.00748491 0.0238832 466
0 0.278854 0.729336 0.00728734 0.0164971 475
0 0.00827052 0.749474 0.0111988 0.0191683 347
