0 0.452395 0.833983 0.0126069 0.0691838 1
0 0.953765 0.850036 0.0228222 0.0428713 4
0 0.830548 0.834662 0.0174743 0.0333771 12
0 0.856376 0.830419 0.0136209 0.032169 16
0 0.890333 0.975748 0.0578428 0.0455969 20
0 0.718316 0.830483 0.01458 0.031518 23
0 0.434961 0.914031 0.0212422 0.0369374 21
0 0.551433 0.816702 0.0116773 0.0553594 260
37 0.199327 0.916565 0.0485618 0.0306574 34
0 0.702616 0.792095 0.00963731 0.0467696 277
0 0.842295 0.764958 0.0084651 0.0441223 495
0 0.115207 0.981143 0.0339602 0.030889 538
0 0.736126 0.786029 0.00811472 0.047438 572
0 0.768999 0.778315 0.0105738 0.0527064 762
0 0.633861 0.805707 0.0106935 0.0460292 6
0 0.940486 0.728748 0.00764637 0.0216955 821
0 0.692674 0.796653 0.00966096 0.0448629 882
0 0.797368 0.775561 0.0111745 0.0495718 953
0 0.0575842 0.738004 0.00499918 0.0202213 955
0 0.973735 0.763466 0.020332 0.0263303 649
16 0.676278 0.815616 0.0158089 0.017612 971
0 0.00486461 0.751083 0.00937442 0.0184068 523
0 0.475435 0.853871 0.0160378 0.0297243 3
0 0.741415 0.78419 0.00931602 0.0497971 228
0 0.273983 0.728084 0.00668583 0.016718 999
0 0.391079 0.818663 0.0177446 0.0584343 943
