0 0.451515 0.834154 0.0136383 0.0656013 1
0 0.830877 0.8349 0.0178683 0.0335525 12
0 0.856088 0.831028 0.0148019 0.0327069 16
0 0.718015 0.83016 0.0135117 0.0312833 23
0 0.843411 0.767291 0.00846777 0.046728 495
0 0.114602 0.983777 0.0321513 0.0264361 538
0 0.555375 0.819394 0.00972238 0.0508697 6
0 0.796402 0.775687 0.00887265 0.0489578 953
0 0.475661 0.856483 0.019049 0.0258375 3
0 0.72203 0.786557 0.00978484 0.0492302 1102
0 0.355146 0.989341 0.0140063 0.0213146 1114
37 0.0225566 0.938618 0.0451059 0.0295564 1123
0 0.619176 0.80394 0.0136419 0.0590624 762
0 0.0123476 0.752029 0.00852608 0.0171018 1151
0 0.576919 0.812584 0.0138218 0.058259 1167
0 0.893893 0.975342 0.0624001 0.0446654 1267
37 0.198093 0.915665 0.0455539 0.0315862 34
0 0.70204 0.792633 0.0086709 0.045071 1140
0 0.974693 0.762557 0.0180804 0.0270626 1353
0 0.905206 0.973148 0.041167 0.0394206 1364
0 0.935814 0.728731 0.00858278 0.027589 821
0 0.687626 0.79532 0.010344 0.0451856 1391
0 0.666372 0.800674 0.00825882 0.0474763 1307
0 0.883607 0.984588 0.0448962 0.0281537 1411
0 0.695128 0.793831 0.00878716 0.0445491 1415
0 0.394731 0.89717 0.0208958 0.0833247 1403
0 0.94939 0.747038 0.00825272 0.0357705 1376
0 0.43643 0.834464 0.0123572 0.0625746 1431
0 0.955877 0.848233 0.0186234 0.0348794 4
0 0.391316 0.812378 0.0176324 0.0446176 1324
