0 0.453192 0.834125 0.0122828 0.067508 1
0 0.19955 0.875346 0.0108032 0.0547804 2
0 0.481093 0.830165 0.0148166 0.0639122 3
0 0.953418 0.84904 0.0224327 0.0424278 4
0 0.865672 0.759603 0.00851822 0.0377568 5
0 0.697976 0.793178 0.00916424 0.0505371 6
0 0.777357 0.778819 0.00933795 0.046044 11
0 0.830346 0.834515 0.0181401 0.0329475 12
0 0.513905 0.778639 0.0081667 0.0242842 13
0 0.855733 0.830933 0.0157091 0.032503 16
0 0.883346 0.980874 0.0447436 0.0363825 20
0 0.423571 0.912377 0.0192375 0.0462849 21
0 0.717213 0.830267 0.014707 0.0314734 23
0 0.00880575 0.747959 0.00793982 0.0160742 25
8 0.199176 0.916026 0.0453717 0.0314228 34
0 0.84435 0.762955 0.0108973 0.0422203 102
0 0.982717 0.739515 0.0101666 0.0487442 17
0 0.35494 0.989195 0.0148908 0.0215902 146
0 0.939184 0.746493 0.0103014 0.0441772 7
0 0.677693 0.792541 0.00875478 0.0381616 116
0 0.909067 0.743725 0.00908585 0.0268569 170
0 0.810733 0.774333 0.0089056 0.0449159 123
0 0.764746 0.697341 0.00690465 0.0178201 149
0 0.787848 0.776876 0.0103885 0.0474259 15
0 0.115171 0.983507 0.0313714 0.0210954 212
0 0.826208 0.770156 0.0106642 0.0410328 228
0 0.39142 0.813484 0.0166872 0.0455414 141
0 0.967721 0.73784 0.00847425 0.0397585 232
0 0.960244 0.742452 0.00609808 0.0282899 194
