0 0.451583 0.833157 0.0118741 0.0671093 1
0 0.95373 0.850027 0.0227435 0.0428374 4
0 0.830562 0.834769 0.0175823 0.033518 12
0 0.856388 0.830558 0.0135826 0.0322895 16
0 0.890387 0.97568 0.0577477 0.045476 20
0 0.718434 0.830137 0.0142936 0.03214 23
0 0.434714 0.913964 0.0215966 0.0368026 21
0 0.555452 0.816195 0.0136397 0.0534087 260
8 0.198777 0.915376 0.0468068 0.0322966 34
0 0.70246 0.791976 0.0103439 0.0453648 277
0 0.843515 0.762737 0.00662279 0.0388599 495
0 0.745674 0.784457 0.00674486 0.0481695 11
0 0.11502 0.981408 0.0324383 0.029786 538
0 0.736657 0.785683 0.00859246 0.0478031 572
0 0.752659 0.781867 0.00854607 0.0505513 228
0 0.778479 0.776509 0.0100314 0.0511225 762
0 0.644241 0.805132 0.00969644 0.0476633 6
0 0.290719 0.721392 0.00625257 0.0191793 879
0 0.939998 0.727981 0.00718603 0.0207081 821
0 0.692373 0.796351 0.00971122 0.0460101 882
0 0.796915 0.77576 0.0123057 0.0500098 953
0 0.0581862 0.740739 0.00460946 0.0179742 955
0 0.97454 0.762889 0.0192842 0.0271319 649
0 0.676285 0.81516 0.0158996 0.0178325 971
0 0.00481425 0.752708 0.0093862 0.0173902 523
0 0.746999 0.784352 0.00687976 0.0475539 683
0 0.476952 0.856645 0.0333865 0.0232102 3
