0 0.451993 0.833943 0.012948 0.0691008 1
0 0.953754 0.850044 0.0228219 0.0429 4
0 0.83056 0.834647 0.0174439 0.0333749 12
0 0.856381 0.830486 0.0136724 0.0322839 16
0 0.890343 0.975724 0.0578088 0.045561 20
0 0.718316 0.830355 0.0145853 0.0318242 23
0 0.434259 0.914157 0.0225475 0.0371098 21
0 0.55307 0.81656 0.0107994 0.0549044 260
8 0.199226 0.915934 0.0473407 0.0313833 34
0 0.702454 0.792238 0.00992713 0.0492621 277
0 0.842995 0.763419 0.00710754 0.0401143 495
0 0.114938 0.980959 0.0328614 0.031036 538
0 0.736411 0.786157 0.00818272 0.0471264 572
0 0.771616 0.77726 0.010021 0.0509859 762
0 0.63593 0.804905 0.00976386 0.0483793 6
0 0.939914 0.728623 0.00757265 0.0213429 821
0 0.692552 0.796547 0.00961623 0.0455822 882
0 0.797129 0.77558 0.0118314 0.0493434 953
0 0.057776 0.737746 0.00536022 0.0187576 955
0 0.973858 0.763278 0.020049 0.0264128 649
0 0.676143 0.815565 0.0154834 0.0176896 971
0 0.00491951 0.751392 0.00913907 0.0181142 523
0 0.476146 0.854638 0.0205557 0.0294036 3
0 0.743682 0.782473 0.00991764 0.0515706 228
0 0.754846 0.79005 0.00810299 0.0324867 998
0 0.27402 0.728162 0.00602365 0.0163435 999
