0 0.452308 0.834286 0.0118801 0.0659901 1
0 0.830846 0.835146 0.0179102 0.0325745 12
0 0.856248 0.83087 0.0146132 0.0305222 16
0 0.717767 0.829785 0.013419 0.0322136 23
0 0.843159 0.764618 0.00830193 0.0491116 495
0 0.114241 0.98269 0.0323609 0.0277751 538
0 0.553943 0.817988 0.00790544 0.0491508 6
0 0.796499 0.775114 0.00857425 0.0501875 953
0 0.475416 0.857379 0.0186017 0.0231114 3
0 0.722238 0.785762 0.0103626 0.0504111 1102
0 0.601099 0.81078 0.00992184 0.0497233 762
0 0.56107 0.814865 0.00992851 0.0566471 1167
0 0.8938 0.975756 0.0646714 0.0443002 1267
37 0.198231 0.915772 0.0451887 0.0316783 34
0 0.705835 0.790691 0.0105634 0.0475153 1140
0 0.972523 0.762993 0.014601 0.0272432 1353
0 0.906591 0.973341 0.0396901 0.0395274 1364
0 0.689177 0.794946 0.0106342 0.0451682 1391
0 0.658689 0.799489 0.0089004 0.0455622 1307
0 0.883677 0.980276 0.0448458 0.0372587 1411
0 0.359066 0.899842 0.0168647 0.0824278 1403
0 0.418194 0.83714 0.0124108 0.0634051 1431
0 0.953419 0.849855 0.0220662 0.0393375 4
0 0.938398 0.751491 0.00672016 0.0392609 1376
0 0.484234 0.857535 0.0369085 0.0236228 1405
0 0.699312 0.791451 0.00689707 0.0455044 1452
37 0.0221747 0.938548 0.044301 0.0309798 1123
