0 0.452724 0.833405 0.0125463 0.0676531 1
0 0.473472 0.852288 0.0207613 0.0362607 3
0 0.953385 0.850109 0.0224456 0.043112 4
0 0.69496 0.794466 0.00975099 0.0433896 6
0 0.830542 0.834791 0.0177799 0.0336287 12
0 0.855813 0.831908 0.0154462 0.0319594 16
0 0.890642 0.97664 0.0595255 0.0447293 20
0 0.718547 0.830271 0.0145441 0.0313176 23
0 0.434783 0.91414 0.0223798 0.0377255 21
0 0.556991 0.815778 0.0113709 0.0451251 260
37 0.198921 0.916342 0.0454019 0.0306814 34
0 0.704778 0.795158 0.00973415 0.0409643 277
0 0.902489 0.972905 0.0367218 0.0387043 367
0 0.842997 0.766692 0.00819969 0.0466247 495
0 0.00496026 0.751991 0.00992052 0.019902 523
0 0.7559 0.781278 0.00706434 0.0495082 11
0 0.115551 0.983197 0.0313491 0.025934 538
0 0.737932 0.78544 0.00933051 0.0478752 572
0 0.813701 0.770841 0.0119781 0.0479472 228
0 0.974428 0.763866 0.018802 0.0247537 649
0 0.796966 0.77547 0.00918994 0.0492585 417
0 0.781146 0.777872 0.00803366 0.0439115 683
0 0.318497 0.714228 0.00595338 0.0184258 570
37 0.0222376 0.938132 0.0443932 0.0295622 311
0 0.066381 0.741883 0.00766476 0.0312258 733
0 0.424403 0.780035 0.00921888 0.0195811 758
0 0.830971 0.768076 0.00931253 0.0518924 762
0 0.796649 0.697635 0.00419459 0.0146794 795
