0 0.453157 0.834044 0.0123524 0.0675794 1
0 0.202056 0.874672 0.0127373 0.0544897 2
0 0.481509 0.830997 0.0144826 0.0643597 3
0 0.953373 0.849004 0.0224178 0.0425201 4
0 0.86564 0.760544 0.00796785 0.0403338 5
0 0.698118 0.794932 0.0094708 0.047267 6
0 0.777302 0.778966 0.00953255 0.0456219 11
0 0.830374 0.834543 0.0181675 0.0329395 12
0 0.515078 0.778878 0.00755429 0.0244801 13
0 0.855471 0.831119 0.0159392 0.0328317 16
0 0.883439 0.980745 0.0448078 0.0364938 20
0 0.42387 0.910947 0.0184532 0.0489456 21
0 0.717118 0.8303 0.0143113 0.0313252 23
0 0.00818324 0.747821 0.0100452 0.0170447 25
8 0.199185 0.91587 0.0454339 0.0317243 34
0 0.843325 0.761339 0.00760984 0.039211 102
0 0.981606 0.740641 0.0107128 0.0491805 17
0 0.354942 0.989218 0.0148788 0.0215644 146
0 0.940613 0.747806 0.0089447 0.0403872 7
0 0.677386 0.791899 0.00847731 0.035073 116
0 0.90889 0.743465 0.00857058 0.0260678 170
0 0.811431 0.774067 0.00836067 0.0453032 123
0 0.765503 0.696818 0.00689845 0.0176887 149
0 0.787975 0.776866 0.00993524 0.0471404 15
0 0.115169 0.98346 0.0312971 0.0209266 212
0 0.887065 0.765959 0.00720186 0.0282534 220
0 0.824918 0.770552 0.00968275 0.0408324 228
0 0.391467 0.814637 0.0165145 0.0488876 141
0 0.969374 0.737228 0.00811987 0.0396919 232
0 0.959621 0.74178 0.00653915 0.0303557 194
