0 0.453111 0.833401 0.0126919 0.0685601 1
0 0.475465 0.854375 0.0275972 0.0300006 3
0 0.953513 0.84983 0.0221484 0.0421875 4
0 0.697388 0.797112 0.0106088 0.0456734 6
0 0.830657 0.834996 0.0176841 0.0330658 12
0 0.85623 0.831038 0.0148705 0.0342679 16
0 0.894102 0.975543 0.0671933 0.0470035 20
0 0.717561 0.830228 0.0129353 0.031341 23
0 0.434077 0.914383 0.0236279 0.037392 21
0 0.564337 0.812615 0.0132331 0.045515 260
8 0.198677 0.916434 0.0441334 0.0310173 34
0 0.703161 0.79365 0.00758815 0.0434608 277
0 0.906625 0.972357 0.0441938 0.0414569 367
0 0.843706 0.765128 0.00720491 0.0488993 495
0 0.755133 0.781732 0.00838156 0.0490449 11
0 0.115119 0.980991 0.0308814 0.0226775 538
0 0.736635 0.786221 0.00861578 0.0459934 572
0 0.80605 0.77283 0.0101585 0.0501667 228
0 0.971465 0.76391 0.0134783 0.0246997 649
0 0.79621 0.775375 0.00871973 0.049212 417
0 0.777033 0.779266 0.00996175 0.04447 683
37 0.0222135 0.938552 0.0443988 0.0283089 311
0 0.823591 0.768911 0.00931501 0.0531999 762
0 0.797124 0.697144 0.00510936 0.0162313 795
0 0.940255 0.72858 0.00701065 0.0209706 821
0 0.410148 0.761559 0.00562758 0.00857196 837
0 0.420906 0.780742 0.00674748 0.0192212 758
0 0.00433458 0.750892 0.00815175 0.0173857 523
