0 0.452642 0.835011 0.012739 0.0664083 1
0 0.831304 0.835006 0.016799 0.0325215 12
0 0.853843 0.834277 0.0201758 0.0280467 16
0 0.718445 0.829862 0.0143606 0.0319669 23
0 0.842733 0.765073 0.0085103 0.0401438 495
0 0.114475 0.982488 0.0312718 0.0237806 538
0 0.797245 0.775148 0.00923371 0.0501662 953
0 0.475686 0.857239 0.0174129 0.0238091 3
0 0.549346 0.814355 0.0103518 0.0537144 762
0 0.507553 0.822711 0.0125543 0.0572543 1167
0 0.890872 0.976924 0.0599239 0.0441382 1267
37 0.198752 0.916321 0.0434812 0.0306028 34
0 0.731128 0.786157 0.00835042 0.0454878 1140
0 0.971776 0.762518 0.0139056 0.0270125 1353
0 0.904764 0.973272 0.0387691 0.038437 1364
0 0.689169 0.794772 0.0102282 0.0455883 1391
0 0.629528 0.806016 0.00875535 0.0484619 1307
0 0.883008 0.984953 0.0441504 0.0283579 1411
0 0.956701 0.847894 0.0160631 0.034209 4
37 0.0221794 0.938783 0.0443324 0.0291224 1123
0 0.70255 0.792556 0.0105313 0.0472997 1465
0 0.97041 0.733633 0.00592709 0.0272946 1490
0 0.262804 0.902909 0.0222597 0.0780462 1503
0 0.944887 0.85086 0.0155564 0.035623 1472
0 0.371688 0.844598 0.0130114 0.0616576 1431
0 0.930517 0.728349 0.00791397 0.0212479 1526
0 0.355219 0.989406 0.0147816 0.0211802 1531
0 0.923294 0.750489 0.00870333 0.0355787 1376
0 0.391133 0.832446 0.0179705 0.0855686 1324
0 0.555573 0.818654 0.00909343 0.0474361 6
