0 0.453043 0.833523 0.012173 0.0666623 1
0 0.47677 0.835084 0.0155599 0.0661095 3
0 0.953387 0.848861 0.0220559 0.0396205 4
0 0.699211 0.79475 0.0104851 0.0491552 6
0 0.755857 0.784753 0.0102172 0.0433449 11
0 0.830249 0.834701 0.0174087 0.0332607 12
0 0.855706 0.83094 0.0167562 0.0342335 16
0 0.89409 0.975464 0.0657284 0.0466675 20
0 0.718755 0.830656 0.0144484 0.0309894 23
0 0.354893 0.989172 0.0144491 0.0215946 146
0 0.793752 0.774989 0.00897293 0.0454627 123
0 0.434327 0.908036 0.0244316 0.0501709 21
0 0.92428 0.752331 0.00822048 0.0432905 232
0 0.515201 0.809325 0.0102157 0.0417772 260
0 0.843114 0.765505 0.00810728 0.0468128 228
0 0.973362 0.762483 0.0178947 0.0281452 338
37 0.197953 0.915855 0.046242 0.03176 34
0 0.777231 0.780445 0.00886488 0.043395 15
0 0.746349 0.784652 0.0103131 0.0462416 277
0 0.905489 0.972605 0.0419537 0.041758 367
0 0.00632246 0.751915 0.0107155 0.0180305 347
0 0.852955 0.83218 0.0231101 0.0358146 408
0 0.320345 0.750179 0.0111663 0.0141942 411
0 0.832701 0.770274 0.00741282 0.0432367 417
0 0.486794 0.776362 0.00862689 0.0211906 309
0 0.899921 0.758269 0.00902233 0.0403486 437
0 0.887203 0.756949 0.00933437 0.0466582 7
