0 0.452407 0.833559 0.0121399 0.0673162 1
0 0.473165 0.854286 0.0199998 0.0324261 3
0 0.953445 0.850087 0.0225087 0.0430012 4
0 0.694759 0.795654 0.00964513 0.0436246 6
0 0.830577 0.834865 0.0176742 0.0335916 12
0 0.855889 0.831742 0.0151601 0.0316185 16
0 0.891405 0.976593 0.0610977 0.0450791 20
0 0.718548 0.830487 0.0143465 0.0309123 23
0 0.434884 0.914227 0.0220014 0.037628 21
0 0.554697 0.813039 0.0105461 0.0428177 260
37 0.198739 0.916181 0.0457677 0.0309047 34
0 0.711501 0.793032 0.0102757 0.0394815 277
0 0.902954 0.972404 0.0377417 0.0375852 367
0 0.843469 0.766288 0.00770035 0.0457496 495
0 0.00693736 0.751676 0.00715104 0.0175982 523
0 0.75586 0.781256 0.00722146 0.0489453 11
0 0.115462 0.983225 0.0312015 0.0261885 538
0 0.803738 0.782453 0.00554123 0.029331 493
0 0.737787 0.784777 0.0112785 0.048755 572
0 0.816616 0.77049 0.0115198 0.0498101 228
0 0.973866 0.763921 0.0200679 0.0249229 649
0 0.796999 0.775124 0.00837049 0.0496572 417
0 0.784844 0.778008 0.00931611 0.0450974 683
0 0.318479 0.712689 0.00617251 0.0181637 570
37 0.0221405 0.938178 0.0442356 0.0297465 311
0 0.27686 0.730132 0.00573607 0.0170051 694
0 0.0668766 0.742364 0.00891501 0.0306043 733
0 0.77827 0.698688 0.0054224 0.0173228 752
0 0.426312 0.779307 0.010324 0.0185423 758
0 0.834726 0.767609 0.0103641 0.0475341 762
0 0.702891 0.794056 0.00741487 0.0412788 500
