0 0.453183 0.833542 0.0124539 0.0682219 1
0 0.468515 0.852478 0.0127383 0.0358197 3
0 0.953828 0.848808 0.0218575 0.0397614 4
0 0.695568 0.793411 0.0100403 0.0473485 6
0 0.830638 0.834649 0.0175799 0.0335918 12
0 0.852493 0.832462 0.0227037 0.0351378 16
0 0.891858 0.975931 0.0614526 0.0459182 20
0 0.718204 0.829935 0.0139932 0.0328368 23
0 0.796833 0.776091 0.00719652 0.0507335 123
0 0.433421 0.914792 0.0249998 0.0370774 21
0 0.542107 0.817076 0.010268 0.0544021 260
37 0.198496 0.91615 0.0468176 0.031935 34
0 0.737234 0.788336 0.00961232 0.0426262 277
0 0.90334 0.972971 0.0377949 0.0398421 367
0 0.843243 0.765748 0.00764885 0.0457585 7
0 0.0721145 0.736146 0.0058441 0.0172596 451
0 0.866409 0.760538 0.0100092 0.0518585 495
0 0.706446 0.791288 0.0106678 0.0483715 500
0 0.01015 0.746154 0.00786124 0.0182414 523
0 0.755774 0.781552 0.00755572 0.0485986 11
0 0.802349 0.775599 0.007691 0.0453938 417
0 0.114599 0.981034 0.0298097 0.0236025 538
0 0.817546 0.780352 0.00594072 0.0303541 493
0 0.319888 0.708852 0.00595884 0.0171449 570
0 0.744748 0.783962 0.00879526 0.0467934 572
0 0.835072 0.767095 0.0106897 0.0488974 228
0 0.345213 0.754526 0.00665011 0.0178821 411
0 0.271849 0.731077 0.0074297 0.0167095 475
0 0.935311 0.723764 0.00567446 0.0199589 598
