0 0.452019 0.833594 0.012965 0.0687193 1
0 0.953751 0.850044 0.0228268 0.0428823 4
0 0.83056 0.834637 0.0174495 0.0333904 12
0 0.856386 0.830521 0.0136906 0.0322442 16
0 0.890351 0.975702 0.0577866 0.0455432 20
0 0.718278 0.830755 0.0146372 0.0310717 23
0 0.434317 0.914101 0.0223762 0.0370663 21
0 0.553444 0.81649 0.0107337 0.05451 260
8 0.199229 0.916195 0.0457238 0.0305484 34
0 0.702592 0.791876 0.0099853 0.048595 277
0 0.843092 0.763543 0.00698938 0.0396855 495
0 0.11476 0.981001 0.0324363 0.0308556 538
0 0.736379 0.786003 0.00825167 0.0471198 572
0 0.772292 0.776778 0.0104072 0.0503107 762
0 0.636379 0.804936 0.00968604 0.0489891 6
0 0.939834 0.728436 0.0074338 0.0210683 821
0 0.692526 0.796496 0.00961094 0.0456134 882
0 0.797128 0.775503 0.0118757 0.0494722 953
0 0.0577301 0.738162 0.00547945 0.0185942 955
0 0.974055 0.763317 0.0201502 0.0263477 649
0 0.676159 0.815496 0.0154725 0.0176393 971
0 0.0047837 0.751435 0.008675 0.0180096 523
0 0.474431 0.855075 0.0268101 0.0306691 3
0 0.744494 0.782586 0.0103088 0.0516068 228
0 0.755002 0.789526 0.00714307 0.0334654 998
0 0.273977 0.728102 0.00615075 0.0163927 999
