0 0.453714 0.835467 0.0113384 0.0635919 1
0 0.831214 0.834742 0.0169283 0.0329283 12
0 0.85365 0.835002 0.0212257 0.0265349 16
0 0.718547 0.830287 0.0136308 0.0314906 23
0 0.84293 0.765882 0.00843687 0.0455475 495
0 0.114447 0.982672 0.0319647 0.0252207 538
0 0.796676 0.774696 0.00831161 0.0463982 953
0 0.513696 0.819773 0.0124471 0.0591457 762
0 0.470365 0.82801 0.00892277 0.0546883 1167
37 0.197704 0.916298 0.0458737 0.0309448 34
0 0.733995 0.785584 0.00889101 0.0451408 1140
0 0.902719 0.972433 0.0337585 0.0397168 1364
0 0.688886 0.795678 0.0103307 0.0443841 1391
0 0.608 0.809163 0.0131768 0.0492075 1307
0 0.883609 0.98229 0.045535 0.0340696 1411
0 0.956592 0.848894 0.0160823 0.0367761 4
37 0.0221767 0.938337 0.0441867 0.0285494 1123
0 0.700717 0.792896 0.0109321 0.044019 1465
0 0.190229 0.904196 0.0131935 0.0764294 1503
0 0.35093 0.84751 0.013531 0.0616804 1431
0 0.355127 0.98936 0.0139334 0.0212586 1531
0 0.555467 0.818832 0.0100683 0.0481927 6
0 0.621704 0.815475 0.00782714 0.0384664 1495
0 0.742998 0.783094 0.00748401 0.0493054 1102
0 0.951348 0.737013 0.00634336 0.016891 1609
0 0.391246 0.817293 0.0166741 0.0534543 1324
0 0.889998 0.975647 0.0584893 0.0463286 1267
0 0.928805 0.728177 0.00708218 0.0208249 1618
0 0.474362 0.854722 0.0179403 0.028744 3
0 0.915675 0.755012 0.00746355 0.0439745 1376
