0 0.453478 0.833509 0.0122786 0.0679525 1
0 0.483508 0.859096 0.0348384 0.0191026 3
0 0.953511 0.849252 0.0220241 0.0415298 4
0 0.831191 0.834671 0.0184863 0.0334673 12
0 0.856149 0.830519 0.0143971 0.0327649 16
0 0.890296 0.976179 0.0578838 0.0453317 20
0 0.718215 0.830368 0.0147338 0.0306853 23
0 0.433814 0.914448 0.0243324 0.0358376 21
0 0.561241 0.815284 0.0109793 0.0537014 260
37 0.198177 0.915628 0.0462585 0.0316343 34
0 0.703206 0.790592 0.00832014 0.0481547 277
0 0.842949 0.765732 0.00853004 0.049457 495
0 0.747954 0.78203 0.00803285 0.0491731 11
0 0.117718 0.983689 0.0351508 0.025976 538
0 0.736667 0.785657 0.00906544 0.0465602 572
0 0.772231 0.777659 0.0105623 0.0506501 228
0 0.795579 0.774478 0.0112836 0.0525317 762
0 0.00606104 0.753257 0.0090364 0.0183866 523
0 0.85296 0.830917 0.0208709 0.0348054 865
0 0.66231 0.800617 0.0109506 0.0450426 6
0 0.760712 0.783027 0.0110713 0.046413 683
0 0.287828 0.723399 0.00726011 0.0174889 879
0 0.937927 0.72812 0.00976696 0.0225478 821
0 0.69221 0.793657 0.00952845 0.0479355 882
37 0.0220662 0.938138 0.0441235 0.0289407 311
