0 0.452477 0.834398 0.0123342 0.0658984 1
0 0.830821 0.835126 0.0178293 0.032547 12
0 0.855746 0.831912 0.0156042 0.0311389 16
0 0.71792 0.830117 0.0137729 0.0316051 23
0 0.842967 0.766179 0.00840254 0.0472226 495
0 0.114616 0.982822 0.0332398 0.0279144 538
0 0.796531 0.775147 0.00859542 0.0503877 953
0 0.475322 0.857678 0.0183969 0.0227359 3
0 0.722984 0.78597 0.00765328 0.0504944 1102
0 0.598255 0.807382 0.0125713 0.0564685 762
0 0.556396 0.815331 0.0121835 0.0575122 1167
0 0.89389 0.975836 0.0648875 0.0444619 1267
37 0.197996 0.916295 0.0453803 0.0307647 34
0 0.710552 0.789276 0.00878811 0.0465457 1140
0 0.971827 0.763203 0.0132438 0.0274602 1353
0 0.906544 0.973308 0.0399336 0.0393923 1364
0 0.68911 0.795422 0.0107213 0.0463709 1391
0 0.656551 0.800999 0.00831532 0.0449142 1307
0 0.883612 0.981526 0.0446795 0.0348963 1411
0 0.35544 0.900713 0.0235471 0.0797677 1403
0 0.415821 0.839163 0.0136558 0.0619873 1431
0 0.956977 0.848621 0.0154781 0.0369079 4
0 0.936832 0.750979 0.0078372 0.0411091 1376
0 0.484178 0.857862 0.0365372 0.0230627 1405
0 0.699612 0.792488 0.00761204 0.0451681 1452
37 0.022143 0.938583 0.044286 0.0303928 1123
0 0.701572 0.792969 0.00944047 0.0451454 1465
0 0.391337 0.832752 0.0179621 0.0856738 1324
