0 0.453143 0.833787 0.0124002 0.0680489 1
0 0.206398 0.874411 0.0160796 0.0541266 2
0 0.481862 0.830767 0.014972 0.0652729 3
0 0.953432 0.84886 0.0223907 0.042535 4
0 0.867296 0.762412 0.00891295 0.0440331 5
0 0.698028 0.794596 0.00921311 0.0475414 6
0 0.77743 0.779139 0.0100486 0.0452003 11
0 0.830397 0.834555 0.0182026 0.0328378 12
0 0.516097 0.778512 0.00830045 0.0243068 13
0 0.855203 0.83076 0.0165444 0.0336322 16
0 0.883505 0.980124 0.0449151 0.0376023 20
0 0.424743 0.909923 0.0182038 0.0485397 21
0 0.717032 0.830249 0.0141617 0.0313126 23
0 0.00860205 0.747599 0.0110543 0.0176067 25
8 0.198968 0.915681 0.0453538 0.0312936 34
0 0.84413 0.765641 0.00849962 0.0466396 102
0 0.979556 0.738442 0.0107052 0.0449749 17
0 0.354942 0.989207 0.0148943 0.0215819 146
0 0.941802 0.745123 0.0084177 0.0451441 7
0 0.677574 0.791846 0.00843492 0.037144 116
0 0.908712 0.744464 0.00832911 0.0265284 170
0 0.813226 0.774843 0.0095643 0.0407929 123
0 0.765601 0.696771 0.00755548 0.0177736 149
0 0.787245 0.777042 0.0113154 0.0479467 15
0 0.115155 0.983501 0.0312698 0.0210657 212
0 0.888445 0.766752 0.00736113 0.029331 220
