0 0.45326 0.833725 0.0120446 0.0668699 1
0 0.0740386 0.900697 0.0113676 0.0637794 2
0 0.477052 0.834135 0.0169716 0.0677982 3
0 0.953362 0.848884 0.0220104 0.0397291 4
0 0.699919 0.793601 0.0109872 0.048007 6
0 0.756699 0.784014 0.00882745 0.0454137 11
0 0.830251 0.834716 0.0174094 0.0332269 12
0 0.855809 0.831503 0.0169939 0.0352991 16
0 0.894156 0.975405 0.0662497 0.0466921 20
0 0.71876 0.830291 0.0144888 0.0316693 23
0 0.354905 0.989178 0.0144446 0.0216014 146
0 0.793924 0.775273 0.00914178 0.0467322 123
0 0.433977 0.908693 0.0225938 0.0486807 21
0 0.92813 0.750812 0.0111845 0.0473162 232
0 0.514732 0.808416 0.00919762 0.0405301 260
0 0.843323 0.764824 0.00818291 0.0457455 228
0 0.973622 0.762403 0.0186221 0.0283053 338
37 0.19796 0.915798 0.0459872 0.0316611 34
0 0.77846 0.778825 0.00871577 0.0446336 15
0 0.745912 0.784106 0.00972695 0.0462374 277
0 0.905419 0.972586 0.0420681 0.0419019 367
0 0.0064527 0.751854 0.0101596 0.0185255 347
0 0.852315 0.832198 0.0242619 0.0375292 408
0 0.320126 0.750194 0.00843708 0.012479 411
0 0.83443 0.769805 0.00785713 0.041727 417
