0 0.452561 0.83374 0.0116242 0.0671459 1
0 0.830904 0.834894 0.0178708 0.0335286 12
0 0.855963 0.83057 0.0142545 0.0327931 16
0 0.718165 0.830068 0.0138366 0.0314322 23
0 0.843598 0.766474 0.00770369 0.0483576 495
0 0.114557 0.983737 0.032155 0.0263883 538
0 0.554925 0.819139 0.0100789 0.0498561 6
0 0.796395 0.775789 0.00866885 0.0486266 953
0 0.475707 0.857075 0.0193219 0.0250256 3
0 0.723926 0.786336 0.00873647 0.0490804 1102
0 0.355304 0.989356 0.0136484 0.02126 1114
37 0.0225383 0.938716 0.0450767 0.0303272 1123
0 0.629202 0.802549 0.0119342 0.0603709 762
0 0.00860837 0.978025 0.0171386 0.0199505 1150
0 0.0151888 0.752035 0.0100672 0.0176932 1151
0 0.586829 0.81006 0.0110017 0.0560784 1167
0 0.893567 0.975374 0.0620316 0.0445487 1267
37 0.197939 0.915615 0.0454026 0.0316562 34
0 0.702002 0.792687 0.00890055 0.0432176 1140
0 0.974453 0.762278 0.0172487 0.0268849 1353
0 0.905071 0.973162 0.0410519 0.0393298 1364
0 0.95418 0.850187 0.0218598 0.0389462 1380
0 0.935851 0.728993 0.00804739 0.0264361 821
0 0.688569 0.794676 0.00930443 0.0448124 1391
0 0.484942 0.857004 0.0378988 0.0252235 1405
0 0.671386 0.794532 0.00792227 0.034869 1307
0 0.883489 0.984639 0.044893 0.0282285 1411
0 0.694942 0.792223 0.00716362 0.0478233 1415
0 0.0576337 0.742502 0.00720109 0.0174266 1421
0 0.278105 0.727288 0.00447776 0.0162977 1422
0 0.41645 0.896931 0.019629 0.0809809 1403
0 0.955208 0.74717 0.00739975 0.0382707 1376
