0 0.452523 0.834296 0.0121902 0.0665281 1
0 0.953717 0.849977 0.0219825 0.04245 4
0 0.83076 0.834705 0.0173866 0.033523 12
0 0.856365 0.830004 0.0144185 0.0331951 16
0 0.883387 0.984826 0.0436114 0.0292022 20
0 0.717949 0.830749 0.0132092 0.0306465 23
0 0.433544 0.914234 0.0250435 0.0373435 21
0 0.538343 0.820969 0.012923 0.0564056 260
37 0.198037 0.915737 0.0456637 0.0308666 34
0 0.70079 0.793417 0.00782275 0.0423965 277
0 0.842818 0.766196 0.00840273 0.0443457 495
0 0.114774 0.981908 0.0308999 0.0265677 538
0 0.709501 0.788296 0.0113956 0.0481811 572
0 0.738451 0.785682 0.00789418 0.0457886 762
0 0.606602 0.80981 0.0108822 0.0475578 6
0 0.939597 0.728532 0.00745401 0.0212349 821
0 0.69285 0.794852 0.0103481 0.048776 882
0 0.796986 0.775542 0.00722799 0.0482 953
0 0.974113 0.762401 0.018372 0.0271635 649
0 0.676476 0.815082 0.0165456 0.0189618 971
0 0.00688053 0.748144 0.00838839 0.0178251 523
0 0.475806 0.854151 0.0159061 0.0294824 3
0 0.725379 0.787486 0.00783734 0.0422706 1033
0 0.0601753 0.738295 0.00540671 0.020448 955
0 0.747218 0.784586 0.00747991 0.0415433 1102
0 0.313419 0.71027 0.00613694 0.0178649 1103
0 0.73123 0.787523 0.00853915 0.0449944 1109
0 0.354627 0.98917 0.0153285 0.0216582 1114
0 0.745334 0.785216 0.00888438 0.0441694 1031
0 0.27238 0.732107 0.00555923 0.014001 1117
