0 0.453061 0.833181 0.0125541 0.0684453 1
0 0.473304 0.852463 0.0199921 0.0349467 3
0 0.953788 0.848816 0.0219371 0.0398459 4
0 0.695611 0.794392 0.00920463 0.0453245 6
0 0.830668 0.83463 0.0176366 0.0336367 12
0 0.85305 0.831872 0.0214418 0.0348996 16
0 0.891953 0.976062 0.0616132 0.0459426 20
0 0.718176 0.830292 0.0139017 0.0320182 23
0 0.795626 0.77651 0.00656509 0.0484764 123
0 0.433818 0.914592 0.0243237 0.0370097 21
0 0.54358 0.815199 0.0124401 0.0563007 260
37 0.198918 0.916116 0.0462415 0.0318419 34
0 0.734605 0.787902 0.0084672 0.0401481 277
0 0.90528 0.973211 0.0417835 0.0402914 367
0 0.84305 0.765561 0.00837231 0.0474331 7
0 0.0714051 0.740655 0.00873617 0.0230516 451
0 0.862675 0.76194 0.00928116 0.0504734 495
0 0.705596 0.791829 0.0111949 0.0475186 500
0 0.0100558 0.747604 0.00822174 0.0197744 523
0 0.755515 0.781249 0.00781164 0.0484847 11
0 0.800902 0.77672 0.00849638 0.0441535 417
0 0.114752 0.980848 0.0300452 0.0230899 538
0 0.817357 0.779977 0.00591812 0.0306474 493
0 0.319865 0.709782 0.00664654 0.01814 570
0 0.744438 0.784297 0.00865445 0.0457552 572
0 0.830409 0.765196 0.0103976 0.0459668 228
0 0.272704 0.729638 0.00586104 0.0169152 475
0 0.936069 0.724147 0.00587177 0.0195876 598
0 0.348603 0.754922 0.0101678 0.0189608 411
0 0.71252 0.830917 0.0262179 0.0325705 616
0 0.790007 0.70004 0.00572677 0.017318 581
37 0.0222112 0.938374 0.0444221 0.0294707 311
