0 0.451892 0.834326 0.0123038 0.0663417 1
0 0.953683 0.849844 0.0224936 0.0413046 4
0 0.830834 0.834481 0.017736 0.0338488 12
0 0.855997 0.829366 0.0135802 0.0330674 16
0 0.718559 0.830716 0.0136291 0.0309152 23
0 0.432265 0.914198 0.0268891 0.0369998 21
0 0.511849 0.823371 0.0118645 0.0536346 260
37 0.197552 0.915962 0.0449365 0.0311755 34
0 0.842659 0.767156 0.00957088 0.0464533 495
0 0.115737 0.982828 0.035644 0.0274071 538
0 0.692221 0.794476 0.00891652 0.0463348 572
0 0.578368 0.81567 0.0107586 0.0509339 6
0 0.938793 0.728748 0.0089612 0.0182006 821
0 0.796629 0.774733 0.00758476 0.0470679 953
0 0.973347 0.761785 0.0160445 0.0283632 649
0 0.474719 0.856656 0.0177626 0.0253241 3
0 0.746277 0.781104 0.00739045 0.0468748 1102
0 0.355398 0.989142 0.0138859 0.0217153 1114
37 0.0221845 0.938078 0.0442982 0.0297993 1123
0 0.719353 0.788319 0.00809932 0.0476728 1140
0 0.700085 0.788079 0.00803323 0.0520265 762
0 0.0056346 0.979476 0.0111825 0.0180324 1150
0 0.012963 0.750068 0.0108701 0.0194779 1151
0 0.378621 0.775819 0.00548811 0.0160354 1152
0 0.669899 0.78915 0.0101126 0.0430561 1167
0 0.841355 0.696854 0.00485115 0.0187455 1201
0 0.710826 0.790466 0.00901165 0.0440464 1033
0 0.3144 0.713914 0.00729196 0.0160288 1103
0 0.990109 0.743257 0.00892277 0.0473127 1233
