0 0.452386 0.83419 0.0128359 0.06633 1
0 0.953579 0.850811 0.0218152 0.0408101 4
0 0.830842 0.83492 0.0177476 0.0330819 12
0 0.854675 0.829708 0.0169913 0.0341253 16
0 0.718382 0.830055 0.0140624 0.0317834 23
0 0.433883 0.914396 0.0243098 0.0361966 21
0 0.50188 0.82421 0.0116 0.0562612 260
8 0.198572 0.915539 0.0446103 0.0313839 34
0 0.842389 0.76664 0.00814791 0.0456996 495
0 0.1146 0.982404 0.0334256 0.027568 538
0 0.567338 0.81619 0.0111145 0.047259 6
0 0.939787 0.726259 0.00737762 0.0197976 821
0 0.796177 0.775945 0.00893927 0.0478648 953
0 0.475653 0.857798 0.0183532 0.0222792 3
0 0.746522 0.784005 0.0077158 0.0473935 1102
0 0.354956 0.989119 0.0152001 0.0217622 1114
37 0.0221048 0.937844 0.0442095 0.0285755 1123
0 0.712717 0.78817 0.00878348 0.0485152 1140
0 0.689033 0.792139 0.0120363 0.0525349 762
0 0.0055889 0.979519 0.0111355 0.0181765 1150
0 0.0147144 0.748553 0.010856 0.0166831 1151
0 0.654639 0.798114 0.00982532 0.0547246 1167
0 0.706537 0.791019 0.00766182 0.0450564 1033
0 0.314322 0.714289 0.00596695 0.0182981 1103
0 0.701278 0.792539 0.00734873 0.0456758 1265
0 0.890427 0.975442 0.0584329 0.0466676 1267
0 0.981701 0.740384 0.00825815 0.0358136 1233
0 0.0647729 0.737959 0.00890989 0.0259218 1279
0 0.973642 0.762798 0.0165862 0.0276755 649
0 0.291066 0.721505 0.00678902 0.0178613 1281
0 0.271754 0.723456 0.00692952 0.0154389 1283
0 0.691365 0.796002 0.00945568 0.0445868 572
