0 0.453108 0.833655 0.0127732 0.0681717 1
0 0.480295 0.853811 0.0156196 0.030237 3
0 0.953482 0.849881 0.0221684 0.0420876 4
0 0.697172 0.795908 0.0104465 0.0432258 6
0 0.830655 0.834989 0.0175155 0.0329968 12
0 0.856463 0.830676 0.0144144 0.0342761 16
0 0.894528 0.97547 0.0677402 0.0473906 20
0 0.717471 0.830398 0.0127799 0.0310844 23
0 0.434061 0.914378 0.0236666 0.037303 21
0 0.562781 0.813411 0.0102359 0.0416823 260
8 0.198626 0.916291 0.0441129 0.0313716 34
0 0.703024 0.79449 0.00808754 0.0422656 277
0 0.90646 0.972395 0.0450774 0.0412942 367
0 0.843631 0.765008 0.00710621 0.0487917 495
0 0.755064 0.781768 0.00826054 0.0484694 11
0 0.115117 0.981003 0.0308819 0.0225629 538
0 0.736688 0.785497 0.00854549 0.0475164 572
0 0.80809 0.771543 0.0105532 0.0492099 228
0 0.971415 0.764028 0.0136073 0.0247248 649
0 0.796472 0.775769 0.00847287 0.047968 417
0 0.777372 0.778301 0.00932655 0.0433679 683
37 0.022197 0.938545 0.0443933 0.0279856 311
0 0.825359 0.767628 0.00879774 0.0520864 762
0 0.79719 0.697873 0.00513749 0.0147711 795
0 0.940303 0.727932 0.00654163 0.0199212 821
0 0.410221 0.76129 0.00476246 0.00851856 837
0 0.421531 0.781164 0.00772629 0.0199156 758
