0 0.451911 0.833838 0.0122798 0.0672736 1
0 0.953626 0.850048 0.0223358 0.0416214 4
0 0.830825 0.834725 0.017674 0.0330747 12
0 0.856017 0.829384 0.0139978 0.0330931 16
0 0.718583 0.830197 0.01399 0.0318425 23
0 0.431841 0.914387 0.0279267 0.0367668 21
0 0.526358 0.819941 0.0107378 0.0531293 260
8 0.197641 0.915373 0.0450722 0.0318919 34
0 0.842157 0.766099 0.00909166 0.0454772 495
0 0.115299 0.982481 0.0347478 0.0273866 538
0 0.692443 0.794943 0.01068 0.0469275 572
0 0.594596 0.813683 0.0110693 0.0495262 6
0 0.939405 0.726859 0.0074543 0.0177175 821
0 0.796813 0.774717 0.00759668 0.047677 953
0 0.974472 0.761834 0.0171068 0.0276984 649
0 0.676775 0.81517 0.0169555 0.0183091 971
0 0.475558 0.854377 0.0161974 0.0295123 3
0 0.746194 0.781593 0.00849228 0.0473661 1102
0 0.355315 0.989188 0.0140461 0.0216198 1114
37 0.0220888 0.93829 0.0441646 0.0296391 1123
0 0.728036 0.788346 0.00907168 0.0437532 1140
0 0.720117 0.786643 0.00914822 0.0499755 762
0 0.00598839 0.979339 0.0119039 0.0179682 1150
0 0.00834394 0.745707 0.00898463 0.0192195 1151
