0 0.451847 0.834329 0.0125257 0.0658759 1
0 0.953676 0.849797 0.0224441 0.0412611 4
0 0.830868 0.834897 0.0176725 0.0331917 12
0 0.856609 0.829585 0.0135767 0.0325957 16
0 0.718568 0.830434 0.0138542 0.0314712 23
0 0.432468 0.914102 0.026503 0.0370342 21
0 0.507731 0.823039 0.014275 0.055484 260
37 0.197843 0.916421 0.0448767 0.0314389 34
0 0.842431 0.767128 0.00854378 0.0453356 495
0 0.115429 0.982974 0.0349193 0.0274255 538
0 0.573494 0.815397 0.010884 0.047477 6
0 0.939095 0.727965 0.00777683 0.0196921 821
0 0.796509 0.7748 0.00821428 0.0475268 953
0 0.971908 0.762049 0.0120033 0.0270443 649
0 0.474662 0.856656 0.0185788 0.0246103 3
0 0.746289 0.782585 0.00777607 0.048683 1102
0 0.355454 0.989094 0.014051 0.0217931 1114
37 0.0221605 0.938341 0.0442912 0.0295602 1123
0 0.716273 0.788917 0.00764766 0.0480316 1140
0 0.693539 0.790174 0.0104564 0.0536329 762
0 0.00561906 0.978997 0.0111294 0.0183274 1150
0 0.0120435 0.750251 0.0108828 0.0204925 1151
0 0.663423 0.795456 0.0106956 0.0536494 1167
0 0.710119 0.790366 0.00701637 0.0443796 1033
0 0.31481 0.71357 0.0069473 0.0168273 1103
0 0.986449 0.745421 0.00885534 0.0414481 1233
0 0.39079 0.81188 0.0185902 0.0458125 1249
