0 0.453368 0.834682 0.0119161 0.0646282 1
0 0.831275 0.835018 0.0168553 0.032353 12
0 0.853159 0.835336 0.0222631 0.0259784 16
0 0.718536 0.830255 0.013397 0.0313616 23
0 0.842873 0.765768 0.00852966 0.044716 495
0 0.114374 0.982825 0.0325255 0.0257991 538
0 0.7966 0.775002 0.00818167 0.0481711 953
0 0.475498 0.857116 0.0178167 0.023962 3
0 0.525195 0.816479 0.0110652 0.0569873 762
0 0.482321 0.82858 0.0135735 0.0559285 1167
37 0.194216 0.915104 0.0364144 0.0303286 34
0 0.733358 0.786096 0.00928221 0.045236 1140
0 0.905054 0.972528 0.0376107 0.0390605 1364
0 0.688808 0.795652 0.0100202 0.0462308 1391
0 0.61554 0.808825 0.00961618 0.048406 1307
0 0.883955 0.980133 0.0455136 0.0379122 1411
0 0.956477 0.848248 0.0162498 0.0358864 4
37 0.0221729 0.938444 0.0442211 0.0280706 1123
0 0.702662 0.792964 0.0105093 0.0461266 1465
0 0.213134 0.899346 0.0114925 0.0667152 1503
0 0.355242 0.847877 0.0128114 0.0629925 1431
0 0.928885 0.728381 0.00691309 0.0254026 1526
0 0.35542 0.989332 0.0139788 0.0212866 1531
0 0.554998 0.817841 0.010386 0.0479757 6
0 0.630836 0.812845 0.00728426 0.0357016 1495
0 0.74323 0.783229 0.00805259 0.0490751 1102
0 0.916884 0.753154 0.00793781 0.0406398 1376
0 0.956652 0.735809 0.00699902 0.0273421 1609
0 0.391084 0.825351 0.0178655 0.0712657 1324
