0 0.453171 0.834298 0.0125824 0.0663573 1
0 0.831181 0.835267 0.0189231 0.0327048 12
0 0.856465 0.829998 0.0139733 0.0331405 16
0 0.718434 0.830176 0.0139854 0.0316898 23
0 0.84298 0.766913 0.00847225 0.0477275 495
0 0.11436 0.983274 0.0332693 0.0273783 538
0 0.555091 0.818784 0.0101988 0.0510644 6
0 0.796446 0.776212 0.00852728 0.048721 953
0 0.475099 0.85804 0.0177947 0.0226731 3
0 0.725983 0.786593 0.0103957 0.0498912 1102
0 0.354975 0.989162 0.0149676 0.0216548 1114
37 0.0220665 0.938378 0.0441331 0.0312883 1123
0 0.639461 0.79989 0.0114502 0.0569762 762
0 0.00596948 0.977709 0.0119086 0.0205237 1150
0 0.0170816 0.753125 0.00926181 0.0187499 1151
0 0.594582 0.809835 0.0103535 0.0579085 1167
0 0.894245 0.975117 0.0658627 0.0466679 1267
37 0.198099 0.916572 0.0456045 0.0310334 34
0 0.70264 0.792329 0.0108489 0.0446665 1140
0 0.973757 0.762276 0.0197079 0.0277163 1353
0 0.907109 0.972799 0.0442761 0.0421945 1364
0 0.958012 0.750419 0.00637236 0.0346923 1376
0 0.953927 0.849133 0.0217562 0.0372225 1380
0 0.390821 0.817423 0.0182919 0.0563254 1324
0 0.937863 0.727261 0.0074728 0.0193724 821
0 0.688081 0.794452 0.00896187 0.045696 1391
0 0.432089 0.89725 0.0206077 0.0807738 1403
0 0.484491 0.858207 0.0361027 0.023028 1405
0 0.676315 0.791538 0.00794792 0.0351644 1307
0 0.883828 0.979401 0.0457275 0.039616 1411
0 0.0600441 0.742123 0.00511513 0.0171756 1413
0 0.695167 0.793896 0.0082922 0.0466964 1415
0 0.957126 0.848333 0.0154951 0.0356327 4
