0 0.452567 0.834324 0.0119368 0.0655161 1
0 0.953721 0.850794 0.0219164 0.0406941 4
0 0.830838 0.834959 0.0177778 0.0331164 12
0 0.854808 0.829853 0.0166954 0.0337196 16
0 0.718599 0.829746 0.0143974 0.0323992 23
0 0.43405 0.908877 0.0237318 0.045647 21
0 0.488528 0.826244 0.0116996 0.0548416 260
0 0.841867 0.766965 0.00837917 0.0454041 495
0 0.114552 0.982441 0.0334195 0.02781 538
0 0.557882 0.818447 0.0113319 0.0507186 6
0 0.936251 0.72791 0.00770121 0.0240301 821
0 0.796166 0.775988 0.00831857 0.0478427 953
0 0.475482 0.858242 0.0183139 0.0215108 3
0 0.740994 0.783334 0.00807323 0.051046 1102
0 0.354992 0.989121 0.0151214 0.0217528 1114
37 0.0221032 0.93822 0.0441992 0.0271472 1123
0 0.67469 0.789333 0.00987029 0.0464561 762
0 0.00562109 0.978748 0.0111901 0.019809 1150
0 0.0168626 0.751324 0.009489 0.0185859 1151
0 0.637134 0.800816 0.0117081 0.0552846 1167
0 0.315426 0.712128 0.0075155 0.0234457 1103
0 0.890836 0.975622 0.0592594 0.0468128 1267
0 0.0668875 0.735128 0.00822571 0.0206247 1279
0 0.291756 0.724833 0.00932891 0.0160463 1281
0 0.273063 0.728654 0.00646696 0.0154702 1283
0 0.690821 0.795378 0.00792336 0.0480391 1307
37 0.198161 0.915479 0.0456037 0.0319504 34
0 0.70378 0.790262 0.0119732 0.0483799 1033
0 0.695531 0.799862 0.00716772 0.0334398 1316
