0 0.451831 0.833764 0.012464 0.0673668 1
0 0.95362 0.850075 0.0224793 0.0415017 4
0 0.830821 0.834596 0.0177246 0.033276 12
0 0.855852 0.829409 0.0143106 0.0329049 16
0 0.718669 0.830181 0.0142107 0.0319645 23
0 0.431742 0.914328 0.0280191 0.0364421 21
0 0.525422 0.820423 0.0111054 0.0522875 260
37 0.197445 0.915314 0.0454078 0.032415 34
0 0.842101 0.766014 0.00902462 0.0455447 495
0 0.11589 0.98288 0.0358594 0.0273287 538
0 0.691334 0.791478 0.010238 0.0528669 572
0 0.593029 0.813415 0.0124506 0.0501661 6
0 0.939342 0.72648 0.00760708 0.0176223 821
0 0.796806 0.774523 0.00759015 0.0479835 953
0 0.974551 0.761734 0.0170375 0.0277226 649
0 0.676957 0.815132 0.017021 0.0182106 971
0 0.475428 0.854589 0.0160287 0.0296419 3
0 0.746191 0.781462 0.00866547 0.0483738 1102
0 0.355392 0.989179 0.0138774 0.0216267 1114
37 0.0221446 0.938214 0.044248 0.0295342 1123
0 0.726729 0.788916 0.009057 0.0439468 1140
0 0.718342 0.786137 0.0108329 0.0519692 762
0 0.00592652 0.979337 0.0117777 0.0178922 1150
0 0.00906658 0.746369 0.00900357 0.0168871 1151
0 0.390363 0.775065 0.00628691 0.0150278 1152
0 0.699686 0.792284 0.00818563 0.0477598 277
