0 0.452424 0.833957 0.0125688 0.0671803 1
0 0.953641 0.849978 0.0219324 0.0423176 4
0 0.830764 0.83476 0.0176448 0.0333898 12
0 0.856288 0.829992 0.0141943 0.0322757 16
0 0.883356 0.98232 0.0438928 0.0342382 20
0 0.718272 0.830657 0.0130972 0.0310734 23
0 0.433662 0.914134 0.025152 0.037538 21
0 0.541817 0.819971 0.011904 0.0564489 260
37 0.198149 0.91507 0.0454007 0.0320565 34
0 0.702188 0.792512 0.0102096 0.0461906 277
0 0.843174 0.765886 0.00819416 0.0436668 495
0 0.114431 0.981908 0.0315854 0.0273921 538
0 0.717003 0.787391 0.0106066 0.0496656 572
0 0.746055 0.781445 0.0100311 0.0514818 762
0 0.613715 0.809121 0.0106431 0.0482405 6
0 0.938587 0.728775 0.0079586 0.0209135 821
0 0.692654 0.795326 0.0100708 0.047737 882
0 0.796605 0.775938 0.00797067 0.0481488 953
0 0.972661 0.762452 0.0160171 0.0273593 649
0 0.676357 0.814946 0.0166154 0.0195201 971
0 0.00489314 0.751305 0.00933501 0.0186267 523
0 0.47572 0.853782 0.0156892 0.0305299 3
0 0.0653209 0.751343 0.00569509 0.0134332 1030
0 0.73057 0.786232 0.00882816 0.045181 1033
0 0.0590485 0.739263 0.00534891 0.0227498 955
