0 0.453289 0.833999 0.0120943 0.0672412 1
0 0.464729 0.836661 0.0135682 0.0640979 3
0 0.953538 0.84931 0.0219561 0.0411646 4
0 0.694319 0.793673 0.0101185 0.0459277 6
0 0.830758 0.834506 0.017539 0.034094 12
0 0.856149 0.830448 0.0162963 0.0331025 16
0 0.892741 0.976177 0.0616301 0.0454873 20
0 0.71864 0.829837 0.0145297 0.0322824 23
0 0.354312 0.989341 0.0152805 0.0212735 146
0 0.795168 0.775599 0.0110414 0.0487189 123
0 0.434711 0.91361 0.0218489 0.0378162 21
0 0.529877 0.815667 0.0103126 0.040749 260
0 0.842968 0.766302 0.0081502 0.0441202 228
37 0.19819 0.915667 0.0458425 0.0317097 34
0 0.744511 0.78509 0.00793891 0.0467912 277
0 0.903459 0.973071 0.0388662 0.0392925 367
0 0.335718 0.756764 0.00818179 0.0206393 411
0 0.461001 0.781345 0.00728359 0.0221851 309
0 0.850898 0.763719 0.00948343 0.0491109 7
0 0.0714176 0.742227 0.00669138 0.0271139 451
0 0.276473 0.728734 0.00695114 0.0156564 475
0 0.953141 0.748332 0.00814867 0.0449912 492
0 0.82626 0.777818 0.00577536 0.028651 493
0 0.884514 0.759417 0.00990438 0.0498336 495
0 0.706021 0.791259 0.00986338 0.0478887 500
0 0.957209 0.847969 0.0151085 0.0380196 513
0 0.972298 0.762522 0.0124965 0.0274985 338
0 0.965761 0.739241 0.00736837 0.0352965 447
0 0.00848166 0.749597 0.00857128 0.0183458 523
0 0.754745 0.782086 0.00860448 0.0496997 11
0 0.808767 0.774172 0.00890684 0.0434913 417
37 0.0221995 0.938559 0.044123 0.0284052 311
0 0.118714 0.983313 0.0376114 0.0247448 538
