0 0.452488 0.834567 0.0121873 0.0662827 1
0 0.95374 0.849869 0.0218921 0.0423537 4
0 0.830756 0.834685 0.0175337 0.0335437 12
0 0.85681 0.829554 0.0138203 0.0337612 16
0 0.88336 0.984989 0.0435077 0.0289144 20
0 0.718104 0.830839 0.0134451 0.0305295 23
0 0.433719 0.914255 0.0249611 0.0373948 21
0 0.536389 0.820429 0.0125376 0.0542749 260
37 0.198038 0.915746 0.0457129 0.0308122 34
0 0.842686 0.766273 0.00844488 0.0446185 495
0 0.114791 0.981637 0.0308785 0.0264972 538
0 0.705631 0.788302 0.0112141 0.0509216 572
0 0.734203 0.782911 0.0116618 0.0526412 762
0 0.604192 0.809007 0.0101659 0.0489918 6
0 0.939571 0.729007 0.00719862 0.0214742 821
0 0.692946 0.79504 0.0106084 0.0482257 882
0 0.797084 0.77566 0.00721292 0.0481728 953
0 0.973796 0.762034 0.017713 0.0278303 649
0 0.676521 0.815205 0.0165668 0.0189769 971
0 0.00761063 0.748112 0.00874808 0.0172563 523
0 0.475637 0.85422 0.0162156 0.0298987 3
0 0.72439 0.788492 0.00927482 0.0442956 1033
0 0.0609597 0.738107 0.00495694 0.0202832 955
0 0.746636 0.78214 0.00787268 0.0481209 1102
0 0.313447 0.710276 0.00554616 0.0152439 1103
0 0.354631 0.989167 0.015311 0.0216653 1114
0 0.271358 0.731784 0.0066062 0.0169724 1117
0 0.288319 0.726688 0.0051744 0.0220918 1121
37 0.0221558 0.9386 0.0443115 0.0293364 1123
