0 0.453102 0.834165 0.0123707 0.0672381 1
0 0.19507 0.87611 0.0145102 0.0520999 2
0 0.480888 0.830488 0.0134409 0.0635245 3
0 0.953573 0.849225 0.0223094 0.04142 4
0 0.863714 0.759586 0.00789871 0.0353145 5
0 0.698139 0.792724 0.00934277 0.0513858 6
0 0.777086 0.77902 0.00994906 0.0469062 11
0 0.830386 0.834449 0.0181668 0.0330672 12
0 0.51286 0.778903 0.00847015 0.023872 13
0 0.855736 0.830839 0.0158072 0.0329433 16
0 0.883335 0.980915 0.0447124 0.036205 20
0 0.423508 0.914899 0.0208552 0.0420899 21
0 0.717169 0.830323 0.0146219 0.0313588 23
0 0.00898029 0.748425 0.00742342 0.0174514 25
37 0.199211 0.916218 0.0457935 0.0311099 34
0 0.84327 0.765588 0.010851 0.0445488 102
0 0.983772 0.738057 0.0112601 0.0479826 17
0 0.354936 0.989208 0.0148607 0.0215778 146
0 0.937899 0.746309 0.0105432 0.0436635 7
0 0.679045 0.792224 0.0087111 0.0382531 116
0 0.909085 0.742662 0.00899324 0.0220395 170
0 0.810188 0.773677 0.00867414 0.04113 123
0 0.764679 0.697901 0.00672593 0.017443 149
0 0.788082 0.77682 0.0108278 0.0479673 15
0 0.115131 0.983553 0.0312438 0.0212002 212
0 0.828405 0.769401 0.00932083 0.0405819 228
0 0.391331 0.813453 0.0174389 0.046647 141
0 0.965268 0.742539 0.0111884 0.0487863 232
0 0.783122 0.698795 0.00639358 0.0202994 245
