0 0.452908 0.833319 0.0129259 0.0675718 1
0 0.482912 0.856916 0.0281989 0.0234884 3
0 0.953539 0.849919 0.0222325 0.0421887 4
0 0.830623 0.834921 0.0174377 0.032965 12
0 0.856439 0.830725 0.0138902 0.0328173 16
0 0.894498 0.975347 0.0681094 0.0469095 20
0 0.717798 0.829921 0.0136524 0.0322225 23
0 0.432371 0.914827 0.0270169 0.0377545 21
0 0.563877 0.813734 0.0119746 0.0492808 260
37 0.197944 0.916004 0.045622 0.0320096 34
0 0.702598 0.792769 0.0110251 0.044509 277
0 0.907122 0.972571 0.0437903 0.0420669 367
0 0.843674 0.767027 0.00764561 0.0463331 495
0 0.752145 0.780558 0.00745778 0.0483091 11
0 0.115124 0.981299 0.0315437 0.0235325 538
0 0.736896 0.786395 0.00929618 0.0461534 572
0 0.787424 0.774875 0.00822568 0.0498159 228
0 0.974033 0.763072 0.0189108 0.0269751 649
37 0.0221499 0.938708 0.0442063 0.0280287 311
0 0.807122 0.772542 0.0115443 0.0528772 762
0 0.00782245 0.749709 0.00791816 0.0174623 523
0 0.852765 0.831893 0.0226202 0.0340236 865
0 0.677636 0.797596 0.0102335 0.0419826 6
0 0.275367 0.73186 0.00654717 0.016006 873
0 0.766664 0.776992 0.00794477 0.0410908 683
0 0.287778 0.723674 0.00742614 0.0158249 879
0 0.938246 0.729116 0.00811033 0.022709 821
0 0.693046 0.793926 0.00912471 0.0443575 882
0 0.778756 0.785037 0.00695367 0.0334746 890
0 0.796792 0.775985 0.0079865 0.048011 417
