0 0.452416 0.834189 0.012806 0.0663154 1
0 0.953579 0.850816 0.0218133 0.0408077 4
0 0.83084 0.834915 0.0177274 0.0330694 12
0 0.854613 0.829724 0.0171297 0.0341351 16
0 0.718424 0.830068 0.0140259 0.0317602 23
0 0.433887 0.914423 0.0241494 0.0362296 21
0 0.502237 0.825606 0.0114376 0.05793 260
8 0.198556 0.915551 0.0446433 0.0312673 34
0 0.842371 0.766627 0.00823021 0.0456716 495
0 0.114616 0.982427 0.0334762 0.0275903 538
0 0.567631 0.816613 0.0118748 0.047566 6
0 0.939635 0.726245 0.00784893 0.019877 821
0 0.796195 0.775807 0.00899582 0.047986 953
0 0.475815 0.857607 0.0184384 0.022825 3
0 0.747337 0.783688 0.00900321 0.047669 1102
0 0.354952 0.989117 0.0152108 0.0217669 1114
37 0.022105 0.937861 0.0442101 0.0286207 1123
0 0.712866 0.788515 0.00890222 0.0484539 1140
0 0.690164 0.792212 0.0127281 0.0521809 762
0 0.00560622 0.979615 0.0111722 0.0185385 1150
0 0.0141945 0.748533 0.0103718 0.0168454 1151
0 0.655053 0.797795 0.010026 0.0541913 1167
0 0.706833 0.790702 0.00765619 0.0454091 1033
0 0.314146 0.714264 0.00637481 0.0183772 1103
0 0.701079 0.792465 0.00760598 0.0460765 1265
0 0.890495 0.97545 0.058545 0.0466788 1267
0 0.982133 0.740062 0.00811644 0.0354527 1233
0 0.0646378 0.738145 0.00882588 0.0258798 1279
0 0.973289 0.762595 0.0155665 0.0274631 649
0 0.29104 0.721662 0.00666592 0.0177098 1281
0 0.271737 0.72352 0.00702879 0.0153879 1283
