0 0.453183 0.833665 0.0118513 0.068028 1
0 0.465883 0.839153 0.0144057 0.0621621 3
0 0.953547 0.849549 0.0219594 0.0414274 4
0 0.695472 0.793575 0.00951977 0.0462917 6
0 0.830641 0.834306 0.0171859 0.0338267 12
0 0.856342 0.830448 0.0166339 0.0332139 16
0 0.892436 0.976247 0.0619873 0.0454492 20
0 0.718584 0.8301 0.0145675 0.0317641 23
0 0.354487 0.989291 0.0155049 0.0213717 146
0 0.794939 0.775319 0.00999947 0.0491302 123
0 0.43543 0.913877 0.0203802 0.0373646 21
0 0.535413 0.81642 0.00878563 0.0396887 260
37 0.198182 0.915831 0.045582 0.0314359 34
0 0.74509 0.784873 0.010472 0.049462 277
0 0.904098 0.973073 0.0386989 0.0393249 367
0 0.339217 0.756564 0.00642583 0.0196163 411
0 0.455886 0.781006 0.00723433 0.0200751 309
0 0.843942 0.765857 0.0110066 0.0498222 7
0 0.071355 0.74259 0.00717645 0.0277118 451
0 0.276029 0.728742 0.00734301 0.0166874 475
0 0.878367 0.759472 0.0100459 0.0488262 495
0 0.707038 0.791153 0.009828 0.047369 500
0 0.957209 0.848202 0.0150826 0.0384627 513
0 0.974229 0.762691 0.0176002 0.0271971 338
0 0.96919 0.739431 0.00707169 0.0360633 447
0 0.00818313 0.746948 0.00959031 0.0176811 523
0 0.755187 0.782391 0.00771632 0.0490717 11
0 0.806368 0.774229 0.00994635 0.04357 417
37 0.0221396 0.938603 0.0442722 0.0289558 311
0 0.115964 0.983515 0.0317606 0.0244042 538
0 0.822292 0.779999 0.00656824 0.0296342 493
0 0.960874 0.741508 0.007269 0.0378904 558
