0 0.451473 0.834295 0.0140184 0.0663931 1
0 0.830871 0.834897 0.0179092 0.0336182 12
0 0.855483 0.830666 0.0164864 0.0333297 16
0 0.718114 0.829799 0.0141201 0.0319797 23
0 0.84326 0.767512 0.00812969 0.0471373 495
0 0.114638 0.983771 0.0323746 0.0264615 538
0 0.554859 0.819105 0.0105793 0.0511585 6
0 0.796268 0.775828 0.00881085 0.0489125 953
0 0.476077 0.856611 0.0207797 0.0259684 3
0 0.722489 0.786635 0.0115375 0.0489257 1102
0 0.354981 0.989358 0.0136747 0.0212832 1114
37 0.0225275 0.938626 0.0450549 0.029968 1123
0 0.607081 0.806763 0.0140559 0.0583685 762
0 0.0115432 0.752477 0.0083853 0.0154682 1151
0 0.566802 0.811697 0.0101006 0.0537176 1167
0 0.894002 0.975478 0.0632756 0.0451481 1267
37 0.198218 0.915704 0.0452035 0.0317514 34
0 0.703059 0.791489 0.00972996 0.0468967 1140
0 0.974684 0.76238 0.0182692 0.0271977 1353
0 0.905512 0.973183 0.0415188 0.0397371 1364
0 0.934561 0.728374 0.00724258 0.0243968 821
0 0.688485 0.794726 0.0105877 0.0453865 1391
0 0.662313 0.800038 0.00896254 0.0422287 1307
0 0.883486 0.984625 0.0449251 0.028416 1411
0 0.37411 0.899626 0.0232666 0.0825628 1403
0 0.426738 0.836598 0.0152238 0.061387 1431
0 0.954541 0.850196 0.0212711 0.0396018 4
0 0.391203 0.832898 0.0183413 0.0863758 1324
0 0.941769 0.746668 0.00805416 0.0394252 1376
