0 0.453356 0.833562 0.0119445 0.0679233 1
0 0.299163 0.861893 0.0157053 0.0568953 2
0 0.485031 0.827924 0.0151803 0.0574826 3
0 0.953437 0.848321 0.022212 0.042039 4
0 0.881162 0.759647 0.00770702 0.0422729 5
0 0.697469 0.794368 0.00911355 0.0492424 6
0 0.973658 0.733457 0.00826321 0.0327238 7
0 0.787246 0.777463 0.0096384 0.046921 8
0 0.525473 0.780452 0.0110586 0.0199798 9
0 0.842048 0.76665 0.0104231 0.0500042 10
0 0.769657 0.779405 0.0105047 0.047561 11
0 0.830961 0.834167 0.0151186 0.0336101 12
0 0.538241 0.777095 0.00771785 0.0268962 13
0 0.684771 0.794783 0.0110226 0.042537 14
0 0.796631 0.775717 0.00985775 0.0486277 15
0 0.856355 0.827917 0.0129104 0.0355153 16
0 0.941485 0.74774 0.0102543 0.0456038 17
0 0.893983 0.738022 0.00649881 0.027044 18
0 0.893804 0.975935 0.0654224 0.0464158 20
0 0.423703 0.914304 0.0183288 0.0419175 21
0 0.467721 0.798683 0.00713735 0.0312091 22
0 0.718538 0.829982 0.0135285 0.0322246 23
0 0.0101464 0.751383 0.00765079 0.0174159 25
37 0.198105 0.916425 0.0463419 0.0309992 34
0 0.814882 0.773924 0.00867071 0.042436 36
