0 0.453059 0.833375 0.0122814 0.0669739 1
0 0.476874 0.834526 0.0157382 0.0653207 3
0 0.953373 0.848874 0.0220587 0.039658 4
0 0.699023 0.794801 0.0103348 0.0489376 6
0 0.756344 0.784535 0.0101092 0.0439067 11
0 0.830246 0.834706 0.0174102 0.0332654 12
0 0.855689 0.830923 0.0168058 0.0343179 16
0 0.894081 0.975443 0.0655882 0.0466869 20
0 0.718758 0.830564 0.0144563 0.0311799 23
0 0.354899 0.98916 0.0144527 0.0215959 146
0 0.793758 0.775119 0.00902581 0.0456317 123
0 0.433363 0.907555 0.0228242 0.0509328 21
0 0.924003 0.751358 0.00851393 0.0456485 232
0 0.515281 0.80938 0.0103946 0.0421137 260
0 0.843167 0.76559 0.00795326 0.0467564 228
0 0.973443 0.762514 0.0180768 0.0281589 338
37 0.197988 0.915877 0.0461857 0.0317358 34
0 0.776886 0.7803 0.0087707 0.0428403 15
0 0.746364 0.784653 0.0103285 0.0462732 277
0 0.905555 0.972604 0.0418234 0.0417278 367
0 0.00663807 0.751819 0.00994817 0.0178412 347
0 0.852976 0.832168 0.0230968 0.0357319 408
0 0.320765 0.750206 0.0101131 0.0137625 411
0 0.832499 0.770416 0.00756598 0.0437995 417
0 0.48658 0.776293 0.00877247 0.0209699 309
0 0.901131 0.757222 0.00999823 0.041847 437
0 0.886906 0.756782 0.00958271 0.0459589 7
0 0.0665655 0.899999 0.00995706 0.05673 2
