0 0.453468 0.833451 0.0119639 0.0680296 1
0 0.299777 0.861795 0.0158642 0.0568292 2
0 0.485178 0.827967 0.0146729 0.0576339 3
0 0.953436 0.848367 0.022216 0.0420695 4
0 0.881281 0.759191 0.00747271 0.0411433 5
0 0.697472 0.794557 0.00923986 0.0484589 6
0 0.973844 0.734697 0.00789471 0.0353055 7
0 0.786858 0.777423 0.00885048 0.0463035 8
0 0.526146 0.780659 0.0123013 0.0204534 9
0 0.841935 0.766589 0.0106565 0.0502794 10
0 0.769989 0.779191 0.0110249 0.0470699 11
0 0.83095 0.834096 0.0151648 0.0335017 12
0 0.538508 0.776966 0.00727 0.026876 13
0 0.684762 0.794627 0.01103 0.0418639 14
0 0.79628 0.775721 0.00971651 0.0483451 15
0 0.856345 0.827931 0.0129089 0.0355453 16
0 0.941041 0.74859 0.0102212 0.0460831 17
0 0.893933 0.738285 0.0064744 0.027775 18
0 0.893812 0.97596 0.0654507 0.046396 20
0 0.423681 0.914274 0.0185532 0.0418241 21
0 0.467238 0.798678 0.00754995 0.0314652 22
0 0.718402 0.83016 0.0131664 0.0317582 23
0 0.0105884 0.751307 0.00718238 0.0171415 25
37 0.198155 0.916335 0.0464998 0.0311284 34
0 0.81415 0.774223 0.00865784 0.0412515 36
