0 0.452848 0.834128 0.0111056 0.068105 1
0 0.953766 0.850027 0.0228436 0.0428897 4
0 0.830513 0.834663 0.017526 0.033365 12
0 0.854963 0.83212 0.0175324 0.0314415 16
0 0.89044 0.97563 0.0579081 0.0453558 20
0 0.718104 0.830545 0.0150842 0.0316023 23
0 0.432227 0.914891 0.0269951 0.0375013 21
0 0.54608 0.815469 0.0120165 0.0520805 260
37 0.198911 0.916206 0.0479851 0.0313549 34
0 0.703323 0.791737 0.00951104 0.0470733 277
0 0.842629 0.766428 0.00799999 0.0450712 495
0 0.114532 0.981587 0.031586 0.0279885 538
0 0.72873 0.786164 0.00979838 0.0494431 572
0 0.758883 0.781001 0.0129323 0.0506698 762
0 0.62398 0.808737 0.0120216 0.0496546 6
0 0.940446 0.72932 0.00663862 0.0207274 821
0 0.69248 0.795714 0.00992212 0.0473976 882
0 0.797066 0.774969 0.00790915 0.0463648 953
0 0.0577111 0.735814 0.00491997 0.0150708 955
0 0.973191 0.763066 0.017077 0.0262015 649
0 0.676479 0.815535 0.0162121 0.0172904 971
0 0.0048478 0.751168 0.00893144 0.0179777 523
0 0.474507 0.854997 0.0169487 0.0282334 3
0 0.273512 0.729425 0.00889018 0.0200272 999
0 0.0643509 0.751733 0.0072704 0.0117943 1030
0 0.745739 0.783142 0.00756998 0.0482839 1031
0 0.735986 0.787315 0.00849967 0.0435029 1033
