0 0.452432 0.833592 0.0123476 0.0676108 1
0 0.472033 0.853663 0.0178421 0.0335167 3
0 0.953774 0.848991 0.0219855 0.0400054 4
0 0.694839 0.795119 0.00921769 0.0439109 6
0 0.830655 0.83466 0.0176188 0.0335651 12
0 0.852789 0.832435 0.021959 0.034376 16
0 0.891851 0.9761 0.0613872 0.0459044 20
0 0.718156 0.830341 0.0133743 0.0317022 23
0 0.433189 0.914849 0.0251278 0.0369951 21
0 0.547839 0.812484 0.0127279 0.0510987 260
37 0.198986 0.916449 0.0466926 0.0316343 34
0 0.729236 0.788416 0.00892301 0.0442578 277
0 0.904179 0.972986 0.0387674 0.0399719 367
0 0.842533 0.766266 0.00944519 0.046672 7
0 0.07074 0.741591 0.0102554 0.0215765 451
0 0.856632 0.764311 0.0121539 0.0541729 495
0 0.704551 0.791716 0.00980287 0.0477404 500
0 0.0091726 0.749444 0.0108907 0.0177391 523
0 0.755261 0.781007 0.00807238 0.0489048 11
0 0.114883 0.981402 0.0301593 0.0241859 538
0 0.817332 0.779494 0.00540752 0.0290661 493
0 0.742636 0.784792 0.0084475 0.0463883 572
0 0.826168 0.768771 0.0101769 0.0473413 228
0 0.351348 0.756219 0.00725818 0.020871 411
0 0.712529 0.831029 0.0259922 0.0322406 616
0 0.790806 0.701882 0.00532169 0.0195663 581
37 0.0220945 0.938647 0.0441639 0.0283792 311
0 0.79727 0.776544 0.00907769 0.0489495 623
0 0.00560865 0.977038 0.011173 0.0240712 627
0 0.319789 0.711468 0.00644906 0.0177202 570
