0 0.453333 0.83355 0.0119976 0.0671878 1
0 0.0867201 0.897885 0.0124347 0.0613555 2
0 0.479623 0.833013 0.0131548 0.0673036 3
0 0.953405 0.848777 0.0219413 0.0394783 4
0 0.699416 0.79368 0.00911789 0.0463613 6
0 0.758112 0.783696 0.00649638 0.0441899 11
0 0.830181 0.834733 0.0175335 0.0333483 12
0 0.855844 0.830876 0.0166578 0.0341937 16
0 0.893777 0.975046 0.06454 0.0462052 20
0 0.718798 0.830459 0.0144847 0.0313544 23
0 0.354916 0.989346 0.0144558 0.0212786 146
0 0.794574 0.775434 0.00930872 0.0470189 123
0 0.436384 0.906167 0.0160926 0.0543495 21
0 0.933482 0.748324 0.010196 0.0500962 232
0 0.514276 0.81292 0.00919261 0.0354219 260
0 0.842756 0.764549 0.00851231 0.0461479 228
0 0.895923 0.755345 0.00840054 0.0450957 7
0 0.487888 0.778788 0.00812836 0.0221672 309
0 0.888424 0.758647 0.0107341 0.0406703 336
0 0.97373 0.762503 0.019251 0.0285404 338
37 0.197993 0.915351 0.0458412 0.0323002 34
0 0.784039 0.778238 0.0079288 0.0416709 15
0 0.745341 0.784294 0.0121225 0.0458505 277
0 0.905908 0.97248 0.0412346 0.0419945 367
0 0.693292 0.795583 0.00843468 0.0439083 116
37 0.022141 0.939098 0.0441978 0.0305729 311
0 0.00609648 0.750171 0.00961231 0.0181232 347
