0 0.453111 0.833482 0.0122406 0.0684131 1
0 0.465328 0.849816 0.0171744 0.0414229 3
0 0.953698 0.848955 0.0219624 0.040089 4
0 0.695671 0.793082 0.0106358 0.0478928 6
0 0.830728 0.834714 0.0176435 0.0335581 12
0 0.855227 0.831633 0.0169519 0.0342215 16
0 0.891591 0.976234 0.0603003 0.04615 20
0 0.718202 0.830056 0.0138439 0.032567 23
0 0.79723 0.775443 0.00789552 0.0491006 123
0 0.433692 0.91452 0.0244016 0.0375615 21
0 0.539667 0.817608 0.0112039 0.0495336 260
37 0.198218 0.915944 0.0460733 0.0319627 34
0 0.740852 0.786377 0.00862231 0.0433955 277
0 0.903672 0.973101 0.0356624 0.0397926 367
0 0.341276 0.755701 0.00644798 0.0212813 411
0 0.842039 0.765339 0.0107759 0.0483175 7
0 0.0713765 0.740445 0.00765626 0.0250199 451
0 0.871799 0.761935 0.0103263 0.0487068 495
0 0.707424 0.790708 0.00992179 0.0475918 500
0 0.0103689 0.745211 0.00726549 0.0179966 523
0 0.755826 0.781625 0.00765576 0.0488304 11
0 0.803167 0.775729 0.00789681 0.0437932 417
0 0.114829 0.981551 0.0301604 0.0244284 538
0 0.818474 0.779267 0.006563 0.0311017 493
0 0.974491 0.739285 0.0102345 0.037969 447
0 0.319495 0.708558 0.0061765 0.0183446 570
0 0.746019 0.783518 0.00840545 0.0456078 572
0 0.838236 0.766727 0.0093914 0.0472682 228
