0 0.452949 0.834586 0.0126469 0.0668355 1
0 0.831314 0.83498 0.0167609 0.0325547 12
0 0.853653 0.834132 0.0203483 0.0283135 16
0 0.718442 0.82971 0.0143502 0.0322433 23
0 0.842842 0.76441 0.00842619 0.0407652 495
0 0.114525 0.982784 0.0312298 0.0242867 538
0 0.79728 0.774792 0.00916443 0.0491147 953
0 0.475881 0.857055 0.0173604 0.0241681 3
0 0.73847 0.783894 0.00840955 0.0486137 1102
0 0.556501 0.813548 0.0118016 0.0597521 762
0 0.514725 0.822074 0.0129837 0.0550851 1167
0 0.890962 0.976959 0.0600836 0.0440293 1267
37 0.198674 0.916267 0.0434611 0.0303339 34
0 0.730083 0.786529 0.00759773 0.0460625 1140
0 0.971746 0.762377 0.0132615 0.0269427 1353
0 0.904773 0.973306 0.0387395 0.038402 1364
0 0.688832 0.794071 0.00995703 0.0477511 1391
0 0.634193 0.805247 0.00959582 0.0473751 1307
0 0.882987 0.984782 0.0441163 0.0285937 1411
0 0.956759 0.847867 0.0159874 0.0347941 4
37 0.0222064 0.938608 0.0444129 0.0294317 1123
0 0.702205 0.792391 0.0104806 0.0473706 1465
0 0.973486 0.732893 0.00577831 0.0271916 1490
0 0.652183 0.809004 0.00658321 0.0342376 1495
0 0.27668 0.902511 0.0200698 0.0751335 1503
0 0.947686 0.849869 0.0172858 0.0372558 1472
0 0.376913 0.845614 0.014184 0.0630264 1431
0 0.929412 0.728024 0.00796852 0.0217606 1526
0 0.355186 0.989408 0.0148492 0.0211842 1531
0 0.924348 0.748136 0.00786104 0.0286626 1376
