0 0.45228 0.834533 0.0122655 0.0654193 1
0 0.953623 0.850762 0.0219252 0.0406121 4
0 0.830834 0.834919 0.0177588 0.0331335 12
0 0.854638 0.829708 0.0170026 0.0340945 16
0 0.71849 0.829651 0.0146782 0.0326706 23
0 0.433943 0.91418 0.0242646 0.0368966 21
0 0.494748 0.826343 0.0135665 0.0531468 260
0 0.841966 0.766715 0.00872164 0.0456996 495
0 0.114595 0.98241 0.0336009 0.0277973 538
0 0.560278 0.815623 0.0115174 0.0443306 6
0 0.938541 0.727717 0.00760813 0.0217794 821
0 0.796394 0.776268 0.00852509 0.0478571 953
0 0.475479 0.858115 0.0187204 0.0217841 3
0 0.744205 0.78355 0.00912366 0.0477749 1102
0 0.354971 0.989115 0.0151891 0.0217696 1114
37 0.0220859 0.938029 0.0441719 0.0277767 1123
0 0.706969 0.790075 0.00891495 0.048071 1140
0 0.679079 0.788707 0.0100783 0.0447884 762
0 0.00564205 0.978985 0.0112444 0.0186368 1150
0 0.0162766 0.750425 0.00972787 0.0177778 1151
0 0.642143 0.800623 0.0156653 0.053868 1167
0 0.315254 0.710951 0.0058362 0.0182798 1103
0 0.890759 0.975659 0.0590955 0.0469011 1267
0 0.0660734 0.732961 0.0060726 0.0187814 1279
0 0.291536 0.723106 0.0095221 0.0169291 1281
0 0.272712 0.725412 0.00544615 0.0191284 1283
0 0.846942 0.699314 0.00623302 0.0181341 1292
0 0.689892 0.796145 0.00903654 0.0442428 1307
0 0.701779 0.791853 0.00788269 0.0445602 1265
37 0.198465 0.915627 0.0451507 0.0317411 34
