0 0.452344 0.834229 0.0128918 0.0664257 1
0 0.953559 0.85078 0.0218721 0.0407611 4
0 0.830811 0.834809 0.017577 0.0330359 12
0 0.854667 0.829711 0.0170209 0.0341119 16
0 0.718287 0.830501 0.0141995 0.031005 23
0 0.433842 0.914514 0.0242834 0.0363205 21
0 0.499937 0.824428 0.01116 0.05659 260
8 0.198488 0.915409 0.0448025 0.0316974 34
0 0.842455 0.766633 0.00857897 0.0456665 495
0 0.114636 0.982405 0.0334454 0.0275098 538
0 0.565616 0.815372 0.0101178 0.0471664 6
0 0.940054 0.726569 0.00762253 0.0192471 821
0 0.796239 0.776722 0.00880394 0.047675 953
0 0.475584 0.858431 0.0183386 0.0212259 3
0 0.74565 0.783243 0.00662332 0.0488161 1102
0 0.354963 0.98912 0.0151986 0.0217606 1114
37 0.0220975 0.937902 0.0441949 0.0283163 1123
0 0.71202 0.789308 0.00987935 0.0489825 1140
0 0.685298 0.791659 0.00880027 0.0537565 762
0 0.0056136 0.979246 0.0111614 0.0175537 1150
0 0.0151616 0.748657 0.0108114 0.0166818 1151
0 0.65296 0.798608 0.0115295 0.0544849 1167
0 0.703489 0.791877 0.0112493 0.045174 1033
0 0.314619 0.713146 0.00591254 0.0187284 1103
0 0.890413 0.975478 0.0585374 0.0467033 1267
0 0.980147 0.741364 0.0092063 0.0376351 1233
0 0.0653646 0.732835 0.00759621 0.0207648 1279
0 0.973445 0.762813 0.0177318 0.0278437 649
0 0.290912 0.72293 0.00732191 0.0195323 1281
0 0.271965 0.724008 0.00712941 0.0168838 1283
0 0.691488 0.795511 0.00799322 0.0448752 572
0 0.844911 0.697955 0.00588245 0.0197736 1292
