0 0.451917 0.834482 0.0122744 0.0665633 1
0 0.953725 0.849774 0.021797 0.0426799 4
0 0.830771 0.834683 0.0173949 0.0335078 12
0 0.856898 0.829181 0.0133438 0.0331764 16
0 0.883461 0.983057 0.0440395 0.0327131 20
0 0.717996 0.830732 0.0124892 0.0305844 23
0 0.433757 0.914306 0.0246069 0.0371635 21
0 0.531022 0.82023 0.0133564 0.0502589 260
37 0.198196 0.915925 0.0454108 0.0312884 34
0 0.842593 0.766508 0.00857401 0.0448287 495
0 0.114766 0.98243 0.0319876 0.0265755 538
0 0.698149 0.790006 0.0111132 0.0515929 572
0 0.726814 0.784864 0.0086102 0.0521211 762
0 0.598855 0.811044 0.0099957 0.0460954 6
0 0.93967 0.728781 0.00723295 0.0212179 821
0 0.691632 0.79602 0.00822644 0.0466074 882
0 0.7971 0.775859 0.00732765 0.046762 953
0 0.974164 0.762596 0.018574 0.0270492 649
0 0.676391 0.815317 0.0163449 0.0187893 971
0 0.00786341 0.746943 0.00874518 0.0164794 523
0 0.475946 0.8542 0.0161181 0.0299885 3
0 0.720199 0.788808 0.0080358 0.0444199 1033
0 0.746661 0.782696 0.0076489 0.0450697 1102
0 0.312739 0.709032 0.00721664 0.0153447 1103
0 0.354471 0.989176 0.0149426 0.0216312 1114
0 0.286027 0.725562 0.00754552 0.0163134 1121
37 0.0221847 0.938546 0.0443693 0.0297782 1123
0 0.269193 0.734533 0.00756366 0.0176663 1117
0 0.732485 0.788792 0.00737844 0.0415048 1140
