0 0.453417 0.834607 0.0117641 0.064956 1
0 0.83124 0.835149 0.0169549 0.0323129 12
0 0.852984 0.835385 0.0226762 0.0259354 16
0 0.718575 0.830307 0.0134789 0.0312709 23
0 0.842888 0.765769 0.00851364 0.0447292 495
0 0.114398 0.982814 0.0325347 0.0256918 538
0 0.79657 0.774828 0.00822325 0.048471 953
0 0.475397 0.856875 0.0176375 0.024428 3
0 0.526854 0.817305 0.011701 0.0569017 762
0 0.484701 0.828158 0.0123066 0.0547286 1167
37 0.194666 0.915415 0.0372789 0.0300358 34
0 0.732998 0.786047 0.00914135 0.0455099 1140
0 0.906419 0.972682 0.0404234 0.0389415 1364
0 0.688932 0.79589 0.010176 0.0471067 1391
0 0.616817 0.80891 0.00932646 0.0487226 1307
0 0.883828 0.980465 0.0453117 0.0375452 1411
0 0.956416 0.848381 0.0164067 0.0360372 4
37 0.0220572 0.938576 0.0441144 0.0280032 1123
0 0.702872 0.793066 0.0105427 0.0460139 1465
0 0.220934 0.904297 0.0189937 0.0785361 1503
0 0.355965 0.847825 0.0130462 0.062488 1431
0 0.929174 0.728483 0.00718031 0.0254747 1526
0 0.355429 0.989357 0.0139198 0.0212863 1531
0 0.554951 0.817561 0.010448 0.0490445 6
0 0.631779 0.812637 0.00649376 0.0349954 1495
0 0.74312 0.783213 0.00812893 0.0493102 1102
0 0.916658 0.752761 0.00805092 0.0385258 1376
0 0.957488 0.735479 0.00688438 0.0253689 1609
0 0.391031 0.824891 0.0179577 0.0711965 1324
