0 0.452772 0.834795 0.012146 0.0671797 1
0 0.831253 0.835014 0.0167517 0.0322919 12
0 0.853821 0.834294 0.0202932 0.0280657 16
0 0.718461 0.82998 0.0143281 0.0317346 23
0 0.842652 0.764789 0.00864334 0.0405705 495
0 0.114452 0.98247 0.0313337 0.0237427 538
0 0.797317 0.775093 0.00932322 0.0501994 953
0 0.47581 0.857283 0.0179678 0.0236716 3
0 0.54767 0.814473 0.00989413 0.0561507 762
0 0.50596 0.822837 0.012899 0.0568776 1167
0 0.890868 0.976979 0.0599383 0.0440835 1267
37 0.198292 0.916267 0.0441146 0.0308929 34
0 0.731683 0.785972 0.00798678 0.0448966 1140
0 0.972196 0.762542 0.0145736 0.0275769 1353
0 0.904787 0.973292 0.0388062 0.0384287 1364
0 0.688893 0.794923 0.0103787 0.0455956 1391
0 0.628832 0.806973 0.00838103 0.0486171 1307
0 0.883001 0.984957 0.0441601 0.0284215 1411
0 0.956562 0.848276 0.0160719 0.0352765 4
37 0.0221525 0.938733 0.0442953 0.0290359 1123
0 0.702254 0.792494 0.010629 0.0471923 1465
0 0.96859 0.733566 0.00629816 0.0265149 1490
0 0.261256 0.904015 0.0221605 0.0759691 1503
0 0.944693 0.852045 0.0139978 0.032929 1472
0 0.370088 0.846358 0.0133786 0.0646304 1431
0 0.930565 0.727989 0.00824385 0.0207109 1526
0 0.35521 0.989407 0.0147939 0.0211847 1531
0 0.923277 0.750732 0.00844173 0.0357116 1376
0 0.391151 0.83282 0.0179244 0.0864886 1324
0 0.55524 0.818977 0.0095387 0.0481921 6
0 0.645989 0.808676 0.00583563 0.030285 1495
0 0.740266 0.782749 0.00738392 0.0477342 1102
