0 0.453469 0.833493 0.0117371 0.0670899 1
0 0.0901013 0.897311 0.0109582 0.0606275 2
0 0.47988 0.833477 0.0133071 0.0671162 3
0 0.953406 0.848754 0.0219189 0.0394199 4
0 0.699174 0.793852 0.00904274 0.0461424 6
0 0.758419 0.784042 0.00688863 0.0431608 11
0 0.830186 0.834742 0.017539 0.0333549 12
0 0.855858 0.830903 0.0166772 0.0341893 16
0 0.893683 0.975193 0.0646422 0.0463326 20
0 0.718805 0.830454 0.01446 0.0313352 23
0 0.354921 0.989378 0.0144611 0.021244 146
0 0.795063 0.775654 0.00902319 0.0471237 123
0 0.436474 0.903743 0.0155518 0.0599297 21
0 0.933793 0.748602 0.0107149 0.048492 232
0 0.514033 0.812098 0.00968251 0.0327104 260
0 0.842709 0.765124 0.00878391 0.046917 228
0 0.896922 0.755426 0.00851946 0.0441303 7
0 0.488355 0.778931 0.00766006 0.0217644 309
0 0.886958 0.758518 0.00920267 0.0407761 336
0 0.973799 0.762534 0.0192994 0.0284525 338
37 0.197946 0.915323 0.0458141 0.0323135 34
0 0.784495 0.77856 0.00810261 0.0415778 15
0 0.746449 0.784026 0.00934191 0.0457557 277
0 0.905761 0.972486 0.0411961 0.0418988 367
0 0.692907 0.795586 0.0083128 0.0434614 116
37 0.0220942 0.939201 0.0441211 0.030603 311
0 0.00672383 0.749792 0.00757478 0.0180961 347
