0 0.452243 0.833059 0.0115951 0.0671386 1
0 0.953745 0.850035 0.0228006 0.0428942 4
0 0.830556 0.834641 0.0174391 0.0333837 12
0 0.856398 0.830538 0.0136291 0.0322934 16
0 0.890355 0.975676 0.0577864 0.0454888 20
0 0.71832 0.830501 0.0145204 0.0315853 23
0 0.433777 0.914478 0.0238053 0.037601 21
0 0.55501 0.816197 0.0119645 0.0545719 260
8 0.199016 0.916061 0.0463685 0.0309127 34
0 0.702562 0.792026 0.0103456 0.0451088 277
0 0.843604 0.763114 0.00746059 0.0392203 495
0 0.114681 0.981511 0.0326314 0.0292861 538
0 0.736745 0.78556 0.00897984 0.0477232 572
0 0.776972 0.776664 0.00959492 0.0509638 762
0 0.641442 0.804372 0.0109806 0.0499207 6
0 0.291696 0.721741 0.00703197 0.0174149 879
0 0.939957 0.727866 0.00730553 0.0207285 821
0 0.692451 0.796617 0.00966554 0.0456507 882
0 0.796957 0.775748 0.012735 0.0500275 953
0 0.0581081 0.740434 0.00469676 0.0182864 955
0 0.974694 0.763035 0.0193556 0.026724 649
0 0.676197 0.81538 0.0156028 0.0176058 971
0 0.00484747 0.752311 0.00931065 0.0174774 523
0 0.475101 0.856101 0.0312318 0.027331 3
0 0.744549 0.783446 0.00613937 0.0479637 11
0 0.749609 0.781981 0.00945973 0.0510978 228
