0 0.45237 0.833667 0.0127655 0.0672916 1
0 0.471616 0.854054 0.017179 0.0333578 3
0 0.953881 0.848838 0.0218159 0.0395142 4
0 0.691938 0.794792 0.00987854 0.0455784 6
0 0.830668 0.834709 0.0179546 0.0336517 12
0 0.852475 0.831808 0.0233215 0.0357736 16
0 0.89181 0.976288 0.0619764 0.0460329 20
0 0.718294 0.83009 0.013922 0.0323348 23
0 0.433544 0.914479 0.0244987 0.0363622 21
0 0.547776 0.81441 0.0113082 0.0498759 260
37 0.198628 0.916217 0.046398 0.0316817 34
0 0.726073 0.789091 0.00855184 0.0425537 277
0 0.904764 0.973168 0.0403531 0.0403288 367
0 0.842494 0.766057 0.00926208 0.0469525 7
0 0.0716905 0.744826 0.0068523 0.0188711 451
0 0.852429 0.763639 0.0100568 0.0521434 495
0 0.704014 0.791767 0.0102421 0.0480274 500
0 0.00803815 0.750106 0.0108989 0.017342 523
0 0.755419 0.781307 0.00795603 0.0486946 11
0 0.115134 0.982108 0.0307998 0.0252477 538
0 0.816583 0.780289 0.00638495 0.0320587 493
0 0.742233 0.784513 0.00919929 0.0472494 572
0 0.824634 0.770848 0.0115435 0.0500972 228
0 0.354581 0.756634 0.00761244 0.0208419 411
0 0.712521 0.830525 0.0260751 0.0333636 616
0 0.792265 0.70299 0.00621371 0.023533 581
37 0.0221413 0.938663 0.0442735 0.0273509 311
0 0.796442 0.775372 0.0104688 0.0497326 623
0 0.00562016 0.977289 0.0111811 0.0236346 627
0 0.319617 0.712886 0.00671022 0.0187122 570
0 0.934837 0.727992 0.00647612 0.0206686 639
0 0.391133 0.81326 0.0176201 0.0464366 645
