0 0.452906 0.833341 0.0129761 0.0675782 1
0 0.483011 0.857234 0.0282139 0.0228411 3
0 0.953528 0.84992 0.0222354 0.0421692 4
0 0.830619 0.834918 0.0174278 0.0329575 12
0 0.856444 0.830728 0.0138467 0.0327866 16
0 0.894358 0.975392 0.0678311 0.046835 20
0 0.7178 0.829876 0.0135804 0.0322821 23
0 0.432273 0.914809 0.0272125 0.0377656 21
0 0.5637 0.813899 0.0121734 0.050572 260
37 0.197798 0.916036 0.0455775 0.0318943 34
0 0.702582 0.792449 0.0114047 0.0451543 277
0 0.907059 0.972533 0.0436696 0.0419056 367
0 0.84366 0.766955 0.00769987 0.0462683 495
0 0.752098 0.780636 0.007511 0.0483085 11
0 0.115106 0.981283 0.0315147 0.0234963 538
0 0.73696 0.786348 0.00950494 0.0461999 572
0 0.786758 0.775505 0.00854054 0.0510237 228
0 0.974108 0.763035 0.0190214 0.0270513 649
37 0.0221177 0.93875 0.0441516 0.0279644 311
0 0.80579 0.772873 0.0114322 0.0528971 762
0 0.00788023 0.749684 0.00745896 0.01712 523
0 0.852899 0.831861 0.0223329 0.0339259 865
0 0.676944 0.79921 0.0102867 0.0432594 6
0 0.274799 0.731862 0.0069279 0.0159582 873
0 0.766195 0.776894 0.00838637 0.041314 683
0 0.287743 0.723528 0.00682135 0.0168872 879
0 0.938321 0.729143 0.00828037 0.0226871 821
0 0.693057 0.794372 0.00902033 0.0446754 882
0 0.778174 0.784777 0.00673981 0.0330603 890
0 0.796758 0.77327 0.00785041 0.0452674 417
