0 0.45282 0.833864 0.0126675 0.0671989 1
0 0.83096 0.83496 0.0179583 0.0334268 12
0 0.855837 0.830324 0.0139144 0.0325703 16
0 0.717921 0.830031 0.0134314 0.0315306 23
0 0.843709 0.766522 0.00757809 0.0483601 495
0 0.114469 0.983648 0.0318073 0.0261587 538
0 0.554853 0.818953 0.0104665 0.0503029 6
0 0.796411 0.775363 0.00863571 0.0496492 953
0 0.476128 0.857701 0.0196939 0.0234443 3
0 0.725076 0.786431 0.00719581 0.0491512 1102
0 0.35524 0.989329 0.0138091 0.0213392 1114
37 0.0221697 0.938696 0.0443393 0.0305556 1123
0 0.637166 0.801352 0.0140321 0.0593857 762
0 0.00817625 0.977473 0.0163201 0.0211761 1150
0 0.0175303 0.753086 0.0120055 0.0178569 1151
0 0.592224 0.809485 0.0116265 0.0562802 1167
0 0.893463 0.975345 0.0620634 0.0447255 1267
8 0.198166 0.915521 0.0453895 0.0319676 34
0 0.702065 0.792292 0.00914097 0.044117 1140
0 0.974421 0.762383 0.0178705 0.0273015 1353
0 0.905107 0.973032 0.0415558 0.0396503 1364
0 0.953967 0.850238 0.0189589 0.0386938 1380
0 0.936921 0.728506 0.00740728 0.0230161 821
0 0.687722 0.794747 0.00770454 0.0456409 1391
0 0.428925 0.896405 0.022525 0.0804382 1403
0 0.485423 0.857731 0.0357934 0.0233992 1405
0 0.674587 0.791629 0.00791349 0.0366458 1307
0 0.883614 0.984471 0.0448657 0.0285793 1411
0 0.694937 0.792449 0.00786743 0.0476314 1415
0 0.956362 0.848425 0.017207 0.0354442 4
0 0.9576 0.747722 0.00657692 0.0384349 1376
0 0.0590617 0.74479 0.0083028 0.0217032 1421
0 0.276853 0.727365 0.00442946 0.0160692 1422
