0 0.45278 0.833282 0.0127588 0.0674452 1
0 0.473278 0.855052 0.0194751 0.0301559 3
0 0.953359 0.849659 0.0223628 0.0416402 4
0 0.692926 0.793536 0.00875554 0.0451436 6
0 0.830562 0.834837 0.0176245 0.0337152 12
0 0.855868 0.832074 0.0155146 0.031464 16
0 0.890991 0.976546 0.0603815 0.0453513 20
0 0.718649 0.830046 0.0142945 0.0316338 23
0 0.434866 0.914177 0.022099 0.0375241 21
0 0.55223 0.811659 0.0121021 0.0463668 260
37 0.198928 0.91588 0.0451292 0.0314028 34
0 0.716579 0.790067 0.00942917 0.0431211 277
0 0.902867 0.972761 0.0374171 0.0383185 367
0 0.841838 0.766277 0.0118555 0.0486821 495
0 0.702029 0.790583 0.00989995 0.0462808 500
0 0.00674559 0.751828 0.0102624 0.0196265 523
0 0.755775 0.781012 0.00753684 0.0492794 11
0 0.115402 0.983301 0.0311258 0.0262268 538
0 0.809285 0.781376 0.00549679 0.0299633 493
0 0.739647 0.784672 0.00795531 0.0458514 572
0 0.822062 0.770421 0.0104307 0.0482369 228
0 0.00540498 0.978456 0.0107382 0.0206721 627
0 0.974681 0.763464 0.0179969 0.024591 649
0 0.796619 0.774663 0.00945387 0.0494625 417
0 0.787607 0.777155 0.00758471 0.0414879 683
0 0.318431 0.714038 0.00549874 0.0174482 570
37 0.0222156 0.937984 0.0443514 0.0297679 311
0 0.276371 0.726717 0.00695698 0.0147293 694
0 0.0668563 0.740803 0.00743224 0.0252484 733
