0 0.452613 0.834527 0.0115839 0.0656317 1
0 0.830834 0.83513 0.0174594 0.0323833 12
0 0.857341 0.832113 0.012928 0.0289045 16
0 0.718018 0.830334 0.0138433 0.0312782 23
0 0.843239 0.766373 0.00837212 0.0459018 495
0 0.114587 0.982777 0.0331394 0.0276991 538
0 0.796808 0.775165 0.00895481 0.0500181 953
0 0.4755 0.857322 0.018831 0.0237581 3
0 0.726485 0.786308 0.0125576 0.0505201 1102
0 0.589593 0.808649 0.0119976 0.0577003 762
0 0.549206 0.815766 0.0101357 0.0523045 1167
0 0.894017 0.975673 0.0648825 0.0443151 1267
37 0.198453 0.916571 0.0442496 0.0300955 34
0 0.713909 0.79018 0.0102316 0.049 1140
0 0.972127 0.762772 0.014045 0.027049 1353
0 0.906412 0.973324 0.0400077 0.0395052 1364
0 0.689621 0.795347 0.0112927 0.0467333 1391
0 0.653724 0.8017 0.00889068 0.046565 1307
0 0.883687 0.981385 0.0447726 0.0350291 1411
0 0.407021 0.841468 0.0158922 0.0620848 1431
0 0.956656 0.847685 0.0160016 0.035088 4
0 0.48395 0.857466 0.036281 0.0240237 1405
37 0.022165 0.938693 0.0443299 0.0306593 1123
0 0.70122 0.794686 0.0111511 0.0503838 1465
0 0.339822 0.900907 0.0221822 0.0815742 1473
0 0.555477 0.818255 0.00772619 0.048591 6
0 0.3911 0.818569 0.0179941 0.0578555 1324
0 0.0520823 0.740896 0.00526963 0.0150159 1486
