0 0.452413 0.834339 0.0121629 0.0662192 1
0 0.956726 0.848483 0.0169665 0.0362163 4
0 0.831303 0.835234 0.0189312 0.0329791 12
0 0.85675 0.830172 0.0137752 0.0335441 16
0 0.718206 0.830357 0.0137479 0.0313407 23
0 0.44327 0.890572 0.0165569 0.0828651 21
0 0.473949 0.824365 0.0117483 0.048937 260
0 0.842365 0.767663 0.00833416 0.0441666 495
0 0.114322 0.983336 0.0331853 0.0274087 538
0 0.554681 0.819021 0.0119948 0.0498667 6
0 0.79636 0.775621 0.00815072 0.0486426 953
0 0.475911 0.85754 0.0181795 0.0230806 3
0 0.733633 0.784469 0.00926757 0.0502863 1102
0 0.355002 0.989174 0.0148894 0.021637 1114
37 0.0220726 0.939104 0.0441167 0.030929 1123
0 0.659678 0.795334 0.0108183 0.056582 762
0 0.00600495 0.977913 0.0118905 0.0215034 1150
0 0.0183834 0.751339 0.0105016 0.019604 1151
0 0.617979 0.804691 0.0123197 0.0547441 1167
0 0.893823 0.975441 0.0652675 0.0467453 1267
0 0.0644264 0.738351 0.00622016 0.0212801 1279
0 0.689419 0.794673 0.00928164 0.0429879 1307
37 0.198341 0.916009 0.0449268 0.0316903 34
0 0.70257 0.792459 0.0114123 0.0476711 1140
0 0.974841 0.762208 0.0165709 0.0271984 1353
0 0.934694 0.726356 0.00627975 0.0215747 821
0 0.675013 0.815797 0.0151358 0.0184351 1359
0 0.318966 0.711455 0.0064173 0.0150967 1341
0 0.907119 0.972604 0.0448212 0.0413969 1364
