0 0.452825 0.833431 0.0129942 0.0674232 1
0 0.473295 0.855396 0.0193068 0.0303808 3
0 0.953354 0.849638 0.0223437 0.0416331 4
0 0.69185 0.794823 0.00897298 0.0434587 6
0 0.830562 0.834852 0.0176095 0.0336401 12
0 0.855698 0.831756 0.0157896 0.0322601 16
0 0.891451 0.976276 0.0612158 0.0460731 20
0 0.718544 0.82988 0.0144016 0.0320265 23
0 0.434626 0.914226 0.0224476 0.0375423 21
0 0.55022 0.813692 0.0109334 0.0445325 260
37 0.198738 0.915811 0.0453688 0.0315916 34
0 0.718972 0.789807 0.0097064 0.0438761 277
0 0.903331 0.972773 0.0379331 0.0390591 367
0 0.842924 0.765573 0.0102007 0.0484537 495
0 0.702875 0.790527 0.0104758 0.0472433 500
0 0.00752268 0.752045 0.010259 0.0194528 523
0 0.75573 0.781173 0.00730071 0.0486226 11
0 0.115341 0.983258 0.0310182 0.0260736 538
0 0.811531 0.78129 0.00654621 0.0315459 493
0 0.740138 0.784967 0.00852985 0.0462366 572
0 0.821629 0.770616 0.0123562 0.0491465 228
0 0.359529 0.754289 0.00622108 0.012323 411
0 0.00538131 0.9785 0.0107114 0.0204918 627
0 0.974401 0.763622 0.0186511 0.0251557 649
0 0.521948 0.738794 0.00716867 0.0115454 673
0 0.797171 0.775263 0.00848041 0.0502596 417
0 0.790152 0.777136 0.00764923 0.0418869 683
0 0.318571 0.713726 0.00561547 0.0182492 570
37 0.0221829 0.938118 0.0443002 0.0293882 311
0 0.277524 0.726491 0.00365419 0.0149412 694
0 0.694402 0.795624 0.00677271 0.0413166 700
