0 0.453013 0.834049 0.0128422 0.0673397 1
0 0.244133 0.870016 0.0164081 0.0544986 2
0 0.478547 0.827002 0.0171963 0.0642415 3
0 0.953582 0.848779 0.0223552 0.0428181 4
0 0.872615 0.761902 0.00986376 0.0407444 5
0 0.698173 0.795816 0.0089077 0.0443541 6
0 0.506051 0.781267 0.00740495 0.0198238 9
0 0.776022 0.777022 0.00778613 0.0501577 11
0 0.830428 0.834246 0.0158782 0.0323855 12
0 0.521733 0.781228 0.0097837 0.0299424 13
0 0.795618 0.780473 0.00818172 0.0394722 15
0 0.855913 0.830766 0.0182339 0.0352564 16
0 0.883492 0.980233 0.0453212 0.0382701 20
0 0.422641 0.909948 0.0182781 0.05019 21
0 0.716792 0.83075 0.0120144 0.0314904 23
0 0.00932351 0.743019 0.00855233 0.0163601 25
37 0.198618 0.91542 0.0454832 0.0326409 34
0 0.787855 0.776639 0.00850134 0.0471384 8
0 0.824237 0.770683 0.00930567 0.0371796 61
0 0.983539 0.73814 0.00870047 0.046856 91
0 0.843377 0.764364 0.00825281 0.0448786 102
0 0.781809 0.694764 0.00667186 0.0136623 110
0 0.968537 0.740098 0.0112479 0.0397111 17
0 0.810743 0.771789 0.00813999 0.0391745 123
0 0.932128 0.731008 0.00917425 0.0280712 127
0 0.391242 0.818217 0.0174891 0.0573188 141
0 0.854261 0.764856 0.00828619 0.0433838 10
0 0.354337 0.989189 0.0148149 0.0216222 146
0 0.76601 0.696489 0.00731316 0.0142626 149
0 0.951641 0.744496 0.0105385 0.0440809 7
