0 0.452582 0.834396 0.0126744 0.0669396 1
0 0.831347 0.835027 0.0169379 0.0327001 12
0 0.853449 0.834216 0.0209136 0.028486 16
0 0.718457 0.829296 0.0144907 0.0330656 23
0 0.842976 0.764135 0.00843306 0.0413396 495
0 0.114503 0.982866 0.0311599 0.0244034 538
0 0.797269 0.774916 0.00938735 0.05016 953
0 0.474105 0.857165 0.0206017 0.0232253 3
0 0.735645 0.784368 0.00813842 0.0492032 1102
0 0.56421 0.810896 0.00981145 0.0576363 762
0 0.523177 0.81996 0.0130175 0.0561254 1167
0 0.89119 0.976757 0.0606567 0.0442574 1267
37 0.197913 0.915788 0.0448151 0.0313605 34
0 0.728414 0.787094 0.00902848 0.0476931 1140
0 0.971886 0.76231 0.0138268 0.0279734 1353
0 0.905042 0.972969 0.0378699 0.0382222 1364
0 0.688932 0.794525 0.0102371 0.0465885 1391
0 0.637602 0.803858 0.00899467 0.0502252 1307
0 0.882923 0.983937 0.0442081 0.0301744 1411
0 0.956919 0.84814 0.015643 0.035331 4
37 0.0222814 0.938676 0.0445469 0.0298363 1123
0 0.702639 0.792512 0.0109067 0.0477887 1465
0 0.55487 0.819958 0.0103778 0.0492708 6
0 0.390829 0.83364 0.0181702 0.0876042 1324
0 0.978227 0.732947 0.00846033 0.0276768 1490
0 0.655379 0.807105 0.0075067 0.0340758 1495
0 0.289899 0.90218 0.0177598 0.0771462 1503
0 0.948908 0.850351 0.0167139 0.0376567 1472
0 0.382281 0.84549 0.0140684 0.0662908 1431
0 0.929102 0.729719 0.00812578 0.0255184 1526
0 0.355193 0.989398 0.0148464 0.0212033 1531
0 0.92655 0.752711 0.0084568 0.0410867 1376
