0 0.453428 0.834012 0.0114625 0.0657414 1
0 0.831255 0.83519 0.0168894 0.0323045 12
0 0.853934 0.835414 0.0206741 0.0258736 16
0 0.718436 0.83011 0.0132036 0.0316237 23
0 0.843059 0.765856 0.00826273 0.0448747 495
0 0.114324 0.98285 0.0322702 0.0257785 538
0 0.796501 0.774851 0.00839424 0.0485043 953
0 0.475867 0.858093 0.0182487 0.022107 3
0 0.534249 0.81579 0.0117512 0.0594787 762
0 0.493032 0.825486 0.0109685 0.0577303 1167
0 0.893996 0.975306 0.0648307 0.0458109 1267
37 0.198785 0.916403 0.0460319 0.0311539 34
0 0.732502 0.786215 0.00860372 0.0459969 1140
0 0.906458 0.97251 0.0406569 0.0391045 1364
0 0.689315 0.795443 0.0102611 0.0453584 1391
0 0.622374 0.810163 0.00979123 0.0504406 1307
0 0.883737 0.980078 0.045051 0.0384031 1411
0 0.956522 0.848595 0.0160935 0.0362438 4
37 0.0220919 0.938749 0.0441556 0.0288824 1123
0 0.702642 0.791861 0.0108267 0.0474733 1465
0 0.233217 0.904345 0.0169968 0.0788902 1503
0 0.361335 0.848252 0.0130181 0.0615862 1431
0 0.930727 0.727872 0.00792417 0.0235979 1526
0 0.355476 0.989336 0.0140441 0.021327 1531
0 0.554926 0.819357 0.0103405 0.0489523 6
0 0.637457 0.810846 0.00714116 0.0326793 1495
0 0.742576 0.783019 0.00885081 0.0502458 1102
0 0.917697 0.749517 0.00867081 0.0370539 1376
