0 0.452901 0.833957 0.0109107 0.0676791 1
0 0.953768 0.850026 0.022848 0.0428382 4
0 0.830461 0.834634 0.0175527 0.0332264 12
0 0.855681 0.83181 0.0159601 0.031257 16
0 0.890412 0.975822 0.0578343 0.0451389 20
0 0.718203 0.831372 0.014762 0.0296714 23
0 0.433155 0.914394 0.0251973 0.0367783 21
0 0.543941 0.817959 0.011997 0.0532071 260
37 0.199053 0.916092 0.0481257 0.031735 34
0 0.703085 0.791726 0.0101966 0.0458369 277
0 0.842617 0.766317 0.00812855 0.0443903 495
0 0.114428 0.981941 0.0317421 0.0277393 538
0 0.724616 0.786654 0.0103942 0.0488434 572
0 0.753524 0.780621 0.00862517 0.0490148 762
0 0.619881 0.80732 0.00999537 0.0445951 6
0 0.938902 0.728973 0.00802717 0.0212979 821
0 0.69261 0.795303 0.00997257 0.0474696 882
0 0.796695 0.775076 0.00844245 0.0460551 953
0 0.972258 0.763116 0.0156815 0.0255902 649
0 0.676997 0.815164 0.0170528 0.0179069 971
0 0.00483541 0.752037 0.00905988 0.0199336 523
0 0.474973 0.854795 0.0166326 0.029082 3
0 0.273736 0.730765 0.00895104 0.0196427 999
0 0.0645857 0.751425 0.00597847 0.0129002 1030
0 0.745396 0.782289 0.00730333 0.0457616 1031
0 0.73377 0.786544 0.00968323 0.0445043 1033
0 0.391174 0.81912 0.0175084 0.0621808 943
0 0.0584703 0.737193 0.00472085 0.0182101 955
