0 0.45241 0.833504 0.0121323 0.0675462 1
0 0.473178 0.854362 0.0199603 0.0326516 3
0 0.953435 0.850106 0.0224672 0.0430439 4
0 0.694851 0.795803 0.00955834 0.0440404 6
0 0.830577 0.834862 0.0176813 0.0336137 12
0 0.855825 0.831496 0.0151351 0.0316568 16
0 0.89148 0.976527 0.0612082 0.0451353 20
0 0.718564 0.830451 0.0143418 0.0309743 23
0 0.434848 0.914261 0.0220147 0.0376726 21
0 0.554751 0.813574 0.0109026 0.0422116 260
37 0.198591 0.916142 0.0460339 0.0309657 34
0 0.710836 0.792373 0.0108535 0.0411379 277
0 0.902982 0.972514 0.0376914 0.038038 367
0 0.843486 0.766271 0.00754662 0.0456274 495
0 0.00664979 0.752045 0.00748596 0.0182791 523
0 0.75583 0.781148 0.00728459 0.0491296 11
0 0.11547 0.983213 0.0312272 0.0261515 538
0 0.803411 0.782462 0.00576754 0.0296955 493
0 0.737737 0.78511 0.0113976 0.0484317 572
0 0.816191 0.770615 0.0112597 0.0501147 228
0 0.973838 0.764062 0.0200446 0.0247021 649
0 0.797007 0.775106 0.00842352 0.0496848 417
0 0.784538 0.778014 0.00950384 0.0450734 683
0 0.318439 0.712565 0.00611384 0.0177506 570
37 0.0221923 0.938141 0.0443019 0.0297763 311
0 0.276814 0.730593 0.00568421 0.0170084 694
0 0.066554 0.742507 0.00894262 0.0307888 733
0 0.778322 0.698771 0.00572495 0.0175493 752
0 0.425719 0.779201 0.00973935 0.0183254 758
0 0.834529 0.767651 0.0103047 0.0471352 762
0 0.702852 0.793391 0.00748835 0.0431008 500
