0 0.452407 0.83446 0.0119261 0.0654538 1
0 0.830837 0.835102 0.0178667 0.0326301 12
0 0.855757 0.832413 0.0155832 0.0307967 16
0 0.718086 0.830314 0.0139551 0.0312052 23
0 0.84301 0.766163 0.00843916 0.0469087 495
0 0.114569 0.982819 0.033097 0.027913 538
0 0.796557 0.775153 0.00850511 0.0504577 953
0 0.475398 0.857538 0.0186717 0.023026 3
0 0.72363 0.785962 0.00790687 0.0505361 1102
0 0.596779 0.807174 0.0118003 0.0562339 762
0 0.555585 0.815816 0.0130709 0.0573705 1167
0 0.893901 0.975829 0.0649089 0.0444657 1267
37 0.197916 0.916353 0.0455592 0.0303726 34
0 0.711239 0.789676 0.00961981 0.0476788 1140
0 0.971766 0.762939 0.0131051 0.0276825 1353
0 0.906564 0.973303 0.0399346 0.0394367 1364
0 0.689126 0.795227 0.0104338 0.0463069 1391
0 0.656016 0.801388 0.00777531 0.045108 1307
0 0.883654 0.981281 0.0447885 0.0353844 1411
0 0.35418 0.900643 0.0235826 0.0806052 1403
0 0.414114 0.83951 0.0126979 0.0631864 1431
0 0.957294 0.848216 0.014823 0.0360065 4
0 0.935668 0.750843 0.00855846 0.041328 1376
0 0.484091 0.857716 0.0365928 0.0232978 1405
37 0.0221227 0.938602 0.0442109 0.0303589 1123
0 0.701345 0.79353 0.0103027 0.0452931 1465
0 0.391234 0.832776 0.0178758 0.0852361 1324
0 0.951055 0.8501 0.0271935 0.0398092 1472
0 0.350186 0.900326 0.0144938 0.0797918 1473
