0 0.454283 0.8328 0.0129672 0.0687505 1
0 0.469012 0.836109 0.0142616 0.0655618 3
0 0.953395 0.849442 0.0218893 0.0410446 4
0 0.694685 0.79359 0.00953698 0.0473275 6
0 0.830709 0.83446 0.0173941 0.0341936 12
0 0.856194 0.830578 0.0162604 0.0328124 16
0 0.892739 0.976115 0.0616029 0.0454581 20
0 0.718573 0.830137 0.0146217 0.0317638 23
0 0.354521 0.989322 0.0150002 0.021256 146
0 0.794501 0.775606 0.0102194 0.0489477 123
0 0.43523 0.913615 0.021359 0.0376982 21
0 0.527366 0.813552 0.0111635 0.039646 260
0 0.843214 0.766974 0.00829468 0.0467968 228
37 0.198019 0.91567 0.044697 0.0309881 34
0 0.744756 0.785411 0.00824943 0.0488165 277
0 0.903329 0.972995 0.0384688 0.0388106 367
0 0.333763 0.753929 0.00761502 0.0185353 411
0 0.46552 0.780295 0.0075779 0.0229128 309
0 0.856081 0.763456 0.00963964 0.0503838 7
0 0.0712192 0.7408 0.00762919 0.0261629 451
0 0.277687 0.728395 0.00607123 0.0145493 475
0 0.944571 0.747405 0.00870247 0.0407245 492
0 0.830561 0.777356 0.00827627 0.0282813 493
0 0.890829 0.75724 0.00998278 0.0471074 495
0 0.706344 0.791385 0.00992532 0.0480771 500
0 0.956692 0.848526 0.016027 0.0391641 513
0 0.97196 0.762727 0.0133098 0.0273339 338
0 0.962392 0.736576 0.00714588 0.0312826 447
0 0.00860507 0.751793 0.00963809 0.0170403 523
0 0.755495 0.783238 0.00953298 0.04742 11
0 0.811641 0.769409 0.00838404 0.0370153 417
