0 0.453015 0.833163 0.0126012 0.0685647 1
0 0.473197 0.853473 0.0197428 0.0332323 3
0 0.953771 0.848881 0.0219582 0.039879 4
0 0.695591 0.794438 0.00913844 0.0451925 6
0 0.830639 0.83464 0.0175982 0.0336227 12
0 0.852913 0.832043 0.021876 0.0342678 16
0 0.891949 0.975998 0.0615791 0.0459642 20
0 0.71819 0.830284 0.0138906 0.03202 23
0 0.795712 0.776546 0.00697165 0.0485042 123
0 0.433819 0.914641 0.0243207 0.0370048 21
0 0.543816 0.815325 0.0120294 0.0552089 260
37 0.198901 0.916128 0.0461434 0.0318485 34
0 0.733998 0.788094 0.00890689 0.041325 277
0 0.905365 0.973231 0.0419477 0.0403054 367
0 0.843061 0.765678 0.00824356 0.0469174 7
0 0.0713146 0.740494 0.00865087 0.0220538 451
0 0.862123 0.762747 0.00937891 0.0514159 495
0 0.705551 0.792325 0.0108589 0.046607 500
0 0.00964617 0.747746 0.00906139 0.0200333 523
0 0.755523 0.781274 0.00773854 0.0483703 11
0 0.800789 0.776758 0.00854588 0.0441366 417
0 0.114778 0.980908 0.0300679 0.0231511 538
0 0.81737 0.779805 0.00574856 0.0308893 493
0 0.319906 0.709766 0.00692081 0.0183954 570
0 0.74471 0.784524 0.00899677 0.045437 572
0 0.829971 0.765195 0.0101301 0.0453278 228
0 0.272765 0.729457 0.00571156 0.0172964 475
0 0.936155 0.724313 0.0061223 0.0199711 598
0 0.348669 0.755563 0.00947578 0.0205471 411
0 0.712496 0.830942 0.0262544 0.032574 616
0 0.789885 0.699844 0.00566425 0.0164528 581
37 0.0221259 0.938565 0.0442518 0.0292074 311
0 0.981057 0.738505 0.0132706 0.0377268 447
