0 0.452352 0.833641 0.0127286 0.0671704 1
0 0.471574 0.854428 0.0171073 0.032372 3
0 0.953785 0.848568 0.0220101 0.0396621 4
0 0.691863 0.794778 0.00974889 0.0447688 6
0 0.830661 0.834703 0.0179533 0.0336631 12
0 0.852475 0.831866 0.023347 0.0357054 16
0 0.891829 0.976287 0.0620171 0.0460629 20
0 0.71831 0.830213 0.0139253 0.032071 23
0 0.43354 0.914489 0.0244994 0.0363393 21
0 0.547703 0.813359 0.0111498 0.0493523 260
37 0.198668 0.916264 0.0465556 0.0315833 34
0 0.72547 0.788518 0.00896773 0.0431724 277
0 0.904775 0.973176 0.0403223 0.0403502 367
0 0.842406 0.766128 0.00956316 0.0467565 7
0 0.0714731 0.745322 0.00697664 0.019755 451
0 0.85179 0.764144 0.00972385 0.0512629 495
0 0.703824 0.791624 0.0103474 0.0480064 500
0 0.00866366 0.750201 0.0094339 0.017362 523
0 0.755411 0.781257 0.00812297 0.0486524 11
0 0.115271 0.982384 0.031097 0.0259609 538
0 0.816576 0.78082 0.00647841 0.0331425 493
0 0.741886 0.784369 0.00898962 0.0476512 572
0 0.824437 0.771045 0.0110283 0.0488909 228
0 0.355445 0.756767 0.00783095 0.0206779 411
0 0.712543 0.830617 0.0260415 0.0331323 616
0 0.792382 0.702806 0.00624809 0.0235169 581
37 0.0221455 0.938611 0.0442909 0.0276065 311
0 0.796533 0.775272 0.0111277 0.0493083 623
0 0.00561795 0.977106 0.0111909 0.0239712 627
0 0.934688 0.728074 0.00680094 0.0209193 639
0 0.391171 0.81315 0.0176052 0.046297 645
0 0.43968 0.779625 0.00562959 0.0169827 646
