0 0.453288 0.833631 0.0119189 0.0668205 1
0 0.0731358 0.90081 0.0126522 0.0625931 2
0 0.477013 0.834277 0.0169632 0.0670656 3
0 0.953362 0.848878 0.0220181 0.0397079 4
0 0.699818 0.793737 0.0104862 0.0477811 6
0 0.756417 0.783805 0.00911198 0.0458982 11
0 0.830249 0.834718 0.0174072 0.0332268 12
0 0.855839 0.831529 0.0169677 0.035245 16
0 0.894165 0.975466 0.0663959 0.0467187 20
0 0.718768 0.830435 0.0144713 0.0313682 23
0 0.354904 0.989162 0.0144441 0.0216024 146
0 0.793944 0.77554 0.00948024 0.0464255 123
0 0.433906 0.90868 0.0234318 0.0490134 21
0 0.927675 0.751059 0.0107753 0.0468545 232
0 0.514997 0.808388 0.00921516 0.0409067 260
0 0.843282 0.765042 0.0080287 0.0461759 228
0 0.973565 0.762456 0.0185135 0.0282023 338
37 0.19798 0.915802 0.0459621 0.0315727 34
0 0.778102 0.779459 0.00887189 0.0446297 15
0 0.745844 0.784229 0.0097055 0.045909 277
0 0.905438 0.972581 0.0420378 0.0419058 367
0 0.00650732 0.75185 0.0101739 0.0183829 347
0 0.852331 0.832213 0.0242688 0.0374955 408
0 0.320219 0.750181 0.00875149 0.012398 411
0 0.834104 0.769905 0.00783977 0.0408262 417
0 0.48744 0.777071 0.00962024 0.0234628 309
