0 0.453102 0.83341 0.0122542 0.0676689 1
0 0.481376 0.857534 0.0362367 0.022435 3
0 0.953495 0.849276 0.0220271 0.0415758 4
0 0.831201 0.834588 0.0184373 0.0335819 12
0 0.856164 0.830378 0.0141662 0.0329195 16
0 0.890737 0.976242 0.0577466 0.0454476 20
0 0.7182 0.830213 0.0147122 0.0310108 23
0 0.434074 0.914659 0.0239784 0.0366057 21
0 0.563545 0.815151 0.0106234 0.0531838 260
8 0.198275 0.915395 0.0462303 0.0322154 34
0 0.702692 0.791599 0.0111623 0.0467846 277
0 0.843669 0.76575 0.00758991 0.0495758 495
0 0.752095 0.781923 0.00744753 0.0499168 11
0 0.118664 0.983704 0.0374232 0.026013 538
0 0.737687 0.785531 0.0103647 0.0465177 572
0 0.785098 0.774707 0.00887251 0.0474711 228
0 0.974241 0.763351 0.0181707 0.0275835 649
37 0.02209 0.937855 0.0441352 0.0296186 311
0 0.805046 0.772724 0.0108556 0.0521667 762
0 0.00729829 0.74876 0.00851039 0.0184219 523
0 0.854074 0.83092 0.0198434 0.0338974 865
0 0.675155 0.799899 0.0121253 0.0496152 6
0 0.765488 0.780233 0.00817156 0.0458747 683
0 0.287614 0.724132 0.00643008 0.0186751 879
0 0.937904 0.729037 0.00850964 0.0225245 821
0 0.692423 0.795124 0.0097961 0.0512916 882
0 0.776448 0.787326 0.00685205 0.0330996 890
0 0.796896 0.775535 0.00861125 0.0500662 417
