0 0.451953 0.834171 0.0122588 0.0666045 1
0 0.953757 0.849792 0.022717 0.0407842 4
0 0.830776 0.834385 0.0175344 0.0332854 12
0 0.855786 0.82945 0.0143974 0.0330133 16
0 0.718694 0.830453 0.0139789 0.0314238 23
0 0.431243 0.914597 0.0287955 0.0364626 21
0 0.522467 0.8216 0.0130671 0.0517841 260
37 0.197576 0.915612 0.0449901 0.0318343 34
0 0.842209 0.766006 0.00849047 0.0450071 495
0 0.115999 0.982917 0.0364303 0.0273982 538
0 0.691832 0.795902 0.00833817 0.0445301 572
0 0.590038 0.812901 0.0103662 0.048828 6
0 0.939797 0.726794 0.00678368 0.017577 821
0 0.796664 0.774554 0.00784035 0.0476541 953
0 0.97441 0.761829 0.0171401 0.0276338 649
0 0.675506 0.815106 0.0144627 0.0186968 971
0 0.475187 0.854933 0.0170434 0.0285444 3
0 0.746497 0.780943 0.00839934 0.0462749 1102
0 0.355379 0.98919 0.0139052 0.0216192 1114
37 0.0221146 0.938417 0.0441962 0.0291267 1123
0 0.725694 0.787881 0.0100482 0.0460622 1140
0 0.715701 0.786434 0.0106381 0.0526633 762
0 0.0058797 0.97971 0.0116902 0.0181706 1150
0 0.00964065 0.747049 0.00832694 0.0170864 1151
0 0.387802 0.775441 0.00737505 0.014936 1152
0 0.700478 0.79258 0.00962629 0.0484322 277
0 0.284792 0.720063 0.00541062 0.0152759 1159
0 0.685843 0.789648 0.00888619 0.0496923 1167
