0 0.452757 0.834759 0.0117475 0.0652595 1
0 0.830853 0.835167 0.0175051 0.0323039 12
0 0.85649 0.831831 0.0140259 0.0279965 16
0 0.718002 0.830335 0.0137509 0.0312357 23
0 0.842978 0.761541 0.00808773 0.0361899 495
0 0.11502 0.982812 0.0339777 0.0277544 538
0 0.796536 0.775113 0.00849381 0.0495871 953
0 0.4755 0.857576 0.0190251 0.0232779 3
0 0.7274 0.786245 0.0119965 0.0508019 1102
0 0.588222 0.809293 0.0126789 0.0572582 762
0 0.547597 0.816115 0.0107462 0.0539343 1167
0 0.894046 0.975671 0.0649508 0.0442827 1267
37 0.198017 0.916212 0.0448891 0.0306806 34
0 0.714275 0.79058 0.0109056 0.0503374 1140
0 0.971606 0.76239 0.013418 0.0270465 1353
0 0.906405 0.973319 0.040029 0.0394723 1364
0 0.68951 0.795382 0.0110421 0.046573 1391
0 0.652078 0.801814 0.00839353 0.0461401 1307
0 0.883717 0.981618 0.044833 0.034557 1411
0 0.404764 0.840802 0.0129133 0.0587255 1431
0 0.957045 0.847646 0.0153044 0.0349614 4
0 0.483837 0.857746 0.0364941 0.0235802 1405
37 0.0221473 0.938962 0.0442945 0.0302533 1123
0 0.700988 0.79531 0.010719 0.0513532 1465
0 0.337773 0.901843 0.0232903 0.0817728 1473
0 0.555297 0.818794 0.00833812 0.0488709 6
0 0.391119 0.819546 0.0181449 0.059372 1324
0 0.930885 0.748881 0.00833406 0.0483937 1376
0 0.995044 0.730929 0.00533991 0.0272415 1490
