0 0.452533 0.833746 0.0126363 0.068054 1
0 0.472204 0.853523 0.0180442 0.0338501 3
0 0.954069 0.848641 0.0213944 0.0393961 4
0 0.693869 0.794509 0.00994558 0.0466917 6
0 0.830653 0.834616 0.0177759 0.0335404 12
0 0.852911 0.832398 0.0217324 0.0343177 16
0 0.891679 0.976233 0.0616186 0.0458792 20
0 0.71816 0.830247 0.0135851 0.0318851 23
0 0.433481 0.914285 0.0246267 0.036908 21
0 0.548022 0.813415 0.0124838 0.0493828 260
37 0.198798 0.916324 0.0470351 0.0318726 34
0 0.728093 0.788894 0.00781345 0.0432113 277
0 0.904202 0.973001 0.0390594 0.0399941 367
0 0.84268 0.765987 0.00916586 0.046315 7
0 0.0702497 0.740594 0.0100523 0.0191142 451
0 0.854282 0.763475 0.0103153 0.0503442 495
0 0.70403 0.791689 0.00998578 0.0480785 500
0 0.00878943 0.750946 0.0104816 0.0191664 523
0 0.755396 0.780918 0.00800247 0.0490209 11
0 0.114778 0.981239 0.0301229 0.0238181 538
0 0.817073 0.779029 0.0058116 0.0286599 493
0 0.742157 0.78482 0.00928459 0.0464167 572
0 0.824657 0.769614 0.0113416 0.0487027 228
0 0.353753 0.757003 0.0055696 0.0193179 411
0 0.712516 0.830874 0.0260453 0.0326222 616
0 0.791374 0.703091 0.00544853 0.021777 581
37 0.0220939 0.938401 0.0441879 0.0281545 311
0 0.796671 0.777058 0.00943208 0.0482992 623
0 0.00559871 0.977058 0.0111621 0.0239412 627
0 0.319678 0.712078 0.00604694 0.0166863 570
0 0.934589 0.727577 0.00572996 0.0210178 639
0 0.273843 0.724458 0.00578244 0.0177377 475
