0 0.452854 0.834272 0.0120124 0.0670389 1
0 0.83125 0.835 0.0167331 0.0322543 12
0 0.854003 0.834287 0.0203597 0.0280775 16
0 0.71846 0.830254 0.0143191 0.0311091 23
0 0.842875 0.76467 0.0081954 0.040628 495
0 0.114492 0.982465 0.0313428 0.0237913 538
0 0.797387 0.775225 0.00931115 0.0496407 953
0 0.475715 0.857484 0.0175562 0.0232144 3
0 0.543928 0.813595 0.0108608 0.0578197 762
0 0.502677 0.824253 0.0104109 0.0598732 1167
0 0.890791 0.9771 0.0597454 0.0437759 1267
37 0.198558 0.916125 0.0437671 0.0306735 34
0 0.732812 0.786127 0.00813704 0.0458355 1140
0 0.973478 0.7629 0.0174535 0.0266121 1353
0 0.90483 0.973342 0.0389001 0.0383071 1364
0 0.688459 0.7947 0.0109137 0.0450668 1391
0 0.627146 0.804656 0.00858722 0.0519165 1307
0 0.883023 0.985015 0.0441477 0.0282451 1411
0 0.956464 0.847883 0.0164583 0.0340714 4
37 0.0222337 0.938657 0.0443702 0.0285312 1123
0 0.702458 0.792364 0.0106793 0.0462279 1465
0 0.966591 0.734181 0.00568295 0.0251136 1490
0 0.252324 0.903206 0.0171219 0.0762894 1503
0 0.367613 0.845822 0.0123908 0.0632551 1431
0 0.931692 0.727031 0.00835333 0.0200233 1526
0 0.355229 0.989405 0.0147568 0.0211809 1531
0 0.391047 0.831788 0.0179444 0.084442 1324
0 0.555012 0.818569 0.00913191 0.0475232 6
0 0.64348 0.810066 0.00686941 0.0336311 1495
0 0.740916 0.783808 0.00673079 0.0472605 1102
