0 0.45323 0.834033 0.0131331 0.0668072 1
0 0.149512 0.886323 0.0136078 0.0572216 2
0 0.48102 0.831547 0.0134594 0.0633698 3
0 0.953894 0.848453 0.0217077 0.0378426 4
0 0.699937 0.793599 0.00954637 0.0443251 6
0 0.769059 0.778766 0.00874486 0.046715 11
0 0.830205 0.834611 0.0171708 0.0339469 12
0 0.855389 0.831291 0.0161551 0.033953 16
0 0.895316 0.975588 0.0657767 0.0458126 20
0 0.718315 0.8307 0.0124205 0.0307845 23
37 0.198537 0.915745 0.0456391 0.0318765 34
0 0.993281 0.735387 0.010703 0.0465199 17
0 0.355266 0.989056 0.0139414 0.0218886 146
0 0.684504 0.797775 0.00994773 0.0420002 116
0 0.800982 0.776703 0.00814953 0.0417718 123
0 0.791267 0.776315 0.00973134 0.0478688 15
0 0.116896 0.983611 0.0339704 0.0268521 212
0 0.423694 0.895019 0.0167532 0.081534 21
0 0.95511 0.742348 0.00837164 0.0438996 232
0 0.757643 0.782246 0.0112569 0.0455048 277
0 0.9355 0.727404 0.00622616 0.0221831 291
0 0.5081 0.807496 0.00959067 0.0357636 260
0 0.974063 0.74114 0.00911722 0.0304236 300
0 0.843897 0.765321 0.00680485 0.0453254 228
0 0.92008 0.750002 0.0123339 0.0481728 7
