0 0.453346 0.834642 0.011851 0.0646823 1
0 0.83125 0.835139 0.0169296 0.0322684 12
0 0.853034 0.835379 0.0224957 0.0259327 16
0 0.718562 0.830356 0.0134526 0.0311724 23
0 0.842881 0.765778 0.00853529 0.0447313 495
0 0.114385 0.982835 0.032539 0.0257474 538
0 0.796574 0.774841 0.0082181 0.0484839 953
0 0.475312 0.85727 0.0176197 0.0235293 3
0 0.526137 0.817056 0.0116484 0.0568647 762
0 0.483709 0.827978 0.0129125 0.0545339 1167
37 0.194377 0.915417 0.0367928 0.0296436 34
0 0.732953 0.786251 0.00921135 0.0456016 1140
0 0.904719 0.972548 0.0371491 0.0388978 1364
0 0.688893 0.79582 0.0101519 0.0468418 1391
0 0.616506 0.809047 0.00976801 0.0488313 1307
0 0.883904 0.980221 0.0454247 0.0379015 1411
0 0.956458 0.84845 0.0163464 0.0362294 4
37 0.0221324 0.938499 0.0442185 0.0281175 1123
0 0.702958 0.793201 0.0106095 0.0458255 1465
0 0.218625 0.899819 0.0151245 0.0703236 1503
0 0.355817 0.847809 0.013088 0.0629075 1431
0 0.929118 0.728482 0.00710402 0.0254522 1526
0 0.35542 0.989351 0.0139504 0.0212953 1531
0 0.554981 0.817351 0.0103775 0.0486972 6
0 0.631302 0.812784 0.00644445 0.0353341 1495
0 0.743188 0.783226 0.0080955 0.0492661 1102
0 0.91663 0.753256 0.00794163 0.0395273 1376
0 0.957316 0.735334 0.00684881 0.0249635 1609
0 0.391169 0.824997 0.0176693 0.0718523 1324
