0 0.453157 0.833849 0.0123861 0.0679563 1
0 0.205442 0.874492 0.0165847 0.0534702 2
0 0.481876 0.830454 0.0150204 0.064048 3
0 0.953427 0.848874 0.0223956 0.0425423 4
0 0.867072 0.762304 0.00889921 0.0439548 5
0 0.698047 0.794614 0.0092217 0.0475483 6
0 0.777418 0.778901 0.0100441 0.0458093 11
0 0.8304 0.83456 0.0182347 0.0328614 12
0 0.515523 0.778661 0.00785675 0.024285 13
0 0.85521 0.830799 0.0165916 0.0336129 16
0 0.883472 0.980135 0.044868 0.0376097 20
0 0.424537 0.910105 0.018618 0.0491482 21
0 0.717072 0.830255 0.0142761 0.031351 23
0 0.00849218 0.747859 0.0103844 0.0175146 25
8 0.199098 0.915714 0.0454919 0.0313378 34
0 0.843583 0.765475 0.00748854 0.0460385 102
0 0.979796 0.736551 0.0109685 0.0410208 17
0 0.354937 0.989207 0.0149024 0.0215843 146
0 0.941259 0.744965 0.00865631 0.0457859 7
0 0.677556 0.792011 0.00842433 0.0367194 116
0 0.908728 0.74441 0.00834808 0.0264993 170
0 0.812558 0.774096 0.00932465 0.0423619 123
0 0.765542 0.696741 0.00765934 0.0180649 149
0 0.787197 0.776906 0.0111916 0.0475135 15
0 0.115145 0.983472 0.0312773 0.0210211 212
0 0.888162 0.766723 0.00741882 0.0291805 220
