0 0.45236 0.833577 0.012889 0.067781 1
0 0.479232 0.858813 0.0350575 0.0207521 3
0 0.953518 0.84992 0.0222418 0.0421394 4
0 0.830645 0.834955 0.0175127 0.0328849 12
0 0.856352 0.830598 0.0139607 0.0332796 16
0 0.893878 0.975634 0.0670106 0.0467113 20
0 0.717884 0.830242 0.0137102 0.0316707 23
0 0.432838 0.914367 0.0266156 0.0378233 21
0 0.565118 0.813544 0.0115841 0.0509405 260
8 0.198419 0.916297 0.0449077 0.0315285 34
0 0.702756 0.793008 0.00984063 0.0455332 277
0 0.907015 0.972414 0.0433388 0.0418242 367
0 0.843586 0.765979 0.00726547 0.0477367 495
0 0.753958 0.78161 0.00754018 0.0488891 11
0 0.115125 0.981139 0.0312551 0.0230637 538
0 0.736532 0.786682 0.00798659 0.0446901 572
0 0.795561 0.775233 0.0107961 0.0506088 228
0 0.972025 0.763408 0.0132647 0.0250506 649
37 0.0220549 0.938632 0.0441098 0.0281247 311
0 0.812555 0.771685 0.0106579 0.0516342 762
0 0.00662569 0.748805 0.0072498 0.0181035 523
0 0.853926 0.831542 0.0201362 0.0343966 865
0 0.685145 0.796376 0.00993719 0.0442706 6
0 0.275698 0.729978 0.00587034 0.0173956 873
0 0.770728 0.780005 0.00848098 0.0426014 683
0 0.287825 0.724363 0.00808342 0.017442 879
0 0.938786 0.728068 0.00669689 0.0214084 821
0 0.693882 0.794772 0.00918989 0.0416904 882
0 0.785186 0.784834 0.00595832 0.0308333 890
0 0.0640794 0.741904 0.0075461 0.0265602 733
