0 0.451939 0.834089 0.0126901 0.0669474 1
0 0.953727 0.849854 0.0226595 0.0410361 4
0 0.830872 0.834714 0.0176889 0.0334896 12
0 0.856242 0.82952 0.0140123 0.0332791 16
0 0.718557 0.830568 0.0140314 0.0311442 23
0 0.431805 0.914137 0.0278095 0.0371141 21
0 0.514994 0.821916 0.0123556 0.0554242 260
37 0.1976 0.915742 0.0448897 0.031541 34
0 0.842719 0.767077 0.00928764 0.0463699 495
0 0.11597 0.982904 0.0360087 0.0273181 538
0 0.691226 0.794988 0.00892849 0.0457169 572
0 0.581957 0.814911 0.0119524 0.0513636 6
0 0.938902 0.727414 0.00738306 0.0200896 821
0 0.796589 0.774719 0.00763826 0.0474305 953
0 0.974103 0.761726 0.0175377 0.0284899 649
0 0.474662 0.856788 0.0177444 0.0250021 3
0 0.7465 0.78218 0.00838838 0.0490603 1102
0 0.355352 0.98919 0.0139893 0.0216198 1114
37 0.0221377 0.938011 0.0441889 0.0295467 1123
0 0.723186 0.787982 0.00839248 0.0475574 1140
0 0.705418 0.790194 0.0112241 0.0497438 762
0 0.00571602 0.979481 0.0113514 0.0183299 1150
0 0.0116605 0.749742 0.00904958 0.0200662 1151
0 0.382739 0.77513 0.00571825 0.0152692 1152
0 0.287507 0.717988 0.00746851 0.0137945 1159
0 0.675844 0.789074 0.0107925 0.0407013 1167
0 0.840644 0.697635 0.00510378 0.0182907 1201
0 0.712391 0.791145 0.00824919 0.0441135 1033
0 0.315361 0.711731 0.00673501 0.0139457 1103
