0 0.453023 0.833837 0.0130004 0.0673228 1
0 0.270505 0.865553 0.0137791 0.0554366 2
0 0.478802 0.827728 0.0157727 0.057948 3
0 0.953391 0.848327 0.0223126 0.0421037 4
0 0.876336 0.76077 0.00835171 0.0460008 5
0 0.698369 0.796441 0.00910902 0.0480307 6
0 0.961899 0.743659 0.00891552 0.0457039 7
0 0.515077 0.780894 0.00701165 0.0201161 9
0 0.775692 0.777259 0.00942721 0.046636 11
0 0.830769 0.834268 0.015482 0.0326974 12
0 0.528415 0.778761 0.00761623 0.026086 13
0 0.68542 0.787286 0.0102291 0.0230332 14
0 0.795652 0.775717 0.00896206 0.0477152 15
0 0.856617 0.828119 0.0125572 0.0360439 16
0 0.956613 0.747215 0.00826445 0.0433918 17
0 0.901489 0.74087 0.00652418 0.0269858 18
0 0.894124 0.976047 0.0663716 0.0464296 20
0 0.421966 0.911273 0.0175225 0.0485085 21
0 0.475467 0.798256 0.0103789 0.0332575 22
0 0.718418 0.830515 0.0143867 0.0318069 23
0 0.00832599 0.745979 0.00745365 0.0184969 25
37 0.198175 0.916062 0.0461578 0.0319622 34
0 0.971595 0.76303 0.0134986 0.0273586 64
0 0.789477 0.775361 0.00833459 0.0465089 8
0 0.831264 0.76908 0.0093749 0.0355453 61
0 0.994569 0.735472 0.00814228 0.0476684 91
0 0.975518 0.66535 0.00920496 0.0416181 95
0 0.843698 0.764786 0.00800304 0.0408077 102
0 0.849247 0.762483 0.0071702 0.0357462 10
