0 0.45303 0.834068 0.0129138 0.0672427 1
0 0.233594 0.870352 0.0140561 0.0540991 2
0 0.479758 0.828258 0.012236 0.0602781 3
0 0.95359 0.848707 0.0224237 0.0428657 4
0 0.871793 0.763254 0.00974789 0.0401691 5
0 0.698275 0.795236 0.00934944 0.0441187 6
0 0.775938 0.777013 0.00763602 0.0502709 11
0 0.828705 0.833931 0.0191212 0.0321841 12
0 0.521016 0.77773 0.0101476 0.0259062 13
0 0.793876 0.779209 0.0109233 0.0422638 15
0 0.854961 0.83045 0.0192986 0.0358249 16
0 0.883583 0.980213 0.0454077 0.0382847 20
0 0.422117 0.909501 0.0192245 0.0509311 21
0 0.717272 0.830431 0.0137222 0.0323436 23
0 0.00986967 0.7432 0.00931747 0.0188975 25
37 0.198749 0.915393 0.0458861 0.033269 34
0 0.787481 0.776163 0.00779758 0.0467892 8
0 0.821494 0.77126 0.00851965 0.0409238 61
0 0.980524 0.738357 0.00805721 0.045556 91
0 0.843397 0.764644 0.00791368 0.0445859 102
0 0.970335 0.738392 0.010896 0.0376263 17
0 0.811622 0.770594 0.00813475 0.0417141 123
0 0.933459 0.730967 0.00846949 0.0264207 127
0 0.854416 0.764081 0.00827856 0.0416655 10
0 0.354375 0.98907 0.0146188 0.0218547 146
0 0.765033 0.696073 0.00566278 0.0129078 149
0 0.949437 0.744447 0.0101309 0.0458386 7
0 0.678636 0.7928 0.0099565 0.0389943 116
