0 0.453094 0.833536 0.0124697 0.0683525 1
0 0.466794 0.851629 0.0166393 0.0391397 3
0 0.953767 0.84881 0.0219049 0.0397633 4
0 0.695584 0.792914 0.0103745 0.0481414 6
0 0.830698 0.834648 0.0176597 0.0335874 12
0 0.854638 0.831925 0.0180879 0.0350917 16
0 0.891572 0.976218 0.060261 0.0461772 20
0 0.718127 0.830031 0.0137706 0.0326239 23
0 0.796734 0.775302 0.00800676 0.0494057 123
0 0.433297 0.91468 0.0251091 0.0373741 21
0 0.540198 0.818155 0.0106387 0.0524043 260
37 0.198097 0.915945 0.0459609 0.0319365 34
0 0.739595 0.787929 0.00942044 0.0440236 277
0 0.903889 0.973099 0.0357346 0.0399592 367
0 0.842923 0.765516 0.00850019 0.0471804 7
0 0.0716633 0.739548 0.00699877 0.0238875 451
0 0.869931 0.761532 0.0108163 0.0503107 495
0 0.706544 0.790697 0.00898309 0.0493034 500
0 0.0104016 0.745854 0.00757105 0.017816 523
0 0.755765 0.781554 0.00774841 0.049209 11
0 0.803092 0.776014 0.00860715 0.0445553 417
0 0.114573 0.98114 0.0298575 0.023996 538
0 0.817982 0.780414 0.00714483 0.0312148 493
0 0.976402 0.738706 0.0100332 0.0381506 447
0 0.319575 0.708841 0.00616176 0.0180252 570
0 0.746209 0.783353 0.00821033 0.0461261 572
0 0.836655 0.767231 0.00943813 0.0483521 228
0 0.788935 0.698369 0.00697956 0.0145459 581
0 0.342824 0.754317 0.00719402 0.0188042 411
