0 0.45279 0.834717 0.011254 0.0657156 1
0 0.83114 0.835265 0.0188368 0.0327059 12
0 0.856314 0.82997 0.014262 0.0329947 16
0 0.718416 0.830172 0.0140993 0.0317039 23
0 0.458836 0.829151 0.00854759 0.0584631 260
0 0.842959 0.76689 0.00850115 0.0477929 495
0 0.114357 0.98332 0.0332167 0.0274344 538
0 0.554936 0.81871 0.0103936 0.0508722 6
0 0.796472 0.776183 0.00852952 0.0487599 953
0 0.475098 0.858383 0.0190555 0.0217786 3
0 0.726952 0.787362 0.0102178 0.0484516 1102
0 0.354969 0.989185 0.0149832 0.0216298 1114
37 0.0220552 0.938632 0.0441104 0.0312119 1123
0 0.640983 0.799376 0.0102614 0.0575185 762
0 0.00592218 0.977935 0.0117958 0.020586 1150
0 0.0169818 0.752853 0.00805867 0.0175173 1151
0 0.596288 0.808861 0.0090641 0.0571067 1167
0 0.894605 0.97524 0.0665702 0.0465778 1267
37 0.198192 0.916548 0.0451673 0.0311005 34
0 0.702506 0.793042 0.0114726 0.0465045 1140
0 0.97391 0.762581 0.0197998 0.0274829 1353
0 0.907285 0.972902 0.0446855 0.0422407 1364
0 0.959185 0.748877 0.00698843 0.0359868 1376
0 0.953509 0.849499 0.0225626 0.0379329 1380
0 0.390922 0.818385 0.0181577 0.0581876 1324
0 0.938181 0.726946 0.0071187 0.019333 821
0 0.68819 0.794779 0.00907426 0.0458806 1391
0 0.433283 0.896227 0.0188578 0.0836769 1403
0 0.48412 0.858492 0.0369981 0.02249 1405
0 0.361299 0.774498 0.00803642 0.0137431 1406
0 0.676886 0.791153 0.00754781 0.0357674 1307
0 0.883735 0.979433 0.0455192 0.0395727 1411
0 0.0603935 0.743905 0.00540971 0.0225071 1413
0 0.957008 0.848653 0.015674 0.0362927 4
