0 0.452996 0.834399 0.0129358 0.066649 1
0 0.831178 0.835084 0.0169753 0.0325522 12
0 0.85483 0.832607 0.0174005 0.0295089 16
0 0.717938 0.830422 0.0134573 0.0311001 23
0 0.843191 0.763725 0.00822086 0.0390564 495
0 0.116098 0.982852 0.0362462 0.0278801 538
0 0.796547 0.775805 0.00868845 0.0509722 953
0 0.475585 0.857623 0.0191127 0.0232354 3
0 0.731085 0.785456 0.00936489 0.0499177 1102
0 0.580966 0.811325 0.0133974 0.0602141 762
0 0.540243 0.819681 0.0125149 0.0529934 1167
0 0.894092 0.975847 0.0650087 0.0445402 1267
37 0.198301 0.91633 0.0447042 0.0306881 34
0 0.71902 0.787495 0.0106225 0.0486663 1140
0 0.971689 0.763269 0.0137902 0.026005 1353
0 0.906454 0.973477 0.0400055 0.0397634 1364
0 0.689444 0.795833 0.0110533 0.0466772 1391
0 0.647847 0.802901 0.0109231 0.0496708 1307
0 0.884232 0.980902 0.045707 0.0351943 1411
0 0.396877 0.84458 0.0115081 0.0580644 1431
0 0.957044 0.84793 0.0152695 0.0360373 4
0 0.484269 0.857623 0.0369916 0.023685 1405
37 0.0221725 0.938795 0.044345 0.0298917 1123
0 0.701396 0.795298 0.0113066 0.0501652 1465
0 0.321928 0.901003 0.018333 0.0802127 1473
0 0.554769 0.817015 0.00955787 0.0464006 6
0 0.39095 0.818152 0.0180172 0.0572898 1324
0 0.930306 0.747607 0.00934753 0.0512894 1376
0 0.988894 0.733334 0.00646286 0.0296338 1490
0 0.665016 0.80672 0.00985322 0.0348 1495
0 0.943287 0.850431 0.0169629 0.0383256 1472
