0 0.452963 0.833808 0.0128584 0.0673665 1
0 0.253603 0.867871 0.0156396 0.0578267 2
0 0.478705 0.828852 0.0120043 0.0586633 3
0 0.953714 0.848743 0.0220715 0.0427743 4
0 0.873606 0.762048 0.00824976 0.0411563 5
0 0.698056 0.793802 0.00843415 0.0483897 6
0 0.509862 0.781702 0.0066946 0.0232343 9
0 0.775556 0.776044 0.00665789 0.0502636 11
0 0.830709 0.834707 0.0160244 0.0316632 12
0 0.524555 0.778139 0.00783095 0.0254564 13
0 0.795173 0.775916 0.00865474 0.0480343 15
0 0.856521 0.829338 0.016678 0.0368006 16
0 0.883316 0.980199 0.0449327 0.0381949 20
0 0.423399 0.909897 0.0190461 0.0500214 21
0 0.717217 0.8307 0.01311 0.0317171 23
0 0.0089885 0.743819 0.00766225 0.0191649 25
37 0.198342 0.915948 0.0462839 0.0325884 34
0 0.788857 0.774794 0.00855508 0.0471031 8
0 0.827582 0.769768 0.00911188 0.0381114 61
0 0.988395 0.737674 0.00877142 0.0467641 91
0 0.843499 0.7639 0.00760012 0.044266 102
0 0.782827 0.693754 0.00665727 0.0132657 110
0 0.946423 0.741521 0.00713654 0.0298567 76
0 0.683595 0.794981 0.0110366 0.0433668 116
0 0.961635 0.743734 0.0133395 0.0454088 17
0 0.480086 0.794863 0.0101675 0.026573 22
0 0.807723 0.771751 0.00728436 0.0390564 123
0 0.930793 0.731511 0.00847378 0.0296961 127
