0 0.453138 0.833691 0.0126555 0.0682972 1
0 0.478548 0.853325 0.0178025 0.0312004 3
0 0.953485 0.849876 0.0221744 0.0420841 4
0 0.695892 0.795187 0.00827403 0.0423164 6
0 0.830654 0.835007 0.0176799 0.0329549 12
0 0.856441 0.830856 0.0144641 0.0339158 16
0 0.894491 0.975447 0.0676152 0.0474317 20
0 0.717424 0.830508 0.0126651 0.0309875 23
0 0.434209 0.91437 0.0233563 0.037254 21
0 0.561869 0.81313 0.00970049 0.0438629 260
8 0.198638 0.915695 0.0440179 0.0323902 34
0 0.702354 0.793777 0.00942454 0.0437953 277
0 0.906326 0.972339 0.0449247 0.0412442 367
0 0.843639 0.764989 0.00702515 0.0487745 495
0 0.755356 0.78135 0.00804677 0.0488335 11
0 0.115109 0.98096 0.0308111 0.0225301 538
0 0.736813 0.785103 0.00836306 0.0485731 572
0 0.808926 0.7717 0.010091 0.0494948 228
0 0.972154 0.764027 0.0145092 0.024914 649
0 0.796699 0.7753 0.00850287 0.0480676 417
0 0.778007 0.778486 0.00994492 0.0441929 683
37 0.0222131 0.93856 0.0444012 0.0280174 311
0 0.826494 0.768271 0.00948563 0.0526572 762
0 0.797221 0.69799 0.00546236 0.0143568 795
0 0.940537 0.727596 0.00689201 0.0199059 821
0 0.410465 0.760907 0.00475736 0.00831519 837
0 0.421685 0.781298 0.00752354 0.0204945 758
