0 0.452989 0.834082 0.0126823 0.067463 1
0 0.179651 0.876407 0.01705 0.0514979 2
0 0.482172 0.831856 0.0156947 0.0655199 3
0 0.953671 0.849278 0.0218795 0.0410444 4
0 0.85915 0.764617 0.00811968 0.0431771 5
0 0.697143 0.793203 0.00900583 0.0493383 6
0 0.773107 0.779158 0.0107592 0.0474592 11
0 0.830367 0.834479 0.0180766 0.0329934 12
0 0.5105 0.777624 0.00784168 0.0208054 13
0 0.855691 0.830997 0.015846 0.0331507 16
0 0.883419 0.98051 0.0451187 0.036962 20
0 0.717325 0.830413 0.0148726 0.0311343 23
0 0.00869882 0.749832 0.00781202 0.0177135 25
8 0.198389 0.91587 0.0466803 0.0314838 34
0 0.842932 0.766331 0.00935469 0.046057 102
0 0.986309 0.736069 0.0103837 0.0436827 17
0 0.354925 0.989211 0.0148901 0.0215769 146
0 0.932757 0.750092 0.00876808 0.0420511 7
0 0.680903 0.79158 0.0110224 0.0377942 116
0 0.910759 0.742059 0.00791063 0.019386 170
0 0.808845 0.775085 0.00839834 0.0441618 123
0 0.765257 0.697389 0.00598316 0.0171526 149
0 0.787958 0.776559 0.0107728 0.0473505 15
0 0.115361 0.984355 0.0309863 0.0226683 212
0 0.83403 0.769424 0.00884867 0.0406038 228
0 0.784258 0.697976 0.00643096 0.0186998 245
0 0.487037 0.767531 0.0073904 0.0232483 257
0 0.498736 0.809257 0.0106465 0.0366347 260
0 0.425645 0.915702 0.0219209 0.0382322 21
