0 0.45218 0.834109 0.0111387 0.0657124 1
0 0.956858 0.848502 0.0162196 0.0361633 4
0 0.831178 0.835297 0.0188582 0.0326632 12
0 0.856487 0.829917 0.0136575 0.0327296 16
0 0.718394 0.830164 0.0140868 0.0317768 23
0 0.441737 0.894005 0.0167435 0.079966 21
0 0.464689 0.828292 0.0129241 0.0574471 260
0 0.842868 0.767201 0.00855932 0.0466827 495
0 0.114336 0.9833 0.0331409 0.0274443 538
0 0.554778 0.818962 0.0106694 0.0501897 6
0 0.796352 0.775863 0.00813189 0.0487031 953
0 0.475311 0.856817 0.0192889 0.0244842 3
0 0.728586 0.78531 0.00822215 0.0520663 1102
0 0.354977 0.989192 0.0149385 0.0216166 1114
37 0.0220911 0.938455 0.0441821 0.0318353 1123
0 0.649051 0.798091 0.0120777 0.0586415 762
0 0.00586674 0.97765 0.0116851 0.0216454 1150
0 0.0179788 0.753109 0.010994 0.0205113 1151
0 0.606073 0.807096 0.0113672 0.0561099 1167
0 0.894174 0.975353 0.0658429 0.0467535 1267
0 0.681369 0.790664 0.00780845 0.0363591 1307
37 0.198135 0.916217 0.0451768 0.0308918 34
0 0.701165 0.793736 0.0116953 0.0461605 1140
0 0.974109 0.762491 0.0191138 0.0275878 1353
0 0.675046 0.815516 0.0151839 0.0192173 1359
0 0.906834 0.972781 0.0434017 0.0417648 1364
0 0.96288 0.748564 0.00719662 0.0348733 1376
0 0.951362 0.849785 0.0270331 0.0388192 1380
0 0.391018 0.816774 0.0181865 0.0554157 1324
0 0.0634831 0.740642 0.00996845 0.0222841 1279
0 0.937324 0.724589 0.00675907 0.0165747 821
0 0.688552 0.794713 0.00874972 0.0466655 1391
