0 0.452518 0.833488 0.012537 0.0685527 1
0 0.470583 0.854564 0.014805 0.0317891 3
0 0.953796 0.848979 0.0219666 0.0400068 4
0 0.694631 0.79502 0.00925641 0.0447735 6
0 0.830658 0.834659 0.017626 0.0335541 12
0 0.852837 0.832387 0.021856 0.0344166 16
0 0.891846 0.976115 0.06139 0.0459195 20
0 0.718172 0.830351 0.013469 0.0317318 23
0 0.433355 0.914504 0.0248672 0.0369655 21
0 0.548088 0.812818 0.0122972 0.0502467 260
37 0.198891 0.916397 0.0469855 0.0317673 34
0 0.728606 0.788761 0.0085969 0.0429045 277
0 0.904227 0.973029 0.0389998 0.0400644 367
0 0.842722 0.766068 0.00911179 0.046655 7
0 0.0706618 0.742553 0.0102243 0.0192441 451
0 0.855864 0.763658 0.0113316 0.0539744 495
0 0.70443 0.791805 0.0102886 0.0479838 500
0 0.00909684 0.750396 0.0108917 0.0187801 523
0 0.755361 0.781036 0.0079175 0.0488707 11
0 0.114871 0.981345 0.0301307 0.0240013 538
0 0.817497 0.77948 0.00575438 0.0282225 493
0 0.74269 0.784831 0.00858974 0.046151 572
0 0.82536 0.768823 0.0103712 0.0464573 228
0 0.351944 0.756481 0.00679588 0.0201474 411
0 0.712516 0.831029 0.0260564 0.032312 616
0 0.791076 0.70208 0.00523744 0.0200854 581
37 0.0220793 0.938374 0.0441364 0.0286377 311
0 0.797004 0.776117 0.00927782 0.0497343 623
0 0.00561922 0.977045 0.0111853 0.0240165 627
0 0.319826 0.711973 0.00611777 0.0168724 570
0 0.935525 0.726988 0.00716887 0.0219758 639
0 0.273527 0.725658 0.00585959 0.0157568 475
