0 0.452883 0.833318 0.0128337 0.067603 1
0 0.480307 0.857091 0.0292375 0.024579 3
0 0.953512 0.849838 0.0221406 0.0422984 4
0 0.83067 0.834994 0.0174503 0.0329221 12
0 0.856313 0.83113 0.0144308 0.0339807 16
0 0.893853 0.975606 0.0667323 0.0469068 20
0 0.717553 0.830408 0.0125674 0.0310269 23
0 0.434055 0.914342 0.0237179 0.0375025 21
0 0.565289 0.811085 0.0136337 0.047202 260
37 0.198254 0.916169 0.0443807 0.0314945 34
0 0.702864 0.793971 0.00899787 0.043354 277
0 0.906264 0.972322 0.0433432 0.0410847 367
0 0.843679 0.765685 0.00711575 0.048472 495
0 0.755371 0.784221 0.0077559 0.0437705 11
0 0.115234 0.980936 0.0307155 0.0226747 538
0 0.736807 0.786137 0.00829678 0.0460798 572
0 0.802411 0.773739 0.00766139 0.0491292 228
0 0.971977 0.763246 0.0137961 0.0256744 649
0 0.79618 0.774921 0.00775104 0.0494019 417
0 0.774788 0.778958 0.00916834 0.0419549 683
37 0.0221927 0.938654 0.0443173 0.0283746 311
0 0.820226 0.770974 0.0111593 0.0506671 762
0 0.79719 0.69678 0.00516882 0.0161108 795
0 0.410089 0.762655 0.00471597 0.00896437 837
0 0.00445906 0.749507 0.0086483 0.0163589 523
0 0.853084 0.831559 0.0217181 0.0344525 865
