0 0.453217 0.833576 0.0118602 0.0678445 1
0 0.298255 0.861739 0.0146736 0.0572176 2
0 0.484819 0.827735 0.015424 0.0571521 3
0 0.953429 0.848315 0.022215 0.0420302 4
0 0.880985 0.759449 0.00749025 0.041765 5
0 0.69756 0.794178 0.00917578 0.0491498 6
0 0.973271 0.735154 0.00816851 0.0363846 7
0 0.787845 0.777186 0.0102104 0.0473903 8
0 0.524575 0.780238 0.0108614 0.01984 9
0 0.842062 0.767018 0.0104406 0.0494234 10
0 0.769588 0.779871 0.00967064 0.047283 11
0 0.830852 0.834092 0.0152803 0.033341 12
0 0.537542 0.776724 0.00904517 0.0270978 13
0 0.684834 0.794381 0.011062 0.0416984 14
0 0.796778 0.775379 0.00957913 0.0484328 15
0 0.856333 0.827894 0.0129443 0.0355461 16
0 0.941848 0.748582 0.0101812 0.0469994 17
0 0.894329 0.737707 0.0068532 0.0272084 18
0 0.893799 0.975936 0.0654564 0.0464402 20
0 0.423762 0.914305 0.0183851 0.0418109 21
0 0.468262 0.798526 0.00760531 0.0308807 22
0 0.718548 0.829944 0.013633 0.0322628 23
0 0.00976287 0.750966 0.00872233 0.0175001 25
37 0.198138 0.916441 0.0462768 0.0309279 34
0 0.81598 0.773825 0.0102235 0.0427872 36
