0 0.451646 0.834104 0.0135837 0.0658525 1
0 0.830877 0.834845 0.017845 0.0335966 12
0 0.855921 0.830252 0.0153574 0.0339797 16
0 0.717888 0.829933 0.0136148 0.031717 23
0 0.843303 0.767622 0.00781012 0.0462763 495
0 0.114622 0.983746 0.0322313 0.0264753 538
0 0.555272 0.819224 0.010183 0.0512001 6
0 0.796369 0.775725 0.00876517 0.0493262 953
0 0.475193 0.856036 0.0189539 0.0270172 3
0 0.722373 0.786914 0.0122079 0.0490776 1102
0 0.354982 0.989339 0.013697 0.0213037 1114
37 0.0225454 0.938755 0.0450908 0.0300768 1123
0 0.612168 0.804019 0.0109272 0.0576343 762
0 0.0103599 0.751852 0.0100397 0.0165787 1151
0 0.572314 0.812308 0.0125867 0.054874 1167
0 0.894115 0.975382 0.0629822 0.0450225 1267
37 0.198114 0.915487 0.0450971 0.031872 34
0 0.702129 0.791631 0.0106534 0.0482342 1140
0 0.974801 0.762594 0.0182558 0.0265928 1353
0 0.905556 0.97312 0.0414782 0.039704 1364
0 0.935691 0.72805 0.00817976 0.0273128 821
0 0.688552 0.794371 0.0112386 0.0454561 1391
0 0.664262 0.799769 0.00827227 0.0494361 1307
0 0.883615 0.98459 0.044661 0.0282739 1411
0 0.380056 0.894352 0.0148585 0.0747983 1403
0 0.945394 0.747146 0.00852013 0.0398652 1376
0 0.430354 0.834274 0.0118948 0.0600379 1431
0 0.955972 0.849128 0.0184392 0.0370415 4
0 0.39126 0.819009 0.0179814 0.0596217 1324
