0 0.453219 0.833502 0.0124856 0.0683608 1
0 0.469208 0.852197 0.0139723 0.0353182 3
0 0.953752 0.848947 0.0220004 0.0400774 4
0 0.695663 0.793428 0.0102303 0.0473908 6
0 0.830667 0.834621 0.0176292 0.0336241 12
0 0.852513 0.832134 0.0226591 0.0353071 16
0 0.89191 0.975923 0.0615064 0.0459495 20
0 0.718249 0.829893 0.0141131 0.0328923 23
0 0.796707 0.776234 0.00749702 0.0505706 123
0 0.433457 0.914808 0.0249571 0.0370421 21
0 0.542637 0.817951 0.0108447 0.0511479 260
37 0.198616 0.916153 0.0468831 0.0320269 34
0 0.736664 0.788061 0.00979047 0.0422161 277
0 0.903675 0.973004 0.038028 0.0401053 367
0 0.843253 0.765775 0.00756397 0.0466275 7
0 0.0722474 0.736409 0.00670313 0.0183042 451
0 0.865719 0.760364 0.0100013 0.0522542 495
0 0.706765 0.791498 0.0114704 0.0482059 500
0 0.00915522 0.746601 0.00971123 0.0186449 523
0 0.755405 0.781287 0.0081542 0.0493039 11
0 0.802292 0.775416 0.0082046 0.0453898 417
0 0.114734 0.98096 0.0298981 0.0233921 538
0 0.81754 0.780323 0.00587931 0.0309064 493
0 0.319824 0.708671 0.006056 0.0179005 570
0 0.744606 0.78445 0.00891151 0.0474353 572
0 0.833862 0.766647 0.0102697 0.049469 228
0 0.272326 0.73124 0.00619638 0.0158353 475
0 0.93579 0.723346 0.00586224 0.0198569 598
0 0.790303 0.698543 0.00576959 0.0171755 581
