0 0.452075 0.834622 0.0123119 0.0662822 1
0 0.953736 0.849766 0.0218143 0.0426573 4
0 0.830773 0.83469 0.0174025 0.0334902 12
0 0.856923 0.829143 0.0133347 0.0334198 16
0 0.883485 0.982783 0.0440606 0.0332108 20
0 0.718008 0.830771 0.012501 0.0304994 23
0 0.433771 0.914269 0.0243418 0.0373876 21
0 0.531531 0.820407 0.0136003 0.0504347 260
37 0.198148 0.915906 0.0454113 0.0312934 34
0 0.842619 0.766483 0.00854092 0.0447567 495
0 0.114775 0.982449 0.0320125 0.0266066 538
0 0.698482 0.790495 0.0102393 0.050189 572
0 0.727413 0.784712 0.00894284 0.0522268 762
0 0.599249 0.81117 0.010667 0.045804 6
0 0.939658 0.728753 0.00721416 0.02118 821
0 0.691967 0.796679 0.00874057 0.0456546 882
0 0.797111 0.775827 0.00731444 0.0470229 953
0 0.974221 0.762607 0.018257 0.027076 649
0 0.67644 0.815245 0.0164958 0.0188635 971
0 0.00765585 0.747057 0.00907476 0.0163592 523
0 0.475975 0.854224 0.0160666 0.0300025 3
0 0.720344 0.788589 0.00780959 0.0441209 1033
0 0.746651 0.782615 0.00764413 0.0452131 1102
0 0.312637 0.708859 0.00745978 0.0153865 1103
0 0.354469 0.989183 0.0149449 0.0216209 1114
0 0.286179 0.725674 0.00725558 0.0159999 1121
37 0.0221741 0.938366 0.0443481 0.0301028 1123
0 0.269316 0.734573 0.00724964 0.0179472 1117
