0 0.452403 0.834195 0.0127245 0.0662974 1
0 0.953569 0.850824 0.0218291 0.0408401 4
0 0.830807 0.834813 0.0175787 0.0330191 12
0 0.854755 0.829652 0.0168623 0.0342061 16
0 0.718417 0.830418 0.0141104 0.0311927 23
0 0.433873 0.914428 0.0243989 0.0362746 21
0 0.500639 0.824115 0.0112256 0.056504 260
8 0.19853 0.915472 0.0446997 0.0315843 34
0 0.842361 0.76662 0.00862951 0.0454096 495
0 0.114618 0.982404 0.0334722 0.0275419 538
0 0.566952 0.816355 0.0110666 0.0487245 6
0 0.939933 0.726451 0.00740728 0.0194622 821
0 0.796241 0.776472 0.00878148 0.0478023 953
0 0.475455 0.85827 0.0182364 0.0213229 3
0 0.745745 0.783197 0.00702305 0.0482936 1102
0 0.354967 0.989119 0.0151833 0.0217613 1114
37 0.0221008 0.937896 0.0442015 0.0284482 1123
0 0.71263 0.788711 0.00885806 0.0494464 1140
0 0.686778 0.792016 0.0100327 0.0519191 762
0 0.00557049 0.979279 0.0111006 0.0177853 1150
0 0.0148396 0.748559 0.0106721 0.016333 1151
0 0.653685 0.798168 0.0107154 0.0541024 1167
0 0.704824 0.791451 0.0106761 0.0460264 1033
0 0.314504 0.714141 0.00563831 0.0176673 1103
0 0.701674 0.792669 0.00831714 0.0443866 1265
0 0.890411 0.975459 0.0584735 0.0466611 1267
0 0.981262 0.741101 0.00870552 0.0375115 1233
0 0.0650062 0.733638 0.00819188 0.0217084 1279
0 0.973762 0.762782 0.0174945 0.0275748 649
0 0.290826 0.722062 0.00720308 0.0174358 1281
0 0.271765 0.723857 0.00735648 0.0165767 1283
0 0.691514 0.796526 0.0086102 0.0428084 572
0 0.844913 0.698067 0.00590525 0.0197689 1292
