0 0.452776 0.8348 0.0125084 0.067167 1
0 0.831265 0.835012 0.0167546 0.0323583 12
0 0.853752 0.834298 0.0203792 0.0280909 16
0 0.718474 0.829952 0.0143247 0.031784 23
0 0.842676 0.764897 0.00864286 0.0404082 495
0 0.11447 0.982471 0.0313089 0.0237348 538
0 0.797307 0.775102 0.00935864 0.050172 953
0 0.475811 0.857256 0.0176797 0.0236655 3
0 0.548222 0.814334 0.00983825 0.0561137 762
0 0.506502 0.822772 0.0129656 0.0572562 1167
0 0.89088 0.976949 0.0599559 0.0441438 1267
37 0.19859 0.916243 0.0438604 0.0308719 34
0 0.731512 0.786136 0.00849037 0.0453284 1140
0 0.971948 0.762447 0.0141455 0.0275172 1353
0 0.904779 0.97328 0.0387797 0.0384469 1364
0 0.688913 0.794852 0.0105532 0.0457619 1391
0 0.629292 0.80647 0.00849786 0.0479934 1307
0 0.883001 0.984928 0.0441566 0.0284597 1411
0 0.956735 0.847828 0.0159812 0.0340865 4
37 0.0221641 0.938765 0.0443073 0.0290961 1123
0 0.702442 0.792555 0.0104292 0.0472631 1465
0 0.968901 0.73366 0.00627823 0.0268424 1490
0 0.261638 0.903546 0.0227572 0.0766791 1503
0 0.944946 0.85166 0.0142281 0.0332639 1472
0 0.370584 0.846262 0.0128336 0.0643287 1431
0 0.930664 0.728404 0.0078826 0.0210548 1526
0 0.355208 0.989408 0.0148046 0.0211836 1531
0 0.92345 0.750397 0.00896435 0.0356281 1376
0 0.391145 0.832557 0.017933 0.0861955 1324
0 0.555481 0.819097 0.0092658 0.0481486 6
0 0.646617 0.809796 0.00557251 0.0308645 1495
0 0.740319 0.782547 0.00711255 0.0478763 1102
