0 0.453706 0.833391 0.0124134 0.0677179 1
0 0.126426 0.890245 0.0122076 0.0595188 2
0 0.480331 0.831921 0.0148941 0.0629415 3
0 0.953725 0.848827 0.0219924 0.0385243 4
0 0.698713 0.794814 0.00846105 0.042871 6
0 0.763518 0.780306 0.0106446 0.0500522 11
0 0.830183 0.834664 0.0172314 0.0337603 12
0 0.855413 0.831415 0.0160836 0.0338274 16
0 0.896377 0.975797 0.0680694 0.0455638 20
0 0.718451 0.830971 0.0128226 0.0302519 23
37 0.193804 0.915305 0.0364484 0.0302074 34
0 0.996877 0.73271 0.0058116 0.0444692 17
0 0.355238 0.988959 0.0139362 0.0220821 146
0 0.691266 0.795945 0.00901341 0.04228 116
0 0.794153 0.776783 0.0109291 0.0467 123
0 0.117693 0.983615 0.0354022 0.0268227 212
0 0.424836 0.895 0.0147713 0.0822429 21
0 0.94721 0.749045 0.00840292 0.0459757 232
0 0.750147 0.783948 0.00978107 0.0454325 277
0 0.934497 0.728391 0.00570192 0.0204281 291
0 0.513325 0.808295 0.0110569 0.04019 260
0 0.845474 0.766795 0.00859461 0.0460449 228
0 0.910885 0.754423 0.00827208 0.0473832 7
0 0.497678 0.780781 0.00809493 0.0256525 309
37 0.022168 0.938674 0.0443007 0.0291373 311
0 0.789405 0.700715 0.00600061 0.0207093 245
0 0.475726 0.781517 0.00994587 0.0213303 316
0 0.985055 0.741532 0.00929585 0.0294254 300
