0 0.452727 0.833395 0.0132181 0.0672488 1
0 0.476958 0.833583 0.0150099 0.0654878 3
0 0.953386 0.848845 0.0220239 0.0396014 4
0 0.698554 0.794068 0.0101273 0.0486166 6
0 0.75515 0.784283 0.00953169 0.0445511 11
0 0.830249 0.83471 0.0174256 0.0332618 12
0 0.855687 0.830881 0.0166985 0.0343235 16
0 0.894205 0.975401 0.0655141 0.0467452 20
0 0.718749 0.830101 0.0145561 0.0321292 23
0 0.354902 0.989141 0.0144421 0.0216543 146
0 0.793785 0.774912 0.00953641 0.0462546 123
0 0.434681 0.907374 0.0247386 0.0519835 21
0 0.922632 0.751135 0.0087965 0.0467946 232
0 0.515282 0.80954 0.0104303 0.0432777 260
0 0.843048 0.765532 0.00809765 0.0465258 228
0 0.973536 0.762551 0.0183831 0.0282225 338
37 0.198017 0.91592 0.0462138 0.0317632 34
0 0.776382 0.780114 0.00876365 0.042282 15
0 0.746126 0.784222 0.0103746 0.046512 277
0 0.905516 0.972609 0.0419172 0.0417935 367
0 0.00751478 0.751846 0.00795223 0.0169455 347
0 0.853262 0.832086 0.0224684 0.0356636 408
0 0.321938 0.750993 0.0105758 0.0152047 411
0 0.8323 0.770186 0.00758743 0.0451054 417
0 0.485469 0.77718 0.00971336 0.021868 309
0 0.903141 0.756101 0.00924721 0.0428137 437
0 0.885754 0.757057 0.0100021 0.0473942 7
0 0.0627678 0.897224 0.00997378 0.0509594 2
