0 0.452332 0.833638 0.0130278 0.0674333 1
0 0.279527 0.865341 0.0166206 0.057749 2
0 0.481309 0.82821 0.0128688 0.0574268 3
0 0.953346 0.848408 0.0224196 0.042232 4
0 0.878936 0.761095 0.00854139 0.0453674 5
0 0.698364 0.795035 0.00933084 0.0531118 6
0 0.966433 0.741549 0.00963173 0.0459743 7
0 0.518501 0.780397 0.00790477 0.0202012 9
0 0.842739 0.765621 0.00907173 0.045138 10
0 0.774911 0.779253 0.0101533 0.0484007 11
0 0.830836 0.834249 0.0156082 0.0327165 12
0 0.531395 0.777839 0.0073534 0.0266443 13
0 0.685311 0.792914 0.010631 0.0374818 14
0 0.797053 0.775866 0.0112044 0.050301 15
0 0.856562 0.827942 0.0123778 0.0361376 16
0 0.950476 0.747195 0.0112058 0.0496102 17
0 0.898786 0.740839 0.00815678 0.0322255 18
0 0.894258 0.975995 0.0668157 0.0467222 20
0 0.421717 0.911621 0.0187255 0.0479085 21
0 0.472917 0.800978 0.00972967 0.0378896 22
0 0.718564 0.830371 0.0141582 0.0318227 23
0 0.00796016 0.747304 0.00833571 0.0194071 25
37 0.198393 0.916457 0.0460526 0.0312559 34
0 0.971614 0.762421 0.0138628 0.0276443 64
0 0.788462 0.775955 0.00991921 0.049483 8
0 0.835345 0.772103 0.00914373 0.0405533 61
0 0.939149 0.739609 0.00696306 0.0221971 76
0 0.926817 0.726788 0.0050971 0.0196601 77
