0 0.45529 0.833173 0.0126989 0.068814 1
0 0.476535 0.834978 0.0156022 0.0670113 3
0 0.953534 0.849462 0.0220653 0.0411328 4
0 0.696838 0.792199 0.0107583 0.049216 6
0 0.755939 0.781662 0.00789394 0.047988 11
0 0.830585 0.834625 0.0172874 0.0335011 12
0 0.856302 0.830241 0.0153435 0.0327694 16
0 0.894591 0.976246 0.0658129 0.0457013 20
0 0.718533 0.830729 0.0143262 0.0302763 23
0 0.355001 0.988983 0.0147211 0.0220343 146
0 0.793565 0.775605 0.0107277 0.0475855 123
0 0.434002 0.909946 0.0250252 0.0458759 21
0 0.517578 0.806056 0.00890965 0.0335256 260
0 0.84323 0.766594 0.00803347 0.0466468 228
0 0.97271 0.762757 0.0148026 0.0274106 338
8 0.198527 0.91549 0.0460598 0.03233 34
0 0.768511 0.779503 0.00906091 0.0444534 15
0 0.744226 0.783964 0.00865073 0.0470712 277
0 0.906287 0.973209 0.0441142 0.0404266 367
0 0.327453 0.750952 0.00870206 0.0128984 411
0 0.822362 0.772837 0.00958529 0.0433347 417
0 0.478584 0.779546 0.008214 0.022421 309
0 0.872825 0.759001 0.00900021 0.0478915 7
0 0.0311953 0.904101 0.0125662 0.0513357 2
0 0.950758 0.737504 0.00791655 0.0323099 447
0 0.0693768 0.743013 0.00909904 0.0288245 451
0 0.453376 0.780464 0.00734954 0.0174034 459
37 0.0221599 0.938271 0.0442709 0.0295083 311
0 0.996055 0.809847 0.0074688 0.0238907 466
0 0.278846 0.728925 0.00757346 0.0159748 475
0 0.00927338 0.749361 0.00793214 0.0154947 347
0 0.919126 0.755439 0.00820608 0.0390918 492
0 0.83756 0.7747 0.0061367 0.0306532 493
