0 0.452861 0.833932 0.0117195 0.0663728 1
0 0.953514 0.849277 0.0220585 0.0415447 4
0 0.83122 0.834738 0.018555 0.0334535 12
0 0.85624 0.830666 0.0144543 0.0326953 16
0 0.890269 0.976254 0.0584417 0.0454159 20
0 0.718436 0.830368 0.0146592 0.0307142 23
0 0.433985 0.914316 0.0237917 0.036052 21
0 0.55837 0.816134 0.0123409 0.0552297 260
37 0.198367 0.916069 0.0460116 0.0310986 34
0 0.702826 0.792633 0.00922976 0.0496913 277
0 0.843032 0.763555 0.008008 0.045972 495
0 0.746019 0.783129 0.00849042 0.0488539 11
0 0.117891 0.983399 0.0350414 0.0261806 538
0 0.736505 0.786194 0.00910048 0.0477066 572
0 0.760092 0.779983 0.00965877 0.050655 228
0 0.784041 0.775306 0.0111486 0.0511401 762
0 0.8527 0.83102 0.0213576 0.0347147 865
0 0.650168 0.80361 0.0104076 0.0492443 6
0 0.289808 0.72285 0.00598543 0.0162079 879
0 0.941474 0.727891 0.00808029 0.0216105 821
0 0.692539 0.793996 0.00953836 0.0476616 882
37 0.0220804 0.938523 0.0441608 0.0281062 311
0 0.39103 0.82758 0.0181962 0.0766363 943
0 0.797214 0.775325 0.00875106 0.0503013 953
0 0.0591453 0.73953 0.00510326 0.0181695 955
0 0.974165 0.762258 0.0195164 0.0291231 649
0 0.479627 0.855742 0.0347999 0.0264931 3
0 0.676068 0.815862 0.0153831 0.0204462 971
0 0.00484162 0.752844 0.00913574 0.0181465 523
