0 0.452405 0.833663 0.0127018 0.0673353 1
0 0.471586 0.853864 0.0174632 0.0339397 3
0 0.953934 0.848725 0.0216866 0.0393061 4
0 0.692415 0.794337 0.00997381 0.045762 6
0 0.83066 0.834711 0.0179307 0.0336227 12
0 0.852591 0.831713 0.0230033 0.0357095 16
0 0.891791 0.976279 0.061921 0.0459596 20
0 0.71822 0.830199 0.0136585 0.0319865 23
0 0.433516 0.914472 0.0245094 0.0363554 21
0 0.547973 0.813982 0.0114962 0.0477541 260
37 0.198672 0.916299 0.0466877 0.0316662 34
0 0.726544 0.789187 0.00846767 0.0426272 277
0 0.904663 0.973131 0.0401152 0.0402636 367
0 0.842512 0.765805 0.00976772 0.0469598 7
0 0.0714761 0.743868 0.00761356 0.0198774 451
0 0.852618 0.763104 0.00988693 0.0514604 495
0 0.703608 0.791528 0.00984688 0.0482341 500
0 0.00814056 0.750245 0.0108894 0.0175586 523
0 0.755517 0.78126 0.00786538 0.0486179 11
0 0.114755 0.981396 0.0301786 0.0236904 538
0 0.816857 0.779347 0.00600691 0.0311374 493
0 0.742369 0.784704 0.00881043 0.0470033 572
0 0.824565 0.770431 0.0112622 0.0502056 228
0 0.354389 0.756895 0.00730689 0.0198997 411
0 0.712513 0.830697 0.0259675 0.0329446 616
0 0.792207 0.702716 0.00621648 0.0238413 581
37 0.0221371 0.938643 0.0442718 0.0275163 311
0 0.796389 0.775116 0.0102942 0.0492948 623
0 0.00561212 0.977271 0.0111739 0.0236487 627
0 0.319806 0.713051 0.00618179 0.0195811 570
0 0.934862 0.72809 0.00584307 0.0205193 639
0 0.27422 0.723783 0.00578582 0.0178964 475
0 0.39115 0.813611 0.0175713 0.0473895 645
