0 0.453011 0.83367 0.0118236 0.0677037 1
0 0.464912 0.838328 0.0147823 0.0621243 3
0 0.953533 0.849388 0.0219551 0.0413556 4
0 0.695217 0.793637 0.0096693 0.0464976 6
0 0.830735 0.83439 0.0173835 0.0340341 12
0 0.856361 0.830476 0.0166671 0.0333777 16
0 0.892419 0.976264 0.0619287 0.0454125 20
0 0.718599 0.830155 0.0145717 0.0316687 23
0 0.354484 0.989299 0.015495 0.0213559 146
0 0.795207 0.775578 0.0105761 0.0496455 123
0 0.435159 0.913849 0.02097 0.0377124 21
0 0.534787 0.816898 0.00930686 0.0403662 260
37 0.198309 0.915827 0.0458036 0.0313445 34
0 0.745086 0.784718 0.0102688 0.0499233 277
0 0.90412 0.97307 0.0386694 0.0392803 367
0 0.338607 0.756132 0.00688882 0.0193166 411
0 0.456316 0.783418 0.00828404 0.0244371 309
0 0.844817 0.766223 0.0114038 0.0490383 7
0 0.0713017 0.742888 0.00699128 0.0274451 451
0 0.276146 0.728438 0.0073977 0.0169404 475
0 0.878499 0.759399 0.00978851 0.0488919 495
0 0.706854 0.791157 0.00981474 0.0476684 500
0 0.957203 0.848126 0.0151031 0.0383047 513
0 0.973925 0.76257 0.0172458 0.0274669 338
0 0.968534 0.738328 0.00695829 0.0339711 447
0 0.00816379 0.747362 0.00955463 0.0183137 523
0 0.755219 0.782278 0.00782714 0.049079 11
0 0.806611 0.774925 0.00907469 0.0451265 417
37 0.0221486 0.938557 0.0442924 0.0287818 311
0 0.115981 0.983545 0.0317916 0.024258 538
0 0.822534 0.780337 0.00685263 0.0302582 493
0 0.960185 0.74194 0.00837202 0.0376901 558
