0 0.452965 0.833956 0.0126146 0.0676883 1
0 0.188789 0.87525 0.0098492 0.0518906 2
0 0.481012 0.831554 0.0134529 0.0633347 3
0 0.953437 0.849295 0.0224844 0.0422619 4
0 0.861584 0.763287 0.00867777 0.0405659 5
0 0.698199 0.79281 0.00958047 0.0513027 6
0 0.775664 0.778884 0.010871 0.0476452 11
0 0.830369 0.834463 0.0181379 0.0330566 12
0 0.511282 0.778755 0.0104164 0.0237517 13
0 0.855717 0.830859 0.0157716 0.0331626 16
0 0.8835 0.980214 0.0449537 0.037408 20
0 0.717201 0.830318 0.0146491 0.0313068 23
0 0.00808631 0.749579 0.00917049 0.0182181 25
8 0.198995 0.915945 0.0454284 0.0313335 34
0 0.842808 0.765638 0.0102895 0.0468725 102
0 0.985301 0.738167 0.0104257 0.0477589 17
0 0.354934 0.989212 0.014866 0.0215751 146
0 0.936118 0.747348 0.00949717 0.0466271 7
0 0.680112 0.7933 0.00878143 0.0393344 116
0 0.909734 0.741996 0.00843 0.0207577 170
0 0.809951 0.775443 0.00834255 0.0445132 123
0 0.765092 0.697431 0.00646992 0.0169424 149
0 0.787877 0.777046 0.011105 0.0475744 15
0 0.115104 0.983784 0.0312202 0.0214815 212
0 0.830052 0.769118 0.00935793 0.0430342 228
0 0.966335 0.742114 0.00941029 0.0477091 232
0 0.783703 0.698089 0.00678911 0.0179324 245
0 0.485525 0.766935 0.00765166 0.0231182 257
0 0.42423 0.915606 0.0200198 0.0394212 21
