0 0.452353 0.833882 0.01154 0.0664554 1
0 0.83089 0.834912 0.0178467 0.0335187 12
0 0.85638 0.831089 0.014027 0.0321892 16
0 0.718008 0.830045 0.0136891 0.0315659 23
0 0.843602 0.767245 0.00793972 0.0470178 495
0 0.114632 0.983783 0.0320378 0.0263831 538
0 0.555316 0.81952 0.0100196 0.0503837 6
0 0.796301 0.775869 0.00865574 0.0492185 953
0 0.475498 0.856156 0.0184025 0.02648 3
0 0.722502 0.786178 0.00936737 0.0498969 1102
0 0.355143 0.989339 0.014007 0.0213194 1114
37 0.0227251 0.938498 0.0453964 0.0298473 1123
0 0.623591 0.802864 0.00999269 0.0598292 762
0 0.0137284 0.752175 0.00909572 0.0166005 1151
0 0.581037 0.811238 0.0138414 0.0563851 1167
0 0.893749 0.975463 0.0626573 0.0447828 1267
37 0.198028 0.915815 0.0455023 0.0313249 34
0 0.701612 0.793086 0.00853658 0.0439071 1140
0 0.97478 0.762589 0.0180956 0.0269971 1353
0 0.905153 0.97317 0.0413653 0.0394062 1364
0 0.9355 0.728913 0.00866165 0.0280264 821
0 0.688934 0.795439 0.0101805 0.0454473 1391
0 0.668247 0.799539 0.00840936 0.0456981 1307
0 0.883578 0.984635 0.0448792 0.0282257 1411
0 0.695592 0.792476 0.00883842 0.0468996 1415
0 0.0560495 0.744476 0.0115221 0.02228 1421
0 0.278683 0.728147 0.00520329 0.0153001 1422
0 0.402134 0.89644 0.0173766 0.0815038 1403
0 0.952388 0.747967 0.00873613 0.0383489 1376
0 0.440707 0.835303 0.0121811 0.0655855 1431
0 0.957131 0.848168 0.0160245 0.0348228 4
