0 0.45228 0.834382 0.0122439 0.0654545 1
0 0.953601 0.850723 0.0219388 0.0406453 4
0 0.830816 0.834807 0.0176204 0.033075 12
0 0.854459 0.829715 0.0175392 0.0342117 16
0 0.718522 0.82965 0.0145431 0.0326354 23
0 0.434034 0.914285 0.0241927 0.03709 21
0 0.495383 0.824505 0.0134154 0.0518935 260
0 0.842009 0.76678 0.00871353 0.0455536 495
0 0.114608 0.982358 0.0335241 0.0277492 538
0 0.560835 0.818197 0.0119603 0.0509878 6
0 0.939399 0.728129 0.0076745 0.021027 821
0 0.796319 0.776236 0.00847526 0.0476585 953
0 0.475674 0.858123 0.0188402 0.0219187 3
0 0.744325 0.783105 0.00914545 0.0484639 1102
0 0.354973 0.989116 0.0151805 0.0217681 1114
37 0.0221016 0.937968 0.0442 0.0279598 1123
0 0.708118 0.789737 0.00800862 0.0472566 1140
0 0.679764 0.791427 0.0105043 0.0492476 762
0 0.00562268 0.97947 0.0111789 0.0174106 1150
0 0.0162531 0.749891 0.0100058 0.0172939 1151
0 0.643944 0.800476 0.0130598 0.0539413 1167
0 0.315054 0.711094 0.00611019 0.0196454 1103
0 0.890716 0.97572 0.0591094 0.0470428 1267
0 0.0661117 0.732456 0.00620513 0.0191512 1279
0 0.291561 0.723725 0.00938067 0.0162937 1281
0 0.272859 0.725379 0.00498173 0.0191018 1283
0 0.846702 0.699144 0.00631733 0.0186824 1292
0 0.689556 0.795074 0.00969191 0.0457909 1307
0 0.702542 0.79151 0.00887394 0.0449157 1265
