0 0.451437 0.834121 0.0139521 0.0660261 1
0 0.830878 0.834881 0.0178492 0.0335926 12
0 0.855732 0.830539 0.0159694 0.0334694 16
0 0.71792 0.829969 0.0136024 0.0316692 23
0 0.843461 0.767664 0.00773201 0.0464106 495
0 0.114637 0.983764 0.0322465 0.0264468 538
0 0.555196 0.819211 0.0102426 0.0510796 6
0 0.796276 0.775838 0.00860629 0.0491803 953
0 0.475632 0.856627 0.019695 0.0256274 3
0 0.722322 0.787079 0.0118024 0.0488284 1102
0 0.354979 0.989353 0.0136811 0.0212943 1114
37 0.0225341 0.938418 0.0450682 0.0295509 1123
0 0.609675 0.805166 0.0121516 0.0581499 762
0 0.0110136 0.751788 0.00795584 0.0161263 1151
0 0.569538 0.811344 0.0107151 0.0539525 1167
0 0.894023 0.975465 0.0632263 0.0450894 1267
37 0.198272 0.916001 0.0449667 0.0310393 34
0 0.702284 0.791521 0.00965447 0.0476058 1140
0 0.974688 0.762387 0.0181231 0.0271622 1353
0 0.905513 0.973152 0.0415727 0.0396587 1364
0 0.935237 0.728628 0.007728 0.0269313 821
0 0.688417 0.79461 0.011978 0.0454497 1391
0 0.663779 0.800541 0.00862689 0.0475778 1307
0 0.883576 0.984586 0.0447765 0.0283472 1411
0 0.376896 0.89869 0.0186278 0.0823997 1403
0 0.429249 0.835902 0.014458 0.0624448 1431
0 0.957165 0.848605 0.0162884 0.0359637 4
0 0.391183 0.831053 0.0179841 0.0834867 1324
