0 0.451565 0.834185 0.0141027 0.0663734 1
0 0.830856 0.83499 0.0178239 0.0333825 12
0 0.856013 0.830236 0.015464 0.0332993 16
0 0.717832 0.830103 0.0145267 0.0313345 23
0 0.843247 0.767199 0.00810118 0.0473807 495
0 0.114643 0.983192 0.0319675 0.0251344 538
0 0.554442 0.81931 0.00914426 0.0502981 6
0 0.796327 0.775515 0.00888734 0.0489531 953
0 0.47542 0.85728 0.0192881 0.024581 3
0 0.722571 0.786794 0.0102761 0.0490835 1102
0 0.354972 0.989334 0.0137276 0.0213023 1114
37 0.0225477 0.938505 0.0450822 0.0303017 1123
0 0.603918 0.806873 0.00971489 0.0588177 762
0 0.0105588 0.753742 0.00986238 0.0157023 1151
0 0.564419 0.813454 0.0112384 0.0543201 1167
0 0.893951 0.975484 0.0634637 0.0452304 1267
37 0.198059 0.915777 0.045718 0.0315958 34
0 0.704634 0.791029 0.00986395 0.0465334 1140
0 0.974405 0.762329 0.0174065 0.0273294 1353
0 0.905522 0.973124 0.0417203 0.0397577 1364
0 0.933328 0.728661 0.00680294 0.0256165 821
0 0.688838 0.794322 0.0106982 0.0454344 1391
0 0.660262 0.800026 0.00892806 0.0423634 1307
0 0.883559 0.984492 0.04471 0.0285156 1411
0 0.363708 0.899063 0.0168879 0.0781376 1403
0 0.421979 0.836064 0.0115733 0.0623227 1431
0 0.953645 0.850589 0.0226497 0.0400699 4
0 0.939145 0.747956 0.00825481 0.041969 1376
0 0.484229 0.8573 0.0372633 0.0248978 1405
0 0.391119 0.830746 0.0183398 0.0829471 1324
