0 0.455069 0.83378 0.012543 0.0682869 1
0 0.476008 0.834865 0.0163044 0.065611 3
0 0.953517 0.849529 0.0220666 0.0411563 4
0 0.696864 0.792444 0.0118509 0.0472653 6
0 0.75538 0.781699 0.00958104 0.0490879 11
0 0.830588 0.834674 0.0172718 0.0334985 12
0 0.856312 0.830261 0.0153037 0.032754 16
0 0.894462 0.976206 0.0653888 0.0457675 20
0 0.718473 0.830732 0.0145052 0.0303346 23
0 0.355105 0.989021 0.0145363 0.0219587 146
0 0.793914 0.776198 0.0106402 0.0482319 123
0 0.434826 0.905364 0.024025 0.0547351 21
0 0.913194 0.753907 0.0120673 0.0459423 232
0 0.517053 0.805135 0.00843992 0.0342451 260
0 0.84324 0.765798 0.00805655 0.0463998 228
0 0.97331 0.762773 0.0160658 0.0275106 338
8 0.198448 0.915477 0.0465271 0.0329403 34
0 0.770408 0.779812 0.00895472 0.0451706 15
0 0.744 0.783964 0.00892234 0.0479212 277
0 0.906097 0.973138 0.0438522 0.0401737 367
0 0.325265 0.751839 0.0109838 0.0161487 411
0 0.824769 0.768354 0.00864401 0.0395094 417
0 0.480511 0.779256 0.00862989 0.0226282 309
0 0.875866 0.757345 0.0098774 0.0448808 7
0 0.0403266 0.904103 0.0127444 0.0617664 2
0 0.948321 0.738426 0.00880661 0.0340132 447
0 0.0694755 0.742512 0.00773207 0.0269853 451
0 0.455641 0.780315 0.00711312 0.0179129 459
8 0.0221201 0.938424 0.0441186 0.0305634 311
0 0.996051 0.809844 0.00749884 0.0239281 466
0 0.400109 0.746939 0.011165 0.0243362 470
0 0.277993 0.729614 0.00765452 0.015748 475
0 0.00806838 0.750483 0.00962175 0.019243 347
