0 0.452468 0.833433 0.0125803 0.0673119 1
0 0.478938 0.859317 0.0357707 0.0212874 3
0 0.953519 0.849916 0.0222388 0.0421509 4
0 0.830645 0.834962 0.0174918 0.0328356 12
0 0.856521 0.830977 0.0140614 0.0336798 16
0 0.894086 0.975489 0.0673091 0.046763 20
0 0.717863 0.830278 0.0135731 0.0315725 23
0 0.432962 0.914285 0.0264717 0.0378575 21
0 0.565087 0.813861 0.0118833 0.0480197 260
37 0.197998 0.91616 0.0450817 0.0317738 34
0 0.702677 0.793061 0.00997424 0.0452548 277
0 0.907199 0.972502 0.0433522 0.0420385 367
0 0.843589 0.765858 0.00727472 0.0473687 495
0 0.753933 0.781537 0.00790415 0.048845 11
0 0.115143 0.981116 0.0312672 0.0229958 538
0 0.736592 0.787455 0.00827165 0.0430197 572
0 0.794645 0.77587 0.01192 0.0502135 228
0 0.972148 0.763392 0.01314 0.0249149 649
37 0.0220292 0.938581 0.0440583 0.028206 311
0 0.81198 0.771568 0.01071 0.0517581 762
8 0.0062454 0.749025 0.0101682 0.0186441 523
0 0.852858 0.831779 0.0218011 0.0361615 865
0 0.683883 0.795407 0.00946388 0.0406393 6
0 0.275667 0.730463 0.00604794 0.0170497 873
0 0.770222 0.779221 0.0083107 0.0440658 683
0 0.287858 0.723741 0.00800602 0.0181998 879
0 0.938831 0.728146 0.00678043 0.0214124 821
0 0.693649 0.795035 0.00985279 0.0408067 882
0 0.783444 0.785531 0.00808358 0.0307163 890
0 0.0637005 0.741791 0.00807639 0.0275018 733
