0 0.453529 0.833958 0.0132959 0.0667485 1
0 0.144203 0.885268 0.0148042 0.0580555 2
0 0.480356 0.832719 0.0129405 0.0641484 3
0 0.953633 0.848448 0.0220435 0.0380522 4
0 0.700296 0.794636 0.00961409 0.0419664 6
0 0.767897 0.779793 0.00875378 0.0497653 11
0 0.83019 0.834652 0.0172874 0.0338483 12
0 0.855408 0.831284 0.0161664 0.0340607 16
0 0.895638 0.975575 0.066446 0.0456645 20
0 0.718604 0.830185 0.0131167 0.0317997 23
37 0.198696 0.915936 0.046071 0.0319142 34
0 0.994759 0.735212 0.0102805 0.0452101 17
0 0.355266 0.989056 0.0139785 0.0218881 146
0 0.686246 0.797107 0.00975838 0.0417527 116
0 0.798132 0.776195 0.00913863 0.0421174 123
0 0.79121 0.776487 0.00823512 0.0476102 15
0 0.116929 0.983596 0.0339557 0.0266992 212
0 0.424127 0.894768 0.0158234 0.0818595 21
0 0.953194 0.743597 0.00898676 0.0431643 232
0 0.75495 0.783096 0.00894628 0.0464115 277
0 0.935157 0.727885 0.00531187 0.0209961 291
0 0.509234 0.808612 0.00814834 0.0335303 260
0 0.845226 0.76805 0.00854816 0.0416165 228
0 0.91765 0.75088 0.00919914 0.0486359 7
0 0.503028 0.777677 0.0077249 0.0197672 309
37 0.0221235 0.938572 0.0442324 0.0294378 311
0 0.788537 0.699583 0.00627298 0.0187707 245
