0 0.45291 0.834241 0.0127653 0.0668525 1
0 0.165994 0.88378 0.00927093 0.0575594 2
0 0.481124 0.832099 0.0135424 0.0642883 3
0 0.953654 0.849549 0.0221474 0.0412133 4
0 0.855114 0.762751 0.00773611 0.0383079 5
0 0.697033 0.794072 0.00872207 0.047351 6
0 0.77317 0.778145 0.00905189 0.0496926 11
0 0.830308 0.834386 0.0179371 0.032833 12
0 0.855281 0.831489 0.0174764 0.0341648 16
0 0.883563 0.979378 0.0454776 0.0386962 20
0 0.717368 0.830453 0.0153397 0.0311177 23
0 0.00643056 0.75093 0.0097693 0.018012 25
8 0.198872 0.91547 0.0457849 0.0316951 34
0 0.843822 0.765677 0.0116512 0.0441432 102
0 0.989846 0.736695 0.00971584 0.0466389 17
0 0.354858 0.98916 0.0150777 0.0216595 146
0 0.927727 0.749879 0.00934744 0.0459869 7
0 0.681908 0.79408 0.0103188 0.0411604 116
0 0.804472 0.774833 0.00861111 0.0410818 123
0 0.76613 0.697798 0.00615664 0.016598 149
0 0.789008 0.776543 0.0107963 0.04794 15
0 0.115498 0.984346 0.0308209 0.0223574 212
0 0.787134 0.698722 0.00780511 0.016798 245
0 0.502396 0.80752 0.0100965 0.040623 260
0 0.423925 0.907688 0.0195014 0.0544707 21
0 0.959816 0.744156 0.00901976 0.0477439 232
0 0.764512 0.781329 0.00850377 0.0471742 277
0 0.916958 0.741923 0.0102912 0.0237609 170
