0 0.453605 0.833769 0.0106295 0.0663974 1
0 0.831251 0.835177 0.0168809 0.0323114 12
0 0.852281 0.835173 0.0224814 0.0276776 16
0 0.718298 0.830044 0.0129594 0.0316983 23
0 0.843418 0.765713 0.00747595 0.0452515 495
0 0.11439 0.982814 0.0323857 0.0257561 538
0 0.796549 0.774992 0.00829315 0.0484133 953
0 0.475604 0.858215 0.0176171 0.0213069 3
0 0.537933 0.81651 0.0130085 0.0604073 762
0 0.495663 0.825538 0.0125793 0.056945 1167
0 0.893893 0.975184 0.064633 0.0454306 1267
37 0.198957 0.916137 0.0456436 0.0310437 34
0 0.73263 0.786101 0.00911536 0.0463871 1140
0 0.906384 0.972545 0.0407353 0.0390221 1364
0 0.689139 0.795767 0.0100652 0.044809 1391
0 0.623411 0.808809 0.00904279 0.0518246 1307
0 0.88373 0.980179 0.0450005 0.0380453 1411
0 0.956228 0.847679 0.0167041 0.0343274 4
37 0.0220487 0.939007 0.0440974 0.0294427 1123
0 0.702564 0.791814 0.0101989 0.0472805 1465
0 0.240538 0.904795 0.0226795 0.0783971 1503
0 0.36291 0.84805 0.0146168 0.0612579 1431
0 0.93104 0.727659 0.00750303 0.0217539 1526
0 0.35546 0.989325 0.01404 0.0213491 1531
0 0.554815 0.819498 0.0104105 0.0486407 6
0 0.640542 0.811269 0.00847139 0.03516 1495
0 0.741799 0.782977 0.00871711 0.0510655 1102
0 0.918007 0.749048 0.0079587 0.0357597 1376
