0 0.452686 0.833449 0.0125324 0.0680287 1
0 0.484767 0.858069 0.0340899 0.0216262 3
0 0.953484 0.849269 0.0220519 0.041629 4
0 0.831236 0.834513 0.0185416 0.0337319 12
0 0.856142 0.830444 0.0143705 0.032722 16
0 0.890514 0.976247 0.0573286 0.0452248 20
0 0.718221 0.830118 0.0147628 0.031149 23
0 0.434307 0.914383 0.0234089 0.0362907 21
0 0.562894 0.814846 0.0113022 0.0532629 260
37 0.198244 0.915615 0.0460434 0.0320501 34
0 0.703917 0.795859 0.00917296 0.0385999 277
0 0.843492 0.765544 0.00809154 0.0497064 495
0 0.751239 0.782169 0.00828414 0.0503762 11
0 0.118732 0.983844 0.0373513 0.025982 538
0 0.736689 0.785118 0.00893922 0.0457113 572
0 0.782078 0.776602 0.00861731 0.0509958 228
0 0.802271 0.773345 0.00996366 0.0520453 762
0 0.00605469 0.750332 0.00995504 0.0188572 523
0 0.853889 0.831003 0.0203448 0.0337613 865
0 0.671739 0.793737 0.00979266 0.0366206 6
0 0.764555 0.780204 0.00876565 0.0448658 683
0 0.287792 0.724045 0.00648532 0.0190703 879
0 0.93779 0.729514 0.0078372 0.0227631 821
0 0.692252 0.796003 0.00993748 0.0494848 882
0 0.773308 0.786353 0.00862861 0.031434 890
0 0.796534 0.775978 0.00702248 0.0483428 417
