0 0.452972 0.833718 0.0120995 0.0676685 1
0 0.291834 0.862072 0.0125784 0.0575324 2
0 0.48384 0.827977 0.0162635 0.0563858 3
0 0.953405 0.848323 0.0222794 0.0420414 4
0 0.880222 0.759216 0.00810518 0.0411224 5
0 0.698201 0.794548 0.00963969 0.0534465 6
0 0.971149 0.737378 0.0079709 0.0392051 7
0 0.78844 0.776983 0.0104461 0.047546 8
0 0.52259 0.780032 0.00849557 0.0209218 9
0 0.843334 0.766149 0.00831623 0.0474707 10
0 0.771123 0.780679 0.00973325 0.0476109 11
0 0.830834 0.834544 0.0156026 0.0326867 12
0 0.535717 0.776363 0.00872421 0.0269324 13
0 0.684233 0.794798 0.0107543 0.0435571 14
0 0.796439 0.776187 0.00842395 0.0488931 15
0 0.856449 0.827792 0.0126222 0.0355642 16
0 0.945382 0.745919 0.0112233 0.0432522 17
0 0.896571 0.739124 0.00684528 0.0300435 18
0 0.894007 0.975976 0.0659082 0.0465271 20
0 0.423624 0.91348 0.018761 0.0434204 21
0 0.469953 0.798355 0.00795155 0.0329483 22
0 0.718594 0.830489 0.013723 0.031287 23
0 0.00938314 0.749883 0.00730553 0.0193529 25
37 0.198119 0.916171 0.0462714 0.0316521 34
