0 0.452596 0.833454 0.0123934 0.0679823 1
0 0.471828 0.853633 0.017634 0.0332138 3
0 0.95376 0.848981 0.0220007 0.039974 4
0 0.695328 0.794281 0.00933857 0.0455452 6
0 0.830644 0.834661 0.0176198 0.0335709 12
0 0.852415 0.832628 0.0229761 0.0344742 16
0 0.891847 0.976107 0.0614017 0.0459145 20
0 0.718203 0.830378 0.0135196 0.0317234 23
0 0.433509 0.914729 0.0249744 0.0371657 21
0 0.547229 0.812478 0.0118833 0.0494059 260
37 0.198972 0.916375 0.0464929 0.031583 34
0 0.730155 0.788082 0.00948095 0.0441899 277
0 0.904225 0.973004 0.0389003 0.0400159 367
0 0.842757 0.765983 0.00875378 0.0460917 7
0 0.0714214 0.74101 0.0109224 0.021946 451
0 0.85858 0.764022 0.0112645 0.0527134 495
0 0.704583 0.791152 0.0101214 0.0490645 500
0 0.00959891 0.74898 0.00951836 0.0183315 523
0 0.755134 0.780909 0.00851064 0.0487574 11
0 0.114913 0.98149 0.0302323 0.0243371 538
0 0.817445 0.77988 0.00548859 0.0295588 493
0 0.742716 0.784967 0.00882082 0.0462341 572
0 0.827435 0.768172 0.00945749 0.0477152 228
0 0.272422 0.724581 0.00673423 0.020919 475
0 0.351129 0.756551 0.00991049 0.0226797 411
0 0.712511 0.831024 0.0260511 0.0322164 616
0 0.790525 0.701182 0.00510278 0.0184966 581
37 0.0221012 0.938377 0.0441705 0.0291027 311
0 0.798457 0.776761 0.00964179 0.0476138 623
0 0.00563089 0.977022 0.011192 0.0240389 627
0 0.320249 0.710751 0.00606458 0.0172841 570
