0 0.455396 0.833436 0.0123227 0.0687358 1
0 0.476706 0.834603 0.0156175 0.067283 3
0 0.953543 0.849445 0.0220585 0.0410814 4
0 0.696977 0.792284 0.0109273 0.0500125 6
0 0.755918 0.781807 0.00773673 0.0473858 11
0 0.830603 0.834636 0.0172484 0.0335174 12
0 0.856302 0.830234 0.0153335 0.0328148 16
0 0.89454 0.976257 0.0656788 0.0456455 20
0 0.718534 0.830756 0.0143317 0.030244 23
0 0.355067 0.989005 0.0146262 0.0219894 146
0 0.793731 0.775633 0.0110389 0.0480948 123
0 0.43369 0.910812 0.0246758 0.0443484 21
0 0.517718 0.806348 0.00892472 0.0333724 260
0 0.843171 0.766633 0.00816145 0.0471742 228
0 0.972583 0.762745 0.0144644 0.0274094 338
37 0.19867 0.915704 0.046312 0.032398 34
0 0.76824 0.780072 0.00889287 0.0429676 15
0 0.744169 0.784006 0.00843191 0.0472615 277
0 0.90626 0.973164 0.0440621 0.0402595 367
0 0.327599 0.750961 0.00859995 0.0128751 411
0 0.821868 0.772034 0.00916004 0.0421613 417
0 0.478448 0.779586 0.00848193 0.0224269 309
0 0.872569 0.759 0.00897732 0.0479126 7
0 0.0299065 0.904794 0.0131098 0.0504325 2
0 0.0694629 0.743003 0.00878161 0.0284496 451
0 0.453335 0.78033 0.0075573 0.0171978 459
37 0.0221719 0.938422 0.0442753 0.0295864 311
0 0.996061 0.80985 0.00746832 0.0238715 466
0 0.278764 0.728729 0.00748191 0.015774 475
0 0.00930817 0.749848 0.00853936 0.0156141 347
0 0.919835 0.755021 0.0103338 0.0416154 492
0 0.837489 0.774248 0.00583687 0.0300902 493
