0 0.45305 0.834026 0.0130031 0.0673114 1
0 0.22121 0.873599 0.0111877 0.0556798 2
0 0.479898 0.829 0.0138505 0.0596284 3
0 0.953359 0.849011 0.0224426 0.042988 4
0 0.868707 0.762321 0.0072732 0.0412466 5
0 0.697944 0.793282 0.00921922 0.0483683 6
0 0.776115 0.778104 0.00807447 0.0490281 11
0 0.829416 0.834234 0.0180379 0.0326222 12
0 0.519618 0.777667 0.00906515 0.0275382 13
0 0.79107 0.778116 0.0111201 0.0452465 15
0 0.85427 0.832314 0.021172 0.0340278 16
0 0.883668 0.980133 0.0454712 0.0384482 20
0 0.424655 0.909606 0.0186722 0.0497717 21
0 0.717525 0.830814 0.0140794 0.0317004 23
0 0.00969174 0.746627 0.00995013 0.0171683 25
37 0.198715 0.915471 0.0456585 0.0325758 34
0 0.81586 0.77211 0.0112872 0.0432184 61
0 0.843144 0.764247 0.00786543 0.0450493 102
0 0.974191 0.738243 0.0119746 0.0413113 17
0 0.935879 0.725794 0.0074523 0.0194361 127
0 0.84948 0.763938 0.00796518 0.0409509 10
0 0.354544 0.988902 0.0147939 0.022192 146
0 0.76599 0.694457 0.00622902 0.0107207 149
0 0.945746 0.744369 0.00915613 0.0451547 7
0 0.67712 0.792533 0.0100482 0.0373751 116
0 0.907911 0.743647 0.00858889 0.0240492 170
0 0.390985 0.818476 0.0175467 0.0579397 141
37 0.022114 0.938457 0.044228 0.0291701 192
