0 0.452147 0.834321 0.0128731 0.0658995 1
0 0.953584 0.849699 0.0221374 0.0410085 4
0 0.830788 0.834906 0.0176325 0.0330321 12
0 0.856616 0.829694 0.0135607 0.0327465 16
0 0.718561 0.830278 0.0140121 0.0318853 23
0 0.432119 0.914079 0.0272755 0.0369568 21
0 0.506176 0.825256 0.0144985 0.0542238 260
37 0.197743 0.916281 0.0448101 0.0316282 34
0 0.842418 0.767026 0.00874825 0.0453506 495
0 0.115544 0.982984 0.0352855 0.0274834 538
0 0.571658 0.815731 0.0106627 0.0483732 6
0 0.939321 0.727307 0.00767832 0.0207649 821
0 0.796798 0.775071 0.00828543 0.0471968 953
0 0.972001 0.762524 0.0134478 0.0265946 649
0 0.475015 0.856831 0.0175544 0.0244799 3
0 0.746337 0.783168 0.00705218 0.0479205 1102
0 0.35544 0.989113 0.0140481 0.021774 1114
37 0.022148 0.938294 0.0442961 0.0295035 1123
0 0.71525 0.788703 0.0075223 0.0486545 1140
0 0.692254 0.791233 0.0106023 0.0534973 762
0 0.00560367 0.979163 0.0111526 0.018296 1150
0 0.0118474 0.74974 0.00994828 0.0200723 1151
0 0.660932 0.797871 0.0120811 0.0528799 1167
0 0.709262 0.791089 0.0071135 0.0442058 1033
0 0.314836 0.713791 0.00656953 0.0177677 1103
0 0.390814 0.811803 0.0184288 0.0446414 1249
0 0.701611 0.793642 0.00934725 0.0430489 1265
