0 0.452809 0.833526 0.0126204 0.0681705 1
0 0.483561 0.859019 0.0321789 0.0198617 3
0 0.953493 0.849273 0.0220494 0.0415976 4
0 0.831263 0.834558 0.0185998 0.033702 12
0 0.856147 0.830465 0.0144295 0.0328046 16
0 0.890467 0.976334 0.0573478 0.0453956 20
0 0.718257 0.830413 0.0146337 0.0305407 23
0 0.433909 0.914454 0.0241404 0.0358291 21
0 0.561774 0.814602 0.0126101 0.0536084 260
37 0.198187 0.915344 0.0460763 0.0322761 34
0 0.703824 0.79092 0.00960102 0.0461813 277
0 0.843197 0.765619 0.00847254 0.0492277 495
0 0.750475 0.782539 0.00904684 0.0489251 11
0 0.118087 0.983764 0.0361035 0.0260442 538
0 0.736319 0.785716 0.00810018 0.0460063 572
0 0.780009 0.776526 0.0112388 0.0513268 228
0 0.798485 0.774835 0.012005 0.051486 762
0 0.00714143 0.750777 0.00801451 0.0186612 523
0 0.853798 0.830978 0.0205025 0.0337089 865
0 0.668488 0.798571 0.00996585 0.0407013 6
0 0.763644 0.780408 0.0079627 0.042778 683
0 0.287663 0.723556 0.0067651 0.0180563 879
0 0.937615 0.728738 0.00890169 0.0238212 821
0 0.69224 0.794341 0.00960569 0.0492372 882
0 0.771864 0.78618 0.00661502 0.0308578 890
37 0.0220956 0.938309 0.0441464 0.0292741 311
