0 0.452294 0.834308 0.0120636 0.0649517 1
0 0.953558 0.850788 0.0219072 0.0408161 4
0 0.83083 0.834811 0.0176111 0.0330279 12
0 0.854643 0.829724 0.0171461 0.0341112 16
0 0.718458 0.829783 0.0144199 0.0323435 23
0 0.434027 0.914343 0.0239923 0.0370067 21
0 0.495825 0.824336 0.0130321 0.0532824 260
0 0.842018 0.766952 0.00884027 0.0454365 495
0 0.114609 0.982376 0.0334985 0.0276939 538
0 0.561695 0.818398 0.0116959 0.0512159 6
0 0.939676 0.727655 0.00756693 0.0202626 821
0 0.796342 0.776195 0.00842924 0.0472397 953
0 0.475677 0.858276 0.0186793 0.021675 3
0 0.744529 0.783182 0.00817132 0.0480777 1102
0 0.354994 0.989118 0.0151266 0.0217634 1114
37 0.0221101 0.937949 0.0442145 0.0281119 1123
0 0.709428 0.789675 0.00895071 0.0467883 1140
0 0.680808 0.790727 0.00984244 0.0479563 762
0 0.00562867 0.979547 0.0111836 0.0175463 1150
0 0.0163305 0.749917 0.0102187 0.0175964 1151
0 0.64608 0.800216 0.0112483 0.0543188 1167
0 0.315037 0.712227 0.00613709 0.0217099 1103
0 0.890728 0.97569 0.059086 0.0469959 1267
0 0.976227 0.742473 0.00869999 0.0332464 1233
0 0.0658147 0.731716 0.00611921 0.018623 1279
0 0.291688 0.723524 0.00923862 0.0168254 1281
0 0.272654 0.725125 0.00545616 0.0183621 1283
0 0.846322 0.699295 0.00634632 0.0192485 1292
0 0.702994 0.791858 0.00911775 0.0435326 1265
