0 0.455456 0.833541 0.0122046 0.0686659 1
0 0.47695 0.834706 0.015567 0.067041 3
0 0.953539 0.849445 0.0220608 0.0410892 4
0 0.697189 0.792361 0.01109 0.0500628 6
0 0.755977 0.780813 0.00751648 0.0451976 11
0 0.830603 0.834632 0.0172148 0.0335045 12
0 0.856313 0.830246 0.0153372 0.0328249 16
0 0.894563 0.976274 0.0657411 0.0456695 20
0 0.718529 0.830774 0.0143141 0.0302394 23
0 0.355014 0.988985 0.0147039 0.0220306 146
0 0.793732 0.77554 0.0112532 0.048155 123
0 0.433575 0.91148 0.023943 0.0428408 21
0 0.517751 0.806545 0.00885515 0.0338109 260
0 0.843105 0.766612 0.00831079 0.0474157 228
0 0.972574 0.762715 0.0144042 0.027396 338
37 0.198759 0.91595 0.0464628 0.0322076 34
0 0.768146 0.780759 0.00871396 0.0436237 15
0 0.744066 0.783902 0.00857143 0.0470541 277
0 0.906243 0.973188 0.0441305 0.0402742 367
0 0.327582 0.751369 0.00881512 0.0131997 411
0 0.821111 0.771287 0.00845861 0.0407247 417
0 0.478161 0.779621 0.00828366 0.0224281 309
0 0.872359 0.758314 0.00935488 0.0467971 7
0 0.0278002 0.9038 0.0151946 0.0496284 2
0 0.0696227 0.74335 0.00908961 0.0279083 451
0 0.452335 0.780283 0.00741601 0.0172641 459
37 0.0221115 0.938389 0.0442138 0.029616 311
0 0.996057 0.809857 0.00747309 0.0238783 466
0 0.278675 0.728729 0.00700526 0.0159938 475
0 0.00946898 0.750233 0.00853668 0.0154629 347
0 0.92055 0.754592 0.0106009 0.0441906 492
0 0.836917 0.773461 0.00617104 0.0278132 493
0 0.906954 0.755185 0.00918665 0.0466212 495
