0 0.453003 0.83329 0.0126485 0.0674883 1
0 0.482905 0.85728 0.0282031 0.0232608 3
0 0.953591 0.849844 0.0221967 0.0423443 4
0 0.830625 0.834929 0.0174953 0.0329621 12
0 0.856421 0.83057 0.013864 0.0330909 16
0 0.894287 0.975328 0.0676678 0.046897 20
0 0.717879 0.829733 0.0139316 0.0326196 23
0 0.432539 0.91484 0.0267267 0.0377358 21
0 0.564245 0.814801 0.0119286 0.0476841 260
37 0.198104 0.916033 0.0450885 0.0316377 34
0 0.702752 0.792931 0.0105738 0.0445771 277
0 0.907207 0.972575 0.0439789 0.0421637 367
0 0.843646 0.766907 0.00750093 0.0462403 495
0 0.752713 0.781016 0.0076818 0.050037 11
0 0.115108 0.981199 0.0315504 0.0232733 538
0 0.736879 0.786186 0.00881057 0.0457686 572
0 0.788188 0.771848 0.00707197 0.0442479 228
0 0.973836 0.763059 0.0183165 0.0270192 649
37 0.0222328 0.938667 0.0443056 0.028272 311
0 0.80828 0.772071 0.0107033 0.0525675 762
0 0.0077431 0.74896 0.00775412 0.0172761 523
0 0.853091 0.83165 0.021893 0.0342417 865
0 0.678788 0.796243 0.0104053 0.0419977 6
0 0.275327 0.731436 0.00650549 0.0160083 873
0 0.767046 0.77893 0.00786691 0.0435412 683
0 0.287783 0.723584 0.00766137 0.0158473 879
0 0.938096 0.728917 0.00763168 0.0223391 821
0 0.693126 0.792907 0.00972018 0.0457175 882
0 0.779978 0.785345 0.00680037 0.0339916 890
0 0.796926 0.775544 0.00830765 0.0481035 417
