0 0.452946 0.83379 0.0127734 0.0673881 1
0 0.249294 0.867245 0.0108689 0.0559798 2
0 0.478216 0.829381 0.0134063 0.0599985 3
0 0.953596 0.848744 0.0223103 0.0427501 4
0 0.873522 0.762009 0.00844383 0.0404104 5
0 0.698023 0.795859 0.00843582 0.0442017 6
0 0.509026 0.781633 0.00734277 0.0220666 9
0 0.775525 0.77689 0.00677218 0.0511594 11
0 0.830665 0.834547 0.0159538 0.032063 12
0 0.52337 0.778063 0.00791469 0.0259639 13
0 0.795523 0.776728 0.00810852 0.0460169 15
0 0.855926 0.829705 0.016382 0.0351643 16
0 0.883428 0.980271 0.0451634 0.0382076 20
0 0.423436 0.909907 0.0172883 0.0496915 21
0 0.717107 0.831179 0.0129957 0.0308419 23
0 0.00878518 0.743042 0.00832939 0.0177656 25
37 0.198331 0.915844 0.0459014 0.0316082 34
0 0.788169 0.775851 0.00898275 0.0468586 8
0 0.826661 0.769119 0.00950041 0.0354989 61
0 0.986023 0.737425 0.00758171 0.0471065 91
0 0.843632 0.763856 0.00793171 0.0440022 102
0 0.782237 0.69403 0.0071476 0.0127987 110
0 0.947245 0.741353 0.00663557 0.0309107 76
0 0.683058 0.79508 0.0125464 0.0437926 116
0 0.965216 0.740905 0.00980625 0.0407417 17
0 0.809679 0.774128 0.00866985 0.0405587 123
0 0.930917 0.731229 0.00859432 0.0302611 127
0 0.391201 0.817518 0.017092 0.054513 141
0 0.854852 0.763502 0.00994644 0.0401107 10
