0 0.452967 0.833978 0.0126395 0.067562 1
0 0.175511 0.878636 0.0109815 0.0583534 2
0 0.481361 0.831715 0.01358 0.0643129 3
0 0.953536 0.849647 0.0223127 0.0413834 4
0 0.857492 0.76351 0.00761442 0.0399452 5
0 0.696882 0.794357 0.00869141 0.0486381 6
0 0.773433 0.780254 0.00846276 0.0469023 11
0 0.83032 0.834363 0.0178122 0.0326929 12
0 0.855331 0.831331 0.0168682 0.0336437 16
0 0.88352 0.980061 0.0453322 0.0378382 20
0 0.71725 0.830467 0.0146661 0.030994 23
0 0.00726686 0.750826 0.010755 0.0185773 25
8 0.198539 0.915686 0.0465399 0.0318386 34
0 0.842934 0.766426 0.00924912 0.0459126 102
0 0.986755 0.736815 0.0108326 0.0474863 17
0 0.354975 0.989182 0.0148593 0.0216337 146
0 0.930514 0.752138 0.00923185 0.0395386 7
0 0.681156 0.790543 0.0106106 0.0354279 116
0 0.807832 0.774755 0.00936098 0.0435593 123
0 0.765316 0.697851 0.00591059 0.0174324 149
0 0.788147 0.776861 0.0108986 0.047145 15
0 0.115256 0.984061 0.0309336 0.022179 212
0 0.835528 0.770026 0.00745888 0.0385768 228
0 0.78512 0.698215 0.00640731 0.0200568 245
0 0.499208 0.811844 0.00902781 0.0434575 260
0 0.425936 0.916019 0.0240678 0.0380719 21
0 0.962883 0.743244 0.00921707 0.0448916 232
0 0.770415 0.780313 0.00896678 0.0484777 277
0 0.913548 0.743044 0.00939293 0.0206315 170
