0 0.45311 0.833968 0.012443 0.0672056 1
0 0.26117 0.866998 0.0124759 0.0545671 2
0 0.47916 0.827001 0.0145666 0.0601137 3
0 0.953629 0.848833 0.0221944 0.0429475 4
0 0.874111 0.758253 0.00866795 0.0391026 5
0 0.698219 0.794743 0.00880408 0.0461887 6
0 0.512368 0.78059 0.00798755 0.0220631 9
0 0.775434 0.776846 0.00652151 0.0501692 11
0 0.830788 0.834558 0.0162124 0.0320203 12
0 0.525986 0.778272 0.00827818 0.0263046 13
0 0.796415 0.775891 0.00760427 0.0482261 15
0 0.857147 0.828746 0.0150096 0.0366043 16
0 0.902158 0.752458 0.0090621 0.0462638 18
0 0.88353 0.980047 0.0454038 0.0383803 20
0 0.422479 0.909714 0.0193699 0.0498186 21
0 0.476463 0.796677 0.0108336 0.0286747 22
0 0.717121 0.830678 0.0120183 0.0317059 23
0 0.00915073 0.743551 0.00698765 0.0183315 25
8 0.198039 0.915312 0.0452582 0.0316741 34
0 0.789591 0.773409 0.00844965 0.0448572 8
0 0.829772 0.769351 0.00919313 0.0361231 61
0 0.99074 0.736433 0.00942516 0.0492416 91
0 0.843472 0.763132 0.00730257 0.0427273 102
0 0.783297 0.69521 0.00653939 0.0136878 110
0 0.944201 0.740517 0.00773602 0.0303295 76
0 0.851759 0.766677 0.010339 0.0451201 10
0 0.685074 0.795626 0.00981021 0.0423898 116
0 0.960386 0.745406 0.00842762 0.046082 17
