0 0.453583 0.833868 0.0134658 0.0668716 1
0 0.142341 0.885326 0.012348 0.0584081 2
0 0.48016 0.832531 0.0130421 0.0640545 3
0 0.953598 0.848233 0.0220578 0.0376454 4
0 0.700306 0.794766 0.00980883 0.0416673 6
0 0.76763 0.779477 0.00948844 0.0503717 11
0 0.830184 0.834632 0.0172806 0.0338627 12
0 0.855367 0.83133 0.016108 0.0339439 16
0 0.89534 0.975497 0.0657167 0.0455404 20
0 0.718642 0.83007 0.0132215 0.0320006 23
37 0.198634 0.915887 0.0464272 0.0319876 34
0 0.995156 0.735146 0.00946064 0.0463983 17
0 0.355263 0.989053 0.0139882 0.0218946 146
0 0.68639 0.796742 0.00983272 0.0432582 116
0 0.797897 0.776156 0.00895338 0.0424869 123
0 0.791114 0.776399 0.00793004 0.047669 15
0 0.116309 0.983561 0.032652 0.0265987 212
0 0.424294 0.894821 0.0154891 0.081777 21
0 0.952866 0.744767 0.00904789 0.0437496 232
0 0.754121 0.782349 0.00836616 0.0456401 277
0 0.935029 0.727638 0.00532694 0.0215391 291
0 0.509642 0.808716 0.00871434 0.0336123 260
0 0.84589 0.767496 0.00907316 0.0421602 228
0 0.917232 0.750999 0.0100633 0.0475075 7
0 0.502532 0.777921 0.00770321 0.0197857 309
37 0.0221337 0.938579 0.0442308 0.0293594 311
0 0.788563 0.699695 0.00618963 0.0190708 245
0 0.479352 0.781037 0.00758247 0.0197195 316
