0 0.453108 0.834159 0.0124387 0.0673923 1
0 0.1985 0.875606 0.0110652 0.0547873 2
0 0.481103 0.830076 0.0145577 0.0637147 3
0 0.953506 0.849082 0.0223338 0.0422175 4
0 0.865507 0.759821 0.00873213 0.0378843 5
0 0.697988 0.792567 0.00924311 0.0516769 6
0 0.777077 0.778733 0.00947957 0.0459962 11
0 0.830358 0.834502 0.0181597 0.0329789 12
0 0.513734 0.778681 0.00801172 0.024249 13
0 0.855744 0.830921 0.0158082 0.0325445 16
0 0.883325 0.98087 0.0446906 0.0363819 20
0 0.423605 0.912521 0.0191355 0.0463309 21
0 0.717226 0.830281 0.0148038 0.0314844 23
0 0.00896774 0.747911 0.00768837 0.0163065 25
8 0.199207 0.915951 0.0454824 0.0316045 34
0 0.843968 0.762783 0.010364 0.0421702 102
0 0.983095 0.7395 0.0103901 0.0492676 17
0 0.354941 0.989198 0.0148893 0.0215913 146
0 0.938888 0.746269 0.0103715 0.0434465 7
0 0.677907 0.792313 0.00838132 0.0378963 116
0 0.90905 0.74381 0.00904408 0.0270321 170
0 0.810647 0.774362 0.00873346 0.044392 123
0 0.764683 0.69741 0.00667648 0.0176208 149
0 0.787947 0.776859 0.0105493 0.0475857 15
0 0.115167 0.983548 0.0313799 0.0211745 212
0 0.826463 0.770007 0.0109779 0.0415526 228
0 0.391467 0.813345 0.0166697 0.0457583 141
0 0.967349 0.740337 0.00857429 0.0443267 232
0 0.960174 0.742433 0.00595026 0.0281759 194
0 0.782947 0.698188 0.00646172 0.0218456 245
