0 0.452655 0.834178 0.0125036 0.0658184 1
0 0.957314 0.847989 0.0152081 0.034662 4
0 0.831147 0.835307 0.0188382 0.0326368 12
0 0.856505 0.82987 0.0137102 0.0329024 16
0 0.718357 0.830286 0.0141107 0.0316487 23
0 0.443173 0.892055 0.0161614 0.0821564 21
0 0.467933 0.8286 0.0117021 0.0563599 260
0 0.842617 0.766907 0.00847006 0.045658 495
0 0.114282 0.983269 0.033116 0.0273849 538
0 0.554644 0.819386 0.0114897 0.0506109 6
0 0.796275 0.775586 0.00832419 0.0489427 953
0 0.475185 0.856399 0.0180011 0.0249187 3
0 0.730747 0.785057 0.0095068 0.0511912 1102
0 0.355029 0.989187 0.0148278 0.0216261 1114
37 0.0220514 0.938527 0.0441029 0.0314955 1123
0 0.655302 0.796661 0.0120155 0.0570717 762
0 0.00564649 0.977467 0.0112141 0.0224446 1150
0 0.0183606 0.753646 0.0117265 0.0218752 1151
0 0.610881 0.806475 0.0118465 0.0569859 1167
0 0.894117 0.975311 0.0657172 0.0466535 1267
0 0.684758 0.794444 0.00812335 0.0444139 1307
37 0.198215 0.916383 0.0450195 0.0308763 34
0 0.701597 0.793137 0.0113469 0.0472883 1140
0 0.973769 0.762232 0.0192555 0.0279 1353
0 0.67604 0.815582 0.0159122 0.0186351 1359
0 0.907021 0.972769 0.0440494 0.0417796 1364
0 0.964373 0.748596 0.00809231 0.0365434 1376
0 0.951083 0.849589 0.0282954 0.038272 1380
0 0.390852 0.815796 0.0184549 0.0540116 1324
0 0.0639133 0.740983 0.00766572 0.0199315 1279
0 0.935276 0.723775 0.00663595 0.0179036 821
