0 0.453164 0.833278 0.0127712 0.0684669 1
0 0.472824 0.852538 0.0189467 0.0350698 3
0 0.953758 0.848889 0.0219961 0.0400119 4
0 0.69554 0.794211 0.00922337 0.0456098 6
0 0.830672 0.834624 0.0176629 0.0336449 12
0 0.85288 0.831931 0.0217876 0.035031 16
0 0.89192 0.975936 0.0615264 0.0459951 20
0 0.718224 0.830446 0.013978 0.0316491 23
0 0.796197 0.777828 0.00662751 0.0466446 123
0 0.433817 0.914603 0.0243362 0.0370344 21
0 0.543455 0.815738 0.0119431 0.0530294 260
37 0.198838 0.916046 0.0464412 0.0321336 34
0 0.7352 0.787441 0.00845032 0.0404127 277
0 0.904778 0.973148 0.0408605 0.0401438 367
0 0.843053 0.765732 0.00835752 0.047659 7
0 0.0715485 0.740323 0.00845779 0.0234095 451
0 0.864075 0.761859 0.00884266 0.0499792 495
0 0.706251 0.792143 0.0106782 0.0471285 500
0 0.00998456 0.747409 0.00844412 0.0205901 523
0 0.755482 0.781085 0.00797739 0.0487482 11
0 0.801094 0.776461 0.00885596 0.044635 417
0 0.114744 0.980886 0.0300088 0.023165 538
0 0.817314 0.780044 0.00596972 0.0306784 493
0 0.319689 0.708895 0.00668633 0.0182958 570
0 0.744874 0.784153 0.00934529 0.0453297 572
0 0.831459 0.765481 0.0096488 0.0469301 228
0 0.272492 0.72988 0.00635149 0.0161821 475
0 0.935772 0.72376 0.00582514 0.0196726 598
0 0.348354 0.755311 0.00983455 0.0197315 411
0 0.78992 0.702124 0.00560918 0.0214494 581
