0 0.452968 0.833809 0.0128163 0.0673262 1
0 0.251322 0.867616 0.0116427 0.0569466 2
0 0.478342 0.829134 0.0125578 0.0593783 3
0 0.953621 0.848764 0.0222367 0.0428357 4
0 0.873608 0.762201 0.00840473 0.0409864 5
0 0.69798 0.794504 0.00845475 0.0468586 6
0 0.509494 0.781368 0.0066844 0.0234849 9
0 0.775514 0.776659 0.00669866 0.0513822 11
0 0.830687 0.83456 0.0159912 0.0318993 12
0 0.523939 0.778064 0.00778208 0.0252623 13
0 0.795395 0.775827 0.00856595 0.0475805 15
0 0.856109 0.829712 0.0164854 0.0357742 16
0 0.88341 0.980216 0.0451453 0.0382419 20
0 0.42332 0.9099 0.0181138 0.0497139 21
0 0.717075 0.831061 0.0128376 0.0310017 23
0 0.00852926 0.743354 0.00881511 0.0185464 25
37 0.198231 0.915757 0.0461254 0.0318807 34
0 0.788466 0.775365 0.00896568 0.0471715 8
0 0.827099 0.769512 0.00920143 0.0374809 61
0 0.986747 0.737215 0.00821142 0.0467062 91
0 0.843612 0.763843 0.00786467 0.044244 102
0 0.7825 0.693714 0.00719523 0.0131263 110
0 0.9472 0.741108 0.00662947 0.0302194 76
0 0.68311 0.795189 0.0117389 0.0440025 116
0 0.963857 0.743613 0.00995645 0.043912 17
0 0.808775 0.773608 0.00832281 0.0406494 123
0 0.930977 0.731206 0.00865612 0.0302441 127
0 0.391184 0.81745 0.0171557 0.0545793 141
0 0.854817 0.763292 0.00973854 0.0396785 10
