0 0.45204 0.834288 0.012724 0.0659209 1
0 0.953615 0.849719 0.022229 0.041066 4
0 0.830813 0.834896 0.0176412 0.0330906 12
0 0.856597 0.829665 0.0136046 0.0327198 16
0 0.718589 0.830402 0.0138888 0.0315534 23
0 0.432299 0.914109 0.0268408 0.0370342 21
0 0.506843 0.823864 0.0146149 0.0543279 260
37 0.197819 0.916336 0.0449199 0.0316406 34
0 0.842483 0.767037 0.00851355 0.0452645 495
0 0.115475 0.982966 0.0350313 0.0273688 538
0 0.572829 0.815422 0.0112628 0.0484232 6
0 0.939331 0.727589 0.00780449 0.0203175 821
0 0.796641 0.774826 0.00833797 0.0478633 953
0 0.971893 0.762354 0.0129758 0.0268483 649
0 0.474972 0.856814 0.0178678 0.0245054 3
0 0.746484 0.783104 0.0067718 0.0479579 1102
0 0.355438 0.989101 0.014056 0.0217878 1114
37 0.0221541 0.938258 0.0443082 0.0295235 1123
0 0.715801 0.788564 0.00770936 0.0483548 1140
0 0.69316 0.790305 0.0111297 0.0543057 762
0 0.00559248 0.978988 0.0111177 0.0182499 1150
0 0.0119318 0.749875 0.0104529 0.0205399 1151
0 0.662052 0.796625 0.0117456 0.0542299 1167
0 0.70957 0.79058 0.00743995 0.0445566 1033
0 0.314986 0.713664 0.00654607 0.0174137 1103
0 0.985476 0.748043 0.00802546 0.0356585 1233
0 0.390822 0.811726 0.0185209 0.0450746 1249
