0 0.452935 0.834107 0.0127053 0.067164 1
0 0.171684 0.882917 0.012279 0.0596964 2
0 0.481161 0.831972 0.0133291 0.0645872 3
0 0.953601 0.849585 0.0221947 0.0411779 4
0 0.856644 0.76325 0.00836525 0.04091 5
0 0.696936 0.794329 0.008745 0.0482906 6
0 0.773304 0.779389 0.0091455 0.0487959 11
0 0.830322 0.834366 0.0179429 0.0328419 12
0 0.855163 0.831476 0.0174055 0.0341011 16
0 0.883555 0.979473 0.0454174 0.0386209 20
0 0.717314 0.830553 0.0148838 0.0308829 23
0 0.00715875 0.75075 0.00914113 0.0183572 25
8 0.198163 0.915607 0.0471659 0.0316474 34
0 0.843053 0.765588 0.00934153 0.0455118 102
0 0.987472 0.737129 0.0114378 0.0465925 17
0 0.354874 0.989154 0.0150635 0.021674 146
0 0.929475 0.748529 0.00974159 0.0428282 7
0 0.681489 0.790852 0.0103357 0.0349822 116
0 0.806277 0.774268 0.00912695 0.0441999 123
0 0.765703 0.69793 0.00621114 0.0175997 149
0 0.788228 0.776952 0.0107183 0.0475891 15
0 0.115496 0.984306 0.0308098 0.0224202 212
0 0.785584 0.697978 0.00658679 0.016657 245
0 0.500929 0.811286 0.0112178 0.0460127 260
0 0.425506 0.914509 0.0229967 0.0412084 21
0 0.962769 0.74334 0.0103093 0.0475554 232
0 0.766695 0.780764 0.00908871 0.0476664 277
0 0.914927 0.742623 0.0108964 0.0195142 170
