0 0.453081 0.834005 0.0128397 0.0673731 1
0 0.231884 0.871755 0.0167641 0.0520297 2
0 0.480244 0.828042 0.0126499 0.0609399 3
0 0.953576 0.84878 0.0224927 0.0428603 4
0 0.871532 0.762631 0.00938129 0.0401601 5
0 0.69822 0.795109 0.00930777 0.0443018 6
0 0.775824 0.777225 0.00739675 0.0496371 11
0 0.829193 0.834048 0.0181209 0.0321377 12
0 0.520555 0.777066 0.00997462 0.0269452 13
0 0.792085 0.777534 0.0149399 0.0454133 15
0 0.854729 0.831263 0.0201764 0.0352908 16
0 0.883623 0.980212 0.0454768 0.0383086 20
0 0.422167 0.909261 0.0192571 0.0514564 21
0 0.71724 0.830624 0.0136777 0.0319966 23
0 0.00961922 0.744313 0.0104826 0.0208815 25
37 0.198778 0.915496 0.0459158 0.0331101 34
0 0.787336 0.776596 0.00758691 0.046154 8
0 0.821009 0.771836 0.00851116 0.0431141 61
0 0.979526 0.739184 0.00834932 0.0471898 91
0 0.8434 0.764702 0.00790691 0.0445615 102
0 0.970332 0.738466 0.0104853 0.0374262 17
0 0.811799 0.771247 0.00799017 0.043507 123
0 0.933486 0.729423 0.00777178 0.0231199 127
0 0.853848 0.764338 0.00873547 0.0421068 10
0 0.354396 0.989064 0.0145946 0.0218631 146
0 0.765123 0.695659 0.00538268 0.0125663 149
0 0.949167 0.74382 0.0101664 0.0440706 7
0 0.678415 0.791314 0.0102523 0.0348076 116
0 0.906876 0.743629 0.00888586 0.0238158 170
0 0.391017 0.81751 0.017816 0.0564976 141
