0 0.452978 0.834721 0.0126198 0.0671145 1
0 0.83132 0.834966 0.0168144 0.0325666 12
0 0.853519 0.834133 0.020746 0.0284609 16
0 0.718432 0.82963 0.0143692 0.0323462 23
0 0.842824 0.764811 0.00851765 0.0409839 495
0 0.114566 0.982857 0.031224 0.024479 538
0 0.797285 0.775195 0.00932288 0.050246 953
0 0.47572 0.857161 0.017365 0.0240054 3
0 0.739627 0.783459 0.00697255 0.0477615 1102
0 0.55391 0.813336 0.0118184 0.0598798 762
0 0.512506 0.821264 0.0134016 0.0545807 1167
0 0.89082 0.977057 0.059817 0.0439548 1267
37 0.198631 0.916216 0.0438415 0.0306675 34
0 0.730503 0.786222 0.00787587 0.0456827 1140
0 0.971771 0.762644 0.0134555 0.0263867 1353
0 0.904653 0.973303 0.0385451 0.0383404 1364
0 0.689178 0.794757 0.0102181 0.0466357 1391
0 0.632583 0.804611 0.00794625 0.0469389 1307
0 0.882983 0.984776 0.0441431 0.0286752 1411
0 0.956705 0.847767 0.0161908 0.0345255 4
37 0.0221968 0.938605 0.0443786 0.0294 1123
0 0.702469 0.792722 0.0102844 0.0470769 1465
0 0.972347 0.733102 0.00567141 0.0276537 1490
0 0.650722 0.808318 0.00682778 0.032656 1495
0 0.270468 0.900823 0.013595 0.0749602 1503
0 0.945803 0.85001 0.0151011 0.037803 1472
0 0.374959 0.846158 0.0126616 0.062748 1431
0 0.929603 0.728181 0.00762968 0.0215384 1526
0 0.355207 0.989417 0.0147887 0.0211665 1531
0 0.923842 0.749 0.00771542 0.0301023 1376
0 0.391096 0.832432 0.0180616 0.0851943 1324
