0 0.452386 0.834072 0.0124838 0.0680602 1
0 0.953766 0.850042 0.0228395 0.0429035 4
0 0.830558 0.834676 0.0175164 0.0333423 12
0 0.855875 0.831612 0.0152415 0.0304795 16
0 0.890438 0.975537 0.0579417 0.0455966 20
0 0.718122 0.830379 0.0150357 0.0318882 23
0 0.432919 0.914847 0.0257188 0.0373255 21
0 0.547533 0.815384 0.0114889 0.0506504 260
37 0.198903 0.915917 0.0477775 0.0318791 34
0 0.703537 0.791773 0.00980372 0.0468162 277
0 0.842603 0.765456 0.00843229 0.0446066 495
0 0.114617 0.981559 0.0323065 0.0295068 538
0 0.731237 0.786756 0.0105083 0.0483651 572
0 0.76112 0.77974 0.0104426 0.0510747 762
0 0.62616 0.807873 0.0112154 0.0510699 6
0 0.940678 0.728607 0.00635519 0.0198869 821
0 0.692492 0.795691 0.00990434 0.0473717 882
0 0.797205 0.774525 0.00801287 0.0470306 953
0 0.0571752 0.735728 0.00542324 0.0158189 955
0 0.974197 0.763236 0.0193712 0.0264238 649
0 0.67639 0.81555 0.0159772 0.0173532 971
0 0.00496635 0.751038 0.00966924 0.0183087 523
0 0.474216 0.855335 0.017125 0.0276474 3
0 0.273608 0.728427 0.00766017 0.0183505 999
0 0.391448 0.818319 0.0165824 0.0584115 943
0 0.0638306 0.751623 0.00902508 0.011664 1030
0 0.74641 0.78204 0.00798917 0.0456137 1031
0 0.736931 0.787669 0.00802846 0.0434921 1033
