0 0.452672 0.833344 0.0132926 0.0671463 1
0 0.476868 0.834343 0.0157148 0.0664727 3
0 0.953381 0.848838 0.0220367 0.0396086 4
0 0.698722 0.794412 0.0102215 0.0474701 6
0 0.755385 0.783983 0.0098021 0.044745 11
0 0.830247 0.834714 0.0174186 0.0332455 12
0 0.855674 0.830884 0.0166654 0.034275 16
0 0.894192 0.975376 0.0654611 0.0467377 20
0 0.718757 0.830448 0.0145257 0.0314297 23
0 0.354901 0.989124 0.0144408 0.0216491 146
0 0.793876 0.774895 0.00955791 0.0462045 123
0 0.434144 0.907325 0.0244272 0.0514884 21
0 0.922989 0.751086 0.00848055 0.0469664 232
0 0.51561 0.809392 0.0100087 0.0426542 260
0 0.843076 0.765697 0.00810156 0.0465985 228
0 0.973568 0.762541 0.0183543 0.0281994 338
37 0.198003 0.915856 0.0461707 0.0317832 34
0 0.776569 0.779971 0.00866775 0.0425594 15
0 0.746063 0.784303 0.0102631 0.0463908 277
0 0.9055 0.972623 0.0419147 0.041831 367
0 0.00731972 0.751861 0.00829475 0.0169663 347
0 0.853192 0.832109 0.0225948 0.0356439 408
0 0.321712 0.750647 0.010561 0.0144376 411
0 0.832194 0.770031 0.00709534 0.0444166 417
0 0.485758 0.776827 0.00954328 0.0213046 309
0 0.902602 0.756223 0.00938969 0.043558 437
0 0.886108 0.757181 0.009694 0.0472243 7
0 0.0642295 0.896999 0.0098735 0.0507168 2
