0 0.453307 0.834154 0.011937 0.0657602 1
0 0.831256 0.835164 0.0168998 0.0323858 12
0 0.853471 0.835305 0.0218315 0.0260352 16
0 0.718515 0.830245 0.0134525 0.0314397 23
0 0.842906 0.765892 0.00851746 0.0445311 495
0 0.114388 0.982875 0.0324628 0.0257899 538
0 0.79656 0.774786 0.008285 0.0484307 953
0 0.475518 0.857763 0.0178631 0.0225005 3
0 0.529207 0.817466 0.0132502 0.057656 762
0 0.488459 0.828058 0.0129441 0.0549667 1167
0 0.893058 0.97587 0.0635181 0.0458251 1267
37 0.19571 0.915721 0.039222 0.0304349 34
0 0.732832 0.786154 0.00879955 0.0456112 1140
0 0.906303 0.972531 0.0397727 0.0386954 1364
0 0.689198 0.795873 0.0100288 0.0474088 1391
0 0.61953 0.809169 0.0113448 0.0507506 1307
0 0.883805 0.980374 0.0451179 0.0376895 1411
0 0.956095 0.848635 0.0169675 0.0364265 4
37 0.0220618 0.938522 0.0441214 0.028201 1123
0 0.702741 0.79231 0.0103742 0.0468988 1465
0 0.222702 0.903133 0.0199319 0.0779397 1503
0 0.3568 0.847724 0.0129172 0.0627695 1431
0 0.929359 0.728002 0.00780907 0.0253796 1526
0 0.35543 0.989346 0.0139744 0.021306 1531
0 0.554868 0.817598 0.0104584 0.0491167 6
0 0.63361 0.811979 0.00725636 0.034358 1495
0 0.742771 0.783069 0.0087307 0.0501533 1102
0 0.91674 0.753151 0.00854206 0.0399079 1376
0 0.391106 0.824781 0.0179827 0.0715047 1324
