0 0.452128 0.833776 0.0129352 0.0687569 1
0 0.953759 0.850047 0.0228209 0.0428805 4
0 0.830548 0.834671 0.01747 0.0333604 12
0 0.85638 0.830447 0.0136172 0.0321611 16
0 0.890327 0.975756 0.0578403 0.0455822 20
0 0.718381 0.83068 0.0144156 0.0311752 23
0 0.434444 0.914117 0.0222817 0.0371214 21
0 0.55175 0.816597 0.0113294 0.0553561 260
37 0.199357 0.916518 0.048631 0.0307288 34
0 0.702429 0.792578 0.00928316 0.0463624 277
0 0.842307 0.763945 0.00820036 0.0416117 495
0 0.115095 0.98106 0.0336679 0.0309971 538
0 0.736322 0.786378 0.00853033 0.0471964 572
0 0.769587 0.777623 0.0100152 0.051978 762
0 0.634217 0.805392 0.010655 0.0459284 6
0 0.940334 0.728789 0.00784044 0.0215641 821
0 0.692649 0.796751 0.00964499 0.0448554 882
0 0.797277 0.775465 0.0112677 0.0493323 953
0 0.0576727 0.737037 0.00522336 0.0186824 955
0 0.973628 0.763419 0.020225 0.0263219 649
0 0.676208 0.815467 0.0155518 0.0175802 971
0 0.00492676 0.751175 0.00918166 0.0180519 523
0 0.475588 0.854199 0.0167479 0.029284 3
0 0.741369 0.78319 0.00906949 0.0518211 228
0 0.274 0.728166 0.0065599 0.0164271 999
0 0.391113 0.818444 0.0176161 0.0586644 943
