0 0.452207 0.834022 0.0114349 0.065633 1
0 0.957198 0.848214 0.0155966 0.035435 4
0 0.831255 0.835239 0.0188179 0.0329647 12
0 0.856494 0.829894 0.0136962 0.0327679 16
0 0.718376 0.830198 0.0140509 0.0317323 23
0 0.442342 0.893274 0.0162474 0.0810822 21
0 0.465015 0.828494 0.0123855 0.0577862 260
0 0.842808 0.767072 0.00868473 0.0465568 495
0 0.114285 0.98328 0.0330812 0.0274229 538
0 0.554773 0.819032 0.0107471 0.0500464 6
0 0.796343 0.77565 0.00827122 0.0491051 953
0 0.475197 0.855995 0.018901 0.0260249 3
0 0.728658 0.785275 0.00849738 0.0516592 1102
0 0.355015 0.989191 0.0148674 0.0216189 1114
8 0.0220486 0.937838 0.0440913 0.0329267 1123
0 0.650659 0.79734 0.0107076 0.0578776 762
0 0.00557211 0.977639 0.0110838 0.0219031 1150
0 0.0183503 0.753567 0.0110695 0.021613 1151
0 0.607783 0.807718 0.0110472 0.0566118 1167
0 0.893884 0.975323 0.0651577 0.0465902 1267
0 0.682114 0.788351 0.00731802 0.0346579 1307
37 0.198052 0.916199 0.0452076 0.0309759 34
0 0.70117 0.793534 0.0115648 0.0472653 1140
0 0.974126 0.762851 0.0189768 0.026903 1353
0 0.674822 0.815654 0.0140874 0.018738 1359
0 0.90683 0.972785 0.0434206 0.0417546 1364
0 0.963037 0.748614 0.00716696 0.0352604 1376
0 0.950267 0.84978 0.0292834 0.0387091 1380
0 0.390951 0.817214 0.0183892 0.0564713 1324
0 0.0634645 0.740751 0.00990963 0.0209889 1279
0 0.936263 0.723969 0.00687075 0.0164291 821
0 0.688814 0.794372 0.00845633 0.0455237 1391
