0 0.452581 0.833356 0.0123963 0.0673392 1
0 0.473325 0.855022 0.0193287 0.0302233 3
0 0.953353 0.849642 0.022358 0.0415816 4
0 0.693525 0.793664 0.00926118 0.0455907 6
0 0.830526 0.834826 0.0176002 0.0336132 12
0 0.85585 0.831993 0.0154686 0.030829 16
0 0.890917 0.976566 0.0602565 0.0452894 20
0 0.718634 0.830354 0.0142371 0.0310805 23
0 0.434914 0.914173 0.02202 0.0375604 21
0 0.553401 0.812859 0.0123183 0.0471363 260
37 0.198837 0.915902 0.0452789 0.0311985 34
0 0.715547 0.7905 0.00910068 0.0428751 277
0 0.903005 0.972743 0.0375736 0.0389616 367
0 0.841425 0.766616 0.0124604 0.0473674 495
0 0.702633 0.791243 0.0110365 0.0471197 500
0 0.00713771 0.752849 0.00932311 0.0192758 523
0 0.756042 0.781451 0.00709476 0.0480543 11
0 0.115394 0.983317 0.0311168 0.0261809 538
0 0.807894 0.781395 0.00600939 0.0289218 493
0 0.73957 0.784438 0.00981135 0.0458493 572
0 0.820681 0.770788 0.0101339 0.0491617 228
0 0.00539728 0.978777 0.0107518 0.020023 627
0 0.974084 0.763789 0.0192427 0.0247233 649
0 0.796566 0.774754 0.00810223 0.0492198 417
0 0.786833 0.777736 0.0088047 0.0434218 683
0 0.318286 0.713928 0.00560973 0.0174836 570
37 0.0221495 0.937936 0.0442981 0.0299175 311
0 0.277043 0.727151 0.00589263 0.0153755 694
0 0.0667546 0.741184 0.00777063 0.0260566 733
0 0.778241 0.69856 0.00507116 0.015891 752
