0 0.452731 0.833358 0.0126127 0.0682374 1
0 0.483367 0.858778 0.0312971 0.0202364 3
0 0.953509 0.849261 0.0220289 0.0415682 4
0 0.831261 0.834567 0.0185826 0.0336809 12
0 0.856148 0.830458 0.0144178 0.0328132 16
0 0.890397 0.976259 0.0571507 0.0453361 20
0 0.718258 0.830373 0.0146148 0.0306469 23
0 0.433923 0.914491 0.0241001 0.0360089 21
0 0.56182 0.814428 0.0123346 0.0534815 260
37 0.198142 0.915363 0.0459948 0.0322342 34
0 0.703841 0.791981 0.00942793 0.044215 277
0 0.843353 0.765679 0.00835667 0.0493664 495
0 0.750666 0.782434 0.00879321 0.0489781 11
0 0.118605 0.983812 0.0371824 0.0260161 538
0 0.736335 0.785507 0.00817738 0.0463458 572
0 0.780555 0.776809 0.010496 0.0516013 228
0 0.79916 0.774687 0.0117432 0.0514673 762
0 0.00591906 0.751273 0.0107336 0.0199567 523
0 0.853819 0.830995 0.0204452 0.03373 865
0 0.669203 0.796687 0.0103015 0.0369782 6
0 0.763862 0.780473 0.00798621 0.0429034 683
0 0.287638 0.723864 0.00673349 0.0184639 879
0 0.937685 0.728757 0.00880899 0.0240295 821
0 0.692204 0.794737 0.00963478 0.0488568 882
0 0.771931 0.786322 0.00716581 0.0307421 890
