0 0.451314 0.834157 0.0138878 0.0654687 1
0 0.830874 0.834902 0.0178539 0.0335615 12
0 0.856248 0.830839 0.0144938 0.032705 16
0 0.718002 0.830198 0.0135267 0.0312283 23
0 0.843284 0.767213 0.00845757 0.0465366 495
0 0.114592 0.983781 0.0322847 0.0263985 538
0 0.555391 0.81942 0.009793 0.0509235 6
0 0.796471 0.775554 0.00914931 0.0496275 953
0 0.47552 0.856443 0.0191219 0.0260136 3
0 0.72204 0.786725 0.00987935 0.049039 1102
0 0.35514 0.989352 0.0140027 0.0212965 1114
37 0.0225128 0.938659 0.0450257 0.0297525 1123
0 0.618186 0.80412 0.0134535 0.0583892 762
0 0.0126169 0.751813 0.0083895 0.0158154 1151
0 0.575366 0.812476 0.0114766 0.0583661 1167
0 0.893826 0.975344 0.0621851 0.0446665 1267
37 0.198048 0.915698 0.0457544 0.0318176 34
0 0.701851 0.792302 0.00865092 0.0442968 1140
0 0.974493 0.762832 0.0184802 0.0267718 1353
0 0.905256 0.973163 0.0410415 0.0394791 1364
0 0.935677 0.728311 0.0085887 0.0266235 821
0 0.687073 0.795446 0.0105701 0.0437058 1391
0 0.665888 0.800688 0.0081882 0.0468303 1307
0 0.883576 0.984688 0.0447931 0.0280301 1411
0 0.695686 0.794333 0.0090342 0.0432414 1415
0 0.393774 0.898355 0.0220043 0.0822328 1403
0 0.947946 0.747979 0.00658569 0.0346239 1376
0 0.435403 0.835177 0.0126086 0.0626143 1431
0 0.956921 0.848331 0.0166077 0.0351864 4
0 0.391425 0.813228 0.0180745 0.0469479 1324
