0 0.453733 0.835426 0.011603 0.0636579 1
0 0.831218 0.834744 0.0169388 0.032913 12
0 0.853387 0.835043 0.0217959 0.0265373 16
0 0.718567 0.830331 0.0136275 0.0314063 23
0 0.842921 0.765914 0.00844069 0.0456448 495
0 0.114424 0.982695 0.0323473 0.0254132 538
0 0.796702 0.774871 0.0083364 0.0466604 953
0 0.512949 0.819906 0.0128011 0.0591187 762
0 0.469487 0.82865 0.00893064 0.0559503 1167
37 0.197839 0.916203 0.045784 0.0314881 34
0 0.734078 0.78568 0.00897841 0.0451514 1140
0 0.902741 0.972484 0.0338362 0.039595 1364
0 0.688955 0.795841 0.0104526 0.0445386 1391
0 0.607337 0.80901 0.0141423 0.0502654 1307
0 0.883686 0.981756 0.0457988 0.0352485 1411
0 0.956484 0.848858 0.0163095 0.0367687 4
37 0.0221761 0.938346 0.0441915 0.0287178 1123
0 0.70063 0.792905 0.0110233 0.0437803 1465
0 0.189412 0.904843 0.0146342 0.0762275 1503
0 0.35081 0.847269 0.0135375 0.0613447 1431
0 0.355133 0.989369 0.0139234 0.0212562 1531
0 0.555383 0.818893 0.00999346 0.0479696 6
0 0.621505 0.815576 0.00763254 0.0386659 1495
0 0.742935 0.783144 0.00757117 0.0493361 1102
0 0.95116 0.737029 0.00641232 0.0168746 1609
0 0.391522 0.817448 0.0172661 0.0534608 1324
0 0.889975 0.975779 0.0585811 0.0462644 1267
0 0.928926 0.729738 0.00685024 0.0176697 1618
0 0.475031 0.854502 0.0166457 0.0292538 3
0 0.915509 0.754867 0.00761309 0.0438282 1376
