0 0.453635 0.833308 0.0116446 0.0672701 1
0 0.110311 0.893058 0.0161597 0.0621841 2
0 0.479115 0.832049 0.0142787 0.0640593 3
0 0.953593 0.848737 0.0218196 0.0390625 4
0 0.696991 0.794734 0.0102643 0.0448346 6
0 0.759882 0.78055 0.00745716 0.0490017 11
0 0.830164 0.834672 0.0173944 0.0335724 12
0 0.855675 0.831158 0.0164783 0.0339655 16
0 0.8946 0.975158 0.0648635 0.0461941 20
0 0.71835 0.830321 0.0138993 0.0316008 23
0 0.355037 0.989285 0.0143702 0.0214308 146
0 0.796834 0.77672 0.00772839 0.046499 123
0 0.431476 0.894699 0.0203863 0.0786698 21
0 0.942532 0.74942 0.00923147 0.0477071 232
0 0.514471 0.808967 0.00880704 0.041577 260
0 0.842765 0.766237 0.00936861 0.0472711 228
0 0.905589 0.754476 0.00980396 0.0477801 7
0 0.494263 0.782515 0.00723248 0.028784 309
37 0.0220856 0.938952 0.0441712 0.0304593 311
0 0.991352 0.738452 0.0078023 0.0340586 300
0 0.874584 0.758214 0.00752907 0.0373558 336
0 0.973106 0.762671 0.0168237 0.0276511 338
37 0.198133 0.915715 0.0458317 0.0318637 34
0 0.00507027 0.749786 0.00974941 0.018687 347
0 0.790483 0.778279 0.00896306 0.044764 15
0 0.746916 0.783099 0.00913425 0.0442182 277
