0 0.452936 0.834115 0.0127099 0.0671282 1
0 0.170936 0.883143 0.0124813 0.0591827 2
0 0.481113 0.83216 0.0133243 0.064802 3
0 0.95364 0.849587 0.0221272 0.041154 4
0 0.856469 0.763705 0.00853176 0.0419737 5
0 0.696939 0.794437 0.00878358 0.0480626 6
0 0.773083 0.779045 0.00925322 0.0498283 11
0 0.830322 0.834388 0.0179709 0.0328398 12
0 0.855174 0.831473 0.0173862 0.0341613 16
0 0.883536 0.979486 0.0453802 0.0385739 20
0 0.717318 0.830564 0.0149173 0.0308649 23
0 0.00657683 0.750903 0.0099568 0.018132 25
8 0.198232 0.915604 0.0472585 0.0315547 34
0 0.842868 0.766075 0.0100894 0.0453946 102
0 0.98768 0.737401 0.011346 0.0470179 17
0 0.354871 0.989158 0.0150687 0.02168 146
0 0.929173 0.749316 0.00972738 0.0451174 7
0 0.681583 0.790921 0.0105042 0.0358148 116
0 0.806193 0.774223 0.00920877 0.0439758 123
0 0.76571 0.697717 0.00632596 0.0173846 149
0 0.788205 0.776964 0.0108477 0.0473675 15
0 0.115493 0.984321 0.0307918 0.022429 212
0 0.785936 0.698353 0.00681472 0.0162391 245
0 0.501108 0.810656 0.0116528 0.0465627 260
0 0.424735 0.913522 0.0216843 0.0434233 21
0 0.962247 0.743697 0.0102364 0.0481316 232
0 0.766427 0.781042 0.008851 0.0481233 277
0 0.915421 0.74282 0.011265 0.0195189 170
