0 0.452215 0.833771 0.0125081 0.0658563 1
0 0.953556 0.851054 0.0219722 0.0411123 4
0 0.830813 0.834785 0.0176324 0.0333021 12
0 0.855592 0.829425 0.0141554 0.0333634 16
0 0.718542 0.82966 0.0143718 0.0326242 23
0 0.436433 0.899058 0.0192718 0.064296 21
0 0.484324 0.826777 0.0128282 0.0556183 260
0 0.842314 0.767015 0.00883188 0.0458032 495
0 0.114552 0.982472 0.0334895 0.0278793 538
0 0.555888 0.818332 0.0116591 0.049001 6
0 0.935038 0.727952 0.00648575 0.0226302 821
0 0.796415 0.776364 0.00837946 0.0476768 953
0 0.475732 0.857988 0.0191948 0.0221885 3
0 0.739442 0.784309 0.0099865 0.0492306 1102
0 0.35498 0.989116 0.01516 0.02176 1114
37 0.0221136 0.937839 0.044202 0.0277902 1123
0 0.670869 0.792128 0.00945692 0.0511007 762
0 0.00567486 0.978038 0.0112858 0.0209622 1150
0 0.0173449 0.752092 0.0104506 0.0176713 1151
0 0.630909 0.800941 0.010804 0.0528417 1167
0 0.89088 0.9755 0.059093 0.0466498 1267
0 0.0659249 0.736379 0.00580969 0.0205903 1279
0 0.693803 0.795976 0.0119532 0.0476638 1307
37 0.198013 0.915681 0.045904 0.0316134 34
0 0.696518 0.79435 0.00940485 0.0422966 1318
0 0.704373 0.792085 0.00922189 0.0435306 1140
0 0.291478 0.724065 0.00790188 0.017151 1281
0 0.391189 0.832533 0.0181013 0.0871212 1324
