0 0.452031 0.833073 0.0118633 0.0672206 1
0 0.95374 0.85004 0.0227889 0.0428981 4
0 0.830553 0.834654 0.0174141 0.0333556 12
0 0.856404 0.830525 0.0136079 0.0323123 16
0 0.890372 0.97567 0.0577408 0.0454765 20
0 0.718349 0.830334 0.0144704 0.0318985 23
0 0.434282 0.914382 0.0227912 0.0375165 21
0 0.55532 0.816105 0.0123414 0.0538779 260
8 0.198791 0.915575 0.0461354 0.0319047 34
0 0.702505 0.792136 0.0102719 0.0454409 277
0 0.843743 0.763017 0.00722055 0.0390266 495
0 0.114623 0.981482 0.0325121 0.0293774 538
0 0.736741 0.785611 0.0086689 0.0476833 572
0 0.751214 0.782024 0.00865889 0.0513039 228
0 0.777377 0.777097 0.00930691 0.0522267 762
0 0.642134 0.804435 0.0103699 0.0484843 6
0 0.290969 0.721255 0.0061866 0.0177345 879
0 0.939948 0.727939 0.00723982 0.0207078 821
0 0.692434 0.796687 0.00965886 0.0455827 882
0 0.79701 0.775792 0.0126408 0.0499398 953
0 0.0583739 0.74053 0.00468096 0.0189327 955
0 0.974639 0.762995 0.0193451 0.026986 649
0 0.676276 0.815247 0.015705 0.0177617 971
0 0.00505718 0.752513 0.00968686 0.0171301 523
0 0.74624 0.785188 0.00698962 0.047525 683
0 0.475741 0.856235 0.0327642 0.0251939 3
