0 0.45188 0.834299 0.0123255 0.0664292 1
0 0.953721 0.849865 0.0224714 0.041437 4
0 0.830842 0.834532 0.0177704 0.0338283 12
0 0.855986 0.829382 0.0135991 0.0330688 16
0 0.718507 0.830761 0.0136687 0.0308613 23
0 0.432233 0.914188 0.0269418 0.0369828 21
0 0.512114 0.823392 0.0118495 0.0528074 260
37 0.197486 0.915862 0.0448293 0.0312201 34
0 0.842626 0.767126 0.00960903 0.0463848 495
0 0.115701 0.982834 0.035533 0.0273814 538
0 0.692226 0.79436 0.00925798 0.0466628 572
0 0.578828 0.81576 0.0109275 0.0507323 6
0 0.938806 0.729059 0.00890389 0.0174795 821
0 0.796584 0.7747 0.00764465 0.0470836 953
0 0.972366 0.761749 0.0140485 0.028329 649
0 0.474706 0.856673 0.0177431 0.025289 3
0 0.74624 0.781631 0.00760193 0.0480459 1102
0 0.355393 0.989143 0.0138849 0.0217134 1114
37 0.0222082 0.93802 0.044337 0.0296501 1123
0 0.72034 0.78836 0.00803976 0.0477019 1140
0 0.700985 0.78671 0.0080162 0.0487196 762
0 0.00570463 0.979301 0.0113339 0.0181029 1150
0 0.0128885 0.750082 0.0109985 0.0197968 1151
0 0.37897 0.776333 0.00582161 0.015992 1152
0 0.670929 0.789408 0.0100837 0.0421693 1167
0 0.841261 0.696935 0.00497932 0.0188106 1201
0 0.71092 0.790915 0.00979199 0.0446682 1033
0 0.314508 0.713229 0.00723073 0.0157401 1103
0 0.990155 0.74327 0.00885096 0.0473512 1233
