0 0.452476 0.833495 0.0122626 0.06714 1
0 0.473365 0.85533 0.0194327 0.03042 3
0 0.953329 0.849591 0.0224448 0.04179 4
0 0.694892 0.794399 0.0099134 0.0455271 6
0 0.830552 0.834846 0.0176112 0.0336237 12
0 0.855862 0.832026 0.0153978 0.0316003 16
0 0.890998 0.976571 0.0603682 0.0454096 20
0 0.718548 0.830652 0.0143385 0.030671 23
0 0.434913 0.914161 0.0220144 0.0375522 21
0 0.553673 0.81325 0.0120412 0.0441449 260
37 0.198748 0.916162 0.045472 0.0309467 34
0 0.713976 0.791123 0.00934548 0.042862 277
0 0.903064 0.972777 0.0379051 0.0389751 367
0 0.843447 0.767265 0.00793905 0.0458178 495
0 0.00718587 0.751976 0.00833308 0.0197007 523
0 0.755984 0.781411 0.00715599 0.0485682 11
0 0.115417 0.983335 0.0311746 0.0263412 538
0 0.805849 0.782159 0.00570621 0.0317633 493
0 0.738546 0.785562 0.00918193 0.0467339 572
0 0.818961 0.770733 0.0102611 0.0471685 228
0 0.973967 0.763911 0.0195525 0.0247299 649
0 0.79686 0.774976 0.00827503 0.0491467 417
0 0.786225 0.778407 0.00989962 0.0455473 683
0 0.318459 0.713305 0.0060915 0.0164664 570
37 0.022142 0.938084 0.0442841 0.0299572 311
0 0.276915 0.728941 0.00603089 0.0183257 694
0 0.0670335 0.742039 0.00850794 0.0299839 733
0 0.778161 0.698086 0.0050838 0.0167831 752
0 0.428269 0.77865 0.00959206 0.0186879 758
0 0.837227 0.767982 0.00922241 0.0483303 762
