0 0.45549 0.833569 0.0122094 0.0686802 1
0 0.476843 0.834756 0.0150221 0.0670306 3
0 0.953536 0.849437 0.0220534 0.0411212 4
0 0.697407 0.792488 0.0112672 0.0489512 6
0 0.755965 0.779939 0.0074687 0.0436487 11
0 0.830608 0.834626 0.0171926 0.033493 12
0 0.856312 0.830237 0.0153536 0.0328809 16
0 0.894585 0.976259 0.0657654 0.0457117 20
0 0.718524 0.830762 0.0143318 0.0302839 23
0 0.355068 0.988993 0.0146235 0.0220147 146
0 0.793726 0.775379 0.0113038 0.0479325 123
0 0.433623 0.911682 0.0245202 0.0429073 21
0 0.517982 0.806592 0.00875921 0.0345396 260
0 0.843023 0.766627 0.00847349 0.0475846 228
0 0.97255 0.762693 0.0143523 0.027406 338
37 0.198705 0.91595 0.0466543 0.0320893 34
0 0.767811 0.781008 0.00907187 0.043773 15
0 0.744043 0.783875 0.00857515 0.0467267 277
0 0.906223 0.973198 0.0440991 0.0403475 367
0 0.327691 0.751126 0.0087219 0.013235 411
0 0.820852 0.770674 0.00825052 0.0397704 417
0 0.477511 0.779772 0.00819979 0.0221847 309
0 0.871974 0.758941 0.00951185 0.0480419 7
0 0.026474 0.902929 0.0155753 0.0490158 2
0 0.0697193 0.742952 0.00902002 0.0283336 451
0 0.451836 0.780169 0.00726347 0.0174681 459
37 0.0221408 0.938238 0.0442686 0.0297535 311
0 0.996054 0.809845 0.00747738 0.0238898 466
0 0.278722 0.728756 0.00655975 0.015868 475
0 0.00917847 0.750469 0.00928303 0.0155732 347
0 0.921433 0.752145 0.0090497 0.0406113 492
0 0.83674 0.773836 0.006359 0.0277179 493
0 0.907544 0.755244 0.0102684 0.0466738 495
