0 0.452125 0.834176 0.0129682 0.0658194 1
0 0.953539 0.851032 0.0219553 0.0411794 4
0 0.830838 0.834848 0.0177615 0.0333188 12
0 0.855583 0.829444 0.0141867 0.0333563 16
0 0.718644 0.829783 0.014215 0.0323536 23
0 0.437718 0.893971 0.0163583 0.0752549 21
0 0.481374 0.827518 0.0120724 0.0567877 260
0 0.842284 0.767261 0.00836019 0.04555 495
0 0.114555 0.982434 0.0334877 0.0278801 538
0 0.555592 0.818315 0.0123473 0.0493277 6
0 0.935233 0.72791 0.0067668 0.0212179 821
0 0.796339 0.77636 0.00840888 0.0477761 953
0 0.475137 0.858036 0.0182046 0.0220988 3
0 0.738527 0.783134 0.0102521 0.0496754 1102
0 0.354994 0.98912 0.0151485 0.0217608 1114
37 0.0221138 0.93786 0.0442122 0.0277879 1123
0 0.668344 0.790136 0.0101637 0.0472327 762
0 0.0056105 0.978456 0.0111709 0.0200587 1150
0 0.0174356 0.751134 0.0100666 0.0185306 1151
0 0.628392 0.803446 0.0117016 0.0533955 1167
0 0.890853 0.975555 0.0590832 0.0466003 1267
0 0.0658511 0.737228 0.00599979 0.0238332 1279
0 0.693313 0.795074 0.0102945 0.0469708 1307
37 0.198002 0.916014 0.0458901 0.0310262 34
0 0.704186 0.793418 0.00910978 0.0433363 1140
0 0.292476 0.723188 0.00988827 0.016872 1281
0 0.391313 0.832814 0.0180997 0.0854627 1324
