0 0.452347 0.83438 0.0107495 0.0660444 1
0 0.95604 0.848937 0.017657 0.0370128 4
0 0.831159 0.835293 0.0188573 0.0326684 12
0 0.856484 0.829913 0.0137086 0.032804 16
0 0.718347 0.830164 0.0141346 0.0317461 23
0 0.462139 0.830246 0.0127823 0.0564915 260
0 0.842838 0.766898 0.00877237 0.0476656 495
0 0.114354 0.983328 0.0331747 0.0274255 538
0 0.555216 0.818806 0.0106292 0.0498045 6
0 0.796382 0.775999 0.00834808 0.0489338 953
0 0.474623 0.85832 0.0194738 0.0216732 3
0 0.728295 0.785995 0.008428 0.0507075 1102
0 0.354961 0.989193 0.0149689 0.0216131 1114
37 0.0221151 0.938742 0.0442303 0.0311694 1123
0 0.646764 0.79901 0.0130754 0.0566921 762
0 0.00555374 0.977449 0.0110799 0.0215936 1150
0 0.0171666 0.753345 0.0100423 0.0196587 1151
0 0.602277 0.807086 0.0119243 0.0559679 1167
0 0.894273 0.975354 0.066004 0.0467831 1267
37 0.198244 0.916387 0.0448116 0.0310349 34
0 0.700775 0.794182 0.0130608 0.0476993 1140
0 0.973817 0.762317 0.0197597 0.0277699 1353
0 0.9069 0.972881 0.043772 0.0420521 1364
0 0.961117 0.746696 0.00572901 0.0328232 1376
0 0.952539 0.85017 0.0244194 0.0394757 1380
0 0.39102 0.816453 0.0183215 0.0548536 1324
0 0.938112 0.725021 0.00740204 0.0165973 821
0 0.688229 0.795178 0.00986719 0.045264 1391
0 0.4389 0.893901 0.0169984 0.0827751 1403
0 0.483564 0.858583 0.0377387 0.0220789 1405
0 0.361857 0.776041 0.01028 0.0168631 1406
