0 0.455008 0.832537 0.0122516 0.0688032 1
0 0.469762 0.835255 0.0148135 0.0652 3
0 0.953523 0.84935 0.021983 0.0411625 4
0 0.695077 0.793478 0.00947266 0.0470746 6
0 0.830702 0.834463 0.0174472 0.0341767 12
0 0.856157 0.830577 0.0162167 0.0328992 16
0 0.892773 0.976117 0.0616361 0.0454681 20
0 0.718562 0.829841 0.0147087 0.032348 23
0 0.354853 0.989306 0.0149327 0.0213106 146
0 0.79432 0.775669 0.0105505 0.0488925 123
0 0.434429 0.913578 0.0223228 0.037812 21
0 0.527046 0.813061 0.011144 0.0391496 260
0 0.842978 0.767223 0.00870075 0.0468172 228
37 0.198041 0.915893 0.0443008 0.0303872 34
0 0.755958 0.781609 0.0101782 0.0507339 15
0 0.745298 0.785794 0.00940609 0.0485234 277
0 0.903404 0.973109 0.0390926 0.0394097 367
0 0.333067 0.753984 0.00815296 0.0184193 411
0 0.812824 0.7742 0.00852013 0.0468328 417
0 0.466447 0.779259 0.00765176 0.024533 309
0 0.857652 0.763523 0.00960293 0.0499755 7
0 0.0710346 0.74053 0.00749126 0.026419 451
0 0.277575 0.728248 0.00664215 0.0145632 475
0 0.941502 0.749361 0.0104976 0.0436995 492
0 0.831477 0.777594 0.00742073 0.0282065 493
0 0.892304 0.757643 0.0104773 0.0482018 495
0 0.706217 0.791107 0.00994458 0.0484641 500
0 0.957249 0.848078 0.0150599 0.0381649 513
0 0.971873 0.763135 0.0138911 0.0274629 338
0 0.96122 0.737121 0.00782013 0.0298267 447
0 0.00945123 0.751968 0.00990499 0.0169062 523
