0 0.45327 0.833494 0.0124362 0.0680016 1
0 0.482678 0.859369 0.0362964 0.0187695 3
0 0.953519 0.849237 0.0220089 0.0415205 4
0 0.831199 0.834678 0.0184726 0.033449 12
0 0.856167 0.830448 0.0143269 0.0328523 16
0 0.89023 0.976196 0.0576524 0.0453758 20
0 0.718249 0.830422 0.0145987 0.0305384 23
0 0.433862 0.914509 0.0241752 0.0362039 21
0 0.561672 0.815005 0.0112358 0.0522845 260
37 0.198184 0.915656 0.0464102 0.0317537 34
0 0.703495 0.790647 0.00912619 0.0478808 277
0 0.843065 0.7658 0.00871048 0.0497225 495
0 0.748358 0.78224 0.00889044 0.0498059 11
0 0.116287 0.983612 0.0322409 0.0257284 538
0 0.736596 0.785704 0.0091888 0.0467055 572
0 0.774014 0.777321 0.00940499 0.050641 228
0 0.796236 0.774396 0.0103504 0.0524615 762
0 0.00566578 0.75301 0.0102697 0.018508 523
0 0.853574 0.830862 0.0212321 0.0340448 865
0 0.664153 0.801004 0.0103803 0.0458255 6
0 0.761459 0.782835 0.0098556 0.0452784 683
0 0.287551 0.723096 0.00701208 0.0174679 879
0 0.937705 0.727959 0.00941973 0.0232232 821
0 0.692231 0.793645 0.00956869 0.048549 882
37 0.0220555 0.938192 0.044111 0.0291386 311
