0 0.452957 0.833801 0.0128309 0.0673271 1
0 0.258719 0.867761 0.0140597 0.0557251 2
0 0.479515 0.8275 0.012916 0.0599876 3
0 0.953629 0.848841 0.0222136 0.0429471 4
0 0.873853 0.759517 0.0087492 0.0412796 5
0 0.698063 0.795219 0.0086391 0.0455346 6
0 0.511776 0.780383 0.00759897 0.0230105 9
0 0.775498 0.775743 0.00655842 0.0492977 11
0 0.830893 0.83473 0.0164413 0.0318318 12
0 0.52588 0.778558 0.00810075 0.0260055 13
0 0.795882 0.776132 0.00724106 0.0479261 15
0 0.856197 0.829325 0.0181284 0.0386381 16
0 0.903044 0.752636 0.0089983 0.0450394 18
0 0.883218 0.980217 0.0448521 0.0381876 20
0 0.422805 0.909991 0.0200566 0.0497687 21
0 0.716942 0.830655 0.0116526 0.0316807 23
0 0.00919994 0.743644 0.00691019 0.0179418 25
8 0.198188 0.915628 0.0457459 0.0322782 34
0 0.789289 0.77262 0.00932779 0.0436916 8
0 0.829149 0.768676 0.00924177 0.0368147 61
0 0.99005 0.737195 0.00912714 0.0485247 91
0 0.843731 0.763166 0.00765991 0.0429306 102
0 0.783013 0.694472 0.00707502 0.0147446 110
0 0.945002 0.740844 0.00772886 0.0304543 76
0 0.852192 0.767475 0.01034 0.0440195 10
0 0.684621 0.795397 0.0101673 0.0435248 116
0 0.961343 0.744729 0.00794697 0.0446328 17
0 0.477206 0.796474 0.011737 0.0293599 22
