0 0.452721 0.833517 0.0125287 0.0672481 1
0 0.481241 0.858514 0.0324365 0.0213629 3
0 0.953619 0.849883 0.0221573 0.042513 4
0 0.830651 0.835003 0.0174624 0.0329178 12
0 0.85642 0.83095 0.0141316 0.0336171 16
0 0.893903 0.975578 0.0667943 0.0468374 20
0 0.717579 0.83045 0.0128226 0.0310104 23
0 0.4326 0.914767 0.0265748 0.0376193 21
0 0.564947 0.812668 0.0125477 0.0488241 260
37 0.198326 0.91628 0.0444 0.0312408 34
0 0.702627 0.793774 0.00877633 0.0434458 277
0 0.906619 0.97229 0.0435815 0.0413656 367
0 0.843578 0.765887 0.0070591 0.0479779 495
0 0.755162 0.783234 0.00762429 0.0455171 11
0 0.115198 0.980923 0.0307507 0.0226367 538
0 0.736704 0.786043 0.00784936 0.0456908 572
0 0.799306 0.774615 0.00975666 0.0498522 228
0 0.97283 0.763104 0.0145132 0.0257787 649
37 0.0220612 0.938718 0.0441224 0.0278536 311
0 0.817164 0.771427 0.0104614 0.0493381 762
0 0.00457876 0.748971 0.00887068 0.0178062 523
0 0.853168 0.831524 0.0215776 0.034292 865
0 0.689682 0.796766 0.00885806 0.0406929 6
0 0.275881 0.727847 0.00594654 0.0145231 873
0 0.0640308 0.74279 0.00833656 0.0307357 733
0 0.773752 0.780152 0.0093389 0.0421732 683
0 0.939073 0.728499 0.00569525 0.0216809 821
