0 0.452444 0.833669 0.0122427 0.0674991 1
0 0.953633 0.849963 0.0219079 0.0423903 4
0 0.830776 0.83471 0.0175246 0.0334141 12
0 0.85643 0.830435 0.014003 0.0321993 16
0 0.884143 0.982037 0.045177 0.034668 20
0 0.717966 0.830579 0.0136362 0.0314241 23
0 0.433465 0.914467 0.0250859 0.0372645 21
0 0.542907 0.819505 0.0119798 0.0510371 260
37 0.197779 0.915188 0.0472487 0.0315957 34
0 0.703152 0.791905 0.0107594 0.0471998 277
0 0.843361 0.765881 0.00794859 0.0440887 495
0 0.114597 0.981623 0.031364 0.0269814 538
0 0.722659 0.787047 0.0103627 0.0489565 572
0 0.750841 0.781188 0.0103332 0.0508611 762
0 0.618616 0.807386 0.0103008 0.044786 6
0 0.938571 0.728789 0.00796137 0.0207193 821
0 0.692616 0.794762 0.0100792 0.0489892 882
0 0.796645 0.775962 0.00754938 0.0473028 953
0 0.971654 0.762475 0.0130304 0.0262325 649
0 0.676369 0.81493 0.0164691 0.0192457 971
0 0.00458139 0.752485 0.00895077 0.0189967 523
0 0.475229 0.854124 0.0160202 0.029712 3
0 0.276206 0.72941 0.00513499 0.0173006 999
0 0.0649237 0.751074 0.00503258 0.0125493 1030
0 0.745497 0.783695 0.00586634 0.0419826 1031
0 0.732815 0.786786 0.00973897 0.0464339 1033
0 0.0587342 0.736917 0.00500785 0.0182169 955
