0 0.453186 0.833248 0.0117595 0.0685599 1
0 0.466422 0.844833 0.0167559 0.05057 3
0 0.953514 0.849356 0.021955 0.0413973 4
0 0.695759 0.793904 0.00992007 0.0464548 6
0 0.830565 0.834593 0.0169761 0.0332159 12
0 0.856292 0.831093 0.0161786 0.0319139 16
0 0.892512 0.976229 0.061909 0.0454946 20
0 0.718583 0.830087 0.0145084 0.0317983 23
0 0.354456 0.989322 0.0155266 0.0212896 146
0 0.795976 0.775456 0.00906315 0.0479923 123
0 0.435247 0.913828 0.0207812 0.0373278 21
0 0.538674 0.815038 0.0101972 0.0445115 260
37 0.198438 0.915838 0.0449803 0.0312658 34
0 0.743591 0.784913 0.0109034 0.0476254 277
0 0.903853 0.973022 0.0388313 0.0391867 367
0 0.340902 0.756144 0.00600622 0.0209255 411
0 0.453803 0.781386 0.00742292 0.0236381 309
0 0.841822 0.766055 0.0109539 0.0478509 7
0 0.0716602 0.74013 0.00695598 0.0273285 451
0 0.27425 0.730098 0.00740445 0.0159871 475
0 0.873663 0.759513 0.00909634 0.0486003 495
0 0.707372 0.790896 0.00956292 0.0463242 500
0 0.9572 0.848169 0.0150865 0.0384247 513
0 0.974052 0.76256 0.0192636 0.0275359 338
0 0.972369 0.739345 0.00694485 0.0310092 447
0 0.0085266 0.745881 0.00942506 0.0172599 523
0 0.754658 0.782059 0.00863047 0.0488283 11
0 0.804675 0.773662 0.00834351 0.0416075 417
37 0.0221218 0.938149 0.0442359 0.0283168 311
0 0.116402 0.983473 0.032656 0.0243739 538
0 0.820457 0.778534 0.00624561 0.0279993 493
0 0.965219 0.743552 0.00951767 0.0397153 558
