0 0.456105 0.833733 0.0132463 0.0681292 1
0 0.474082 0.834738 0.016166 0.0658419 3
0 0.953541 0.849431 0.0220263 0.0411705 4
0 0.697436 0.79247 0.00828872 0.0477787 6
0 0.755589 0.781642 0.00740275 0.0466811 11
0 0.830602 0.834634 0.0172447 0.0335521 12
0 0.856336 0.830158 0.0153068 0.0329318 16
0 0.894575 0.976253 0.0657075 0.0455213 20
0 0.718618 0.830734 0.0141906 0.030295 23
0 0.355088 0.988934 0.0145874 0.0221229 146
0 0.793788 0.775072 0.0108661 0.0492922 123
0 0.433757 0.913352 0.0237768 0.0389701 21
0 0.520653 0.809317 0.011898 0.0384997 260
0 0.84297 0.767187 0.00836229 0.047093 228
37 0.198864 0.915813 0.0464863 0.0326346 34
0 0.76568 0.782494 0.0089819 0.0424775 15
0 0.744213 0.78429 0.00867796 0.0467666 277
0 0.906305 0.9731 0.0442124 0.0399387 367
0 0.329339 0.754404 0.0087846 0.0159138 411
0 0.817876 0.772863 0.00853453 0.0456091 417
0 0.475107 0.779349 0.00951662 0.0233604 309
0 0.867005 0.761396 0.0101434 0.0499942 7
0 0.0175552 0.90299 0.0112695 0.0466599 2
0 0.0694517 0.743107 0.00957794 0.0284205 451
0 0.45012 0.781065 0.00803323 0.0188237 459
37 0.0219952 0.938863 0.0439903 0.0275858 311
0 0.996037 0.809861 0.00750132 0.0239004 466
0 0.278855 0.728489 0.00647521 0.0159947 475
0 0.0105467 0.751516 0.00816336 0.0172321 347
0 0.927402 0.753554 0.00978031 0.0428387 492
0 0.836398 0.774802 0.0065506 0.0300216 493
0 0.901888 0.754011 0.00809193 0.0466946 495
0 0.702499 0.793075 0.00768609 0.0448356 500
