0 0.452425 0.834317 0.0125256 0.0660626 1
0 0.953971 0.850112 0.0229091 0.039591 4
0 0.831298 0.835283 0.0188975 0.0329115 12
0 0.856736 0.830134 0.013645 0.0334808 16
0 0.718126 0.830334 0.0136582 0.0314185 23
0 0.442716 0.891387 0.0160916 0.0823108 21
0 0.474888 0.824131 0.0122223 0.0476003 260
0 0.842416 0.767799 0.00851746 0.0443995 495
0 0.11431 0.983352 0.0331836 0.0274447 538
0 0.554563 0.818823 0.0116187 0.0493245 6
0 0.796351 0.775606 0.00813041 0.0486957 953
0 0.475921 0.856837 0.0181847 0.024551 3
0 0.733692 0.784646 0.008002 0.0498999 1102
0 0.35503 0.989184 0.0148483 0.0216322 1114
37 0.0220695 0.939248 0.0441145 0.0307014 1123
0 0.660844 0.794973 0.0110566 0.0550569 762
0 0.00598437 0.978479 0.011852 0.0209334 1150
0 0.018389 0.751316 0.0111271 0.0202092 1151
0 0.619597 0.80398 0.0119369 0.052891 1167
0 0.893708 0.975446 0.065038 0.0466675 1267
0 0.0650443 0.738153 0.00660051 0.0193114 1279
0 0.689222 0.794549 0.00820479 0.0435233 1307
37 0.197942 0.9162 0.0457676 0.0314803 34
0 0.702555 0.792604 0.0108013 0.0474242 1140
0 0.974076 0.761937 0.0145741 0.0266894 1353
0 0.93474 0.726742 0.00640335 0.0218661 821
0 0.674801 0.815625 0.0150105 0.0181879 1359
0 0.319108 0.711196 0.00611956 0.0151095 1341
0 0.907029 0.972617 0.0444725 0.0413162 1364
