0 0.452919 0.83384 0.0127414 0.0673057 1
0 0.248881 0.8676 0.0110346 0.0562767 2
0 0.477983 0.829512 0.0153114 0.061436 3
0 0.953598 0.848719 0.0222998 0.0426936 4
0 0.873582 0.762146 0.00843868 0.0392908 5
0 0.69803 0.796025 0.00844722 0.0438969 6
0 0.508513 0.781643 0.00696902 0.0218546 9
0 0.775608 0.776821 0.00696306 0.0509062 11
0 0.830623 0.834386 0.0159639 0.0322795 12
0 0.523092 0.778142 0.00801568 0.0258468 13
0 0.795289 0.777102 0.00808659 0.0457046 15
0 0.856804 0.829668 0.0157755 0.036484 16
0 0.883415 0.98027 0.045133 0.0381889 20
0 0.423633 0.909837 0.0164855 0.049634 21
0 0.717014 0.831211 0.0127521 0.0307467 23
0 0.0092468 0.742841 0.00789081 0.0173932 25
37 0.198366 0.915915 0.045812 0.0314386 34
0 0.78789 0.775947 0.00854697 0.0468258 8
0 0.826583 0.769171 0.009412 0.0352075 61
0 0.985853 0.737698 0.00769358 0.047444 91
0 0.843633 0.763859 0.00783501 0.0439864 102
0 0.78241 0.694205 0.00755486 0.012999 110
0 0.683039 0.794898 0.012536 0.0430417 116
0 0.965788 0.738955 0.00997105 0.0375209 17
0 0.809879 0.774063 0.00872049 0.0409532 123
0 0.930869 0.731243 0.00847101 0.0301595 127
0 0.391186 0.818136 0.0171104 0.0557771 141
0 0.855044 0.763869 0.00961847 0.0398518 10
0 0.354434 0.989288 0.014669 0.0214248 146
