0 0.45266 0.833538 0.013037 0.0668785 1
0 0.275976 0.86504 0.0140331 0.058277 2
0 0.479784 0.827484 0.0141051 0.0590265 3
0 0.953381 0.848343 0.0223625 0.0421462 4
0 0.878161 0.76045 0.00780163 0.0437046 5
0 0.698211 0.79508 0.00965056 0.0518947 6
0 0.965283 0.741563 0.00926485 0.0456077 7
0 0.516835 0.780689 0.00842533 0.0196973 9
0 0.84347 0.765788 0.00859442 0.0453908 10
0 0.776063 0.777962 0.0099638 0.0477522 11
0 0.830734 0.834246 0.0156577 0.0328033 12
0 0.530614 0.77813 0.00738034 0.026916 13
0 0.685392 0.788066 0.0105977 0.0227758 14
0 0.797146 0.775711 0.00932364 0.0486655 15
0 0.856533 0.828226 0.0125357 0.0351989 16
0 0.953048 0.746729 0.009587 0.0487619 17
0 0.899913 0.740694 0.00787487 0.028952 18
0 0.893854 0.976035 0.0659182 0.0465228 20
0 0.421738 0.911042 0.0190702 0.0490679 21
0 0.474178 0.798411 0.0111426 0.0342523 22
0 0.718587 0.830433 0.0141526 0.0316904 23
0 0.00813275 0.74677 0.0082509 0.0187891 25
37 0.198359 0.916479 0.0459641 0.031152 34
0 0.971734 0.762217 0.0132786 0.0279123 64
0 0.789524 0.775694 0.00853629 0.0494389 8
0 0.834141 0.771851 0.0097703 0.0410761 61
0 0.939954 0.743782 0.00766745 0.0262103 76
0 0.996739 0.733038 0.00611057 0.046181 91
