0 0.453455 0.833488 0.0117557 0.0671466 1
0 0.0880092 0.897529 0.0117196 0.0610879 2
0 0.479735 0.833104 0.0132329 0.0675815 3
0 0.953393 0.848754 0.0219439 0.0394696 4
0 0.699232 0.793748 0.00933552 0.0461996 6
0 0.758146 0.784222 0.00706434 0.0437915 11
0 0.830178 0.834728 0.0175422 0.0333561 12
0 0.855858 0.830882 0.0166903 0.0341827 16
0 0.893725 0.975113 0.0645651 0.0462401 20
0 0.718795 0.830385 0.0144835 0.0314406 23
0 0.354916 0.989337 0.0144775 0.0212791 146
0 0.794771 0.775397 0.00915518 0.0469369 123
0 0.436368 0.904837 0.0159468 0.056679 21
0 0.933224 0.747816 0.0107006 0.0489046 232
0 0.514326 0.812951 0.00910773 0.0343793 260
0 0.842772 0.764652 0.00852518 0.046034 228
0 0.896196 0.755143 0.00842857 0.0445637 7
0 0.488028 0.77882 0.00797906 0.022089 309
0 0.88779 0.758377 0.0103373 0.0413355 336
0 0.973769 0.762529 0.0193967 0.0284771 338
37 0.197982 0.915285 0.0458243 0.0323399 34
0 0.784196 0.77822 0.00802379 0.0415343 15
0 0.746548 0.784258 0.00948563 0.0453712 277
0 0.905843 0.972472 0.0412354 0.0419684 367
0 0.693153 0.795682 0.0083684 0.0434377 116
37 0.0221337 0.939138 0.0441751 0.0305758 311
0 0.00632465 0.749901 0.00901155 0.0180676 347
