0 0.45274 0.833308 0.0129442 0.0680325 1
0 0.472094 0.854569 0.0171113 0.0321253 3
0 0.953401 0.849715 0.0222745 0.0412579 4
0 0.691501 0.794709 0.00961561 0.0454537 6
0 0.830568 0.834853 0.0175173 0.033494 12
0 0.855159 0.830536 0.0165658 0.0349968 16
0 0.891479 0.976241 0.0613193 0.046214 20
0 0.71851 0.829418 0.0144052 0.0328571 23
0 0.434607 0.914242 0.0223117 0.0373788 21
0 0.548061 0.811997 0.0112008 0.0490961 260
8 0.198621 0.915812 0.0460648 0.0311597 34
0 0.725153 0.788559 0.00817666 0.0431024 277
0 0.903355 0.972773 0.0373651 0.0391181 367
0 0.843096 0.765936 0.00711708 0.0467222 7
0 0.850567 0.766254 0.00922604 0.0479791 495
0 0.704216 0.790941 0.0100667 0.0476691 500
0 0.0086873 0.751359 0.0105915 0.0189157 523
0 0.755906 0.781298 0.00707312 0.0483986 11
0 0.11528 0.983242 0.0308452 0.0259909 538
0 0.815992 0.78035 0.00671329 0.034094 493
0 0.741776 0.785233 0.00833058 0.0461627 572
0 0.823871 0.770483 0.0111577 0.0507375 228
0 0.356365 0.756043 0.00656311 0.0182805 411
37 0.0220942 0.938446 0.0441878 0.0280822 311
0 0.00543037 0.977059 0.0108046 0.0234299 627
0 0.935675 0.728719 0.0061656 0.0191646 639
0 0.974664 0.763213 0.0183047 0.0257992 649
0 0.797964 0.776216 0.00848393 0.0481401 417
