0 0.45289 0.833696 0.0128314 0.0673074 1
0 0.272747 0.863692 0.0112464 0.0575184 2
0 0.478723 0.827104 0.0148043 0.0579934 3
0 0.953385 0.848321 0.0222963 0.0420939 4
0 0.876989 0.759891 0.00765972 0.0440369 5
0 0.698304 0.795662 0.00925002 0.0485697 6
0 0.963761 0.74163 0.00827465 0.0454338 7
0 0.516043 0.780477 0.00729609 0.0194507 9
0 0.845643 0.763233 0.00982065 0.0349601 10
0 0.775887 0.777753 0.0102664 0.0477737 11
0 0.830783 0.834245 0.0154927 0.0326692 12
0 0.529483 0.778493 0.00723839 0.0254868 13
0 0.685618 0.78809 0.0105611 0.0247715 14
0 0.796352 0.775945 0.00922213 0.0482291 15
0 0.856468 0.828144 0.0125524 0.0352625 16
0 0.954682 0.745983 0.00956449 0.0464916 17
0 0.900303 0.740733 0.00716238 0.0280763 18
0 0.893788 0.976074 0.0657416 0.0463667 20
0 0.42174 0.911014 0.0180938 0.0489864 21
0 0.475342 0.798951 0.0108475 0.0346051 22
0 0.718575 0.830511 0.0139993 0.0316225 23
0 0.00874181 0.745928 0.00735639 0.0181992 25
37 0.198307 0.916524 0.0460448 0.0310015 34
0 0.971665 0.76272 0.0132301 0.026668 64
0 0.789395 0.775613 0.00841517 0.0482559 8
0 0.83278 0.770153 0.009408 0.0369113 61
0 0.940939 0.742595 0.00800619 0.0307247 76
0 0.995904 0.735503 0.0077774 0.0488502 91
0 0.976234 0.665874 0.00939512 0.0408621 95
