0 0.453625 0.833762 0.0106082 0.0661004 1
0 0.831255 0.835175 0.0168771 0.0323016 12
0 0.852182 0.835162 0.0226119 0.0277404 16
0 0.7183 0.83005 0.012925 0.031657 23
0 0.843454 0.765709 0.00738468 0.0452276 495
0 0.114399 0.982817 0.0324075 0.0257952 538
0 0.796551 0.774975 0.00828338 0.0484027 953
0 0.475682 0.858128 0.0178892 0.0214088 3
0 0.536969 0.816629 0.0120695 0.060881 762
0 0.495042 0.825451 0.0121996 0.0567092 1167
0 0.89397 0.975194 0.0647307 0.0455659 1267
37 0.198808 0.916184 0.0452792 0.0308923 34
0 0.732595 0.786139 0.00877743 0.0463309 1140
0 0.906387 0.972504 0.0408048 0.0389477 1364
0 0.689207 0.79596 0.00987067 0.0441814 1391
0 0.623151 0.809427 0.00909739 0.0512412 1307
0 0.883684 0.980038 0.0449331 0.0383592 1411
0 0.955976 0.847801 0.0171937 0.0346279 4
37 0.0220509 0.938919 0.0441018 0.0292641 1123
0 0.702546 0.791813 0.0101709 0.0472528 1465
0 0.239827 0.904704 0.0225701 0.0776464 1503
0 0.362873 0.847802 0.0141949 0.0618373 1431
0 0.930866 0.727659 0.0074894 0.021682 1526
0 0.355472 0.989327 0.0140111 0.021346 1531
0 0.554558 0.819328 0.0108644 0.0487829 6
0 0.639545 0.811317 0.00770793 0.0348681 1495
0 0.742086 0.782944 0.0092279 0.0507675 1102
0 0.917904 0.750814 0.00813036 0.0394958 1376
