0 0.451585 0.834127 0.0139544 0.0660906 1
0 0.830881 0.834896 0.0178722 0.033618 12
0 0.855993 0.829804 0.0153701 0.0338252 16
0 0.71801 0.829897 0.0143927 0.0317386 23
0 0.843217 0.767328 0.00814304 0.047134 495
0 0.114864 0.9835 0.0325129 0.0258144 538
0 0.554721 0.819288 0.00984774 0.0508212 6
0 0.796292 0.775651 0.00876694 0.0491839 953
0 0.475843 0.857011 0.0201935 0.0250985 3
0 0.72247 0.786792 0.0109119 0.0491248 1102
0 0.354971 0.989362 0.0136971 0.0212767 1114
37 0.022545 0.938339 0.0450901 0.0297591 1123
0 0.605707 0.80726 0.0128622 0.0587192 762
0 0.0115218 0.754077 0.00945831 0.0152655 1151
0 0.565994 0.81353 0.0111105 0.0557563 1167
0 0.893805 0.975562 0.0635757 0.0453042 1267
37 0.198213 0.915868 0.0453369 0.0314284 34
0 0.703286 0.79135 0.0101813 0.0478517 1140
0 0.974728 0.762874 0.0181226 0.0266248 1353
0 0.905416 0.973118 0.0418505 0.0397537 1364
0 0.934176 0.728228 0.00670834 0.0244455 821
0 0.688733 0.794448 0.0106607 0.0449896 1391
0 0.661253 0.798754 0.00871744 0.0396829 1307
0 0.883477 0.984488 0.0449057 0.0286536 1411
0 0.367731 0.900262 0.017726 0.0815066 1403
0 0.425129 0.836354 0.0121377 0.0619995 1431
0 0.954179 0.850515 0.0216893 0.0401195 4
0 0.940647 0.748048 0.00891857 0.0406264 1376
0 0.484177 0.857054 0.0374928 0.025141 1405
0 0.39111 0.832761 0.0181124 0.0861069 1324
