0 0.451849 0.834403 0.0124918 0.0660425 1
0 0.953679 0.849836 0.0224942 0.0412047 4
0 0.83088 0.834908 0.0176996 0.0332242 12
0 0.856506 0.829632 0.0137623 0.0327383 16
0 0.718622 0.830785 0.0137717 0.0308302 23
0 0.432157 0.914208 0.0271054 0.0372045 21
0 0.508414 0.823376 0.0126802 0.0556665 260
37 0.197823 0.916463 0.0449913 0.0314503 34
0 0.842406 0.766955 0.00862217 0.0455164 495
0 0.115114 0.982751 0.0343155 0.0271686 538
0 0.69165 0.794802 0.00752144 0.0446706 572
0 0.574959 0.816144 0.0113863 0.0493507 6
0 0.938543 0.728405 0.00878296 0.0198917 821
0 0.796519 0.774913 0.0080914 0.0470451 953
0 0.972082 0.762105 0.0129947 0.027689 649
0 0.475136 0.856814 0.0178383 0.0251409 3
0 0.746353 0.782182 0.00804467 0.0488741 1102
0 0.355454 0.989104 0.0140577 0.0217923 1114
37 0.0220812 0.938422 0.0441433 0.0299248 1123
0 0.716887 0.788911 0.00772195 0.0475289 1140
0 0.69701 0.791034 0.010443 0.0522927 762
0 0.00560092 0.979322 0.011101 0.0178057 1150
0 0.0119711 0.750248 0.00916287 0.0210626 1151
0 0.376807 0.776652 0.00504024 0.0157858 1152
0 0.665486 0.79259 0.0082284 0.0487634 1167
0 0.710174 0.790275 0.00797701 0.0456929 1033
0 0.314838 0.713629 0.00684197 0.0169878 1103
0 0.987489 0.744949 0.00931349 0.0444249 1233
