0 0.451937 0.833912 0.0121347 0.0666184 1
0 0.953496 0.85006 0.0222662 0.039443 4
0 0.831287 0.835234 0.0188406 0.0329647 12
0 0.856727 0.830047 0.0136827 0.0336745 16
0 0.717955 0.830224 0.0136147 0.0316017 23
0 0.438274 0.891518 0.0217581 0.0818703 21
0 0.478817 0.823705 0.0147884 0.0500619 260
0 0.842305 0.7669 0.00861254 0.0459505 495
0 0.114229 0.98323 0.0333893 0.0275798 538
0 0.554515 0.818755 0.0112593 0.0492256 6
0 0.79629 0.775356 0.00838413 0.0487105 953
0 0.475894 0.85668 0.0181985 0.0249563 3
0 0.736243 0.784273 0.00997238 0.0487932 1102
0 0.355015 0.989148 0.0148673 0.0216728 1114
37 0.0220855 0.939048 0.0441539 0.0310571 1123
0 0.663796 0.79534 0.0127387 0.0560121 762
0 0.00596589 0.978614 0.0118418 0.0209646 1150
0 0.0184537 0.750378 0.0125538 0.0201744 1151
0 0.623585 0.805452 0.0128521 0.0569055 1167
0 0.893681 0.975182 0.0650793 0.0462128 1267
0 0.0653482 0.738521 0.00668823 0.0198665 1279
0 0.694112 0.795644 0.0116716 0.0449039 1307
8 0.197986 0.914077 0.0452102 0.0350725 34
0 0.702436 0.792116 0.0109466 0.0463267 1140
0 0.967012 0.741453 0.00910568 0.0366748 1233
0 0.97445 0.761715 0.0146084 0.027243 1353
0 0.934294 0.727374 0.00708303 0.0218703 821
