0 0.452346 0.834059 0.0126567 0.0682366 1
0 0.953767 0.850045 0.0228379 0.0428969 4
0 0.830535 0.834675 0.0175059 0.0333627 12
0 0.855133 0.831945 0.0168324 0.0308961 16
0 0.890414 0.975682 0.0578455 0.0452305 20
0 0.718118 0.830319 0.0150822 0.0320494 23
0 0.43218 0.914981 0.0271 0.0373908 21
0 0.546735 0.81553 0.0120559 0.0525627 260
37 0.199042 0.915946 0.0481472 0.0319183 34
0 0.703308 0.791684 0.00943427 0.0470551 277
0 0.842656 0.765368 0.00818052 0.0442775 495
0 0.114688 0.981862 0.0316321 0.0280137 538
0 0.729846 0.786315 0.00995841 0.049772 572
0 0.760239 0.780918 0.0111135 0.0500498 762
0 0.625574 0.808791 0.0114345 0.0516488 6
0 0.940677 0.728862 0.0064539 0.0199137 821
0 0.692489 0.795619 0.00990796 0.0472715 882
0 0.797102 0.774613 0.00792775 0.0469237 953
0 0.0573319 0.735942 0.00493996 0.0152161 955
0 0.973725 0.763262 0.018308 0.0262466 649
0 0.676297 0.815611 0.0159851 0.0172245 971
0 0.0048445 0.751692 0.0096062 0.0187056 523
0 0.47448 0.854999 0.0167878 0.0281531 3
0 0.273515 0.729123 0.00863819 0.0196389 999
0 0.0638258 0.751738 0.00921251 0.0118579 1030
0 0.74607 0.782963 0.00779686 0.0467806 1031
0 0.736443 0.787519 0.00864644 0.043228 1033
