0 0.453494 0.833752 0.0123375 0.0677743 1
0 0.464899 0.836442 0.0137925 0.0643592 3
0 0.953542 0.849314 0.0219565 0.0411396 4
0 0.6945 0.793716 0.0104109 0.0460824 6
0 0.83074 0.83449 0.0174976 0.0341506 12
0 0.856181 0.830447 0.016269 0.0331498 16
0 0.892734 0.97616 0.0616088 0.0454763 20
0 0.718656 0.82982 0.014513 0.0323278 23
0 0.354296 0.989338 0.0153137 0.0212841 146
0 0.795116 0.775822 0.0108987 0.0483938 123
0 0.434669 0.913649 0.0221395 0.0381354 21
0 0.529408 0.815542 0.0114777 0.0414597 260
0 0.843284 0.766805 0.00765677 0.0454274 228
37 0.197759 0.915519 0.0451644 0.0313285 34
0 0.744402 0.784997 0.00774436 0.0474964 277
0 0.903518 0.973092 0.0388025 0.0393461 367
0 0.33518 0.756335 0.00804875 0.0202454 411
0 0.461655 0.781569 0.0076324 0.0219897 309
0 0.851585 0.763831 0.00892477 0.0481575 7
0 0.0716245 0.7423 0.00695625 0.0268986 451
0 0.276561 0.728755 0.00684681 0.0147693 475
0 0.951661 0.749192 0.00936651 0.0438169 492
0 0.827126 0.777538 0.00562973 0.0289378 493
0 0.885295 0.759317 0.0103765 0.050073 495
0 0.706133 0.791414 0.00982976 0.0472248 500
0 0.957213 0.847963 0.015109 0.0379974 513
0 0.972232 0.76239 0.0111143 0.0274738 338
0 0.965485 0.739021 0.00762978 0.0351176 447
0 0.00883666 0.750181 0.00815189 0.0190815 523
0 0.755144 0.782083 0.00825143 0.0488577 11
0 0.809152 0.774692 0.00940876 0.0446562 417
37 0.0221988 0.938638 0.0440908 0.0286201 311
0 0.118087 0.983338 0.0363988 0.0246147 538
0 0.751407 0.787367 0.00806918 0.0401098 543
