0 0.452783 0.833277 0.0128061 0.0677439 1
0 0.473296 0.855026 0.0194541 0.0303471 3
0 0.953357 0.849633 0.0223578 0.0415819 4
0 0.693234 0.793256 0.00903006 0.0459122 6
0 0.830546 0.834827 0.0176235 0.033659 12
0 0.855809 0.832128 0.0155168 0.0311547 16
0 0.890936 0.976562 0.060272 0.0453091 20
0 0.718619 0.830248 0.0142769 0.0312819 23
0 0.434897 0.914171 0.0220413 0.0375661 21
0 0.553138 0.812053 0.012251 0.0468281 260
37 0.199075 0.915983 0.0446389 0.0309519 34
0 0.716066 0.790585 0.00951586 0.0428995 277
0 0.903064 0.972753 0.0376727 0.0388988 367
0 0.841669 0.766463 0.0116583 0.0477658 495
0 0.70235 0.791164 0.0105064 0.0471333 500
0 0.00701818 0.752153 0.00985914 0.0191213 523
0 0.755936 0.781387 0.00721383 0.0484177 11
0 0.115403 0.983316 0.0311385 0.0261938 538
0 0.808647 0.782334 0.00606422 0.0293396 493
0 0.739649 0.784602 0.00934162 0.0459008 572
0 0.821458 0.770554 0.0103202 0.0491017 228
0 0.00540141 0.978673 0.010744 0.02024 627
0 0.974464 0.763544 0.0184446 0.0245545 649
0 0.796531 0.7747 0.00838609 0.0494359 417
0 0.787064 0.777158 0.00839486 0.0424923 683
0 0.318419 0.714147 0.00546694 0.0176182 570
37 0.0222056 0.937967 0.0443381 0.0298392 311
0 0.276528 0.727059 0.00687702 0.0151511 694
0 0.0670584 0.741896 0.00855697 0.0271934 733
