0 0.452996 0.834666 0.012621 0.066973 1
0 0.831308 0.834976 0.0167616 0.0325551 12
0 0.853602 0.834122 0.0203722 0.0283357 16
0 0.718437 0.829624 0.014363 0.0323868 23
0 0.84283 0.764584 0.00844545 0.0410269 495
0 0.11454 0.982786 0.0312122 0.0243168 538
0 0.797272 0.775007 0.00927563 0.0494676 953
0 0.475776 0.85701 0.0174313 0.0243166 3
0 0.738848 0.783711 0.00810242 0.0483464 1102
0 0.555233 0.813136 0.0116791 0.0597065 762
0 0.513995 0.821702 0.0133516 0.0549639 1167
0 0.890932 0.976959 0.0600345 0.044055 1267
37 0.19865 0.916182 0.0435652 0.0304538 34
0 0.730136 0.786091 0.00745406 0.0451309 1140
0 0.971781 0.762399 0.0133385 0.026943 1353
0 0.9047 0.97329 0.0386044 0.0383866 1364
0 0.688807 0.794151 0.0099524 0.0475449 1391
0 0.634063 0.804972 0.00992446 0.0475549 1307
0 0.882974 0.984742 0.0441089 0.0286925 1411
0 0.956711 0.847881 0.0161252 0.0348707 4
37 0.022221 0.938591 0.0444337 0.0294028 1123
0 0.702111 0.792556 0.0102413 0.0471943 1465
0 0.972912 0.732678 0.00537205 0.0266705 1490
0 0.651997 0.808829 0.00681386 0.0337871 1495
0 0.274303 0.902581 0.0178661 0.076763 1503
0 0.946557 0.850038 0.0162001 0.0378397 1472
0 0.37641 0.845928 0.0137362 0.0617264 1431
0 0.929444 0.727989 0.00796785 0.0217076 1526
0 0.355199 0.989406 0.0148285 0.0211889 1531
0 0.924268 0.748397 0.00770483 0.0290093 1376
