0 0.453022 0.834106 0.0127583 0.06671 1
0 0.831189 0.835086 0.0169672 0.0325333 12
0 0.85288 0.833717 0.0226599 0.0302854 16
0 0.717961 0.830311 0.0134111 0.0312403 23
0 0.843211 0.764192 0.00819387 0.0399663 495
0 0.115925 0.982786 0.0358414 0.027891 538
0 0.796723 0.776063 0.00897117 0.0512758 953
0 0.475858 0.857628 0.019599 0.0233886 3
0 0.732466 0.785215 0.0106599 0.050995 1102
0 0.578253 0.810366 0.0119126 0.0575355 762
0 0.536236 0.818094 0.0125479 0.0564762 1167
0 0.894091 0.975934 0.0651065 0.0447172 1267
37 0.198299 0.916444 0.0452218 0.0307038 34
0 0.720844 0.7874 0.0108583 0.0489126 1140
0 0.97157 0.763329 0.013496 0.0257711 1353
0 0.906397 0.973435 0.0401537 0.0396377 1364
0 0.689399 0.796006 0.0111315 0.0466123 1391
0 0.644527 0.802473 0.00911369 0.0486248 1307
0 0.884169 0.981727 0.0455557 0.0338643 1411
0 0.957043 0.84785 0.0154356 0.0362907 4
0 0.484292 0.857608 0.0369418 0.0240528 1405
37 0.0221299 0.938957 0.0442598 0.0298411 1123
0 0.701482 0.795325 0.0114706 0.0503623 1465
0 0.318425 0.902334 0.0199357 0.079408 1473
0 0.554749 0.816975 0.00991054 0.0467582 6
0 0.391219 0.831829 0.0187854 0.0850017 1324
0 0.929055 0.74892 0.00842686 0.048496 1376
0 0.986619 0.732955 0.00611067 0.0286218 1490
0 0.66229 0.806171 0.0068409 0.0332571 1495
0 0.944854 0.850462 0.0162471 0.038745 1472
0 0.860912 0.695757 0.00739756 0.0218719 1501
0 0.315566 0.901865 0.0137382 0.078031 1503
