0 0.452178 0.83382 0.0119839 0.066856 1
0 0.830891 0.834901 0.0178526 0.0335131 12
0 0.856359 0.831068 0.0140486 0.0322336 16
0 0.71799 0.830098 0.0135722 0.0314379 23
0 0.843517 0.767151 0.00776539 0.0472622 495
0 0.114657 0.983764 0.0321239 0.0264226 538
0 0.555293 0.819414 0.0100288 0.0501846 6
0 0.796294 0.775877 0.00866833 0.0492332 953
0 0.47547 0.856202 0.01846 0.0264396 3
0 0.722484 0.786213 0.00948977 0.0499604 1102
0 0.355158 0.989335 0.0139915 0.0213204 1114
37 0.02268 0.938467 0.0453021 0.0299327 1123
0 0.624465 0.803782 0.0114948 0.0618246 762
0 0.0141684 0.752245 0.00982058 0.0167308 1151
0 0.581371 0.810153 0.0126517 0.054512 1167
0 0.893705 0.975472 0.0627645 0.0448335 1267
37 0.198021 0.915899 0.0455678 0.031171 34
0 0.7018 0.792722 0.00855665 0.0440114 1140
0 0.974817 0.762586 0.0181905 0.0269975 1353
0 0.905161 0.973166 0.0413847 0.0394313 1364
0 0.935492 0.728367 0.00857201 0.0268864 821
0 0.689038 0.795574 0.00997004 0.045964 1391
0 0.669061 0.799582 0.00914221 0.0442943 1307
0 0.883564 0.984554 0.0449966 0.0283894 1411
0 0.695604 0.792555 0.00850744 0.0466721 1415
0 0.0566348 0.743926 0.010652 0.02246 1421
0 0.2787 0.728279 0.00509014 0.0152695 1422
0 0.404393 0.896658 0.0203398 0.081974 1403
0 0.952353 0.747739 0.00859718 0.0379523 1376
0 0.441193 0.835737 0.0121371 0.0651768 1431
