0 0.452639 0.834064 0.0124118 0.0656901 1
0 0.957435 0.848037 0.01501 0.0346991 4
0 0.831123 0.835315 0.0188272 0.0326113 12
0 0.856505 0.829879 0.0137199 0.0328332 16
0 0.718401 0.830284 0.0141082 0.0316492 23
0 0.442866 0.892289 0.016796 0.0827386 21
0 0.467212 0.82896 0.0116226 0.0568398 260
0 0.842627 0.766929 0.00857821 0.0456585 495
0 0.114285 0.983257 0.0331091 0.0273564 538
0 0.554675 0.819341 0.0115506 0.050671 6
0 0.796268 0.775684 0.00823717 0.0488981 953
0 0.47507 0.856088 0.0182978 0.0254805 3
0 0.729881 0.784625 0.00883412 0.0512335 1102
0 0.355039 0.989185 0.01481 0.0216298 1114
37 0.0220348 0.938393 0.0440695 0.0319542 1123
0 0.654205 0.796823 0.0114367 0.0569486 762
0 0.00561464 0.97742 0.0111516 0.0224886 1150
0 0.0182938 0.753535 0.0115872 0.0217496 1151
0 0.610434 0.807079 0.0119643 0.057323 1167
0 0.894154 0.975274 0.06576 0.0466128 1267
0 0.683982 0.793962 0.00742984 0.0432044 1307
37 0.198209 0.916248 0.0450769 0.0310236 34
0 0.701476 0.793116 0.0113159 0.0474628 1140
0 0.973874 0.7622 0.0191256 0.0280631 1353
0 0.675818 0.815623 0.0158929 0.0187186 1359
0 0.907071 0.972796 0.0440166 0.0418955 1364
0 0.96447 0.748753 0.00846281 0.0364945 1376
0 0.950955 0.849682 0.0286041 0.0384277 1380
0 0.390854 0.816678 0.0186013 0.0558101 1324
0 0.0640221 0.740821 0.00815455 0.0192668 1279
0 0.935624 0.723748 0.00710888 0.0174923 821
