0 0.452683 0.834744 0.0110621 0.0658212 1
0 0.831155 0.835266 0.0188368 0.0327029 12
0 0.856387 0.829944 0.0139796 0.0329479 16
0 0.718393 0.830194 0.0140914 0.0316472 23
0 0.459161 0.829353 0.00841484 0.0587714 260
0 0.842934 0.767025 0.00857172 0.0475028 495
0 0.114366 0.983309 0.0332358 0.0274595 538
0 0.554606 0.818583 0.0110038 0.0505314 6
0 0.796459 0.776038 0.00854659 0.049061 953
0 0.475014 0.858344 0.0193729 0.0217638 3
0 0.727188 0.787279 0.00995073 0.0486488 1102
0 0.354975 0.989187 0.0149581 0.0216265 1114
37 0.0220596 0.938644 0.0441192 0.0311689 1123
0 0.641541 0.798885 0.01024 0.0575122 762
0 0.00592705 0.977894 0.0118062 0.0206378 1150
0 0.0170026 0.752848 0.00818255 0.0176749 1151
0 0.59689 0.808004 0.00929036 0.0560816 1167
0 0.894709 0.975281 0.0668218 0.0466946 1267
37 0.19821 0.916505 0.0451733 0.0311661 34
0 0.702333 0.793104 0.0117207 0.0467296 1140
0 0.973996 0.762587 0.0196535 0.0274825 1353
0 0.907234 0.972901 0.0445577 0.0422709 1364
0 0.959544 0.749137 0.00678282 0.0357554 1376
0 0.954556 0.849161 0.0205476 0.0373096 1380
0 0.390951 0.817847 0.0181629 0.0569214 1324
0 0.938286 0.726667 0.00733242 0.0193353 821
0 0.688218 0.794739 0.00935326 0.0457515 1391
0 0.433801 0.895757 0.0184847 0.0854334 1403
0 0.483831 0.858471 0.0373888 0.0224252 1405
0 0.361134 0.77471 0.00800474 0.0135006 1406
0 0.676955 0.791115 0.00708046 0.0359288 1307
0 0.883743 0.97942 0.0455622 0.0396348 1411
0 0.0604885 0.742962 0.00522395 0.0212206 1413
