0 0.453599 0.833432 0.0127235 0.0678918 1
0 0.124041 0.890935 0.0153349 0.0593379 2
0 0.480344 0.83249 0.0137959 0.0629228 3
0 0.95378 0.848607 0.0219218 0.0381934 4
0 0.698453 0.79453 0.00865765 0.0428163 6
0 0.76221 0.780198 0.00858645 0.0490722 11
0 0.830185 0.834653 0.0172741 0.0337604 12
0 0.855406 0.831437 0.0160962 0.0338335 16
0 0.896129 0.975745 0.0674218 0.0455404 20
0 0.718591 0.830976 0.0129722 0.0301768 23
0 0.996849 0.733477 0.00586481 0.047328 17
0 0.355203 0.988964 0.0140023 0.0220487 146
0 0.690705 0.796493 0.00987887 0.042388 116
0 0.794078 0.777051 0.0111085 0.0469873 123
0 0.118035 0.983608 0.0360907 0.0267455 212
0 0.42518 0.894772 0.0153374 0.0813612 21
0 0.946912 0.748897 0.00957947 0.0478378 232
0 0.749713 0.784024 0.0100577 0.045222 277
0 0.934379 0.728651 0.00545969 0.0200636 291
0 0.513661 0.808688 0.0119994 0.0417047 260
0 0.845261 0.766898 0.0087863 0.0455009 228
0 0.910138 0.752668 0.0087327 0.0466581 7
0 0.496965 0.781003 0.00803823 0.0254408 309
37 0.0221744 0.938515 0.0443114 0.0295446 311
0 0.789326 0.699774 0.00622134 0.0217831 245
0 0.476 0.781297 0.0110619 0.0201745 316
0 0.986179 0.740467 0.00751162 0.0301596 300
0 0.868157 0.764084 0.00833235 0.0444842 336
