0 0.451574 0.834202 0.0140542 0.0662582 1
0 0.830874 0.834875 0.0178617 0.0336173 12
0 0.856016 0.829744 0.0153367 0.0339631 16
0 0.717969 0.829957 0.0144923 0.0315929 23
0 0.843209 0.767292 0.00817118 0.0471061 495
0 0.114865 0.983366 0.0324595 0.0256101 538
0 0.554696 0.8192 0.00967197 0.0508066 6
0 0.796303 0.775589 0.0087522 0.0492524 953
0 0.475574 0.857089 0.0197357 0.0248669 3
0 0.722357 0.786794 0.010734 0.0491901 1102
0 0.354974 0.989342 0.0137187 0.0212867 1114
37 0.0225444 0.938267 0.0450683 0.0299147 1123
0 0.605136 0.807297 0.0121032 0.0589074 762
0 0.0114489 0.754225 0.0094159 0.0149294 1151
0 0.56546 0.813325 0.0113186 0.0551739 1167
0 0.89381 0.975545 0.0636276 0.0453143 1267
37 0.198182 0.91605 0.045592 0.0311274 34
0 0.703636 0.791301 0.0102463 0.0477019 1140
0 0.974717 0.76268 0.0183159 0.0269647 1353
0 0.905424 0.973099 0.0418447 0.0397524 1364
0 0.933912 0.728234 0.00659914 0.0250064 821
0 0.68879 0.79431 0.0106322 0.0447508 1391
0 0.660936 0.798753 0.00879326 0.0399777 1307
0 0.883497 0.984433 0.0448736 0.0287148 1411
0 0.366756 0.900313 0.0187003 0.0816164 1403
0 0.424064 0.836208 0.0120626 0.0623888 1431
0 0.954056 0.850634 0.0219389 0.0403349 4
0 0.939881 0.748195 0.00854311 0.0421172 1376
0 0.484183 0.857104 0.037395 0.0250865 1405
0 0.39114 0.832201 0.0181609 0.0853867 1324
