0 0.452395 0.834446 0.0120963 0.0661479 1
0 0.95697 0.848186 0.01579 0.0354519 4
0 0.83127 0.835229 0.0188482 0.0329368 12
0 0.856568 0.829949 0.0136178 0.0330897 16
0 0.718258 0.830564 0.0137443 0.0309569 23
0 0.443564 0.890751 0.0164557 0.0834478 21
0 0.47172 0.826454 0.0120457 0.0547051 260
0 0.842415 0.767011 0.0089139 0.045688 495
0 0.114276 0.983293 0.0331521 0.0274325 538
0 0.554861 0.819288 0.0116612 0.0502614 6
0 0.796401 0.775588 0.0083508 0.0487943 953
0 0.475752 0.856756 0.0175976 0.0243703 3
0 0.732697 0.785058 0.00962667 0.0499133 1102
0 0.355027 0.989179 0.0148249 0.0216415 1114
37 0.0220527 0.938807 0.0441054 0.0313842 1123
0 0.657891 0.796281 0.0109998 0.0565594 762
0 0.00598518 0.978121 0.0118963 0.0210198 1150
0 0.0181014 0.753293 0.0108224 0.0220495 1151
0 0.615814 0.80505 0.0113608 0.0563133 1167
0 0.893995 0.975318 0.0655586 0.0466472 1267
0 0.687914 0.795723 0.00939188 0.0426633 1307
37 0.198278 0.916052 0.0449725 0.031544 34
0 0.702518 0.792401 0.0113621 0.0472903 1140
0 0.9744 0.761921 0.0170312 0.0280252 1353
0 0.935162 0.725536 0.00745659 0.0203431 821
0 0.67591 0.815636 0.0161653 0.0185383 1359
0 0.907263 0.972897 0.0433227 0.0419234 1364
0 0.966452 0.749147 0.00844402 0.0354988 1376
0 0.953466 0.850359 0.0229144 0.0394852 1380
