0 0.452486 0.834383 0.0122932 0.0660427 1
0 0.830809 0.835122 0.0178321 0.0325454 12
0 0.855674 0.831463 0.0157755 0.0313371 16
0 0.717777 0.830202 0.0135509 0.0314058 23
0 0.843039 0.766031 0.00829077 0.0474593 495
0 0.114415 0.982766 0.032765 0.0278605 538
0 0.553567 0.817504 0.00760207 0.0485478 6
0 0.79652 0.775094 0.00869956 0.0504521 953
0 0.475457 0.85759 0.018434 0.0229207 3
0 0.722834 0.786002 0.00836744 0.0503014 1102
0 0.599172 0.807495 0.0117783 0.0558796 762
0 0.558882 0.814737 0.00882068 0.0575533 1167
0 0.893877 0.975836 0.064895 0.0444266 1267
37 0.198176 0.916081 0.0455609 0.0311126 34
0 0.707824 0.789871 0.0109571 0.0470966 1140
0 0.972126 0.763243 0.0136848 0.0273119 1353
0 0.906599 0.973353 0.0398588 0.0395091 1364
0 0.689262 0.795629 0.0110026 0.0470534 1391
0 0.65703 0.800014 0.00797524 0.0446771 1307
0 0.883644 0.9809 0.044831 0.0361668 1411
0 0.356652 0.901505 0.0218232 0.0791369 1403
0 0.416616 0.838722 0.0143284 0.0623083 1431
0 0.956615 0.848516 0.0159801 0.0367379 4
0 0.937353 0.752203 0.00726538 0.0399175 1376
0 0.48426 0.85775 0.0365463 0.0233109 1405
0 0.699191 0.792014 0.00696044 0.043551 1452
37 0.0221329 0.938507 0.0442242 0.0303846 1123
0 0.391465 0.832699 0.0181574 0.0855923 1324
