0 0.451744 0.834022 0.0125433 0.0669156 1
0 0.953667 0.850051 0.0225368 0.0414538 4
0 0.830778 0.834396 0.0175571 0.0333074 12
0 0.855798 0.829428 0.014484 0.0328865 16
0 0.7187 0.830311 0.0140884 0.0316724 23
0 0.431372 0.914533 0.0286182 0.0363543 21
0 0.524228 0.821009 0.0118665 0.0516851 260
8 0.197493 0.915132 0.044982 0.0326519 34
0 0.842163 0.765852 0.00880394 0.0452259 495
0 0.116035 0.982895 0.0361153 0.0273189 538
0 0.691516 0.796171 0.00940242 0.043088 572
0 0.591642 0.812494 0.0108736 0.0476266 6
0 0.939813 0.726428 0.00663691 0.0175941 821
0 0.796677 0.774414 0.0078094 0.047934 953
0 0.974572 0.762046 0.0174617 0.0275688 649
0 0.676581 0.815121 0.0163045 0.0182343 971
0 0.475291 0.854482 0.016342 0.0293539 3
0 0.746406 0.780427 0.00887499 0.0459181 1102
0 0.355387 0.989185 0.01387 0.0216253 1114
37 0.0220901 0.938156 0.0441407 0.0296149 1123
0 0.726381 0.788451 0.00956459 0.044716 1140
0 0.717247 0.786154 0.0107992 0.0521106 762
0 0.00594177 0.979467 0.0118007 0.0181685 1150
0 0.00942229 0.746419 0.00896719 0.0172762 1151
0 0.389126 0.775195 0.00695505 0.0154455 1152
0 0.699689 0.792558 0.00784917 0.0484552 277
0 0.284959 0.720081 0.00610073 0.0137172 1159
