0 0.453058 0.833925 0.0117761 0.0664872 1
0 0.95351 0.849261 0.0220582 0.0415306 4
0 0.831213 0.834724 0.0185436 0.0334658 12
0 0.85624 0.830666 0.014502 0.0327371 16
0 0.89029 0.976245 0.0584383 0.0453813 20
0 0.718414 0.83026 0.0147048 0.0309242 23
0 0.433964 0.91432 0.0238518 0.0360797 21
0 0.558922 0.81578 0.0119252 0.0544863 260
37 0.198396 0.916016 0.0460291 0.0311946 34
0 0.702876 0.792445 0.00926967 0.0494699 277
0 0.843093 0.763894 0.00808897 0.0467655 495
0 0.746023 0.78312 0.00861473 0.049123 11
0 0.117579 0.983424 0.0343993 0.0261373 538
0 0.73651 0.786193 0.00907664 0.0477931 572
0 0.760879 0.780006 0.00991654 0.0500033 228
0 0.784372 0.775182 0.0108044 0.051087 762
0 0.852686 0.83101 0.0214149 0.0347262 865
0 0.650667 0.80347 0.0102278 0.0486015 6
0 0.289508 0.722762 0.00638156 0.0159873 879
0 0.941459 0.727921 0.00812225 0.0216604 821
0 0.692607 0.794073 0.00961909 0.0476922 882
37 0.0220129 0.938579 0.044024 0.0277763 311
0 0.391011 0.827873 0.0182061 0.077262 943
0 0.797195 0.775269 0.0085515 0.0504055 953
0 0.0591871 0.739504 0.0051424 0.0180532 955
0 0.973983 0.762165 0.0197031 0.0293043 649
0 0.478443 0.856207 0.0337335 0.0257899 3
0 0.676163 0.816054 0.0153863 0.0202371 971
0 0.00497525 0.752853 0.00936699 0.0180523 523
