0 0.452496 0.833723 0.0129685 0.0677956 1
0 0.290332 0.863738 0.0136034 0.0566835 2
0 0.483945 0.827682 0.014209 0.0575966 3
0 0.95337 0.848381 0.02239 0.0421442 4
0 0.879577 0.759609 0.00784521 0.0432267 5
0 0.698068 0.794958 0.0100661 0.0533153 6
0 0.969946 0.737509 0.0082139 0.0390136 7
0 0.787838 0.77753 0.0106397 0.0472237 8
0 0.522017 0.780764 0.00884476 0.0208292 9
0 0.843769 0.765829 0.00791912 0.0464541 10
0 0.772004 0.780263 0.00955906 0.0498286 11
0 0.830814 0.834481 0.0155684 0.0326058 12
0 0.533579 0.777211 0.00855145 0.026521 13
0 0.684256 0.795609 0.0111917 0.0447761 14
0 0.79631 0.776201 0.00814858 0.0485881 15
0 0.856439 0.827907 0.0126716 0.035952 16
0 0.946111 0.745416 0.0114911 0.0438832 17
0 0.898251 0.739376 0.00833941 0.0304178 18
0 0.894538 0.976079 0.067047 0.0465534 20
0 0.422876 0.913711 0.0173609 0.0438827 21
0 0.470701 0.798037 0.00841231 0.0337225 22
0 0.718622 0.830346 0.0140684 0.0319372 23
0 0.00927264 0.748874 0.00703386 0.0176827 25
37 0.198165 0.916298 0.0462764 0.0314596 34
0 0.838749 0.7685 0.00870209 0.0437727 61
0 0.971776 0.762982 0.0133793 0.0265515 64
0 0.78935 0.777012 0.00851088 0.0468022 65
