0 0.452474 0.834557 0.0122943 0.0651719 1
0 0.953701 0.850809 0.0219163 0.0407332 4
0 0.830837 0.83495 0.0177864 0.0331241 12
0 0.854836 0.829835 0.0167122 0.0338231 16
0 0.718549 0.82959 0.0145081 0.032728 23
0 0.434138 0.909675 0.0238327 0.0440453 21
0 0.488959 0.8262 0.0116417 0.0564092 260
0 0.841825 0.766921 0.00851698 0.0453831 495
0 0.114563 0.982423 0.0334384 0.0278013 538
0 0.557836 0.818515 0.0120015 0.0508311 6
0 0.936635 0.727452 0.00743237 0.0246121 821
0 0.796126 0.776124 0.00829825 0.0480429 953
0 0.475528 0.858226 0.018453 0.0216206 3
0 0.74124 0.781982 0.00824561 0.0486628 1102
0 0.354989 0.989117 0.0151256 0.0217539 1114
37 0.0221011 0.938193 0.0442017 0.0271886 1123
0 0.67513 0.789271 0.00994201 0.0463498 762
0 0.00561492 0.978746 0.0111854 0.0197797 1150
0 0.0168743 0.751404 0.00952228 0.0187217 1151
0 0.637634 0.800702 0.0108823 0.0547373 1167
0 0.315387 0.711991 0.00747759 0.0233084 1103
0 0.890806 0.975599 0.0592087 0.0467949 1267
0 0.0667204 0.734936 0.00797211 0.0203824 1279
0 0.291969 0.724498 0.0101702 0.0163262 1281
0 0.273003 0.728322 0.00634098 0.0157951 1283
0 0.690521 0.794856 0.00778399 0.0476348 1307
37 0.198195 0.915491 0.0454623 0.0318304 34
0 0.703864 0.790559 0.0116636 0.0481378 1033
0 0.695388 0.800506 0.0072217 0.0326113 1316
