0 0.453544 0.833781 0.0117852 0.0668207 1
0 0.114609 0.891504 0.0110957 0.0624611 2
0 0.479656 0.831796 0.0132309 0.0620995 3
0 0.953704 0.848876 0.0220167 0.0386968 4
0 0.697617 0.793875 0.00870338 0.0435098 6
0 0.760467 0.780828 0.0068058 0.0469449 11
0 0.830171 0.834645 0.0172439 0.0337175 12
0 0.855465 0.831619 0.0161364 0.0332399 16
0 0.895841 0.975739 0.0667069 0.0456338 20
0 0.718272 0.830546 0.012965 0.0310446 23
0 0.997763 0.729627 0.00402031 0.0262783 17
0 0.35507 0.989085 0.014287 0.0218203 146
0 0.690803 0.796805 0.00804815 0.0408469 116
0 0.795863 0.775681 0.00833411 0.0487002 123
0 0.115004 0.983458 0.0301477 0.0266338 212
0 0.429312 0.894329 0.0194086 0.0797273 21
0 0.943751 0.747877 0.00896044 0.0482485 232
0 0.514347 0.809513 0.00908103 0.0415165 260
0 0.843026 0.767086 0.00959682 0.0458647 228
0 0.907656 0.753371 0.0109033 0.0487108 7
0 0.494631 0.782697 0.00741649 0.0286352 309
37 0.0220909 0.938719 0.0441531 0.0297718 311
0 0.78994 0.69895 0.00624375 0.0198143 245
0 0.990452 0.738004 0.00723925 0.0342414 300
0 0.872515 0.76208 0.00821753 0.0408599 336
0 0.974555 0.762155 0.0183847 0.0281639 338
37 0.198631 0.91603 0.0471463 0.0317156 34
0 0.856259 0.771277 0.00587645 0.0290688 327
0 0.00537112 0.750389 0.00982287 0.0188014 347
0 0.791575 0.778248 0.00896444 0.0439323 15
