0 0.452839 0.834778 0.0119526 0.0654089 1
0 0.830861 0.835155 0.0174753 0.032304 12
0 0.855725 0.831932 0.0156435 0.0283502 16
0 0.71805 0.830022 0.0139499 0.0318329 23
0 0.84305 0.760478 0.00782309 0.0339436 495
0 0.114931 0.982796 0.0336999 0.0276805 538
0 0.796444 0.775357 0.00834074 0.0501922 953
0 0.475631 0.857457 0.0190525 0.0234794 3
0 0.72828 0.785857 0.0113378 0.0498463 1102
0 0.585934 0.809095 0.0107308 0.0576603 762
0 0.54595 0.815827 0.0119406 0.054433 1167
0 0.893983 0.975801 0.0649285 0.044516 1267
37 0.198208 0.916608 0.0447656 0.0300112 34
0 0.715084 0.789696 0.0109788 0.0495318 1140
0 0.971551 0.762332 0.0136991 0.0273246 1353
0 0.906419 0.973346 0.039988 0.0395837 1364
0 0.689269 0.795326 0.0108544 0.0466005 1391
0 0.650968 0.802197 0.00828204 0.045178 1307
0 0.883757 0.980946 0.0449103 0.0358432 1411
0 0.401897 0.84095 0.0114886 0.0617163 1431
0 0.957013 0.847754 0.0152957 0.0348991 4
0 0.484095 0.857651 0.0366717 0.0236604 1405
37 0.0221624 0.938661 0.0443247 0.0303186 1123
0 0.701248 0.795851 0.0111696 0.0493595 1465
0 0.335499 0.902072 0.021525 0.0815278 1473
0 0.555256 0.818762 0.00831852 0.0496112 6
0 0.391056 0.819432 0.0181576 0.0592643 1324
0 0.930447 0.744988 0.00937929 0.055168 1376
0 0.993923 0.731208 0.00572224 0.0273926 1490
0 0.667349 0.803962 0.00612969 0.0306653 1495
0 0.944557 0.849635 0.0168857 0.0351963 1472
