0 0.456007 0.833537 0.0132321 0.0684719 1
0 0.475669 0.834851 0.0145739 0.0658056 3
0 0.953538 0.849453 0.0220496 0.0410642 4
0 0.698553 0.792384 0.0109142 0.0489621 6
0 0.755739 0.781394 0.00760207 0.0480496 11
0 0.830599 0.834631 0.0172256 0.0335626 12
0 0.856324 0.830198 0.0153088 0.0329662 16
0 0.894598 0.976231 0.0657404 0.045755 20
0 0.718542 0.830625 0.0143583 0.0306875 23
0 0.355109 0.988941 0.0145722 0.0221186 146
0 0.793778 0.775468 0.0108595 0.0477841 123
0 0.433504 0.91346 0.024062 0.039355 21
0 0.520141 0.808612 0.0111059 0.0375849 260
0 0.842987 0.767009 0.00860214 0.0473083 228
37 0.198752 0.915515 0.0468773 0.0332717 34
0 0.766437 0.780859 0.00954413 0.0459712 15
0 0.744206 0.78416 0.00866103 0.0471895 277
0 0.906235 0.973086 0.0440866 0.0400724 367
0 0.328028 0.753352 0.0091723 0.0154452 411
0 0.819159 0.770566 0.00853643 0.0406302 417
0 0.475715 0.780062 0.00849261 0.0233411 309
0 0.869169 0.761064 0.00965538 0.047439 7
0 0.0217437 0.902682 0.0113275 0.0479585 2
0 0.0696326 0.742541 0.00937641 0.0286421 451
0 0.451212 0.780418 0.0075448 0.0176269 459
37 0.0221644 0.938749 0.0442056 0.0281104 311
0 0.99604 0.809854 0.00750179 0.0239468 466
0 0.278901 0.728891 0.00641913 0.0159801 475
0 0.00988481 0.751194 0.00902938 0.0177415 347
0 0.92482 0.753991 0.00859051 0.0423739 492
0 0.836465 0.774789 0.0063983 0.027604 493
0 0.903905 0.754776 0.009268 0.0469109 495
