0 0.45195 0.834086 0.0126536 0.0669659 1
0 0.953719 0.849833 0.0226362 0.0410201 4
0 0.830858 0.834733 0.0176717 0.0334728 12
0 0.856287 0.829502 0.0138737 0.0332982 16
0 0.718631 0.830545 0.0139526 0.0311631 23
0 0.431793 0.914128 0.027803 0.0370933 21
0 0.515653 0.822326 0.0116791 0.0539984 260
37 0.1976 0.915696 0.0449102 0.0318491 34
0 0.842807 0.767081 0.00917673 0.0463325 495
0 0.115919 0.982901 0.0359254 0.0273164 538
0 0.691045 0.795235 0.00909972 0.045226 572
0 0.582515 0.814911 0.0119137 0.0511799 6
0 0.938949 0.727928 0.00732327 0.0193109 821
0 0.796578 0.774729 0.0076283 0.0473538 953
0 0.973428 0.761697 0.0159739 0.0282358 649
0 0.474711 0.856803 0.0176184 0.0249963 3
0 0.746513 0.782191 0.00836549 0.049167 1102
0 0.355345 0.989188 0.0139937 0.0216204 1114
37 0.022153 0.938039 0.0442336 0.0296224 1123
0 0.723497 0.787798 0.00815649 0.0475587 1140
0 0.706185 0.791583 0.0101457 0.0466242 762
0 0.00569592 0.979483 0.0113232 0.0183734 1150
0 0.0115956 0.74931 0.00939911 0.0197912 1151
0 0.382855 0.774763 0.00533102 0.0160879 1152
0 0.702292 0.793797 0.00699439 0.0420948 277
0 0.28587 0.717911 0.0083061 0.0141842 1159
0 0.676597 0.78818 0.0110002 0.0389776 1167
0 0.840712 0.697677 0.00490379 0.0182688 1201
0 0.712882 0.7915 0.00746317 0.0431686 1033
0 0.315446 0.711756 0.00633996 0.0133038 1103
