0 0.452794 0.834704 0.0119733 0.0652585 1
0 0.830875 0.835155 0.0175179 0.0323248 12
0 0.855676 0.831983 0.0157567 0.0283852 16
0 0.718032 0.830118 0.0139214 0.0316618 23
0 0.843043 0.760771 0.00789871 0.0345851 495
0 0.114837 0.982802 0.0335086 0.0276843 538
0 0.796584 0.775313 0.00860486 0.0500395 953
0 0.475598 0.857532 0.0190323 0.0233655 3
0 0.72798 0.786072 0.0115557 0.0501038 1102
0 0.586431 0.809481 0.0118161 0.0580784 762
0 0.546446 0.816171 0.011375 0.0547094 1167
0 0.893994 0.975771 0.064935 0.0444397 1267
37 0.198204 0.916504 0.0449594 0.0301809 34
0 0.714926 0.789678 0.0108819 0.0493053 1140
0 0.971635 0.762371 0.0134298 0.0273037 1353
0 0.906428 0.973333 0.0399788 0.0395273 1364
0 0.689268 0.79533 0.0106262 0.0464727 1391
0 0.651595 0.802237 0.00842261 0.0454987 1307
0 0.883707 0.981255 0.0448387 0.0352925 1411
0 0.402836 0.841022 0.0114909 0.0606288 1431
0 0.957047 0.847954 0.0152943 0.0358015 4
0 0.483913 0.857688 0.0362986 0.0236303 1405
37 0.0221481 0.938828 0.0442962 0.0302101 1123
0 0.701349 0.795347 0.011288 0.0500452 1465
0 0.336607 0.902095 0.0224163 0.0822006 1473
0 0.555225 0.818947 0.00830808 0.0494988 6
0 0.39109 0.819524 0.0182418 0.0595743 1324
0 0.93059 0.746402 0.00909777 0.0528011 1376
0 0.994194 0.730853 0.00549889 0.0271807 1490
0 0.667772 0.805339 0.00631995 0.0350776 1495
