0 0.453177 0.833165 0.0118765 0.0686239 1
0 0.467174 0.84221 0.0148838 0.0559224 3
0 0.953524 0.849347 0.0219587 0.0413376 4
0 0.695725 0.793625 0.00988317 0.0463906 6
0 0.830573 0.834578 0.016976 0.0331849 12
0 0.856329 0.830786 0.0161683 0.0320654 16
0 0.892523 0.97622 0.0618825 0.0454489 20
0 0.718576 0.830143 0.01455 0.0317217 23
0 0.354447 0.989338 0.0155574 0.0212958 146
0 0.795831 0.775771 0.009829 0.0486258 123
0 0.43523 0.913853 0.020793 0.0373245 21
0 0.538306 0.820578 0.0101277 0.0535883 260
37 0.198381 0.915866 0.04502 0.0313541 34
0 0.744021 0.784848 0.0108375 0.0471391 277
0 0.903407 0.97303 0.0389655 0.0391925 367
0 0.34042 0.756719 0.00610671 0.0209836 411
0 0.453746 0.780991 0.00785127 0.0224549 309
0 0.842493 0.765845 0.00992317 0.0479788 7
0 0.0714248 0.74048 0.00719505 0.0279064 451
0 0.274828 0.729606 0.00731785 0.0157741 475
0 0.874678 0.759055 0.00837898 0.0484243 495
0 0.707317 0.790945 0.00936523 0.0465555 500
0 0.957208 0.84811 0.0150983 0.0382767 513
0 0.974182 0.762586 0.0189176 0.0278214 338
0 0.971717 0.738969 0.00710602 0.0316199 447
0 0.0084185 0.745861 0.0094864 0.0172789 523
0 0.754752 0.78207 0.0084866 0.0490382 11
0 0.805052 0.773353 0.00884132 0.0432198 417
37 0.0221464 0.938211 0.0442792 0.0285299 311
0 0.116535 0.98355 0.0329649 0.0245225 538
0 0.820837 0.778175 0.00613956 0.02604 493
0 0.964801 0.742858 0.00972605 0.0399772 558
