0 0.453528 0.833673 0.0121637 0.0675705 1
0 0.483066 0.858159 0.0331901 0.0219889 3
0 0.953513 0.849263 0.0220282 0.041557 4
0 0.831202 0.834664 0.018534 0.0335039 12
0 0.856141 0.830479 0.0145158 0.0329703 16
0 0.890265 0.97623 0.058242 0.0453463 20
0 0.718274 0.830647 0.0147397 0.030237 23
0 0.433742 0.91449 0.0244732 0.0358578 21
0 0.561222 0.81513 0.0118873 0.055304 260
8 0.198197 0.915182 0.0457783 0.0323992 34
0 0.703049 0.790575 0.00851007 0.0487946 277
0 0.84301 0.765402 0.00848646 0.050135 495
0 0.746833 0.782541 0.00736198 0.0486248 11
0 0.119277 0.983705 0.0384105 0.0262453 538
0 0.736525 0.785644 0.00911632 0.0466231 572
0 0.769896 0.778759 0.0126046 0.051192 228
0 0.792881 0.774837 0.0108425 0.0518844 762
0 0.0051028 0.753149 0.00941292 0.0189491 523
0 0.852875 0.830866 0.0209112 0.0350283 865
0 0.660385 0.800893 0.0104616 0.0446631 6
0 0.757918 0.782731 0.00795951 0.0449359 683
0 0.288305 0.723705 0.00738199 0.0168404 879
0 0.939986 0.727551 0.00713396 0.0213394 821
0 0.692213 0.79364 0.0096293 0.0476375 882
37 0.0220757 0.938371 0.0441514 0.0289057 311
0 0.391013 0.817636 0.0180755 0.0567444 943
0 0.798278 0.77683 0.00799656 0.0479702 953
