0 0.452513 0.834148 0.0129619 0.0665917 1
0 0.953577 0.85083 0.0218013 0.0408369 4
0 0.830835 0.834876 0.0176901 0.033061 12
0 0.854529 0.829748 0.0173487 0.0341471 16
0 0.718259 0.830032 0.0140571 0.0318182 23
0 0.433971 0.914425 0.024244 0.0363205 21
0 0.503278 0.823438 0.0116821 0.0532614 260
8 0.198404 0.91553 0.0449294 0.0313999 34
0 0.842309 0.766693 0.00853405 0.0458903 495
0 0.114662 0.982467 0.0335398 0.0276677 538
0 0.568366 0.816974 0.0118192 0.0487709 6
0 0.939333 0.726383 0.00853195 0.0198112 821
0 0.796188 0.775275 0.00897145 0.0493797 953
0 0.475731 0.85721 0.0180342 0.0236655 3
0 0.746434 0.782773 0.00748358 0.0490571 1102
0 0.354956 0.989114 0.0152044 0.0217723 1114
37 0.02213 0.937904 0.04426 0.028791 1123
0 0.714621 0.788456 0.00819478 0.0477756 1140
0 0.69072 0.791583 0.0119068 0.0518222 762
0 0.0057017 0.979436 0.0113334 0.0183085 1150
0 0.0132604 0.748425 0.0117314 0.0168729 1151
0 0.656449 0.794252 0.0124032 0.0480161 1167
0 0.707872 0.790806 0.00832319 0.0447211 1033
0 0.314354 0.714498 0.00701475 0.0183879 1103
0 0.701116 0.792087 0.00791016 0.0454297 1265
0 0.890466 0.975394 0.0584613 0.0466469 1267
0 0.982947 0.738788 0.00811701 0.0335702 1233
0 0.0637898 0.736413 0.00772036 0.023513 1279
0 0.97374 0.762548 0.0164269 0.0268714 649
0 0.290809 0.720698 0.00697908 0.0162641 1281
0 0.27146 0.723545 0.00736263 0.0156427 1283
