0 0.452479 0.833803 0.0130765 0.0675138 1
0 0.285599 0.863536 0.0109869 0.0563914 2
0 0.48325 0.827809 0.0142629 0.0576046 3
0 0.953351 0.848396 0.0224136 0.0421987 4
0 0.879496 0.759492 0.00778713 0.0429485 5
0 0.69818 0.794516 0.0098052 0.0535277 6
0 0.968039 0.738707 0.00940371 0.0415743 7
0 0.52033 0.780897 0.00773287 0.0202834 9
0 0.843167 0.766398 0.00884209 0.0467676 10
0 0.772812 0.779294 0.00912175 0.0482596 11
0 0.830711 0.834444 0.0158294 0.032499 12
0 0.532784 0.77722 0.00778489 0.0258992 13
0 0.68459 0.794785 0.0102916 0.0449141 14
0 0.796303 0.775679 0.00900273 0.0493113 15
0 0.856492 0.827877 0.0125047 0.0363046 16
0 0.948101 0.748481 0.0109843 0.0460907 17
0 0.89878 0.741001 0.00921488 0.0316317 18
0 0.89424 0.976016 0.0668802 0.0467196 20
0 0.422334 0.912651 0.0188182 0.0462578 21
0 0.471968 0.798878 0.00900755 0.0333676 22
0 0.718598 0.830332 0.0141927 0.0320123 23
0 0.00838037 0.74732 0.00807298 0.0178602 25
37 0.198335 0.916234 0.046499 0.031696 34
0 0.97162 0.762558 0.013334 0.0274707 64
0 0.78848 0.776775 0.00982604 0.0476446 8
0 0.836575 0.770747 0.00994558 0.0422869 61
