0 0.453956 0.833556 0.0121044 0.0677403 1
0 0.466167 0.836752 0.0149104 0.0642031 3
0 0.953535 0.849277 0.0219478 0.0409373 4
0 0.694522 0.794145 0.0101121 0.0461851 6
0 0.830703 0.83448 0.0174531 0.0341431 12
0 0.856284 0.830198 0.0163448 0.0326203 16
0 0.892727 0.976131 0.0615613 0.0454087 20
0 0.718673 0.830275 0.014486 0.0314839 23
0 0.354262 0.989344 0.0153644 0.021261 146
0 0.794861 0.775648 0.0106053 0.0485353 123
0 0.434542 0.913779 0.0225942 0.037959 21
0 0.528394 0.81484 0.010775 0.0409581 260
0 0.843242 0.767003 0.008181 0.0461739 228
37 0.196614 0.915555 0.0424345 0.0309586 34
0 0.744472 0.785126 0.00807981 0.048767 277
0 0.90347 0.973021 0.0389248 0.0392028 367
0 0.33442 0.754271 0.00681202 0.0184046 411
0 0.463783 0.781508 0.00782743 0.0235268 309
0 0.853307 0.762879 0.00808153 0.0500448 7
0 0.0716197 0.741103 0.00699726 0.0260703 451
0 0.277236 0.728473 0.00645521 0.014212 475
0 0.948422 0.749701 0.0105167 0.0427843 492
0 0.828807 0.777445 0.00671558 0.0324448 493
0 0.88671 0.758089 0.00938959 0.0489543 495
0 0.706248 0.79169 0.00999627 0.046599 500
0 0.957178 0.848009 0.0151829 0.0380942 513
0 0.972105 0.763014 0.014148 0.0269354 338
0 0.963991 0.73868 0.00732374 0.0323354 447
0 0.00878163 0.751421 0.00820381 0.0190349 523
0 0.754354 0.783117 0.00958123 0.048302 11
0 0.810006 0.775667 0.00908852 0.0463158 417
37 0.0222119 0.938847 0.0442769 0.0290046 311
0 0.117489 0.98337 0.0352018 0.0239481 538
