0 0.453313 0.833757 0.0121937 0.0667298 1
0 0.0816855 0.900105 0.0158225 0.0643478 2
0 0.478014 0.83386 0.0148708 0.068708 3
0 0.953376 0.848817 0.0220162 0.0395498 4
0 0.699047 0.793405 0.00885987 0.0461878 6
0 0.757396 0.783112 0.00806823 0.0478151 11
0 0.830233 0.834712 0.0174137 0.0334035 12
0 0.855707 0.830927 0.0168404 0.034436 16
0 0.894265 0.975087 0.065449 0.0465577 20
0 0.718744 0.830268 0.0146005 0.0317717 23
0 0.354906 0.989314 0.0144368 0.0212993 146
0 0.794267 0.775641 0.00943093 0.0464779 123
0 0.437778 0.909603 0.0177634 0.0470305 21
0 0.93101 0.750409 0.00950995 0.0453326 232
0 0.514423 0.81087 0.00828109 0.0412571 260
0 0.843024 0.764778 0.00938263 0.0464145 228
0 0.892242 0.756977 0.0104475 0.0482752 7
0 0.488272 0.77772 0.00747104 0.0221044 309
0 0.973835 0.7624 0.0189915 0.0281241 338
37 0.19796 0.915655 0.0460235 0.0316971 34
0 0.781222 0.780984 0.00948134 0.0396632 15
0 0.744702 0.784392 0.0142587 0.0464674 277
0 0.905478 0.972541 0.0417323 0.0419829 367
37 0.0220952 0.93937 0.0441904 0.0299599 311
0 0.00622177 0.750568 0.00999209 0.017729 347
0 0.852487 0.832292 0.0241703 0.0361098 408
0 0.320355 0.750522 0.00894487 0.0135247 411
0 0.391516 0.816754 0.0168203 0.0541423 416
0 0.836619 0.771124 0.00698452 0.0399762 417
