0 0.453648 0.833199 0.0124987 0.0672677 1
0 0.301116 0.861599 0.0152984 0.0568698 2
0 0.485449 0.827982 0.0138189 0.0579723 3
0 0.953428 0.848337 0.0222249 0.0420539 4
0 0.881921 0.760432 0.00720654 0.0435232 5
0 0.69753 0.794994 0.00919757 0.047964 6
0 0.974637 0.734056 0.00802383 0.0335531 7
0 0.786462 0.777282 0.0078455 0.0452358 8
0 0.525902 0.780374 0.0116504 0.0211649 9
0 0.842244 0.766397 0.0101262 0.0497601 10
0 0.769834 0.778978 0.0104433 0.0458364 11
0 0.830856 0.834314 0.0155419 0.0337372 12
0 0.538774 0.776924 0.00801225 0.0268567 13
0 0.684587 0.795095 0.0105265 0.0431837 14
0 0.795722 0.775779 0.00919347 0.0477642 15
0 0.856347 0.827924 0.0129479 0.0354594 16
0 0.939454 0.749398 0.0105445 0.0475585 17
0 0.893723 0.737967 0.00643406 0.0277856 18
0 0.893761 0.975922 0.0653066 0.0464267 20
0 0.423646 0.914292 0.0187945 0.0421972 21
0 0.466476 0.798834 0.00787244 0.0320795 22
0 0.718384 0.830522 0.0130684 0.0311704 23
0 0.0104294 0.751406 0.00746275 0.0175578 25
37 0.1986 0.916071 0.0475548 0.0313333 34
0 0.810835 0.776419 0.00961618 0.0406078 36
