0 0.452247 0.833911 0.0116478 0.0672627 1
0 0.830883 0.834902 0.0178633 0.0335153 12
0 0.856278 0.830986 0.0140168 0.0322844 16
0 0.717987 0.830106 0.0135375 0.0314045 23
0 0.84365 0.7666 0.00773134 0.0483112 495
0 0.114635 0.983761 0.0322307 0.0264735 538
0 0.55519 0.81947 0.0100279 0.0502042 6
0 0.796302 0.775947 0.00863147 0.049135 953
0 0.475256 0.856204 0.0186408 0.0265512 3
0 0.722534 0.786269 0.00948625 0.049929 1102
0 0.355201 0.98935 0.0138807 0.0212999 1114
37 0.022567 0.938578 0.0451319 0.0302641 1123
0 0.625907 0.803454 0.0129987 0.0609068 762
0 0.0140692 0.752316 0.00801493 0.0168833 1151
0 0.58262 0.809124 0.0100382 0.0522852 1167
0 0.893709 0.975423 0.0624699 0.0446797 1267
37 0.198 0.915873 0.0454928 0.031296 34
0 0.701931 0.792234 0.00880613 0.043274 1140
0 0.974594 0.762484 0.017841 0.0270805 1353
0 0.905133 0.973187 0.0412272 0.0393697 1364
0 0.955529 0.848821 0.0192538 0.0362595 1380
0 0.935503 0.729408 0.00788813 0.0285494 821
0 0.689155 0.795127 0.00944138 0.0462616 1391
0 0.669949 0.796643 0.00881653 0.0383305 1307
0 0.883549 0.98456 0.0450222 0.0283787 1411
0 0.6952 0.79296 0.00809612 0.0463448 1415
0 0.0569973 0.743178 0.00946592 0.0222975 1421
0 0.27849 0.728456 0.00488024 0.0160901 1422
0 0.40941 0.897577 0.023938 0.0813929 1403
0 0.952852 0.746722 0.00839424 0.0374405 1376
0 0.442462 0.835359 0.0125375 0.0639103 1431
