0 0.452825 0.833433 0.0127708 0.0675255 1
0 0.480353 0.85808 0.0325211 0.0226194 3
0 0.953554 0.849856 0.0221373 0.0424214 4
0 0.830646 0.834964 0.0175121 0.0328838 12
0 0.856409 0.831113 0.014258 0.0337912 16
0 0.893808 0.975695 0.0667036 0.0469547 20
0 0.717613 0.830457 0.0127444 0.0309456 23
0 0.433445 0.914407 0.0250643 0.0376856 21
0 0.565177 0.811544 0.0132459 0.0474061 260
37 0.198243 0.916273 0.044412 0.0313229 34
0 0.702881 0.794191 0.00943203 0.0431317 277
0 0.906589 0.972256 0.0434383 0.0413629 367
0 0.843658 0.765867 0.00710764 0.0480376 495
0 0.755554 0.784796 0.00746813 0.0424984 11
0 0.115224 0.980879 0.0306698 0.0225303 538
0 0.736801 0.785799 0.00825605 0.046987 572
0 0.801906 0.774102 0.00789194 0.0488812 228
0 0.972053 0.763011 0.013416 0.0257122 649
0 0.796185 0.775256 0.0071116 0.0483911 417
37 0.0221942 0.93863 0.0443246 0.0283768 311
0 0.820065 0.770808 0.0125546 0.0510118 762
0 0.797263 0.696971 0.00494437 0.0157519 795
0 0.00455955 0.749152 0.00874133 0.0174569 523
0 0.853212 0.83155 0.0215017 0.0342766 865
0 0.692092 0.796483 0.0104268 0.0401937 6
0 0.0645438 0.742842 0.00737224 0.0318252 733
0 0.774511 0.779859 0.00910339 0.0419923 683
