0 0.453178 0.833456 0.0126183 0.0683924 1
0 0.469948 0.852246 0.0151404 0.0355039 3
0 0.953742 0.848941 0.0220093 0.0400829 4
0 0.695598 0.793284 0.0102222 0.0477844 6
0 0.830662 0.834608 0.01762 0.0336407 12
0 0.852716 0.832032 0.0222393 0.0351461 16
0 0.891919 0.975918 0.0615212 0.045949 20
0 0.718242 0.829896 0.0140822 0.0328928 23
0 0.7966 0.776261 0.00724921 0.0505608 123
0 0.433458 0.914827 0.0249557 0.0369798 21
0 0.542673 0.817889 0.0109325 0.0522718 260
37 0.198637 0.916126 0.0467485 0.0320317 34
0 0.736592 0.788078 0.00977154 0.0418163 277
0 0.903686 0.973001 0.0379901 0.0400922 367
0 0.843158 0.76589 0.00787497 0.047231 7
0 0.0721631 0.738108 0.00682119 0.0217139 451
0 0.865474 0.76062 0.00954647 0.0510125 495
0 0.706375 0.791525 0.0114527 0.0485433 500
0 0.00890666 0.746643 0.0101269 0.0186025 523
0 0.755389 0.781287 0.00814419 0.0493544 11
0 0.802125 0.775472 0.00799627 0.0452656 417
0 0.114749 0.980931 0.029949 0.0233266 538
0 0.817513 0.780267 0.00593929 0.0307332 493
0 0.319814 0.708662 0.0061594 0.0177186 570
0 0.744682 0.784511 0.00880008 0.0464412 572
0 0.833253 0.766357 0.00953341 0.0490507 228
0 0.272526 0.731182 0.0056824 0.0157811 475
0 0.93593 0.723181 0.00589323 0.0198516 598
0 0.790246 0.699058 0.00552073 0.016386 581
0 0.346643 0.75529 0.00758471 0.0219692 411
