0 0.452884 0.833422 0.0129013 0.0672496 1
0 0.47708 0.833932 0.0149864 0.067244 3
0 0.953407 0.848763 0.0219938 0.0394505 4
0 0.698498 0.794138 0.00981746 0.0483281 6
0 0.755436 0.783151 0.00855856 0.0464081 11
0 0.830239 0.834699 0.017426 0.0332717 12
0 0.85571 0.831334 0.0171619 0.035278 16
0 0.894189 0.975377 0.0655244 0.0467472 20
0 0.718781 0.830257 0.0145653 0.0317623 23
0 0.354907 0.989121 0.0144416 0.0216584 146
0 0.793689 0.774851 0.0094677 0.0465445 123
0 0.434803 0.907204 0.0253763 0.0525067 21
0 0.922212 0.75104 0.00883646 0.0467555 232
0 0.51512 0.809974 0.010024 0.0436427 260
0 0.843019 0.765306 0.00811472 0.0460403 228
0 0.973507 0.762548 0.0183709 0.0282338 338
37 0.198018 0.91579 0.0461909 0.0319233 34
0 0.776207 0.779913 0.00874467 0.0427097 15
0 0.745326 0.784166 0.0104344 0.0469623 277
0 0.905511 0.972584 0.0419344 0.041798 367
0 0.00760243 0.751773 0.00792412 0.0168739 347
0 0.85272 0.832263 0.0236836 0.0367421 408
0 0.322091 0.751368 0.010437 0.0148203 411
0 0.831479 0.767102 0.0073555 0.0401805 417
0 0.485211 0.777271 0.00958338 0.0223005 309
0 0.903734 0.755739 0.00922604 0.0422999 437
0 0.884713 0.756981 0.0100278 0.0466859 7
0 0.0615463 0.899791 0.0108642 0.0561457 2
