0 0.453003 0.833872 0.0127215 0.0672693 1
0 0.259749 0.867419 0.0130774 0.0547662 2
0 0.479431 0.826948 0.0130455 0.0599761 3
0 0.953634 0.84883 0.022196 0.0429385 4
0 0.873962 0.75715 0.00853367 0.0368001 5
0 0.69812 0.794786 0.00881047 0.0463618 6
0 0.511936 0.780443 0.00766807 0.0224932 9
0 0.775464 0.776427 0.00647292 0.050134 11
0 0.830823 0.834692 0.0162969 0.0318604 12
0 0.525801 0.778392 0.00840297 0.0261658 13
0 0.79622 0.776084 0.00745215 0.0480938 15
0 0.855361 0.829377 0.0195051 0.0383137 16
0 0.90286 0.752161 0.00898752 0.045482 18
0 0.88327 0.980173 0.0449241 0.0382235 20
0 0.422729 0.909869 0.0189968 0.0497871 21
0 0.717109 0.830681 0.0119036 0.0316857 23
0 0.00912989 0.743571 0.00680369 0.0182031 25
8 0.198149 0.915531 0.0455802 0.0321721 34
0 0.789655 0.772943 0.0083374 0.043367 8
0 0.829313 0.769108 0.00917482 0.0368018 61
0 0.990387 0.736705 0.00939569 0.0489282 91
0 0.843601 0.763067 0.00752831 0.0427083 102
0 0.783356 0.695095 0.00677767 0.0141037 110
0 0.944863 0.740729 0.00799933 0.0302926 76
0 0.852063 0.767242 0.0102435 0.0441975 10
0 0.684743 0.79538 0.010171 0.0432867 116
0 0.960943 0.74509 0.0079318 0.045413 17
