0 0.453708 0.833734 0.0127501 0.0667822 1
0 0.123102 0.891473 0.0165448 0.0598159 2
0 0.480521 0.832463 0.0129604 0.0610841 3
0 0.953773 0.848454 0.0218609 0.0379874 4
0 0.698141 0.79428 0.00874405 0.0434465 6
0 0.761811 0.780374 0.00693245 0.0481148 11
0 0.830177 0.834628 0.0171681 0.0338213 12
0 0.855413 0.831549 0.0160514 0.0335403 16
0 0.895931 0.975755 0.0670163 0.0455226 20
0 0.718656 0.830974 0.0131241 0.0302377 23
0 0.996836 0.733371 0.00589275 0.0440079 17
0 0.355218 0.988959 0.0139939 0.0220679 146
0 0.690421 0.796385 0.010043 0.042219 116
0 0.793898 0.777079 0.0114738 0.0470047 123
0 0.117177 0.983609 0.0343244 0.0266709 212
0 0.425834 0.894788 0.0158093 0.0813553 21
0 0.946603 0.74832 0.0106034 0.0484194 232
0 0.749573 0.785221 0.0100443 0.0431913 277
0 0.934399 0.72883 0.00568275 0.0198718 291
0 0.51366 0.808744 0.0118103 0.0412545 260
0 0.844704 0.766821 0.00897341 0.0455952 228
0 0.909703 0.754218 0.00959511 0.0494631 7
0 0.495938 0.781057 0.00805755 0.0265972 309
37 0.0221498 0.938482 0.0442441 0.02971 311
0 0.789222 0.699497 0.0069819 0.0218801 245
0 0.987103 0.739699 0.00684404 0.0307033 300
0 0.869575 0.76443 0.0102579 0.0431019 336
0 0.974509 0.762047 0.0183772 0.0285242 338
