0 0.453293 0.833537 0.0120518 0.0672269 1
0 0.0858019 0.898208 0.0135793 0.0624691 2
0 0.479474 0.833352 0.0134676 0.0663638 3
0 0.953391 0.848804 0.0219726 0.0395378 4
0 0.699443 0.793891 0.00912609 0.0457473 6
0 0.757796 0.782793 0.0070549 0.046598 11
0 0.830176 0.83472 0.0175347 0.0333504 12
0 0.85585 0.830874 0.0166895 0.034203 16
0 0.89398 0.974913 0.0644829 0.0460623 20
0 0.718768 0.830423 0.0145077 0.0314305 23
0 0.354915 0.989321 0.014454 0.0212817 146
0 0.794436 0.775277 0.00934172 0.0468547 123
0 0.436127 0.907002 0.0164063 0.052662 21
0 0.933338 0.748885 0.00930996 0.0486329 232
0 0.514228 0.812063 0.00856938 0.0370744 260
0 0.842574 0.764574 0.00868034 0.0457333 228
0 0.89506 0.755432 0.00845671 0.0453535 7
0 0.487616 0.778554 0.00900736 0.0222137 309
0 0.888436 0.758815 0.0097558 0.0388379 336
0 0.973813 0.762365 0.0190661 0.0283474 338
37 0.197991 0.915143 0.0457919 0.0326147 34
0 0.783716 0.778464 0.00824461 0.0408283 15
0 0.745879 0.784437 0.0114173 0.045379 277
0 0.905658 0.972474 0.0415349 0.0418527 367
0 0.693392 0.795636 0.00852575 0.0440317 116
37 0.022159 0.93905 0.0442437 0.0305397 311
0 0.00575168 0.750178 0.0103244 0.0177808 347
0 0.853225 0.832236 0.0228329 0.0361401 408
