0 0.45245 0.833625 0.0122658 0.0678047 1
0 0.953623 0.849971 0.0219634 0.0423777 4
0 0.830767 0.834722 0.0174187 0.033412 12
0 0.856217 0.830254 0.0144197 0.0327819 16
0 0.883326 0.985025 0.0433043 0.0287138 20
0 0.718101 0.830928 0.0132157 0.030506 23
0 0.433564 0.914189 0.0250299 0.0372481 21
0 0.540285 0.819581 0.0129478 0.0562098 260
37 0.19821 0.916089 0.0453794 0.0303059 34
0 0.701577 0.793356 0.0097857 0.044758 277
0 0.843001 0.766489 0.00810232 0.0435989 495
0 0.11428 0.982032 0.0316173 0.0270833 538
0 0.712894 0.788016 0.0105984 0.0495216 572
0 0.742606 0.782597 0.0116285 0.0503787 762
0 0.610312 0.809249 0.0115827 0.0505747 6
0 0.939089 0.728395 0.00704126 0.0209026 821
0 0.692646 0.79531 0.00994921 0.047981 882
0 0.796824 0.776202 0.00730419 0.047646 953
0 0.973952 0.762873 0.0182236 0.0265218 649
0 0.676454 0.815061 0.0165497 0.0191514 971
0 0.00624842 0.750174 0.00899437 0.0192038 523
0 0.475993 0.853985 0.0157441 0.0297429 3
0 0.728226 0.787343 0.00889878 0.0448709 1033
0 0.0593927 0.737803 0.00569845 0.0197014 955
