0 0.456098 0.83347 0.0132268 0.0680973 1
0 0.475271 0.834689 0.014649 0.0661283 3
0 0.953535 0.849436 0.0220534 0.0410849 4
0 0.698505 0.792517 0.0104415 0.0489587 6
0 0.755726 0.781209 0.00753522 0.0479173 11
0 0.8306 0.834626 0.0172409 0.0335595 12
0 0.856325 0.8302 0.015299 0.0329315 16
0 0.894599 0.976236 0.065738 0.0456129 20
0 0.718571 0.830726 0.0142829 0.0304214 23
0 0.355045 0.988917 0.0146647 0.022153 146
0 0.793845 0.775584 0.0107846 0.0479487 123
0 0.43349 0.91336 0.0241573 0.039478 21
0 0.520281 0.80862 0.011409 0.0377156 260
0 0.842941 0.767119 0.00859671 0.0469347 228
37 0.198832 0.915362 0.0466612 0.0335513 34
0 0.766222 0.780552 0.00972228 0.0462307 15
0 0.744194 0.784153 0.00869823 0.0471154 277
0 0.90629 0.973095 0.0441938 0.0400362 367
0 0.328886 0.753488 0.00834053 0.0150699 411
0 0.818599 0.771814 0.00870514 0.0433844 417
0 0.475605 0.780251 0.00823703 0.0232523 309
0 0.868434 0.760691 0.00986633 0.0474689 7
0 0.0213586 0.902896 0.0126549 0.0480008 2
0 0.0696531 0.742429 0.00952816 0.0286145 451
0 0.450998 0.780667 0.00739312 0.0177826 459
37 0.0221661 0.938822 0.0442833 0.0279169 311
0 0.996037 0.809855 0.00749846 0.0239191 466
0 0.278925 0.728831 0.00638762 0.0159904 475
0 0.00975855 0.751398 0.0097348 0.0180757 347
0 0.925404 0.753901 0.00856304 0.0428796 492
0 0.836472 0.774631 0.00630064 0.0280061 493
0 0.903152 0.754048 0.00831823 0.0463482 495
