0 0.45313 0.833544 0.0124973 0.0684675 1
0 0.212355 0.8735 0.0110188 0.0549822 2
0 0.481097 0.831103 0.0142321 0.0643289 3
0 0.953402 0.84892 0.022334 0.0425769 4
0 0.86732 0.758914 0.00833941 0.0378656 5
0 0.697697 0.794475 0.00855904 0.0473628 6
0 0.777064 0.778757 0.00888758 0.0469666 11
0 0.830369 0.834538 0.0181959 0.0329745 12
0 0.517308 0.779122 0.00936332 0.0261332 13
0 0.855175 0.830861 0.0167579 0.0335234 16
0 0.88343 0.979971 0.0445804 0.0375915 20
0 0.426817 0.908181 0.015564 0.0454998 21
0 0.717051 0.830272 0.0135945 0.0313823 23
0 0.0100243 0.747026 0.00857547 0.0172863 25
8 0.198585 0.915496 0.0449788 0.0313706 34
0 0.843726 0.764467 0.00748196 0.0459251 102
0 0.977889 0.740536 0.00864964 0.0447587 17
0 0.847166 0.767303 0.007096 0.0410261 10
0 0.354853 0.989148 0.0148775 0.0216823 146
0 0.943112 0.746393 0.0093029 0.044005 7
0 0.677487 0.791789 0.00769181 0.0371229 116
0 0.90877 0.742987 0.00812654 0.0238952 170
0 0.957626 0.741035 0.00765324 0.0316121 194
0 0.815227 0.773561 0.0087306 0.0446306 123
0 0.765683 0.696576 0.00770583 0.0165081 149
0 0.78888 0.778171 0.0123893 0.0469567 15
