0 0.452149 0.833664 0.0133918 0.0672721 1
0 0.277528 0.865223 0.016775 0.0581206 2
0 0.480936 0.828267 0.012835 0.0573148 3
0 0.953359 0.848389 0.0224081 0.042214 4
0 0.878306 0.761149 0.00878782 0.0449775 5
0 0.698215 0.795412 0.0095932 0.0538539 6
0 0.966067 0.741738 0.0093236 0.0459973 7
0 0.517776 0.780564 0.00815768 0.0200441 9
0 0.842014 0.763094 0.00842504 0.0397816 10
0 0.775735 0.777599 0.010313 0.0474562 11
0 0.830745 0.834247 0.0157544 0.0328266 12
0 0.531103 0.777817 0.00736222 0.026772 13
0 0.685437 0.78841 0.0106294 0.0268722 14
0 0.797409 0.775837 0.0111911 0.0497009 15
0 0.856511 0.82811 0.0124003 0.0357828 16
0 0.951831 0.746878 0.0110345 0.0496108 17
0 0.899589 0.740637 0.00800524 0.0294778 18
0 0.894028 0.975991 0.0662999 0.0466874 20
0 0.42187 0.911334 0.0191692 0.0484558 21
0 0.473598 0.80123 0.0107864 0.039612 22
0 0.718557 0.830403 0.0141854 0.0317715 23
0 0.00791925 0.747432 0.00836147 0.0195452 25
37 0.198463 0.916501 0.0460891 0.031256 34
0 0.971856 0.762373 0.0138461 0.0275171 64
0 0.788749 0.775819 0.0093729 0.0493722 8
0 0.834965 0.771483 0.0102285 0.0399899 61
0 0.939632 0.740189 0.00781612 0.0221697 76
