0 0.451803 0.834151 0.0127121 0.0681861 1
0 0.953765 0.850039 0.0228174 0.0428633 4
0 0.830551 0.834675 0.0174806 0.0333642 12
0 0.856361 0.83038 0.0136433 0.0321726 16
0 0.890329 0.975754 0.057869 0.0456375 20
0 0.718264 0.830292 0.0147062 0.0319168 23
0 0.434905 0.914008 0.021219 0.0367616 21
0 0.550666 0.815679 0.0117599 0.0531423 260
8 0.199179 0.916173 0.0482309 0.0309747 34
0 0.702609 0.792122 0.00866728 0.046509 277
0 0.842273 0.765423 0.00860443 0.0453445 495
0 0.115152 0.981077 0.0332426 0.030008 538
0 0.736093 0.784188 0.00855899 0.0499042 572
0 0.767572 0.778822 0.011646 0.0518061 762
0 0.632065 0.806595 0.0107497 0.0457427 6
0 0.940471 0.728683 0.00764608 0.0216304 821
0 0.692619 0.796537 0.00970354 0.0450769 882
0 0.797122 0.775713 0.00997162 0.0495915 953
0 0.0576937 0.739753 0.00509627 0.023694 955
0 0.973722 0.763457 0.0202795 0.0262815 649
16 0.676296 0.815723 0.0159277 0.0176078 971
0 0.00473174 0.751008 0.00921919 0.0181262 523
0 0.475026 0.854014 0.015663 0.0288882 3
0 0.73993 0.784517 0.0100553 0.0493245 228
0 0.273835 0.72769 0.00673664 0.0168038 999
0 0.391029 0.818526 0.0180227 0.0584071 943
8 0.405697 0.773341 0.0253152 0.0240703 1014
