0 0.452746 0.833237 0.0129128 0.0674448 1
0 0.482406 0.858986 0.029128 0.0201939 3
0 0.953523 0.849931 0.022249 0.0421711 4
0 0.830656 0.834968 0.0175245 0.0329152 12
0 0.85639 0.830651 0.013998 0.033368 16
0 0.894133 0.975243 0.0673939 0.0467752 20
0 0.71791 0.830402 0.0135916 0.0313499 23
0 0.432275 0.914808 0.0272271 0.0375915 21
0 0.564762 0.814306 0.0123309 0.0477949 260
37 0.198021 0.916086 0.0452057 0.0319478 34
0 0.702881 0.792992 0.0105595 0.0446425 277
0 0.907385 0.972642 0.0431556 0.0423445 367
0 0.84367 0.766647 0.00746307 0.0458909 495
0 0.753687 0.781339 0.00820746 0.0494121 11
0 0.115154 0.981069 0.031158 0.0229465 538
0 0.736676 0.786375 0.00888343 0.0451421 572
0 0.79151 0.776065 0.00995922 0.0493075 228
0 0.973379 0.763042 0.0162509 0.0265186 649
37 0.0220366 0.938691 0.0440697 0.0281737 311
0 0.810621 0.771308 0.00951872 0.051139 762
8 0.00599437 0.7487 0.0118905 0.0206012 523
0 0.853397 0.831609 0.0212058 0.0347348 865
0 0.681997 0.795009 0.0100685 0.0401154 6
0 0.27555 0.730921 0.00626726 0.0163168 873
0 0.769353 0.779964 0.00961571 0.0432087 683
0 0.287825 0.723563 0.00806863 0.0183225 879
0 0.93849 0.728121 0.0071085 0.0217901 821
0 0.693198 0.795376 0.0103725 0.0423308 882
0 0.782552 0.785554 0.0076663 0.0310772 890
0 0.0631883 0.742089 0.00908157 0.0276328 733
0 0.797617 0.774045 0.00778975 0.0450569 417
