0 0.45257 0.833708 0.0118433 0.0674452 1
0 0.953669 0.849986 0.0221717 0.0424785 4
0 0.830691 0.834683 0.0175392 0.0333732 12
0 0.85623 0.830785 0.0145373 0.0319885 16
0 0.886108 0.980812 0.0487882 0.0367012 20
0 0.718003 0.830735 0.0138805 0.0310592 23
0 0.433229 0.914584 0.0254238 0.0369277 21
0 0.543234 0.818665 0.0121155 0.0526582 260
37 0.198096 0.91554 0.0473736 0.0314227 34
0 0.703192 0.791797 0.010696 0.0469584 277
0 0.843151 0.765991 0.00803185 0.0441695 495
0 0.114646 0.981683 0.0314211 0.0269986 538
0 0.723228 0.787343 0.00999603 0.0479896 572
0 0.751361 0.78116 0.0101863 0.0508236 762
0 0.619359 0.808262 0.0103152 0.0466638 6
0 0.938673 0.728868 0.00782499 0.0207475 821
0 0.692622 0.794895 0.0100941 0.0486856 882
0 0.796699 0.775687 0.00783911 0.0470469 953
0 0.971782 0.762633 0.0135766 0.026019 649
0 0.676554 0.815003 0.016586 0.018828 971
0 0.00464674 0.752354 0.00903857 0.0193325 523
0 0.475202 0.85416 0.016355 0.0292933 3
0 0.27587 0.729753 0.00562291 0.0178647 999
0 0.0648833 0.751256 0.00523853 0.0125225 1030
0 0.745242 0.782611 0.00569715 0.0421453 1031
0 0.73298 0.786476 0.010256 0.0452711 1033
