0 0.453086 0.833799 0.0120844 0.0677896 1
0 0.464564 0.837561 0.0134116 0.0640528 3
0 0.953495 0.849282 0.0219195 0.0409387 4
0 0.694471 0.793388 0.00947294 0.0455969 6
0 0.830729 0.834495 0.0174435 0.0340975 12
0 0.856168 0.830415 0.0162141 0.0331307 16
0 0.892618 0.976152 0.0616729 0.0453859 20
0 0.718616 0.829748 0.0145826 0.0324898 23
0 0.354381 0.989363 0.0154569 0.021202 146
0 0.795253 0.775545 0.0114278 0.0488019 123
0 0.434991 0.913684 0.0210158 0.0374422 21
0 0.532022 0.815073 0.0101932 0.0408905 260
0 0.842617 0.766148 0.00789051 0.0441558 228
37 0.198233 0.915445 0.0457631 0.0316816 34
0 0.74393 0.785186 0.00840793 0.0480354 277
0 0.903434 0.972979 0.0389627 0.0391296 367
0 0.336756 0.756081 0.00908179 0.0203381 411
0 0.460209 0.781566 0.00809216 0.0232985 309
0 0.849418 0.762728 0.00871725 0.0470938 7
0 0.0712662 0.742229 0.00675213 0.0273731 451
0 0.276558 0.728216 0.00688326 0.0176223 475
0 0.955344 0.745471 0.00880795 0.0386806 492
0 0.882872 0.759272 0.0100887 0.0507454 495
0 0.706045 0.790783 0.00963068 0.0475894 500
0 0.957005 0.848099 0.0154636 0.0383361 513
0 0.972236 0.76248 0.0138344 0.0277975 338
0 0.966684 0.739416 0.0071352 0.0357999 447
0 0.00781941 0.748602 0.00984824 0.0175982 523
0 0.754683 0.782238 0.00849099 0.0491234 11
0 0.808152 0.774457 0.00893021 0.0437551 417
37 0.0222205 0.938399 0.044268 0.0288642 311
0 0.119118 0.983481 0.0379513 0.0245292 538
