0 0.452414 0.834151 0.0127733 0.0662818 1
0 0.953525 0.85081 0.0219068 0.0407817 4
0 0.83082 0.8348 0.0175756 0.0330438 12
0 0.855103 0.829563 0.0155585 0.0336919 16
0 0.718306 0.829828 0.0144086 0.0322987 23
0 0.433847 0.914317 0.0242371 0.0367235 21
0 0.499072 0.824419 0.0119672 0.0556358 260
37 0.198255 0.915392 0.0454495 0.0319288 34
0 0.842583 0.766764 0.00831881 0.0457827 495
0 0.114657 0.982406 0.0334779 0.0275491 538
0 0.564594 0.814827 0.00988803 0.0461967 6
0 0.940162 0.726599 0.00770283 0.0199455 821
0 0.796216 0.776902 0.0087903 0.047036 953
0 0.475403 0.858196 0.0177951 0.0215047 3
0 0.745489 0.783433 0.00659113 0.0482997 1102
0 0.354972 0.989117 0.0151691 0.0217651 1114
37 0.022093 0.937882 0.0441861 0.0281787 1123
0 0.711359 0.789334 0.00987663 0.0488392 1140
0 0.684387 0.791956 0.00991793 0.053599 762
0 0.00559925 0.979304 0.011124 0.0173127 1150
0 0.0153443 0.748869 0.0104845 0.0169153 1151
0 0.651971 0.799697 0.0117932 0.0532968 1167
0 0.703274 0.791368 0.00982122 0.0460701 1033
0 0.314769 0.712881 0.00567126 0.0190837 1103
0 0.890421 0.975501 0.0585866 0.046757 1267
0 0.979806 0.741734 0.00952845 0.034607 1233
0 0.0654628 0.731285 0.00680794 0.018436 1279
0 0.973998 0.762639 0.0182716 0.0279458 649
0 0.290826 0.723219 0.00728118 0.01952 1281
0 0.272248 0.724068 0.00689547 0.0169473 1283
0 0.691347 0.79514 0.0074563 0.0457955 572
0 0.845079 0.698228 0.00593319 0.0193379 1292
