0 0.453019 0.833851 0.0129771 0.0673659 1
0 0.269356 0.866494 0.0146976 0.0556213 2
0 0.478917 0.827684 0.0161516 0.059351 3
0 0.953397 0.848292 0.0223074 0.042052 4
0 0.875864 0.760193 0.00819836 0.0459186 5
0 0.698384 0.796569 0.00912437 0.0480691 6
0 0.961163 0.744435 0.00908241 0.0463103 7
0 0.514807 0.78108 0.00776563 0.0205955 9
0 0.775446 0.777277 0.00841522 0.0467723 11
0 0.830726 0.834315 0.0156188 0.0327913 12
0 0.52755 0.778937 0.0074131 0.0266246 13
0 0.685446 0.786486 0.0103657 0.0246152 14
0 0.795843 0.775714 0.00879617 0.0477009 15
0 0.856889 0.828823 0.0129185 0.0348207 16
0 0.958358 0.745773 0.0110911 0.045783 17
0 0.901576 0.743872 0.00833855 0.032814 18
0 0.894007 0.975987 0.0658323 0.0463754 20
0 0.422094 0.91113 0.0172523 0.0487918 21
0 0.475692 0.798119 0.0106665 0.0323919 22
0 0.718552 0.830406 0.0140882 0.03181 23
0 0.00862258 0.745376 0.00814653 0.0185535 25
37 0.198251 0.916057 0.046094 0.0320818 34
0 0.971555 0.763127 0.0137304 0.0264763 64
0 0.789381 0.775419 0.00860105 0.0464601 8
0 0.830897 0.768675 0.00951452 0.0341333 61
0 0.993478 0.734919 0.00856209 0.0449515 91
0 0.843497 0.764588 0.00812817 0.0410544 102
0 0.782893 0.69562 0.00733399 0.0132111 110
