0 0.452793 0.834373 0.0121025 0.0669304 1
0 0.831249 0.834992 0.0167414 0.0322479 12
0 0.853979 0.834288 0.0204952 0.0281102 16
0 0.718468 0.83029 0.0143216 0.031052 23
0 0.842899 0.764688 0.00813122 0.0405981 495
0 0.114501 0.982445 0.0313464 0.0237469 538
0 0.79739 0.775065 0.00935006 0.0499997 953
0 0.475707 0.857376 0.0175747 0.0234858 3
0 0.544764 0.813382 0.0113686 0.0580393 762
0 0.503261 0.82418 0.0113413 0.0597513 1167
0 0.890821 0.977086 0.0598155 0.0438678 1267
37 0.198541 0.916139 0.0437802 0.0307345 34
0 0.732893 0.78617 0.00857992 0.0459017 1140
0 0.972573 0.762691 0.0156569 0.0268116 1353
0 0.904836 0.973332 0.0389071 0.0383304 1364
0 0.688432 0.794586 0.01106 0.0447914 1391
0 0.627296 0.804479 0.00845809 0.0512409 1307
0 0.883014 0.984957 0.0441372 0.0283747 1411
0 0.9565 0.848133 0.016318 0.034466 4
37 0.0222208 0.938665 0.0443558 0.0286122 1123
0 0.702537 0.79237 0.0106151 0.0462506 1465
0 0.966655 0.734145 0.00606499 0.024941 1490
0 0.254942 0.903259 0.0190179 0.0767345 1503
0 0.368141 0.845977 0.0124111 0.0631006 1431
0 0.931716 0.727047 0.0082427 0.0200839 1526
0 0.355238 0.989403 0.0147326 0.0211782 1531
0 0.391041 0.832153 0.0179377 0.0850923 1324
0 0.555119 0.818763 0.00929308 0.0480381 6
0 0.64392 0.808698 0.00668492 0.0313313 1495
0 0.740731 0.783778 0.0070591 0.0478525 1102
