0 0.452825 0.834174 0.0126271 0.0668733 1
0 0.831207 0.835071 0.0169563 0.0325358 12
0 0.85279 0.833761 0.0228689 0.0302802 16
0 0.718044 0.829747 0.0136169 0.0322876 23
0 0.843135 0.764462 0.00829744 0.0402776 495
0 0.116294 0.982821 0.0363682 0.027816 538
0 0.796677 0.776405 0.00891843 0.0509121 953
0 0.475633 0.856502 0.018973 0.025732 3
0 0.733472 0.784952 0.0107812 0.050367 1102
0 0.574844 0.809742 0.0103521 0.0571943 762
0 0.535003 0.81802 0.0128494 0.0554725 1167
0 0.894096 0.975924 0.0651847 0.0447682 1267
37 0.198404 0.916278 0.0448417 0.0310056 34
0 0.721477 0.787269 0.0103006 0.0495427 1140
0 0.971627 0.763131 0.0135657 0.0262732 1353
0 0.906404 0.973477 0.0402232 0.0398158 1364
0 0.689276 0.795736 0.0109928 0.0466084 1391
0 0.643478 0.802985 0.0088726 0.048359 1307
0 0.88396 0.981954 0.0452797 0.0338598 1411
0 0.956959 0.84818 0.0156618 0.0365077 4
0 0.484126 0.856568 0.0366741 0.0259818 1405
37 0.0221535 0.938803 0.0442662 0.0299524 1123
0 0.701251 0.794952 0.0109257 0.0495948 1465
0 0.554762 0.816816 0.00996814 0.0466183 6
0 0.391097 0.832354 0.0187699 0.0858459 1324
0 0.928851 0.749623 0.00771675 0.0456034 1376
0 0.985766 0.732773 0.0070487 0.027759 1490
0 0.661334 0.806047 0.00657601 0.033106 1495
0 0.945044 0.850029 0.0142349 0.0376103 1472
0 0.312628 0.901796 0.0129442 0.0791748 1503
