0 0.452913 0.833692 0.0121229 0.0677205 1
0 0.291204 0.862644 0.0133868 0.0571549 2
0 0.483733 0.828242 0.0158505 0.0574498 3
0 0.953394 0.848329 0.0222963 0.0420681 4
0 0.879964 0.759845 0.00773191 0.0423953 5
0 0.698162 0.794375 0.00964608 0.0534026 6
0 0.971161 0.736978 0.00803566 0.0383167 7
0 0.78878 0.777046 0.0104436 0.0473678 8
0 0.522154 0.780392 0.00889988 0.0207753 9
0 0.843515 0.766133 0.00798187 0.0476137 10
0 0.771296 0.780637 0.00985746 0.0479947 11
0 0.830833 0.834551 0.01565 0.0326659 12
0 0.535168 0.776853 0.0087975 0.0265845 13
0 0.684284 0.794995 0.0107663 0.0443702 14
0 0.796532 0.776119 0.00788631 0.0488803 15
0 0.856429 0.827754 0.012577 0.0357446 16
0 0.945675 0.745936 0.0115779 0.0443578 17
0 0.896799 0.73915 0.00671892 0.0289744 18
0 0.894089 0.976031 0.0661168 0.0465156 20
0 0.42308 0.913391 0.018036 0.0435692 21
0 0.469865 0.798479 0.0075757 0.0323846 22
0 0.718608 0.830559 0.0136896 0.0311213 23
0 0.0091746 0.749732 0.00720573 0.0188184 25
37 0.198136 0.916202 0.0462592 0.0315558 34
0 0.838568 0.769611 0.00833759 0.0405961 61
