0 0.452474 0.83409 0.0114139 0.0659377 1
0 0.830884 0.834898 0.0178566 0.0335211 12
0 0.856263 0.831085 0.0143727 0.0323836 16
0 0.718067 0.829944 0.0137745 0.0317392 23
0 0.843629 0.76727 0.00795383 0.0469337 495
0 0.114631 0.983777 0.0320801 0.0264441 538
0 0.555302 0.819566 0.0100762 0.0504583 6
0 0.796342 0.775623 0.00883193 0.0491757 953
0 0.475511 0.856148 0.0184289 0.026471 3
0 0.722148 0.786201 0.00969477 0.0500792 1102
0 0.355138 0.989326 0.0140222 0.0213278 1114
37 0.0227509 0.938434 0.0454463 0.0297095 1123
0 0.622256 0.803487 0.0100314 0.0612148 762
0 0.0135691 0.75196 0.00951796 0.0164258 1151
0 0.580159 0.812472 0.0148798 0.0579035 1167
0 0.893813 0.975445 0.0628791 0.0449652 1267
37 0.19801 0.915725 0.0455134 0.0313883 34
0 0.702035 0.792734 0.00914307 0.044821 1140
0 0.97472 0.762536 0.0180502 0.0272604 1353
0 0.905224 0.973125 0.0413445 0.0395148 1364
0 0.935512 0.729014 0.00874882 0.0280458 821
0 0.688385 0.795144 0.0105425 0.0450328 1391
0 0.66728 0.799397 0.00847788 0.047541 1307
0 0.883605 0.984545 0.0449067 0.0283013 1411
0 0.695573 0.792403 0.00872946 0.0473385 1415
0 0.398424 0.896427 0.0152233 0.0816768 1403
0 0.952129 0.748168 0.00871162 0.0378168 1376
0 0.439492 0.834641 0.0125609 0.0643938 1431
0 0.95597 0.84825 0.0185641 0.0351085 4
