0 0.452675 0.834069 0.0119064 0.0678904 1
0 0.953765 0.850038 0.0228459 0.0428835 4
0 0.830521 0.83467 0.0175207 0.0333694 12
0 0.854704 0.832054 0.0179128 0.0312674 16
0 0.890448 0.975661 0.057925 0.0452106 20
0 0.718118 0.830418 0.015078 0.0318733 23
0 0.432133 0.914986 0.0271823 0.0373947 21
0 0.54647 0.815658 0.0120149 0.0521671 260
37 0.199035 0.916036 0.0482521 0.0317223 34
0 0.703239 0.79161 0.00932412 0.0471867 277
0 0.842697 0.765807 0.00809279 0.0451099 495
0 0.114694 0.981923 0.0315016 0.0278482 538
0 0.729438 0.786126 0.0102066 0.0502742 572
0 0.759705 0.781149 0.0120281 0.0501416 762
0 0.624852 0.809078 0.0113453 0.0520419 6
0 0.940643 0.729027 0.00656319 0.0200327 821
0 0.692505 0.795582 0.00992608 0.0474346 882
0 0.797065 0.774702 0.00795364 0.0467969 953
0 0.0573933 0.735851 0.0047761 0.0150992 955
0 0.973883 0.76327 0.0189595 0.0262185 649
0 0.67628 0.815608 0.0160265 0.0172023 971
0 0.00481772 0.751499 0.00912131 0.0185594 523
0 0.474415 0.854884 0.016886 0.0281767 3
0 0.273466 0.729334 0.00888777 0.0199186 999
0 0.0640143 0.751797 0.00897226 0.0118834 1030
0 0.745976 0.783068 0.00760746 0.0475288 1031
0 0.736337 0.787635 0.00913019 0.0427293 1033
