0 0.45281 0.833387 0.0125583 0.0678602 1
0 0.296223 0.861288 0.0113227 0.05701 2
0 0.484732 0.827143 0.0145636 0.0554262 3
0 0.953396 0.848361 0.0222769 0.0420968 4
0 0.88069 0.75883 0.00799408 0.0405187 5
0 0.697859 0.795233 0.0091073 0.0492458 6
0 0.972611 0.73654 0.00789862 0.0383637 7
0 0.788262 0.776827 0.0102861 0.0472649 8
0 0.524036 0.779976 0.0105976 0.0202521 9
0 0.842167 0.766976 0.0100744 0.0484751 10
0 0.769577 0.780355 0.00874653 0.0451886 11
0 0.830754 0.834077 0.0153317 0.0332479 12
0 0.537225 0.776543 0.00872688 0.0273254 13
0 0.684869 0.793955 0.010752 0.0411149 14
0 0.79686 0.775204 0.00898056 0.0489962 15
0 0.856362 0.827872 0.0128898 0.0355906 16
0 0.942734 0.749144 0.00976057 0.0473239 17
0 0.894997 0.737275 0.0068841 0.0274813 18
0 0.893787 0.975925 0.0654801 0.0464312 20
0 0.423175 0.914147 0.017453 0.0422327 21
0 0.468936 0.798544 0.00772262 0.0307748 22
0 0.718535 0.830218 0.0136185 0.0317555 23
0 0.0101614 0.750631 0.00797913 0.0178255 25
37 0.198006 0.916303 0.0459707 0.0306893 34
