0 0.452599 0.833264 0.0128769 0.0673946 1
0 0.481283 0.859072 0.031273 0.0210311 3
0 0.953523 0.84993 0.0222409 0.0421622 4
0 0.830643 0.834969 0.017476 0.0328282 12
0 0.856537 0.831004 0.0140744 0.0337773 16
0 0.894117 0.975473 0.0673131 0.0467244 20
0 0.717898 0.83027 0.0136508 0.031646 23
0 0.432489 0.914629 0.0270247 0.0376695 21
0 0.565011 0.81527 0.0123298 0.0451554 260
37 0.19796 0.916123 0.0451294 0.031851 34
0 0.702796 0.79293 0.0102895 0.0449881 277
0 0.907235 0.972525 0.0433637 0.042082 367
0 0.843667 0.766338 0.00743113 0.0462849 495
0 0.753713 0.781452 0.00819988 0.049022 11
0 0.115155 0.981096 0.0312224 0.0229406 538
0 0.736535 0.78735 0.00837517 0.0432617 572
0 0.793612 0.776052 0.0114611 0.0494083 228
0 0.972277 0.763299 0.0136176 0.0252099 649
37 0.0220331 0.938626 0.0440662 0.0281627 311
0 0.811511 0.771507 0.0105944 0.0514851 762
8 0.00611263 0.749999 0.0112715 0.0173051 523
0 0.852741 0.8318 0.0219885 0.0364149 865
0 0.683307 0.795664 0.0095777 0.0403142 6
0 0.275692 0.730734 0.0060396 0.0167859 873
0 0.769884 0.779437 0.00856595 0.0437942 683
0 0.287984 0.723491 0.00818255 0.0181474 879
0 0.938649 0.728314 0.00700378 0.0217411 821
0 0.693762 0.795065 0.00977173 0.0408763 882
0 0.783042 0.785518 0.00839143 0.0308738 890
0 0.0634567 0.74194 0.00845553 0.0273219 733
