0 0.452118 0.833994 0.0130165 0.0680422 1
0 0.953764 0.85004 0.0228349 0.0429036 4
0 0.830548 0.834667 0.0175163 0.0333572 12
0 0.855286 0.831853 0.0165385 0.0308658 16
0 0.890433 0.975607 0.0578877 0.0453899 20
0 0.718121 0.830314 0.0150649 0.0320192 23
0 0.432372 0.914954 0.0267901 0.0374932 21
0 0.547267 0.815255 0.0117761 0.051804 260
37 0.19885 0.915947 0.0477776 0.0318024 34
0 0.703464 0.791734 0.00968952 0.0469132 277
0 0.842636 0.765331 0.00826368 0.0443387 495
0 0.114659 0.981786 0.0318326 0.0284659 538
0 0.730514 0.786759 0.0100382 0.0489877 572
0 0.760671 0.780257 0.010594 0.0500853 762
0 0.625959 0.808434 0.0115156 0.0516424 6
0 0.940678 0.728576 0.00640306 0.0195079 821
0 0.692489 0.795659 0.00990949 0.0472818 882
0 0.797127 0.774576 0.00794563 0.0469494 953
0 0.0572715 0.73586 0.00509871 0.0153574 955
0 0.974259 0.763196 0.0196601 0.0265766 649
0 0.676364 0.81556 0.0159273 0.0173717 971
0 0.00491513 0.751433 0.00966834 0.0187552 523
0 0.474304 0.855112 0.0170454 0.0279284 3
0 0.27359 0.728569 0.00797451 0.0186549 999
0 0.0637321 0.751611 0.00894873 0.0118383 1030
0 0.7462 0.782469 0.00796661 0.0457212 1031
0 0.736584 0.788136 0.00804849 0.042593 1033
