0 0.452808 0.833106 0.0129351 0.0681127 1
0 0.47322 0.855387 0.019065 0.030261 3
0 0.95336 0.84966 0.0223401 0.0416656 4
0 0.692361 0.793956 0.00993772 0.0452184 6
0 0.830513 0.834817 0.0177507 0.0335621 12
0 0.855537 0.831061 0.0158882 0.0333985 16
0 0.891106 0.976459 0.0606119 0.0456391 20
0 0.718532 0.829778 0.0144532 0.0322247 23
0 0.434649 0.914232 0.0223995 0.0375529 21
0 0.549834 0.812941 0.0108671 0.0438697 260
37 0.198801 0.915804 0.0452411 0.0315353 34
0 0.719362 0.789405 0.00993376 0.0443672 277
0 0.903309 0.972795 0.0378271 0.0390387 367
0 0.843636 0.765458 0.0103578 0.0491604 495
0 0.703341 0.790452 0.0112485 0.0473451 500
0 0.00735654 0.751627 0.0103203 0.0185107 523
0 0.755794 0.781213 0.00722427 0.0485371 11
0 0.115343 0.983245 0.031011 0.0260758 538
0 0.812148 0.781479 0.00664825 0.0316989 493
0 0.740287 0.785236 0.00861731 0.0457765 572
0 0.821607 0.770698 0.0125982 0.0497583 228
0 0.359324 0.754373 0.00540729 0.0124992 411
0 0.00538331 0.978476 0.0107332 0.0205564 627
0 0.974367 0.763605 0.0187145 0.0253348 649
0 0.521671 0.738495 0.00671453 0.0118737 673
0 0.797274 0.775609 0.00836706 0.0489738 417
0 0.790787 0.777763 0.00773954 0.0424796 683
0 0.318741 0.713551 0.00580559 0.0182381 570
37 0.0221347 0.938177 0.0442393 0.0291109 311
0 0.277273 0.726502 0.00364866 0.0150789 694
0 0.69381 0.795432 0.00807838 0.0423925 700
