0 0.453924 0.835475 0.0113214 0.063607 1
0 0.831296 0.834942 0.016811 0.0328049 12
0 0.853966 0.835365 0.0204792 0.0259175 16
0 0.718524 0.830192 0.0134061 0.0315982 23
0 0.842867 0.765728 0.00856962 0.0447904 495
0 0.114453 0.982777 0.0321916 0.0255185 538
0 0.796723 0.774867 0.00819764 0.0474539 953
0 0.475817 0.85736 0.0179018 0.023781 3
0 0.521681 0.819442 0.0111926 0.0589773 762
0 0.477758 0.82418 0.010214 0.0488065 1167
37 0.199948 0.915451 0.0487058 0.0304473 34
0 0.733566 0.786212 0.00901027 0.046084 1140
0 0.903349 0.972795 0.0346371 0.0387997 1364
0 0.688878 0.79558 0.0104277 0.0463783 1391
0 0.61389 0.80807 0.00853848 0.0467835 1307
0 0.884111 0.982118 0.045436 0.0341613 1411
0 0.956235 0.84942 0.0167213 0.0378714 4
37 0.0221005 0.938302 0.0441624 0.0288083 1123
0 0.701581 0.792715 0.010324 0.0453719 1465
0 0.204344 0.905373 0.0201546 0.0782244 1503
0 0.353024 0.847765 0.0143789 0.0626997 1431
0 0.928163 0.735123 0.00804606 0.039811 1526
0 0.355182 0.989366 0.0138293 0.0212687 1531
0 0.555166 0.818282 0.0103992 0.0494557 6
0 0.62625 0.814333 0.00714498 0.0366015 1495
0 0.742866 0.782482 0.00789595 0.048779 1102
0 0.916563 0.747632 0.0079524 0.0306216 1376
0 0.954344 0.733983 0.00688486 0.0208664 1609
0 0.39124 0.819258 0.0169988 0.0590216 1324
0 0.890566 0.976193 0.0584434 0.0452215 1267
