0 0.455703 0.833396 0.0129669 0.0680464 1
0 0.471051 0.834947 0.0178513 0.0631398 3
0 0.953363 0.849448 0.0224015 0.0411741 4
0 0.697289 0.795462 0.00899615 0.0510473 6
0 0.754269 0.781506 0.00869861 0.0502162 11
0 0.830618 0.83466 0.0173107 0.033596 12
0 0.856296 0.83016 0.0152353 0.0329322 16
0 0.894465 0.976205 0.0654362 0.0455224 20
0 0.718509 0.830527 0.0144269 0.0305717 23
0 0.355097 0.988939 0.014582 0.0221115 146
0 0.794143 0.775438 0.0112209 0.0499549 123
0 0.43388 0.913469 0.0237958 0.0380447 21
0 0.522774 0.811293 0.0110092 0.0397772 260
0 0.842917 0.766869 0.00844259 0.0475978 228
37 0.198847 0.915603 0.0463058 0.0330077 34
0 0.761166 0.782025 0.00870395 0.0396762 15
0 0.744595 0.784073 0.00876827 0.0473589 277
0 0.90629 0.972943 0.0440113 0.0397275 367
0 0.331396 0.754766 0.00900447 0.0165767 411
0 0.815812 0.772888 0.00859966 0.0441338 417
0 0.471446 0.779785 0.0079134 0.0247488 309
0 0.863642 0.762204 0.00941029 0.0483203 7
0 0.0055655 0.904575 0.011131 0.0445452 2
0 0.0697561 0.742486 0.0086353 0.0278993 451
0 0.446038 0.781748 0.00608969 0.0187519 459
37 0.0220564 0.939257 0.0440372 0.0268138 311
0 0.99597 0.809881 0.00764065 0.024014 466
0 0.278562 0.728983 0.00711555 0.0164305 475
0 0.00965922 0.752117 0.00853437 0.0171797 347
0 0.933252 0.753901 0.00911217 0.0395629 492
0 0.834777 0.775422 0.00688019 0.0302247 493
0 0.897551 0.756062 0.0100047 0.0468733 495
0 0.70446 0.794888 0.0082839 0.0419247 500
