0 0.452354 0.834615 0.0119678 0.0663328 1
0 0.956891 0.847735 0.0158928 0.0345668 4
0 0.831196 0.835265 0.0188625 0.0327475 12
0 0.856519 0.829877 0.0136243 0.0329015 16
0 0.718272 0.830569 0.0138897 0.0309689 23
0 0.443575 0.890897 0.0162667 0.0836053 21
0 0.471091 0.827169 0.0123534 0.05603 260
0 0.842515 0.76696 0.00886908 0.0456415 495
0 0.114282 0.983294 0.0331332 0.0274066 538
0 0.554828 0.819255 0.0116442 0.0503411 6
0 0.796384 0.775617 0.00838261 0.0488075 953
0 0.475827 0.856775 0.0176411 0.0242274 3
0 0.732777 0.785278 0.0100887 0.0501467 1102
0 0.355006 0.989184 0.0148652 0.0216328 1114
37 0.0220496 0.938702 0.0440984 0.0312447 1123
0 0.657615 0.796394 0.0112391 0.0555734 762
0 0.00614342 0.978143 0.0122126 0.0213054 1150
0 0.0181056 0.753337 0.0106305 0.0217072 1151
0 0.614519 0.80395 0.0108338 0.0538918 1167
0 0.894034 0.975296 0.0656466 0.0466234 1267
0 0.688123 0.79625 0.0104879 0.0432382 1307
37 0.198025 0.916167 0.0450545 0.0314342 34
0 0.702554 0.792642 0.0113115 0.0475589 1140
0 0.974273 0.762095 0.0181153 0.0280855 1353
0 0.935107 0.725305 0.00750818 0.0201714 821
0 0.676042 0.815596 0.0160276 0.0183933 1359
0 0.907307 0.972932 0.0433043 0.0419842 1364
0 0.966181 0.748776 0.00946226 0.0357569 1376
0 0.953248 0.849994 0.0231531 0.0389694 1380
