0 0.45231 0.83453 0.0108021 0.066119 1
0 0.83119 0.835276 0.0187451 0.0328189 12
0 0.856416 0.829951 0.0139595 0.0329017 16
0 0.718368 0.830244 0.0141329 0.0315634 23
0 0.459367 0.828502 0.00855255 0.055464 260
0 0.842915 0.767019 0.0086813 0.0474952 495
0 0.114351 0.983301 0.0331997 0.0274479 538
0 0.554683 0.818222 0.0106714 0.0497444 6
0 0.796451 0.775994 0.00842667 0.0490552 953
0 0.474779 0.858455 0.0200703 0.0212652 3
0 0.727622 0.786946 0.00940156 0.0492215 1102
0 0.354954 0.98919 0.0149784 0.0216199 1114
37 0.0220538 0.938671 0.0441075 0.0309719 1123
0 0.642657 0.798637 0.0110321 0.0566812 762
0 0.00592935 0.97778 0.0118352 0.0208197 1150
0 0.0171078 0.753258 0.00850195 0.0184143 1151
0 0.598819 0.808168 0.0106406 0.056238 1167
0 0.894783 0.975238 0.0670087 0.0466464 1267
37 0.198171 0.916446 0.0451159 0.0311468 34
0 0.701739 0.793644 0.0125247 0.0473972 1140
0 0.974058 0.762528 0.0194663 0.0276516 1353
0 0.907223 0.972908 0.0444019 0.0423306 1364
0 0.960273 0.749048 0.00703478 0.0358036 1376
0 0.954185 0.849233 0.0212398 0.0374393 1380
0 0.391025 0.817947 0.0181717 0.0571295 1324
0 0.938236 0.726404 0.00748377 0.0191929 821
0 0.688089 0.794856 0.00914307 0.0448187 1391
0 0.435177 0.896246 0.0177272 0.0864426 1403
0 0.483371 0.858557 0.0382711 0.0220373 1405
0 0.361271 0.775626 0.00853775 0.0141134 1406
0 0.67777 0.791712 0.00775032 0.0365361 1307
0 0.883748 0.979425 0.045622 0.0396666 1411
