0 0.453885 0.833353 0.0143144 0.0682758 1
0 0.161528 0.883024 0.0133754 0.0599263 2
0 0.480665 0.833044 0.0148061 0.0682981 3
0 0.953799 0.848594 0.0217243 0.0382594 4
0 0.854086 0.764545 0.00816784 0.0422746 5
0 0.697716 0.793065 0.00944176 0.047918 6
0 0.771271 0.776939 0.00922108 0.0511487 11
0 0.830278 0.834737 0.0172093 0.0335352 12
0 0.855351 0.831622 0.0155231 0.0332502 16
0 0.893444 0.975941 0.0625279 0.0449535 20
0 0.718537 0.830364 0.0131824 0.0314724 23
37 0.194377 0.915201 0.0388101 0.0305773 34
0 0.845047 0.766942 0.0105612 0.0467046 102
0 0.991039 0.736125 0.00962973 0.0504042 17
0 0.355226 0.989051 0.0140494 0.0218775 146
0 0.925908 0.751384 0.0103127 0.047994 7
0 0.682893 0.793822 0.00995188 0.0412331 116
0 0.803796 0.777202 0.00842228 0.042448 123
0 0.789967 0.776585 0.0106617 0.0476907 15
0 0.115448 0.983362 0.0314096 0.0258319 212
0 0.424423 0.901945 0.017013 0.0656684 21
0 0.959295 0.743162 0.00840969 0.0487722 232
0 0.762306 0.780637 0.00804162 0.0454352 277
0 0.504998 0.807699 0.0103709 0.0374316 260
