0 0.452911 0.833471 0.0125258 0.0682111 1
0 0.4835 0.859385 0.0323283 0.0192737 3
0 0.953517 0.849245 0.0220081 0.0415636 4
0 0.831202 0.834721 0.0184772 0.0333771 12
0 0.856193 0.830454 0.0143019 0.0327967 16
0 0.890234 0.976194 0.0575546 0.0453803 20
0 0.718284 0.830607 0.0145934 0.0301675 23
0 0.433895 0.914438 0.0242003 0.0357948 21
0 0.561803 0.814609 0.0121963 0.0528024 260
8 0.198407 0.915358 0.0461141 0.0324671 34
0 0.703801 0.790749 0.00969515 0.0470891 277
0 0.843112 0.765756 0.00848255 0.0491698 495
0 0.749604 0.78182 0.00935016 0.04927 11
0 0.116408 0.983624 0.0324262 0.0257931 538
0 0.736476 0.786136 0.00850568 0.0464891 572
0 0.77785 0.776716 0.0100717 0.0500842 228
0 0.797547 0.774568 0.0107893 0.0527093 762
0 0.00737133 0.751444 0.0069273 0.0189791 523
0 0.853986 0.830848 0.0202458 0.0337661 865
0 0.666338 0.800558 0.0100863 0.0450451 6
0 0.76279 0.780615 0.0084466 0.0426521 683
0 0.287643 0.723316 0.00675051 0.0181391 879
0 0.937503 0.728479 0.00903168 0.0233856 821
0 0.692322 0.794464 0.00978036 0.0489684 882
0 0.770888 0.786146 0.00689821 0.0323401 890
37 0.0220746 0.938341 0.0440831 0.0289664 311
