0 0.453218 0.833666 0.0124566 0.0680509 1
0 0.468675 0.852285 0.0129417 0.0354309 3
0 0.953795 0.848895 0.0219509 0.039956 4
0 0.695622 0.793506 0.0100502 0.0471773 6
0 0.830647 0.834637 0.0175941 0.0335935 12
0 0.852401 0.832238 0.0228732 0.0353611 16
0 0.891895 0.975921 0.0614847 0.0459517 20
0 0.718229 0.829852 0.0140859 0.0329928 23
0 0.79673 0.776201 0.0074573 0.0505881 123
0 0.433426 0.914812 0.0250065 0.0370535 21
0 0.542367 0.81901 0.0108194 0.050462 260
37 0.198561 0.916165 0.0469532 0.0319995 34
0 0.736896 0.788266 0.00953417 0.0423258 277
0 0.903592 0.973004 0.0379764 0.040048 367
0 0.843293 0.765688 0.00735922 0.0460452 7
0 0.0722114 0.736102 0.00596962 0.0174171 451
0 0.866136 0.760394 0.0102463 0.0520667 495
0 0.706735 0.791673 0.0113376 0.0481324 500
0 0.00969718 0.746433 0.00873987 0.0184901 523
0 0.755697 0.781472 0.00761457 0.0487751 11
0 0.802275 0.77539 0.00810618 0.0455839 417
0 0.114698 0.980995 0.0298802 0.0234812 538
0 0.817465 0.780299 0.005828 0.0304225 493
0 0.319844 0.708762 0.00604081 0.0176429 570
0 0.744385 0.784395 0.00909042 0.0475893 572
0 0.834947 0.766914 0.0111391 0.0495751 228
0 0.34582 0.75429 0.00622568 0.0172143 411
0 0.272109 0.730924 0.00682793 0.0166117 475
0 0.935466 0.723715 0.00557604 0.0200981 598
0 0.790194 0.698329 0.00603328 0.0174034 581
