0 0.453129 0.832956 0.0125562 0.0683758 1
0 0.477433 0.854132 0.0259893 0.0294132 3
0 0.953512 0.84983 0.0221397 0.0422511 4
0 0.695995 0.79687 0.0105809 0.0462611 6
0 0.830654 0.834986 0.0174709 0.0329743 12
0 0.856366 0.83095 0.0144876 0.0340914 16
0 0.894134 0.9755 0.0671848 0.0470212 20
0 0.71753 0.830207 0.012786 0.0313286 23
0 0.432692 0.914624 0.0265828 0.0377247 21
0 0.564859 0.81196 0.0139768 0.0452692 260
37 0.197994 0.916276 0.0445665 0.0312237 34
0 0.702791 0.792924 0.00809402 0.0450029 277
0 0.906548 0.972361 0.0438451 0.041365 367
0 0.843707 0.765253 0.00720825 0.0489584 495
0 0.755099 0.782221 0.00816484 0.047998 11
0 0.115146 0.981007 0.0308841 0.0228483 538
0 0.736695 0.785694 0.00835385 0.0469048 572
0 0.804571 0.772942 0.00882854 0.0503838 228
0 0.971457 0.763365 0.0139163 0.0256819 649
0 0.795626 0.774929 0.00909667 0.0492001 417
0 0.776242 0.779384 0.00918355 0.0434926 683
37 0.0221326 0.938627 0.0442634 0.0281305 311
0 0.822597 0.769864 0.00988359 0.0533708 762
0 0.797111 0.69699 0.00518565 0.0159774 795
0 0.940028 0.728325 0.00717115 0.0217615 821
0 0.409993 0.761805 0.00536923 0.00783929 837
0 0.419807 0.780563 0.00676179 0.0194844 758
0 0.00436182 0.750657 0.00806617 0.0175042 523
