0 0.452475 0.834478 0.0122096 0.0656271 1
0 0.830821 0.835122 0.0178172 0.0325629 12
0 0.855578 0.831977 0.0155256 0.0310188 16
0 0.718052 0.830226 0.0139647 0.0314006 23
0 0.843 0.766172 0.00843229 0.0471137 495
0 0.11463 0.982834 0.0332326 0.0278977 538
0 0.796566 0.775152 0.00858321 0.0504566 953
0 0.475444 0.857549 0.0187132 0.0230437 3
0 0.723298 0.786079 0.00803194 0.0502532 1102
0 0.597454 0.807118 0.0118679 0.0562155 762
0 0.556 0.815757 0.0127945 0.0571842 1167
0 0.893903 0.975842 0.0649119 0.0444456 1267
37 0.197945 0.916448 0.0455486 0.0303875 34
0 0.711589 0.789303 0.0100066 0.0466865 1140
0 0.971756 0.763024 0.0130461 0.0275869 1353
0 0.906565 0.973306 0.0399283 0.0393994 1364
0 0.689093 0.795311 0.0105462 0.0460219 1391
0 0.656361 0.801097 0.00801969 0.0454692 1307
0 0.883639 0.981441 0.0447464 0.0350809 1411
0 0.354702 0.900464 0.022835 0.0800502 1403
0 0.415277 0.839177 0.0135284 0.0622223 1431
0 0.957311 0.848374 0.0149115 0.0361154 4
0 0.936516 0.750596 0.00827732 0.0412194 1376
0 0.484087 0.857682 0.0367084 0.0233693 1405
0 0.699598 0.792759 0.00754018 0.0450481 1452
37 0.0221366 0.938609 0.0442629 0.03048 1123
0 0.701514 0.793127 0.00989852 0.0445231 1465
0 0.391272 0.832756 0.017956 0.0855292 1324
0 0.952494 0.850189 0.0243637 0.0400147 1472
