0 0.453111 0.833855 0.0127554 0.0684438 1
0 0.474349 0.852531 0.0218319 0.0345253 3
0 0.953489 0.849874 0.0221931 0.0420383 4
0 0.695643 0.793983 0.00838437 0.0461505 6
0 0.830633 0.835017 0.0176591 0.0329322 12
0 0.855684 0.831226 0.0146415 0.0323217 16
0 0.894492 0.975359 0.0675869 0.0477125 20
0 0.717667 0.830473 0.0134995 0.0312311 23
0 0.433267 0.914252 0.0258861 0.0378031 21
0 0.5586 0.814632 0.012677 0.0474975 260
8 0.198411 0.915947 0.0445602 0.0320804 34
0 0.702955 0.793424 0.0103977 0.0447016 277
0 0.906262 0.972236 0.0434754 0.0411273 367
0 0.843771 0.765176 0.00705795 0.0485597 495
0 0.00427736 0.752087 0.00855472 0.0179315 523
0 0.755707 0.78146 0.00788307 0.0487848 11
0 0.115112 0.980997 0.0308047 0.0228925 538
0 0.736862 0.785385 0.00862026 0.0485283 572
0 0.811547 0.770797 0.00948191 0.0495995 228
0 0.974691 0.763949 0.018945 0.0260449 649
0 0.797351 0.775605 0.00928402 0.047702 417
0 0.779797 0.779087 0.00954108 0.0448931 683
37 0.0221057 0.938505 0.0442107 0.0281287 311
0 0.42364 0.780845 0.00806432 0.0189791 758
0 0.828959 0.767771 0.00975723 0.0548757 762
0 0.796857 0.697365 0.00593023 0.0142596 795
0 0.941075 0.726139 0.0074482 0.0193328 821
