0 0.452475 0.834533 0.0124902 0.0675528 1
0 0.831291 0.83521 0.0168812 0.0322613 12
0 0.853061 0.834243 0.0214677 0.0286838 16
0 0.718469 0.829087 0.0144197 0.0335087 23
0 0.843371 0.763913 0.00780478 0.0417041 495
0 0.114472 0.982825 0.0310493 0.0244439 538
0 0.797417 0.775499 0.0096539 0.0506979 953
0 0.476137 0.855991 0.0181052 0.0258308 3
0 0.734677 0.784688 0.00706677 0.0482758 1102
0 0.568281 0.811788 0.0119144 0.0550769 762
0 0.526105 0.818983 0.0130453 0.0566219 1167
0 0.891219 0.976664 0.0605915 0.044197 1267
37 0.198091 0.915659 0.0455953 0.031459 34
0 0.724836 0.787199 0.00810103 0.0477404 1140
0 0.972999 0.762055 0.0155941 0.0285239 1353
0 0.904945 0.973306 0.0376399 0.038626 1364
0 0.688905 0.795129 0.0101536 0.0458594 1391
0 0.6403 0.803096 0.00955663 0.0487008 1307
0 0.883176 0.98238 0.0445455 0.0331173 1411
0 0.957103 0.848079 0.0152747 0.0349426 4
37 0.0222932 0.938598 0.0445865 0.0295173 1123
0 0.702021 0.793109 0.0105414 0.0474598 1465
0 0.554741 0.816473 0.00989799 0.0448881 6
0 0.39115 0.820847 0.0176251 0.0619717 1324
0 0.927086 0.752745 0.00769119 0.0456891 1376
0 0.981116 0.73093 0.0100209 0.0247538 1490
0 0.657309 0.806932 0.00643115 0.0337584 1495
0 0.301336 0.902309 0.0193395 0.0786802 1503
0 0.699809 0.792506 0.00714712 0.0468664 1516
0 0.949253 0.850605 0.0162106 0.0380196 1472
0 0.385328 0.846804 0.0122189 0.0607569 1431
