0 0.453056 0.834007 0.0129238 0.0672479 1
0 0.228252 0.871188 0.0145403 0.0519709 2
0 0.479899 0.829594 0.0125581 0.0598544 3
0 0.95338 0.848865 0.0224145 0.0428779 4
0 0.870304 0.762223 0.00829535 0.0390389 5
0 0.698088 0.794077 0.00929132 0.0471505 6
0 0.775918 0.777863 0.00777397 0.0492355 11
0 0.829287 0.834314 0.0178201 0.0325634 12
0 0.519865 0.776917 0.00972514 0.026748 13
0 0.790765 0.777101 0.0129399 0.0468895 15
0 0.854934 0.831218 0.019619 0.0356322 16
0 0.883689 0.980201 0.0456094 0.038359 20
0 0.422355 0.909788 0.0191482 0.0508021 21
0 0.717286 0.830859 0.0141101 0.0316004 23
0 0.00964678 0.746312 0.0104002 0.0184561 25
37 0.198737 0.915458 0.0459316 0.0331243 34
0 0.819621 0.772587 0.00826273 0.0407984 61
0 0.978321 0.739202 0.00840654 0.0454936 91
0 0.843349 0.764705 0.00774918 0.0445619 102
0 0.970815 0.738382 0.0103435 0.0393829 17
0 0.812025 0.770136 0.00758295 0.0414525 123
0 0.93405 0.730121 0.00831203 0.0263331 127
0 0.852833 0.76444 0.00845614 0.0420412 10
0 0.354422 0.989089 0.0145262 0.0218226 146
0 0.765467 0.694181 0.00561461 0.0111103 149
0 0.947862 0.74647 0.0104938 0.0454594 7
0 0.677534 0.791978 0.0102147 0.0359011 116
0 0.907228 0.743566 0.00799627 0.0238903 170
0 0.391111 0.818159 0.0173774 0.05743 141
