0 0.45304 0.833146 0.0127626 0.0682554 1
0 0.476939 0.85481 0.0300924 0.028443 3
0 0.953518 0.849818 0.0221383 0.042258 4
0 0.695321 0.796382 0.0111032 0.0455805 6
0 0.830652 0.835002 0.0176197 0.0329749 12
0 0.856317 0.83108 0.014491 0.0340758 16
0 0.89413 0.97551 0.0670751 0.0470472 20
0 0.717541 0.830239 0.0127315 0.0312516 23
0 0.432226 0.914813 0.0274139 0.0376964 21
0 0.565012 0.811224 0.0138654 0.0466967 260
37 0.197979 0.916198 0.0446453 0.0314825 34
0 0.7027 0.792957 0.008355 0.0450331 277
0 0.906415 0.972349 0.0438622 0.0412237 367
0 0.843718 0.76519 0.0071661 0.0487341 495
0 0.755208 0.78275 0.00788355 0.0467559 11
0 0.115153 0.981115 0.0309525 0.0229939 538
0 0.736824 0.785635 0.00827508 0.0470752 572
0 0.803425 0.772821 0.00793958 0.0502629 228
0 0.971794 0.763207 0.0135724 0.0256485 649
0 0.796275 0.774491 0.0085031 0.049321 417
0 0.775554 0.779015 0.00934272 0.0419275 683
37 0.022116 0.938565 0.0442319 0.0282522 311
0 0.821372 0.770314 0.0108775 0.0521709 762
0 0.797186 0.696677 0.00523415 0.0151811 795
0 0.409943 0.762158 0.00499253 0.00855103 837
0 0.41988 0.779531 0.00674443 0.0182941 758
0 0.00435411 0.750436 0.00827285 0.0177299 523
