0 0.452361 0.834086 0.0121048 0.0652337 1
0 0.953551 0.850784 0.0219054 0.0408245 4
0 0.830829 0.834824 0.0175952 0.0330016 12
0 0.854768 0.829698 0.0168143 0.034059 16
0 0.718435 0.829751 0.0144105 0.0324186 23
0 0.434089 0.914363 0.0237702 0.0369559 21
0 0.496088 0.822949 0.0122781 0.0523681 260
0 0.841951 0.766992 0.0089509 0.0454163 495
0 0.114652 0.982371 0.0335529 0.0276049 538
0 0.56191 0.817899 0.0114737 0.0505119 6
0 0.940164 0.726909 0.00747576 0.0188934 821
0 0.796324 0.776038 0.00843558 0.0475594 953
0 0.475581 0.858223 0.01811 0.0217855 3
0 0.74467 0.783139 0.00796614 0.0480651 1102
0 0.354984 0.989119 0.0151338 0.0217617 1114
37 0.0221097 0.938 0.0442194 0.0281581 1123
0 0.710173 0.789824 0.00901294 0.0470956 1140
0 0.681377 0.790859 0.00983186 0.0487594 762
0 0.00562042 0.979476 0.0111681 0.0173841 1150
0 0.0162277 0.749862 0.0100516 0.0170541 1151
0 0.646505 0.799744 0.0108483 0.0534926 1167
0 0.703605 0.791713 0.0101668 0.0452883 1033
0 0.31488 0.712608 0.00648675 0.021156 1103
0 0.890705 0.975599 0.0589172 0.0468816 1267
0 0.976725 0.742001 0.0090766 0.0318256 1233
0 0.0655499 0.730913 0.00580783 0.0177911 1279
0 0.291783 0.722929 0.00880673 0.018229 1281
0 0.27252 0.725233 0.00583379 0.0182283 1283
0 0.690793 0.805374 0.00701003 0.0256444 572
0 0.845907 0.699482 0.00678492 0.019698 1292
