0 0.453157 0.833639 0.0124043 0.0683217 1
0 0.207413 0.874323 0.0151062 0.0545027 2
0 0.48174 0.830948 0.014496 0.0653239 3
0 0.953444 0.848854 0.0223585 0.0425046 4
0 0.86743 0.762396 0.00891781 0.0438272 5
0 0.697939 0.794537 0.00904598 0.0476297 6
0 0.777366 0.778868 0.00979781 0.0461339 11
0 0.830384 0.834564 0.0181806 0.0328645 12
0 0.51625 0.778517 0.00837722 0.0242384 13
0 0.85516 0.830764 0.0166329 0.0337179 16
0 0.883465 0.980124 0.0447985 0.0375299 20
0 0.424632 0.909844 0.0188643 0.0483146 21
0 0.716981 0.830266 0.0140033 0.0312611 23
0 0.00878589 0.747414 0.0109898 0.0174688 25
8 0.198832 0.915651 0.0451877 0.0311888 34
0 0.844127 0.76526 0.008253 0.0468308 102
0 0.979315 0.739902 0.01066 0.0469788 17
0 0.354944 0.989211 0.0148862 0.021578 146
0 0.941826 0.745024 0.00894308 0.0452343 7
0 0.677545 0.791684 0.00827208 0.0371831 116
0 0.90875 0.743919 0.00821543 0.0254984 170
0 0.81367 0.77413 0.00881262 0.0402275 123
0 0.76556 0.696793 0.00772533 0.017649 149
0 0.787381 0.777191 0.0108594 0.0480965 15
0 0.115127 0.983519 0.0312291 0.0210125 212
