0 0.452917 0.834452 0.0127198 0.0667607 1
0 0.831169 0.83507 0.0169634 0.0325813 12
0 0.854699 0.832593 0.0176329 0.0295203 16
0 0.718101 0.830273 0.0137801 0.0313872 23
0 0.843178 0.763639 0.00823002 0.0390166 495
0 0.117148 0.9829 0.0381575 0.0277334 538
0 0.796635 0.77564 0.00892229 0.050725 953
0 0.475537 0.857562 0.0189863 0.0232932 3
0 0.730144 0.78599 0.00807314 0.0483447 1102
0 0.581313 0.811179 0.0134141 0.0613081 762
0 0.541215 0.817951 0.0115345 0.0568423 1167
0 0.894121 0.975761 0.0649394 0.0444331 1267
37 0.197972 0.916494 0.0453448 0.0303333 34
0 0.71741 0.787812 0.00938735 0.0470467 1140
0 0.971571 0.763145 0.0134377 0.025961 1353
0 0.906444 0.973485 0.0400128 0.0398178 1364
0 0.689422 0.795769 0.0110244 0.0469037 1391
0 0.648234 0.802764 0.011167 0.0496466 1307
0 0.884127 0.980658 0.0454008 0.0356705 1411
0 0.397523 0.844526 0.0123246 0.0578818 1431
0 0.957124 0.847908 0.0150154 0.0360393 4
0 0.484277 0.857607 0.037076 0.0236799 1405
37 0.0221747 0.938792 0.0443495 0.029875 1123
0 0.701343 0.795484 0.0112194 0.0500728 1465
0 0.323535 0.900907 0.0163329 0.0812169 1473
0 0.554627 0.818013 0.00951381 0.0482714 6
0 0.391191 0.819435 0.017144 0.0592595 1324
0 0.930235 0.746341 0.00930729 0.0538489 1376
0 0.990132 0.733937 0.0076828 0.0305127 1490
0 0.666232 0.806444 0.0103517 0.0353884 1495
0 0.943584 0.849775 0.0174092 0.0370339 1472
