0 0.452705 0.833417 0.0134824 0.0667415 1
0 0.477264 0.834034 0.0127141 0.0677503 3
0 0.953427 0.848687 0.0219362 0.0393055 4
0 0.697259 0.792626 0.00988784 0.0486026 6
0 0.755637 0.782835 0.00797939 0.0475433 11
0 0.830241 0.83469 0.0174203 0.0332999 12
0 0.855735 0.830934 0.0168592 0.0343753 16
0 0.894105 0.975397 0.0653636 0.0468444 20
0 0.718812 0.830419 0.0145184 0.0314003 23
0 0.354916 0.98914 0.0144339 0.0216375 146
0 0.793989 0.775787 0.0109685 0.0486315 123
0 0.436784 0.905381 0.0225626 0.055481 21
0 0.920979 0.751833 0.00962009 0.0477919 232
0 0.515222 0.809671 0.0105928 0.0428569 260
0 0.84286 0.765887 0.00865335 0.0475463 228
0 0.973426 0.762547 0.01817 0.0282135 338
37 0.198052 0.915849 0.0460473 0.0317897 34
0 0.775273 0.78026 0.00919657 0.0412275 15
0 0.745595 0.784173 0.0104228 0.0473029 277
0 0.905694 0.97252 0.0421823 0.0419942 367
0 0.852561 0.832181 0.023946 0.0368388 408
0 0.322887 0.752381 0.0113967 0.016845 411
0 0.829674 0.766117 0.0084837 0.0363092 417
0 0.484168 0.778062 0.0078764 0.0207164 309
0 0.90586 0.756226 0.00971766 0.043385 437
0 0.882803 0.757789 0.00928803 0.0483059 7
0 0.0568918 0.903892 0.0173497 0.0607535 2
0 0.941742 0.739524 0.00704184 0.0309439 447
