0 0.454776 0.83399 0.0117686 0.0679471 1
0 0.47586 0.833394 0.0143883 0.0661247 3
0 0.953507 0.849511 0.0220508 0.0412112 4
0 0.696391 0.793087 0.0103406 0.046471 6
0 0.755848 0.782161 0.00955019 0.048458 11
0 0.830593 0.83464 0.0172353 0.0334256 12
0 0.856243 0.830239 0.0153189 0.0327609 16
0 0.894486 0.976244 0.0654659 0.0457499 20
0 0.718436 0.830596 0.0145385 0.0305308 23
0 0.355023 0.988957 0.0146916 0.0220754 146
0 0.79401 0.776398 0.010161 0.0476835 123
0 0.437094 0.902952 0.0189433 0.0601412 21
0 0.914638 0.752964 0.00859852 0.0460279 232
0 0.517317 0.805595 0.0111933 0.0373333 260
0 0.842708 0.766507 0.00915632 0.0477744 228
0 0.972852 0.762755 0.0149888 0.02767 338
8 0.198308 0.914801 0.0466641 0.0339952 34
0 0.772048 0.780318 0.00955763 0.0428328 15
0 0.744238 0.783809 0.0093791 0.0477931 277
0 0.906025 0.973129 0.0437423 0.040066 367
0 0.324941 0.751938 0.0105274 0.0159343 411
0 0.827069 0.769378 0.00805054 0.0397076 417
0 0.481714 0.778797 0.00785856 0.0220965 309
0 0.910924 0.75442 0.007055 0.0451095 437
0 0.877991 0.758846 0.00894823 0.050154 7
0 0.0454359 0.904153 0.0134316 0.0613857 2
0 0.946311 0.738556 0.0086791 0.0337743 447
0 0.069101 0.741811 0.00736696 0.0269078 451
0 0.457685 0.780935 0.00813146 0.0186563 459
8 0.0220167 0.938368 0.044007 0.0309669 311
0 0.996064 0.809933 0.00745792 0.0236242 466
0 0.397726 0.748559 0.00930498 0.0187386 470
0 0.278677 0.72928 0.00648625 0.0161681 475
