0 0.452617 0.833415 0.0123797 0.0679346 1
0 0.471349 0.853628 0.0173144 0.0333549 3
0 0.953762 0.848974 0.0219943 0.0399566 4
0 0.695419 0.794453 0.00930114 0.0452425 6
0 0.830642 0.834661 0.0176213 0.0335664 12
0 0.852781 0.832228 0.0222291 0.0341834 16
0 0.891847 0.97611 0.0614044 0.0459104 20
0 0.718214 0.830375 0.0135849 0.0317548 23
0 0.433573 0.914746 0.0248484 0.0371136 21
0 0.54681 0.8127 0.011546 0.0493851 260
37 0.198944 0.916313 0.0463341 0.0315721 34
0 0.730546 0.787968 0.00979705 0.0437763 277
0 0.904258 0.973024 0.0390039 0.0400563 367
0 0.842766 0.76594 0.00878105 0.0459468 7
0 0.0710718 0.740762 0.0100063 0.0222696 451
0 0.858896 0.764023 0.0105409 0.0540415 495
0 0.704648 0.791208 0.0101644 0.048992 500
0 0.0095148 0.74889 0.00943412 0.0181263 523
0 0.755106 0.780765 0.0085505 0.0489893 11
0 0.114933 0.981568 0.0302375 0.024526 538
0 0.817423 0.779845 0.00548315 0.0297443 493
0 0.743041 0.784783 0.00914946 0.0463541 572
0 0.82762 0.768291 0.00934668 0.0489029 228
0 0.272463 0.725164 0.0067364 0.0212487 475
0 0.350698 0.75666 0.00956278 0.022698 411
0 0.712516 0.831012 0.0260837 0.0322764 616
0 0.790032 0.699559 0.00493646 0.015667 581
37 0.022119 0.93841 0.0442009 0.0290393 311
0 0.798598 0.776904 0.00919294 0.047669 623
0 0.00563465 0.977014 0.0111909 0.0240639 627
