0 0.452356 0.833117 0.0115596 0.0671717 1
0 0.953746 0.850042 0.0228016 0.0428919 4
0 0.830554 0.834632 0.0174456 0.0334012 12
0 0.856391 0.83051 0.013625 0.0322678 16
0 0.890344 0.975702 0.0578019 0.0455272 20
0 0.718272 0.830319 0.0145878 0.0319414 23
0 0.43396 0.914522 0.0235032 0.037439 21
0 0.554998 0.815401 0.0120658 0.0536969 260
8 0.199246 0.916264 0.0463331 0.0304747 34
0 0.702569 0.791971 0.0102656 0.0458572 277
0 0.843385 0.763195 0.00733519 0.0390518 495
0 0.114708 0.981508 0.032427 0.0292965 538
0 0.736721 0.785706 0.00915437 0.0473746 572
0 0.77648 0.776978 0.0097425 0.0509754 762
0 0.641081 0.804349 0.0113357 0.0495761 6
0 0.291949 0.721577 0.0074261 0.0188898 879
0 0.939955 0.72785 0.00731363 0.0207453 821
0 0.692453 0.796513 0.00968847 0.0458216 882
0 0.796901 0.775685 0.0127851 0.0502088 953
0 0.0580146 0.740716 0.004655 0.0185337 955
0 0.974764 0.763039 0.0196346 0.0266893 649
0 0.676198 0.815401 0.0155882 0.0176526 971
0 0.00481065 0.752169 0.00928335 0.0175605 523
0 0.474936 0.856155 0.03064 0.0281978 3
0 0.748075 0.782586 0.0102599 0.0500642 228
