0 0.452638 0.834508 0.0120724 0.0672442 1
0 0.83125 0.835016 0.0167371 0.0322604 12
0 0.853885 0.83428 0.0202291 0.0280384 16
0 0.71847 0.829994 0.014314 0.031698 23
0 0.842716 0.764722 0.00852985 0.0406564 495
0 0.114455 0.982479 0.0313603 0.0237496 538
0 0.797351 0.775057 0.00931668 0.0502501 953
0 0.475797 0.857189 0.0178185 0.0238013 3
0 0.547185 0.813933 0.010299 0.0564748 762
0 0.50553 0.823642 0.0132168 0.0579159 1167
0 0.890883 0.977015 0.0599644 0.0440592 1267
37 0.198481 0.916252 0.0439816 0.0309237 34
0 0.731956 0.786237 0.00808644 0.0452881 1140
0 0.972593 0.762569 0.0153141 0.0276294 1353
0 0.904794 0.97331 0.0387985 0.0384159 1364
0 0.688819 0.795094 0.0104112 0.0452567 1391
0 0.628567 0.806445 0.00836635 0.0500748 1307
0 0.883018 0.984936 0.0441854 0.0284949 1411
0 0.956643 0.84825 0.0158559 0.0352843 4
37 0.0221557 0.938774 0.0443061 0.028675 1123
0 0.702304 0.792461 0.0106359 0.0470816 1465
0 0.968269 0.733572 0.00590506 0.0264343 1490
0 0.260899 0.904524 0.0222139 0.076065 1503
0 0.946039 0.852904 0.0153979 0.0312241 1472
0 0.369773 0.846067 0.0134032 0.0641329 1431
0 0.93126 0.727433 0.00850868 0.0203459 1526
0 0.355228 0.989407 0.0147602 0.0211854 1531
0 0.923387 0.750583 0.00899735 0.0361744 1376
0 0.391137 0.832837 0.0180169 0.0863441 1324
0 0.55545 0.818594 0.00887537 0.0480542 6
0 0.645712 0.809024 0.00609489 0.0318626 1495
0 0.740513 0.783365 0.00739226 0.0477442 1102
