0 0.452455 0.834438 0.012817 0.0674544 1
0 0.831337 0.83499 0.0168221 0.0326059 12
0 0.853468 0.834204 0.0208145 0.0284359 16
0 0.718474 0.829251 0.0144787 0.0331451 23
0 0.843027 0.764206 0.00838747 0.0411676 495
0 0.114486 0.982826 0.0311508 0.0243117 538
0 0.797265 0.774916 0.0093812 0.0499715 953
0 0.473989 0.856703 0.0210289 0.0242324 3
0 0.735556 0.784322 0.00825739 0.049184 1102
0 0.564573 0.810993 0.00989585 0.0577917 762
0 0.523611 0.819981 0.012623 0.0566073 1167
0 0.891704 0.976622 0.0616164 0.0447444 1267
37 0.197936 0.915693 0.0450515 0.0315732 34
0 0.728034 0.787069 0.00920844 0.0473639 1140
0 0.971856 0.762279 0.0139025 0.0278201 1353
0 0.905067 0.973048 0.0378809 0.0382579 1364
0 0.688936 0.794609 0.0102107 0.0464077 1391
0 0.637982 0.803766 0.00915422 0.050598 1307
0 0.882949 0.983742 0.0442548 0.0305645 1411
0 0.956933 0.848092 0.0156195 0.035222 4
37 0.022283 0.938697 0.044549 0.0298971 1123
0 0.702466 0.792522 0.0108023 0.0474386 1465
0 0.554714 0.819553 0.0106219 0.0487292 6
0 0.390901 0.833542 0.01803 0.0876037 1324
0 0.978838 0.732301 0.00895252 0.0267523 1490
0 0.655823 0.807531 0.00794649 0.0345931 1495
0 0.291208 0.901538 0.0163262 0.0764821 1503
0 0.948772 0.850327 0.0167395 0.0375397 1472
0 0.383023 0.845482 0.0146357 0.0651855 1431
0 0.929089 0.730049 0.00806885 0.0261881 1526
0 0.35519 0.989403 0.014842 0.0211941 1531
0 0.926545 0.752627 0.00820255 0.0407353 1376
