0 0.452844 0.833512 0.012592 0.0683628 1
0 0.483413 0.859142 0.0320451 0.0196287 3
0 0.953522 0.849243 0.0220068 0.0415662 4
0 0.831228 0.83466 0.0185251 0.0334767 12
0 0.856147 0.830437 0.0143936 0.0328388 16
0 0.89045 0.976256 0.0572416 0.0453423 20
0 0.718264 0.830423 0.0146718 0.0305224 23
0 0.433876 0.914445 0.0242358 0.0357914 21
0 0.561829 0.814648 0.0124645 0.0536058 260
8 0.198343 0.915389 0.0459985 0.032299 34
0 0.703804 0.790529 0.0096951 0.0470287 277
0 0.843156 0.765573 0.00847979 0.0492062 495
0 0.750334 0.782464 0.00923476 0.04933 11
0 0.117924 0.983733 0.0356107 0.0260481 538
0 0.736394 0.785963 0.00832834 0.046401 572
0 0.779252 0.776571 0.0113178 0.0506983 228
0 0.797967 0.774527 0.0118512 0.0522143 762
0 0.00737514 0.750551 0.00694323 0.0180563 523
0 0.853808 0.830926 0.0204824 0.0337557 865
0 0.667747 0.799889 0.00986581 0.0440925 6
0 0.763316 0.780449 0.00799947 0.0425781 683
0 0.287659 0.723287 0.00674734 0.0182422 879
0 0.937302 0.728731 0.0089489 0.0237541 821
0 0.692261 0.794281 0.00966558 0.0496806 882
0 0.771535 0.785867 0.00638027 0.0309953 890
37 0.0220927 0.93821 0.0441356 0.0295069 311
