0 0.45286 0.833908 0.0109055 0.0677496 1
0 0.953767 0.850025 0.0228375 0.042891 4
0 0.830507 0.834625 0.0174925 0.0333726 12
0 0.85522 0.832005 0.0167898 0.0313762 16
0 0.890401 0.975837 0.0578668 0.0452031 20
0 0.718154 0.831069 0.0149201 0.0303547 23
0 0.432827 0.914709 0.0259582 0.0374958 21
0 0.545161 0.816296 0.0119944 0.051178 260
37 0.199067 0.916172 0.0480662 0.0314564 34
0 0.703148 0.791803 0.00996461 0.046353 277
0 0.842844 0.766062 0.00750895 0.0441628 495
0 0.114443 0.981394 0.0316756 0.0281347 538
0 0.726595 0.787614 0.0081265 0.0467834 572
0 0.75646 0.78126 0.0113774 0.0503307 762
0 0.621721 0.808932 0.00986919 0.0502938 6
0 0.93943 0.728981 0.00761242 0.0204573 821
0 0.692556 0.795877 0.00997119 0.0471297 882
0 0.79681 0.774985 0.00830545 0.0463538 953
0 0.973189 0.763005 0.0165623 0.0261519 649
0 0.676963 0.815147 0.0169769 0.0180553 971
0 0.0048206 0.751537 0.00895414 0.0196234 523
0 0.474994 0.85514 0.0165577 0.0283225 3
0 0.273954 0.729605 0.00827606 0.0204454 999
0 0.0646237 0.751702 0.00602425 0.0116623 1030
0 0.7456 0.782881 0.00752978 0.0473032 1031
0 0.735224 0.788094 0.00817642 0.0423598 1033
0 0.391225 0.819133 0.0170661 0.0609135 943
0 0.058105 0.737126 0.00452709 0.0158493 955
