0 0.453035 0.833419 0.0124045 0.0676286 1
0 0.481748 0.857077 0.0369757 0.0233983 3
0 0.953498 0.849244 0.0220234 0.0415622 4
0 0.831219 0.834543 0.0184941 0.0336651 12
0 0.856153 0.830395 0.0142356 0.0328308 16
0 0.890554 0.976247 0.0573842 0.0452718 20
0 0.718227 0.830246 0.0147516 0.0309079 23
0 0.434101 0.914649 0.0239786 0.0366345 21
0 0.563424 0.815087 0.010674 0.0529959 260
8 0.198298 0.915413 0.046284 0.0321558 34
0 0.702596 0.791722 0.0112603 0.047379 277
0 0.843674 0.765806 0.00772715 0.0496748 495
0 0.752077 0.782182 0.00750027 0.0498541 11
0 0.118807 0.983812 0.0375866 0.0260034 538
0 0.737167 0.785272 0.00968876 0.0463335 572
0 0.784465 0.774804 0.00842643 0.0476015 228
0 0.974409 0.763524 0.0184657 0.0274291 649
37 0.022094 0.937983 0.044134 0.0292617 311
0 0.804603 0.77246 0.0108343 0.0526528 762
0 0.00713369 0.749137 0.00825253 0.0181803 523
0 0.85411 0.83093 0.0197998 0.0338099 865
0 0.674212 0.799561 0.0116113 0.0495686 6
0 0.765415 0.780443 0.00826802 0.0459218 683
0 0.287577 0.724116 0.00643747 0.0188644 879
0 0.937896 0.729059 0.00827522 0.0225173 821
0 0.692405 0.795012 0.00976362 0.0511843 882
0 0.775899 0.787195 0.00642419 0.0334404 890
0 0.796936 0.775669 0.0083075 0.0497275 417
