0 0.452922 0.834008 0.0127463 0.0672786 1
0 0.170077 0.883227 0.0129047 0.0582805 2
0 0.481105 0.831857 0.0135243 0.0647803 3
0 0.953645 0.849602 0.0221324 0.0411934 4
0 0.85592 0.763347 0.00907965 0.0414996 5
0 0.696949 0.794202 0.00878458 0.0479174 6
0 0.772825 0.778547 0.00966635 0.050806 11
0 0.830313 0.834398 0.0179725 0.0328513 12
0 0.855092 0.831535 0.0176056 0.0342885 16
0 0.883534 0.979472 0.0453912 0.0386189 20
0 0.717357 0.830577 0.0150702 0.0308492 23
0 0.00632207 0.750861 0.0104199 0.0183036 25
8 0.198255 0.915467 0.0471506 0.0318554 34
0 0.842255 0.766159 0.0112848 0.0462934 102
0 0.988192 0.737088 0.0114804 0.0464654 17
0 0.354869 0.989152 0.0150598 0.0216727 146
0 0.928962 0.749367 0.00948486 0.0447251 7
0 0.681984 0.791125 0.0109724 0.0358962 116
0 0.80573 0.774462 0.00888557 0.0434276 123
0 0.765737 0.697762 0.00640941 0.0170525 149
0 0.7883 0.776833 0.0108097 0.047517 15
0 0.115498 0.984332 0.0308051 0.0224521 212
0 0.786223 0.698535 0.00728998 0.0162005 245
0 0.501168 0.810591 0.0116749 0.0467422 260
0 0.42464 0.912545 0.0210773 0.0454662 21
0 0.961898 0.743844 0.0097909 0.0478581 232
0 0.76619 0.781138 0.00875878 0.0483277 277
0 0.915591 0.742749 0.0114171 0.0199041 170
