0 0.452524 0.834182 0.0123485 0.06577 1
0 0.953649 0.850837 0.0219327 0.0406509 4
0 0.830829 0.834963 0.0177847 0.0331049 12
0 0.854812 0.82987 0.0166507 0.03372 16
0 0.718588 0.829726 0.0143952 0.0324769 23
0 0.434048 0.906653 0.0232589 0.0497288 21
0 0.487623 0.826759 0.0116736 0.0560246 260
0 0.841897 0.767057 0.00858746 0.0455516 495
0 0.114562 0.982444 0.0334793 0.0278182 538
0 0.557354 0.818262 0.0109663 0.0503846 6
0 0.935625 0.727779 0.00741024 0.0232859 821
0 0.796285 0.775918 0.00859451 0.0480927 953
0 0.475537 0.858062 0.0191719 0.0218951 3
0 0.740884 0.784132 0.00868416 0.0516614 1102
0 0.354978 0.98912 0.0151341 0.0217535 1114
37 0.0221036 0.937918 0.0442016 0.0277023 1123
0 0.67366 0.78967 0.00972762 0.0461749 762
0 0.00563804 0.978573 0.0112225 0.0200759 1150
0 0.0170871 0.751969 0.00973612 0.0179251 1151
0 0.635912 0.800771 0.0127958 0.0551329 1167
0 0.315793 0.711051 0.00743506 0.0224344 1103
0 0.890819 0.975618 0.0592269 0.0468065 1267
0 0.0665167 0.735297 0.00736124 0.0195546 1279
0 0.27316 0.728918 0.00637088 0.0157101 1283
0 0.6912 0.796246 0.00800018 0.0487284 1307
37 0.198118 0.915482 0.0456704 0.0320679 34
0 0.698767 0.793463 0.0066401 0.0454813 1318
0 0.705003 0.791275 0.00980115 0.0477009 1140
