0 0.453075 0.833931 0.0126628 0.0674404 1
0 0.268117 0.867369 0.0139904 0.0545759 2
0 0.478655 0.827603 0.016657 0.0591243 3
0 0.953534 0.848629 0.0222215 0.0426108 4
0 0.875015 0.758016 0.00827055 0.0400827 5
0 0.69847 0.796262 0.00910606 0.0444919 6
0 0.960237 0.74422 0.00974207 0.0467884 7
0 0.514304 0.780907 0.00831037 0.021506 9
0 0.775424 0.776633 0.00733905 0.0474993 11
0 0.8308 0.834529 0.0160832 0.0323409 12
0 0.527199 0.778625 0.00769753 0.0256131 13
0 0.796378 0.775902 0.00867028 0.0486349 15
0 0.856246 0.829049 0.0156142 0.0363791 16
0 0.90188 0.750137 0.00843811 0.0430954 18
0 0.895428 0.976176 0.0682871 0.0465608 20
0 0.422566 0.910279 0.0183781 0.0494752 21
0 0.476075 0.797205 0.010823 0.0315001 22
0 0.717471 0.830508 0.0123454 0.0317836 23
0 0.00891763 0.744375 0.00758834 0.0195793 25
8 0.198317 0.914842 0.0448912 0.0330967 34
0 0.789841 0.775784 0.00885868 0.0483231 8
0 0.830856 0.76824 0.00890903 0.034835 61
0 0.992966 0.73553 0.00872717 0.0464951 91
0 0.843417 0.763894 0.0073761 0.0431763 102
0 0.783101 0.695441 0.00648394 0.0133272 110
0 0.943189 0.741083 0.00831528 0.0302905 76
0 0.850023 0.764572 0.00817118 0.0424185 10
