0 0.452486 0.833486 0.0122664 0.0672059 1
0 0.473353 0.855186 0.0193869 0.0303404 3
0 0.953348 0.849717 0.0223627 0.0417674 4
0 0.694675 0.794535 0.00997119 0.0454534 6
0 0.830549 0.834827 0.0176068 0.0336349 12
0 0.855851 0.831965 0.0153855 0.0315087 16
0 0.890999 0.976575 0.060358 0.0453703 20
0 0.71854 0.830665 0.0143317 0.0306221 23
0 0.434902 0.914153 0.0220417 0.0375603 21
0 0.553586 0.812979 0.0121512 0.0451436 260
37 0.19879 0.916136 0.0455216 0.0310511 34
0 0.714448 0.790634 0.00905395 0.0436306 277
0 0.903068 0.972771 0.0379101 0.0389698 367
0 0.843471 0.767232 0.00787592 0.0454952 495
0 0.00697126 0.75241 0.00885069 0.02068 523
0 0.755965 0.781402 0.00719891 0.0485233 11
0 0.115423 0.983345 0.0311812 0.0263021 538
0 0.806268 0.781558 0.0058589 0.0306773 493
0 0.738736 0.785285 0.00877547 0.0466997 572
0 0.819473 0.770401 0.0101168 0.0466376 228
0 0.00542453 0.978536 0.0108129 0.0204787 627
0 0.974071 0.76384 0.0193176 0.0245984 649
0 0.796825 0.774948 0.00824447 0.0491664 417
0 0.786305 0.778324 0.00979471 0.0453616 683
0 0.318377 0.713397 0.00587034 0.0167498 570
37 0.0221405 0.938056 0.0442811 0.029975 311
0 0.277142 0.728527 0.00545185 0.0177013 694
0 0.0666655 0.7412 0.00751303 0.0286993 733
0 0.778168 0.698096 0.0050077 0.0166484 752
0 0.428608 0.778532 0.0107479 0.0186362 758
0 0.837833 0.766621 0.00849352 0.0469174 762
