0 0.452416 0.833521 0.0131198 0.0674358 1
0 0.480002 0.858141 0.0340885 0.0215273 3
0 0.953538 0.849909 0.022232 0.0421995 4
0 0.830626 0.834958 0.017498 0.0328834 12
0 0.856324 0.830674 0.0141925 0.0335115 16
0 0.893749 0.975785 0.0667016 0.0465849 20
0 0.717805 0.830082 0.0135339 0.0318729 23
0 0.432223 0.914793 0.0273762 0.0376723 21
0 0.564994 0.813319 0.0127817 0.0500883 260
37 0.198145 0.916405 0.0447973 0.0314122 34
0 0.702901 0.793437 0.00968623 0.0443158 277
0 0.906765 0.972416 0.0429422 0.0415133 367
0 0.843522 0.765713 0.00717392 0.0478251 495
0 0.754507 0.781933 0.00746832 0.0479745 11
0 0.115225 0.980996 0.0306481 0.0227588 538
0 0.736695 0.786092 0.0078979 0.0455983 572
0 0.796526 0.774929 0.0111703 0.0503337 228
0 0.97233 0.763227 0.0140651 0.0255853 649
37 0.022086 0.93852 0.044172 0.0281906 311
0 0.815188 0.770904 0.00949745 0.0512324 762
0 0.00498646 0.748391 0.00940932 0.0179466 523
0 0.852897 0.831496 0.0221392 0.0345066 865
0 0.687525 0.796457 0.00982699 0.0432543 6
0 0.275688 0.729389 0.00593195 0.0159231 873
0 0.771907 0.779605 0.00789628 0.0440978 683
0 0.287915 0.725761 0.00758433 0.0139511 879
0 0.938983 0.728041 0.00622635 0.0213483 821
0 0.69487 0.794799 0.00831571 0.0432554 882
