0 0.453073 0.834035 0.0128576 0.0672603 1
0 0.231165 0.87159 0.0173587 0.0515482 2
0 0.480356 0.827966 0.0127851 0.060996 3
0 0.953521 0.848805 0.022321 0.042911 4
0 0.871342 0.762429 0.00926962 0.0401999 5
0 0.69821 0.795037 0.0093019 0.0444155 6
0 0.775868 0.777413 0.00750427 0.0493757 11
0 0.829284 0.834006 0.0179382 0.0320746 12
0 0.520376 0.777649 0.00971518 0.0259117 13
0 0.791556 0.777455 0.014878 0.0452302 15
0 0.854689 0.831499 0.0202662 0.0350344 16
0 0.883658 0.980203 0.0455414 0.0383446 20
0 0.422322 0.90935 0.0192254 0.0514759 21
0 0.71719 0.830695 0.0134449 0.0317966 23
0 0.00959012 0.744982 0.0106303 0.0207324 25
37 0.198752 0.915473 0.0458616 0.0330541 34
0 0.787107 0.776621 0.00735173 0.0462006 8
0 0.820593 0.771595 0.00845919 0.0431291 61
0 0.979195 0.738993 0.0083168 0.0463816 91
0 0.843397 0.764733 0.00794163 0.0445589 102
0 0.970595 0.737618 0.0103651 0.0383199 17
0 0.811787 0.770299 0.00778351 0.0426433 123
0 0.933631 0.729282 0.00762014 0.0233367 127
0 0.853773 0.764591 0.00867291 0.0424254 10
0 0.354399 0.989056 0.0146026 0.0218779 146
0 0.765147 0.695508 0.00531292 0.0124374 149
0 0.948688 0.744509 0.0105664 0.0442573 7
0 0.678172 0.791365 0.00975199 0.0347764 116
0 0.906905 0.743586 0.00892439 0.0237666 170
0 0.391007 0.817508 0.0178259 0.0565455 141
