0 0.45288 0.833738 0.0122259 0.0676384 1
0 0.292804 0.861617 0.0112401 0.0573229 2
0 0.483679 0.827753 0.0161107 0.0555211 3
0 0.953415 0.848308 0.0222617 0.0419729 4
0 0.880455 0.759308 0.00832376 0.0414469 5
0 0.698102 0.794663 0.00976677 0.0534255 6
0 0.971351 0.737421 0.00841093 0.0394744 7
0 0.788184 0.776993 0.0104419 0.0475137 8
0 0.52273 0.779796 0.0088562 0.0212646 9
0 0.843088 0.766191 0.00882521 0.0476974 10
0 0.770911 0.780504 0.00956898 0.0471831 11
0 0.8308 0.834604 0.0156636 0.032817 12
0 0.536047 0.776531 0.00842438 0.0269177 13
0 0.68422 0.794977 0.0108594 0.0431416 14
0 0.796525 0.775988 0.00882812 0.049083 15
0 0.856456 0.827717 0.0124974 0.0358859 16
0 0.944845 0.746126 0.0107871 0.0428538 17
0 0.896109 0.738572 0.00721588 0.031375 18
0 0.89396 0.975972 0.0657715 0.0465134 20
0 0.423549 0.913594 0.0187021 0.0437231 21
0 0.470134 0.798476 0.00829406 0.0326458 22
0 0.718616 0.830382 0.0138 0.0315735 23
0 0.00978333 0.750415 0.00706745 0.0190738 25
37 0.198131 0.916196 0.0464542 0.0317141 34
