0 0.452976 0.834312 0.0130821 0.0666907 1
0 0.831187 0.835088 0.0169936 0.0325431 12
0 0.854857 0.832592 0.0173436 0.0294885 16
0 0.717899 0.830422 0.0133907 0.0310903 23
0 0.843192 0.763914 0.00821066 0.039558 495
0 0.115992 0.982843 0.0360726 0.027937 538
0 0.796542 0.775864 0.00869784 0.0510373 953
0 0.4756 0.857614 0.0192366 0.0233299 3
0 0.731419 0.785477 0.00964637 0.0498679 1102
0 0.580855 0.811306 0.0134436 0.0600831 762
0 0.539711 0.82177 0.0126576 0.0477445 1167
0 0.894123 0.975838 0.0650827 0.0445416 1267
37 0.198306 0.91635 0.0446584 0.0306156 34
0 0.719689 0.787229 0.0108769 0.0490452 1140
0 0.971684 0.763296 0.0136506 0.0256571 1353
0 0.906451 0.973451 0.0400335 0.0397092 1364
0 0.689444 0.795847 0.0110543 0.046538 1391
0 0.647445 0.802828 0.0108369 0.0494666 1307
0 0.884246 0.980977 0.0457202 0.0350764 1411
0 0.39646 0.845047 0.0111995 0.0572227 1431
0 0.957086 0.848036 0.0152958 0.0361595 4
0 0.484239 0.857574 0.0370142 0.0238446 1405
37 0.0221591 0.938915 0.0443182 0.0299889 1123
0 0.701459 0.795216 0.0114112 0.0502464 1465
0 0.321322 0.901238 0.0195141 0.0796146 1473
0 0.554841 0.816794 0.00931325 0.0459891 6
0 0.39098 0.817665 0.0181143 0.0563041 1324
0 0.930428 0.747047 0.00966082 0.0523698 1376
0 0.988785 0.732985 0.00657625 0.0288933 1490
0 0.664085 0.806459 0.00825825 0.0337747 1495
0 0.944586 0.850629 0.0162712 0.0386588 1472
0 0.860939 0.696075 0.00748253 0.0216608 1501
