0 0.453581 0.833618 0.0118072 0.0668849 1
0 0.11294 0.891626 0.0124605 0.062621 2
0 0.479556 0.831521 0.0130947 0.0621392 3
0 0.953651 0.849024 0.0220677 0.0388713 4
0 0.697563 0.793925 0.00888257 0.0431814 6
0 0.760215 0.780288 0.00675406 0.0469481 11
0 0.830175 0.834647 0.0171603 0.0337121 12
0 0.855471 0.831602 0.01615 0.0332028 16
0 0.895996 0.975691 0.0669693 0.0456177 20
0 0.718206 0.830503 0.0129178 0.0311155 23
0 0.355038 0.989086 0.0142977 0.0218192 146
0 0.690857 0.796688 0.00772953 0.0402653 116
0 0.79601 0.775138 0.00859871 0.0491873 123
0 0.115042 0.983525 0.0300498 0.0265818 212
0 0.430196 0.89425 0.0206065 0.0796158 21
0 0.943572 0.748073 0.00920801 0.0486004 232
0 0.514376 0.808541 0.00900664 0.0407004 260
0 0.842917 0.766831 0.00967398 0.0461778 228
0 0.907064 0.753664 0.0105193 0.0493621 7
0 0.494547 0.783066 0.00744629 0.0293921 309
37 0.0220929 0.938659 0.0441553 0.0299526 311
0 0.790049 0.699471 0.00613847 0.0204506 245
0 0.990752 0.737626 0.00748005 0.0335788 300
0 0.873081 0.761026 0.00778656 0.0387239 336
0 0.974558 0.762197 0.0183825 0.0280581 338
37 0.198534 0.915949 0.0468857 0.0316978 34
0 0.855887 0.771933 0.00610209 0.0298481 327
0 0.00528973 0.7502 0.00972286 0.018317 347
0 0.791429 0.778673 0.00929675 0.0440595 15
