0 0.451752 0.833833 0.0125737 0.0673134 1
0 0.953614 0.850072 0.0224589 0.04149 4
0 0.830783 0.834418 0.0175633 0.0333136 12
0 0.855804 0.829445 0.0144353 0.0329448 16
0 0.718698 0.830307 0.0141145 0.0317016 23
0 0.431477 0.914466 0.0284398 0.0363529 21
0 0.524653 0.820084 0.0115151 0.0522951 260
8 0.197422 0.915137 0.0449845 0.0325542 34
0 0.842139 0.765931 0.00884123 0.0454549 495
0 0.116066 0.982915 0.0361996 0.0273453 538
0 0.690918 0.794336 0.0107116 0.0460847 572
0 0.592042 0.81259 0.0111354 0.0472767 6
0 0.939688 0.726427 0.00688581 0.0175507 821
0 0.79668 0.774405 0.00780911 0.0480504 953
0 0.974515 0.762025 0.0174107 0.0275827 649
0 0.677069 0.815122 0.0171972 0.0182093 971
0 0.475537 0.854514 0.0158206 0.0294256 3
0 0.746316 0.781252 0.00882621 0.0472554 1102
0 0.355384 0.989187 0.0138757 0.0216255 1114
37 0.0221098 0.9381 0.0441798 0.0295191 1123
0 0.726508 0.78877 0.00960917 0.0441994 1140
0 0.717805 0.785997 0.0112732 0.0523102 762
0 0.00588178 0.979365 0.0116904 0.0180425 1150
0 0.00933264 0.746413 0.00897439 0.0172684 1151
0 0.3897 0.775159 0.00637519 0.0150703 1152
0 0.699629 0.792367 0.00791526 0.0479604 277
0 0.284537 0.720099 0.0070626 0.0134343 1159
