0 0.456103 0.83369 0.0133391 0.0680168 1
0 0.474527 0.834941 0.0155106 0.0661942 3
0 0.953539 0.849434 0.0220276 0.041134 4
0 0.697678 0.792469 0.00867105 0.0480679 6
0 0.755724 0.781534 0.0073513 0.0471475 11
0 0.830606 0.834628 0.0172479 0.0335495 12
0 0.856331 0.830155 0.0153018 0.0329807 16
0 0.894608 0.976261 0.0657598 0.0455334 20
0 0.718598 0.830686 0.0142433 0.0304233 23
0 0.355069 0.988936 0.0146198 0.0221274 146
0 0.79378 0.775165 0.0109103 0.0489783 123
0 0.433667 0.91332 0.0238981 0.0390348 21
0 0.52062 0.809165 0.0118722 0.0382294 260
0 0.842949 0.767439 0.00840693 0.0465051 228
37 0.198955 0.915852 0.0464021 0.0327015 34
0 0.765828 0.781307 0.00907521 0.0451486 15
0 0.74418 0.784253 0.00878983 0.0471074 277
0 0.906317 0.9731 0.0442314 0.0399644 367
0 0.329514 0.754246 0.00845161 0.0159468 411
0 0.818111 0.772922 0.00868683 0.0454433 417
0 0.47537 0.779758 0.00882063 0.0231828 309
0 0.867633 0.761365 0.0102883 0.0492731 7
0 0.0187667 0.902828 0.0114665 0.0475369 2
0 0.0694663 0.743012 0.00952843 0.0282186 451
0 0.450769 0.781183 0.00771828 0.0182636 459
37 0.0220395 0.938887 0.0440791 0.0275721 311
0 0.996031 0.809858 0.00751114 0.0239259 466
0 0.278969 0.728624 0.00630064 0.0159463 475
0 0.010504 0.751653 0.00836504 0.0173421 347
0 0.926449 0.752743 0.00889521 0.0417363 492
0 0.836409 0.774766 0.0064189 0.0292208 493
0 0.902269 0.753926 0.0077589 0.0457998 495
0 0.702359 0.7931 0.00757155 0.0448207 500
