0 0.452957 0.834016 0.0126504 0.0675527 1
0 0.192985 0.875039 0.0131732 0.0536931 2
0 0.480948 0.830786 0.0132492 0.0631851 3
0 0.953532 0.849211 0.0224121 0.0419666 4
0 0.86252 0.76128 0.00804882 0.0379495 5
0 0.698182 0.793028 0.00937033 0.051697 6
0 0.776334 0.779099 0.0106671 0.0471339 11
0 0.830384 0.834442 0.0181498 0.033099 12
0 0.512292 0.779034 0.00887303 0.0239265 13
0 0.855768 0.830816 0.0157754 0.0330403 16
0 0.883508 0.980298 0.0450236 0.0373379 20
0 0.423724 0.914999 0.0211788 0.0411744 21
0 0.717232 0.830321 0.0147751 0.0313654 23
0 0.0085562 0.748933 0.00809306 0.0177504 25
37 0.199215 0.916151 0.0457595 0.0312124 34
0 0.842834 0.765295 0.0106054 0.0451717 102
0 0.984724 0.736559 0.0116028 0.0452067 17
0 0.35494 0.989207 0.014863 0.0215708 146
0 0.937288 0.745748 0.0100724 0.0466306 7
0 0.679343 0.792441 0.00857406 0.038436 116
0 0.909385 0.74348 0.00847387 0.0234904 170
0 0.809873 0.774724 0.0089015 0.0427088 123
0 0.764858 0.69767 0.00695434 0.0177293 149
0 0.788 0.776854 0.0110696 0.0478409 15
0 0.115145 0.983721 0.0312278 0.0214623 212
0 0.828941 0.769626 0.00866394 0.0408659 228
0 0.391207 0.813132 0.0176558 0.047018 141
0 0.965777 0.742515 0.00928726 0.0475798 232
0 0.783453 0.69869 0.00667348 0.0202747 245
