0 0.452012 0.834193 0.0122809 0.0667037 1
0 0.953615 0.849669 0.0226819 0.0409691 4
0 0.830821 0.834697 0.0175344 0.0333477 12
0 0.855748 0.829583 0.0144874 0.0334359 16
0 0.718712 0.830386 0.0139213 0.0314863 23
0 0.43144 0.914508 0.0285756 0.0367817 21
0 0.520848 0.821754 0.0143686 0.0517266 260
37 0.197522 0.915611 0.0448953 0.0317503 34
0 0.842544 0.766245 0.00895729 0.0456324 495
0 0.115874 0.982923 0.0357929 0.0273691 538
0 0.69115 0.795497 0.0094811 0.0449254 572
0 0.587606 0.813217 0.0100109 0.049383 6
0 0.939322 0.727629 0.00723124 0.0177275 821
0 0.796563 0.774534 0.00772123 0.0475576 953
0 0.971797 0.761315 0.0120007 0.0263701 649
0 0.675461 0.815116 0.0142248 0.0188039 971
0 0.475053 0.856299 0.0171247 0.0260852 3
0 0.746421 0.781565 0.00851045 0.0478558 1102
0 0.35536 0.989198 0.0139632 0.0216045 1114
37 0.0222277 0.938569 0.0444159 0.0287478 1123
0 0.725539 0.787535 0.00838904 0.0461143 1140
0 0.713277 0.787413 0.0113276 0.0518183 762
0 0.00580136 0.979817 0.0115362 0.0181793 1150
0 0.010374 0.747507 0.00964901 0.0180397 1151
0 0.386183 0.775773 0.00886705 0.0159254 1152
0 0.701 0.792498 0.00957165 0.0467184 277
0 0.284932 0.719837 0.00716062 0.0148337 1159
0 0.683333 0.790913 0.00969281 0.0504278 1167
37 0.0705812 0.74927 0.0139134 0.0133092 1175
