0 0.45247 0.834646 0.0115863 0.0652512 1
0 0.830846 0.835077 0.0178615 0.032717 12
0 0.856157 0.832636 0.0154531 0.0301875 16
0 0.718091 0.830252 0.0140206 0.031336 23
0 0.843056 0.766512 0.00840921 0.0471686 495
0 0.114721 0.982804 0.0333122 0.0278043 538
0 0.796661 0.775082 0.00872846 0.0503505 953
0 0.47537 0.857522 0.0187805 0.0228683 3
0 0.723621 0.785543 0.00738831 0.0500678 1102
0 0.593704 0.807339 0.0110207 0.0563811 762
0 0.554564 0.815519 0.0117287 0.0574108 1167
0 0.893868 0.9758 0.064844 0.0445449 1267
37 0.197968 0.916531 0.0453263 0.029946 34
0 0.711647 0.789759 0.00774102 0.0477178 1140
0 0.971759 0.762998 0.0129568 0.0266763 1353
0 0.906428 0.973286 0.0399307 0.0394766 1364
0 0.689016 0.795324 0.0101654 0.0465864 1391
0 0.655366 0.800746 0.00808296 0.0460627 1307
0 0.883736 0.980924 0.0448869 0.0358443 1411
0 0.411008 0.839731 0.0117361 0.0635553 1431
0 0.957241 0.847804 0.0149427 0.0356244 4
0 0.934435 0.752551 0.00860414 0.0381686 1376
0 0.484025 0.857707 0.0367172 0.023297 1405
37 0.0221856 0.938682 0.0443292 0.0303636 1123
0 0.701224 0.79586 0.0106753 0.0499333 1465
0 0.391341 0.832814 0.0175367 0.0851407 1324
0 0.950519 0.84959 0.0285305 0.0390885 1472
0 0.346963 0.89702 0.0134429 0.0746852 1473
