0 0.452397 0.834399 0.0121461 0.0664496 1
0 0.957092 0.848291 0.0158368 0.0356414 4
0 0.831335 0.835247 0.0189894 0.0329756 12
0 0.856751 0.830193 0.013743 0.0335729 16
0 0.718184 0.830508 0.0135859 0.0310263 23
0 0.443407 0.890496 0.016761 0.0831759 21
0 0.473435 0.824568 0.0116246 0.0497527 260
0 0.842269 0.767234 0.00849848 0.045008 495
0 0.114331 0.98334 0.0332117 0.0274484 538
0 0.554722 0.819054 0.0120124 0.0498892 6
0 0.796408 0.775629 0.00820303 0.0485785 953
0 0.475921 0.857261 0.0182566 0.0237187 3
0 0.733602 0.784669 0.00984068 0.0506026 1102
0 0.355022 0.98918 0.014851 0.0216404 1114
37 0.0220773 0.939022 0.0441204 0.0310037 1123
0 0.659158 0.795869 0.0105036 0.0575597 762
0 0.00600854 0.977767 0.0118942 0.0217616 1150
0 0.0181772 0.752296 0.0104489 0.0210526 1151
0 0.617582 0.804572 0.0123718 0.0543663 1167
0 0.894024 0.975473 0.0656802 0.0468062 1267
0 0.0642446 0.738103 0.00590974 0.0210859 1279
0 0.689106 0.795243 0.00963802 0.0437059 1307
37 0.198262 0.916057 0.045097 0.0316438 34
0 0.702552 0.792334 0.0115906 0.0476095 1140
0 0.974887 0.76216 0.017225 0.0276281 1353
0 0.93496 0.726076 0.00687799 0.0211177 821
0 0.675293 0.815751 0.015504 0.0185911 1359
0 0.319051 0.711392 0.00630419 0.0152022 1341
0 0.907157 0.972621 0.0449102 0.0414061 1364
