0 0.452915 0.83392 0.0127694 0.0673598 1
0 0.164965 0.883178 0.00949924 0.0583127 2
0 0.481078 0.832132 0.01378 0.0642659 3
0 0.953662 0.849518 0.0221167 0.0411598 4
0 0.85489 0.762772 0.00732746 0.0377023 5
0 0.697162 0.794 0.0088841 0.046907 6
0 0.772729 0.778081 0.00851688 0.0499557 11
0 0.830287 0.83437 0.0178533 0.0327307 12
0 0.855368 0.83139 0.0169936 0.0340654 16
0 0.88353 0.979242 0.0453622 0.0388145 20
0 0.717337 0.830446 0.0153303 0.0311417 23
0 0.00628242 0.75069 0.00999399 0.0177311 25
8 0.198442 0.91536 0.0466248 0.0320228 34
0 0.843852 0.765604 0.0107928 0.0441858 102
0 0.989981 0.736296 0.00899153 0.0464216 17
0 0.354865 0.989151 0.0150818 0.0216642 146
0 0.927675 0.749951 0.00959911 0.0464703 7
0 0.681995 0.794114 0.00996852 0.0413707 116
0 0.804391 0.775467 0.00850401 0.0425401 123
0 0.766229 0.69771 0.00619645 0.0164452 149
0 0.7892 0.776503 0.0106113 0.0480479 15
0 0.115481 0.984295 0.0307351 0.0222393 212
0 0.787082 0.698316 0.00775089 0.0175543 245
0 0.503148 0.806895 0.00963302 0.0390882 260
0 0.423831 0.906342 0.0192615 0.0567167 21
0 0.959523 0.744154 0.0091301 0.0477985 232
0 0.764036 0.781156 0.00844212 0.0475562 277
0 0.917054 0.742006 0.0101009 0.0252989 170
