0 0.453237 0.833824 0.0123222 0.0676597 1
0 0.465053 0.836975 0.0127537 0.0645348 3
0 0.953535 0.849283 0.0219497 0.0411163 4
0 0.694425 0.793437 0.00977149 0.0455594 6
0 0.830738 0.834499 0.0174877 0.0340828 12
0 0.856166 0.830453 0.0162119 0.0330142 16
0 0.892657 0.976163 0.0616887 0.0454388 20
0 0.718621 0.82968 0.0145713 0.0325951 23
0 0.354362 0.989343 0.0153899 0.0212229 146
0 0.795271 0.775568 0.0112971 0.0489306 123
0 0.434814 0.913666 0.021435 0.0374892 21
0 0.531056 0.81477 0.0102049 0.0403869 260
0 0.842719 0.765892 0.00796852 0.0438034 228
37 0.198293 0.915588 0.0460864 0.0317842 34
0 0.744489 0.784918 0.00792818 0.0475837 277
0 0.903434 0.973014 0.0389172 0.0391998 367
0 0.336211 0.757275 0.00892735 0.0213311 411
0 0.460474 0.781137 0.00740685 0.0222579 309
0 0.850025 0.763394 0.00925283 0.0457911 7
0 0.0712258 0.742019 0.00686008 0.0272238 451
0 0.276507 0.728391 0.0065685 0.0162336 475
0 0.954286 0.747464 0.00846596 0.0438576 492
0 0.825888 0.777676 0.00575714 0.0300729 493
0 0.88385 0.759244 0.0100865 0.049864 495
0 0.705886 0.791028 0.00975556 0.0477848 500
0 0.957197 0.847967 0.0151205 0.0380358 513
0 0.9721 0.762512 0.0131512 0.0276466 338
0 0.966011 0.739534 0.00713644 0.0352687 447
0 0.00790096 0.749275 0.0097674 0.0186417 523
0 0.75477 0.782095 0.00849771 0.0493411 11
0 0.808686 0.774374 0.00889626 0.0438453 417
37 0.0222211 0.938459 0.0442308 0.0287342 311
0 0.118775 0.983392 0.0374327 0.0245535 538
