0 0.453094 0.833472 0.012497 0.0682777 1
0 0.466316 0.851399 0.0180486 0.0397068 3
0 0.953756 0.848803 0.0219216 0.0397658 4
0 0.695686 0.792918 0.0106892 0.04818 6
0 0.830696 0.834653 0.017664 0.0335855 12
0 0.854222 0.831991 0.0189352 0.0351137 16
0 0.891426 0.976127 0.0598357 0.0459494 20
0 0.718112 0.830018 0.0136765 0.0325957 23
0 0.796877 0.775379 0.00804038 0.0494174 123
0 0.433376 0.914861 0.0249767 0.0371313 21
0 0.540112 0.818177 0.0108022 0.0519072 260
37 0.198096 0.915944 0.0459654 0.0318607 34
0 0.739658 0.787327 0.00893917 0.0426759 277
0 0.903854 0.973092 0.0356785 0.0399414 367
0 0.843133 0.765399 0.00820141 0.0463097 7
0 0.0715476 0.739718 0.00742078 0.0242648 451
0 0.870416 0.761389 0.0109166 0.0499636 495
0 0.706981 0.790733 0.0094439 0.0490717 500
0 0.010357 0.745692 0.00765928 0.0180591 523
0 0.755841 0.781594 0.00762668 0.0489972 11
0 0.803011 0.775985 0.00850072 0.0446284 417
0 0.114562 0.981081 0.0298666 0.0238807 538
0 0.818045 0.78057 0.00741377 0.0314657 493
0 0.97589 0.738986 0.0109809 0.0386411 447
0 0.319588 0.708661 0.00617692 0.0178563 570
0 0.746078 0.783367 0.00831456 0.0461049 572
0 0.836758 0.766828 0.00954762 0.0483298 228
0 0.788882 0.698233 0.00692778 0.0146549 581
0 0.342773 0.754985 0.00748036 0.0198447 411
