0 0.452018 0.833961 0.0124116 0.0671772 1
0 0.953699 0.849548 0.0224815 0.0407216 4
0 0.83086 0.834753 0.0176508 0.033452 12
0 0.856056 0.82963 0.0142517 0.0329697 16
0 0.718631 0.830253 0.013949 0.0317989 23
0 0.431576 0.914194 0.0282184 0.0372135 21
0 0.518978 0.823651 0.0136167 0.0528769 260
37 0.197686 0.915978 0.0450689 0.0317465 34
0 0.842505 0.766182 0.00869598 0.0448238 495
0 0.115762 0.982891 0.0356282 0.0273156 538
0 0.690812 0.795701 0.0097724 0.044327 572
0 0.585245 0.812984 0.0104526 0.0481217 6
0 0.939223 0.728221 0.00716286 0.0181903 821
0 0.7966 0.774871 0.00752668 0.0469433 953
0 0.971965 0.761625 0.01248 0.0269789 649
0 0.474988 0.856678 0.0172109 0.0256235 3
0 0.746603 0.781631 0.00886836 0.0483552 1102
0 0.355352 0.989192 0.0139766 0.0216078 1114
37 0.0221654 0.938248 0.0442696 0.0292049 1123
0 0.724438 0.787954 0.00865979 0.0463517 1140
0 0.710214 0.786362 0.00905333 0.0502505 762
0 0.00573563 0.979421 0.0113911 0.0187404 1150
0 0.0107815 0.748359 0.00882437 0.0187338 1151
0 0.384991 0.775344 0.0061538 0.016015 1152
0 0.700728 0.793402 0.00797653 0.0446091 277
0 0.285455 0.719142 0.00662386 0.0148239 1159
0 0.679983 0.788013 0.00921145 0.0445534 1167
8 0.0699969 0.748721 0.0132116 0.014639 1175
