0 0.452345 0.833203 0.0117864 0.0676004 1
0 0.953747 0.85004 0.0227998 0.042883 4
0 0.830558 0.834617 0.0174387 0.0334095 12
0 0.856388 0.830509 0.0136311 0.0322368 16
0 0.890348 0.975698 0.0578113 0.0455733 20
0 0.718255 0.830471 0.0146297 0.0316444 23
0 0.434359 0.914154 0.022379 0.0369439 21
0 0.554652 0.815187 0.0113598 0.0533986 260
37 0.199358 0.916403 0.0465566 0.0305079 34
0 0.702543 0.79194 0.0103513 0.0461642 277
0 0.84315 0.763356 0.00694294 0.0392134 495
0 0.114712 0.981508 0.032478 0.0293454 538
0 0.736707 0.7857 0.00917182 0.0472829 572
0 0.775979 0.776783 0.0103208 0.0510356 762
0 0.640725 0.80448 0.0115784 0.0498498 6
0 0.93995 0.727864 0.00733061 0.0207384 821
0 0.692466 0.796525 0.00972376 0.0459584 882
0 0.796866 0.775754 0.0128056 0.0503164 953
0 0.0579901 0.740738 0.00479397 0.0186651 955
0 0.974699 0.763021 0.0196372 0.0266805 649
0 0.67622 0.815414 0.0156043 0.0176856 971
0 0.00490001 0.752141 0.00949708 0.0176926 523
0 0.474913 0.856046 0.0297585 0.0287804 3
0 0.747646 0.782725 0.0109048 0.0501438 228
