0 0.452455 0.834561 0.012254 0.066277 1
0 0.953713 0.849768 0.0218885 0.0426111 4
0 0.830773 0.834678 0.0174957 0.0335555 12
0 0.856775 0.829287 0.0138223 0.0340945 16
0 0.883354 0.984741 0.0435339 0.029386 20
0 0.718232 0.830871 0.0132725 0.0303173 23
0 0.433761 0.914253 0.0245404 0.03748 21
0 0.534833 0.819268 0.013401 0.0548707 260
37 0.198036 0.915936 0.0455425 0.0309992 34
0 0.842515 0.766378 0.00877876 0.0445247 495
0 0.114603 0.982513 0.0319789 0.0271625 538
0 0.702757 0.788661 0.0110064 0.052145 572
0 0.732739 0.783552 0.00988898 0.0511147 762
0 0.603185 0.809307 0.0102104 0.0487388 6
0 0.939766 0.728545 0.00691013 0.0209023 821
0 0.692787 0.794879 0.0103827 0.0485366 882
0 0.797074 0.775782 0.00718055 0.0478731 953
0 0.972563 0.762351 0.0148455 0.0269864 649
0 0.676517 0.815258 0.0166707 0.0189519 971
0 0.00827396 0.74751 0.00772946 0.015991 523
0 0.475818 0.854032 0.0159881 0.030085 3
0 0.723258 0.788184 0.0082931 0.0431474 1033
0 0.0613705 0.738203 0.00512622 0.0215171 955
0 0.746735 0.782622 0.0077086 0.0473181 1102
0 0.313222 0.709635 0.00587392 0.0157695 1103
0 0.354439 0.98918 0.0150313 0.0216277 1114
0 0.270999 0.732733 0.00676124 0.0162243 1117
0 0.288028 0.726458 0.00526006 0.0186822 1121
37 0.0222099 0.938333 0.0443991 0.0292639 1123
