0 0.453758 0.831521 0.0121858 0.0632998 1
0 0.306989 0.860287 0.0100947 0.0565691 2
0 0.48631 0.827318 0.0118978 0.0575033 3
0 0.953402 0.84843 0.0222544 0.0421934 4
0 0.883303 0.761126 0.00829344 0.0445226 5
0 0.69729 0.793973 0.00877252 0.0481742 6
0 0.976714 0.739002 0.00800371 0.0442769 7
0 0.785956 0.777726 0.00757031 0.0461902 8
0 0.526367 0.779619 0.00907626 0.0223882 9
0 0.843493 0.767967 0.00974722 0.0461631 10
0 0.768757 0.774535 0.00887279 0.0311067 11
0 0.830938 0.834227 0.0153441 0.0335197 12
0 0.53913 0.776904 0.00871248 0.0274516 13
0 0.684706 0.795641 0.0106571 0.0461972 14
0 0.794784 0.776764 0.00896177 0.0456967 15
0 0.856325 0.82798 0.0129186 0.0355041 16
0 0.937735 0.750441 0.009583 0.0471086 17
0 0.893109 0.739791 0.00660028 0.0317098 18
0 0.893772 0.975932 0.0654375 0.0464809 20
0 0.423945 0.914727 0.0189495 0.0424622 21
0 0.463938 0.798819 0.00839624 0.0319667 22
0 0.718367 0.830124 0.0134532 0.0318986 23
0 0.420402 0.9145 0.0124524 0.0414385 24
0 0.00915627 0.751319 0.0103025 0.0181082 25
0 0.30891 0.741159 0.00681448 0.0135938 26
