0 0.45299 0.833621 0.01267 0.0683495 1
0 0.473625 0.852409 0.0212688 0.0354614 3
0 0.953454 0.849978 0.0222806 0.0424205 4
0 0.695481 0.793532 0.00891972 0.0423316 6
0 0.830611 0.834954 0.0177009 0.0331673 12
0 0.856116 0.831825 0.0149961 0.0322907 16
0 0.892892 0.975986 0.0642151 0.0462684 20
0 0.717946 0.830445 0.0138904 0.0313105 23
0 0.433845 0.914251 0.0245561 0.0377224 21
0 0.556818 0.814059 0.0120953 0.0480839 260
8 0.198653 0.916029 0.0448465 0.0308807 34
0 0.70435 0.794267 0.00977078 0.0418736 277
0 0.904606 0.972602 0.0404412 0.0398776 367
0 0.843443 0.765857 0.00747995 0.0477503 495
0 0.00455433 0.751834 0.00902951 0.0186529 523
0 0.75613 0.781782 0.00700879 0.0483162 11
0 0.115289 0.981726 0.0308804 0.0239366 538
0 0.73726 0.785501 0.00888677 0.0477681 572
0 0.813745 0.770815 0.0107752 0.0488748 228
0 0.974623 0.763956 0.0188565 0.0254991 649
0 0.79744 0.775505 0.00917029 0.0480665 417
0 0.78101 0.778815 0.00790134 0.0444132 683
0 0.318575 0.713253 0.00549207 0.0161127 570
37 0.0221779 0.938314 0.0443058 0.0286148 311
0 0.0660338 0.744613 0.0070209 0.0274726 733
0 0.4244 0.780613 0.00846782 0.0192523 758
0 0.83027 0.767701 0.00940533 0.0535133 762
0 0.796736 0.697384 0.00539432 0.0146162 795
