0 0.45355 0.835215 0.0107017 0.0633796 1
0 0.831331 0.834688 0.0167623 0.0328924 12
0 0.853542 0.835059 0.0214409 0.0265955 16
0 0.71857 0.830499 0.0134083 0.030901 23
0 0.842979 0.765897 0.0083971 0.0456888 495
0 0.114442 0.982683 0.0319722 0.0251382 538
0 0.796693 0.775623 0.00834789 0.0472248 953
0 0.509022 0.820656 0.0133018 0.0605264 762
0 0.465003 0.830917 0.0118621 0.0567173 1167
0 0.734115 0.785875 0.00930467 0.0453253 1140
0 0.902642 0.97275 0.0336039 0.038949 1364
0 0.688924 0.795238 0.0109343 0.0426196 1391
0 0.605644 0.810675 0.00886841 0.0502263 1307
0 0.883743 0.980079 0.0459477 0.0384358 1411
0 0.956426 0.849043 0.0162397 0.037142 4
37 0.0222158 0.938457 0.0442749 0.028438 1123
0 0.700443 0.795072 0.0103731 0.0413518 1465
0 0.178767 0.905924 0.0126586 0.0743906 1503
0 0.350989 0.847755 0.0136595 0.0640459 1431
0 0.354576 0.989358 0.0149908 0.0212843 1531
0 0.55542 0.818384 0.0102014 0.0491267 6
0 0.618364 0.815095 0.00816884 0.0373362 1495
0 0.743092 0.782839 0.00808153 0.0489297 1102
0 0.391245 0.818428 0.01733 0.0574042 1324
0 0.889915 0.975948 0.0584983 0.0458915 1267
0 0.928747 0.732402 0.00736542 0.0134576 1618
0 0.475139 0.854833 0.0166177 0.0282859 3
0 0.915889 0.754516 0.00716276 0.0422721 1376
0 0.127362 0.743921 0.00762078 0.0350632 1630
0 0.948532 0.736643 0.00570364 0.0161871 1609
