0 0.45213 0.834309 0.0111016 0.0660539 1
0 0.956985 0.848631 0.0158842 0.036169 4
0 0.831248 0.835259 0.0188636 0.0328719 12
0 0.856671 0.830201 0.0137704 0.0332486 16
0 0.718386 0.83013 0.014034 0.0318236 23
0 0.441312 0.893752 0.0168886 0.0803892 21
0 0.464456 0.82853 0.0135983 0.0578484 260
0 0.842951 0.767136 0.00849037 0.0468985 495
0 0.11435 0.983309 0.0331723 0.0274728 538
0 0.554755 0.818909 0.0107393 0.0501157 6
0 0.796336 0.775857 0.00812397 0.0486312 953
0 0.475068 0.857358 0.0196518 0.0234466 3
0 0.72853 0.785333 0.00835052 0.05217 1102
0 0.354979 0.989193 0.0149178 0.0216142 1114
37 0.022111 0.938709 0.044222 0.031431 1123
0 0.648395 0.798357 0.0123979 0.0583481 762
0 0.00573963 0.977625 0.0114593 0.0215802 1150
0 0.0179181 0.753086 0.010998 0.020244 1151
0 0.605207 0.806521 0.0114744 0.0551999 1167
0 0.894311 0.975351 0.0660855 0.046726 1267
0 0.681092 0.789813 0.00817332 0.0344238 1307
37 0.19814 0.916216 0.0451639 0.0308606 34
0 0.701103 0.7938 0.011842 0.0461116 1140
0 0.974006 0.762317 0.0193042 0.0278999 1353
0 0.674951 0.815456 0.0148544 0.019371 1359
0 0.906816 0.972782 0.0434049 0.0417311 1364
0 0.962941 0.748456 0.0074564 0.0349015 1376
0 0.952081 0.849904 0.0253116 0.0387304 1380
0 0.391027 0.815708 0.0181786 0.0533517 1324
0 0.0640386 0.741214 0.0114251 0.0236753 1279
0 0.937266 0.724731 0.00717907 0.0165989 821
0 0.688758 0.795029 0.00931358 0.0472524 1391
