0 0.4552 0.833213 0.0131157 0.0687531 1
0 0.476551 0.834828 0.0156903 0.0670681 3
0 0.953528 0.849478 0.0220735 0.041134 4
0 0.696809 0.791939 0.0109054 0.0483809 6
0 0.755933 0.78157 0.00811286 0.0481033 11
0 0.830582 0.834626 0.0172879 0.0335198 12
0 0.856291 0.830225 0.0153417 0.0327816 16
0 0.894563 0.976247 0.0657568 0.0456664 20
0 0.718537 0.830691 0.014322 0.0303617 23
0 0.355003 0.98898 0.0147244 0.0220401 146
0 0.793572 0.775638 0.0106853 0.0474957 123
0 0.434492 0.909193 0.0251897 0.0467215 21
0 0.517333 0.806004 0.00868158 0.0339305 260
0 0.843339 0.76635 0.00777578 0.04599 228
0 0.97278 0.762745 0.0149807 0.0273781 338
8 0.19858 0.915606 0.0461795 0.0321765 34
0 0.768695 0.779625 0.00889931 0.0441382 15
0 0.74424 0.783867 0.00872231 0.0469796 277
0 0.906309 0.973201 0.0440782 0.0404173 367
0 0.327025 0.751059 0.00865185 0.0128288 411
0 0.822749 0.772276 0.00888157 0.0423387 417
0 0.479166 0.779536 0.00870557 0.0224349 309
0 0.873429 0.758874 0.00881529 0.047829 7
0 0.0323495 0.903895 0.0125068 0.0516213 2
0 0.950207 0.737577 0.00808105 0.0329837 447
0 0.069058 0.742691 0.00758015 0.0285106 451
0 0.453792 0.780425 0.00733876 0.0174714 459
37 0.0221379 0.938186 0.0442055 0.029778 311
0 0.996057 0.809851 0.00746994 0.023882 466
0 0.278929 0.729175 0.00765443 0.0162096 475
0 0.00930631 0.749496 0.00797687 0.0156397 347
