0 0.452121 0.833051 0.0117963 0.0671674 1
0 0.953739 0.850032 0.0227983 0.0428898 4
0 0.830551 0.83464 0.0174254 0.0333657 12
0 0.856395 0.830515 0.0136131 0.0323005 16
0 0.890355 0.975665 0.0577697 0.0454724 20
0 0.718323 0.830404 0.0145125 0.0317673 23
0 0.433856 0.914487 0.0237262 0.0374334 21
0 0.555155 0.816234 0.0120839 0.0545424 260
8 0.198915 0.915817 0.0463486 0.0314224 34
0 0.702576 0.792151 0.0104228 0.0453646 277
0 0.843861 0.763062 0.00751572 0.0391172 495
0 0.114652 0.981522 0.0325197 0.0292286 538
0 0.736734 0.785527 0.00888538 0.0477704 572
0 0.777163 0.776645 0.00947247 0.0515991 762
0 0.641711 0.804071 0.0106755 0.0490952 6
0 0.291594 0.721354 0.00694234 0.0177231 879
0 0.939948 0.727898 0.00729189 0.0207378 821
0 0.692432 0.796679 0.00966501 0.0456854 882
0 0.796949 0.775702 0.0127216 0.0499375 953
0 0.0583631 0.740411 0.0046653 0.0188602 955
0 0.974661 0.762986 0.0193604 0.0269788 649
0 0.676219 0.815337 0.0156035 0.0175923 971
0 0.00505522 0.75231 0.00968129 0.0173414 523
0 0.475493 0.855994 0.0312575 0.0260915 3
