0 0.452776 0.834137 0.0115436 0.0682759 1
0 0.953767 0.850031 0.022852 0.0428941 4
0 0.830515 0.834671 0.0175358 0.0333698 12
0 0.854856 0.832103 0.017719 0.0314049 16
0 0.890454 0.975695 0.0579311 0.045183 20
0 0.718117 0.83053 0.0151056 0.0316455 23
0 0.432032 0.914933 0.0273879 0.0375132 21
0 0.546286 0.815599 0.012094 0.0515642 260
37 0.198946 0.916175 0.0480344 0.0314501 34
0 0.703389 0.791708 0.00959182 0.0470867 277
0 0.842698 0.766214 0.00792971 0.0448682 495
0 0.114645 0.981651 0.0312328 0.0277803 538
0 0.729015 0.78589 0.00997105 0.050022 572
0 0.759307 0.781029 0.0124418 0.0503989 762
0 0.624653 0.809442 0.0120774 0.0519568 6
0 0.940548 0.729185 0.00662861 0.0203965 821
0 0.692507 0.79567 0.00991111 0.0473366 882
0 0.797063 0.774826 0.00793743 0.0466269 953
0 0.0575839 0.735638 0.0050033 0.0147591 955
0 0.973525 0.763134 0.0180801 0.0262481 649
0 0.676343 0.815568 0.0162444 0.0173171 971
0 0.00486276 0.751228 0.00916401 0.0183879 523
0 0.47447 0.854906 0.0169102 0.0283018 3
0 0.273399 0.729449 0.00907242 0.0201012 999
0 0.0641051 0.751611 0.00794287 0.0121349 1030
0 0.745852 0.782981 0.00758543 0.0482984 1031
0 0.73616 0.787305 0.00884128 0.0432085 1033
