0 0.45244 0.834599 0.0123446 0.0651683 1
0 0.953671 0.850858 0.0218781 0.0408465 4
0 0.830837 0.834946 0.01778 0.0331147 12
0 0.854924 0.829751 0.0165526 0.0339157 16
0 0.718537 0.829579 0.0144907 0.032722 23
0 0.434427 0.910803 0.0237605 0.0419757 21
0 0.489602 0.825641 0.0119017 0.0555269 260
0 0.841818 0.76695 0.00848742 0.0454384 495
0 0.114578 0.982406 0.033448 0.0277254 538
0 0.558144 0.818777 0.0120358 0.050975 6
0 0.936965 0.727874 0.00764399 0.02337 821
0 0.796176 0.776223 0.00832448 0.0481555 953
0 0.475515 0.858356 0.0182714 0.0213206 3
0 0.741534 0.782245 0.00862117 0.0497451 1102
0 0.355002 0.989118 0.0151155 0.0217545 1114
37 0.0220982 0.938177 0.0441934 0.0273537 1123
0 0.675594 0.789146 0.0101103 0.0464089 762
0 0.00561199 0.978707 0.0111775 0.0197519 1150
0 0.0168935 0.75146 0.00946284 0.0187703 1151
0 0.638033 0.800754 0.0103192 0.0547465 1167
0 0.315391 0.711607 0.00733614 0.0228825 1103
0 0.890745 0.975556 0.0591274 0.0467681 1267
0 0.0660816 0.734725 0.00665537 0.0191627 1279
0 0.291917 0.724343 0.0102122 0.0156126 1281
0 0.272981 0.728092 0.00634577 0.0155105 1283
0 0.690192 0.79423 0.00795007 0.0457141 1307
37 0.198255 0.915637 0.0453009 0.0316551 34
0 0.70396 0.790627 0.0112915 0.0481487 1033
0 0.701302 0.792342 0.00758681 0.0433039 1265
0 0.695128 0.800973 0.00721188 0.0324467 1316
0 0.972963 0.741424 0.00989542 0.0327202 1233
