0 0.452451 0.833728 0.0121933 0.0676145 1
0 0.953634 0.849976 0.0219573 0.0423353 4
0 0.830769 0.83473 0.0174317 0.0333832 12
0 0.856295 0.830054 0.0143435 0.0329439 16
0 0.883317 0.984976 0.0433039 0.0288148 20
0 0.718262 0.830811 0.013387 0.0307162 23
0 0.433568 0.914182 0.0250435 0.0372787 21
0 0.541119 0.821441 0.0123542 0.0566694 260
37 0.198239 0.91617 0.0453914 0.0301649 34
0 0.7018 0.792937 0.00981512 0.0451154 277
0 0.843119 0.766446 0.00794964 0.0434705 495
0 0.11432 0.98189 0.0312712 0.0267248 538
0 0.714236 0.787922 0.0115474 0.0497407 572
0 0.743223 0.782578 0.0108983 0.0503504 762
0 0.611249 0.808526 0.011212 0.0499503 6
0 0.938539 0.72806 0.00640688 0.0199969 821
0 0.692671 0.795272 0.00993872 0.0479605 882
0 0.796584 0.776074 0.00784693 0.0479898 953
0 0.973023 0.762761 0.0164381 0.0268987 649
0 0.676429 0.815066 0.0165857 0.0192285 971
0 0.00561609 0.750253 0.00973908 0.0197364 523
0 0.475956 0.853694 0.0156166 0.030169 3
0 0.730494 0.786176 0.0103859 0.0450139 1033
0 0.0592483 0.73809 0.00515448 0.0209765 955
