0 0.452787 0.832986 0.0129313 0.0674849 1
0 0.472767 0.854674 0.0181983 0.0314461 3
0 0.95338 0.849666 0.0223126 0.0417057 4
0 0.691611 0.794151 0.0100275 0.0446674 6
0 0.830495 0.834806 0.0176033 0.0335545 12
0 0.855034 0.830669 0.0163842 0.0341834 16
0 0.891133 0.97647 0.0606912 0.0456086 20
0 0.718543 0.8299 0.0143799 0.0319387 23
0 0.434691 0.914203 0.0223059 0.0374417 21
0 0.548936 0.812468 0.0105687 0.0433751 260
37 0.198537 0.915918 0.0456306 0.0313069 34
0 0.721538 0.790014 0.0101232 0.0433237 277
0 0.903369 0.972796 0.0379867 0.0390327 367
0 0.845264 0.765825 0.0110147 0.0485651 495
0 0.703906 0.790447 0.0108541 0.0483722 500
0 0.00819326 0.751463 0.00973061 0.0183401 523
0 0.7557 0.781268 0.00741034 0.049255 11
0 0.115333 0.983307 0.0309949 0.0262472 538
0 0.813345 0.781136 0.00587854 0.0318108 493
0 0.74069 0.784853 0.00837636 0.0456791 572
0 0.822098 0.771117 0.0127305 0.0495965 228
0 0.358906 0.753433 0.00486186 0.0120757 411
0 0.00538812 0.978433 0.0107512 0.0205576 627
0 0.974533 0.763429 0.0186184 0.0249974 649
0 0.522366 0.738546 0.00746665 0.0118419 673
0 0.797646 0.776004 0.00863423 0.047875 417
0 0.790936 0.777566 0.00731592 0.0426195 683
0 0.318705 0.713982 0.00579231 0.0177055 570
37 0.0220865 0.938282 0.0441574 0.0288134 311
0 0.276789 0.7259 0.00412154 0.0167051 694
