0 0.453937 0.835356 0.0115007 0.0640778 1
0 0.831217 0.834737 0.0169113 0.0328948 12
0 0.853408 0.83513 0.0212091 0.0263189 16
0 0.718471 0.830417 0.0131894 0.0310807 23
0 0.842922 0.765599 0.0085021 0.045018 495
0 0.114492 0.98276 0.0319272 0.0253162 538
0 0.796744 0.774978 0.00838118 0.0467692 953
0 0.518219 0.819801 0.012244 0.0601659 762
0 0.473554 0.827867 0.009412 0.0558879 1167
37 0.198189 0.916227 0.0455737 0.0309018 34
0 0.733777 0.785945 0.00887694 0.0456297 1140
0 0.902683 0.972852 0.0332376 0.0391129 1364
0 0.688998 0.795311 0.0104331 0.0440138 1391
0 0.610701 0.808339 0.00945406 0.0466959 1307
0 0.883524 0.981947 0.0454975 0.0348717 1411
0 0.956273 0.849525 0.016704 0.0380475 4
37 0.0220788 0.938197 0.0441184 0.0297057 1123
0 0.701143 0.792872 0.0104295 0.0458003 1465
0 0.195739 0.903017 0.0135673 0.0738619 1503
0 0.351794 0.84817 0.0148774 0.0620159 1431
0 0.355162 0.989356 0.0138274 0.0212708 1531
0 0.555341 0.818452 0.0100826 0.0489521 6
0 0.624294 0.815845 0.00804329 0.03919 1495
0 0.743194 0.783497 0.0074378 0.0488477 1102
0 0.915804 0.750976 0.00635614 0.0360664 1376
0 0.952385 0.736144 0.00596447 0.0174095 1609
0 0.391248 0.817379 0.0170677 0.0537265 1324
0 0.889857 0.976141 0.0582566 0.0454595 1267
0 0.928968 0.728193 0.0060936 0.0255936 1618
