0 0.451886 0.834119 0.01259 0.0669234 1
0 0.953718 0.849916 0.0225419 0.0412281 4
0 0.830845 0.834732 0.0176353 0.0334512 12
0 0.856206 0.829475 0.0138467 0.0333301 16
0 0.718424 0.830573 0.0139665 0.0312113 23
0 0.431788 0.914153 0.0278438 0.0368709 21
0 0.513651 0.822206 0.011712 0.0531502 260
37 0.197698 0.916367 0.0450308 0.0310616 34
0 0.842672 0.767071 0.00980339 0.0463894 495
0 0.115673 0.982826 0.0353111 0.0272564 538
0 0.691712 0.794855 0.00865941 0.0462858 572
0 0.579881 0.815399 0.0124179 0.0506615 6
0 0.938788 0.727972 0.00795164 0.0194066 821
0 0.796571 0.774549 0.00768204 0.047511 953
0 0.974621 0.761701 0.0186892 0.0286012 649
0 0.474735 0.856778 0.0176508 0.025077 3
0 0.746346 0.78146 0.0079247 0.0475477 1102
0 0.355352 0.989193 0.0139899 0.0215998 1114
37 0.0221832 0.938026 0.0442774 0.0295909 1123
0 0.722276 0.78818 0.00966845 0.0474645 1140
0 0.70367 0.789693 0.0117595 0.050889 762
0 0.00572086 0.979431 0.0113586 0.0181101 1150
0 0.0117278 0.749817 0.0112097 0.0202826 1151
0 0.381025 0.77564 0.00502543 0.0155731 1152
0 0.673176 0.788851 0.0093473 0.0419524 1167
0 0.840777 0.697335 0.00495615 0.019153 1201
0 0.711083 0.790943 0.00965409 0.0444784 1033
0 0.314767 0.712098 0.00750928 0.0150881 1103
