0 0.453728 0.834099 0.0123729 0.0666412 1
0 0.953515 0.84931 0.0220418 0.0415963 4
0 0.831205 0.834745 0.0184939 0.0334265 12
0 0.856255 0.830497 0.0144553 0.0327689 16
0 0.890302 0.976268 0.0584891 0.0453975 20
0 0.718365 0.830674 0.0146667 0.0301338 23
0 0.434097 0.914256 0.0236078 0.0360184 21
0 0.560621 0.815514 0.0111317 0.0541778 260
37 0.198256 0.915687 0.0460902 0.0316775 34
0 0.702774 0.791438 0.00920281 0.0488705 277
0 0.843048 0.765574 0.00848246 0.0503301 495
0 0.746424 0.783023 0.0080339 0.0490634 11
0 0.11939 0.983772 0.0385404 0.0261015 538
0 0.73659 0.786134 0.00885272 0.047224 572
0 0.766008 0.779822 0.0103693 0.0487159 228
0 0.789724 0.775697 0.0102856 0.0508154 762
0 0.852934 0.830946 0.0222069 0.0343289 865
0 0.656525 0.802552 0.0106446 0.0449549 6
0 0.755789 0.783612 0.0079483 0.0452167 683
0 0.288678 0.722518 0.00694411 0.0165312 879
0 0.941278 0.727716 0.00818233 0.0213253 821
0 0.692363 0.79456 0.0098433 0.0466355 882
37 0.0220415 0.93891 0.0440823 0.0277139 311
0 0.390955 0.817899 0.0179905 0.056997 943
0 0.797095 0.775383 0.00790277 0.050601 953
0 0.956728 0.848852 0.0157649 0.0406207 954
0 0.0603045 0.739332 0.00534313 0.017807 955
0 0.973843 0.762453 0.0200635 0.0288495 649
0 0.477064 0.85779 0.0331943 0.0235135 3
