0 0.452481 0.834186 0.0122365 0.0688997 1
0 0.953764 0.850031 0.0228191 0.0428653 4
0 0.830548 0.834662 0.0174841 0.033385 12
0 0.856371 0.830401 0.0136248 0.0321886 16
0 0.890335 0.975746 0.0578415 0.0456194 20
0 0.718296 0.830364 0.0146428 0.0317542 23
0 0.435248 0.913965 0.0206553 0.0368296 21
0 0.551377 0.816089 0.0117118 0.0539475 260
8 0.199136 0.91644 0.0479844 0.0305362 34
0 0.702425 0.792223 0.00918913 0.0465755 277
0 0.842284 0.765268 0.00854778 0.0449598 495
0 0.114769 0.981082 0.0324606 0.029763 538
0 0.735836 0.785454 0.00768328 0.0479566 572
0 0.768594 0.778773 0.0106207 0.0527017 762
0 0.633384 0.806316 0.010941 0.0453176 6
0 0.940535 0.728745 0.00755806 0.0217322 821
0 0.692671 0.796637 0.00964599 0.0448926 882
0 0.797392 0.775595 0.0110981 0.0496527 953
0 0.0577218 0.738914 0.00490994 0.0216477 955
0 0.973746 0.76346 0.0202929 0.026325 649
16 0.676301 0.815679 0.0159358 0.0176264 971
0 0.0048319 0.751047 0.00937977 0.0184372 523
0 0.475325 0.853811 0.0159308 0.0297033 3
0 0.740566 0.784048 0.00950031 0.050218 228
0 0.273975 0.728448 0.00649524 0.0164294 999
0 0.391071 0.818788 0.0178432 0.058452 943
8 0.407248 0.771483 0.0227401 0.0278566 1014
