0 0.452809 0.833298 0.0129255 0.0676075 1
0 0.473302 0.855261 0.0193736 0.0305667 3
0 0.953359 0.849605 0.0223564 0.0415774 4
0 0.691113 0.79506 0.00661621 0.0423804 6
0 0.830569 0.834853 0.01761 0.0336935 12
0 0.855936 0.832095 0.015494 0.03162 16
0 0.891545 0.97626 0.0613862 0.0460993 20
0 0.718568 0.829925 0.0144127 0.0319507 23
0 0.434735 0.914155 0.0222901 0.0374732 21
0 0.55149 0.81249 0.0115654 0.0455648 260
37 0.198717 0.915456 0.0451376 0.0320633 34
0 0.717568 0.789446 0.00963993 0.0437518 277
0 0.903409 0.972796 0.038099 0.0390675 367
0 0.842366 0.765648 0.0112495 0.0484805 495
0 0.702242 0.790916 0.00974703 0.047767 500
0 0.00748306 0.752396 0.00953603 0.0190485 523
0 0.755743 0.780967 0.00751891 0.048921 11
0 0.115363 0.983268 0.0310611 0.0259847 538
0 0.810698 0.781102 0.00634394 0.0313611 493
0 0.740048 0.784827 0.00840511 0.0461873 572
0 0.822609 0.770523 0.0102518 0.0480058 228
0 0.00539513 0.978449 0.0107312 0.0205812 627
0 0.974524 0.763441 0.0184271 0.0250157 649
0 0.521721 0.738818 0.00674119 0.011303 673
0 0.796442 0.77521 0.00952215 0.0495917 417
0 0.788787 0.777349 0.00666533 0.0432056 683
0 0.318468 0.713746 0.00544662 0.0176324 570
37 0.0221599 0.938153 0.0443123 0.029827 311
0 0.276717 0.726648 0.00586455 0.0148421 694
0 0.69416 0.794934 0.00827098 0.0430871 700
