0 0.45262 0.83446 0.0124955 0.0664062 1
0 0.83132 0.834982 0.0167803 0.0326316 12
0 0.853581 0.834148 0.0203952 0.0283848 16
0 0.718459 0.829348 0.014429 0.0330223 23
0 0.842972 0.764291 0.00842771 0.0413723 495
0 0.114529 0.982872 0.0311942 0.0245133 538
0 0.797265 0.775033 0.00938926 0.0505844 953
0 0.474321 0.856736 0.0203125 0.0241803 3
0 0.736812 0.784694 0.00950747 0.0501572 1102
0 0.563093 0.811522 0.0104557 0.0561652 762
0 0.520661 0.819636 0.013299 0.0552468 1167
0 0.890876 0.976875 0.0598501 0.044056 1267
37 0.198124 0.916086 0.0442034 0.0308293 34
0 0.728768 0.786922 0.0086647 0.0476729 1140
0 0.971614 0.762336 0.0134907 0.0271663 1353
0 0.9047 0.973157 0.0383011 0.0383191 1364
0 0.688823 0.79446 0.00989523 0.0468004 1391
0 0.636491 0.804321 0.00918894 0.0490902 1307
0 0.882967 0.9843 0.0440409 0.029415 1411
0 0.956845 0.848658 0.0158291 0.0364819 4
37 0.0222332 0.938481 0.0444571 0.0298186 1123
0 0.702601 0.792199 0.0107465 0.0483303 1465
0 0.554889 0.819081 0.00986648 0.0487593 6
0 0.391212 0.833586 0.0175079 0.0875606 1324
0 0.977423 0.733299 0.00739241 0.0279283 1490
0 0.653833 0.806862 0.00642514 0.0328683 1495
0 0.28528 0.902462 0.0207561 0.0783052 1503
0 0.94751 0.850237 0.0136182 0.0374711 1472
0 0.380479 0.845837 0.0135668 0.0661473 1431
0 0.928926 0.728484 0.00790472 0.0236624 1526
0 0.355168 0.989394 0.014871 0.0211984 1531
0 0.926156 0.753699 0.0088171 0.0414757 1376
