0 0.452417 0.83355 0.0121906 0.0673353 1
0 0.473171 0.85449 0.020016 0.031901 3
0 0.953457 0.850044 0.0225019 0.042876 4
0 0.694721 0.795758 0.00964651 0.0431338 6
0 0.830575 0.834877 0.017671 0.0335725 12
0 0.85587 0.831637 0.0151167 0.0313215 16
0 0.891886 0.976346 0.0620471 0.0457251 20
0 0.718541 0.83066 0.0143199 0.0305816 23
0 0.434968 0.914145 0.0219521 0.0375108 21
0 0.554535 0.813279 0.0104439 0.043042 260
37 0.19882 0.916113 0.0456422 0.0309681 34
0 0.711798 0.791903 0.0100678 0.0411346 277
0 0.90309 0.972689 0.0382518 0.0377269 367
0 0.843354 0.766311 0.00795612 0.0464091 495
0 0.00705057 0.751558 0.00726308 0.0173262 523
0 0.755803 0.781229 0.00733724 0.048953 11
0 0.115443 0.983253 0.031197 0.0261734 538
0 0.804153 0.782169 0.00534363 0.0287446 493
0 0.737961 0.784686 0.010862 0.0488419 572
0 0.817043 0.770341 0.0116551 0.0494102 228
0 0.973836 0.763667 0.019956 0.0253713 649
0 0.796927 0.775058 0.00821586 0.0497318 417
0 0.785134 0.778162 0.00964675 0.0453143 683
0 0.318482 0.712385 0.00632739 0.017513 570
37 0.0222289 0.938135 0.0443577 0.0297663 311
0 0.276572 0.729885 0.00604424 0.0179236 694
0 0.0669282 0.742377 0.00935912 0.0304401 733
0 0.778278 0.698551 0.00543361 0.0172856 752
0 0.426409 0.779321 0.0108765 0.0191711 758
0 0.835108 0.767705 0.00990448 0.0484706 762
0 0.70273 0.793711 0.00776415 0.0423839 500
