0 0.452426 0.833507 0.0121253 0.0675959 1
0 0.47323 0.854359 0.0199287 0.0327337 3
0 0.95343 0.850114 0.0224556 0.043065 4
0 0.694902 0.795765 0.00950747 0.0438084 6
0 0.830566 0.834852 0.0176833 0.0336736 12
0 0.855828 0.831381 0.0151268 0.0317696 16
0 0.891155 0.976613 0.060533 0.0449369 20
0 0.718581 0.830277 0.0143523 0.0312686 23
0 0.43484 0.914277 0.0220087 0.0377024 21
0 0.554889 0.813426 0.0113358 0.0429707 260
37 0.198495 0.916163 0.0462605 0.0308837 34
0 0.710437 0.79249 0.0109568 0.0415182 277
0 0.903366 0.972495 0.0372223 0.0385863 367
0 0.843436 0.766396 0.00729208 0.0457289 495
0 0.00638917 0.752498 0.00784186 0.019208 523
0 0.75583 0.781253 0.00726504 0.049362 11
0 0.11548 0.983217 0.0312446 0.0261062 538
0 0.802751 0.782504 0.00618939 0.0297741 493
0 0.737849 0.785208 0.0110915 0.0482032 572
0 0.815841 0.770568 0.0111267 0.0498876 228
0 0.97389 0.763963 0.0197036 0.0246845 649
0 0.796883 0.775442 0.00802484 0.049604 417
0 0.784314 0.777924 0.00964613 0.0447044 683
0 0.318432 0.712565 0.00616884 0.017935 570
37 0.0221247 0.938182 0.0442128 0.029684 311
0 0.276666 0.730776 0.00570352 0.0171746 694
0 0.0664375 0.742456 0.00902368 0.0305681 733
0 0.778289 0.698534 0.00597105 0.0171335 752
0 0.425681 0.779467 0.00973339 0.0185543 758
0 0.834228 0.768223 0.0102829 0.049396 762
0 0.702912 0.793387 0.00754576 0.0435093 500
