0 0.452751 0.834083 0.0114428 0.0666445 1
0 0.830941 0.834897 0.0178646 0.0335321 12
0 0.856046 0.83075 0.014505 0.0328946 16
0 0.718099 0.830089 0.0137079 0.031406 23
0 0.843531 0.76654 0.00786695 0.0484448 495
0 0.11464 0.983753 0.0320004 0.0262972 538
0 0.55475 0.818989 0.0103091 0.0499407 6
0 0.796508 0.775559 0.00834274 0.049138 953
0 0.475899 0.857601 0.0195316 0.0240523 3
0 0.724183 0.785491 0.00820541 0.0480657 1102
0 0.355301 0.989356 0.0136162 0.0212877 1114
37 0.0223169 0.938763 0.0446338 0.0302528 1123
0 0.632441 0.80128 0.00976911 0.0592522 762
0 0.00873051 0.978383 0.017385 0.0195027 1150
0 0.0165118 0.752931 0.0111781 0.0177272 1151
0 0.588896 0.809973 0.00969577 0.0570181 1167
0 0.893647 0.975411 0.062239 0.0446607 1267
8 0.197946 0.91543 0.0453375 0.0317012 34
0 0.701941 0.792057 0.00844436 0.0441054 1140
0 0.974838 0.762379 0.0180258 0.0273267 1353
0 0.904999 0.973153 0.0413379 0.0394051 1364
0 0.955395 0.849285 0.0191964 0.0372971 1380
0 0.936043 0.728753 0.00728836 0.0245142 821
0 0.688394 0.795192 0.00915456 0.0461628 1391
0 0.485038 0.857467 0.0371602 0.0239497 1405
0 0.672844 0.793708 0.00955954 0.0389243 1307
0 0.883612 0.984666 0.0450169 0.0281509 1411
0 0.695277 0.792209 0.00714574 0.0475698 1415
0 0.058426 0.743029 0.00698249 0.0192122 1421
0 0.277479 0.727147 0.00444362 0.0160409 1422
