0 0.45186 0.834125 0.0124028 0.0667502 1
0 0.953679 0.849892 0.0224981 0.0412253 4
0 0.830872 0.834637 0.0178185 0.0337385 12
0 0.855983 0.829382 0.0136068 0.0330661 16
0 0.718484 0.830678 0.0136766 0.0310405 23
0 0.432061 0.914156 0.0272888 0.0370106 21
0 0.512521 0.822901 0.0119881 0.052068 260
37 0.197506 0.915892 0.0448817 0.0312276 34
0 0.842623 0.767056 0.00957661 0.0464082 495
0 0.115701 0.98281 0.035563 0.027372 538
0 0.692183 0.79436 0.0093946 0.0465993 572
0 0.579036 0.815666 0.0110686 0.051079 6
0 0.938747 0.728957 0.00873318 0.0175522 821
0 0.796596 0.774563 0.00763984 0.0471531 953
0 0.973219 0.761739 0.0157812 0.0285027 649
0 0.474717 0.856695 0.0177159 0.0252233 3
0 0.74617 0.781365 0.0077414 0.0479096 1102
0 0.355394 0.989131 0.0138827 0.0217122 1114
37 0.0222066 0.938002 0.0443249 0.0296467 1123
0 0.721112 0.788323 0.00850558 0.0474374 1140
0 0.701824 0.789044 0.00952268 0.0523007 762
0 0.00571315 0.979294 0.0113462 0.0181099 1150
0 0.0126915 0.75002 0.0110252 0.0197941 1151
0 0.379315 0.776504 0.00584989 0.0159087 1152
0 0.671433 0.78918 0.00966492 0.0421208 1167
0 0.841234 0.696983 0.00502863 0.0190624 1201
0 0.711386 0.791823 0.00932312 0.0441832 1033
0 0.314534 0.712946 0.00754819 0.0153723 1103
0 0.99022 0.743142 0.0086895 0.046648 1233
