0 0.452777 0.833566 0.0124234 0.0679531 1
0 0.472674 0.853433 0.0194897 0.0342174 3
0 0.953768 0.848943 0.021982 0.0399331 4
0 0.695482 0.794523 0.00934219 0.0453281 6
0 0.830626 0.834665 0.0176127 0.033578 12
0 0.85274 0.832144 0.0223081 0.0339561 16
0 0.891799 0.976171 0.0614634 0.0459461 20
0 0.718256 0.830328 0.013838 0.0319403 23
0 0.795472 0.776504 0.00651851 0.0486806 123
0 0.433771 0.914658 0.0244841 0.0371345 21
0 0.545111 0.814929 0.0107481 0.0514037 260
37 0.198951 0.916218 0.0465104 0.0319163 34
0 0.732115 0.78805 0.00886374 0.0437571 277
0 0.904462 0.973126 0.0394135 0.0402272 367
0 0.84269 0.766042 0.00898285 0.0460336 7
0 0.0712223 0.740866 0.00897598 0.0224627 451
0 0.859898 0.764699 0.0091814 0.0574482 495
0 0.705009 0.79173 0.0107259 0.0472932 500
0 0.00942874 0.748027 0.0095935 0.020011 523
0 0.755213 0.780938 0.00830126 0.0490917 11
0 0.114951 0.981676 0.0303227 0.0247434 538
0 0.817435 0.779919 0.00562839 0.0306771 493
0 0.743841 0.785428 0.00979424 0.0456601 572
0 0.828311 0.767655 0.00976534 0.0492433 228
0 0.272598 0.727246 0.00655057 0.0188702 475
0 0.936454 0.724162 0.00471058 0.0174488 598
0 0.349788 0.756025 0.0100585 0.0225933 411
0 0.712505 0.830961 0.0262034 0.0325709 616
0 0.78989 0.699893 0.00533056 0.0161891 581
37 0.022115 0.938551 0.0442185 0.0286341 311
0 0.982809 0.739738 0.0138493 0.0399566 447
0 0.799023 0.776958 0.00779591 0.0465362 623
0 0.00565096 0.977515 0.0112381 0.0230915 627
