0 0.452337 0.833739 0.0110812 0.0672417 1
0 0.830883 0.834898 0.0178482 0.0335089 12
0 0.855939 0.830615 0.0137951 0.0320197 16
0 0.718063 0.830068 0.0137124 0.0314591 23
0 0.843522 0.76657 0.00784731 0.0483928 495
0 0.114617 0.983756 0.0322779 0.0264882 538
0 0.555059 0.819457 0.00994906 0.0501069 6
0 0.796265 0.776032 0.00879831 0.0488978 953
0 0.475098 0.856093 0.0187986 0.0267224 3
0 0.722656 0.786322 0.00902872 0.0500521 1102
0 0.355304 0.989378 0.0136502 0.0212435 1114
37 0.0225415 0.938718 0.045083 0.0303215 1123
0 0.626791 0.803805 0.0140787 0.0600868 762
0 0.0142716 0.752225 0.00825844 0.0172774 1151
0 0.583879 0.80946 0.0104587 0.0547177 1167
0 0.893659 0.975458 0.062636 0.044791 1267
37 0.197994 0.915874 0.0455142 0.0313674 34
0 0.702605 0.792114 0.00906115 0.0431582 1140
0 0.974594 0.762501 0.0178656 0.0272681 1353
0 0.905131 0.973177 0.041206 0.0394132 1364
0 0.954514 0.849743 0.021215 0.0382062 1380
0 0.935829 0.728526 0.00756445 0.0259011 821
0 0.689121 0.794949 0.00943885 0.0452723 1391
0 0.670829 0.796095 0.00953264 0.0378545 1307
0 0.883532 0.984518 0.0451306 0.0285432 1411
0 0.695323 0.792446 0.00774069 0.0458228 1415
0 0.0568767 0.741542 0.00734107 0.0198722 1421
0 0.278538 0.728045 0.00497503 0.0163522 1422
0 0.410661 0.897077 0.023871 0.0794823 1403
0 0.953656 0.747276 0.00867796 0.0389366 1376
0 0.443009 0.835373 0.0123764 0.0622725 1431
0 0.957537 0.848313 0.0154236 0.0349314 4
