0 0.45331 0.833704 0.0121444 0.0670423 1
0 0.0836471 0.898771 0.0164439 0.062526 2
0 0.478897 0.833995 0.0144788 0.0668115 3
0 0.953382 0.848821 0.022015 0.0395685 4
0 0.69934 0.794117 0.00894728 0.0450656 6
0 0.75799 0.784373 0.00697608 0.0447589 11
0 0.830219 0.83471 0.0174777 0.0334251 12
0 0.855793 0.830914 0.0168466 0.0343806 16
0 0.894219 0.974899 0.0648257 0.0462102 20
0 0.718767 0.830269 0.014549 0.0317782 23
0 0.354911 0.989344 0.01446 0.0212775 146
0 0.794566 0.775445 0.00972109 0.0467483 123
0 0.436066 0.908484 0.0166607 0.0490314 21
0 0.93274 0.748689 0.00949726 0.0470249 232
0 0.514103 0.810488 0.00844455 0.0418503 260
0 0.842655 0.764947 0.00890741 0.0464496 228
0 0.893586 0.756397 0.00958376 0.0466506 7
0 0.488332 0.777483 0.00801191 0.022031 309
0 0.88933 0.756715 0.0065978 0.041202 336
0 0.973847 0.762347 0.0190147 0.0282328 338
37 0.197989 0.915475 0.0460198 0.0321532 34
0 0.782707 0.780059 0.00876441 0.0399728 15
0 0.745983 0.784447 0.0114325 0.046085 277
0 0.905611 0.972552 0.0415853 0.0419434 367
0 0.694673 0.794918 0.00728269 0.0453328 116
37 0.0221152 0.939301 0.044219 0.0301049 311
0 0.00557345 0.750292 0.0105332 0.0176125 347
0 0.852663 0.832287 0.0239565 0.0360251 408
0 0.319853 0.750341 0.00713525 0.0116899 411
