0 0.452501 0.834402 0.0121133 0.0662949 1
0 0.953707 0.849937 0.0219267 0.0424611 4
0 0.83077 0.834712 0.0173948 0.0335047 12
0 0.856728 0.829548 0.0137432 0.0334531 16
0 0.883365 0.984823 0.0436056 0.0292252 20
0 0.71787 0.830763 0.013241 0.030652 23
0 0.433544 0.914227 0.0250204 0.0373878 21
0 0.538239 0.820899 0.0128396 0.0557927 260
37 0.198065 0.915775 0.0455458 0.0308595 34
0 0.700925 0.794753 0.00722561 0.0404807 277
0 0.842824 0.766219 0.00838079 0.0444352 495
0 0.114731 0.981837 0.030851 0.026507 538
0 0.709041 0.788334 0.0113873 0.0485798 572
0 0.736946 0.784926 0.00874972 0.0494833 762
0 0.605906 0.809877 0.0108378 0.0482792 6
0 0.939653 0.728769 0.00729675 0.0211245 821
0 0.69286 0.794972 0.0103749 0.0485881 882
0 0.796998 0.77543 0.0072763 0.0481386 953
0 0.974096 0.76223 0.0183251 0.0274896 649
0 0.676482 0.815117 0.0165238 0.0189406 971
0 0.00744055 0.747966 0.00771962 0.0175682 523
0 0.475743 0.854168 0.0161237 0.0295336 3
0 0.725464 0.788065 0.00827031 0.043206 1033
0 0.0601446 0.738068 0.00543847 0.0201998 955
0 0.747227 0.784633 0.0076107 0.0422321 1102
0 0.313359 0.709849 0.00598576 0.0181289 1103
0 0.730976 0.787077 0.00740366 0.0459136 1109
0 0.354634 0.989165 0.0153045 0.0216681 1114
0 0.272151 0.731653 0.00578275 0.0152136 1117
0 0.289396 0.727468 0.0056251 0.0189505 1121
