0 0.453544 0.830286 0.0118292 0.0606383 1
0 0.312835 0.860487 0.0145167 0.0566298 2
0 0.486945 0.825328 0.0113398 0.0540999 3
0 0.953318 0.84856 0.0223358 0.0423411 4
0 0.884636 0.761726 0.00800915 0.0451162 5
0 0.696987 0.79547 0.00887232 0.0508504 6
0 0.978887 0.739255 0.00980167 0.046334 7
0 0.784931 0.778015 0.00778008 0.0466819 8
0 0.527192 0.779046 0.00962076 0.0250666 9
0 0.844955 0.766116 0.0102283 0.0490294 10
0 0.76785 0.780462 0.00983124 0.0457708 11
0 0.83098 0.834146 0.0153549 0.0333637 12
0 0.540365 0.776369 0.00718155 0.0278432 13
0 0.685179 0.795309 0.0108217 0.0491964 14
0 0.794751 0.777369 0.0102751 0.0476025 15
0 0.856382 0.827964 0.0128067 0.0355467 16
0 0.934528 0.750748 0.0108273 0.0466549 17
0 0.892911 0.740589 0.00680008 0.0301475 18
8 0.0739131 0.750862 0.0278603 0.0142497 19
0 0.893562 0.975934 0.06507 0.0464106 20
0 0.423973 0.914085 0.0191384 0.0421865 21
0 0.462671 0.799468 0.0105736 0.0299893 22
0 0.718103 0.830304 0.012639 0.0310894 23
0 0.42024 0.913718 0.0116968 0.0408569 24
0 0.0111128 0.750871 0.00629111 0.0184648 25
0 0.309699 0.741956 0.00783343 0.0142668 26
