0 0.452932 0.833961 0.0127107 0.0673613 1
0 0.168733 0.883555 0.0117693 0.0572377 2
0 0.481077 0.832068 0.0133806 0.0653965 3
0 0.953649 0.84963 0.022147 0.0412702 4
0 0.855451 0.763462 0.0100972 0.0417165 5
0 0.696977 0.794101 0.00874639 0.0473314 6
0 0.772869 0.778035 0.0096509 0.0502012 11
0 0.83031 0.834407 0.0179902 0.0328856 12
0 0.855054 0.831588 0.0177497 0.0343451 16
0 0.88353 0.979551 0.0454201 0.0385759 20
0 0.717377 0.83058 0.0151237 0.0308387 23
0 0.00596205 0.751017 0.0108874 0.0183169 25
8 0.198354 0.9155 0.0468072 0.0316989 34
0 0.842343 0.76611 0.0112984 0.0467555 102
0 0.98857 0.736908 0.01133 0.0462585 17
0 0.354864 0.98916 0.015059 0.0216687 146
0 0.928745 0.749046 0.0094862 0.044649 7
0 0.682082 0.792142 0.0111257 0.0384563 116
0 0.805437 0.774699 0.00856571 0.0434225 123
0 0.76574 0.697766 0.00638032 0.0167846 149
0 0.788556 0.776803 0.010913 0.0475461 15
0 0.115511 0.984373 0.0308543 0.022549 212
0 0.786424 0.698551 0.00761027 0.0162119 245
0 0.50138 0.810664 0.0110755 0.0466039 260
0 0.424439 0.911748 0.0206325 0.0472998 21
0 0.961562 0.743986 0.0100008 0.0476002 232
0 0.765753 0.781102 0.00844102 0.0481489 277
0 0.91615 0.742518 0.010979 0.0200322 170
