0 0.452824 0.83362 0.0122662 0.0674844 1
0 0.294746 0.86118 0.00960112 0.0585343 2
0 0.4838 0.827271 0.0157617 0.0551771 3
0 0.953413 0.848288 0.0222623 0.0419642 4
0 0.880533 0.759174 0.00841265 0.0413464 5
0 0.69815 0.795717 0.00952406 0.050328 6
0 0.972211 0.737232 0.00873947 0.0397586 7
0 0.787674 0.777146 0.00971212 0.0478004 8
0 0.523167 0.779627 0.00974836 0.0205087 9
0 0.843228 0.766359 0.00838432 0.0483006 10
0 0.770122 0.780556 0.00919271 0.0461213 11
0 0.830826 0.834495 0.0154802 0.0329058 12
0 0.536582 0.776885 0.00793095 0.0267073 13
0 0.684352 0.795118 0.0107094 0.0429336 14
0 0.796735 0.775189 0.00887451 0.0493817 15
0 0.856433 0.82777 0.0125936 0.0357585 16
0 0.944037 0.746156 0.0099102 0.0424115 17
0 0.895693 0.739336 0.00768175 0.0320258 18
0 0.893784 0.975914 0.065418 0.046506 20
0 0.423602 0.913594 0.0183597 0.0433399 21
0 0.470058 0.798111 0.00877461 0.0319912 22
0 0.718602 0.83037 0.0138443 0.0316794 23
0 0.010066 0.750598 0.00737832 0.0183578 25
37 0.198169 0.916227 0.0464705 0.0314495 34
