0 0.452867 0.83441 0.0123288 0.066907 1
0 0.831162 0.835041 0.016954 0.0326034 12
0 0.854823 0.832484 0.0172469 0.0293566 16
0 0.718079 0.830119 0.0138001 0.031596 23
0 0.843109 0.761995 0.00792303 0.0360058 495
0 0.11704 0.982865 0.0378335 0.0277703 538
0 0.796504 0.775454 0.00875382 0.0506735 953
0 0.475716 0.857434 0.0191553 0.0236011 3
0 0.729492 0.785427 0.00952387 0.0501101 1102
0 0.582852 0.810109 0.011895 0.0608807 762
0 0.542502 0.817204 0.0108272 0.0571764 1167
0 0.893983 0.975808 0.0649548 0.0445419 1267
37 0.197787 0.91621 0.0456412 0.0307131 34
0 0.716988 0.786629 0.00959592 0.0437391 1140
0 0.971611 0.763033 0.0135103 0.0262508 1353
0 0.906418 0.973394 0.0399474 0.0397186 1364
0 0.689377 0.795573 0.0109612 0.0468725 1391
0 0.649043 0.802631 0.0104197 0.0490375 1307
0 0.88384 0.980519 0.045046 0.0365901 1411
0 0.398072 0.843898 0.0133862 0.05954 1431
0 0.957256 0.848011 0.0148385 0.0360823 4
0 0.484334 0.857475 0.0370718 0.0239746 1405
37 0.0221795 0.93868 0.0443554 0.0300024 1123
0 0.701145 0.795478 0.0106703 0.0504912 1465
0 0.328274 0.900743 0.0133474 0.0804265 1473
0 0.555015 0.818821 0.00904083 0.0502619 6
0 0.391041 0.819618 0.0173275 0.0595625 1324
0 0.930252 0.746722 0.00924397 0.0539357 1376
0 0.991211 0.732273 0.00652399 0.0272704 1490
0 0.666757 0.806078 0.00958524 0.0343677 1495
0 0.94234 0.850093 0.0136545 0.0371119 1472
