0 0.45287 0.833366 0.0128022 0.0670865 1
0 0.476905 0.83428 0.0156004 0.0645695 3
0 0.953379 0.848845 0.0220404 0.0396221 4
0 0.699008 0.794918 0.0100536 0.0472574 6
0 0.755875 0.784688 0.00966606 0.0434459 11
0 0.830252 0.834707 0.0174095 0.0332523 12
0 0.855705 0.830892 0.0167061 0.0342382 16
0 0.894141 0.975393 0.0654217 0.0466791 20
0 0.718761 0.830473 0.0144828 0.0313684 23
0 0.354902 0.989142 0.0144511 0.021638 146
0 0.793797 0.774926 0.00928769 0.0457892 123
0 0.433208 0.907349 0.0226586 0.0510912 21
0 0.923823 0.751341 0.00854349 0.0465072 232
0 0.515548 0.809313 0.0102637 0.0425755 260
0 0.843111 0.765334 0.00792122 0.0461678 228
0 0.973466 0.76252 0.0181134 0.0281636 338
37 0.197997 0.915891 0.0461776 0.0317364 34
0 0.776723 0.780086 0.00870752 0.0426996 15
0 0.746452 0.784639 0.0103457 0.0463178 277
0 0.905508 0.972594 0.0418963 0.0417572 367
0 0.0069649 0.751893 0.00908874 0.0172715 347
0 0.853206 0.832136 0.0226024 0.0356376 408
0 0.320976 0.750368 0.00992832 0.0138858 411
0 0.832314 0.769507 0.00707779 0.0429109 417
0 0.486231 0.776335 0.00867729 0.0207536 309
0 0.901749 0.756637 0.0101148 0.0433216 437
0 0.886627 0.756847 0.00956612 0.0466331 7
0 0.0661809 0.900248 0.0113841 0.0570142 2
