0 0.453714 0.833642 0.0120232 0.0675501 1
0 0.13478 0.889635 0.0186437 0.0599731 2
0 0.47967 0.83273 0.0147133 0.0620383 3
0 0.95378 0.848612 0.0218834 0.0381702 4
0 0.699824 0.794286 0.00897064 0.0417805 6
0 0.766399 0.779914 0.0109298 0.048538 11
0 0.830241 0.834718 0.0171069 0.0338303 12
0 0.855423 0.83131 0.0160573 0.0337036 16
0 0.895792 0.975675 0.0668159 0.0455336 20
0 0.718519 0.830482 0.0128156 0.0311313 23
37 0.198632 0.915656 0.0461252 0.0317356 34
0 0.996256 0.733432 0.00708637 0.0465062 17
0 0.355283 0.988982 0.0138503 0.0220175 146
0 0.688256 0.79602 0.00935073 0.0424208 116
0 0.795979 0.777294 0.00968523 0.0453937 123
0 0.790718 0.775999 0.00737729 0.047349 15
0 0.117581 0.983572 0.0351624 0.0266496 212
0 0.424634 0.894677 0.0143844 0.0823159 21
0 0.950282 0.747065 0.00977678 0.0455443 232
0 0.751926 0.782442 0.0095057 0.0480632 277
0 0.935028 0.728742 0.00532713 0.0190073 291
0 0.512737 0.808105 0.0114391 0.0384098 260
0 0.846118 0.766541 0.00916252 0.0436455 228
0 0.914881 0.756279 0.00984697 0.0409013 7
0 0.501445 0.779148 0.00816236 0.021614 309
37 0.0220391 0.938715 0.0440697 0.0282605 311
0 0.788633 0.700531 0.00620689 0.0187908 245
0 0.478353 0.780942 0.00714688 0.0213637 316
0 0.980462 0.740034 0.0091135 0.0303763 300
0 0.326844 0.712913 0.00585306 0.0191837 320
