0 0.453015 0.833186 0.0127321 0.068167 1
0 0.477661 0.85511 0.0302852 0.0279825 3
0 0.953518 0.849826 0.0221386 0.0422753 4
0 0.694839 0.796309 0.011364 0.0444049 6
0 0.830661 0.834995 0.0174963 0.0329506 12
0 0.856346 0.831131 0.0143828 0.0340024 16
0 0.893988 0.975488 0.0669047 0.0469312 20
0 0.71757 0.830276 0.0127332 0.0312554 23
0 0.432941 0.914496 0.02615 0.0377199 21
0 0.56529 0.810899 0.0140454 0.0468104 260
37 0.197971 0.916202 0.0445749 0.0314564 34
0 0.702679 0.792926 0.0084538 0.0449919 277
0 0.906297 0.972339 0.04352 0.041142 367
0 0.843716 0.765301 0.00713396 0.0489672 495
0 0.755282 0.78257 0.00796986 0.0469629 11
0 0.115205 0.981011 0.030836 0.0227753 538
0 0.736824 0.785768 0.00829706 0.0469256 572
0 0.803044 0.77309 0.00770106 0.0499257 228
0 0.971926 0.7632 0.0136933 0.0257522 649
0 0.796323 0.774498 0.0081739 0.0492547 417
0 0.775374 0.778283 0.00906749 0.0408943 683
37 0.0221674 0.938523 0.0442987 0.0284442 311
0 0.82102 0.770387 0.0109014 0.0518244 762
0 0.797223 0.69718 0.00505662 0.0150827 795
0 0.409937 0.762224 0.00498762 0.00886536 837
0 0.419572 0.779946 0.00586772 0.0184952 758
0 0.00432143 0.749952 0.008348 0.0166234 523
