0 0.451873 0.834195 0.0124922 0.0667612 1
0 0.953693 0.849899 0.0224974 0.0412463 4
0 0.830846 0.834724 0.0176308 0.033447 12
0 0.856048 0.829426 0.0136438 0.0331552 16
0 0.718447 0.830561 0.013803 0.0312498 23
0 0.431953 0.914154 0.0275128 0.0369726 21
0 0.513335 0.822228 0.0118708 0.0525143 260
37 0.197602 0.916084 0.0449816 0.0311386 34
0 0.842704 0.767061 0.00989389 0.0463593 495
0 0.115762 0.982826 0.0356367 0.0273417 538
0 0.691754 0.794886 0.00869503 0.0462425 572
0 0.579579 0.815263 0.0118846 0.050643 6
0 0.938785 0.728209 0.00793962 0.0188803 821
0 0.796574 0.774491 0.00766783 0.0475777 953
0 0.974637 0.761695 0.018715 0.0286589 649
0 0.474748 0.856789 0.0176415 0.025037 3
0 0.746292 0.781296 0.00784864 0.0475303 1102
0 0.355382 0.989159 0.0139239 0.0216674 1114
37 0.0222108 0.938048 0.0443143 0.0295458 1123
0 0.722009 0.788223 0.00934029 0.0474013 1140
0 0.703376 0.790256 0.0112869 0.0503961 762
0 0.00573528 0.979356 0.0113761 0.0180837 1150
0 0.0122141 0.749625 0.0109501 0.0200884 1151
0 0.380758 0.775717 0.00452213 0.0155644 1152
0 0.672518 0.788522 0.00946612 0.0418556 1167
0 0.841049 0.697152 0.00504494 0.0192318 1201
0 0.711196 0.790955 0.00941133 0.0441582 1033
0 0.314573 0.712541 0.00755215 0.0142813 1103
0 0.990505 0.744014 0.00867948 0.0453692 1233
