0 0.452824 0.833156 0.0130177 0.0683358 1
0 0.47232 0.854731 0.0177778 0.0320843 3
0 0.953361 0.849862 0.0222949 0.041489 4
0 0.691212 0.794212 0.0104206 0.0453392 6
0 0.83054 0.834874 0.0174786 0.0335157 12
0 0.855502 0.830377 0.0158052 0.0350858 16
0 0.89077 0.976145 0.0601466 0.0450796 20
0 0.718532 0.829451 0.0145369 0.0326743 23
0 0.434736 0.914135 0.0221752 0.0374581 21
0 0.548051 0.811884 0.010923 0.048452 260
8 0.198566 0.915918 0.0454086 0.0312894 34
0 0.723723 0.789221 0.0090652 0.0433512 277
0 0.903057 0.972674 0.0373082 0.0389244 367
0 0.842797 0.765573 0.00590811 0.046585 7
0 0.84857 0.764855 0.0101209 0.0506561 495
0 0.704274 0.79108 0.0103957 0.0482151 500
0 0.00918861 0.750657 0.00933081 0.0195805 523
0 0.755648 0.7812 0.00760021 0.0494545 11
0 0.115335 0.98326 0.0309198 0.0260556 538
0 0.815495 0.781069 0.00683565 0.0324126 493
0 0.741364 0.785257 0.00869212 0.0459436 572
0 0.823698 0.770316 0.0109912 0.0509191 228
0 0.356932 0.756604 0.00725436 0.0182938 411
0 0.0053397 0.978728 0.0106353 0.0199521 627
0 0.974545 0.763374 0.0185912 0.0252692 649
0 0.796473 0.772994 0.0119915 0.0533559 623
