0 0.452479 0.83389 0.0122711 0.0672546 1
0 0.953669 0.849942 0.0219072 0.0423051 4
0 0.830756 0.834741 0.0176384 0.0334192 12
0 0.856059 0.830111 0.0145359 0.03239 16
0 0.883303 0.9823 0.0437308 0.0342187 20
0 0.718263 0.830748 0.0131758 0.0309175 23
0 0.433726 0.914026 0.0253036 0.0376682 21
0 0.542137 0.819148 0.0126326 0.0556836 260
37 0.19807 0.914093 0.0461772 0.034186 34
0 0.702414 0.79227 0.0102983 0.0467166 277
0 0.843321 0.765699 0.00787439 0.0438259 495
0 0.114692 0.981844 0.0316985 0.0267656 538
0 0.718442 0.787157 0.00971394 0.0495515 572
0 0.747247 0.781558 0.0115852 0.0511865 762
0 0.615488 0.80908 0.0104378 0.0468021 6
0 0.938518 0.728715 0.00770063 0.0207483 821
0 0.692791 0.795119 0.010384 0.0482086 882
0 0.796605 0.775855 0.00801201 0.0484686 953
0 0.972416 0.762587 0.0152138 0.0268612 649
0 0.676422 0.814936 0.016571 0.0194351 971
0 0.00467043 0.751971 0.00913855 0.0183801 523
0 0.475514 0.853851 0.016002 0.0303562 3
0 0.275739 0.729017 0.00589566 0.0152509 999
0 0.0653265 0.751227 0.00488468 0.013058 1030
0 0.731372 0.787096 0.00938306 0.0452266 1033
0 0.738589 0.793002 0.00739036 0.0321405 1058
0 0.0587147 0.737457 0.00499195 0.0197886 955
