0 0.453624 0.833347 0.0117882 0.0674917 1
0 0.0999997 0.896623 0.0118062 0.0607201 2
0 0.479136 0.833045 0.0160356 0.0657778 3
0 0.953413 0.848666 0.0218913 0.0393405 4
0 0.697713 0.793935 0.00939341 0.0447199 6
0 0.759111 0.782131 0.00683022 0.0476068 11
0 0.830133 0.834727 0.0175663 0.033405 12
0 0.855893 0.830952 0.0167742 0.0345252 16
0 0.893954 0.974747 0.0636909 0.046098 20
0 0.718669 0.830018 0.0148266 0.0322283 23
0 0.355061 0.989421 0.0143523 0.0211322 146
0 0.796479 0.775659 0.00843868 0.0472955 123
0 0.435547 0.895396 0.0164623 0.0748804 21
0 0.938369 0.75139 0.00718431 0.043294 232
0 0.514822 0.808108 0.0121991 0.0386264 260
0 0.842386 0.765253 0.00966873 0.0469487 228
0 0.901456 0.754755 0.0084898 0.0461037 7
0 0.491491 0.782653 0.00791655 0.0278731 309
0 0.883227 0.761158 0.010312 0.0410245 336
0 0.973519 0.76264 0.0194452 0.0283151 338
37 0.198231 0.915197 0.0455392 0.0326018 34
0 0.00513218 0.750355 0.0090744 0.0183039 347
0 0.786625 0.779357 0.00876546 0.0401229 15
0 0.74648 0.783532 0.010065 0.0465591 277
0 0.928184 0.741626 0.00666752 0.0307539 361
0 0.905663 0.972346 0.041212 0.0417881 367
0 0.996529 0.738519 0.00691395 0.0361347 300
