0 0.452812 0.833702 0.0115595 0.0675173 1
0 0.464625 0.838236 0.0149196 0.0625466 3
0 0.953534 0.849369 0.0219491 0.0413155 4
0 0.695114 0.793545 0.00965095 0.0466069 6
0 0.830738 0.834388 0.0173684 0.0339855 12
0 0.856351 0.830451 0.0166082 0.0333207 16
0 0.892422 0.976243 0.0619011 0.0453741 20
0 0.718592 0.830188 0.0145671 0.0315771 23
0 0.354481 0.989299 0.0154904 0.0213367 146
0 0.795234 0.775515 0.0106198 0.0496066 123
0 0.435096 0.913812 0.0210354 0.0376693 21
0 0.534063 0.817104 0.00943427 0.0408112 260
37 0.198329 0.915861 0.0458423 0.0313201 34
0 0.744971 0.784893 0.0102034 0.0497927 277
0 0.904119 0.973039 0.0386602 0.0392448 367
0 0.338386 0.756003 0.00726149 0.0202549 411
0 0.456949 0.783403 0.00820813 0.0246073 309
0 0.845047 0.765921 0.0115155 0.0489855 7
0 0.0711804 0.742928 0.00708561 0.0277093 451
0 0.276256 0.728025 0.00740304 0.0166093 475
0 0.878534 0.758765 0.00900879 0.0480876 495
0 0.706838 0.791098 0.00986762 0.0476368 500
0 0.957199 0.848102 0.0151 0.0382762 513
0 0.973928 0.762465 0.0172942 0.0278387 338
0 0.968459 0.738019 0.00681324 0.0331331 447
0 0.00825536 0.747495 0.00931791 0.0184617 523
0 0.754976 0.782139 0.00838194 0.0491416 11
0 0.806929 0.77427 0.00870905 0.0450171 417
37 0.0221443 0.938549 0.0442886 0.0282278 311
0 0.115989 0.983532 0.0317579 0.0242339 538
0 0.823112 0.780531 0.0056119 0.0285241 493
