0 0.452265 0.834436 0.0121832 0.0650222 1
0 0.953581 0.850747 0.0219295 0.0407253 4
0 0.830818 0.834792 0.0176109 0.0330535 12
0 0.85456 0.82969 0.0173369 0.0341793 16
0 0.71852 0.829781 0.0143675 0.0323277 23
0 0.433979 0.914308 0.0241606 0.0370208 21
0 0.495513 0.824305 0.013406 0.0532139 260
0 0.841999 0.766774 0.00875845 0.0456773 495
0 0.114612 0.982363 0.0335009 0.0277432 538
0 0.561211 0.818129 0.0119134 0.0510862 6
0 0.939497 0.72792 0.00760765 0.0207918 821
0 0.796332 0.776277 0.0084394 0.0473988 953
0 0.475732 0.858249 0.0188735 0.0217007 3
0 0.744457 0.783052 0.00831356 0.0483443 1102
0 0.35499 0.989106 0.0151426 0.0217706 1114
37 0.0221103 0.937909 0.044211 0.0280154 1123
0 0.708727 0.78974 0.00877957 0.0470357 1140
0 0.679955 0.790296 0.0102313 0.0469375 762
0 0.00562651 0.979555 0.0111773 0.0175734 1150
0 0.0162065 0.749844 0.0101967 0.0175412 1151
0 0.645111 0.800422 0.0117435 0.0542522 1167
0 0.31493 0.711389 0.00631986 0.0203601 1103
0 0.890723 0.975711 0.0591381 0.0470451 1267
0 0.976065 0.742509 0.00858536 0.0334772 1233
0 0.0659969 0.732178 0.00633748 0.0188132 1279
0 0.291461 0.723938 0.00984168 0.0167246 1281
0 0.272762 0.725141 0.00527015 0.0187447 1283
0 0.846482 0.699142 0.00632944 0.0189328 1292
0 0.68957 0.795269 0.00947247 0.0455393 1307
0 0.702783 0.791424 0.00880513 0.0441316 1265
