0 0.453014 0.833864 0.0130141 0.067273 1
0 0.26991 0.8659 0.0145049 0.0556823 2
0 0.478887 0.827913 0.0159779 0.0579959 3
0 0.953379 0.848322 0.0223285 0.0421053 4
0 0.876042 0.760498 0.00820036 0.0456494 5
0 0.698331 0.796509 0.0090323 0.0480534 6
0 0.961571 0.744582 0.00879984 0.0461711 7
0 0.514655 0.780856 0.00716047 0.0200316 9
0 0.775528 0.777332 0.00887814 0.0468514 11
0 0.830726 0.834289 0.0155504 0.0327238 12
0 0.528037 0.778979 0.00754995 0.0265144 13
0 0.685326 0.786864 0.0103097 0.023844 14
0 0.795748 0.775692 0.00918751 0.0476353 15
0 0.856719 0.828121 0.0125275 0.0358699 16
0 0.956797 0.746905 0.00859585 0.0447536 17
0 0.901388 0.740905 0.00716829 0.0273204 18
0 0.894035 0.975999 0.0659805 0.0463854 20
0 0.422016 0.911163 0.0174748 0.0487207 21
0 0.475466 0.79779 0.0102943 0.0321124 22
0 0.718387 0.83053 0.0144904 0.0318217 23
0 0.0085702 0.745606 0.00776795 0.0186049 25
37 0.198205 0.915972 0.0461542 0.0321731 34
0 0.971585 0.763079 0.0137693 0.0267887 64
0 0.78929 0.775463 0.00868878 0.0465551 8
0 0.831081 0.768516 0.00939245 0.0352704 61
0 0.993705 0.73528 0.00847368 0.0463814 91
0 0.843469 0.764523 0.00820656 0.0410499 102
0 0.849412 0.761622 0.00760622 0.0346139 10
