0 0.452552 0.834557 0.0127436 0.0676796 1
0 0.831317 0.834972 0.0167398 0.0324756 12
0 0.853389 0.834146 0.0205159 0.0283433 16
0 0.718456 0.829056 0.0144485 0.0335269 23
0 0.843284 0.763898 0.00815105 0.0414973 495
0 0.114499 0.982855 0.0311172 0.0244321 538
0 0.797298 0.775057 0.00940456 0.0500793 953
0 0.47607 0.856577 0.0181655 0.0249962 3
0 0.735095 0.784868 0.0073657 0.0482606 1102
0 0.566809 0.811096 0.0108554 0.0559798 762
0 0.524751 0.818958 0.0126355 0.0563386 1167
0 0.891212 0.976739 0.060677 0.04419 1267
37 0.19819 0.915647 0.0453178 0.0314529 34
0 0.72552 0.787299 0.00816107 0.0474698 1140
0 0.97273 0.762121 0.0155407 0.028567 1353
0 0.90498 0.973304 0.0376328 0.0386268 1364
0 0.688909 0.794592 0.0102508 0.0466647 1391
0 0.639648 0.803451 0.00883222 0.0490725 1307
0 0.883118 0.982097 0.0445683 0.0337239 1411
0 0.957091 0.848158 0.0152878 0.0350961 4
37 0.0223192 0.938719 0.0446303 0.0297473 1123
0 0.702065 0.793123 0.0105719 0.047541 1465
0 0.554772 0.816731 0.00998259 0.0451259 6
0 0.391015 0.830374 0.0178885 0.0812354 1324
0 0.980229 0.731688 0.00946789 0.0255522 1490
0 0.656406 0.806697 0.00617208 0.032473 1495
0 0.297048 0.902426 0.0137589 0.0782671 1503
0 0.700396 0.792464 0.00816932 0.0461809 1516
0 0.948651 0.85043 0.0161001 0.0374094 1472
0 0.384281 0.847201 0.0134472 0.0600265 1431
