0 0.451605 0.834066 0.0137231 0.0657692 1
0 0.830882 0.83486 0.0178571 0.0335839 12
0 0.855863 0.830114 0.0155904 0.034291 16
0 0.717848 0.829938 0.0135252 0.0317042 23
0 0.843333 0.767688 0.00776577 0.046327 495
0 0.11462 0.983749 0.0321834 0.0264743 538
0 0.555217 0.819277 0.0102778 0.0511255 6
0 0.796343 0.775721 0.00871925 0.0493323 953
0 0.475182 0.856037 0.0187743 0.026986 3
0 0.722423 0.786991 0.0123473 0.0492895 1102
0 0.354982 0.989351 0.0136805 0.0212918 1114
37 0.0225475 0.938816 0.045095 0.0302977 1123
0 0.611052 0.804469 0.0114049 0.0582226 762
0 0.0103386 0.751723 0.00941928 0.0166796 1151
0 0.571917 0.812055 0.0131116 0.0548074 1167
0 0.894067 0.975421 0.0630523 0.0450269 1267
8 0.198177 0.915637 0.0450635 0.0315815 34
0 0.702052 0.791375 0.0100523 0.0488788 1140
0 0.974678 0.76251 0.0180297 0.0267116 1353
0 0.905524 0.973136 0.0415451 0.0396833 1364
0 0.93543 0.728027 0.00788498 0.0271661 821
0 0.688531 0.794374 0.0118169 0.0455235 1391
0 0.664113 0.799839 0.00834208 0.0493384 1307
0 0.883578 0.984597 0.0447539 0.0283143 1411
0 0.379037 0.897102 0.0153099 0.080171 1403
0 0.429906 0.834694 0.0129712 0.0606099 1431
0 0.956931 0.848502 0.0166104 0.0357317 4
0 0.391249 0.823218 0.0181144 0.0684785 1324
