0 0.45189 0.834535 0.0121912 0.0664096 1
0 0.953721 0.849777 0.0217904 0.0426896 4
0 0.830774 0.83468 0.0173957 0.0335052 12
0 0.856895 0.829091 0.0133547 0.0334211 16
0 0.883493 0.982798 0.0441127 0.0332277 20
0 0.717982 0.830705 0.0124981 0.0306263 23
0 0.433779 0.914302 0.0247402 0.0371051 21
0 0.530523 0.820048 0.0130323 0.0505113 260
37 0.198211 0.915947 0.0453998 0.0312408 34
0 0.842508 0.766405 0.00853796 0.0449324 495
0 0.114793 0.982486 0.032007 0.0266914 538
0 0.696735 0.789806 0.00969415 0.053177 572
0 0.726388 0.784745 0.00824189 0.052814 762
0 0.598575 0.810669 0.00992203 0.0467085 6
0 0.939755 0.728869 0.0069026 0.0211367 821
0 0.691052 0.796221 0.00722823 0.0458484 882
0 0.796968 0.775814 0.00710134 0.0462962 953
0 0.972982 0.762595 0.0161065 0.0267004 649
0 0.676357 0.815364 0.0163325 0.0187929 971
0 0.00809918 0.746908 0.00846206 0.0164265 523
0 0.475895 0.854168 0.0161974 0.0299138 3
0 0.720117 0.788936 0.00839472 0.0446766 1033
0 0.746654 0.782636 0.00771027 0.0451836 1102
0 0.312806 0.708633 0.00707285 0.015699 1103
0 0.354476 0.989183 0.0149373 0.0216225 1114
0 0.285868 0.725475 0.00799401 0.0160198 1121
37 0.0221522 0.938488 0.0442967 0.0289474 1123
0 0.269096 0.734063 0.00722814 0.0174178 1117
0 0.731718 0.789009 0.00771165 0.0420767 1140
