0 0.452799 0.833859 0.0109126 0.0678003 1
0 0.953779 0.850015 0.0228531 0.0428385 4
0 0.83047 0.834634 0.0175455 0.0331985 12
0 0.855446 0.831833 0.016342 0.0311947 16
0 0.890409 0.975838 0.0578675 0.0451928 20
0 0.718199 0.83138 0.0148165 0.0296307 23
0 0.433329 0.914737 0.025048 0.0371583 21
0 0.544345 0.818015 0.0122065 0.0533158 260
37 0.199143 0.916168 0.0483299 0.0316141 34
0 0.702871 0.79161 0.00968575 0.0460618 277
0 0.84266 0.766219 0.00806437 0.0442189 495
0 0.114481 0.981882 0.0318193 0.0278166 538
0 0.724842 0.786667 0.00978484 0.0485708 572
0 0.754203 0.780672 0.00867567 0.0495125 762
0 0.620451 0.805297 0.00960321 0.0410438 6
0 0.939183 0.729094 0.00762358 0.0212768 821
0 0.692618 0.795483 0.00999727 0.0471269 882
0 0.79674 0.775029 0.00846009 0.0461537 953
0 0.972161 0.762963 0.0155427 0.0256249 649
0 0.677018 0.815135 0.0171577 0.0180634 971
0 0.0050797 0.751682 0.00874617 0.0191765 523
0 0.475151 0.854784 0.0163095 0.0290785 3
0 0.273834 0.730417 0.0086823 0.0199858 999
0 0.0645778 0.751628 0.00619046 0.0125877 1030
0 0.745406 0.782508 0.00734568 0.0462262 1031
0 0.733804 0.786422 0.0097868 0.044956 1033
0 0.39125 0.819477 0.0173333 0.0623998 943
0 0.0583718 0.737536 0.00460858 0.0172601 955
