0 0.452794 0.833365 0.0128132 0.0672121 1
0 0.473248 0.855029 0.0194945 0.030048 3
0 0.953364 0.849647 0.022359 0.0416099 4
0 0.692441 0.793612 0.00831523 0.0446518 6
0 0.830566 0.834851 0.017619 0.0337235 12
0 0.85589 0.832084 0.0155108 0.0314738 16
0 0.891093 0.976483 0.0605351 0.0454719 20
0 0.718641 0.830086 0.014331 0.0315733 23
0 0.434826 0.914171 0.0221679 0.0375461 21
0 0.552164 0.811854 0.0119947 0.0458397 260
37 0.198929 0.915495 0.0450007 0.032076 34
0 0.716794 0.790205 0.00904202 0.0427589 277
0 0.903154 0.972799 0.0377122 0.0390355 367
0 0.842171 0.766163 0.0117623 0.0483641 495
0 0.702203 0.790953 0.0103932 0.0469597 500
0 0.00678138 0.751975 0.0101358 0.019762 523
0 0.755811 0.780969 0.00745549 0.049074 11
0 0.115382 0.983273 0.0310927 0.0260745 538
0 0.809776 0.780918 0.00554333 0.0296049 493
0 0.739656 0.784647 0.00794754 0.0461221 572
0 0.822285 0.769731 0.0105659 0.0469558 228
0 0.00540229 0.978458 0.0107375 0.0206261 627
0 0.974647 0.763466 0.0180752 0.0246748 649
0 0.796642 0.775386 0.0090229 0.0483998 417
0 0.788031 0.777222 0.00721693 0.0418312 683
0 0.318405 0.714018 0.00542684 0.0173091 570
37 0.0221688 0.93807 0.0443098 0.0296773 311
0 0.276319 0.726688 0.00664704 0.0150458 694
0 0.0668469 0.739766 0.00734381 0.0230748 733
