0 0.452405 0.83455 0.0118118 0.0652692 1
0 0.830797 0.834993 0.0175745 0.0326235 12
0 0.856634 0.832637 0.0145799 0.0301115 16
0 0.718021 0.830462 0.0136795 0.0309048 23
0 0.843069 0.766583 0.00835505 0.0473033 495
0 0.11476 0.982811 0.0334199 0.0277906 538
0 0.796588 0.775181 0.00866661 0.0499027 953
0 0.475424 0.857447 0.0189291 0.0231816 3
0 0.724112 0.785929 0.00835166 0.0508942 1102
0 0.592009 0.807648 0.0110048 0.0563089 762
0 0.553326 0.815797 0.0112832 0.0557946 1167
0 0.893885 0.97582 0.0648931 0.044588 1267
37 0.197942 0.91659 0.044938 0.0297906 34
0 0.711978 0.789606 0.00832119 0.0486888 1140
0 0.971785 0.762611 0.012947 0.0267182 1353
0 0.906421 0.973308 0.0399569 0.0394953 1364
0 0.689049 0.795222 0.0103266 0.0466577 1391
0 0.655048 0.801002 0.00878029 0.0454 1307
0 0.883744 0.980839 0.0449198 0.036056 1411
0 0.409903 0.839777 0.0139485 0.0633085 1431
0 0.956942 0.847865 0.0155172 0.0355832 4
0 0.93356 0.752726 0.00773792 0.029975 1376
0 0.484015 0.857571 0.0367639 0.0234925 1405
37 0.0221824 0.93867 0.044352 0.0306449 1123
0 0.701258 0.794583 0.0107987 0.0494679 1465
0 0.39138 0.833207 0.0174934 0.0864088 1324
0 0.950583 0.849777 0.0279774 0.0390617 1472
0 0.344739 0.898593 0.0141092 0.0786934 1473
