0 0.452358 0.833676 0.0127215 0.0671082 1
0 0.471571 0.854329 0.0171058 0.0326319 3
0 0.953855 0.848853 0.0218686 0.0395638 4
0 0.691913 0.794612 0.00976434 0.0451738 6
0 0.83066 0.834702 0.0179545 0.0336586 12
0 0.852455 0.831832 0.0233868 0.0358047 16
0 0.891825 0.976289 0.0620174 0.0460574 20
0 0.718337 0.830144 0.0140097 0.0322467 23
0 0.433537 0.914475 0.0245043 0.036368 21
0 0.547742 0.813851 0.0111467 0.0485202 260
37 0.198615 0.916271 0.0461954 0.0314463 34
0 0.725686 0.788588 0.00884414 0.0431177 277
0 0.904861 0.973193 0.0405308 0.0403802 367
0 0.842558 0.766134 0.0094305 0.0468067 7
0 0.0715491 0.745067 0.0071537 0.0191809 451
0 0.85207 0.764031 0.0095789 0.0515116 495
0 0.703929 0.791707 0.0101516 0.0478852 500
0 0.00794537 0.7504 0.0111185 0.0174576 523
0 0.755455 0.781261 0.00801277 0.0485941 11
0 0.115264 0.982314 0.0310596 0.0257417 538
0 0.816592 0.78057 0.00636301 0.0326145 493
0 0.742079 0.784411 0.00910735 0.0475175 572
0 0.824516 0.770985 0.0112506 0.0492713 228
0 0.354743 0.756759 0.00755422 0.0206265 411
0 0.712559 0.830535 0.0260744 0.0332837 616
0 0.792265 0.703027 0.00619321 0.0235403 581
37 0.0221407 0.938658 0.0442814 0.027448 311
0 0.79648 0.775418 0.0108687 0.0494604 623
0 0.00561509 0.977148 0.0111794 0.0238782 627
0 0.934694 0.728113 0.00671997 0.0210255 639
0 0.391179 0.813326 0.0176457 0.0466337 645
0 0.439753 0.779843 0.00549574 0.0170441 646
