0 0.452811 0.833881 0.0109324 0.0677861 1
0 0.953773 0.850021 0.0228457 0.0428663 4
0 0.830477 0.834628 0.0175306 0.0332009 12
0 0.855406 0.831785 0.0163371 0.031145 16
0 0.890399 0.975861 0.0579073 0.0452605 20
0 0.718191 0.831415 0.0148219 0.029562 23
0 0.433922 0.914693 0.0238236 0.0370527 21
0 0.544613 0.817539 0.0123497 0.0526788 260
37 0.199183 0.916125 0.048241 0.0316412 34
0 0.702825 0.791696 0.00964551 0.0461465 277
0 0.842686 0.766165 0.00782785 0.0440787 495
0 0.114609 0.981674 0.0319062 0.027816 538
0 0.725235 0.78707 0.00928583 0.0480221 572
0 0.754698 0.781176 0.00902009 0.0497157 762
0 0.620858 0.805312 0.00956874 0.0414737 6
0 0.939361 0.729232 0.00764666 0.0208156 821
0 0.692594 0.79549 0.0099771 0.0473846 882
0 0.796799 0.774945 0.00854201 0.0463001 953
0 0.972166 0.76287 0.0154288 0.0257828 649
0 0.677018 0.815131 0.0171578 0.0181076 971
0 0.00509793 0.751777 0.0086721 0.0194856 523
0 0.475195 0.854904 0.0163319 0.0289039 3
0 0.273899 0.730013 0.00848842 0.02045 999
0 0.0644404 0.751972 0.00605028 0.0114318 1030
0 0.745406 0.782697 0.00750985 0.0466639 1031
0 0.734119 0.787162 0.00927391 0.0444858 1033
0 0.391246 0.819591 0.0173114 0.0623739 943
0 0.0582936 0.737689 0.00434545 0.015524 955
