0 0.453421 0.833664 0.0118564 0.06662 1
0 0.119762 0.891844 0.0152524 0.06038 2
0 0.480304 0.832574 0.0122307 0.0603976 3
0 0.95374 0.848634 0.0219539 0.038322 4
0 0.697909 0.794378 0.00867681 0.0423867 6
0 0.761572 0.781288 0.00656753 0.0466591 11
0 0.830183 0.834622 0.0171637 0.0338136 12
0 0.855421 0.831603 0.0161156 0.03331 16
0 0.895855 0.97576 0.0667689 0.0454782 20
0 0.718445 0.83037 0.0131465 0.0314233 23
0 0.997046 0.731841 0.00545225 0.0343589 17
0 0.355091 0.988998 0.0142719 0.0219834 146
0 0.690874 0.79562 0.00858946 0.0423377 116
0 0.794184 0.776766 0.0119199 0.0476234 123
0 0.115282 0.983549 0.030583 0.0267289 212
0 0.427458 0.894462 0.0176597 0.0801061 21
0 0.945058 0.745141 0.0088479 0.042414 232
0 0.748067 0.784225 0.00916605 0.0437927 277
0 0.513296 0.809549 0.0105019 0.0398836 260
0 0.844291 0.766746 0.00912552 0.0455897 228
0 0.909168 0.753139 0.0102204 0.0487155 7
0 0.495043 0.780769 0.00761223 0.0268477 309
37 0.0220874 0.938692 0.0441247 0.0299183 311
0 0.789529 0.699504 0.00716705 0.0221442 245
0 0.988467 0.739003 0.00666561 0.0345267 300
0 0.871198 0.763703 0.00972681 0.0423132 336
0 0.974483 0.761976 0.0184111 0.0285153 338
37 0.198615 0.915934 0.0470026 0.0318078 34
0 0.857057 0.770572 0.00558777 0.0305016 327
