0 0.453046 0.834009 0.0130044 0.06737 1
0 0.219143 0.873492 0.011338 0.0551342 2
0 0.479899 0.82958 0.0138898 0.061286 3
0 0.953367 0.849035 0.0225094 0.0430083 4
0 0.868027 0.76212 0.0081069 0.0405101 5
0 0.698002 0.795585 0.00910153 0.0438279 6
0 0.776203 0.778271 0.00820422 0.0487729 11
0 0.829486 0.834297 0.0178028 0.0326938 12
0 0.519373 0.781793 0.0101716 0.0343302 13
0 0.790272 0.777169 0.0123963 0.0472235 15
0 0.853935 0.832456 0.0218855 0.0337552 16
0 0.883544 0.979935 0.0451078 0.0387527 20
0 0.42388 0.909833 0.0205581 0.0500914 21
0 0.717632 0.830589 0.0152518 0.0322761 23
0 0.00970798 0.746539 0.0101374 0.0173935 25
37 0.198728 0.915556 0.0456464 0.0324589 34
0 0.815931 0.772333 0.0107787 0.0430184 61
0 0.843066 0.763957 0.00772905 0.0454046 102
0 0.975327 0.737924 0.0114919 0.0420664 17
0 0.936071 0.72624 0.00756159 0.0188543 127
0 0.849576 0.764275 0.00934877 0.0418516 10
0 0.354337 0.988831 0.0152242 0.022332 146
0 0.765833 0.694853 0.00635705 0.0117626 149
0 0.945251 0.745402 0.00822945 0.0454843 7
0 0.676956 0.793339 0.00990362 0.0384733 116
0 0.907966 0.74372 0.00859928 0.0241341 170
0 0.390992 0.818289 0.0173822 0.0574185 141
37 0.0221265 0.938408 0.0442531 0.0292553 192
0 0.955766 0.741269 0.00701065 0.0295927 194
