0 0.453563 0.832096 0.0123669 0.0639552 1
0 0.310082 0.86037 0.0128428 0.0558365 2
0 0.486742 0.826629 0.0114824 0.056721 3
0 0.953393 0.848417 0.0222507 0.0421928 4
0 0.88441 0.761601 0.00901213 0.045485 5
0 0.697098 0.793857 0.00885849 0.0488641 6
0 0.977615 0.739245 0.00888128 0.0454842 7
0 0.78592 0.777149 0.00810971 0.0448675 8
0 0.526712 0.779211 0.009478 0.0231888 9
0 0.844117 0.766445 0.0101608 0.0494046 10
0 0.76852 0.780247 0.0091228 0.0423379 11
0 0.830961 0.834263 0.0153535 0.0335541 12
0 0.539912 0.776538 0.00754876 0.0281516 13
0 0.684926 0.795143 0.0106449 0.0459503 14
0 0.794746 0.776701 0.00869107 0.0459514 15
0 0.856333 0.82797 0.0129107 0.0355273 16
0 0.93652 0.750443 0.0104446 0.0467706 17
0 0.892935 0.740667 0.00681839 0.030388 18
0 0.893645 0.975881 0.0651042 0.0463837 20
0 0.423775 0.91439 0.0187429 0.0419593 21
0 0.462802 0.799098 0.00980458 0.0313916 22
0 0.718307 0.830209 0.0130441 0.0315687 23
0 0.420457 0.914028 0.0121257 0.041036 24
0 0.0109673 0.751036 0.00666992 0.0181449 25
0 0.309129 0.741654 0.00704644 0.0142917 26
