0 0.453144 0.833437 0.0126689 0.0683787 1
0 0.471073 0.851895 0.0165428 0.0353977 3
0 0.953728 0.848966 0.0220537 0.0401443 4
0 0.695583 0.793229 0.0101483 0.0478036 6
0 0.830667 0.834605 0.0176411 0.0336557 12
0 0.852659 0.832074 0.0223754 0.0351006 16
0 0.891946 0.975916 0.0615607 0.0460175 20
0 0.718276 0.829871 0.0140946 0.0328311 23
0 0.796426 0.776434 0.00687222 0.0501002 123
0 0.433483 0.914825 0.0249238 0.0369889 21
0 0.542948 0.816874 0.0112393 0.054362 260
37 0.198682 0.916106 0.0467031 0.0321044 34
0 0.736157 0.788005 0.00925527 0.0414222 277
0 0.90373 0.973031 0.0380571 0.0401467 367
0 0.843136 0.765767 0.00796642 0.0472638 7
0 0.0719368 0.738815 0.00716071 0.0229919 451
0 0.865583 0.76102 0.00910368 0.0506177 495
0 0.706295 0.791429 0.011372 0.0487475 500
0 0.00938369 0.746708 0.00948416 0.018511 523
0 0.755479 0.781278 0.0079989 0.0490211 11
0 0.802001 0.775693 0.00799398 0.04581 417
0 0.114777 0.980992 0.0300477 0.0234478 538
0 0.817516 0.780356 0.00593872 0.0310225 493
0 0.319757 0.708648 0.0063122 0.0172904 570
0 0.744628 0.784559 0.00910902 0.0465952 572
0 0.832522 0.76638 0.00947933 0.0491536 228
0 0.27252 0.731011 0.00566514 0.0160316 475
0 0.935835 0.723082 0.00604792 0.0198715 598
0 0.79012 0.699258 0.00531406 0.016048 581
0 0.347015 0.756086 0.00789063 0.0225966 411
