0 0.453235 0.833516 0.011804 0.0666918 1
0 0.0719607 0.901075 0.0144451 0.0614124 2
0 0.476921 0.834746 0.0163033 0.0657454 3
0 0.953383 0.848844 0.021979 0.039595 4
0 0.699431 0.793538 0.0104412 0.0468874 6
0 0.755843 0.784437 0.00898542 0.0442112 11
0 0.830251 0.834699 0.0174041 0.0332516 12
0 0.855709 0.830961 0.016526 0.034134 16
0 0.894115 0.97547 0.0662129 0.0467491 20
0 0.718749 0.830624 0.0144344 0.0309916 23
0 0.354898 0.989156 0.014436 0.0215987 146
0 0.793831 0.775212 0.0089366 0.0452666 123
0 0.434142 0.90831 0.0240663 0.0497583 21
0 0.926047 0.752241 0.0104243 0.0443419 232
0 0.515214 0.80884 0.0096261 0.0396957 260
0 0.843166 0.76498 0.00789385 0.0463743 228
0 0.973578 0.76246 0.0185266 0.0281609 338
37 0.197962 0.915776 0.0461434 0.031726 34
0 0.777365 0.780622 0.00882378 0.0421271 15
0 0.746361 0.784555 0.0105258 0.0461155 277
0 0.905479 0.972613 0.0419642 0.0419384 367
0 0.00650759 0.751937 0.0102795 0.0180925 347
0 0.852304 0.832227 0.0241914 0.0374085 408
0 0.321084 0.750436 0.00930598 0.0137004 411
0 0.833566 0.770371 0.00805979 0.0420221 417
0 0.487175 0.776776 0.00979509 0.021946 309
0 0.888015 0.756687 0.00893459 0.0455918 7
