0 0.452971 0.833788 0.0128291 0.0673855 1
0 0.25598 0.867984 0.0170755 0.0580581 2
0 0.479167 0.828686 0.0114343 0.0593931 3
0 0.953617 0.848777 0.0222588 0.0428558 4
0 0.873513 0.761127 0.00858068 0.0429207 5
0 0.698018 0.794504 0.00848117 0.0468274 6
0 0.510886 0.781011 0.00667481 0.023896 9
0 0.775514 0.776132 0.00660725 0.0499765 11
0 0.830846 0.834696 0.0163162 0.0318147 12
0 0.524925 0.778298 0.00776186 0.0258233 13
0 0.795347 0.775984 0.00828967 0.0479063 15
0 0.856141 0.829583 0.0178073 0.0368691 16
0 0.883318 0.980183 0.0451024 0.0382645 20
0 0.423524 0.909764 0.0199838 0.050598 21
0 0.717056 0.830349 0.0123799 0.0323354 23
0 0.0092412 0.743822 0.00703618 0.0189352 25
8 0.19824 0.915852 0.0460538 0.0320981 34
0 0.788881 0.774298 0.00893106 0.0458692 8
0 0.827841 0.769299 0.0086236 0.0374073 61
0 0.989315 0.737706 0.00959616 0.0467079 91
0 0.843493 0.7637 0.00754623 0.0438288 102
0 0.782585 0.69365 0.0066432 0.0136419 110
0 0.946208 0.741117 0.00724821 0.0297698 76
0 0.684055 0.794623 0.0106228 0.0433434 116
0 0.962957 0.743791 0.00872231 0.0454298 17
0 0.478438 0.797648 0.0114382 0.0300614 22
0 0.806604 0.771189 0.00680056 0.0383475 123
0 0.930851 0.731357 0.00860205 0.0297515 127
