0 0.453388 0.83383 0.0121021 0.0676108 1
0 0.464824 0.836593 0.0134643 0.0642926 3
0 0.953535 0.849331 0.0219552 0.041231 4
0 0.694406 0.7937 0.0102372 0.0460188 6
0 0.830746 0.834489 0.017523 0.0341237 12
0 0.856156 0.830437 0.0162825 0.0331393 16
0 0.892738 0.976166 0.0616391 0.0455006 20
0 0.718645 0.829789 0.0145284 0.0323617 23
0 0.354298 0.989329 0.0153103 0.0212797 146
0 0.795144 0.77586 0.0109322 0.0483311 123
0 0.434693 0.913698 0.0221317 0.0378496 21
0 0.529525 0.81573 0.0110987 0.0410281 260
0 0.84316 0.766761 0.00806999 0.0445831 228
37 0.198054 0.915604 0.0456683 0.0315988 34
0 0.744455 0.784871 0.0078259 0.0469494 277
0 0.903483 0.973077 0.0388107 0.0393271 367
0 0.335173 0.755788 0.00795386 0.0192509 411
0 0.461479 0.781281 0.00734015 0.0218503 309
0 0.851334 0.76343 0.00903931 0.047813 7
0 0.071541 0.742257 0.00677758 0.0271583 451
0 0.276473 0.728854 0.00663328 0.0147888 475
0 0.952467 0.748556 0.00892038 0.0445947 492
0 0.826664 0.777575 0.00564461 0.02862 493
0 0.884715 0.759374 0.00982857 0.0497726 495
0 0.706047 0.791286 0.00993896 0.0477081 500
0 0.957214 0.848007 0.0150943 0.0380851 513
0 0.972285 0.762551 0.0131201 0.0275889 338
0 0.965629 0.739077 0.007551 0.0349362 447
0 0.00873946 0.749811 0.00819468 0.0189063 523
0 0.755221 0.782222 0.00791621 0.0489727 11
0 0.808968 0.7741 0.00906954 0.0435431 417
37 0.0222084 0.938579 0.0441151 0.0284116 311
0 0.118629 0.983311 0.0374525 0.0248294 538
0 0.75142 0.785431 0.00719638 0.0442226 543
