0 0.453088 0.834155 0.0124203 0.0672929 1
0 0.196131 0.875806 0.0138632 0.0532318 2
0 0.480916 0.829993 0.0137482 0.0640388 3
0 0.953521 0.849133 0.0223695 0.0419627 4
0 0.864141 0.760168 0.00786991 0.0358565 5
0 0.698055 0.792722 0.00931158 0.051577 6
0 0.776974 0.778872 0.0100181 0.0470796 11
0 0.830383 0.834461 0.0181711 0.0330157 12
0 0.513145 0.778846 0.00803609 0.024232 13
0 0.855718 0.830856 0.0157898 0.0327627 16
0 0.883354 0.980697 0.0447487 0.0366311 20
0 0.423635 0.914216 0.0206942 0.0429428 21
0 0.717169 0.830317 0.0146438 0.0313878 23
0 0.00865249 0.748299 0.00801093 0.0168874 25
8 0.199233 0.916132 0.0456662 0.0312202 34
0 0.843348 0.765137 0.0108028 0.0427297 102
0 0.983501 0.738984 0.011374 0.04973 17
0 0.354931 0.989202 0.014866 0.0215771 146
0 0.937985 0.746256 0.0111139 0.0435745 7
0 0.67856 0.79238 0.00863667 0.0378417 116
0 0.908991 0.742837 0.00883999 0.0227951 170
0 0.810408 0.773163 0.00885706 0.0419488 123
0 0.764665 0.697784 0.00672197 0.0175087 149
0 0.78814 0.776835 0.0106636 0.0477795 15
0 0.115135 0.98357 0.0312708 0.0212833 212
0 0.827752 0.769984 0.0101527 0.0411054 228
0 0.391412 0.813557 0.0169475 0.0463009 141
0 0.965869 0.742513 0.0103732 0.0488573 232
0 0.783143 0.698732 0.00652018 0.0206208 245
