0 0.453302 0.833564 0.0123991 0.0678368 1
0 0.482998 0.859363 0.0375291 0.0189377 3
0 0.953517 0.849246 0.0220098 0.0415126 4
0 0.831203 0.83468 0.0184932 0.0334624 12
0 0.856136 0.830487 0.0144129 0.0328518 16
0 0.890273 0.976166 0.0577758 0.045311 20
0 0.718224 0.83032 0.0146811 0.0307538 23
0 0.433843 0.914478 0.0242434 0.0359562 21
0 0.561568 0.815221 0.0111504 0.0530933 260
37 0.198152 0.915662 0.0463936 0.0316709 34
0 0.703238 0.790483 0.00866895 0.047745 277
0 0.843009 0.765739 0.0086587 0.0496642 495
0 0.748275 0.782289 0.00894098 0.0496116 11
0 0.116449 0.983643 0.0325697 0.0257661 538
0 0.736576 0.785716 0.0091423 0.0467225 572
0 0.773413 0.777475 0.00992608 0.0507288 228
0 0.79601 0.774003 0.0105196 0.052995 762
0 0.0052936 0.753347 0.0104196 0.0182103 523
0 0.853374 0.83094 0.0217525 0.0341913 865
0 0.663342 0.800887 0.0107433 0.0457151 6
0 0.76136 0.783089 0.0102785 0.0460287 683
0 0.287781 0.723564 0.00722821 0.0165921 879
0 0.937881 0.727973 0.0098134 0.0232901 821
0 0.692228 0.793783 0.00964251 0.0481327 882
37 0.0221659 0.938032 0.0442565 0.0290343 311
