0 0.453159 0.833766 0.0126338 0.0684794 1
0 0.478086 0.853378 0.0178349 0.0315218 3
0 0.953488 0.849876 0.0221781 0.0420797 4
0 0.695937 0.79521 0.00804882 0.0427343 6
0 0.830663 0.835013 0.0177144 0.0329618 12
0 0.85638 0.830876 0.0145063 0.0337802 16
0 0.894444 0.975418 0.0675392 0.0475078 20
0 0.71748 0.830517 0.0128179 0.0310259 23
0 0.434199 0.914365 0.0233753 0.0372648 21
0 0.56062 0.812337 0.0111296 0.0435488 260
8 0.198667 0.915591 0.0440422 0.0326804 34
0 0.702401 0.79385 0.00941696 0.0425239 277
0 0.906281 0.972312 0.0447419 0.0412295 367
0 0.843643 0.765008 0.00705585 0.0488375 495
0 0.755439 0.781549 0.00785284 0.0487156 11
0 0.115103 0.980975 0.0308336 0.022591 538
0 0.73676 0.785134 0.00835032 0.0485181 572
0 0.809284 0.771621 0.00999947 0.0499848 228
0 0.973148 0.763834 0.0157348 0.0255983 649
0 0.796801 0.774924 0.00845108 0.0493546 417
0 0.778233 0.778693 0.00961299 0.0446657 683
37 0.0222127 0.938544 0.0443974 0.0280813 311
0 0.826994 0.768646 0.0101639 0.0534776 762
0 0.79722 0.698024 0.00553942 0.0142935 795
0 0.940676 0.727204 0.00717278 0.0202727 821
0 0.410287 0.760933 0.00437984 0.00850983 837
0 0.42219 0.781402 0.00818563 0.0204814 758
