0 0.452478 0.833838 0.0130863 0.0674762 1
0 0.284608 0.86381 0.0113556 0.0566299 2
0 0.483009 0.82794 0.0140482 0.0573432 3
0 0.953351 0.848399 0.0224069 0.0421855 4
0 0.879492 0.759514 0.007829 0.0430901 5
0 0.698344 0.794477 0.00954795 0.053126 6
0 0.967522 0.738275 0.00885572 0.0406913 7
0 0.520306 0.780779 0.00790338 0.0197216 9
0 0.843276 0.766662 0.0089386 0.0471904 10
0 0.773215 0.779206 0.00908766 0.0474486 11
0 0.830715 0.83444 0.0158166 0.0324346 12
0 0.532611 0.77741 0.00782499 0.0259944 13
0 0.684617 0.794841 0.0102007 0.04458 14
0 0.796374 0.775728 0.00940781 0.0495845 15
0 0.856499 0.827876 0.012476 0.0362724 16
0 0.948443 0.748215 0.0112073 0.0470825 17
0 0.89873 0.741255 0.00907516 0.030935 18
0 0.894362 0.976031 0.0671433 0.0467089 20
0 0.421777 0.912577 0.0188438 0.0464873 21
0 0.471983 0.800215 0.00895805 0.0362626 22
0 0.718577 0.830314 0.0142501 0.0320862 23
0 0.00831774 0.747239 0.00810258 0.017724 25
37 0.198398 0.916396 0.046455 0.0314351 34
0 0.971636 0.762429 0.0130549 0.0274684 64
0 0.788107 0.776787 0.0102666 0.047639 8
0 0.836313 0.770617 0.00935822 0.0402768 61
