0 0.455853 0.833812 0.0126211 0.0679118 1
0 0.47265 0.834229 0.0166692 0.0642851 3
0 0.953539 0.849446 0.0220218 0.0411636 4
0 0.697481 0.794435 0.00912952 0.049148 6
0 0.75501 0.780818 0.00757589 0.0494953 11
0 0.830605 0.834646 0.0172587 0.0335756 12
0 0.856337 0.830148 0.0153516 0.0330181 16
0 0.894509 0.97623 0.0655595 0.0455224 20
0 0.718599 0.830725 0.0142357 0.0301393 23
0 0.355091 0.988938 0.0145703 0.0220989 146
0 0.794197 0.775212 0.0114235 0.0497567 123
0 0.433828 0.913339 0.0235654 0.0384878 21
0 0.521457 0.810036 0.0112297 0.0389798 260
0 0.842927 0.766973 0.00842314 0.0477277 228
37 0.198885 0.916021 0.0466933 0.0323789 34
0 0.764233 0.783949 0.00997305 0.0409861 15
0 0.744103 0.784588 0.00832267 0.0460721 277
0 0.906302 0.972976 0.0441146 0.0397351 367
0 0.330139 0.754734 0.00819914 0.0166887 411
0 0.817207 0.773271 0.00801334 0.0455393 417
0 0.474171 0.779087 0.0096086 0.0237274 309
0 0.865328 0.761188 0.00856495 0.04737 7
0 0.0121996 0.902521 0.00953204 0.0458246 2
0 0.0695083 0.742431 0.00906007 0.0268219 451
0 0.449046 0.780822 0.0087594 0.0193884 459
37 0.0220701 0.938835 0.0441402 0.0277783 311
0 0.996041 0.809875 0.00749674 0.0238679 466
0 0.278612 0.729016 0.00699973 0.016972 475
0 0.00990391 0.752003 0.00911525 0.0176263 347
0 0.929688 0.753736 0.00904322 0.0414443 492
0 0.836329 0.775249 0.0067915 0.0312123 493
0 0.899858 0.754509 0.00955391 0.0462107 495
0 0.703005 0.795548 0.00824184 0.0408728 500
