0 0.451223 0.834188 0.0141597 0.06539 1
0 0.830873 0.834898 0.0178656 0.0335606 12
0 0.856193 0.830896 0.0145888 0.0326793 16
0 0.718028 0.830188 0.0135771 0.0312331 23
0 0.843189 0.767181 0.00880051 0.0466651 495
0 0.114576 0.983789 0.0321969 0.0264197 538
0 0.555366 0.819413 0.00982914 0.0510519 6
0 0.796468 0.775741 0.00896616 0.0492379 953
0 0.47557 0.856456 0.0191015 0.0259045 3
0 0.722036 0.786612 0.00981841 0.0490458 1102
0 0.355141 0.989347 0.014004 0.0213054 1114
37 0.0225493 0.938697 0.0450986 0.0299629 1123
0 0.6185 0.804149 0.0139727 0.0593432 762
0 0.0120681 0.751865 0.00885712 0.0163803 1151
0 0.575889 0.812395 0.0124525 0.0582902 1167
0 0.893624 0.975367 0.0616421 0.0446768 1267
37 0.198044 0.91582 0.0457667 0.0314047 34
0 0.701958 0.792429 0.00852122 0.0444548 1140
0 0.974472 0.762669 0.01828 0.0268511 1353
0 0.905179 0.973156 0.041158 0.0393946 1364
0 0.935731 0.728648 0.00862818 0.0274498 821
0 0.68717 0.79563 0.0106123 0.0438157 1391
0 0.666124 0.800822 0.00845132 0.0470052 1307
0 0.883561 0.984662 0.0448739 0.0280695 1411
0 0.695269 0.794914 0.00866771 0.0427183 1415
0 0.394182 0.897783 0.021378 0.0830609 1403
0 0.948623 0.747509 0.00725288 0.0360428 1376
0 0.435786 0.834915 0.012491 0.0626406 1431
0 0.956858 0.847985 0.0167296 0.034402 4
0 0.391378 0.814344 0.0180118 0.0490145 1324
