0 0.453603 0.833313 0.0116814 0.0675826 1
0 0.0967774 0.897011 0.0157243 0.0622216 2
0 0.479699 0.833091 0.0155815 0.0663951 3
0 0.95341 0.848735 0.021888 0.0394747 4
0 0.698064 0.794566 0.00908518 0.044455 6
0 0.759297 0.783105 0.00709238 0.0464191 11
0 0.830135 0.83475 0.0175715 0.0333682 12
0 0.855828 0.830924 0.0166007 0.0342523 16
0 0.893649 0.974935 0.0643235 0.0463654 20
0 0.718692 0.829808 0.0148241 0.0326547 23
0 0.355054 0.989438 0.0143086 0.0211233 146
0 0.796034 0.775474 0.00839767 0.0475126 123
0 0.436216 0.897294 0.01553 0.0722714 21
0 0.936797 0.74894 0.0085351 0.0483677 232
0 0.51456 0.807542 0.0117251 0.038281 260
0 0.842179 0.765526 0.00997114 0.0474478 228
0 0.899878 0.75547 0.00938816 0.0473731 7
0 0.490094 0.781331 0.00895743 0.02583 309
0 0.884121 0.760298 0.00891762 0.0403293 336
0 0.973606 0.762654 0.0194615 0.0283686 338
37 0.198069 0.915075 0.0457525 0.0328471 34
0 0.00518003 0.750111 0.0100194 0.0190923 347
0 0.785592 0.779221 0.00897789 0.0413059 15
0 0.746401 0.783714 0.0100451 0.0459832 277
0 0.928721 0.740658 0.00664778 0.0303221 361
0 0.905813 0.972376 0.0408943 0.0418523 367
0 0.996494 0.738282 0.00694952 0.035249 300
0 0.692341 0.795506 0.0075242 0.042701 116
