0 0.452869 0.834528 0.0126519 0.0661366 1
0 0.831179 0.835064 0.0167206 0.0321563 12
0 0.853876 0.83429 0.0202862 0.0281567 16
0 0.71848 0.830376 0.0143049 0.0308963 23
0 0.842756 0.764559 0.00869141 0.0411062 495
0 0.114472 0.982494 0.0313777 0.0238879 538
0 0.797279 0.775148 0.00922952 0.049501 953
0 0.475754 0.857714 0.0176026 0.022743 3
0 0.540883 0.81556 0.0133154 0.059626 762
0 0.498838 0.825909 0.0117102 0.0579161 1167
0 0.890973 0.976864 0.0600524 0.043958 1267
37 0.198518 0.9163 0.0443115 0.0308448 34
0 0.732607 0.786296 0.00871868 0.0464281 1140
0 0.904888 0.973286 0.0391788 0.0383802 1364
0 0.688369 0.795171 0.0114863 0.0452798 1391
0 0.624824 0.808437 0.00853195 0.0511692 1307
0 0.883081 0.985154 0.0441865 0.0279216 1411
0 0.955818 0.847244 0.0180211 0.0334624 4
37 0.0222216 0.93879 0.0443821 0.0286292 1123
0 0.702129 0.792297 0.0111214 0.0466515 1465
0 0.965191 0.734384 0.00606737 0.0251866 1490
0 0.242773 0.903147 0.020016 0.0785141 1503
0 0.364038 0.846024 0.0142513 0.0648662 1431
0 0.931821 0.726547 0.008461 0.0211041 1526
0 0.355192 0.989398 0.0148955 0.0211897 1531
0 0.390905 0.826204 0.0181778 0.0726145 1324
0 0.555064 0.818568 0.0103156 0.0485268 6
0 0.64091 0.811243 0.00807467 0.0363102 1495
0 0.741912 0.783314 0.00664129 0.0475121 1102
0 0.920023 0.752642 0.00984936 0.0405447 1376
