0 0.453039 0.833988 0.0129725 0.0672415 1
0 0.227498 0.870916 0.012738 0.0519844 2
0 0.479986 0.82942 0.012988 0.0597905 3
0 0.953388 0.848895 0.0223749 0.0427997 4
0 0.870106 0.761955 0.00803232 0.0386722 5
0 0.698045 0.793895 0.00925016 0.0472447 6
0 0.775979 0.777852 0.00795045 0.0495212 11
0 0.82914 0.834273 0.0181044 0.0325183 12
0 0.519796 0.776876 0.00966244 0.0270828 13
0 0.790635 0.776694 0.013569 0.0478227 15
0 0.854405 0.831533 0.0204825 0.0356874 16
0 0.883702 0.9802 0.0456153 0.0383549 20
0 0.422625 0.910128 0.0190722 0.0500245 21
0 0.717339 0.830874 0.0145315 0.031636 23
0 0.00974927 0.746248 0.0100483 0.0178972 25
37 0.198707 0.915427 0.0458361 0.0329293 34
0 0.818821 0.772736 0.00933199 0.0408012 61
0 0.978218 0.739165 0.00823851 0.0445799 91
0 0.843336 0.764684 0.00774355 0.0445369 102
0 0.971084 0.738991 0.0105801 0.0392142 17
0 0.812812 0.770696 0.00706816 0.0416736 123
0 0.934225 0.730386 0.00857735 0.0268851 127
0 0.852677 0.76474 0.00852795 0.0425295 10
0 0.354427 0.989084 0.0145122 0.0218227 146
0 0.765515 0.694174 0.00561676 0.0109514 149
0 0.94761 0.746512 0.0107692 0.046643 7
0 0.677364 0.791888 0.0101427 0.0356582 116
0 0.907351 0.743561 0.00765772 0.0237807 170
0 0.391133 0.818301 0.0172982 0.0577624 141
