0 0.453565 0.833365 0.0122469 0.0676591 1
0 0.300441 0.861541 0.0154062 0.0568355 2
0 0.485332 0.828005 0.014304 0.0580376 3
0 0.953436 0.848376 0.0222265 0.0420966 4
0 0.881831 0.759721 0.00726624 0.0422351 5
0 0.697602 0.794427 0.00912943 0.0487403 6
0 0.974375 0.733052 0.00801106 0.0315739 7
0 0.786794 0.777151 0.00856876 0.0458383 8
0 0.526007 0.780631 0.0121206 0.0205821 9
0 0.842036 0.766367 0.0103904 0.0498092 10
0 0.769756 0.779026 0.0103832 0.0464545 11
0 0.830894 0.834159 0.0153304 0.0335348 12
0 0.538612 0.776873 0.00768352 0.0269102 13
0 0.684771 0.794787 0.0108139 0.0423184 14
0 0.79604 0.775657 0.00892148 0.0481716 15
0 0.856359 0.827916 0.0129356 0.0354666 16
0 0.940174 0.749178 0.0107965 0.0469756 17
0 0.893717 0.738017 0.00645285 0.0278516 18
0 0.893844 0.975948 0.0655064 0.0464089 20
0 0.423677 0.914296 0.0188716 0.0418853 21
0 0.467048 0.798788 0.00764766 0.0324203 22
0 0.718393 0.830402 0.0131905 0.0313755 23
0 0.0106024 0.751416 0.00712757 0.0173698 25
37 0.198286 0.916312 0.0467592 0.0311024 34
0 0.812828 0.773605 0.00826931 0.0372367 36
