0 0.455045 0.833956 0.0122398 0.067834 1
0 0.475968 0.834171 0.0158859 0.064908 3
0 0.953512 0.849525 0.0220506 0.041192 4
0 0.696777 0.793284 0.0115535 0.0456545 6
0 0.755815 0.781288 0.0100079 0.04957 11
0 0.830581 0.834663 0.0172652 0.0334956 12
0 0.856303 0.830255 0.0152884 0.0327071 16
0 0.894422 0.976211 0.0653139 0.0457569 20
0 0.718462 0.830737 0.0144921 0.0303151 23
0 0.355093 0.989004 0.014544 0.021991 146
0 0.794028 0.776234 0.0108041 0.047878 123
0 0.434521 0.904039 0.0242329 0.0570259 21
0 0.914049 0.754037 0.0128442 0.0469737 232
0 0.516994 0.804508 0.00978289 0.0341571 260
0 0.84265 0.766224 0.00928936 0.047077 228
0 0.973374 0.762812 0.0161161 0.02766 338
8 0.198323 0.915408 0.0470741 0.033239 34
0 0.771018 0.779763 0.00937014 0.0445309 15
0 0.744126 0.783943 0.00929475 0.0479911 277
0 0.906015 0.973079 0.0437201 0.0399732 367
0 0.32502 0.751612 0.0107515 0.01583 411
0 0.825696 0.76848 0.008041 0.0395561 417
0 0.480821 0.778943 0.00844083 0.0221802 309
0 0.877155 0.759125 0.00911722 0.0494941 7
0 0.0432727 0.904633 0.0153735 0.0616387 2
0 0.947338 0.738709 0.00839996 0.0339247 447
0 0.0692556 0.742249 0.00750048 0.0270098 451
0 0.456413 0.780617 0.00767856 0.0181683 459
37 0.0219822 0.938416 0.0439644 0.0301359 311
0 0.996048 0.809848 0.00749445 0.0239206 466
0 0.398892 0.747595 0.00940552 0.0239561 470
0 0.278284 0.729668 0.00717676 0.0156809 475
