0 0.452509 0.833478 0.012461 0.06719 1
0 0.480651 0.858664 0.0332371 0.0208359 3
0 0.953631 0.849876 0.0221738 0.042494 4
0 0.830637 0.834981 0.0174612 0.0328647 12
0 0.856366 0.830733 0.0141073 0.0334184 16
0 0.893757 0.975706 0.0664797 0.0470859 20
0 0.71769 0.830273 0.0131245 0.0314006 23
0 0.432315 0.914801 0.0271751 0.0376899 21
0 0.565004 0.812859 0.0124577 0.0500309 260
37 0.198066 0.916385 0.0447365 0.0313597 34
0 0.702721 0.793366 0.00947266 0.044563 277
0 0.906629 0.972315 0.0433039 0.0414532 367
0 0.843556 0.765907 0.00708628 0.0479377 495
0 0.754827 0.782339 0.00744147 0.0472928 11
0 0.115224 0.981008 0.0307512 0.0228125 538
0 0.736609 0.786702 0.00790944 0.0441953 572
0 0.797494 0.774552 0.0110413 0.0505159 228
0 0.973024 0.762983 0.0152512 0.0254883 649
37 0.0220792 0.938674 0.0441583 0.0279099 311
0 0.815784 0.770335 0.00955935 0.050772 762
0 0.00467789 0.748629 0.00913705 0.0180597 523
0 0.85302 0.831524 0.0219121 0.0343742 865
0 0.688644 0.797161 0.00882463 0.0424728 6
0 0.275705 0.728436 0.00567091 0.014951 873
0 0.0642041 0.742783 0.00826393 0.0306024 733
0 0.772429 0.779643 0.00785022 0.0429365 683
0 0.287858 0.725652 0.00766184 0.0142286 879
0 0.939068 0.728131 0.00601454 0.0216695 821
0 0.695413 0.795319 0.00787349 0.0429371 882
