0 0.453316 0.833736 0.0118971 0.0667534 1
0 0.0779322 0.898935 0.0120581 0.0644355 2
0 0.47718 0.8337 0.0158064 0.0687931 3
0 0.953353 0.848881 0.022044 0.0397353 4
0 0.6993 0.793194 0.0107123 0.0478611 6
0 0.757147 0.784336 0.00864248 0.0451964 11
0 0.830243 0.834709 0.0174105 0.033362 12
0 0.855804 0.830835 0.0166142 0.0341866 16
0 0.894251 0.975232 0.0659621 0.046593 20
0 0.718752 0.830259 0.0145341 0.0317385 23
0 0.354895 0.989314 0.0145289 0.0213287 146
0 0.793973 0.775396 0.00949574 0.0471469 123
0 0.436981 0.909321 0.0184834 0.0470803 21
0 0.929699 0.750172 0.00991707 0.0456571 232
0 0.514775 0.808382 0.00760512 0.0410341 260
0 0.843449 0.76471 0.0086154 0.0461321 228
0 0.891607 0.757634 0.0109452 0.0472666 7
0 0.488343 0.777779 0.00790648 0.0220829 309
0 0.973733 0.762443 0.0188693 0.028205 338
37 0.198015 0.915504 0.0459983 0.0320093 34
0 0.780213 0.780577 0.00921412 0.0401937 15
0 0.745138 0.784459 0.0118363 0.0457776 277
0 0.905663 0.972573 0.0416756 0.0418596 367
37 0.0221665 0.939289 0.0442621 0.030015 311
0 0.00613232 0.751024 0.0106672 0.0187534 347
0 0.853007 0.832217 0.0231406 0.0358401 408
0 0.320309 0.750251 0.00933075 0.0133329 411
0 0.391617 0.816946 0.0172731 0.0542452 416
0 0.835669 0.77026 0.00665226 0.0381287 417
