0 0.452133 0.83421 0.0124839 0.065537 1
0 0.830877 0.834898 0.017854 0.0335341 12
0 0.856165 0.831 0.0145967 0.0326607 16
0 0.717991 0.830091 0.0134973 0.0314146 23
0 0.843411 0.767267 0.00847063 0.0467659 495
0 0.114615 0.983759 0.0321164 0.0264528 538
0 0.555404 0.819374 0.00985227 0.050948 6
0 0.796405 0.775675 0.00887899 0.048991 953
0 0.475685 0.856529 0.0188218 0.0256337 3
0 0.722021 0.786358 0.00973086 0.0498177 1102
0 0.355145 0.989334 0.0140097 0.0213199 1114
37 0.02259 0.93857 0.0451652 0.0301387 1123
0 0.619993 0.802993 0.0121413 0.0590114 762
0 0.0128862 0.751956 0.00809435 0.0167724 1151
0 0.577585 0.812649 0.0148273 0.0581017 1167
0 0.89388 0.975346 0.0624762 0.0446977 1267
37 0.198092 0.915646 0.0455569 0.0316959 34
0 0.702134 0.792605 0.00916739 0.0453456 1140
0 0.974614 0.762568 0.0179507 0.0270222 1353
0 0.905234 0.97315 0.0411026 0.0394287 1364
0 0.935795 0.728552 0.00861931 0.0271832 821
0 0.688005 0.795132 0.0103626 0.0451224 1391
0 0.666494 0.800053 0.00844202 0.0480764 1307
0 0.883608 0.984535 0.0449195 0.0282661 1411
0 0.695045 0.794263 0.00851202 0.0445392 1415
0 0.395525 0.896428 0.0194245 0.0840308 1403
0 0.949862 0.747394 0.00834923 0.0368294 1376
0 0.43729 0.834309 0.0127829 0.0629626 1431
0 0.955669 0.848385 0.0190646 0.0351401 4
0 0.391283 0.812658 0.0177629 0.0450768 1324
