0 0.452496 0.833679 0.0110238 0.0674266 1
0 0.83088 0.834896 0.0178528 0.0335142 12
0 0.855896 0.83057 0.0139126 0.0321524 16
0 0.718105 0.830072 0.0137439 0.0314457 23
0 0.843509 0.766558 0.0079114 0.0483726 495
0 0.114613 0.983746 0.0322837 0.0265093 538
0 0.555098 0.81936 0.00987811 0.0500717 6
0 0.796288 0.776109 0.0087913 0.0487381 953
0 0.475063 0.856255 0.0187063 0.0263579 3
0 0.722904 0.786362 0.00864291 0.0499395 1102
0 0.355311 0.989373 0.0136512 0.021247 1114
37 0.0225466 0.938691 0.0450901 0.0302474 1123
0 0.627325 0.803574 0.013983 0.0607738 762
0 0.00592957 0.978191 0.0117806 0.0206167 1150
0 0.014538 0.752269 0.00839108 0.0170545 1151
0 0.584831 0.809624 0.0109931 0.0547713 1167
0 0.893674 0.975442 0.0625707 0.0447982 1267
37 0.197962 0.915833 0.0454918 0.0313471 34
0 0.702379 0.79229 0.00877109 0.0433066 1140
0 0.974748 0.762235 0.0181195 0.0274373 1353
0 0.905126 0.973153 0.0412081 0.0394335 1364
0 0.954323 0.849842 0.0215781 0.0384305 1380
0 0.935849 0.728354 0.00770063 0.0255993 821
0 0.689018 0.794957 0.00896301 0.0451612 1391
0 0.484759 0.85619 0.0387025 0.0265728 1405
0 0.671132 0.793582 0.00978065 0.0336151 1307
0 0.883533 0.984498 0.0451163 0.0285671 1411
0 0.695327 0.79263 0.0074995 0.04644 1415
0 0.057008 0.742401 0.00762861 0.0207662 1421
0 0.278433 0.727664 0.00475359 0.0160624 1422
0 0.412224 0.897029 0.0240193 0.0799653 1403
0 0.953912 0.747249 0.00809345 0.038831 1376
0 0.44362 0.835511 0.0130513 0.0623242 1431
0 0.957569 0.8483 0.0153533 0.0348629 4
