0 0.45212 0.833529 0.0126709 0.0687064 1
0 0.953752 0.850031 0.0228248 0.04287 4
0 0.830561 0.834622 0.017442 0.0334132 12
0 0.856367 0.830489 0.0136539 0.0322413 16
0 0.890346 0.9757 0.0578211 0.0455642 20
0 0.718294 0.83087 0.0145383 0.0307987 23
0 0.434413 0.914081 0.02216 0.0369996 21
0 0.55394 0.816341 0.0119764 0.0552316 260
8 0.199374 0.91611 0.0463547 0.0309475 34
0 0.702685 0.791984 0.0101131 0.0475797 277
0 0.843043 0.763548 0.0068284 0.0395723 495
0 0.114407 0.981495 0.0323436 0.0296791 538
0 0.736742 0.785925 0.0089489 0.0472844 572
0 0.773842 0.777282 0.0116609 0.0507005 762
0 0.637289 0.804744 0.00988221 0.0492371 6
0 0.939817 0.72836 0.00730438 0.0210203 821
0 0.692464 0.796483 0.00969872 0.0457214 882
0 0.797013 0.77553 0.0120457 0.0495359 953
0 0.057939 0.740172 0.00521602 0.0192062 955
0 0.974353 0.763236 0.0204363 0.0263639 649
0 0.676234 0.815454 0.015636 0.0176153 971
0 0.00466134 0.751752 0.00872229 0.0177077 523
0 0.475093 0.855618 0.0288297 0.030188 3
0 0.745976 0.782406 0.0111799 0.0501648 228
0 0.755146 0.788413 0.00703425 0.0348504 998
