0 0.453247 0.833717 0.0119668 0.0667026 1
0 0.075009 0.900478 0.0108133 0.065116 2
0 0.477064 0.834009 0.0167345 0.0684432 3
0 0.953353 0.848872 0.0219995 0.039735 4
0 0.699684 0.793787 0.010953 0.0492379 6
0 0.756976 0.784136 0.00882845 0.0453907 11
0 0.830247 0.834705 0.0174118 0.0332325 12
0 0.855811 0.831422 0.0168536 0.035107 16
0 0.894193 0.975339 0.0662173 0.046648 20
0 0.718769 0.830299 0.0144811 0.0316424 23
0 0.354917 0.989153 0.0144386 0.0215974 146
0 0.794043 0.775281 0.00933108 0.0465851 123
0 0.433861 0.908729 0.0200233 0.0478236 21
0 0.92863 0.750695 0.0109927 0.0476445 232
0 0.51474 0.808428 0.00920777 0.0407324 260
0 0.843279 0.764886 0.00841475 0.0460312 228
0 0.890326 0.758078 0.00849571 0.0392337 7
0 0.488483 0.776867 0.00798192 0.0219142 309
0 0.973626 0.762433 0.0186384 0.0282624 338
37 0.197934 0.915632 0.0461313 0.0319528 34
0 0.778824 0.778755 0.00871439 0.0436462 15
0 0.746116 0.784215 0.00982361 0.0455305 277
0 0.905332 0.972566 0.0421594 0.0418918 367
0 0.00624468 0.751403 0.0106924 0.0185094 347
0 0.852339 0.832195 0.024141 0.037417 408
0 0.320082 0.750226 0.00839098 0.0127738 411
0 0.391657 0.816846 0.0179306 0.0534692 416
0 0.834887 0.7698 0.00778055 0.0422521 417
