0 0.452808 0.833131 0.0129433 0.0676988 1
0 0.473067 0.854906 0.0187119 0.0309562 3
0 0.953377 0.849675 0.0223163 0.0416999 4
0 0.69208 0.794541 0.00945411 0.0440161 6
0 0.830497 0.834778 0.0176919 0.0335884 12
0 0.855173 0.830426 0.0160064 0.0341815 16
0 0.891504 0.976301 0.0613309 0.0460342 20
0 0.718522 0.829846 0.0144011 0.0320825 23
0 0.434679 0.914228 0.0223476 0.0375313 21
0 0.549514 0.813014 0.0109487 0.0441351 260
37 0.198671 0.915843 0.0452678 0.0313107 34
0 0.720423 0.789633 0.00989146 0.0446849 277
0 0.903373 0.972805 0.0379844 0.0390488 367
0 0.844457 0.765421 0.0109389 0.0497755 495
0 0.703719 0.790604 0.01136 0.0473994 500
0 0.00794614 0.751207 0.0100252 0.0184512 523
0 0.755733 0.781225 0.00736752 0.048848 11
0 0.115347 0.983277 0.0310315 0.0261934 538
0 0.812967 0.781165 0.00615244 0.0317016 493
0 0.740485 0.785078 0.00862055 0.0458352 572
0 0.821946 0.770897 0.0124985 0.0499297 228
0 0.359119 0.753918 0.0048902 0.0122465 411
0 0.00539024 0.97842 0.0107453 0.0205763 627
0 0.974377 0.763451 0.018873 0.0252914 649
0 0.521947 0.738615 0.00731044 0.0116286 673
0 0.797432 0.775943 0.00834126 0.0480585 417
0 0.7908 0.777656 0.00738454 0.0429281 683
0 0.318719 0.713767 0.00581522 0.0180317 570
37 0.022202 0.938034 0.0443082 0.0295812 311
0 0.276948 0.726307 0.00373752 0.0159065 694
