0 0.451835 0.834368 0.0124372 0.0662756 1
0 0.953674 0.849774 0.0224301 0.0412272 4
0 0.830829 0.834476 0.0177095 0.0338868 12
0 0.856008 0.829276 0.0136334 0.0333128 16
0 0.718592 0.830667 0.0136013 0.0310204 23
0 0.432383 0.914194 0.0266441 0.0370043 21
0 0.511274 0.822272 0.0117811 0.0533665 260
37 0.197594 0.915999 0.044987 0.0311735 34
0 0.842428 0.766978 0.00913439 0.0460351 495
0 0.115649 0.9828 0.0354745 0.0274296 538
0 0.692155 0.794387 0.00859857 0.0459486 572
0 0.577663 0.815965 0.0105924 0.0514207 6
0 0.938759 0.728573 0.00886831 0.0184482 821
0 0.796538 0.774708 0.00781436 0.0471213 953
0 0.974021 0.761781 0.0173706 0.0285494 649
0 0.474776 0.856771 0.0178955 0.0250844 3
0 0.746368 0.781208 0.00739946 0.0471381 1102
0 0.355393 0.989139 0.0138862 0.0217209 1114
37 0.0221997 0.938065 0.0443115 0.0299142 1123
0 0.718772 0.788428 0.00861483 0.0475931 1140
0 0.699512 0.788506 0.00833592 0.0531579 762
0 0.00558462 0.979364 0.0110867 0.0178301 1150
0 0.0126682 0.749898 0.0101474 0.01913 1151
0 0.378142 0.77555 0.0051367 0.0161764 1152
0 0.668986 0.793172 0.00969915 0.0508001 1167
0 0.841499 0.696699 0.00473728 0.0186863 1201
0 0.710628 0.790122 0.00863366 0.0443479 1033
0 0.314285 0.714046 0.00714648 0.015878 1103
0 0.989495 0.742707 0.00890551 0.0457945 1233
