0 0.452558 0.833669 0.0128045 0.0677191 1
0 0.290871 0.863464 0.0136739 0.0567842 2
0 0.483993 0.827671 0.0145837 0.057438 3
0 0.953369 0.84838 0.0223737 0.0421527 4
0 0.879686 0.759557 0.00780382 0.0430027 5
0 0.698062 0.795295 0.00996556 0.0539195 6
0 0.9703 0.737193 0.00793571 0.0384488 7
0 0.788276 0.777613 0.0107362 0.047855 8
0 0.522072 0.780868 0.00890336 0.0210997 9
0 0.84384 0.766077 0.00783587 0.0468415 10
0 0.771662 0.780339 0.00952005 0.0500221 11
0 0.830792 0.83445 0.0156447 0.032572 12
0 0.534073 0.777078 0.00821853 0.0266667 13
0 0.684308 0.795447 0.0108507 0.0451374 14
0 0.796497 0.77615 0.00795493 0.0484403 15
0 0.856414 0.827845 0.0127547 0.0354632 16
0 0.945873 0.745608 0.011659 0.0441079 17
0 0.897895 0.738826 0.00765161 0.0305038 18
0 0.89476 0.976114 0.067451 0.0463914 20
0 0.422769 0.913392 0.0169709 0.0437937 21
0 0.470771 0.797979 0.00887551 0.0331768 22
0 0.718635 0.830379 0.0139187 0.031722 23
0 0.00938394 0.748856 0.00695742 0.0180767 25
37 0.198248 0.916156 0.0461934 0.0318069 34
0 0.838642 0.7687 0.00899181 0.0431136 61
0 0.971788 0.762821 0.0131104 0.0268157 64
