0 0.453599 0.833391 0.0116566 0.0673191 1
0 0.0958807 0.897819 0.0163506 0.0625432 2
0 0.47996 0.833043 0.0145924 0.0655591 3
0 0.953429 0.848698 0.0218541 0.0393775 4
0 0.698448 0.794239 0.00911098 0.0453065 6
0 0.758799 0.78254 0.00706549 0.0468999 11
0 0.830185 0.834755 0.0175395 0.0333681 12
0 0.855819 0.83088 0.0166134 0.0342662 16
0 0.893631 0.975073 0.0644836 0.046239 20
0 0.718762 0.829888 0.0146577 0.0324844 23
0 0.354984 0.989431 0.0144275 0.0211384 146
0 0.795604 0.775953 0.00845141 0.046611 123
0 0.436203 0.899338 0.0156207 0.0686573 21
0 0.936162 0.750678 0.00832586 0.044662 232
0 0.514524 0.806954 0.0115496 0.0371952 260
0 0.84316 0.765522 0.00847254 0.0471593 228
0 0.89872 0.755796 0.00879974 0.046397 7
0 0.489435 0.78153 0.00917563 0.0257924 309
0 0.884295 0.759689 0.00783806 0.0404093 336
0 0.973751 0.762501 0.0191739 0.0284373 338
37 0.197897 0.91496 0.045913 0.0330221 34
0 0.00650007 0.749928 0.00760176 0.0189401 347
0 0.785054 0.778856 0.00853724 0.0415827 15
0 0.746398 0.783516 0.00986681 0.0465417 277
0 0.928979 0.740916 0.00644331 0.0299238 361
0 0.905764 0.972476 0.0408451 0.0417948 367
0 0.997176 0.739307 0.00547304 0.0327885 300
0 0.692276 0.795344 0.00759988 0.0426763 116
