0 0.452596 0.834825 0.0115086 0.0652242 1
0 0.830829 0.835177 0.0174655 0.0323187 12
0 0.857522 0.831534 0.0121181 0.0277011 16
0 0.717993 0.830135 0.0138288 0.0316466 23
0 0.843046 0.761904 0.00805359 0.0368573 495
0 0.115102 0.982819 0.0341082 0.0277276 538
0 0.796619 0.775067 0.00855203 0.0496768 953
0 0.475413 0.85749 0.0188939 0.0234652 3
0 0.727126 0.786489 0.0124263 0.0504915 1102
0 0.58889 0.809349 0.0127543 0.0569251 762
0 0.548224 0.816172 0.0102238 0.0530273 1167
0 0.894026 0.97566 0.0649025 0.044276 1267
37 0.198015 0.916158 0.0449178 0.0307662 34
0 0.714301 0.790489 0.0107947 0.0499678 1140
0 0.971667 0.762494 0.0133782 0.027016 1353
0 0.906396 0.9733 0.0400139 0.0394445 1364
0 0.689524 0.795464 0.0110402 0.046494 1391
0 0.652592 0.801539 0.0087215 0.0460536 1307
0 0.883797 0.98152 0.0449525 0.0345896 1411
0 0.405504 0.841325 0.0133686 0.0582931 1431
0 0.956459 0.847727 0.0163865 0.0348261 4
0 0.483834 0.857666 0.0364627 0.0237332 1405
37 0.0221598 0.938848 0.0443197 0.0302243 1123
0 0.701055 0.794851 0.0108827 0.0509007 1465
0 0.338137 0.901256 0.0235438 0.0816293 1473
0 0.555262 0.818584 0.00827503 0.0486735 6
0 0.391058 0.819342 0.0180321 0.0589719 1324
0 0.0519458 0.740811 0.00427841 0.0142481 1486
0 0.931052 0.746613 0.00872688 0.052449 1376
