0 0.452413 0.83454 0.0126038 0.0663121 1
0 0.953744 0.849761 0.0218178 0.0426398 4
0 0.83078 0.83468 0.0174285 0.0334855 12
0 0.856891 0.829016 0.0135278 0.0338376 16
0 0.883592 0.981827 0.0442914 0.0351137 20
0 0.717931 0.83087 0.0124011 0.0303101 23
0 0.433732 0.91459 0.0243618 0.0371883 21
0 0.532652 0.819512 0.013961 0.0516908 260
37 0.198223 0.916053 0.0454264 0.0310475 34
0 0.842599 0.766349 0.00855179 0.0444141 495
0 0.114844 0.982607 0.0321937 0.0269009 538
0 0.700081 0.791016 0.0100314 0.0497303 572
0 0.730236 0.784256 0.00994806 0.0510381 762
0 0.600258 0.810586 0.0110021 0.0464973 6
0 0.939566 0.728541 0.00716734 0.0210755 821
0 0.692223 0.795228 0.00912943 0.0487362 882
0 0.797085 0.775451 0.00737305 0.0475381 953
0 0.97408 0.762819 0.0179234 0.0266638 649
0 0.67652 0.815216 0.0166057 0.0188921 971
0 0.00736779 0.74753 0.00942096 0.0159252 523
0 0.475776 0.854181 0.0161557 0.0299419 3
0 0.72151 0.788673 0.0083827 0.0434114 1033
0 0.746634 0.782247 0.00757689 0.0454965 1102
0 0.312731 0.707981 0.0070395 0.0154731 1103
0 0.354452 0.989182 0.0149734 0.0216136 1114
0 0.287359 0.725011 0.00561776 0.0159625 1121
37 0.0221679 0.938577 0.0443243 0.029182 1123
0 0.269772 0.734076 0.00747039 0.017638 1117
