0 0.453015 0.834206 0.0129423 0.0670053 1
0 0.217566 0.873674 0.0133933 0.0551092 2
0 0.479899 0.829724 0.0139412 0.0622076 3
0 0.953471 0.848853 0.0223063 0.0426623 4
0 0.867702 0.763086 0.0081459 0.0422481 5
0 0.69798 0.794474 0.00910773 0.0462017 6
0 0.776579 0.777998 0.0086113 0.0492947 11
0 0.829663 0.834399 0.0174632 0.0327232 12
0 0.518448 0.782337 0.010568 0.0356177 13
0 0.789749 0.777684 0.0127593 0.047648 15
0 0.854961 0.832229 0.0199277 0.0335395 16
0 0.883474 0.979839 0.0449097 0.0389012 20
0 0.42595 0.909895 0.0174389 0.0496069 21
0 0.717713 0.83056 0.0151434 0.0322332 23
0 0.00986731 0.746962 0.00950911 0.0173412 25
8 0.198716 0.915497 0.0456644 0.032488 34
0 0.816772 0.773217 0.00983286 0.0423179 61
0 0.843034 0.764282 0.00724306 0.0455959 102
0 0.977067 0.737729 0.0100571 0.042126 17
0 0.848302 0.765982 0.00846281 0.0422562 10
0 0.35426 0.988822 0.0154169 0.0223561 146
0 0.765737 0.694692 0.00616245 0.0119765 149
0 0.944962 0.747176 0.00862665 0.0446864 7
0 0.676907 0.792871 0.00916934 0.0371253 116
0 0.90801 0.744299 0.00876713 0.0242799 170
0 0.391005 0.81858 0.0173571 0.0578417 141
37 0.0221205 0.938392 0.0442388 0.029412 192
0 0.956991 0.741788 0.00870638 0.0300285 194
0 0.815457 0.772623 0.00857429 0.0395326 123
