0 0.453491 0.834152 0.0113222 0.0656124 1
0 0.831258 0.835184 0.0168996 0.032337 12
0 0.854006 0.835398 0.0206504 0.0257409 16
0 0.718459 0.830098 0.0133058 0.031672 23
0 0.842984 0.765935 0.00838737 0.0444827 495
0 0.114289 0.982907 0.032186 0.0258709 538
0 0.796526 0.774782 0.00834031 0.0486743 953
0 0.475785 0.858095 0.0180023 0.0220341 3
0 0.532322 0.816547 0.012846 0.0602134 762
0 0.491815 0.825886 0.0101084 0.0585564 1167
0 0.893896 0.975419 0.0649943 0.0455403 1267
37 0.19881 0.916346 0.0458089 0.030721 34
0 0.732657 0.786158 0.00893979 0.0460109 1140
0 0.906468 0.972536 0.0406569 0.0391805 1364
0 0.689241 0.795423 0.0102199 0.0467469 1391
0 0.621718 0.810219 0.0103891 0.0510305 1307
0 0.883766 0.980138 0.0450969 0.0382582 1411
0 0.956384 0.848807 0.0163422 0.0367984 4
37 0.0221797 0.938539 0.0442489 0.0287192 1123
0 0.702778 0.79166 0.0109412 0.0478085 1465
0 0.229002 0.89945 0.0126004 0.0723748 1503
0 0.360274 0.848059 0.0121116 0.062098 1431
0 0.930482 0.72805 0.00758228 0.0242365 1526
0 0.355476 0.989332 0.0140729 0.021335 1531
0 0.554834 0.818952 0.0102794 0.0481689 6
0 0.636562 0.811196 0.00717387 0.0342193 1495
0 0.742759 0.783113 0.00883694 0.0500328 1102
0 0.917309 0.750784 0.00818529 0.0395757 1376
