0 0.455592 0.833581 0.0125039 0.0685247 1
0 0.476396 0.834572 0.0147492 0.0662163 3
0 0.953533 0.849462 0.0220537 0.041112 4
0 0.698029 0.792149 0.0110753 0.048131 6
0 0.75581 0.781694 0.00753622 0.04696 11
0 0.830595 0.834639 0.0172085 0.033552 12
0 0.856303 0.830215 0.0153314 0.0329385 16
0 0.894527 0.976231 0.0656056 0.0457248 20
0 0.718518 0.83072 0.0143972 0.0304442 23
0 0.355077 0.988917 0.0146292 0.0221339 146
0 0.793778 0.775083 0.0110483 0.0474364 123
0 0.433817 0.913242 0.0244173 0.0397772 21
0 0.519185 0.806816 0.00949464 0.0368752 260
0 0.84309 0.766735 0.00838566 0.0475365 228
37 0.198588 0.915854 0.0471102 0.0323458 34
0 0.767184 0.782608 0.0092176 0.0400052 15
0 0.744144 0.783863 0.00867705 0.0465608 277
0 0.906198 0.973121 0.0440481 0.0401477 367
0 0.32748 0.753368 0.00924048 0.0166339 411
0 0.820375 0.770358 0.00857306 0.0411165 417
0 0.476517 0.779853 0.00783977 0.0217121 309
0 0.87079 0.759903 0.00881796 0.0466003 7
0 0.0236274 0.901979 0.0126081 0.0487852 2
0 0.0697294 0.742841 0.00934787 0.0287505 451
0 0.451277 0.780179 0.00724363 0.0174614 459
37 0.022118 0.938486 0.0441216 0.0289059 311
0 0.996046 0.809857 0.00748539 0.0239075 466
0 0.278749 0.728791 0.00626445 0.0155971 475
0 0.00959934 0.751037 0.0085362 0.0161696 347
0 0.923286 0.751871 0.00869341 0.0404879 492
0 0.836596 0.774713 0.00686817 0.0282956 493
0 0.905508 0.755035 0.0100727 0.0476245 495
