0 0.452505 0.83415 0.0123508 0.0667942 1
0 0.953701 0.849996 0.022002 0.0424883 4
0 0.83077 0.83473 0.0174637 0.0334391 12
0 0.855898 0.830194 0.0149515 0.0326418 16
0 0.883367 0.984744 0.0435472 0.0292952 20
0 0.71804 0.830791 0.0131469 0.0305995 23
0 0.43354 0.91423 0.0250005 0.0372738 21
0 0.539209 0.820908 0.0129831 0.0586166 260
37 0.198158 0.915924 0.0454466 0.0304866 34
0 0.701217 0.792536 0.00928178 0.0462643 277
0 0.842772 0.765923 0.00856724 0.0444645 495
0 0.114641 0.98219 0.0317845 0.0275423 538
0 0.710532 0.788301 0.0102416 0.0480382 572
0 0.740633 0.785419 0.0120245 0.0454776 762
0 0.60815 0.810281 0.0113608 0.0467143 6
0 0.939685 0.728069 0.00643129 0.0208286 821
0 0.692648 0.794819 0.00991812 0.0489336 882
0 0.796975 0.775955 0.00727639 0.0479536 953
0 0.974096 0.762662 0.0185091 0.0266931 649
0 0.676464 0.81505 0.0165236 0.0190357 971
0 0.00692841 0.748554 0.00728792 0.0178693 523
0 0.47593 0.85419 0.0156128 0.0294587 3
0 0.726109 0.787251 0.00776267 0.0425928 1033
0 0.0600223 0.737871 0.00563068 0.0190637 955
0 0.7474 0.784801 0.00736537 0.0419453 1102
0 0.313676 0.711923 0.00626538 0.0144057 1103
0 0.731809 0.787202 0.00820088 0.0445467 1109
0 0.743146 0.785522 0.00767055 0.0441307 1031
