0 0.452843 0.833912 0.0127108 0.0670865 1
0 0.831023 0.83505 0.0182221 0.0332334 12
0 0.855995 0.830223 0.0139463 0.0326839 16
0 0.718089 0.830064 0.0136594 0.0315917 23
0 0.843512 0.766614 0.00785904 0.0482217 495
0 0.114414 0.983585 0.0322698 0.0264681 538
0 0.554902 0.818826 0.0103472 0.0502271 6
0 0.796395 0.775563 0.00865312 0.0493778 953
0 0.476067 0.857681 0.019619 0.0235668 3
0 0.725255 0.786487 0.00788112 0.049346 1102
0 0.355172 0.989285 0.0141379 0.0214292 1114
37 0.0221502 0.938629 0.0443004 0.030671 1123
0 0.637542 0.801312 0.0139104 0.0588454 762
0 0.00745371 0.977426 0.0148845 0.0214895 1150
0 0.017521 0.753124 0.0110642 0.01831 1151
0 0.592916 0.809054 0.0115478 0.0570638 1167
0 0.893473 0.975349 0.0633139 0.0454219 1267
8 0.19824 0.915721 0.0453377 0.0317851 34
0 0.702283 0.792296 0.00961866 0.0441579 1140
0 0.973749 0.762299 0.0172316 0.027508 1353
0 0.90569 0.972949 0.0420323 0.0403193 1364
0 0.953733 0.849973 0.0207037 0.0388674 1380
0 0.937111 0.728424 0.00740185 0.0226122 821
0 0.687797 0.79462 0.00798187 0.0457147 1391
0 0.430047 0.896539 0.0228015 0.0799559 1403
0 0.485157 0.857774 0.0356587 0.0235319 1405
0 0.674927 0.791787 0.00822697 0.0376593 1307
0 0.883728 0.983062 0.0450707 0.0317027 1411
0 0.695053 0.792595 0.00785728 0.047058 1415
0 0.95635 0.848392 0.0171049 0.0354608 4
0 0.957811 0.748082 0.00656881 0.0371746 1376
