0 0.454953 0.833982 0.011737 0.0678461 1
0 0.476045 0.83321 0.0151546 0.065727 3
0 0.953519 0.84952 0.0220612 0.0412313 4
0 0.69649 0.793521 0.0103409 0.045566 6
0 0.755855 0.781682 0.00972972 0.0491907 11
0 0.830587 0.834646 0.0172527 0.0334488 12
0 0.856276 0.830236 0.0153084 0.0327596 16
0 0.894515 0.976244 0.065517 0.0457411 20
0 0.71846 0.830679 0.0144929 0.0303985 23
0 0.355076 0.988985 0.014599 0.0220294 146
0 0.794194 0.77645 0.0106219 0.0478313 123
0 0.435832 0.903295 0.0214646 0.0594901 21
0 0.91393 0.753206 0.00953531 0.0462897 232
0 0.517222 0.804713 0.0109984 0.0351762 260
0 0.842719 0.766496 0.00910549 0.0476561 228
0 0.972754 0.762751 0.0147854 0.0276522 338
8 0.198456 0.915278 0.0467202 0.0332277 34
0 0.77156 0.779806 0.0092144 0.0438276 15
0 0.744392 0.783856 0.00969334 0.0478667 277
0 0.906096 0.973125 0.0439075 0.0400742 367
0 0.324924 0.751783 0.0104762 0.0161596 411
0 0.826797 0.769214 0.00842047 0.0401652 417
0 0.481339 0.778742 0.00855479 0.0218634 309
0 0.877613 0.759235 0.00904856 0.0505517 7
0 0.0447473 0.903471 0.0141934 0.062207 2
0 0.946749 0.73854 0.00828657 0.033618 447
0 0.069221 0.742197 0.00732239 0.0272786 451
0 0.456976 0.780757 0.00787096 0.0183478 459
37 0.0220306 0.93825 0.0440613 0.0309964 311
0 0.996052 0.809889 0.00749111 0.0238182 466
0 0.398214 0.748187 0.00985441 0.0202272 470
0 0.27871 0.729443 0.00643942 0.0158498 475
