0 0.452453 0.834005 0.0125387 0.0670225 1
0 0.953671 0.849952 0.0219158 0.0423131 4
0 0.830765 0.834755 0.0176497 0.033391 12
0 0.856265 0.83 0.0142279 0.0322517 16
0 0.883378 0.981927 0.0439442 0.0350051 20
0 0.718286 0.830684 0.0131315 0.0310504 23
0 0.433721 0.914101 0.0252189 0.0376142 21
0 0.541963 0.819537 0.0124115 0.0562031 260
37 0.198164 0.914243 0.0455246 0.0336611 34
0 0.70227 0.792626 0.010216 0.0458885 277
0 0.843113 0.765812 0.00820894 0.043734 495
0 0.114568 0.981842 0.0317146 0.0273394 538
0 0.717568 0.78731 0.00997901 0.0496201 572
0 0.746326 0.781398 0.0103025 0.0516759 762
0 0.614235 0.808921 0.0102115 0.0472415 6
0 0.938628 0.728752 0.00792961 0.0209113 821
0 0.692713 0.795259 0.0101627 0.0478572 882
0 0.796637 0.775996 0.00793896 0.04806 953
0 0.973237 0.762557 0.01708 0.0271822 649
0 0.676372 0.814947 0.0165976 0.0195056 971
0 0.00479951 0.751619 0.00930799 0.0190215 523
0 0.475634 0.853788 0.0157845 0.0304838 3
0 0.275696 0.729315 0.00573404 0.0163924 999
0 0.065294 0.751254 0.00561448 0.0134245 1030
0 0.731215 0.786466 0.00984921 0.0463051 1033
0 0.737832 0.792804 0.00734844 0.032589 1058
0 0.059088 0.74111 0.00564849 0.0267497 955
