0 0.452962 0.833957 0.012608 0.0676914 1
0 0.187506 0.875724 0.0109624 0.0520544 2
0 0.481078 0.831396 0.0137372 0.0633158 3
0 0.953432 0.84927 0.0224816 0.042273 4
0 0.861569 0.763679 0.00890665 0.0413405 5
0 0.69795 0.792825 0.00947261 0.0507111 6
0 0.775078 0.778837 0.0107299 0.04817 11
0 0.830367 0.834475 0.0181141 0.0330455 12
0 0.510975 0.778794 0.0105853 0.0240408 13
0 0.855734 0.830861 0.0157465 0.0331476 16
0 0.883432 0.980258 0.0450051 0.0372731 20
0 0.717238 0.830303 0.0147676 0.0313549 23
0 0.00867963 0.749681 0.00795849 0.0177734 25
8 0.198914 0.915945 0.0451931 0.0312419 34
0 0.842842 0.76579 0.0102163 0.0468731 102
0 0.985191 0.738375 0.0102483 0.0474525 17
0 0.354935 0.989216 0.0148641 0.0215689 146
0 0.935996 0.746699 0.00954142 0.0460311 7
0 0.68036 0.793617 0.00898829 0.0388963 116
0 0.909872 0.741831 0.0083045 0.0205638 170
0 0.810046 0.775147 0.00821447 0.0439388 123
0 0.765063 0.697379 0.006391 0.0170489 149
0 0.78794 0.77683 0.0112747 0.047524 15
0 0.115204 0.984074 0.031074 0.0220109 212
0 0.83041 0.768694 0.00886297 0.0427566 228
0 0.965632 0.745895 0.0103937 0.055132 232
0 0.783705 0.697948 0.00686822 0.0172688 245
0 0.486205 0.766296 0.00673308 0.0214183 257
0 0.496482 0.80733 0.0121737 0.0358348 260
0 0.424193 0.91556 0.0200154 0.0394388 21
