0 0.452766 0.833509 0.0125567 0.0673386 1
0 0.481002 0.858043 0.0330107 0.0224288 3
0 0.953597 0.849875 0.0221524 0.042494 4
0 0.830641 0.835007 0.0175987 0.0329347 12
0 0.856336 0.830777 0.0140715 0.0334119 16
0 0.894013 0.975584 0.0668854 0.0467668 20
0 0.717574 0.830453 0.0127633 0.0310097 23
0 0.432668 0.914738 0.0264394 0.0376262 21
0 0.565197 0.812213 0.0131422 0.0476114 260
37 0.198322 0.916283 0.0444533 0.0312565 34
0 0.702883 0.793609 0.00935345 0.0439441 277
0 0.906591 0.972314 0.043633 0.0412749 367
0 0.843602 0.765846 0.00705452 0.0479362 495
0 0.755228 0.783573 0.00748768 0.0447288 11
0 0.115211 0.980877 0.030704 0.0225201 538
0 0.736783 0.785626 0.00804071 0.0468401 572
0 0.801088 0.774321 0.00749836 0.048442 228
0 0.972584 0.762997 0.0137237 0.0258373 649
0 0.795932 0.775036 0.00781736 0.0491246 417
37 0.0220795 0.938614 0.044159 0.0280978 311
0 0.818405 0.770971 0.0116608 0.050053 762
0 0.00456723 0.74902 0.00888091 0.0177368 523
0 0.853101 0.831537 0.0217189 0.0343018 865
0 0.690234 0.796452 0.0089891 0.0392058 6
0 0.276265 0.72787 0.00632446 0.0145752 873
0 0.0640529 0.742855 0.0085976 0.0319877 733
0 0.773906 0.780159 0.0089942 0.041986 683
