0 0.453268 0.833571 0.0117866 0.0667667 1
0 0.0725504 0.901127 0.0133927 0.0625728 2
0 0.477014 0.834612 0.0165492 0.0661517 3
0 0.953362 0.848899 0.0220096 0.0397244 4
0 0.699438 0.79359 0.0108235 0.0468405 6
0 0.755994 0.784238 0.00884895 0.0448778 11
0 0.83025 0.834716 0.0174057 0.0332281 12
0 0.855755 0.831134 0.0166651 0.0344324 16
0 0.894122 0.975464 0.0663545 0.0467205 20
0 0.718757 0.830565 0.0144534 0.0311188 23
0 0.354902 0.989168 0.01444 0.0215996 146
0 0.793839 0.775375 0.00912304 0.0458602 123
0 0.4339 0.908417 0.0238167 0.0494866 21
0 0.926773 0.751069 0.0106084 0.0464222 232
0 0.515148 0.8089 0.00980015 0.0405189 260
0 0.843245 0.76527 0.00794926 0.0467639 228
0 0.973559 0.762473 0.0185268 0.0281715 338
37 0.197978 0.915767 0.0461337 0.0317245 34
0 0.777483 0.779784 0.00899682 0.0437408 15
0 0.746161 0.784259 0.0101337 0.0458445 277
0 0.905502 0.972618 0.0419778 0.0420508 367
0 0.00671931 0.751902 0.00974657 0.0180013 347
0 0.852319 0.832231 0.0242231 0.0374368 408
0 0.320512 0.750309 0.00885932 0.0130315 411
0 0.833996 0.770443 0.00823307 0.0421494 417
0 0.487135 0.777179 0.0101928 0.0228663 309
