0 0.453535 0.833412 0.0117126 0.067271 1
0 0.09483 0.898052 0.0155746 0.0628554 2
0 0.479981 0.83309 0.0143339 0.0658554 3
0 0.953411 0.848728 0.0218859 0.0394446 4
0 0.698628 0.793853 0.00915956 0.0454096 6
0 0.758217 0.782096 0.00724306 0.0482393 11
0 0.830197 0.834751 0.0175287 0.0333474 12
0 0.855824 0.830879 0.0166244 0.0342154 16
0 0.893674 0.97511 0.0646627 0.0462276 20
0 0.718805 0.830427 0.0145236 0.0313961 23
0 0.354963 0.989422 0.0144559 0.0211508 146
0 0.795303 0.775882 0.00866427 0.046876 123
0 0.436349 0.899996 0.0157377 0.0673905 21
0 0.935789 0.751369 0.0077117 0.0435696 232
0 0.514391 0.806928 0.0113424 0.0369812 260
0 0.84269 0.765496 0.00884733 0.0472485 228
0 0.898404 0.755917 0.00888624 0.04591 7
0 0.48917 0.780305 0.00854139 0.0235675 309
0 0.885084 0.759375 0.0078619 0.04041 336
0 0.973782 0.762476 0.019137 0.0283972 338
37 0.1979 0.914984 0.0459259 0.0330268 34
0 0.00682214 0.749814 0.00695559 0.0184791 347
0 0.784845 0.778602 0.00834131 0.0414939 15
0 0.746284 0.783579 0.00995202 0.0464858 277
0 0.929371 0.740804 0.00639248 0.030621 361
0 0.905757 0.972511 0.0408079 0.0417963 367
0 0.997604 0.740086 0.004568 0.0309813 300
0 0.692342 0.795287 0.00791044 0.0425156 116
