0 0.451958 0.834184 0.0122658 0.0666164 1
0 0.953663 0.849721 0.022706 0.0409231 4
0 0.830784 0.83445 0.0175254 0.0332132 12
0 0.855781 0.829537 0.0143941 0.0332119 16
0 0.718706 0.830486 0.0139483 0.0313636 23
0 0.431236 0.914586 0.0287996 0.0364389 21
0 0.521962 0.821807 0.0134212 0.0516668 260
37 0.19751 0.915643 0.0449759 0.0317496 34
0 0.842223 0.766205 0.0084074 0.0448508 495
0 0.115886 0.982905 0.0359763 0.0273721 538
0 0.691527 0.796326 0.00848641 0.0433762 572
0 0.589218 0.813556 0.0103053 0.049821 6
0 0.939602 0.72686 0.00694418 0.0172273 821
0 0.796622 0.774579 0.00780764 0.0476536 953
0 0.972793 0.761439 0.013615 0.0267928 649
0 0.675375 0.815061 0.0142177 0.018821 971
0 0.475072 0.855674 0.0171014 0.0272402 3
0 0.746453 0.781043 0.00839739 0.0463008 1102
0 0.355369 0.989192 0.0139391 0.0216166 1114
37 0.0221542 0.938469 0.0442739 0.029363 1123
0 0.725359 0.787756 0.00959682 0.0463601 1140
0 0.715407 0.786486 0.0108047 0.0522799 762
0 0.00586301 0.979719 0.0116541 0.0181328 1150
0 0.00994447 0.747258 0.00871816 0.0173798 1151
0 0.387198 0.77554 0.00772319 0.0148601 1152
0 0.700468 0.79245 0.00951099 0.0478016 277
0 0.284978 0.720082 0.00635407 0.0148031 1159
0 0.685573 0.790045 0.00997882 0.0514108 1167
