0 0.455529 0.833478 0.0129862 0.0687343 1
0 0.476446 0.834885 0.0160489 0.06718 3
0 0.953524 0.849486 0.0220815 0.0411239 4
0 0.696612 0.79191 0.011064 0.0483815 6
0 0.755728 0.781628 0.00861411 0.0485641 11
0 0.830582 0.834617 0.0172953 0.033527 12
0 0.856271 0.830233 0.015344 0.0326846 16
0 0.894509 0.976202 0.0655637 0.0457631 20
0 0.71853 0.83072 0.0143401 0.0302928 23
0 0.354998 0.988975 0.0147288 0.02205 146
0 0.793579 0.77577 0.0105473 0.0471632 123
0 0.437165 0.907593 0.0210367 0.0488687 21
0 0.517091 0.805559 0.00836601 0.0361158 260
0 0.843382 0.766289 0.00774555 0.0456747 228
0 0.972813 0.762685 0.0150971 0.0274258 338
8 0.198453 0.915341 0.0460982 0.0325138 34
0 0.769341 0.780252 0.00886083 0.043212 15
0 0.744107 0.783747 0.008708 0.0471368 277
0 0.906252 0.973167 0.0438569 0.0403827 367
0 0.326361 0.751269 0.00958154 0.0139876 411
0 0.82368 0.770696 0.00896339 0.0404251 417
0 0.479787 0.779401 0.00871697 0.0229226 309
0 0.874153 0.758631 0.00915566 0.0472693 7
0 0.0344535 0.903028 0.0102819 0.0534096 2
0 0.949868 0.738038 0.00797138 0.0339537 447
0 0.0695662 0.742917 0.0083988 0.028537 451
0 0.453997 0.780192 0.00752821 0.0173148 459
37 0.0220723 0.938151 0.0441391 0.0301138 311
0 0.996048 0.809855 0.00749025 0.0238903 466
0 0.279108 0.729387 0.00762818 0.0169975 475
0 0.00839065 0.749232 0.0108315 0.0185169 347
