0 0.454008 0.833709 0.0114496 0.0677337 1
0 0.477012 0.833198 0.0118836 0.0656884 3
0 0.953501 0.849515 0.0220164 0.0411662 4
0 0.69699 0.792457 0.00915093 0.0476175 6
0 0.755224 0.781956 0.00900559 0.0492204 11
0 0.830588 0.834697 0.0172569 0.0334028 12
0 0.85626 0.830213 0.0152905 0.0327553 16
0 0.89427 0.976127 0.0650022 0.0456957 20
0 0.718462 0.830626 0.0144948 0.0305784 23
0 0.355068 0.988972 0.0145396 0.0220558 146
0 0.793903 0.776274 0.0109938 0.0481095 123
0 0.435251 0.903216 0.0212838 0.0599497 21
0 0.918702 0.752197 0.00884533 0.0484377 232
0 0.515789 0.809639 0.00991726 0.044799 260
0 0.843211 0.766206 0.00834503 0.0482638 228
0 0.973087 0.762327 0.0154974 0.0284871 338
8 0.198596 0.915329 0.0459916 0.0329554 34
0 0.775015 0.781265 0.00901232 0.0427194 15
0 0.744476 0.784172 0.00914969 0.047235 277
0 0.90587 0.973139 0.0431629 0.039999 367
0 0.323402 0.752971 0.0100429 0.0157313 411
0 0.829445 0.772062 0.00907497 0.0442256 417
0 0.483316 0.778736 0.00763588 0.0224937 309
0 0.907582 0.756007 0.00978422 0.0427428 437
0 0.881035 0.757778 0.00914793 0.0484976 7
0 0.0537919 0.904123 0.0169164 0.0596269 2
0 0.942499 0.738674 0.00742445 0.0325892 447
0 0.0685526 0.738109 0.00664792 0.0197269 451
