0 0.452604 0.83448 0.0125758 0.0674636 1
0 0.831293 0.835239 0.0168834 0.0322746 12
0 0.853095 0.834249 0.0212133 0.0286032 16
0 0.71847 0.828953 0.0143974 0.0338163 23
0 0.843232 0.763969 0.00778427 0.0415764 495
0 0.114463 0.982753 0.0310135 0.0242348 538
0 0.797305 0.77509 0.00945807 0.0509336 953
0 0.476019 0.855815 0.0179646 0.0263317 3
0 0.734454 0.785487 0.00835285 0.0483927 1102
0 0.570656 0.811308 0.0134349 0.0547552 762
0 0.529621 0.818799 0.0145818 0.0564529 1167
0 0.891262 0.976658 0.060646 0.0447683 1267
37 0.198178 0.915405 0.0461831 0.0321952 34
0 0.723907 0.787595 0.00860796 0.0489495 1140
0 0.974089 0.762163 0.0177796 0.0284932 1353
0 0.90481 0.973272 0.0374395 0.0387063 1364
0 0.688866 0.795379 0.00990148 0.046513 1391
0 0.641379 0.804769 0.00930524 0.0479686 1307
0 0.883133 0.983014 0.0443928 0.0323741 1411
0 0.956892 0.847787 0.0156914 0.0341178 4
37 0.0223699 0.938731 0.0447321 0.0297644 1123
0 0.701362 0.79434 0.0112396 0.0502211 1465
0 0.554746 0.81622 0.00995712 0.045277 6
0 0.391073 0.82636 0.0180424 0.0733545 1324
0 0.928016 0.749574 0.00777988 0.0510923 1376
0 0.982691 0.730539 0.00902033 0.0238157 1490
0 0.658918 0.807457 0.00749021 0.0368503 1495
0 0.303393 0.901322 0.0212518 0.0787773 1503
0 0.948404 0.850391 0.0171787 0.0371686 1472
0 0.386508 0.846488 0.0109442 0.0565881 1431
