0 0.452552 0.833498 0.0126474 0.0673136 1
0 0.48028 0.858443 0.0336925 0.0213228 3
0 0.953562 0.849886 0.0222196 0.0422889 4
0 0.830627 0.83496 0.017479 0.0328611 12
0 0.856398 0.830871 0.0142385 0.0338128 16
0 0.89383 0.975737 0.0666424 0.0469026 20
0 0.717763 0.830112 0.0133842 0.0317591 23
0 0.432252 0.914777 0.0273236 0.0377252 21
0 0.565065 0.813206 0.0124834 0.0498932 260
37 0.198276 0.916359 0.0446848 0.0313595 34
0 0.702808 0.793365 0.00947952 0.0444273 277
0 0.906672 0.972328 0.0431319 0.0415278 367
0 0.843526 0.765857 0.00714693 0.0479489 495
0 0.75485 0.782746 0.00725088 0.0464682 11
0 0.115231 0.98101 0.0306965 0.022894 538
0 0.736695 0.786263 0.00801725 0.0451621 572
0 0.796985 0.774733 0.0108154 0.0499575 228
0 0.972757 0.763157 0.0149103 0.0254157 649
37 0.0220883 0.938608 0.0441766 0.0280703 311
0 0.815496 0.770364 0.00887394 0.0513477 762
0 0.00483997 0.748362 0.00935087 0.0184183 523
0 0.852968 0.83147 0.0220204 0.0345155 865
0 0.687997 0.796594 0.00933242 0.04332 6
0 0.275713 0.728752 0.00567327 0.0153778 873
0 0.064288 0.742353 0.00806664 0.0301135 733
0 0.772095 0.779088 0.00779471 0.0427225 683
0 0.287927 0.725672 0.00777805 0.0142275 879
0 0.938996 0.728063 0.00620308 0.0214379 821
0 0.695162 0.794885 0.008075 0.0434165 882
