0 0.45492 0.833801 0.0123562 0.0680678 1
0 0.475939 0.834734 0.0161047 0.0656871 3
0 0.953516 0.84953 0.0220621 0.0411674 4
0 0.696863 0.79295 0.011802 0.0462467 6
0 0.755553 0.781377 0.00981059 0.0496755 11
0 0.830583 0.834674 0.0172654 0.0334845 12
0 0.85631 0.830273 0.0152915 0.0326812 16
0 0.894442 0.976211 0.0653504 0.0457539 20
0 0.718474 0.830754 0.0144783 0.0302685 23
0 0.355098 0.989009 0.0145362 0.0219824 146
0 0.793967 0.77618 0.0108177 0.0478468 123
0 0.434221 0.904738 0.0246855 0.0559761 21
0 0.914839 0.753779 0.012715 0.0452164 232
0 0.517171 0.805028 0.00905361 0.0337875 260
0 0.842949 0.765823 0.0086112 0.0463617 228
0 0.973518 0.762813 0.0164452 0.0275859 338
8 0.198411 0.915407 0.0465246 0.0331372 34
0 0.770656 0.779664 0.00915852 0.0446457 15
0 0.744062 0.783968 0.00903587 0.0479261 277
0 0.906058 0.973092 0.0438059 0.0400211 367
0 0.325013 0.751552 0.0107955 0.015725 411
0 0.825327 0.768821 0.00885134 0.0413635 417
0 0.480638 0.77901 0.00883355 0.0224469 309
0 0.876567 0.757822 0.00942812 0.0457637 7
0 0.0426195 0.904391 0.0160439 0.0620224 2
0 0.94797 0.738536 0.00859985 0.0341654 447
0 0.0694029 0.742679 0.00769175 0.0274517 451
0 0.455773 0.78051 0.00768204 0.0182111 459
37 0.0220361 0.938536 0.0440722 0.0298502 311
0 0.996045 0.809849 0.00750074 0.0239209 466
0 0.399305 0.74738 0.00979323 0.0248754 470
0 0.278073 0.729637 0.00755591 0.0156293 475
0 0.00808644 0.751119 0.00948047 0.0177876 347
