0 0.455825 0.833713 0.0126001 0.0676436 1
0 0.471114 0.833408 0.0158381 0.0618927 3
0 0.953385 0.849457 0.0223514 0.0411974 4
0 0.697198 0.794726 0.009056 0.0514662 6
0 0.754966 0.781858 0.00764875 0.0482708 11
0 0.830618 0.834643 0.0172618 0.0335589 12
0 0.856306 0.830115 0.0152884 0.0329603 16
0 0.894494 0.97623 0.0654901 0.0455117 20
0 0.718606 0.830755 0.0142152 0.0300616 23
0 0.355036 0.988927 0.0146774 0.0221451 146
0 0.794128 0.775292 0.0117098 0.0498148 123
0 0.433814 0.913292 0.0234501 0.0382924 21
0 0.521869 0.810302 0.0116637 0.0395982 260
0 0.842936 0.766794 0.00853682 0.0478518 228
37 0.198804 0.916491 0.0469565 0.0316451 34
0 0.763322 0.783335 0.00953722 0.0419874 15
0 0.744275 0.784233 0.00838623 0.0465346 277
0 0.906293 0.972949 0.0440469 0.039698 367
0 0.330543 0.754409 0.00871248 0.0163957 411
0 0.816543 0.772893 0.00846815 0.0443904 417
0 0.473277 0.779179 0.00945621 0.023848 309
0 0.864942 0.761446 0.00842819 0.0491743 7
0 0.00997397 0.903097 0.00989247 0.0456286 2
0 0.0695104 0.741759 0.00863398 0.0272304 451
0 0.447987 0.781166 0.00671597 0.0192888 459
37 0.0220427 0.938972 0.0440854 0.0274883 311
0 0.995986 0.809873 0.00761127 0.0240126 466
0 0.278589 0.729346 0.00716257 0.0173805 475
0 0.010233 0.751722 0.00824645 0.0174032 347
0 0.930675 0.752837 0.0105887 0.0425247 492
0 0.835966 0.775288 0.00704927 0.0309786 493
0 0.89922 0.755749 0.0100623 0.0467052 495
0 0.703729 0.794122 0.00807099 0.0433817 500
