0 0.452516 0.834157 0.0122288 0.0668265 1
0 0.953708 0.850002 0.0220043 0.0425064 4
0 0.830763 0.834708 0.0174055 0.0335193 12
0 0.855884 0.830257 0.0151669 0.0329642 16
0 0.883432 0.984753 0.0436552 0.0292853 20
0 0.717993 0.830738 0.0131154 0.0306798 23
0 0.433542 0.914232 0.0250093 0.0372806 21
0 0.538546 0.820534 0.0130419 0.0579745 260
37 0.198049 0.915815 0.0456299 0.0306881 34
0 0.700717 0.793217 0.00798335 0.0436144 277
0 0.84281 0.766105 0.0084362 0.0441799 495
0 0.114856 0.982002 0.0310259 0.0266472 538
0 0.709894 0.78821 0.0110008 0.0479087 572
0 0.739383 0.785669 0.0088522 0.0456432 762
0 0.607117 0.810103 0.0111654 0.0468224 6
0 0.939621 0.728168 0.00728092 0.0207811 821
0 0.692839 0.794781 0.0103463 0.0490714 882
0 0.797055 0.775685 0.00730085 0.0481784 953
0 0.97411 0.762641 0.0184095 0.0266861 649
0 0.676462 0.815077 0.0165448 0.018982 971
0 0.00697142 0.748254 0.00795818 0.0185538 523
0 0.475974 0.854195 0.0155969 0.0295383 3
0 0.725687 0.787826 0.00795679 0.0419846 1033
0 0.060191 0.738507 0.00528289 0.020536 955
0 0.746858 0.784755 0.00809231 0.0418625 1102
0 0.313459 0.711849 0.00626953 0.0147174 1103
0 0.73129 0.787524 0.00817876 0.0446158 1109
0 0.354633 0.989166 0.0153055 0.0216592 1114
0 0.743872 0.785163 0.00785775 0.0445258 1031
