0 0.452818 0.833346 0.0129836 0.0678759 1
0 0.472324 0.854667 0.0173626 0.0319292 3
0 0.953374 0.849711 0.0223001 0.0415947 4
0 0.691334 0.793889 0.0105077 0.0453676 6
0 0.830539 0.834856 0.0174987 0.0335702 12
0 0.855451 0.830399 0.0158967 0.0351513 16
0 0.891318 0.976337 0.0609998 0.0459327 20
0 0.718524 0.829377 0.0145406 0.0328718 23
0 0.434765 0.914082 0.0222423 0.0373416 21
0 0.548089 0.812739 0.0105872 0.0453432 260
37 0.198764 0.91597 0.0443835 0.031248 34
0 0.722552 0.789493 0.00946078 0.0429337 277
0 0.903379 0.972692 0.0380853 0.0389854 367
0 0.842799 0.765289 0.00590782 0.0463907 7
0 0.847727 0.765 0.0095252 0.0483959 495
0 0.704217 0.790865 0.0103031 0.0482678 500
0 0.00825547 0.751532 0.0101763 0.0180122 523
0 0.755591 0.781267 0.00765734 0.0492837 11
0 0.115316 0.983198 0.0309354 0.0257884 538
0 0.814366 0.781283 0.00549994 0.0319647 493
0 0.741473 0.784881 0.00860457 0.0453101 572
0 0.823023 0.770839 0.0113981 0.0496253 228
0 0.358201 0.753941 0.00506923 0.0144752 411
0 0.00536553 0.978267 0.0106899 0.0207888 627
0 0.974591 0.76336 0.0184529 0.025078 649
0 0.523397 0.738205 0.00785832 0.0111063 673
0 0.797886 0.774326 0.00921893 0.0511881 417
