0 0.45298 0.833903 0.0125961 0.0675162 1
0 0.173674 0.881796 0.0109076 0.0603098 2
0 0.481326 0.831768 0.0133102 0.063996 3
0 0.953567 0.849632 0.0222715 0.0412995 4
0 0.857108 0.763593 0.00803881 0.0406484 5
0 0.696899 0.794305 0.00870471 0.048794 6
0 0.773294 0.780618 0.00851207 0.0469921 11
0 0.830325 0.834351 0.0178226 0.0327131 12
0 0.855306 0.831349 0.0170064 0.0338201 16
0 0.883574 0.979488 0.0454146 0.0386526 20
0 0.717318 0.830486 0.0149211 0.031026 23
0 0.00764816 0.750794 0.00870509 0.0182318 25
8 0.198307 0.915622 0.0469675 0.0317233 34
0 0.843247 0.766199 0.00888529 0.0456477 102
0 0.987205 0.736806 0.0112783 0.0464018 17
0 0.354906 0.989166 0.0149806 0.0216632 146
0 0.930336 0.75007 0.0107453 0.0445399 7
0 0.68132 0.790455 0.0105492 0.0350113 116
0 0.806765 0.774511 0.00920114 0.0439734 123
0 0.765528 0.69789 0.00617099 0.0173573 149
0 0.788153 0.776906 0.0106023 0.047623 15
0 0.115468 0.984305 0.0308491 0.0223864 212
0 0.836204 0.770451 0.00770569 0.0405295 228
0 0.785676 0.69787 0.00703778 0.0178529 245
0 0.499894 0.811635 0.00920753 0.0448757 260
0 0.425896 0.915529 0.0242165 0.0390222 21
0 0.962776 0.743404 0.00954962 0.0467343 232
0 0.768345 0.781388 0.00847259 0.0479246 277
0 0.914407 0.742787 0.00997524 0.0196026 170
