0 0.452452 0.83369 0.0121819 0.0677116 1
0 0.953628 0.849986 0.0219578 0.0423686 4
0 0.830768 0.834729 0.0174184 0.0334015 12
0 0.856248 0.830176 0.0143723 0.032858 16
0 0.883325 0.984968 0.0433242 0.0288367 20
0 0.718188 0.830945 0.0133529 0.0304677 23
0 0.433564 0.914187 0.025043 0.0372629 21
0 0.540637 0.820832 0.0129639 0.0577384 260
37 0.198225 0.916106 0.0454181 0.0303298 34
0 0.701779 0.793204 0.00980248 0.0447578 277
0 0.84303 0.766478 0.008078 0.0435551 495
0 0.11431 0.981888 0.0313096 0.026723 538
0 0.713571 0.787902 0.0108084 0.0499338 572
0 0.742847 0.782465 0.0104908 0.0501544 762
0 0.610744 0.808735 0.01128 0.0497442 6
0 0.938931 0.728307 0.00691271 0.0206474 821
0 0.692663 0.795273 0.00994387 0.0478604 882
0 0.796617 0.776113 0.0077558 0.0478708 953
0 0.97374 0.762854 0.0178804 0.0266428 649
0 0.676449 0.815069 0.0165756 0.0191915 971
0 0.00593025 0.750258 0.00961504 0.0196773 523
0 0.475948 0.853715 0.0157938 0.0302306 3
0 0.729498 0.786833 0.00886836 0.0438789 1033
0 0.0592595 0.737916 0.00516176 0.0202354 955
