0 0.452201 0.834212 0.0127878 0.0657662 1
0 0.953501 0.851051 0.0219864 0.041187 4
0 0.830839 0.834839 0.0177631 0.0333078 12
0 0.85554 0.829624 0.0149946 0.0336958 16
0 0.718651 0.829746 0.0138672 0.0323907 23
0 0.438058 0.892933 0.0162742 0.0769757 21
0 0.480687 0.827418 0.0125599 0.0563883 260
0 0.842176 0.767529 0.00845499 0.0459557 495
0 0.114573 0.982469 0.0335442 0.0278919 538
0 0.55557 0.818262 0.0124492 0.0490179 6
0 0.935064 0.727685 0.00732565 0.0212696 821
0 0.796424 0.776385 0.00844383 0.0477149 953
0 0.475415 0.858015 0.0187071 0.0222071 3
0 0.738214 0.783392 0.0100678 0.0500142 1102
0 0.355005 0.989119 0.0151318 0.0217614 1114
37 0.0221148 0.937895 0.0441954 0.0278063 1123
0 0.668016 0.789639 0.0098659 0.046258 762
0 0.00557692 0.979148 0.0110664 0.0196565 1150
0 0.0173175 0.751014 0.00997173 0.018293 1151
0 0.628081 0.803087 0.0121565 0.0531569 1167
0 0.890845 0.975592 0.0591264 0.0466042 1267
0 0.0659476 0.737414 0.00608451 0.0220691 1279
0 0.693645 0.795518 0.0105227 0.04573 1307
37 0.198025 0.916053 0.0458692 0.0311923 34
0 0.703914 0.79326 0.00914197 0.0435226 1140
0 0.292503 0.723337 0.00982838 0.016591 1281
0 0.391411 0.832666 0.0176846 0.0853366 1324
0 0.31821 0.708697 0.00473378 0.0168365 1341
0 0.96801 0.741967 0.0084095 0.0338225 1233
