0 0.452501 0.833481 0.0122752 0.0672584 1
0 0.473359 0.855199 0.0194496 0.0302583 3
0 0.953333 0.849722 0.0223781 0.041754 4
0 0.694285 0.794919 0.00954924 0.0445557 6
0 0.830534 0.834837 0.0176009 0.0336263 12
0 0.855825 0.831874 0.0153831 0.0312951 16
0 0.89098 0.976581 0.0603252 0.04533 20
0 0.718566 0.830695 0.0143203 0.0305212 23
0 0.434902 0.914168 0.0220374 0.0375754 21
0 0.553596 0.812975 0.0120448 0.0460414 260
37 0.198841 0.916202 0.0454431 0.0308435 34
0 0.714936 0.79051 0.00903339 0.0439688 277
0 0.903057 0.972788 0.0378386 0.0389918 367
0 0.843444 0.767201 0.00813627 0.0450314 495
0 0.702456 0.79137 0.0104797 0.0473965 500
0 0.00669866 0.752801 0.00976328 0.0209451 523
0 0.755882 0.781262 0.00728865 0.0487847 11
0 0.115419 0.983349 0.0311528 0.0262932 538
0 0.806763 0.781729 0.00625992 0.0309625 493
0 0.738788 0.784978 0.00904279 0.0464803 572
0 0.819857 0.770182 0.0100393 0.0471234 228
0 0.00542458 0.978546 0.0108088 0.0204324 627
0 0.974041 0.763835 0.0193415 0.0246841 649
0 0.796715 0.774869 0.00817237 0.0492267 417
0 0.786398 0.778113 0.0093864 0.0444471 683
0 0.318301 0.71373 0.00577335 0.0170752 570
37 0.0221551 0.938036 0.0443101 0.0300211 311
0 0.27702 0.727772 0.00564251 0.0160344 694
0 0.0666522 0.740787 0.00681386 0.0279499 733
0 0.778107 0.698272 0.00496187 0.016595 752
0 0.428797 0.778294 0.0101712 0.0186374 758
0 0.837797 0.765031 0.00812015 0.0450648 762
