0 0.452646 0.834455 0.0125771 0.066518 1
0 0.831319 0.834981 0.0167647 0.0326028 12
0 0.853615 0.834153 0.0204416 0.0283842 16
0 0.718465 0.829457 0.0143856 0.0327632 23
0 0.842896 0.764456 0.00843115 0.0414507 495
0 0.114529 0.982823 0.0312065 0.0244075 538
0 0.797289 0.774779 0.00921969 0.0499475 953
0 0.474754 0.85673 0.019672 0.0244853 3
0 0.737123 0.784707 0.00959735 0.0502054 1102
0 0.562588 0.811699 0.0113292 0.0561792 762
0 0.519611 0.820166 0.0127833 0.056159 1167
0 0.89091 0.976855 0.0599152 0.0441255 1267
37 0.198311 0.916229 0.0441861 0.0305176 34
0 0.729027 0.787071 0.00873656 0.0474588 1140
0 0.971599 0.762322 0.0133621 0.0270945 1353
0 0.904631 0.973224 0.0383948 0.0383847 1364
0 0.688743 0.794233 0.00984354 0.0466741 1391
0 0.636278 0.805011 0.00928526 0.0479813 1307
0 0.88301 0.984197 0.0441121 0.029616 1411
0 0.956857 0.84835 0.0157411 0.0360114 4
37 0.0222028 0.938456 0.0443955 0.0297859 1123
0 0.702506 0.792179 0.0109561 0.0482161 1465
0 0.554435 0.818093 0.00894966 0.0469293 6
0 0.391153 0.832633 0.017646 0.085826 1324
0 0.977332 0.733322 0.00723839 0.0279589 1490
0 0.653583 0.807996 0.00667715 0.0351053 1495
0 0.284666 0.903253 0.0217865 0.0789146 1503
0 0.94823 0.850321 0.0149137 0.0373 1472
0 0.379587 0.845112 0.0130695 0.0674683 1431
0 0.928778 0.728223 0.00811224 0.0233698 1526
0 0.355165 0.989401 0.0148811 0.0211978 1531
0 0.926231 0.754033 0.00875692 0.0404831 1376
