0 0.45238 0.833544 0.0127427 0.0675564 1
0 0.478868 0.85904 0.0356938 0.0208292 3
0 0.953515 0.849914 0.0222367 0.0421446 4
0 0.830641 0.834964 0.0174934 0.0328429 12
0 0.856467 0.830877 0.0140349 0.0335836 16
0 0.89402 0.975633 0.067311 0.0467211 20
0 0.717854 0.830318 0.013643 0.0314842 23
0 0.43297 0.914303 0.026436 0.037839 21
0 0.565216 0.813347 0.0115934 0.0496524 260
37 0.198138 0.916268 0.0449505 0.031542 34
0 0.702654 0.793059 0.00993419 0.0451655 277
0 0.907086 0.97243 0.043479 0.0418852 367
0 0.843598 0.765982 0.00721073 0.0475711 495
0 0.753922 0.781677 0.00771117 0.0486894 11
0 0.115132 0.981139 0.0312993 0.0230513 538
0 0.736577 0.787009 0.00814185 0.0438537 572
0 0.795023 0.775758 0.0113114 0.0498475 228
0 0.972092 0.763551 0.0132917 0.0248465 649
37 0.022044 0.938616 0.0440881 0.0281215 311
0 0.812131 0.771709 0.0106095 0.0515779 762
0 0.00695755 0.748795 0.00754612 0.0178304 523
0 0.853127 0.83171 0.0213779 0.0356802 865
0 0.684429 0.79583 0.00960436 0.0410386 6
0 0.27565 0.730382 0.00604808 0.0170526 873
0 0.770589 0.77938 0.00850353 0.043444 683
0 0.287933 0.723944 0.00819054 0.0180166 879
0 0.938788 0.728103 0.00676899 0.0214482 821
0 0.693868 0.794872 0.00930948 0.0405619 882
0 0.784495 0.785468 0.00650187 0.0301371 890
0 0.0638656 0.742156 0.00822225 0.0272152 733
