0 0.452676 0.833246 0.0129625 0.0674319 1
0 0.482061 0.859057 0.0296577 0.0205161 3
0 0.953523 0.849925 0.0222442 0.0421611 4
0 0.830645 0.834988 0.0175867 0.0329299 12
0 0.856436 0.830746 0.0140181 0.0334844 16
0 0.894126 0.975378 0.0673569 0.0466779 20
0 0.717897 0.830349 0.013622 0.0314512 23
0 0.432359 0.91475 0.0271329 0.0376189 21
0 0.564829 0.814446 0.0123412 0.0470907 260
37 0.19793 0.916101 0.0451525 0.0318757 34
0 0.702857 0.793005 0.0103971 0.0448038 277
0 0.907359 0.972557 0.043502 0.042182 367
0 0.843672 0.766514 0.00747519 0.0458666 495
0 0.753669 0.781366 0.00823669 0.0492997 11
0 0.115168 0.98106 0.0311546 0.0229318 538
0 0.736586 0.787081 0.00846896 0.043481 572
0 0.792275 0.776176 0.0103451 0.0489557 228
0 0.972598 0.763372 0.0144794 0.0254054 649
37 0.0220382 0.93863 0.0440737 0.0281949 311
0 0.811147 0.771305 0.00994968 0.0511039 762
8 0.00600806 0.749322 0.0116653 0.018778 523
0 0.853227 0.831657 0.0213877 0.0352077 865
0 0.682717 0.79496 0.00985713 0.0402076 6
0 0.275667 0.730731 0.0060672 0.01693 873
0 0.769606 0.780012 0.00946317 0.0433397 683
0 0.287883 0.723386 0.00800724 0.0184765 879
0 0.938465 0.72821 0.00721636 0.0218409 821
0 0.693467 0.795084 0.0101463 0.0417559 882
0 0.783108 0.785443 0.0086926 0.0308816 890
0 0.0633943 0.741982 0.00893822 0.0273345 733
0 0.797548 0.773774 0.00773907 0.0444251 417
