0 0.45383 0.835342 0.0114665 0.0637612 1
0 0.831301 0.834929 0.0168088 0.0327989 12
0 0.853855 0.835426 0.0206187 0.0257547 16
0 0.718481 0.830235 0.0132915 0.0314761 23
0 0.842836 0.765657 0.00860577 0.0450252 495
0 0.114391 0.98284 0.0321123 0.0255635 538
0 0.796692 0.774854 0.00820527 0.0476125 953
0 0.475564 0.857131 0.0174543 0.0243589 3
0 0.522726 0.818599 0.0110569 0.0598791 762
0 0.479235 0.827405 0.0117525 0.0541368 1167
37 0.199608 0.915091 0.0479028 0.0299974 34
0 0.733447 0.785978 0.00937939 0.0458861 1140
0 0.903348 0.972709 0.0348976 0.0387021 1364
0 0.688818 0.795316 0.0103449 0.0463444 1391
0 0.614112 0.808118 0.00830064 0.0463066 1307
0 0.884095 0.979967 0.045742 0.0384078 1411
0 0.956162 0.849469 0.0169 0.037985 4
37 0.0221012 0.938386 0.0441621 0.0284275 1123
0 0.70199 0.792683 0.0105146 0.045827 1465
0 0.207183 0.905456 0.0169201 0.0793024 1503
0 0.353202 0.847906 0.0143209 0.0630689 1431
0 0.928456 0.728889 0.0069706 0.0273768 1526
0 0.355417 0.989349 0.0139291 0.0213009 1531
0 0.555275 0.818196 0.010898 0.0491547 6
0 0.627965 0.813293 0.00969687 0.0343442 1495
0 0.743091 0.783014 0.00788631 0.0493175 1102
0 0.916818 0.748923 0.00785217 0.0332484 1376
0 0.955109 0.734622 0.00758772 0.0232257 1609
0 0.391207 0.824797 0.0173689 0.0702257 1324
