0 0.452206 0.834015 0.0122234 0.0681013 1
0 0.95376 0.850033 0.0228091 0.0428672 4
0 0.830553 0.834667 0.0174713 0.0333627 12
0 0.856349 0.830394 0.0136234 0.0321726 16
0 0.89033 0.975758 0.0578612 0.0456649 20
0 0.718272 0.830375 0.0146623 0.0317271 23
0 0.435128 0.913979 0.02082 0.0367726 21
0 0.550857 0.81576 0.0117408 0.0533682 260
8 0.199079 0.91641 0.0477492 0.0304565 34
0 0.702445 0.792188 0.00886607 0.0464471 277
0 0.842273 0.765395 0.00859623 0.0452766 495
0 0.115033 0.981049 0.0328743 0.0299159 538
0 0.736052 0.78459 0.00824194 0.0491269 572
0 0.767998 0.778532 0.0110423 0.0521628 762
0 0.632646 0.806123 0.0112785 0.0448273 6
0 0.940549 0.728741 0.00751247 0.0217361 821
0 0.692672 0.796556 0.00966358 0.0449864 882
0 0.797404 0.775616 0.0111026 0.0496688 953
0 0.0577065 0.739589 0.00501864 0.0232784 955
0 0.973726 0.763454 0.020256 0.0262665 649
16 0.6763 0.815696 0.0159641 0.0176534 971
0 0.00484568 0.751003 0.00941663 0.0181552 523
0 0.475266 0.853972 0.0155994 0.0292399 3
0 0.739709 0.784042 0.0100251 0.0504749 228
0 0.274076 0.72801 0.00623255 0.0167149 999
0 0.391065 0.819632 0.0178037 0.060779 943
8 0.406733 0.773048 0.023961 0.0243437 1014
