0 0.453401 0.834397 0.0117661 0.0654059 1
0 0.831265 0.835166 0.0169003 0.0323691 12
0 0.853079 0.83528 0.0225228 0.026149 16
0 0.718579 0.830295 0.0134968 0.031333 23
0 0.842904 0.765773 0.00851402 0.0447406 495
0 0.11439 0.982819 0.0324618 0.0256623 538
0 0.796558 0.774799 0.0082665 0.0484611 953
0 0.475474 0.856326 0.0178257 0.025474 3
0 0.527722 0.817337 0.0126915 0.0572695 762
0 0.485868 0.828079 0.0125306 0.0549332 1167
37 0.194877 0.915473 0.0372257 0.0302322 34
0 0.733016 0.786015 0.00908999 0.0455368 1140
0 0.906334 0.97267 0.0406098 0.0387994 1364
0 0.688977 0.795941 0.0100588 0.0473698 1391
0 0.617606 0.808766 0.00900111 0.0486626 1307
0 0.883812 0.980484 0.0452902 0.0375722 1411
0 0.956416 0.84817 0.0163662 0.0355244 4
37 0.0220504 0.938632 0.0441007 0.028089 1123
0 0.702774 0.7926 0.010586 0.0468119 1465
0 0.221536 0.904257 0.019609 0.0779201 1503
0 0.356192 0.84797 0.0128461 0.0631868 1431
0 0.929349 0.728198 0.00756397 0.0252729 1526
0 0.355422 0.989358 0.0139464 0.0212837 1531
0 0.554961 0.8178 0.0106741 0.0496813 6
0 0.632438 0.812565 0.00629311 0.0353216 1495
0 0.742961 0.783109 0.00844359 0.0497119 1102
0 0.916775 0.753634 0.00854139 0.0404514 1376
0 0.958022 0.736209 0.0070406 0.0273893 1609
0 0.391087 0.824868 0.0179499 0.0712205 1324
