0 0.45257 0.834294 0.0124001 0.0684568 1
0 0.95378 0.850038 0.0228494 0.0428805 4
0 0.830553 0.834676 0.0175133 0.0333303 12
0 0.855937 0.831583 0.0153269 0.0306113 16
0 0.89042 0.975456 0.0579048 0.0458648 20
0 0.718112 0.830174 0.0150555 0.0323089 23
0 0.434038 0.914321 0.0231958 0.0366619 21
0 0.547943 0.816217 0.011769 0.0515729 260
37 0.199125 0.915954 0.047256 0.0315141 34
0 0.703604 0.791618 0.0100783 0.0469091 277
0 0.842645 0.765409 0.00822382 0.0441421 495
0 0.114732 0.981709 0.0319672 0.029308 538
0 0.731955 0.784772 0.00947261 0.050553 572
0 0.762129 0.779423 0.0107698 0.053196 762
0 0.627213 0.806784 0.0105765 0.049268 6
0 0.940631 0.728546 0.00647593 0.0206445 821
0 0.69253 0.795779 0.00980272 0.0475412 882
0 0.797279 0.774348 0.0081543 0.0474962 953
0 0.0571756 0.735827 0.00542777 0.0164269 955
0 0.973345 0.76324 0.0171651 0.0259273 649
0 0.676426 0.815504 0.0159984 0.017254 971
0 0.00494636 0.750548 0.00924562 0.0178818 523
0 0.474541 0.854779 0.016049 0.0279479 3
0 0.273043 0.729001 0.00869503 0.0190302 999
0 0.391179 0.819765 0.0171808 0.0613967 943
0 0.0647739 0.752073 0.0083334 0.0118408 1030
0 0.747011 0.78229 0.00848689 0.0454559 1031
