0 0.452387 0.833764 0.013015 0.0661558 1
0 0.953571 0.850439 0.0219107 0.0409044 4
0 0.830821 0.834869 0.0175904 0.0329407 12
0 0.855262 0.829816 0.0160752 0.0335685 16
0 0.718431 0.830039 0.0140665 0.0320423 23
0 0.433334 0.914288 0.0254024 0.0365874 21
0 0.505937 0.826257 0.0133428 0.0570832 260
8 0.197891 0.915742 0.0455707 0.0316828 34
0 0.842279 0.766785 0.00866261 0.04523 495
0 0.115002 0.982846 0.0341618 0.0280027 538
0 0.571028 0.815565 0.0108825 0.0490604 6
0 0.939226 0.726816 0.00781202 0.0196225 821
0 0.796451 0.775187 0.00866709 0.0488777 953
0 0.475538 0.856916 0.0178437 0.0240473 3
0 0.746364 0.782779 0.00737858 0.0489225 1102
0 0.355297 0.98909 0.0144026 0.0218196 1114
37 0.022178 0.938113 0.0443349 0.0295073 1123
0 0.715471 0.788682 0.00838757 0.047793 1140
0 0.691861 0.790934 0.0103011 0.054113 762
0 0.00576777 0.979361 0.0114352 0.0180544 1150
0 0.0126356 0.748807 0.0112374 0.0182403 1151
0 0.660506 0.797534 0.0125745 0.0539509 1167
0 0.709028 0.790707 0.00688539 0.0436835 1033
0 0.314821 0.714182 0.00639932 0.0185933 1103
0 0.701651 0.792483 0.00930028 0.0450887 1265
0 0.98424 0.740816 0.00785971 0.0337614 1233
