0 0.451859 0.834156 0.0124353 0.0667653 1
0 0.953683 0.849897 0.0224803 0.0412301 4
0 0.830843 0.834723 0.0176225 0.0334545 12
0 0.85598 0.829411 0.0136045 0.0331025 16
0 0.718424 0.830746 0.0135919 0.0309223 23
0 0.432023 0.914155 0.0273715 0.0370048 21
0 0.512945 0.822135 0.011915 0.0520066 260
37 0.197604 0.915989 0.045036 0.0312314 34
0 0.842683 0.767048 0.0098074 0.0463196 495
0 0.115822 0.982829 0.0357937 0.0273784 538
0 0.691866 0.794769 0.00877752 0.0464491 572
0 0.57941 0.815562 0.0112419 0.0509121 6
0 0.938743 0.728635 0.00854683 0.0181164 821
0 0.796582 0.774447 0.00766764 0.0476125 953
0 0.974627 0.761697 0.0186864 0.0287123 649
0 0.474753 0.856805 0.0176272 0.0250063 3
0 0.74624 0.781325 0.00761709 0.047828 1102
0 0.355393 0.989147 0.0138901 0.0216955 1114
37 0.022214 0.93803 0.0443328 0.0296438 1123
0 0.721791 0.788271 0.00909867 0.0475785 1140
0 0.702847 0.790091 0.0103811 0.0509386 762
0 0.00573084 0.979342 0.011378 0.0181213 1150
0 0.0124112 0.750002 0.0108454 0.0198028 1151
0 0.380182 0.776219 0.00522704 0.0158541 1152
0 0.671938 0.788938 0.00956545 0.0419776 1167
0 0.841155 0.697124 0.00510588 0.0192511 1201
0 0.711025 0.791478 0.00949688 0.0440759 1033
0 0.31446 0.712476 0.00762584 0.014376 1103
0 0.990388 0.743526 0.00845528 0.0453135 1233
