0 0.452368 0.833954 0.0125141 0.06605 1
0 0.953597 0.850978 0.0219595 0.0408563 4
0 0.830827 0.834825 0.0177246 0.0333021 12
0 0.855562 0.829444 0.0141808 0.0333221 16
0 0.718541 0.829647 0.0142992 0.0325908 23
0 0.435365 0.900371 0.0224089 0.0621913 21
0 0.484914 0.82666 0.0122294 0.0559728 260
0 0.842201 0.767032 0.00872603 0.0457373 495
0 0.114577 0.982475 0.0335641 0.027851 538
0 0.555924 0.818238 0.0117513 0.0490464 6
0 0.935129 0.728024 0.0063879 0.0220417 821
0 0.796343 0.776253 0.00838995 0.04759 953
0 0.475659 0.858053 0.0191665 0.0218897 3
0 0.739696 0.784171 0.00982704 0.0500688 1102
0 0.354988 0.989116 0.0151502 0.0217546 1114
37 0.0221134 0.937863 0.0441976 0.0277662 1123
0 0.671407 0.79084 0.00926423 0.0483684 762
0 0.00567551 0.979093 0.0112758 0.0191125 1150
0 0.0172508 0.752236 0.0100578 0.0178899 1151
0 0.632324 0.801403 0.0105376 0.0537451 1167
0 0.89088 0.9755 0.0591113 0.0466364 1267
0 0.0658834 0.736521 0.00600235 0.0209939 1279
0 0.273765 0.72987 0.00612462 0.017464 1283
0 0.693219 0.795926 0.0107145 0.0464464 1307
37 0.198041 0.915519 0.0458622 0.0319567 34
0 0.697567 0.793199 0.0081388 0.040836 1318
0 0.704636 0.792431 0.00846863 0.0434145 1140
0 0.291362 0.724327 0.00761967 0.0175647 1281
