0 0.452445 0.833875 0.0112343 0.0670908 1
0 0.953517 0.849307 0.0220492 0.0415602 4
0 0.831212 0.83472 0.0185539 0.033499 12
0 0.856209 0.830761 0.0145475 0.0326637 16
0 0.890287 0.97623 0.0584501 0.0453865 20
0 0.718277 0.830313 0.0149495 0.0309784 23
0 0.433998 0.914309 0.02376 0.0360434 21
0 0.556657 0.816424 0.012112 0.0553719 260
37 0.198403 0.915897 0.0458387 0.0314029 34
0 0.701815 0.792809 0.00817876 0.0479317 277
0 0.843089 0.760396 0.008039 0.038146 495
0 0.746455 0.783207 0.00760241 0.04703 11
0 0.119073 0.983353 0.0386222 0.0269441 538
0 0.736425 0.786248 0.00936213 0.0468201 572
0 0.755093 0.782293 0.0101199 0.0492113 228
0 0.780994 0.776694 0.011 0.0503969 762
0 0.852653 0.831056 0.0214526 0.0345952 865
0 0.646177 0.802903 0.0100513 0.0484545 6
0 0.290429 0.721789 0.00493243 0.0152981 879
0 0.940815 0.72816 0.00742569 0.0220407 821
0 0.692521 0.794356 0.00943046 0.0470571 882
37 0.0221194 0.93852 0.0442389 0.0280631 311
0 0.796912 0.774991 0.00888376 0.0512412 953
0 0.0585539 0.7397 0.00517406 0.0163307 955
0 0.97393 0.762136 0.0200725 0.0295866 649
0 0.67595 0.815917 0.0153591 0.0202691 971
0 0.00461397 0.752643 0.00915371 0.0176288 523
0 0.391055 0.820406 0.0177209 0.0624958 943
