0 0.452504 0.834153 0.0122709 0.0668249 1
0 0.953705 0.850012 0.0220062 0.0424986 4
0 0.830768 0.834719 0.0174243 0.0334902 12
0 0.855514 0.830434 0.0157969 0.0328089 16
0 0.883423 0.984705 0.0436578 0.0294091 20
0 0.718011 0.830794 0.0130167 0.0305485 23
0 0.433546 0.914229 0.0250134 0.0372942 21
0 0.538901 0.820676 0.0135872 0.0582358 260
37 0.198089 0.915933 0.0454408 0.0304828 34
0 0.700825 0.792592 0.0086267 0.0456635 277
0 0.842782 0.766092 0.00853939 0.0441156 495
0 0.114801 0.982045 0.0312236 0.0268526 538
0 0.710117 0.788362 0.0104958 0.0477771 572
0 0.740849 0.786032 0.0109779 0.0445569 762
0 0.607754 0.81027 0.0114426 0.0466842 6
0 0.939692 0.728006 0.00641003 0.0208561 821
0 0.692714 0.794756 0.010077 0.0490604 882
0 0.797033 0.77573 0.00731034 0.0481534 953
0 0.974091 0.762762 0.0185092 0.0265244 649
0 0.676469 0.815072 0.0165286 0.0190045 971
0 0.00677336 0.748385 0.00789962 0.0183399 523
0 0.475929 0.854193 0.0155325 0.0294568 3
0 0.725801 0.786749 0.00772934 0.0409927 1033
0 0.0601867 0.738087 0.00530156 0.0198953 955
0 0.74669 0.78513 0.00832281 0.0419265 1102
0 0.313475 0.712322 0.00606227 0.0150721 1103
0 0.731738 0.787442 0.00891666 0.0444266 1109
0 0.354639 0.989171 0.0152926 0.0216574 1114
0 0.742938 0.785574 0.00841641 0.0441423 1031
