0 0.455353 0.833485 0.013022 0.0688339 1
0 0.476098 0.83469 0.0162836 0.0658849 3
0 0.953523 0.849525 0.0220878 0.0411439 4
0 0.696706 0.792024 0.0115038 0.0481355 6
0 0.755271 0.781799 0.00943475 0.0486694 11
0 0.830584 0.834657 0.0173076 0.0335539 12
0 0.856296 0.830249 0.0153222 0.0327495 16
0 0.89448 0.976211 0.0654471 0.0458164 20
0 0.718461 0.830682 0.0145087 0.0304086 23
0 0.355016 0.988992 0.0146966 0.0220167 146
0 0.793785 0.776185 0.0105154 0.0480209 123
0 0.436572 0.905959 0.0217028 0.052808 21
0 0.517072 0.805242 0.00843706 0.0355142 260
0 0.84336 0.766183 0.00766716 0.0461336 228
0 0.973262 0.762749 0.0160137 0.0274523 338
8 0.198389 0.915147 0.0468205 0.0333709 34
0 0.769912 0.780027 0.00888801 0.0443283 15
0 0.744035 0.783972 0.0088892 0.0478569 277
0 0.906068 0.973165 0.0437854 0.0402468 367
0 0.32552 0.751701 0.0109077 0.015035 411
0 0.824062 0.769483 0.00832977 0.0388094 417
0 0.480001 0.779383 0.00907621 0.0228 309
0 0.87486 0.758504 0.00956964 0.0462692 7
0 0.037162 0.902508 0.0113133 0.0602773 2
0 0.949156 0.738708 0.00889931 0.0332698 447
0 0.0695459 0.74261 0.00782189 0.0276291 451
0 0.454633 0.780352 0.00738554 0.0178324 459
37 0.0220845 0.938258 0.0441351 0.0303771 311
0 0.996054 0.809867 0.00749235 0.0238946 466
0 0.402459 0.746348 0.0110068 0.0246547 470
0 0.278669 0.72948 0.0075346 0.0155802 475
0 0.00815102 0.750036 0.0115177 0.0201883 347
