0 0.453028 0.834187 0.0129598 0.0670183 1
0 0.218505 0.873787 0.0137281 0.055084 2
0 0.479756 0.82926 0.0139263 0.0611832 3
0 0.953438 0.84898 0.0224485 0.0429115 4
0 0.867616 0.762842 0.00790977 0.0419749 5
0 0.698036 0.795801 0.00904436 0.0435294 6
0 0.776327 0.778092 0.0080658 0.0491272 11
0 0.829639 0.834365 0.0174943 0.032746 12
0 0.518579 0.782161 0.0105557 0.0360914 13
0 0.789687 0.777135 0.0134923 0.0485085 15
0 0.854536 0.832338 0.0207582 0.033538 16
0 0.883487 0.979846 0.0449496 0.0389025 20
0 0.424015 0.909926 0.0210139 0.0496823 21
0 0.717677 0.830565 0.0154862 0.0323067 23
0 0.009783 0.746709 0.00961619 0.0173259 25
37 0.198767 0.915585 0.045819 0.0325768 34
0 0.816305 0.772957 0.0108807 0.0431133 61
0 0.842986 0.764129 0.00742092 0.0455719 102
0 0.97637 0.737486 0.0108627 0.0418574 17
0 0.848444 0.765401 0.00828161 0.0421771 10
0 0.354259 0.988814 0.0154117 0.0223612 146
0 0.765713 0.694849 0.00626941 0.0114738 149
0 0.945169 0.746294 0.0089735 0.0466477 7
0 0.676894 0.792822 0.00909085 0.0370189 116
0 0.908024 0.744277 0.0088522 0.0253999 170
0 0.391029 0.818306 0.017317 0.0572934 141
37 0.022121 0.938375 0.0442419 0.0293527 192
0 0.9567 0.74145 0.00812864 0.0298395 194
