0 0.452397 0.834179 0.0127327 0.06624 1
0 0.953574 0.850818 0.0218198 0.0408175 4
0 0.830813 0.834849 0.0176219 0.0330355 12
0 0.854766 0.829677 0.0168269 0.0341681 16
0 0.71844 0.83032 0.0140921 0.0313421 23
0 0.433886 0.914391 0.0243828 0.0362513 21
0 0.501066 0.824367 0.0116671 0.0570941 260
8 0.198588 0.915517 0.0445906 0.0314411 34
0 0.842349 0.766701 0.00842342 0.0455419 495
0 0.114595 0.982415 0.033453 0.0275611 538
0 0.567235 0.816198 0.0111753 0.0482869 6
0 0.939846 0.726285 0.00724134 0.0197625 821
0 0.796235 0.775875 0.00876169 0.0480509 953
0 0.47548 0.858189 0.0181684 0.0214494 3
0 0.745943 0.783501 0.00710587 0.0480553 1102
0 0.35496 0.989121 0.0151852 0.021758 1114
37 0.0221012 0.93789 0.0442024 0.0285467 1123
0 0.712677 0.788431 0.00887389 0.049082 1140
0 0.688955 0.792296 0.0130463 0.0524051 762
0 0.00557301 0.979484 0.0111192 0.0180885 1150
0 0.0148522 0.748547 0.010894 0.0164593 1151
0 0.654074 0.798178 0.0102837 0.0545668 1167
0 0.705719 0.791349 0.00865412 0.0456184 1033
0 0.314412 0.714267 0.00574403 0.0180814 1103
0 0.701641 0.792511 0.00810328 0.0447845 1265
0 0.890409 0.975449 0.0584094 0.0466672 1267
0 0.981379 0.740987 0.00860071 0.0371896 1233
0 0.0649562 0.735982 0.00902681 0.0247754 1279
0 0.973811 0.762823 0.0171889 0.0276006 649
0 0.290876 0.721877 0.00708361 0.0175919 1281
0 0.27175 0.723514 0.00728011 0.0156365 1283
0 0.691386 0.796468 0.0091815 0.0433345 572
