0 0.452611 0.83447 0.0125312 0.066492 1
0 0.831331 0.835005 0.0168516 0.0326524 12
0 0.853519 0.834177 0.0206621 0.0284239 16
0 0.718467 0.829375 0.014432 0.032963 23
0 0.843018 0.764177 0.00842457 0.0410272 495
0 0.114524 0.982875 0.0311913 0.0244659 538
0 0.797264 0.775044 0.0093864 0.0505075 953
0 0.474276 0.856818 0.0204415 0.0240671 3
0 0.736142 0.784549 0.00857162 0.049936 1102
0 0.563615 0.811381 0.00978265 0.0564476 762
0 0.522345 0.820271 0.0148051 0.0565238 1167
0 0.890902 0.976901 0.0599286 0.0440133 1267
37 0.198092 0.91601 0.0443191 0.0309778 34
0 0.728786 0.787002 0.00855465 0.0474656 1140
0 0.971689 0.762351 0.0136286 0.0272782 1353
0 0.904906 0.973008 0.0380838 0.0381927 1364
0 0.688808 0.79447 0.00997534 0.0468859 1391
0 0.636809 0.80432 0.00906448 0.0494369 1307
0 0.882919 0.984484 0.0439777 0.0291073 1411
0 0.956919 0.848467 0.0156618 0.0359972 4
37 0.0222405 0.938527 0.0444676 0.0298064 1123
0 0.702737 0.792197 0.010765 0.0485632 1465
0 0.554845 0.819671 0.00993519 0.0480677 6
0 0.391124 0.833692 0.017779 0.0878193 1324
0 0.977579 0.733249 0.007759 0.0278652 1490
0 0.65387 0.805987 0.00619192 0.0317223 1495
0 0.286504 0.90244 0.0197119 0.0789395 1503
0 0.948711 0.850306 0.0155964 0.0377202 1472
0 0.381213 0.845562 0.014005 0.067347 1431
0 0.928989 0.728532 0.00779514 0.0236898 1526
0 0.355181 0.989393 0.0148553 0.0211973 1531
0 0.926156 0.753728 0.00889254 0.0418287 1376
