0 0.452928 0.833406 0.0129396 0.0675434 1
0 0.480355 0.857671 0.0312418 0.023053 3
0 0.95358 0.849843 0.0221262 0.0424056 4
0 0.83067 0.834998 0.0174304 0.0329199 12
0 0.856334 0.831142 0.0143877 0.0339384 16
0 0.893861 0.975666 0.0667816 0.0469359 20
0 0.717575 0.830456 0.0126259 0.0309244 23
0 0.433234 0.914619 0.0253275 0.0375525 21
0 0.565211 0.811213 0.0134859 0.0474779 260
37 0.198115 0.91626 0.0444274 0.0314188 34
0 0.702897 0.794075 0.0094708 0.043495 277
0 0.906507 0.972284 0.0434385 0.0412846 367
0 0.843674 0.765852 0.00709133 0.0482621 495
0 0.755449 0.784456 0.00746226 0.0430783 11
0 0.115234 0.980913 0.0306741 0.0226112 538
0 0.736793 0.786023 0.00829148 0.046568 572
0 0.802228 0.774008 0.00785008 0.0488934 228
0 0.972023 0.763099 0.0135424 0.025653 649
0 0.796294 0.775269 0.00751185 0.0489491 417
37 0.0222104 0.93864 0.0443577 0.0284206 311
0 0.820105 0.770953 0.0120288 0.0504506 762
0 0.797319 0.696812 0.00506411 0.0159121 795
0 0.00452617 0.749355 0.00849999 0.0165656 523
0 0.853057 0.831571 0.021774 0.0343957 865
0 0.693096 0.795991 0.0124218 0.0430917 6
