0 0.453646 0.833665 0.0115843 0.0675074 1
0 0.132154 0.889847 0.0166043 0.0598444 2
0 0.480008 0.833017 0.0143672 0.0614334 3
0 0.953764 0.848668 0.0219114 0.0382757 4
0 0.699431 0.794355 0.00869584 0.0424522 6
0 0.766045 0.779759 0.0115845 0.0490353 11
0 0.830185 0.834627 0.0171451 0.0338622 12
0 0.85541 0.831365 0.0160931 0.0338767 16
0 0.896048 0.975712 0.0673331 0.0455127 20
0 0.718589 0.830466 0.0131192 0.0312013 23
37 0.198458 0.915608 0.0456983 0.03127 34
0 0.996432 0.733575 0.00672312 0.0464155 17
0 0.355268 0.988989 0.0138856 0.0220183 146
0 0.688685 0.796024 0.00974264 0.0424825 116
0 0.795656 0.777919 0.00957851 0.0442107 123
0 0.790912 0.775926 0.00728703 0.048428 15
0 0.117406 0.983569 0.034775 0.0266986 212
0 0.424381 0.894737 0.0146942 0.0821977 21
0 0.94886 0.746619 0.00895939 0.0458088 232
0 0.751275 0.782703 0.0103548 0.0479051 277
0 0.934992 0.728867 0.00525293 0.0187328 291
0 0.514297 0.808108 0.0106391 0.0396505 260
0 0.845788 0.766724 0.00908966 0.0442016 228
0 0.914056 0.754843 0.0100213 0.0473171 7
0 0.499965 0.779135 0.0074286 0.0216499 309
37 0.0220216 0.93871 0.0440432 0.0284199 311
0 0.788785 0.700436 0.00608602 0.0181224 245
0 0.477788 0.780815 0.00790687 0.0208364 316
0 0.981065 0.740562 0.0090826 0.0310984 300
0 0.326667 0.712984 0.00602195 0.0185999 320
0 0.862847 0.764603 0.00974007 0.0414812 327
