0 0.451945 0.833831 0.012289 0.0672587 1
0 0.953616 0.850064 0.0224093 0.0415267 4
0 0.830826 0.834723 0.0176985 0.0330361 12
0 0.855902 0.829378 0.0141377 0.0329328 16
0 0.718635 0.830236 0.0141244 0.031793 23
0 0.431504 0.914524 0.0283855 0.0364359 21
0 0.526044 0.819949 0.0109 0.0532032 260
8 0.197514 0.915368 0.0449773 0.0319857 34
0 0.84213 0.766061 0.00905333 0.045534 495
0 0.115574 0.982713 0.0352445 0.0273235 538
0 0.692145 0.793328 0.0105226 0.0500428 572
0 0.593692 0.813676 0.0119823 0.0498368 6
0 0.939355 0.726613 0.00759077 0.0176515 821
0 0.796809 0.774717 0.00761366 0.047792 953
0 0.974584 0.761798 0.0176868 0.0278221 649
0 0.67687 0.815142 0.0169582 0.0182508 971
0 0.475587 0.85434 0.0162973 0.0295943 3
0 0.746092 0.781061 0.00858498 0.0465844 1102
0 0.355371 0.989177 0.0139335 0.0216309 1114
37 0.022102 0.938468 0.0442001 0.0297455 1123
0 0.72727 0.788977 0.00865908 0.0442398 1140
0 0.719718 0.786786 0.0087678 0.0497872 762
0 0.00595321 0.979321 0.0118335 0.0178903 1150
0 0.00872772 0.745745 0.00883625 0.018875 1151
0 0.390734 0.775228 0.00624523 0.0142562 1152
0 0.69999 0.792302 0.00875797 0.0470425 277
