0 0.452476 0.833505 0.0129063 0.0676764 1
0 0.47953 0.858721 0.0345053 0.0210183 3
0 0.953516 0.849901 0.0222491 0.0421167 4
0 0.830639 0.834956 0.0175093 0.0329032 12
0 0.856356 0.830602 0.0139547 0.0332631 16
0 0.893817 0.975608 0.0668461 0.0467044 20
0 0.717837 0.830234 0.013663 0.0316949 23
0 0.432652 0.914479 0.0268718 0.0377795 21
0 0.56506 0.813544 0.0115574 0.0505764 260
37 0.198209 0.916215 0.0448543 0.0313118 34
0 0.702778 0.792977 0.00985575 0.0454116 277
0 0.906992 0.972405 0.0433241 0.0417786 367
0 0.843587 0.765934 0.00727406 0.0478217 495
0 0.753933 0.781472 0.00773439 0.049252 11
0 0.115124 0.981112 0.0312341 0.0229963 538
0 0.736523 0.786133 0.00794849 0.0458815 572
0 0.795824 0.775458 0.0105376 0.0502536 228
0 0.971944 0.763317 0.0132133 0.0251883 649
37 0.0220468 0.938599 0.0440936 0.0280554 311
0 0.813146 0.771807 0.0107985 0.0509925 762
0 0.00607462 0.74904 0.00785227 0.0176947 523
0 0.853835 0.831553 0.0203285 0.0343856 865
0 0.685651 0.795775 0.00933313 0.0415409 6
0 0.275658 0.729623 0.00586762 0.0173929 873
0 0.771027 0.779967 0.00848031 0.043212 683
0 0.287514 0.724376 0.00736561 0.017392 879
0 0.938782 0.727957 0.00647497 0.0212469 821
0 0.694079 0.794594 0.0091311 0.0423344 882
0 0.785649 0.784795 0.00623331 0.0308452 890
0 0.0638679 0.741136 0.00732451 0.0260197 733
